AC8,20170127,0,0,0,0,0
AC8,20170130,0,0,0,0,0
AC8,20170131,0,0,0,0,0
AC8,20170201,0,0,0,0,0
AC8,20170202,0,0,0,0,0
AC8,20170203,0.3,0.32,0.21,0.22,7222350
AC8,20170206,0.23,0.235,0.195,0.195,2989917
AC8,20170207,0.205,0.215,0.195,0.2,928074
AC8,20170208,0.21,0.21,0.2,0.205,560583
AC8,20170209,0.21,0.21,0.19,0.195,879616
AC8,20170210,0.195,0.21,0.195,0.21,618371
AC8,20170213,0.21,0.21,0.2,0.2,479828
AC8,20170214,0.21,0.21,0.2,0.205,274185
AC8,20170215,0.21,0.215,0.205,0.205,701374
AC8,20170216,0.21,0.215,0.205,0.21,1069007
AC8,20170217,0.22,0.22,0.21,0.215,584229
AC8,20170220,0.215,0.22,0.2,0.21,790270
AC8,20170221,0.205,0.215,0.205,0.205,480463
AC8,20170222,0.265,0.275,0.25,0.27,9624466
AC8,20170223,0.295,0.325,0.285,0.32,12432454
AC8,20170224,0.35,0.41,0.335,0.34,13862892
AC8,20170227,0.355,0.375,0.325,0.34,3829813
AC8,20170228,0.35,0.355,0.32,0.32,2523582
AC8,20170301,0.325,0.35,0.325,0.345,1046348
AC8,20170302,0.355,0.38,0.35,0.38,5175755
AC8,20170303,0.385,0.385,0.36,0.375,2751646
AC8,20170306,0.38,0.44,0.36,0.44,3819942
AC8,20170307,0.445,0.51,0.435,0.495,7872955
AC8,20170308,0.53,0.58,0.52,0.56,10317643
AC8,20170309,0.595,0.765,0.59,0.695,12749227
AC8,20170310,0.75,0.83,0.63,0.7,13310436
AC8,20170313,0.72,0.74,0.62,0.69,7055251
AC8,20170314,0.72,0.73,0.625,0.65,3922588
AC8,20170315,0.63,0.63,0.475,0.5,8691687
AC8,20170316,0.535,0.64,0.535,0.615,5855893
AC8,20170317,0.63,0.67,0.615,0.635,2348519
AC8,20170320,0.655,0.74,0.645,0.685,5370648
AC8,20170321,0.715,0.715,0.67,0.69,2606639
AC8,20170322,0.695,0.7,0.66,0.675,1562303
AC8,20170323,0.69,0.77,0.685,0.72,4950465
AC8,20170324,0.73,0.775,0.73,0.76,3079668
AC8,20170327,0.79,0.89,0.765,0.85,6369127
AC8,20170328,0.89,0.945,0.85,0.87,4987678
AC8,20170329,0.91,0.925,0.89,0.895,2268445
AC8,20170330,0.915,0.92,0.87,0.88,1441110
AC8,20170331,0.88,0.91,0.88,0.89,1383270
AC8,20170403,0.9,0.905,0.865,0.88,1262735
AC8,20170404,0.88,0.9,0.86,0.86,917812
AC8,20170405,0.865,0.865,0.76,0.795,2507272
AC8,20170406,0.795,0.8,0.71,0.715,2795435
AC8,20170407,0.72,0.775,0.715,0.775,2404268
AC8,20170410,0.795,0.84,0.795,0.805,1507423
AC8,20170411,0.815,0.84,0.77,0.77,1801353
AC8,20170412,0.77,0.8,0.77,0.77,914177
AC8,20170413,0.78,0.78,0.7,0.74,1260360
AC8,20170418,0.73,0.73,0.61,0.69,2761803
AC8,20170419,0.71,0.725,0.66,0.69,898333
AC8,20170420,0.68,0.685,0.66,0.67,508574
AC8,20170421,0.67,0.675,0.65,0.655,683771
AC8,20170424,0.65,0.67,0.645,0.645,667991
AC8,20170426,0.65,0.67,0.59,0.6,1794813
AC8,20170427,0.595,0.595,0.54,0.56,2407267
AC8,20170428,0.55,0.6,0.545,0.595,1640001
AC8,20170501,0.62,0.635,0.605,0.625,781037
AC8,20170502,0.63,0.65,0.565,0.57,1646125
AC8,20170503,0.575,0.59,0.555,0.565,645135
AC8,20170504,0.575,0.58,0.57,0.58,55302
AC8,20170505,0.69,0.725,0.65,0.68,5629026
AC8,20170508,0.7,0.72,0.65,0.65,1669933
AC8,20170509,0.66,0.68,0.65,0.65,634161
AC8,20170510,0.65,0.65,0.575,0.585,1327762
AC8,20170511,0.59,0.62,0.58,0.595,632468
AC8,20170512,0.6,0.6,0.58,0.585,375574
AC8,20170515,0.585,0.6,0.58,0.595,386529
AC8,20170516,0.6,0.6,0.58,0.58,528878
AC8,20170517,0.58,0.58,0.58,0.58,0
AC8,20170518,0.58,0.58,0.58,0.58,0
AC8,20170519,0.6,0.605,0.565,0.575,1121376
AC8,20170522,0.57,0.57,0.507,0.52,1541525
AC8,20170523,0.54,0.54,0.48,0.495,2393347
AC8,20170524,0.5,0.5,0.445,0.455,2625799
AC8,20170525,0.485,0.495,0.47,0.475,1397734
AC8,20170526,0.475,0.48,0.445,0.45,1482551
AC8,20170529,0.455,0.47,0.43,0.435,1758858
AC8,20170530,0.425,0.44,0.395,0.395,3351363
AC8,20170531,0.4,0.42,0.365,0.37,3226726
AC8,20170601,0.37,0.39,0.37,0.385,1616619
AC8,20170602,0.395,0.455,0.395,0.445,2870921
AC8,20170605,0.46,0.47,0.41,0.415,2313011
AC8,20170606,0.42,0.42,0.39,0.4,945321
AC8,20170607,0.405,0.41,0.395,0.4,637657
AC8,20170608,0.405,0.405,0.39,0.39,529180
AC8,20170609,0.395,0.42,0.375,0.375,2163104
AC8,20170613,0.38,0.38,0.335,0.345,3686604
AC8,20170614,0.36,0.38,0.345,0.355,1716709
AC8,20170615,0.355,0.365,0.34,0.35,862702
AC8,20170616,0.36,0.365,0.35,0.365,482487
AC8,20170619,0.37,0.39,0.37,0.385,935772
AC8,20170620,0.405,0.41,0.38,0.38,1313168
AC8,20170621,0.385,0.39,0.375,0.375,336250
AC8,20170622,0.38,0.385,0.37,0.385,413196
AC8,20170623,0.39,0.395,0.38,0.39,257779
AC8,20170626,0.39,0.4,0.36,0.36,1075637
AC8,20170627,0.37,0.38,0.365,0.38,428059
AC8,20170628,0.385,0.4,0.375,0.4,809060
AC8,20170629,0.41,0.45,0.41,0.445,1557304
AC8,20170630,0.445,0.445,0.425,0.425,1177023
AC8,20170703,0.445,0.45,0.435,0.435,469155
AC8,20170704,0.445,0.47,0.435,0.45,1410468
AC8,20170705,0.455,0.455,0.435,0.44,700749
AC8,20170706,0.45,0.45,0.435,0.445,340200
AC8,20170707,0.445,0.445,0.425,0.435,700594
AC8,20170710,0.43,0.435,0.41,0.425,422389
AC8,20170711,0.455,0.47,0.435,0.445,1618033
AC8,20170712,0.455,0.455,0.445,0.455,665074
AC8,20170713,0.455,0.465,0.455,0.465,579035
AC8,20170714,0.465,0.485,0.455,0.465,888792
AC8,20170717,0.465,0.47,0.45,0.46,415201
AC8,20170718,0.455,0.46,0.45,0.45,157859
AC8,20170719,0.45,0.46,0.45,0.45,192912
AC8,20170720,0.455,0.455,0.435,0.44,460207
AC8,20170721,0.44,0.44,0.42,0.425,439036
AC8,20170724,0.42,0.43,0.41,0.41,564286
AC8,20170725,0.41,0.43,0.41,0.42,330907
AC8,20170726,0.42,0.43,0.42,0.425,464320
AC8,20170727,0.43,0.43,0.415,0.42,214916
AC8,20170728,0.42,0.425,0.41,0.415,371646
AC8,20170731,0.42,0.42,0.405,0.41,257180
AC8,20170801,0.42,0.42,0.41,0.41,116361
AC8,20170802,0.415,0.44,0.415,0.435,1103280
AC8,20170803,0.445,0.445,0.42,0.43,315472
AC8,20170804,0.425,0.465,0.425,0.465,2084311
AC8,20170807,0.465,0.475,0.435,0.46,806627
AC8,20170808,0.46,0.46,0.46,0.46,0
AC8,20170809,0.51,0.595,0.495,0.595,8199695
AC8,20170810,0.6,0.61,0.545,0.55,4133616
AC8,20170811,0.55,0.55,0.51,0.52,1150218
AC8,20170815,0.585,0.64,0.585,0.595,3259094
AC8,20170816,0.605,0.615,0.565,0.585,1367350
AC8,20170817,0.59,0.6,0.575,0.585,548745
AC8,20170818,0.565,0.6,0.565,0.59,1363653
AC8,20170821,0.6,0.605,0.555,0.565,1085895
AC8,20170822,0.57,0.58,0.555,0.56,521379
AC8,20170823,0.56,0.57,0.525,0.54,766978
AC8,20170824,0.54,0.54,0.505,0.515,772743
AC8,20170825,0.515,0.57,0.515,0.57,1229921
AC8,20170828,0.57,0.57,0.55,0.565,543171
AC8,20170829,0.56,0.56,0.54,0.55,465167
AC8,20170830,0.545,0.545,0.525,0.525,479321
AC8,20170831,0.53,0.55,0.525,0.53,628897
AC8,20170901,0.53,0.535,0.525,0.525,244461
AC8,20170904,0.525,0.525,0.515,0.515,406695
AC8,20170905,0.53,0.53,0.51,0.53,375799
AC8,20170906,0.52,0.525,0.5,0.51,720216
AC8,20170907,0.505,0.515,0.5,0.5,462258
AC8,20170908,0.51,0.51,0.475,0.48,604790
AC8,20170911,0.495,0.495,0.47,0.47,897039
AC8,20170912,0.475,0.49,0.475,0.48,392334
AC8,20170913,0.485,0.525,0.485,0.515,604292
AC8,20170914,0.53,0.55,0.5,0.505,1002511
AC8,20170915,0.51,0.515,0.5,0.505,300375
AC8,20170918,0.51,0.525,0.5,0.505,742814
AC8,20170919,0.515,0.52,0.5,0.505,363472
AC8,20170920,0.515,0.515,0.5,0.5,226144
AC8,20170921,0.515,0.515,0.5,0.5,208128
AC8,20170922,0.505,0.51,0.495,0.495,304484
AC8,20170925,0.495,0.5,0.485,0.485,258650
AC8,20170926,0.485,0.49,0.47,0.48,473190
AC8,20170927,0.48,0.48,0.47,0.47,226701
AC8,20170928,0.465,0.47,0.455,0.455,494883
AC8,20170929,0.455,0.46,0.45,0.46,390887
AC8,20171002,0.46,0.465,0.45,0.45,355720
AC8,20171003,0.45,0.45,0.44,0.44,435221
AC8,20171004,0.445,0.45,0.445,0.445,125249
AC8,20171005,0.445,0.465,0.445,0.46,559348
AC8,20171006,0.47,0.485,0.455,0.455,993871
AC8,20171009,0.46,0.46,0.44,0.44,654650
AC8,20171010,0.445,0.45,0.43,0.44,746304
AC8,20171011,0.44,0.44,0.43,0.435,409721
AC8,20171012,0.44,0.44,0.41,0.415,1092391
AC8,20171013,0.415,0.435,0.41,0.41,620314
AC8,20171016,0.415,0.42,0.41,0.42,600301
AC8,20171017,0.43,0.43,0.42,0.42,291799
AC8,20171018,0.425,0.44,0.425,0.425,329811
AC8,20171019,0.43,0.435,0.415,0.425,829098
AC8,20171020,0.435,0.45,0.425,0.43,1350116
AC8,20171023,0.435,0.435,0.42,0.425,845069
AC8,20171024,0.425,0.43,0.42,0.43,352461
AC8,20171025,0.43,0.435,0.425,0.43,384019
AC8,20171026,0.425,0.43,0.405,0.405,969916
AC8,20171027,0.41,0.415,0.38,0.395,1744378
AC8,20171030,0.4,0.425,0.4,0.425,636961
AC8,20171031,0.45,0.54,0.45,0.525,5903363
AC8,20171101,0.53,0.53,0.485,0.505,1728929
AC8,20171102,0.505,0.515,0.48,0.485,832258
AC8,20171103,0.51,0.51,0.49,0.5,520594
AC8,20171106,0.52,0.565,0.515,0.56,2044275
AC8,20171107,0.57,0.625,0.57,0.595,2451878
AC8,20171108,0.6,0.66,0.6,0.645,3148375
AC8,20171109,0.665,0.78,0.645,0.775,5360862
AC8,20171110,0.665,0.78,0.645,0.775,5360862
AC8,20171113,0.725,0.8,0.725,0.8,3174705
AC8,20171114,0.835,0.84,0.73,0.74,2716684
AC8,20171115,0.73,0.795,0.695,0.795,3378554
AC8,20171116,0.785,0.785,0.73,0.76,1798034
AC8,20171117,0.77,0.795,0.75,0.785,1331884
AC8,20171120,0.77,0.785,0.74,0.74,1052712
AC8,20171121,0.74,0.74,0.74,0.74,0
AC8,20171122,0.88,0.945,0.85,0.875,5822689
AC8,20171123,0.89,0.895,0.82,0.83,1723670
AC8,20171124,0.845,0.865,0.83,0.835,1290681
AC8,20171127,0.84,0.855,0.77,0.775,2135920
AC8,20171128,0.785,0.81,0.77,0.78,1532321
AC8,20171129,0.795,0.825,0.79,0.81,1346918
AC8,20171130,0.81,0.82,0.785,0.79,754994
AC8,20171201,0.79,0.795,0.73,0.75,1289985
AC8,20171204,0.74,0.745,0.655,0.715,2264391
AC8,20171205,0.72,0.735,0.68,0.68,706906
AC8,20171206,0.68,0.68,0.68,0.68,0
AC8,20171207,0.82,0.85,0.75,0.765,2300594
AC8,20171208,0.78,0.795,0.75,0.76,1035403
AC8,20171211,0.76,0.775,0.73,0.735,659174
AC8,20171212,0.74,0.75,0.67,0.675,1449220
AC8,20171213,0.68,0.715,0.675,0.705,584735
AC8,20171214,0.7,0.7,0.67,0.7,951785
AC8,20171215,0.7,0.7,0.67,0.68,707676
AC8,20171218,0.685,0.69,0.66,0.68,506379
AC8,20171219,0.68,0.695,0.66,0.67,328029
AC8,20171220,0.665,0.67,0.64,0.64,733364
AC8,20171221,0.64,0.64,0.605,0.615,865257
AC8,20171222,0.62,0.675,0.62,0.66,701942
AC8,20171227,0.66,0.695,0.645,0.68,686529
AC8,20171228,0.74,0.77,0.725,0.77,1181859
AC8,20171229,0.82,0.82,0.775,0.8,1566659
AC8,20180102,0.79,0.81,0.785,0.805,1096284
AC8,20180103,0.845,0.87,0.815,0.82,1900935
AC8,20180104,0.885,1.26,0.885,1.26,12134905
AC8,20180105,1.5,1.85,1.41,1.59,15324944
AC8,20180108,1.8,1.86,1.71,1.74,8898612
AC8,20180109,1.835,1.86,1.755,1.85,4150659
AC8,20180110,1.85,1.855,1.555,1.62,5650969
AC8,20180111,1.62,1.62,1.435,1.545,4117771
AC8,20180112,1.53,1.7,1.53,1.66,3554384
AC8,20180115,1.755,1.83,1.745,1.8,3106948
AC8,20180116,1.815,1.815,1.705,1.765,1862573
AC8,20180117,1.815,1.83,1.767,1.83,2882758
AC8,20180118,1.82,1.82,1.71,1.71,2562441
AC8,20180119,1.7,1.705,1.58,1.6,3110153
AC8,20180122,1.75,1.765,1.615,1.625,2779612
AC8,20180123,1.64,1.655,1.605,1.64,1470144
AC8,20180124,1.645,1.685,1.645,1.67,943024
AC8,20180125,1.67,1.745,1.67,1.74,1090263
AC8,20180129,1.79,1.795,1.705,1.715,989478
AC8,20180130,1.7,1.71,1.66,1.66,729035
AC8,20180131,1.66,1.66,1.605,1.63,1274578
AC8,20180201,1.635,1.68,1.63,1.64,649089
AC8,20180202,1.61,1.61,1.57,1.575,889367
AC8,20180205,1.5,1.5,1.415,1.45,2120030
AC8,20180207,1.4,1.64,1.36,1.575,3709170
AC8,20180208,1.6,1.61,1.5,1.61,1340793
AC8,20180209,1.48,1.575,1.4,1.5,1501035
AC8,20180212,1.52,1.55,1.415,1.415,1956143
AC8,20180213,1.5,1.62,1.475,1.62,2041055
AC8,20180214,1.61,1.64,1.515,1.605,1052733
AC8,20180215,1.605,1.63,1.56,1.56,891858
AC8,20180216,1.57,1.585,1.53,1.55,444053
AC8,20180219,1.56,1.56,1.505,1.51,941643
AC8,20180220,1.52,1.545,1.495,1.515,385240
AC8,20180221,1.51,1.515,1.47,1.485,371434
AC8,20180222,1.485,1.485,1.45,1.46,537725
AC8,20180223,1.455,1.485,1.45,1.45,782595
AC8,20180226,1.47,1.545,1.46,1.535,654616
AC8,20180227,1.54,1.54,1.495,1.495,447652
AC8,20180228,1.49,1.49,1.46,1.47,311267
AC8,20180301,1.46,1.47,1.435,1.455,423249
AC8,20180302,1.575,1.66,1.525,1.575,3525170
AC8,20180305,1.6,1.61,1.55,1.595,918827
AC8,20180306,1.64,1.715,1.625,1.705,2885585
AC8,20180307,1.72,1.73,1.63,1.65,1444736
AC8,20180308,1.67,1.695,1.665,1.69,395395
AC8,20180309,1.68,1.69,1.635,1.655,357653
AC8,20180312,1.66,1.67,1.595,1.61,612543
AC8,20180313,1.6,1.65,1.575,1.645,413690
AC8,20180314,1.65,1.65,1.58,1.6,376160
AC8,20180315,1.6,1.62,1.57,1.59,592875
AC8,20180316,1.6,1.63,1.58,1.605,387629
AC8,20180319,1.635,1.645,1.605,1.61,341805
AC8,20180320,1.635,1.645,1.61,1.635,449789
AC8,20180321,1.64,1.725,1.64,1.71,2002456
AC8,20180322,1.7,1.71,1.645,1.69,436306
AC8,20180323,1.65,1.665,1.6,1.6,629334
AC8,20180326,1.6,1.615,1.565,1.57,544408
AC8,20180327,1.58,1.63,1.58,1.62,287224
AC8,20180328,1.62,1.645,1.58,1.605,276808
AC8,20180329,1.62,1.62,1.55,1.565,502089
AC8,20180403,1.555,1.59,1.555,1.56,431254
AC8,20180404,1.56,1.575,1.51,1.515,311975
AC8,20180405,1.485,1.515,1.42,1.5,713476
AC8,20180406,1.495,1.54,1.49,1.495,249308
AC8,20180409,1.5,1.52,1.48,1.48,234352
AC8,20180410,1.475,1.475,1.417,1.44,527986
AC8,20180411,1.445,1.48,1.445,1.45,395774
AC8,20180412,1.46,1.46,1.43,1.45,134613
AC8,20180413,1.455,1.47,1.405,1.41,434351
AC8,20180416,1.435,1.45,1.42,1.425,294508
AC8,20180417,1.45,1.5,1.44,1.48,441488
AC8,20180418,1.48,1.48,1.41,1.41,400938
AC8,20180419,1.435,1.445,1.41,1.415,275059
AC8,20180420,1.41,1.43,1.41,1.41,210249
AC8,20180423,1.43,1.475,1.42,1.45,380714
AC8,20180424,1.51,1.625,1.51,1.62,1799628
AC8,20180426,1.65,1.795,1.64,1.76,2526990
AC8,20180427,1.785,1.8,1.63,1.67,1405072
AC8,20180430,1.75,1.79,1.72,1.75,1396515
AC8,20180501,1.775,1.785,1.72,1.72,550029
AC8,20180502,1.73,1.775,1.73,1.77,463579
AC8,20180503,1.77,1.78,1.685,1.7,1114755
AC8,20180504,1.7,1.7,1.665,1.685,355552
AC8,20180507,1.69,1.7,1.665,1.67,387112
AC8,20180508,1.675,1.68,1.53,1.56,1487201
AC8,20180509,1.585,1.6,1.52,1.58,564431
AC8,20180510,1.6,1.63,1.535,1.54,514901
AC8,20180511,1.57,1.57,1.48,1.49,1017793
AC8,20180514,1.5,1.54,1.49,1.5,908383
AC8,20180515,1.515,1.53,1.48,1.48,583319
AC8,20180516,1.495,1.51,1.475,1.495,329846
AC8,20180517,1.495,1.505,1.485,1.5,211649
AC8,20180518,1.495,1.515,1.49,1.49,285349
AC8,20180521,1.505,1.515,1.49,1.5,422820
AC8,20180522,1.51,1.51,1.485,1.485,152949
AC8,20180523,1.5,1.51,1.47,1.47,456633
AC8,20180524,1.47,1.48,1.43,1.435,585262
AC8,20180525,1.45,1.495,1.435,1.495,233509
AC8,20180528,1.5,1.5,1.455,1.46,164187
AC8,20180529,1.465,1.48,1.43,1.435,272254
AC8,20180530,1.43,1.44,1.41,1.42,454031
AC8,20180531,1.415,1.45,1.41,1.415,358281
AC8,20180601,1.42,1.435,1.415,1.42,138587
AC8,20180604,1.435,1.48,1.435,1.465,248229
AC8,20180605,1.495,1.5,1.47,1.47,221388
AC8,20180606,1.48,1.48,1.415,1.43,348028
AC8,20180607,1.465,1.5,1.42,1.435,586024
AC8,20180608,1.44,1.46,1.4,1.4,821125
AC8,20180612,1.405,1.425,1.39,1.41,615357
AC8,20180613,1.41,1.425,1.37,1.375,300186
AC8,20180614,1.38,1.39,1.26,1.3,903899
AC8,20180615,1.3,1.37,1.275,1.37,542495
AC8,20180618,1.305,1.325,1.275,1.3,1044972
AC8,20180619,1.3,1.3,1.24,1.25,910137
AC8,20180620,1.24,1.24,1.06,1.08,2448569
AC8,20180621,1.1,1.265,1.095,1.255,1845250
AC8,20180622,1.27,1.275,1.18,1.255,1353192
AC8,20180625,1.27,1.345,1.27,1.34,1057955
AC8,20180626,1.32,1.34,1.27,1.28,538547
AC8,20180627,1.275,1.28,1.215,1.28,425726
AC8,20180628,1.265,1.265,1.22,1.23,321426
AC8,20180629,1.23,1.28,1.22,1.26,533982
AC8,20180702,1.285,1.295,1.265,1.28,703281
AC8,20180703,1.28,1.28,1.28,1.28,0
AC8,20180704,1.28,1.28,1.28,1.28,0
AC8,20180705,1.225,1.225,1.165,1.19,1406727
AC8,20180706,1.185,1.27,1.17,1.215,505624
AC8,20180710,1.19,1.19,1.14,1.155,636465
AC8,20180711,1.14,1.145,1.115,1.115,660809
AC8,20180712,1.115,1.12,1.08,1.085,978400
AC8,20180713,1.085,1.09,1.055,1.075,1080894
AC8,20180716,1.06,1.065,1.02,1.04,768593
AC8,20180717,1.025,1.03,0.995,1.01,967457
AC8,20180718,1,1.005,0.96,0.98,1278226
AC8,20180719,0.975,1.065,0.97,1.055,946994
AC8,20180720,1.05,1.075,1.035,1.06,595848
AC8,20180723,1.065,1.075,1,1.01,646393
AC8,20180724,1.01,1.035,1,1.03,209790
AC8,20180725,1.03,1.035,1.005,1.005,384309
AC8,20180726,1.005,1.01,0.995,0.995,522445
AC8,20180727,0.995,1.02,0.99,0.99,540646
AC8,20180730,1,1.01,0.99,1,564553
AC8,20180731,1.02,1.025,0.99,0.99,565075
AC8,20180801,1.02,1.02,0.995,1.005,299157
AC8,20180802,1.02,1.02,0.995,1,223573
AC8,20180803,1.01,1.01,0.99,0.99,321691
AC8,20180806,0.995,1,0.99,0.99,151285
AC8,20180807,1,1.005,0.99,0.995,150247
AC8,20180808,0.995,1,0.96,0.965,517240
AC8,20180809,0.965,0.98,0.96,0.965,264848
AC8,20180810,0.97,0.975,0.93,0.94,621432
AC8,20180813,0.94,0.94,0.83,0.855,1091366
AC8,20180814,0.855,0.88,0.825,0.865,878098
AC8,20180816,0.895,1.107,0.895,1.08,5382971
AC8,20180817,1.115,1.165,0.99,0.995,3683913
AC8,20180820,1.03,1.085,0.995,1.03,829095
AC8,20180821,1.05,1.08,1.04,1.045,1142296
AC8,20180822,1.055,1.06,1,1.035,768071
AC8,20180823,1.05,1.05,1,1.02,371232
AC8,20180824,1.02,1.03,0.97,0.995,445718
AC8,20180827,0.99,0.99,0.925,0.95,734361
AC8,20180828,0.97,1.02,0.97,1.015,615920
AC8,20180829,1.005,1.03,0.975,0.995,356052
AC8,20180830,0.99,1.015,0.985,1,381076
AC8,20180831,1.01,1.02,0.96,0.975,804976
AC8,20180903,0.975,0.995,0.97,0.975,178139
AC8,20180904,0.975,0.99,0.95,0.95,186185
AC8,20180905,0.965,0.98,0.93,0.945,599666
AC8,20180906,0.95,0.965,0.915,0.915,528722
AC8,20180907,0.91,0.93,0.89,0.9,412766
AC8,20180910,0.9,0.915,0.89,0.905,330430
AC8,20180913,1.125,1.16,1.015,1.03,2883306
AC8,20180914,1.05,1.07,1.03,1.06,546959
AC8,20180917,1.07,1.105,1.01,1.025,938373
AC8,20180918,1.005,1.04,0.99,1.02,679740
AC8,20180919,1.01,1.02,0.96,0.995,577977
AC8,20180920,0.99,0.99,0.96,0.96,430025
AC8,20180921,0.975,1.03,0.975,1,1315286
AC8,20180924,0.99,1,0.975,0.98,634530
AC8,20180925,0.99,1.01,0.985,0.99,321451
AC8,20180926,0.995,1.02,0.98,0.99,392852
AC8,20180927,0.985,1.025,0.98,0.995,454064
AC8,20180928,1.01,1.01,0.98,0.995,407806
AC8,20181001,1,1.025,0.98,0.985,766673
AC8,20181002,0.995,1,0.965,0.97,459784
AC8,20181003,0.975,0.99,0.97,0.99,239282
AC8,20181004,0.995,1,0.985,0.99,140329
AC8,20181005,0.99,1,0.98,1,224003
AC8,20181008,1,1,0.98,0.995,185577
AC8,20181009,0.995,0.995,0.935,0.935,665697
AC8,20181010,0.935,0.955,0.93,0.95,185358
AC8,20181011,0.95,0.95,0.88,0.895,708401
AC8,20181012,0.89,0.9,0.88,0.89,423643
AC8,20181015,0.905,0.935,0.87,0.875,674118
AC8,20181016,0.88,0.91,0.88,0.89,534370
AC8,20181017,0.9,0.925,0.875,0.875,758150
AC8,20181018,0.88,0.905,0.87,0.885,313709
AC8,20181019,0.88,0.895,0.875,0.88,178131
AC8,20181022,0.88,0.895,0.85,0.85,434203
AC8,20181023,0.84,0.84,0.805,0.81,627315
AC8,20181024,0.795,0.795,0.71,0.75,1496852
AC8,20181025,0.705,0.715,0.675,0.7,1390505
AC8,20181026,0.725,0.75,0.67,0.68,1155576
AC8,20181030,0.66,0.7,0.64,0.7,1191624
AC8,20181031,0.715,0.72,0.69,0.7,537190
AC8,20181101,0.71,0.78,0.71,0.78,692105
AC8,20181102,0.8,0.815,0.77,0.78,587939
AC8,20181105,0.805,0.825,0.795,0.805,549633
AC8,20181106,0.815,0.83,0.807,0.815,331820
AC8,20181107,0.82,0.82,0.8,0.805,184360
AC8,20181108,0.83,0.86,0.83,0.85,295832
AC8,20181109,0.84,0.85,0.82,0.825,289578
AC8,20181112,0.825,0.84,0.77,0.815,493028
AC8,20181113,0.83,0.85,0.795,0.8,461170
AC8,20181114,0.8,0.825,0.77,0.79,460061
AC8,20181115,0.79,0.79,0.77,0.77,119778
AC8,20181116,0.775,0.81,0.765,0.795,239306
AC8,20181119,0.8,0.8,0.75,0.76,387580
AC8,20181120,0.76,0.78,0.75,0.75,298018
AC8,20181121,0.72,0.725,0.69,0.705,618537
AC8,20181122,0.7,0.745,0.69,0.745,156624
AC8,20181123,0.73,0.75,0.725,0.75,76226
AC8,20181126,0.745,0.745,0.715,0.715,156486
AC8,20181127,0.745,0.75,0.725,0.725,99026
AC8,20181128,0.735,0.735,0.717,0.725,63702
AC8,20181129,0.725,0.74,0.7,0.705,182673
AC8,20181130,0.7,0.715,0.7,0.7,175196
AC8,20181203,0.705,0.72,0.69,0.705,234159
AC8,20181204,0.695,0.705,0.69,0.69,183790
AC8,20181205,0.68,0.69,0.66,0.66,416323
AC8,20181206,0.655,0.685,0.655,0.66,322426
AC8,20181207,0.65,0.685,0.64,0.665,782488
AC8,20181210,0.665,0.68,0.65,0.65,361022
AC8,20181211,0.65,0.665,0.64,0.645,242712
AC8,20181212,0.655,0.675,0.65,0.66,148603
AC8,20181213,0.66,0.665,0.635,0.635,200298
AC8,20181214,0.635,0.65,0.63,0.63,216311
AC8,20181217,0.615,0.625,0.605,0.605,244020
AC8,20181218,0.6,0.6,0.59,0.59,362134
AC8,20181219,0.595,0.6,0.55,0.56,518893
AC8,20181220,0.555,0.562,0.505,0.51,822965
AC8,20181221,0.49,0.51,0.46,0.485,1409424
AC8,20181224,0.475,0.52,0.46,0.515,422676
AC8,20181227,0.515,0.535,0.5,0.52,420980
AC8,20181228,0.53,0.54,0.51,0.53,189461
AC8,20181231,0.545,0.575,0.535,0.575,293164
AC8,20190102,0.585,0.64,0.58,0.63,813567
AC8,20190103,0.64,0.64,0.595,0.62,495060
AC8,20190104,0.63,0.64,0.605,0.615,283255
AC8,20190107,0.63,0.695,0.625,0.68,673292
AC8,20190108,0.695,0.77,0.695,0.77,969488
AC8,20190109,0.79,0.79,0.69,0.705,1246411
AC8,20190110,0.735,0.735,0.705,0.71,367773
AC8,20190111,0.735,0.77,0.72,0.765,556047
AC8,20190114,0.765,0.765,0.72,0.73,327506
AC8,20190115,0.735,0.75,0.735,0.745,335947
AC8,20190116,0.75,0.76,0.745,0.76,508061
AC8,20190117,0.76,0.76,0.745,0.75,494301
AC8,20190118,0.755,0.76,0.74,0.755,320144
AC8,20190121,0.755,0.76,0.69,0.705,1007933
AC8,20190122,0.71,0.725,0.67,0.67,615712
AC8,20190123,0.68,0.68,0.605,0.625,1452074
AC8,20190124,0.625,0.64,0.615,0.635,416279
AC8,20190125,0.64,0.68,0.64,0.655,531045
AC8,20190129,0.665,0.665,0.645,0.645,299376
AC8,20190130,0.645,0.66,0.63,0.645,273385
AC8,20190131,0.65,0.66,0.63,0.63,273564
AC8,20190201,0.64,0.64,0.61,0.61,301768
AC8,20190204,0.6,0.6,0.5,0.525,4749433
AC8,20190205,0.525,0.53,0.465,0.465,5809543
AC8,20190206,0.47,0.5,0.47,0.495,3353207
AC8,20190207,0.485,0.49,0.455,0.47,2597998
AC8,20190208,0.47,0.48,0.44,0.44,3903636
AC8,20190211,0.445,0.445,0.43,0.435,1524588
AC8,20190212,0.44,0.445,0.425,0.445,1225110
AC8,20190213,0.45,0.455,0.44,0.44,1248080
AC8,20190214,0.44,0.445,0.44,0.44,890326
AC8,20190215,0.44,0.445,0.43,0.44,921922
AC8,20190218,0.44,0.467,0.44,0.465,1129736
AC8,20190219,0.47,0.47,0.45,0.455,638618
AC8,20190220,0.455,0.47,0.45,0.45,833134
AC8,20190221,0.47,0.475,0.415,0.42,2585030
AC8,20190222,0.425,0.425,0.405,0.405,1951481
AC8,20190225,0.415,0.435,0.415,0.425,1653140
AC8,20190226,0.43,0.445,0.43,0.44,893904
AC8,20190227,0.44,0.445,0.435,0.435,704243
AC8,20190228,0.44,0.44,0.425,0.425,369323
AC8,20190301,0.43,0.435,0.41,0.415,1235851
AC8,20190304,0.415,0.42,0.405,0.405,1188883
AC8,20190305,0.4,0.405,0.375,0.39,3062541
AC8,20190306,0.39,0.405,0.385,0.4,1992239
AC8,20190307,0.415,0.435,0.4,0.4,2474353
AC8,20190308,0.41,0.41,0.38,0.38,2226451
AC8,20190311,0.385,0.39,0.375,0.38,1110972
AC8,20190312,0.385,0.39,0.37,0.38,1572586
AC8,20190313,0.38,0.385,0.36,0.36,1460880
AC8,20190314,0.37,0.37,0.36,0.36,570080
AC8,20190315,0.37,0.37,0.35,0.35,2183916
AC8,20190318,0.355,0.365,0.345,0.345,2235890
AC8,20190319,0.345,0.35,0.32,0.32,3522514
AC8,20190320,0.32,0.32,0.295,0.31,4920903
AC8,20190321,0.305,0.335,0.305,0.315,2844103
AC8,20190322,0.325,0.33,0.31,0.325,2038945
AC8,20190325,0.33,0.345,0.32,0.345,1557889
AC8,20190326,0.355,0.41,0.355,0.405,7470203
AC8,20190327,0.41,0.41,0.36,0.37,6990351
AC8,20190328,0.375,0.38,0.335,0.36,4192362
AC8,20190329,0.365,0.385,0.36,0.37,2971971
AC8,20190401,0.375,0.375,0.35,0.355,2499332
AC8,20190402,0.36,0.36,0.35,0.35,1035868
AC8,20190403,0.345,0.345,0.335,0.34,1128208
AC8,20190404,0.345,0.36,0.345,0.345,841387
AC8,20190405,0.355,0.385,0.355,0.385,2881926
AC8,20190408,0.395,0.43,0.39,0.42,3772015
AC8,20190409,0.42,0.425,0.4,0.415,1449092
AC8,20190410,0.41,0.415,0.4,0.4,936250
AC8,20190411,0.4,0.425,0.4,0.415,1027042
AC8,20190412,0.425,0.445,0.425,0.445,2724701
AC8,20190415,0.45,0.46,0.435,0.44,1747587
AC8,20190416,0.45,0.45,0.43,0.43,1041441
AC8,20190417,0.43,0.435,0.405,0.405,1318062
AC8,20190418,0.41,0.415,0.39,0.4,1010353
AC8,20190423,0.4,0.42,0.385,0.41,2025627
AC8,20190424,0.415,0.43,0.4,0.4,1349497
AC8,20190426,0.4,0.405,0.38,0.385,962415
AC8,20190429,0.385,0.39,0.35,0.365,2608049
AC8,20190430,0.365,0.38,0.365,0.37,549971
AC8,20190501,0.375,0.39,0.365,0.375,780889
AC8,20190502,0.38,0.38,0.365,0.37,617918
AC8,20190503,0.37,0.375,0.365,0.365,352035
AC8,20190506,0.37,0.37,0.36,0.36,652557
AC8,20190507,0.365,0.39,0.36,0.375,578544
AC8,20190508,0.38,0.385,0.375,0.38,632881
AC8,20190509,0.38,0.39,0.37,0.37,496480
AC8,20190510,0.38,0.38,0.365,0.365,431224
AC8,20190513,0.365,0.37,0.36,0.365,269915
AC8,20190514,0.365,0.365,0.36,0.36,457902
AC8,20190515,0.365,0.377,0.355,0.37,724748
AC8,20190516,0.38,0.395,0.375,0.39,980395
AC8,20190517,0.395,0.41,0.385,0.385,903017
AC8,20190520,0.385,0.39,0.37,0.37,647425
AC8,20190521,0.37,0.385,0.37,0.375,284295
AC8,20190522,0.385,0.395,0.38,0.385,414927
AC8,20190523,0.39,0.395,0.38,0.385,403041
AC8,20190524,0.385,0.395,0.38,0.38,650501
AC8,20190527,0.385,0.385,0.37,0.375,461803
AC8,20190528,0.375,0.38,0.36,0.375,704380
AC8,20190529,0.375,0.375,0.36,0.365,543110
AC8,20190530,0.36,0.365,0.36,0.36,417511
AC8,20190531,0.36,0.365,0.355,0.36,275420
AC8,20190603,0.36,0.37,0.35,0.35,1082412
AC8,20190604,0.36,0.36,0.34,0.34,721681
AC8,20190605,0.345,0.35,0.34,0.34,395782
AC8,20190606,0.34,0.345,0.33,0.33,552853
AC8,20190607,0.35,0.37,0.345,0.365,1448546
AC8,20190611,0.365,0.365,0.355,0.355,663834
AC8,20190612,0.35,0.39,0.35,0.39,1429984
AC8,20190613,0.385,0.385,0.37,0.375,731760
AC8,20190614,0.375,0.395,0.37,0.38,962505
AC8,20190617,0.38,0.385,0.367,0.37,776126
AC8,20190618,0.37,0.38,0.37,0.375,291281
AC8,20190619,0.375,0.375,0.36,0.36,412350
AC8,20190620,0.36,0.365,0.36,0.36,353155
AC8,20190621,0.365,0.365,0.355,0.36,626359
AC8,20190624,0.36,0.365,0.35,0.36,592981
AC8,20190625,0.36,0.36,0.34,0.34,843060
AC8,20190626,0.345,0.345,0.335,0.335,649150
AC8,20190627,0.335,0.35,0.335,0.345,686333
AC8,20190628,0.345,0.35,0.335,0.335,1503703
AC8,20190701,0.355,0.365,0.345,0.36,1218001
AC8,20190702,0.36,0.365,0.35,0.365,442961
AC8,20190703,0.36,0.365,0.355,0.355,316206
AC8,20190704,0.37,0.38,0.365,0.37,824411
AC8,20190705,0.37,0.38,0.37,0.37,608647
AC8,20190708,0.37,0.38,0.365,0.375,814423
AC8,20190709,0.38,0.385,0.37,0.375,408694
AC8,20190710,0.38,0.385,0.375,0.385,599662
AC8,20190711,0.385,0.415,0.385,0.415,1612901
AC8,20190712,0.405,0.41,0.39,0.405,1144466
AC8,20190715,0.405,0.405,0.38,0.385,962908
AC8,20190716,0.39,0.395,0.38,0.38,637899
AC8,20190717,0.38,0.385,0.38,0.38,367193
AC8,20190718,0.38,0.4,0.375,0.39,1113861
AC8,20190719,0.395,0.41,0.395,0.405,1265681
AC8,20190722,0.405,0.425,0.4,0.41,1694522
AC8,20190723,0.415,0.455,0.415,0.45,4370336
AC8,20190724,0.455,0.455,0.435,0.445,1463465
AC8,20190725,0.445,0.485,0.44,0.47,2317781
AC8,20190726,0.475,0.5,0.465,0.475,3046716
AC8,20190729,0.475,0.52,0.475,0.5,3636089
AC8,20190730,0.515,0.53,0.51,0.52,2004709
AC8,20190731,0.525,0.525,0.47,0.475,3255145
AC8,20190801,0.47,0.47,0.425,0.44,2339870
AC8,20190802,0.44,0.445,0.42,0.43,1325726
AC8,20190805,0.43,0.46,0.425,0.425,1734237
AC8,20190806,0.42,0.425,0.4,0.42,1614233
AC8,20190807,0.43,0.44,0.42,0.425,515265
AC8,20190808,0.435,0.445,0.43,0.435,613549
AC8,20190809,0.445,0.46,0.43,0.43,1034182
AC8,20190812,0.435,0.435,0.4,0.41,1353193
AC8,20190813,0.405,0.412,0.4,0.4,620881
AC8,20190814,0.405,0.41,0.39,0.395,522899
AC8,20190815,0.385,0.385,0.37,0.375,1486498
AC8,20190816,0.37,0.37,0.36,0.36,1017727
AC8,20190819,0.365,0.375,0.365,0.37,464456
AC8,20190820,0.375,0.4,0.375,0.395,699842
AC8,20190821,0.395,0.4,0.385,0.395,450293
AC8,20190822,0.4,0.4,0.38,0.38,832408
AC8,20190823,0.38,0.385,0.375,0.375,381099
AC8,20190826,0.37,0.37,0.355,0.365,875195
AC8,20190827,0.36,0.38,0.36,0.365,469426
AC8,20190828,0.37,0.38,0.365,0.37,447328
AC8,20190829,0.38,0.38,0.37,0.375,209807
AC8,20190830,0.385,0.4,0.385,0.385,779072
AC8,20190902,0.385,0.395,0.375,0.375,275578
AC8,20190903,0.375,0.377,0.365,0.365,397162
AC8,20190904,0.365,0.38,0.36,0.36,392947
AC8,20190905,0.365,0.375,0.36,0.36,338129
AC8,20190906,0.365,0.37,0.36,0.365,333967
AC8,20190909,0.37,0.39,0.365,0.38,374063
AC8,20190910,0.38,0.385,0.37,0.37,260323
AC8,20190911,0.37,0.385,0.365,0.37,496936
AC8,20190912,0.375,0.38,0.37,0.37,189940
AC8,20190913,0.37,0.375,0.365,0.365,203702
AC8,20190916,0.37,0.372,0.365,0.365,243858
AC8,20190917,0.365,0.38,0.365,0.375,560801
AC8,20190918,0.38,0.39,0.37,0.37,758155
AC8,20190919,0.37,0.37,0.365,0.365,334181
AC8,20190920,0.365,0.37,0.365,0.365,94408
AC8,20190923,0.37,0.37,0.36,0.365,430747
AC8,20190924,0.37,0.37,0.36,0.36,402794
AC8,20190925,0.36,0.362,0.35,0.35,732368
AC8,20190926,0.36,0.36,0.355,0.355,434108
AC8,20190927,0.355,0.36,0.35,0.355,324033
AC8,20190930,0.35,0.355,0.35,0.35,216993
AC8,20191001,0.355,0.355,0.34,0.34,2393003
AC8,20191002,0.34,0.345,0.33,0.335,814583
AC8,20191003,0.335,0.345,0.33,0.34,556911
AC8,20191004,0.34,0.34,0.33,0.34,283942
AC8,20191007,0.345,0.345,0.335,0.335,242005
AC8,20191008,0.335,0.34,0.33,0.33,387348
AC8,20191009,0.335,0.335,0.33,0.33,183452
AC8,20191010,0.335,0.335,0.33,0.33,262804
AC8,20191011,0.33,0.33,0.325,0.325,42699370
AC8,20191014,0.325,0.33,0.31,0.31,1477382
AC8,20191015,0.31,0.31,0.265,0.27,3113579
AC8,20191016,0.27,0.28,0.27,0.275,1920915
AC8,20191017,0.275,0.275,0.265,0.27,1443719
AC8,20191018,0.275,0.275,0.265,0.27,1691707
AC8,20191021,0.275,0.275,0.27,0.27,1056377
AC8,20191022,0.27,0.275,0.27,0.27,727038
AC8,20191023,0.27,0.275,0.265,0.27,1173476
AC8,20191024,0.275,0.275,0.27,0.275,205844
AC8,20191025,0.275,0.28,0.27,0.275,501187
AC8,20191028,0.275,0.28,0.27,0.27,170711
AC8,20191029,0.275,0.28,0.27,0.28,431990
AC8,20191030,0.275,0.275,0.265,0.265,385166
AC8,20191031,0.27,0.275,0.265,0.275,718247
AC8,20191101,0.275,0.275,0.27,0.275,592432
AC8,20191104,0.27,0.29,0.27,0.285,1006132
AC8,20191105,0.29,0.29,0.275,0.28,230822
AC8,20191106,0.285,0.285,0.275,0.285,208259
AC8,20191107,0.275,0.275,0.27,0.27,699071
AC8,20191108,0.27,0.275,0.265,0.275,616381
AC8,20191111,0.275,0.275,0.27,0.275,642751
AC8,20191112,0.275,0.275,0.27,0.27,300489
AC8,20191113,0.27,0.27,0.265,0.265,264505
AC8,20191114,0.265,0.27,0.265,0.27,426406
AC8,20191115,0.27,0.27,0.26,0.265,357218
AC8,20191118,0.265,0.265,0.25,0.25,739533
AC8,20191119,0.25,0.25,0.22,0.225,1200043
AC8,20191120,0.225,0.24,0.225,0.23,1078542
AC8,20191121,0.23,0.24,0.225,0.225,325733
AC8,20191122,0.225,0.235,0.22,0.22,694257
AC8,20191125,0.23,0.23,0.22,0.225,525744
AC8,20191126,0.22,0.225,0.22,0.22,389644
AC8,20191127,0.22,0.22,0.2,0.205,671842
AC8,20191128,0.21,0.21,0.195,0.195,693353
AC8,20191129,0.2,0.205,0.195,0.2,317066
AC8,20191202,0.2,0.205,0.2,0.2,186924
AC8,20191203,0.2,0.2,0.195,0.2,320752
AC8,20191204,0.195,0.2,0.19,0.195,564418
AC8,20191205,0.195,0.2,0.185,0.19,193506
AC8,20191206,0.195,0.195,0.185,0.19,293439
AC8,20191209,0.19,0.195,0.187,0.19,799631
AC8,20191210,0.19,0.19,0.18,0.18,416235
AC8,20191211,0.18,0.185,0.17,0.17,579985
AC8,20191212,0.17,0.18,0.17,0.175,352991
AC8,20191213,0.175,0.185,0.175,0.185,429138
AC8,20191216,0.18,0.195,0.175,0.175,1792448
AC8,20191217,0.18,0.19,0.175,0.18,399423
AC8,20191218,0.18,0.33,0.18,0.27,8726770
AC8,20191219,0.265,0.285,0.235,0.235,2550566
AC8,20191220,0.235,0.26,0.23,0.23,1296879
AC8,20191223,0.24,0.24,0.22,0.22,304294
AC8,20191224,0.22,0.23,0.22,0.225,157384
AC8,20191227,0.225,0.24,0.225,0.235,335254
AC8,20191230,0.24,0.287,0.235,0.28,2370667
AC8,20191231,0.28,0.285,0.26,0.27,1218037
AC8,20200102,0.275,0.3,0.27,0.3,1398097
AC8,20200103,0.305,0.32,0.285,0.3,1761576
AC8,20200106,0.305,0.325,0.295,0.3,2241459
AC8,20200107,0.305,0.305,0.285,0.29,1260572
AC8,20200108,0.29,0.295,0.267,0.27,1131935
AC8,20200109,0.275,0.295,0.275,0.295,602731
AC8,20200113,0.315,0.32,0.305,0.32,637999
AC8,20200114,0.33,0.36,0.325,0.36,2374438
AC8,20200115,0.37,0.385,0.335,0.345,3128611
AC8,20200116,0.35,0.37,0.345,0.355,972077
AC8,20200117,0.355,0.365,0.35,0.355,909474
AC8,20200120,0.355,0.385,0.355,0.36,1883181
AC8,20200121,0.365,0.38,0.345,0.35,1136050
AC8,20200122,0.35,0.35,0.32,0.34,1148783
AC8,20200123,0.335,0.34,0.305,0.315,1465787
AC8,20200124,0.315,0.32,0.295,0.3,1133083
AC8,20200128,0.29,0.29,0.275,0.28,1019083
AC8,20200129,0.29,0.345,0.285,0.335,2429982
AC8,20200130,0.335,0.34,0.29,0.3,1924367
AC8,20200203,0.295,0.295,0.28,0.285,469193
AC8,20200204,0.29,0.31,0.29,0.305,756237
AC8,20200205,0.31,0.31,0.29,0.295,405347
AC8,20200210,0.29,0.29,0.28,0.28,131231
AC8,20200211,0.29,0.29,0.27,0.27,565483
AC8,20200212,0.275,0.28,0.26,0.28,395059
AC8,20200213,0.28,0.28,0.27,0.28,228248
AC8,20200214,0.28,0.29,0.265,0.265,584780
AC8,20200217,0.27,0.272,0.265,0.27,123284
AC8,20200218,0.3,0.335,0.295,0.3,1623787
AC8,20200219,0.3,0.31,0.295,0.3,519974
AC8,20200220,0.3,0.3,0.28,0.28,309514
AC8,20200221,0.28,0.29,0.275,0.28,941474
AC8,20200224,0.28,0.295,0.275,0.28,889834
AC8,20200225,0.27,0.27,0.26,0.27,1055946
AC8,20200226,0.26,0.27,0.255,0.26,648478
AC8,20200227,0.26,0.26,0.255,0.255,342980
AC8,20200228,0.24,0.25,0.205,0.22,2654757
AC8,20200302,0.215,0.22,0.2,0.21,947530
AC8,20200303,0.23,0.27,0.23,0.23,1714639
AC8,20200304,0.24,0.24,0.215,0.23,785609
AC8,20200305,0.23,0.255,0.23,0.24,529642
AC8,20200306,0.24,0.24,0.23,0.24,216945
AC8,20200309,0.24,0.245,0.195,0.212,1923541
AC8,20200310,0.195,0.215,0.18,0.21,1870057
AC8,20200311,0.225,0.23,0.2,0.2,1078451
AC8,20200312,0.19,0.2,0.18,0.18,1455288
AC8,20200313,0.17,0.185,0.155,0.175,3396854
AC8,20200316,0.18,0.18,0.16,0.165,1102507
AC8,20200317,0.165,0.17,0.16,0.165,950998
AC8,20200318,0.17,0.18,0.165,0.18,953500
AC8,20200319,0.18,0.19,0.165,0.18,391486
AC8,20200320,0.18,0.19,0.165,0.17,195725
AC8,20200323,0.17,0.17,0.15,0.15,1020000
AC8,20200324,0.155,0.17,0.14,0.14,675823
AC8,20200325,0.155,0.16,0.145,0.152,778036
AC8,20200326,0.155,0.16,0.15,0.155,754057
AC8,20200327,0.16,0.18,0.155,0.16,687284
AC8,20200330,0.16,0.16,0.155,0.16,261224
AC8,20200331,0.17,0.215,0.17,0.19,4783036
AC8,20200401,0.19,0.195,0.18,0.185,1192326
AC8,20200402,0.185,0.195,0.185,0.195,614280
AC8,20200403,0.205,0.21,0.19,0.19,1352927
AC8,20200406,0.2,0.2,0.19,0.195,250390
AC8,20200407,0.2,0.205,0.195,0.2,1235442
AC8,20200408,0.2,0.2,0.19,0.19,477501
AC8,20200409,0.2,0.205,0.195,0.195,494778
AC8,20200414,0.2,0.2,0.19,0.2,645397
AC8,20200415,0.2,0.205,0.19,0.2,2072362
AC8,20200416,0.195,0.195,0.185,0.187,821925
AC8,20200417,0.19,0.19,0.18,0.18,788398
AC8,20200420,0.18,0.2,0.18,0.2,1201263
AC8,20200421,0.2,0.2,0.19,0.2,639217
AC8,20200422,0.195,0.195,0.19,0.19,682431
AC8,20200423,0.195,0.195,0.185,0.19,431933
AC8,20200424,0.19,0.195,0.185,0.19,135242
AC8,20200427,0.195,0.195,0.19,0.19,241563
AC8,20200428,0.2,0.22,0.195,0.195,2627316
AC8,20200429,0.2,0.2,0.195,0.195,399788
AC8,20200430,0.195,0.2,0.19,0.19,504604
AC8,20200501,0.195,0.2,0.18,0.18,679014
AC8,20200504,0.18,0.185,0.18,0.185,171709
AC8,20200505,0.19,0.19,0.18,0.185,224025
AC8,20200506,0.185,0.185,0.18,0.18,330997
AC8,20200507,0.175,0.18,0.17,0.175,1951441
AC8,20200508,0.17,0.175,0.17,0.17,1800838
AC8,20200511,0.17,0.175,0.165,0.17,995183
AC8,20200512,0.17,0.175,0.17,0.17,509357
AC8,20200513,0.175,0.175,0.165,0.17,394554
AC8,20200514,0.17,0.17,0.165,0.165,280230
AC8,20200515,0.17,0.175,0.17,0.17,244893
AC8,20200518,0.185,0.185,0.175,0.175,729845
AC8,20200519,0.185,0.185,0.18,0.18,218190
AC8,20200520,0.185,0.185,0.175,0.18,186590
AC8,20200521,0.18,0.19,0.18,0.18,570650
AC8,20200522,0.185,0.195,0.18,0.18,746060
AC8,20200525,0.18,0.18,0.175,0.175,343907
AC8,20200526,0.18,0.18,0.17,0.17,2471349
AC8,20200527,0.17,0.177,0.165,0.165,1000182
AC8,20200528,0.17,0.175,0.17,0.175,1013897
AC8,20200529,0.175,0.175,0.17,0.175,611249
AC8,20200601,0.175,0.175,0.17,0.175,312578
AC8,20200602,0.175,0.18,0.17,0.17,388333
AC8,20200603,0.17,0.175,0.165,0.175,878161
AC8,20200604,0.175,0.175,0.17,0.17,226800
AC8,20200605,0.17,0.175,0.17,0.17,467472
AC8,20200609,0.175,0.175,0.17,0.17,535470
AC8,20200610,0.17,0.17,0.165,0.165,367395
AC8,20200611,0.165,0.17,0.165,0.17,365026
AC8,20200612,0.165,0.165,0.16,0.16,1289409
AC8,20200615,0.165,0.165,0.16,0.16,311985
AC8,20200616,0.16,0.16,0.155,0.16,1392253
AC8,20200617,0.16,0.17,0.16,0.17,1210030
AC8,20200618,0.165,0.17,0.16,0.165,306862
AC8,20200619,0.165,0.17,0.16,0.165,228503
AC8,20200622,0.165,0.165,0.16,0.16,176902
AC8,20200623,0.16,0.165,0.155,0.155,743768
AC8,20200624,0.16,0.16,0.155,0.16,448444
AC8,20200625,0.155,0.16,0.15,0.15,506964
AC8,20200626,0.15,0.155,0.15,0.15,812559
AC8,20200629,0.15,0.155,0.145,0.145,917711
AC8,20200630,0.145,0.15,0.135,0.135,1504430
AC8,20200701,0.14,0.145,0.135,0.145,205057
AC8,20200702,0.145,0.16,0.145,0.155,795943
AC8,20200703,0.155,0.16,0.155,0.155,179629
AC8,20200706,0.16,0.16,0.15,0.15,416106
AC8,20200707,0.155,0.155,0.145,0.15,158105
AC8,20200708,0.15,0.155,0.145,0.15,151485
AC8,20200709,0.155,0.155,0.145,0.145,191207
AC8,20200710,0.15,0.155,0.145,0.145,351135
AC8,20200713,0.15,0.15,0.145,0.15,238098
AC8,20200714,0.15,0.15,0.145,0.145,190561
AC8,20200715,0.15,0.15,0.145,0.145,318756
AC8,20200716,0.145,0.15,0.145,0.15,227233
AC8,20200717,0.15,0.15,0.15,0.15,60407
AC8,20200720,0.15,0.15,0.145,0.145,1209576
AC8,20200721,0.15,0.15,0.145,0.145,695040
AC8,20200722,0.145,0.15,0.145,0.15,214080
AC8,20200723,0.15,0.15,0.14,0.145,662642
AC8,20200724,0.145,0.15,0.14,0.14,504718
AC8,20200727,0.145,0.15,0.14,0.145,278644
AC8,20200728,0.145,0.15,0.14,0.145,410423
AC8,20200729,0.145,0.155,0.145,0.15,997077
AC8,20200730,0.155,0.155,0.15,0.15,290893
AC8,20200731,0.155,0.155,0.145,0.15,615675
AC8,20200803,0.15,0.15,0.145,0.145,440551
AC8,20200804,0.15,0.15,0.145,0.145,255401
AC8,20200805,0.15,0.155,0.15,0.155,489521
AC8,20200806,0.155,0.165,0.15,0.15,1480068
AC8,20200807,0.15,0.155,0.15,0.155,278598
AC8,20200810,0.155,0.16,0.15,0.155,514658
AC8,20200811,0.16,0.165,0.15,0.15,1480355
AC8,20200812,0.15,0.155,0.15,0.15,393142
AC8,20200813,0.155,0.155,0.15,0.15,340249
AC8,20200814,0.155,0.155,0.15,0.15,383714
AC8,20200817,0.15,0.155,0.15,0.152,281320
AC8,20200818,0.155,0.155,0.15,0.15,687225
AC8,20200819,0.15,0.155,0.145,0.145,850351
AC8,20200820,0.15,0.155,0.145,0.15,360117
AC8,20200821,0.155,0.155,0.145,0.15,372373
AC8,20200824,0.15,0.15,0.145,0.15,159523
AC8,20200825,0.15,0.15,0.145,0.15,186987
AC8,20200826,0.145,0.145,0.14,0.145,323712
AC8,20200827,0.145,0.15,0.14,0.15,863809
AC8,20200828,0.15,0.155,0.145,0.15,367085
AC8,20200831,0.155,0.155,0.145,0.145,265582
AC8,20200901,0.145,0.15,0.145,0.15,220596
AC8,20200902,0.15,0.15,0.145,0.145,505099
AC8,20200903,0.145,0.15,0.145,0.145,354420
AC8,20200904,0.145,0.15,0.145,0.145,290953
AC8,20200907,0.145,0.145,0.14,0.14,371452
AC8,20200908,0.145,0.15,0.14,0.15,496615
AC8,20200909,0.145,0.155,0.145,0.145,770215
AC8,20200910,0.155,0.175,0.155,0.165,3581883
AC8,20200911,0.175,0.175,0.16,0.16,765165
AC8,20200914,0.17,0.18,0.165,0.165,2432733
AC8,20200915,0.175,0.175,0.165,0.165,757097
AC8,20200916,0.17,0.17,0.165,0.17,275671
AC8,20200917,0.17,0.17,0.155,0.16,1742808
AC8,20200918,0.16,0.16,0.15,0.15,1881473
AC8,20200921,0.15,0.155,0.15,0.15,254543
AC8,20200922,0.155,0.155,0.15,0.15,222948
AC8,20200923,0.155,0.155,0.15,0.155,121535
AC8,20200924,0.155,0.155,0.15,0.15,265302
AC8,20200925,0.15,0.155,0.15,0.15,99988
AC8,20200928,0.155,0.155,0.15,0.15,223422
AC8,20200929,0.15,0.155,0.15,0.15,613847
AC8,20200930,0.155,0.155,0.15,0.15,402020
AC8,20201001,0.155,0.155,0.15,0.15,277303
AC8,20201002,0.15,0.15,0.145,0.145,649707
AC8,20201005,0.145,0.147,0.145,0.145,46548
AC8,20201006,0.15,0.15,0.145,0.147,45234
AC8,20201007,0.15,0.15,0.145,0.15,106221
AC8,20201008,0.15,0.15,0.145,0.145,154832
AC8,20201009,0.15,0.15,0.145,0.15,764523
AC8,20201012,0.15,0.155,0.145,0.145,853199
AC8,20201013,0.145,0.15,0.145,0.15,458567
AC8,20201014,0.145,0.15,0.145,0.145,164489
AC8,20201015,0.145,0.15,0.145,0.145,140595
AC8,20201016,0.145,0.15,0.14,0.14,1363518
AC8,20201019,0.14,0.145,0.14,0.145,259902
AC8,20201020,0.14,0.145,0.14,0.14,438011
AC8,20201021,0.14,0.145,0.14,0.14,478895
AC8,20201022,0.14,0.145,0.14,0.14,776065
AC8,20201023,0.14,0.145,0.14,0.14,296393
AC8,20201026,0.14,0.145,0.14,0.14,106487
AC8,20201027,0.145,0.145,0.135,0.135,550906
AC8,20201028,0.14,0.145,0.135,0.14,164039
AC8,20201029,0.145,0.145,0.135,0.135,413420
AC8,20201030,0.145,0.145,0.135,0.135,527154
AC8,20201102,0.14,0.14,0.135,0.135,105777
AC8,20201103,0.135,0.14,0.135,0.135,77948
AC8,20201104,0.14,0.14,0.135,0.135,152641
AC8,20201105,0.135,0.14,0.135,0.135,414590
AC8,20201106,0.14,0.14,0.135,0.14,279398
AC8,20201109,0.145,0.145,0.14,0.14,610837
AC8,20201110,0.145,0.15,0.135,0.135,1696487
AC8,20201111,0.14,0.14,0.137,0.14,255199
AC8,20201112,0.145,0.145,0.135,0.14,305940
AC8,20201113,0.14,0.14,0.14,0.14,0
AC8,20201116,0.14,0.14,0.14,0.14,0
AC8,20201117,0.145,0.145,0.135,0.135,3129390
AC8,20201118,0.135,0.135,0.13,0.13,1152308
AC8,20201120,0.13,0.135,0.125,0.13,386127
AC8,20201123,0.13,0.135,0.125,0.13,888740
AC8,20201124,0.13,0.135,0.13,0.135,759846
AC8,20201125,0.135,0.145,0.135,0.14,4148340
AC8,20201126,0.14,0.14,0.135,0.14,1164271
AC8,20201127,0.14,0.14,0.13,0.13,840303
AC8,20201130,0.135,0.135,0.132,0.135,1068423
AC8,20201201,0.135,0.14,0.135,0.135,938476
AC8,20201202,0.14,0.14,0.13,0.135,878680
AC8,20201203,0.135,0.175,0.13,0.17,8155544
AC8,20201204,0.185,0.185,0.155,0.155,11712220
AC8,20201207,0.17,0.245,0.17,0.245,16632432
AC8,20201208,0.245,0.3,0.225,0.24,21380492
AC8,20201209,0.25,0.27,0.225,0.23,12530502
AC8,20201210,0.22,0.23,0.21,0.21,4084701
AC8,20201211,0.21,0.225,0.21,0.215,1312545
AC8,20201214,0.22,0.225,0.205,0.21,1965572
AC8,20201215,0.21,0.21,0.185,0.19,3233901
AC8,20201216,0.195,0.205,0.19,0.195,2294026
AC8,20201217,0.2,0.2,0.185,0.19,1937513
AC8,20201218,0.19,0.19,0.17,0.175,1668674
AC8,20201221,0.165,0.175,0.165,0.165,833702
AC8,20201222,0.17,0.205,0.17,0.18,2587924
AC8,20201224,0.18,0.18,0.18,0.18,0
AC8,20201229,0.185,0.2,0.185,0.195,1070355
AC8,20201230,0.195,0.2,0.19,0.195,371925
AC8,20201231,0.2,0.2,0.192,0.195,248688
AC8,20210104,0.195,0.205,0.195,0.195,1513003
AC8,20210105,0.2,0.205,0.195,0.2,1157533
AC8,20210106,0.2,0.205,0.185,0.2,1162953
AC8,20210107,0.2,0.22,0.2,0.21,5328474
AC8,20210108,0.235,0.24,0.195,0.195,5758088
AC8,20210111,0.2,0.21,0.195,0.195,1624312
AC8,20210112,0.2,0.21,0.195,0.195,1572982
AC8,20210113,0.195,0.195,0.185,0.19,1200683
AC8,20210114,0.19,0.2,0.19,0.195,936343
AC8,20210115,0.205,0.205,0.19,0.19,1101368
AC8,20210118,0.195,0.195,0.185,0.185,803556
AC8,20210119,0.19,0.19,0.185,0.185,1250912
AC8,20210120,0.185,0.19,0.18,0.185,657873
AC8,20210121,0.19,0.195,0.185,0.19,831730
AC8,20210122,0.19,0.19,0.185,0.185,502129
AC8,20210125,0.185,0.19,0.18,0.18,745829
AC8,20210127,0.19,0.19,0.18,0.18,671137
AC8,20210128,0.185,0.185,0.165,0.17,3203969
AC8,20210129,0.175,0.18,0.17,0.17,1107547
AC8,20210201,0.18,0.185,0.17,0.18,1312146
AC8,20210203,0.18,0.185,0.175,0.18,803700
AC8,20210204,0.185,0.195,0.185,0.185,1852858
AC8,20210205,0.19,0.19,0.18,0.18,1305029
AC8,20210208,0.18,0.18,0.175,0.175,514122
AC8,20210209,0.18,0.185,0.175,0.18,2500025
AC8,20210210,0.185,0.205,0.175,0.2,16588450
AC8,20210211,0.205,0.212,0.185,0.185,9958606
AC8,20210212,0.175,0.185,0.175,0.175,3128503
AC8,20210215,0.185,0.19,0.18,0.18,1758845
AC8,20210216,0.185,0.19,0.18,0.185,1186488
AC8,20210217,0.19,0.19,0.18,0.18,1252769
AC8,20210218,0.18,0.18,0.175,0.175,782609
AC8,20210219,0.18,0.18,0.17,0.17,1663547
AC8,20210222,0.17,0.18,0.17,0.18,1061165
AC8,20210223,0.18,0.18,0.17,0.175,776243
AC8,20210224,0.175,0.175,0.17,0.17,839226
AC8,20210225,0.175,0.175,0.165,0.165,2800021
AC8,20210226,0.16,0.165,0.16,0.16,1589390
AC8,20210301,0.165,0.165,0.15,0.15,1377409
AC8,20210302,0.155,0.16,0.155,0.155,928538
AC8,20210303,0.16,0.16,0.15,0.155,595431
AC8,20210304,0.155,0.155,0.15,0.15,1230589
AC8,20210305,0.15,0.155,0.145,0.155,895683
AC8,20210308,0.155,0.16,0.15,0.15,276855
AC8,20210309,0.15,0.155,0.15,0.15,661702
AC8,20210310,0.15,0.155,0.145,0.145,1015887
AC8,20210311,0.15,0.155,0.145,0.145,1015887
AC8,20210312,0.15,0.15,0.145,0.15,361125
AC8,20210315,0.155,0.16,0.15,0.155,772684
AC8,20210316,0.16,0.16,0.155,0.155,601101
AC8,20210317,0.16,0.16,0.155,0.155,459780
AC8,20210318,0.145,0.15,0.145,0.145,2973792
AC8,20210319,0.15,0.15,0.14,0.15,1724397
AC8,20210322,0.15,0.15,0.145,0.145,602304
AC8,20210323,0.145,0.15,0.14,0.15,936684
AC8,20210324,0.145,0.15,0.14,0.14,345766
AC8,20210325,0.14,0.145,0.14,0.14,549166
AC8,20210329,0.145,0.147,0.14,0.14,400352
AC8,20210330,0.145,0.145,0.14,0.14,639668
AC8,20210331,0.14,0.142,0.14,0.14,1085573
AC8,20210401,0.14,0.145,0.14,0.14,559875
AC8,20210406,0.145,0.145,0.14,0.14,809870
AC8,20210407,0.14,0.145,0.14,0.14,922450
AC8,20210408,0.14,0.14,0.135,0.135,424034
AC8,20210409,0.14,0.14,0.135,0.135,280644
AC8,20210412,0.14,0.14,0.135,0.135,430169
AC8,20210413,0.135,0.14,0.135,0.135,496498
AC8,20210414,0.14,0.14,0.135,0.14,679554
AC8,20210415,0.135,0.14,0.135,0.14,312470
AC8,20210416,0.14,0.14,0.13,0.13,843032
AC8,20210419,0.135,0.137,0.132,0.135,772529
AC8,20210420,0.135,0.135,0.13,0.135,480650
AC8,20210421,0.13,0.135,0.13,0.13,531655
AC8,20210422,0.13,0.132,0.13,0.13,319341
AC8,20210423,0.13,0.135,0.13,0.135,660434
AC8,20210426,0.13,0.135,0.13,0.13,288086
AC8,20210427,0.13,0.135,0.13,0.135,373266
AC8,20210428,0.135,0.135,0.13,0.13,537551
AC8,20210429,0.13,0.132,0.13,0.13,781927
AC8,20210430,0.135,0.135,0.13,0.13,1138635
AC8,20210503,0.135,0.135,0.13,0.13,308418
AC8,20210504,0.13,0.135,0.13,0.13,795594
AC8,20210505,0.13,0.13,0.125,0.13,599407
AC8,20210506,0.125,0.13,0.125,0.125,680339
AC8,20210507,0.125,0.127,0.125,0.125,520144
AC8,20210510,0.125,0.127,0.12,0.12,1138355
AC8,20210511,0.12,0.122,0.11,0.115,3539204
AC8,20210512,0.115,0.12,0.115,0.115,389105
AC8,20210513,0.115,0.115,0.11,0.115,843634
AC8,20210514,0.115,0.12,0.11,0.12,691978
AC8,20210517,0.115,0.117,0.11,0.11,661921
AC8,20210518,0.115,0.115,0.11,0.11,428252
AC8,20210519,0.11,0.12,0.11,0.12,1211099
AC8,20210520,0.115,0.12,0.115,0.115,431090
AC8,20210521,0.115,0.117,0.11,0.11,1048327
AC8,20210524,0.115,0.115,0.11,0.11,779665
AC8,20210525,0.11,0.112,0.11,0.11,411268
AC8,20210526,0.115,0.115,0.11,0.11,443285
AC8,20210527,0.11,0.112,0.11,0.11,675788
AC8,20210528,0.11,0.12,0.11,0.12,1409038
AC8,20210531,0.12,0.12,0.112,0.115,510852
AC8,20210601,0.12,0.12,0.115,0.12,1160946
AC8,20210602,0.12,0.12,0.117,0.12,250822
AC8,20210603,0.12,0.13,0.115,0.13,1637443
AC8,20210604,0.13,0.13,0.117,0.12,1058098
AC8,20210607,0.12,0.12,0.115,0.115,307789
AC8,20210609,0.12,0.12,0.115,0.115,458416
AC8,20210610,0.12,0.12,0.117,0.12,224830
AC8,20210611,0.115,0.12,0.115,0.115,596946
AC8,20210615,0.115,0.117,0.115,0.115,912922
AC8,20210616,0.115,0.117,0.11,0.11,1179023
AC8,20210617,0.115,0.12,0.11,0.11,702962
AC8,20210618,0.115,0.115,0.11,0.115,620889
AC8,20210621,0.115,0.115,0.107,0.11,2273907
AC8,20210622,0.11,0.11,0.11,0.11,253580
AC8,20210623,0.11,0.112,0.105,0.105,413069
AC8,20210625,0.105,0.11,0.1,0.1,1655324
AC8,20210628,0.1,0.105,0.1,0.1,1507353
AC8,20210629,0.105,0.105,0.097,0.098,2629250
AC8,20210630,0.096,0.1,0.093,0.099,3855851
AC8,20210701,0.1,0.115,0.1,0.11,2469915
AC8,20210705,0.115,0.117,0.112,0.115,1053412
AC8,20210706,0.115,0.115,0.11,0.11,30309
AC8,20210707,0.115,0.115,0.105,0.11,866296
AC8,20210708,0.11,0.11,0.105,0.107,182216
AC8,20210709,0.105,0.107,0.105,0.105,97256
AC8,20210712,0.11,0.11,0.11,0.11,292281
AC8,20210714,0.105,0.105,0.105,0.105,64936
AC8,20210715,0.105,0.11,0.105,0.105,86566
AC8,20210716,0.105,0.107,0.105,0.105,284818
AC8,20210719,0.105,0.11,0.105,0.105,149570
AC8,20210720,0.11,0.115,0.105,0.105,1074965
AC8,20210723,0.105,0.11,0.105,0.11,89191
AC8,20210726,0.11,0.11,0.1,0.105,906756
AC8,20210727,0.105,0.105,0.102,0.105,273306
AC8,20210728,0.1,0.105,0.1,0.1,121128
AC8,20210729,0.105,0.11,0.1,0.1,435938
AC8,20210730,0.11,0.11,0.105,0.105,93749
AC8,20210802,0.11,0.11,0.1,0.1,507467
AC8,20210803,0.1,0.105,0.1,0.105,281153
AC8,20210804,0.1,0.105,0.1,0.1,1262553
AC8,20210805,0.1,0.105,0.1,0.102,143950
AC8,20210806,0.1,0.102,0.1,0.1,857290
AC8,20210809,0.099,0.1,0.097,0.097,1188605
AC8,20210810,0.098,0.1,0.097,0.097,1098020
AC8,20210811,0.097,0.1,0.097,0.099,748453
AC8,20210812,0.1,0.1,0.099,0.1,76750
AC8,20210813,0.1,0.1,0.099,0.1,264828
AC8,20210819,0.099,0.099,0.098,0.099,224633
AC8,20210820,0.099,0.1,0.097,0.098,880482
AC8,20210823,0.098,0.099,0.097,0.097,200335
AC8,20210824,0.098,0.098,0.097,0.098,148685
AC8,20210825,0.096,0.097,0.095,0.095,442606
AC8,20210826,0.097,0.097,0.095,0.096,471820
AC8,20210827,0.095,0.097,0.094,0.096,424346
AC8,20210830,0.096,0.097,0.094,0.094,491882
AC8,20210831,0.095,0.095,0.094,0.094,392494
AC8,20210901,0.096,0.096,0.095,0.095,293162
AC8,20210902,0.096,0.096,0.094,0.094,89134
AC8,20210903,0.095,0.095,0.093,0.094,550124
AC8,20210906,0.094,0.094,0.093,0.093,377819
AC8,20210907,0.093,0.093,0.09,0.091,1274332
AC8,20210908,0.091,0.091,0.09,0.091,174180
AC8,20210909,0.092,0.093,0.09,0.09,760989
AC8,20210910,0.092,0.092,0.09,0.09,385981
AC8,20210913,0.09,0.091,0.09,0.09,696830
AC8,20210914,0.09,0.092,0.09,0.092,278493
AC8,20210915,0.092,0.094,0.09,0.094,464741
AC8,20210916,0.091,0.095,0.091,0.092,302466
AC8,20210917,0.092,0.092,0.09,0.09,969154
AC8,20210920,0.09,0.092,0.089,0.089,399512
AC8,20210922,0.087,0.087,0.084,0.086,395617
AC8,20210923,0.084,0.09,0.084,0.09,224111
AC8,20210924,0.09,0.093,0.09,0.092,454907
AC8,20210927,0.092,0.093,0.09,0.092,154413
AC8,20210928,0.09,0.092,0.089,0.089,330197
AC8,20210929,0.089,0.093,0.089,0.093,127199
AC8,20210930,0.089,0.094,0.088,0.094,594627
AC8,20211001,0.094,0.095,0.091,0.092,77149
AC8,20211004,0.093,0.094,0.089,0.09,221168
AC8,20211005,0.09,0.09,0.088,0.088,176683
AC8,20211006,0.088,0.089,0.088,0.088,213899
AC8,20211007,0.089,0.09,0.088,0.09,128044
AC8,20211008,0.09,0.09,0.087,0.09,775416
AC8,20211011,0.09,0.09,0.087,0.09,183867
AC8,20211012,0.09,0.09,0.087,0.09,183892
AC8,20211013,0.09,0.093,0.088,0.089,1329981
AC8,20211014,0.093,0.093,0.089,0.09,464742
AC8,20211019,0.09,0.093,0.089,0.089,376587
AC8,20211020,0.09,0.095,0.089,0.095,874398
AC8,20211021,0.094,0.11,0.094,0.1,1903401
AC8,20211022,0.105,0.11,0.105,0.105,779017
AC8,20211025,0.11,0.11,0.105,0.11,404355
AC8,20211026,0.11,0.11,0.105,0.105,304700
AC8,20211028,0.105,0.105,0.1,0.1,174440
AC8,20211029,0.1,0.105,0.1,0.1,346922
AC8,20211101,0.1,0.105,0.1,0.1,528131
AC8,20211102,0.1,0.105,0.098,0.1,570535
AC8,20211103,0.1,0.1,0.098,0.098,109258
AC8,20211104,0.098,0.099,0.098,0.098,195286
AC8,20211105,0.098,0.098,0.096,0.096,126835
AC8,20211109,0.098,0.105,0.098,0.1,979167
AC8,20211110,0.1,0.1,0.096,0.097,891770
AC8,20211112,0.1,0.105,0.1,0.1,485932
AC8,20211115,0.105,0.11,0.105,0.105,489590
AC8,20211116,0.11,0.11,0.105,0.105,805853
AC8,20211117,0.105,0.105,0.1,0.1,203728
AC8,20211118,0.1,0.105,0.098,0.099,605330
AC8,20211119,0.098,0.105,0.098,0.105,210651
AC8,20211122,0.1,0.1,0.098,0.098,191058
AC8,20211123,0.098,0.098,0.091,0.091,1357468
AC8,20211124,0.091,0.094,0.088,0.089,1590493
AC8,20211125,0.088,0.09,0.085,0.086,1002413
AC8,20211126,0.086,0.087,0.085,0.085,275116
AC8,20211129,0.085,0.087,0.082,0.083,879286
AC8,20211130,0.087,0.087,0.083,0.083,223586
AC8,20211201,0.083,0.084,0.081,0.084,315818
AC8,20211202,0.083,0.085,0.081,0.085,225858
AC8,20211203,0.084,0.087,0.083,0.083,331773
AC8,20211206,0.083,0.083,0.081,0.082,323447
AC8,20211207,0.081,0.083,0.081,0.082,272256
AC8,20211208,0.081,0.084,0.081,0.083,107926
AC8,20211209,0.082,0.087,0.082,0.084,411185
AC8,20211210,0.085,0.085,0.083,0.085,251343
AC8,20211213,0.086,0.086,0.085,0.085,86817
AC8,20211214,0.085,0.087,0.084,0.086,88294
AC8,20211216,0.085,0.086,0.084,0.086,111578
AC8,20211217,0.084,0.086,0.083,0.084,170695
AC8,20211220,0.084,0.086,0.083,0.086,175249
AC8,20211221,0.085,0.085,0.081,0.083,463216
AC8,20211222,0.082,0.083,0.082,0.082,182839
AC8,20211223,0.083,0.085,0.082,0.082,95386
AC8,20211224,0.082,0.085,0.082,0.085,72159
AC8,20211229,0.084,0.085,0.082,0.082,395894
AC8,20211230,0.083,0.084,0.081,0.081,401693
AC8,20211231,0.081,0.082,0.081,0.081,157892
AC8,20220104,0.081,0.082,0.081,0.081,517445
AC8,20220105,0.081,0.082,0.081,0.082,291088
AC8,20220106,0.082,0.083,0.082,0.082,83542
AC8,20220107,0.082,0.084,0.082,0.083,508263
AC8,20220110,0.083,0.083,0.082,0.083,78015
AC8,20220111,0.083,0.084,0.082,0.083,398403
AC8,20220112,0.082,0.084,0.082,0.084,249338
AC8,20220113,0.084,0.085,0.083,0.083,221218
AC8,20220114,0.083,0.085,0.083,0.083,69954
AC8,20220117,0.084,0.084,0.082,0.083,172438
AC8,20220118,0.084,0.084,0.082,0.083,138841
AC8,20220119,0.082,0.083,0.081,0.081,415540
AC8,20220120,0.081,0.083,0.081,0.082,138377
AC8,20220121,0.083,0.084,0.081,0.083,193358
AC8,20220124,0.082,0.083,0.081,0.082,238528
AC8,20220125,0.08,0.081,0.08,0.08,1469078
AC8,20220127,0.08,0.081,0.075,0.077,870730
AC8,20220128,0.071,0.077,0.071,0.075,525355
AC8,20220131,0.072,0.074,0.069,0.071,1906451
AC8,20220201,0.071,0.071,0.07,0.071,493551
AC8,20220202,0.071,0.073,0.071,0.073,130003
AC8,20220203,0.073,0.075,0.069,0.07,140304
AC8,20220204,0.071,0.072,0.069,0.071,303205
AC8,20220207,0.071,0.073,0.07,0.07,50737
AC8,20220208,0.07,0.089,0.07,0.083,1448321
AC8,20220209,0.088,0.088,0.086,0.086,656320
AC8,20220210,0.086,0.088,0.082,0.083,180168
AC8,20220211,0.082,0.088,0.081,0.087,210909
AC8,20220214,0.088,0.088,0.083,0.083,156625
AC8,20220215,0.083,0.086,0.08,0.08,189213
AC8,20220216,0.08,0.085,0.08,0.084,244574
AC8,20220217,0.084,0.084,0.08,0.084,172961
AC8,20220218,0.082,0.083,0.08,0.08,502905
AC8,20220221,0.081,0.081,0.08,0.08,386479
AC8,20220222,0.079,0.079,0.076,0.078,289581
AC8,20220223,0.078,0.078,0.073,0.075,244295
AC8,20220224,0.077,0.077,0.072,0.072,319840
AC8,20220225,0.07,0.072,0.07,0.07,239303
AC8,20220228,0.072,0.072,0.07,0.071,674169
AC8,20220301,0.071,0.071,0.07,0.07,213327
AC8,20220302,0.07,0.07,0.067,0.067,1668983
AC8,20220303,0.067,0.07,0.067,0.068,220707
AC8,20220304,0.068,0.069,0.066,0.066,1511408
AC8,20220307,0.066,0.068,0.065,0.065,1334754
AC8,20220308,0.065,0.067,0.065,0.065,345011
AC8,20220309,0.065,0.066,0.065,0.065,43565
AC8,20220310,0.065,0.066,0.064,0.064,141998
AC8,20220311,0.065,0.066,0.064,0.064,102436
AC8,20220314,0.064,0.065,0.064,0.064,29153
AC8,20220315,0.064,0.065,0.063,0.063,191929
AC8,20220316,0,0,0,0,0
AC8,20220317,0.065,0.065,0.063,0.063,108213
AC8,20220318,0.065,0.065,0.063,0.063,99846
AC8,20220321,0.063,0.065,0.063,0.063,275696
AC8,20220322,0.064,0.066,0.064,0.065,311136
AC8,20220323,0.065,0.068,0.064,0.065,589905
AC8,20220324,0.066,0.066,0.064,0.064,477837
AC8,20220325,0.067,0.07,0.065,0.065,2885691
AC8,20220328,0.066,0.066,0.064,0.064,1827922
AC8,20220329,0.064,0.066,0.064,0.065,1234281
AC8,20220330,0.065,0.07,0.065,0.069,2161856
AC8,20220331,0.068,0.07,0.068,0.069,509091
AC8,20220401,0.067,0.068,0.066,0.068,879507
AC8,20220404,0.068,0.07,0.067,0.068,318111
AC8,20220405,0.068,0.071,0.068,0.069,1167915
AC8,20220406,0.069,0.072,0.068,0.069,348562
AC8,20220407,0.069,0.07,0.068,0.069,165664
AC8,20220408,0.068,0.072,0.067,0.071,791055
AC8,20220411,0.071,0.075,0.068,0.07,1185067
AC8,20220412,0.07,0.07,0.068,0.068,350814
AC8,20220413,0.067,0.068,0.067,0.068,190406
AC8,20220414,0.067,0.068,0.067,0.067,127044
AC8,20220419,0.068,0.068,0.067,0.067,592949
AC8,20220420,0.068,0.068,0.066,0.067,250298
AC8,20220421,0.068,0.068,0.066,0.067,250298
AC8,20220422,0.066,0.067,0.066,0.067,250448
AC8,20220426,0.066,0.067,0.066,0.067,263991
AC8,20220427,0.066,0.067,0.064,0.064,414096
AC8,20220428,0.065,0.065,0.063,0.064,186685
AC8,20220429,0.065,0.069,0.065,0.069,962931
AC8,20220502,0.07,0.07,0.066,0.067,451949
AC8,20220503,0.069,0.069,0.065,0.065,94253
AC8,20220504,0.065,0.065,0.065,0.065,46434
AC8,20220505,0.065,0.065,0.065,0.065,310543
AC8,20220506,0.065,0.065,0.063,0.063,360710
AC8,20220509,0.064,0.064,0.06,0.06,453184
AC8,20220510,0.06,0.061,0.06,0.06,116130
AC8,20220511,0.06,0.061,0.06,0.06,425048
AC8,20220512,0.061,0.061,0.06,0.06,233945
AC8,20220513,0.06,0.061,0.06,0.061,104057
AC8,20220516,0.061,0.062,0.061,0.061,90287
AC8,20220517,0.062,0.062,0.06,0.06,134794
AC8,20220518,0.059,0.059,0.057,0.058,398370
AC8,20220519,0.059,0.059,0.058,0.059,61117
AC8,20220520,0.058,0.059,0.058,0.059,21244
AC8,20220523,0.059,0.062,0.059,0.061,302047
AC8,20220524,0.061,0.062,0.06,0.061,373773
AC8,20220525,0.061,0.061,0.06,0.06,24502
AC8,20220526,0.059,0.059,0.058,0.058,521629
AC8,20220527,0.059,0.059,0.058,0.058,19524
AC8,20220530,0.058,0.058,0.057,0.057,219052
AC8,20220531,0.057,0.058,0.057,0.057,169422
AC8,20220601,0.057,0.057,0.056,0.056,363458
AC8,20220602,0.056,0.056,0.054,0.055,330521
AC8,20220603,0.056,0.056,0.051,0.053,321231
AC8,20220606,0.051,0.051,0.048,0.048,1159078
AC8,20220607,0.048,0.05,0.043,0.045,1467538
AC8,20220608,0.046,0.05,0.046,0.047,513675
AC8,20220609,0.047,0.047,0.046,0.046,232213
AC8,20220610,0.046,0.05,0.046,0.047,2373429
AC8,20220614,0.048,0.048,0.045,0.045,914818
AC8,20220615,0.045,0.047,0.044,0.045,505407
AC8,20220616,0.044,0.046,0.044,0.044,417378
AC8,20220617,0.044,0.048,0.044,0.044,999349
AC8,20220620,0.044,0.045,0.04,0.04,811208
AC8,20220621,0.04,0.041,0.04,0.04,440708
AC8,20220622,0.041,0.041,0.04,0.041,394130
AC8,20220623,0.041,0.042,0.04,0.04,629287
AC8,20220624,0.04,0.041,0.038,0.038,1600058
AC8,20220627,0.038,0.039,0.036,0.036,440109
AC8,20220628,0.037,0.038,0.036,0.038,854739
AC8,20220629,0.037,0.038,0.035,0.037,1159279
AC8,20220630,0.039,0.039,0.037,0.037,842104
AC8,20220701,0.04,0.04,0.038,0.04,124191
AC8,20220704,0.04,0.04,0.04,0.04,150346
AC8,20220705,0.041,0.041,0.038,0.038,229846
AC8,20220706,0.038,0.038,0.038,0.038,5000
AC8,20220707,0.041,0.048,0.041,0.042,273568
AC8,20220708,0.046,0.048,0.044,0.048,319918
AC8,20220711,0.048,0.048,0.044,0.044,194912
AC8,20220712,0.044,0.044,0.041,0.043,283647
AC8,20220713,0.041,0.048,0.04,0.047,526101
AC8,20220714,0.047,0.047,0.045,0.045,198179
AC8,20220715,0.047,0.048,0.046,0.047,387167
AC8,20220718,0.044,0.048,0.044,0.048,46397
AC8,20220719,0.048,0.049,0.047,0.047,174718
AC8,20220720,0.048,0.049,0.046,0.049,128962
AC8,20220721,0.049,0.049,0.047,0.048,135702
AC8,20220722,0.047,0.049,0.047,0.049,107079
AC8,20220725,0.049,0.05,0.048,0.048,43995
AC8,20220726,0.048,0.048,0.047,0.048,101976
AC8,20220727,0.047,0.047,0.045,0.046,49319
AC8,20220728,0.046,0.048,0.046,0.046,205910
AC8,20220729,0.046,0.046,0.045,0.046,52900
AC8,20220801,0.043,0.045,0.041,0.044,876876
AC8,20220802,0.044,0.044,0.043,0.043,60272
AC8,20220803,0.045,0.045,0.044,0.044,17655
AC8,20220805,0.044,0.046,0.043,0.044,155843
AC8,20220808,0.044,0.046,0.043,0.044,75980
AC8,20220809,0.044,0.044,0.041,0.041,20559
AC8,20220810,0.042,0.046,0.042,0.043,57215
AC8,20220811,0.045,0.045,0.045,0.045,15600
AC8,20220812,0.046,0.046,0.044,0.045,35139
AC8,20220815,0.046,0.047,0.045,0.047,118472
AC8,20220816,0.047,0.048,0.046,0.047,394145
AC8,20220817,0.048,0.048,0.043,0.043,88150
AC8,20220818,0.047,0.047,0.047,0.047,28307
AC8,20220819,0.045,0.045,0.045,0.045,67112
AC8,20220822,0.044,0.044,0.042,0.042,259457
AC8,20220823,0.043,0.044,0.042,0.042,170476
AC8,20220824,0.042,0.042,0.04,0.04,431774
AC8,20220825,0.04,0.041,0.04,0.04,131746
AC8,20220826,0.04,0.041,0.04,0.041,69671
AC8,20220829,0.041,0.044,0.04,0.041,564552
AC8,20220830,0.041,0.042,0.041,0.042,16930
AC8,20220831,0.042,0.042,0.04,0.04,189555
AC8,20220901,0.04,0.04,0.04,0.04,0
AC8,20220902,0.04,0.04,0.04,0.04,0
AC8,20220905,0.04,0.04,0.04,0.04,0
AC8,20220906,0.04,0.04,0.04,0.04,0
AC8,20220907,0.04,0.04,0.04,0.04,0
AC8,20220909,0.04,0.04,0.04,0.04,0
AC8,20220912,0.04,0.04,0.04,0.04,0
AC8,20220913,0.04,0.04,0.04,0.04,0
AC8,20220914,0.04,0.04,0.04,0.04,0
AC8,20220915,0.04,0.04,0.04,0.04,0
AC8,20220916,0.04,0.04,0.04,0.04,0
AC8,20220919,0.04,0.04,0.04,0.04,0
AC8,20220920,0.04,0.04,0.04,0.04,0
AC8,20220921,0.04,0.04,0.04,0.04,0
