AGD,20160212,0.15,0.15,0.15,0.15,0
AGD,20160215,0.15,0.15,0.15,0.15,0
AGD,20160216,0.15,0.15,0.15,0.15,0
AGD,20160217,0.15,0.15,0.15,0.15,0
AGD,20160218,0.15,0.15,0.15,0.15,0
AGD,20160219,0.15,0.15,0.15,0.15,0
AGD,20160222,0.15,0.15,0.15,0.15,0
AGD,20160223,0.15,0.15,0.15,0.15,0
AGD,20160224,0.15,0.15,0.15,0.15,0
AGD,20160225,0.15,0.15,0.15,0.15,0
AGD,20160226,0.175,0.175,0.175,0.175,3300
AGD,20160229,0.175,0.175,0.175,0.175,0
AGD,20160301,0.175,0.175,0.175,0.175,0
AGD,20160302,0.17,0.17,0.17,0.17,30190
AGD,20160303,0.17,0.17,0.17,0.17,0
AGD,20160304,0.185,0.185,0.185,0.185,29810
AGD,20160307,0.185,0.185,0.185,0.185,0
AGD,20160308,0.2,0.2,0.2,0.2,25000
AGD,20160309,0.185,0.185,0.185,0.185,4000
AGD,20160310,0.185,0.185,0.185,0.185,0
AGD,20160311,0.185,0.185,0.185,0.185,0
AGD,20160314,0.185,0.185,0.185,0.185,0
AGD,20160315,0.185,0.185,0.185,0.185,0
AGD,20160316,0.23,0.23,0.19,0.19,8950
AGD,20160317,0.19,0.19,0.19,0.19,34050
AGD,20160318,0.19,0.19,0.19,0.19,0
AGD,20160321,0.18,0.18,0.18,0.18,50000
AGD,20160322,0.18,0.18,0.18,0.18,0
AGD,20160323,0.18,0.18,0.18,0.18,33288
AGD,20160324,0.18,0.18,0.18,0.18,0
AGD,20160329,0.18,0.18,0.18,0.18,0
AGD,20160330,0.17,0.17,0.17,0.17,3000
AGD,20160331,0.17,0.17,0.17,0.17,7000
AGD,20160401,0.17,0.17,0.17,0.17,0
AGD,20160404,0.17,0.17,0.17,0.17,0
AGD,20160405,0.17,0.17,0.17,0.17,6060
AGD,20160406,0.16,0.16,0.16,0.16,14242
AGD,20160407,0.16,0.16,0.16,0.16,0
AGD,20160408,0.15,0.15,0.15,0.15,54989
AGD,20160411,0.15,0.15,0.15,0.15,25000
AGD,20160412,0.15,0.15,0.15,0.15,0
AGD,20160413,0.15,0.15,0.15,0.15,0
AGD,20160414,0.15,0.15,0.15,0.15,6000
AGD,20160415,0.15,0.15,0.15,0.15,4000
AGD,20160418,0.17,0.17,0.17,0.17,3886
AGD,20160419,0.17,0.17,0.17,0.17,0
AGD,20160420,0.17,0.17,0.17,0.17,5000
AGD,20160421,0.17,0.17,0.17,0.17,0
AGD,20160422,0.16,0.17,0.16,0.17,29750
AGD,20160426,0.16,0.16,0.16,0.16,500
AGD,20160427,0.16,0.16,0.16,0.16,0
AGD,20160428,0.165,0.165,0.165,0.165,3000
AGD,20160429,0.17,0.17,0.17,0.17,114617
AGD,20160502,0.17,0.17,0.17,0.17,23000
AGD,20160503,0.17,0.17,0.17,0.17,0
AGD,20160504,0.165,0.165,0.15,0.15,16917
AGD,20160505,0.15,0.15,0.15,0.15,2500
AGD,20160506,0.15,0.15,0.15,0.15,0
AGD,20160509,0.15,0.15,0.15,0.15,0
AGD,20160510,0.15,0.15,0.15,0.15,0
AGD,20160511,0.15,0.15,0.15,0.15,0
AGD,20160512,0.15,0.15,0.15,0.15,4500
AGD,20160513,0.15,0.15,0.15,0.15,0
AGD,20160516,0.15,0.15,0.15,0.15,10000
AGD,20160517,0.16,0.16,0.16,0.16,7100
AGD,20160518,0.15,0.18,0.15,0.18,23880
AGD,20160519,0.15,0.15,0.15,0.15,8000
AGD,20160520,0.15,0.15,0.15,0.15,0
AGD,20160523,0.15,0.15,0.15,0.15,0
AGD,20160524,0.15,0.15,0.15,0.15,0
AGD,20160525,0.15,0.15,0.15,0.15,0
AGD,20160526,0.15,0.15,0.15,0.15,0
AGD,20160527,0.16,0.16,0.155,0.155,6060
AGD,20160530,0.155,0.155,0.155,0.155,0
AGD,20160531,0.155,0.155,0.155,0.155,0
AGD,20160601,0.16,0.16,0.16,0.16,15625
AGD,20160602,0.18,0.18,0.18,0.18,11288
AGD,20160603,0.18,0.18,0.18,0.18,0
AGD,20160606,0.18,0.18,0.18,0.18,4125
AGD,20160607,0.16,0.165,0.16,0.165,1000
AGD,20160608,0.16,0.16,0.16,0.16,2000
AGD,20160609,0.18,0.18,0.17,0.18,5415
AGD,20160610,0.18,0.18,0.18,0.18,10000
AGD,20160614,0.18,0.18,0.18,0.18,3200
AGD,20160615,0.18,0.18,0.18,0.18,0
AGD,20160616,0.18,0.18,0.18,0.18,0
AGD,20160617,0.18,0.18,0.18,0.18,0
AGD,20160620,0.18,0.18,0.18,0.18,0
AGD,20160621,0.18,0.18,0.18,0.18,0
AGD,20160622,0.18,0.18,0.18,0.18,0
AGD,20160623,0.18,0.18,0.18,0.18,0
AGD,20160624,0.18,0.18,0.18,0.18,0
AGD,20160627,0.18,0.18,0.18,0.18,0
AGD,20160628,0.18,0.18,0.18,0.18,0
AGD,20160629,0.19,0.19,0.165,0.165,7618
AGD,20160630,0.165,0.165,0.165,0.165,0
AGD,20160701,0.165,0.165,0.165,0.165,0
AGD,20160704,0.165,0.165,0.165,0.165,0
AGD,20160705,0.18,0.18,0.175,0.175,38571
AGD,20160706,0.175,0.175,0.175,0.175,0
AGD,20160707,0.18,0.18,0.18,0.18,30000
AGD,20160708,0.18,0.18,0.18,0.18,0
AGD,20160711,0.18,0.18,0.16,0.16,30000
AGD,20160712,0.175,0.175,0.175,0.175,3200
AGD,20160713,0.175,0.175,0.175,0.175,0
AGD,20160714,0.175,0.175,0.175,0.175,2900
AGD,20160715,0.175,0.175,0.175,0.175,0
AGD,20160718,0.17,0.17,0.16,0.16,110794
AGD,20160719,0.16,0.16,0.16,0.16,0
AGD,20160720,0.16,0.16,0.16,0.16,0
AGD,20160721,0.16,0.16,0.16,0.16,0
AGD,20160722,0.165,0.165,0.165,0.165,200
AGD,20160725,0.165,0.165,0.165,0.165,0
AGD,20160726,0.165,0.165,0.165,0.165,0
AGD,20160727,0.18,0.18,0.18,0.18,40693
AGD,20160728,0.18,0.18,0.18,0.18,0
AGD,20160729,0.18,0.18,0.18,0.18,0
AGD,20160801,0.19,0.19,0.19,0.19,440
AGD,20160802,0.19,0.19,0.19,0.19,2700
AGD,20160803,0.19,0.19,0.19,0.19,3000
AGD,20160804,0.19,0.19,0.19,0.19,0
AGD,20160805,0.19,0.19,0.19,0.19,0
AGD,20160808,0.19,0.19,0.175,0.175,35000
AGD,20160809,0.175,0.175,0.175,0.175,0
AGD,20160810,0.175,0.175,0.175,0.175,0
AGD,20160811,0.175,0.175,0.175,0.175,0
AGD,20160812,0.175,0.175,0.175,0.175,0
AGD,20160815,0.19,0.19,0.19,0.19,8300
AGD,20160816,0.19,0.19,0.19,0.19,0
AGD,20160817,0.19,0.19,0.19,0.19,0
AGD,20160818,0.19,0.19,0.19,0.19,0
AGD,20160822,0.19,0.19,0.19,0.19,12200
AGD,20160823,0.19,0.19,0.19,0.19,50000
AGD,20160824,0.19,0.19,0.19,0.19,0
AGD,20160825,0.175,0.175,0.175,0.175,8300
AGD,20160826,0.175,0.175,0.175,0.175,0
AGD,20160829,0.19,0.21,0.19,0.21,12703
AGD,20160830,0.19,0.19,0.19,0.19,3200
AGD,20160831,0.19,0.21,0.17,0.21,54500
AGD,20160901,0.21,0.21,0.21,0.21,9500
AGD,20160902,0.2,0.2,0.17,0.17,30000
AGD,20160905,0.17,0.17,0.17,0.17,9000
AGD,20160906,0.17,0.17,0.17,0.17,0
AGD,20160907,0.17,0.17,0.17,0.17,0
AGD,20160908,0.17,0.17,0.17,0.17,0
AGD,20160909,0.175,0.175,0.175,0.175,3388
AGD,20160912,0.175,0.21,0.175,0.21,55059
AGD,20160913,0.21,0.21,0.21,0.21,2994
AGD,20160914,0.21,0.21,0.21,0.21,0
AGD,20160915,0.21,0.21,0.21,0.21,564
AGD,20160916,0.21,0.21,0.21,0.21,0
AGD,20160919,0.21,0.21,0.21,0.21,0
AGD,20160920,0.18,0.18,0.18,0.18,18081
AGD,20160921,0.22,0.23,0.2,0.23,50000
AGD,20160922,0.23,0.23,0.23,0.23,0
AGD,20160923,0.23,0.23,0.23,0.23,0
AGD,20160926,0.23,0.23,0.23,0.23,0
AGD,20160927,0.21,0.21,0.21,0.21,11000
AGD,20160928,0.2,0.2,0.195,0.195,5000
AGD,20160929,0.195,0.195,0.195,0.195,0
AGD,20160930,0.195,0.195,0.195,0.195,0
AGD,20161003,0.195,0.195,0.195,0.195,0
AGD,20161004,0.195,0.195,0.195,0.195,0
AGD,20161005,0.195,0.2,0.195,0.2,70000
AGD,20161006,0.195,0.195,0.19,0.19,5000
AGD,20161007,0.2,0.2,0.2,0.2,26316
AGD,20161010,0.19,0.19,0.19,0.19,26548
AGD,20161011,0.19,0.19,0.19,0.19,7465
AGD,20161012,0.19,0.19,0.19,0.19,1000
AGD,20161013,0.19,0.19,0.19,0.19,0
AGD,20161014,0.19,0.19,0.19,0.19,0
AGD,20161017,0.19,0.19,0.19,0.19,0
AGD,20161018,0.19,0.19,0.19,0.19,6238
AGD,20161019,0.19,0.19,0.19,0.19,0
AGD,20161020,0.21,0.21,0.21,0.21,18000
AGD,20161021,0.21,0.21,0.21,0.21,6880
AGD,20161024,0.2,0.2,0.195,0.2,53371
AGD,20161025,0.2,0.2,0.2,0.2,0
AGD,20161026,0.2,0.2,0.2,0.2,0
AGD,20161027,0.19,0.19,0.18,0.18,52640
AGD,20161028,0.19,0.19,0.19,0.19,57143
AGD,20161031,0.19,0.19,0.19,0.19,0
AGD,20161101,0.19,0.19,0.19,0.19,0
AGD,20161102,0.19,0.19,0.19,0.19,0
AGD,20161103,0.2,0.21,0.2,0.21,58860
AGD,20161104,0.21,0.21,0.21,0.21,0
AGD,20161107,0.21,0.21,0.21,0.21,53540
AGD,20161108,0.2,0.2,0.185,0.185,27847
AGD,20161109,0.185,0.185,0.185,0.185,0
AGD,20161110,0.185,0.185,0.185,0.185,0
AGD,20161111,0.19,0.195,0.185,0.195,85999
AGD,20161114,0.17,0.17,0.17,0.17,20000
AGD,20161115,0.18,0.18,0.18,0.18,52935
AGD,20161116,0.18,0.18,0.18,0.18,0
AGD,20161117,0.18,0.18,0.18,0.18,0
AGD,20161118,0.18,0.18,0.18,0.18,0
AGD,20161121,0.18,0.18,0.18,0.18,0
AGD,20161122,0.19,0.19,0.17,0.17,22443
AGD,20161123,0.17,0.17,0.17,0.17,10000
AGD,20161124,0.17,0.17,0.17,0.17,20328
AGD,20161125,0.17,0.17,0.17,0.17,0
AGD,20161128,0.19,0.19,0.165,0.165,13000
AGD,20161129,0.165,0.165,0.15,0.16,24000
AGD,20161130,0.15,0.15,0.12,0.13,16000
AGD,20161201,0.13,0.13,0.13,0.13,0
AGD,20161202,0.13,0.13,0.13,0.13,0
AGD,20161205,0.155,0.16,0.155,0.16,14615
AGD,20161206,0.17,0.17,0.155,0.155,36661
AGD,20161207,0.155,0.155,0.155,0.155,3000
AGD,20161208,0.155,0.155,0.155,0.155,30000
AGD,20161209,0.155,0.155,0.155,0.155,0
AGD,20161212,0.155,0.155,0.155,0.155,0
AGD,20161213,0.135,0.135,0.135,0.135,43
AGD,20161214,0.135,0.135,0.135,0.135,0
AGD,20161215,0.14,0.14,0.14,0.14,3
AGD,20161216,0.165,0.165,0.165,0.165,20000
AGD,20161219,0.17,0.17,0.17,0.17,38000
AGD,20161220,0.17,0.17,0.17,0.17,0
AGD,20161221,0.165,0.165,0.16,0.16,23500
AGD,20161222,0.16,0.16,0.16,0.16,8750
AGD,20161223,0.15,0.15,0.15,0.15,26250
AGD,20161228,0.15,0.15,0.15,0.15,0
AGD,20161229,0.17,0.17,0.17,0.17,6350
AGD,20161230,0.15,0.165,0.14,0.165,222776
AGD,20170103,0.16,0.165,0.16,0.165,62000
AGD,20170104,0.165,0.165,0.165,0.165,50000
AGD,20170105,0.165,0.17,0.16,0.17,210996
AGD,20170106,0.17,0.18,0.165,0.17,147055
AGD,20170109,0.165,0.17,0.165,0.17,89971
AGD,20170110,0.17,0.175,0.165,0.165,113345
AGD,20170111,0.17,0.17,0.17,0.17,7764
AGD,20170112,0.17,0.17,0.16,0.165,274000
AGD,20170113,0.17,0.17,0.16,0.165,157763
AGD,20170116,0.165,0.17,0.16,0.16,238640
AGD,20170117,0.135,0.135,0.135,0.135,2780
AGD,20170118,0.145,0.145,0.145,0.145,6500
AGD,20170119,0.16,0.16,0.155,0.155,88720
AGD,20170120,0.15,0.16,0.15,0.16,3000
AGD,20170123,0.16,0.16,0.155,0.155,311135
AGD,20170124,0.155,0.155,0.155,0.155,0
AGD,20170125,0.165,0.175,0.16,0.16,184888
AGD,20170127,0.17,0.175,0.17,0.175,103153
AGD,20170130,0.17,0.17,0.16,0.16,33500
AGD,20170131,0.16,0.16,0.145,0.145,5000
AGD,20170201,0.155,0.155,0.15,0.15,90000
AGD,20170202,0.15,0.15,0.15,0.15,19455
AGD,20170203,0.175,0.175,0.175,0.175,10000
AGD,20170206,0.18,0.18,0.17,0.17,191825
AGD,20170207,0.175,0.18,0.175,0.175,39414
AGD,20170208,0.175,0.175,0.175,0.175,5000
AGD,20170209,0.17,0.17,0.155,0.155,73121
AGD,20170210,0.155,0.155,0.155,0.155,0
AGD,20170213,0.16,0.175,0.16,0.17,159893
AGD,20170214,0.165,0.17,0.165,0.165,54237
AGD,20170215,0.165,0.165,0.165,0.165,9911
AGD,20170216,0.165,0.165,0.16,0.16,50000
AGD,20170217,0.165,0.17,0.16,0.17,285620
AGD,20170220,0.175,0.195,0.175,0.19,281448
AGD,20170221,0.175,0.175,0.17,0.17,6666
AGD,20170222,0.185,0.2,0.18,0.2,270000
AGD,20170223,0.175,0.175,0.17,0.17,208577
AGD,20170224,0.175,0.175,0.17,0.17,30000
AGD,20170227,0.17,0.19,0.17,0.19,33000
AGD,20170228,0.165,0.19,0.165,0.18,111560
AGD,20170301,0.18,0.18,0.18,0.18,0
AGD,20170302,0.175,0.175,0.165,0.165,33300
AGD,20170303,0.165,0.165,0.165,0.165,27200
AGD,20170306,0.165,0.175,0.16,0.175,32800
AGD,20170307,0.175,0.175,0.175,0.175,0
AGD,20170308,0.16,0.16,0.16,0.16,1000
AGD,20170309,0.16,0.16,0.16,0.16,25000
AGD,20170310,0.16,0.16,0.16,0.16,0
AGD,20170313,0.155,0.155,0.15,0.15,75000
AGD,20170314,0.155,0.155,0.15,0.15,60940
AGD,20170315,0.15,0.15,0.15,0.15,0
AGD,20170316,0.155,0.155,0.15,0.15,70000
AGD,20170317,0.16,0.16,0.15,0.15,80000
AGD,20170320,0.16,0.16,0.155,0.155,50001
AGD,20170321,0.155,0.155,0.155,0.155,0
AGD,20170322,0.155,0.155,0.155,0.155,70000
AGD,20170323,0.165,0.165,0.165,0.165,6300
AGD,20170324,0.165,0.165,0.16,0.16,20700
AGD,20170327,0.16,0.16,0.16,0.16,0
AGD,20170328,0.16,0.16,0.16,0.16,0
AGD,20170329,0.16,0.16,0.16,0.16,0
AGD,20170330,0.17,0.18,0.17,0.18,90792
AGD,20170331,0.18,0.19,0.18,0.19,58264
AGD,20170403,0.18,0.18,0.18,0.18,72000
AGD,20170404,0.18,0.18,0.18,0.18,0
AGD,20170405,0.18,0.18,0.18,0.18,0
AGD,20170406,0.18,0.18,0.18,0.18,1000
AGD,20170407,0.18,0.18,0.18,0.18,0
AGD,20170410,0.16,0.18,0.16,0.16,70880
AGD,20170411,0.16,0.16,0.16,0.16,0
AGD,20170412,0.165,0.165,0.165,0.165,69393
AGD,20170413,0.17,0.175,0.16,0.175,70000
AGD,20170418,0.175,0.175,0.175,0.175,0
AGD,20170419,0.175,0.175,0.175,0.175,0
AGD,20170420,0.175,0.175,0.175,0.175,0
AGD,20170421,0.165,0.165,0.165,0.165,5000
AGD,20170424,0.165,0.165,0.165,0.165,6000
AGD,20170426,0.165,0.165,0.165,0.165,38000
AGD,20170427,0.165,0.165,0.165,0.165,10712
AGD,20170428,0.165,0.165,0.16,0.165,87641
AGD,20170501,0.165,0.165,0.16,0.16,50000
AGD,20170502,0.16,0.175,0.155,0.175,83226
AGD,20170503,0.155,0.155,0.145,0.145,139006
AGD,20170504,0.145,0.155,0.145,0.15,15108
AGD,20170505,0.145,0.145,0.145,0.145,25000
AGD,20170508,0.155,0.155,0.155,0.155,6000
AGD,20170509,0.155,0.155,0.155,0.155,4000
AGD,20170510,0.155,0.155,0.155,0.155,0
AGD,20170511,0.15,0.155,0.15,0.155,4226
AGD,20170512,0.16,0.16,0.16,0.16,67500
AGD,20170515,0.16,0.16,0.16,0.16,0
AGD,20170516,0.165,0.165,0.16,0.16,26300
AGD,20170517,0.16,0.16,0.16,0.16,0
AGD,20170518,0.175,0.175,0.175,0.175,20000
AGD,20170519,0.16,0.16,0.16,0.16,15000
AGD,20170522,0.16,0.175,0.16,0.175,20000
AGD,20170523,0.175,0.175,0.175,0.175,0
AGD,20170524,0.175,0.175,0.175,0.175,0
AGD,20170525,0.175,0.175,0.175,0.175,0
AGD,20170526,0.17,0.175,0.17,0.17,11028
AGD,20170529,0.17,0.17,0.165,0.165,10000
AGD,20170530,0.165,0.165,0.165,0.165,0
AGD,20170531,0.165,0.165,0.165,0.165,2823
AGD,20170601,0.165,0.165,0.165,0.165,0
AGD,20170602,0.165,0.165,0.165,0.165,3000
AGD,20170605,0.17,0.17,0.17,0.17,2735
AGD,20170606,0.175,0.175,0.175,0.175,72000
AGD,20170607,0.18,0.195,0.17,0.17,42666
AGD,20170608,0.195,0.195,0.175,0.175,80000
AGD,20170609,0.175,0.175,0.175,0.175,0
AGD,20170613,0.175,0.175,0.175,0.175,0
AGD,20170614,0.195,0.2,0.195,0.2,3000
AGD,20170615,0.2,0.2,0.2,0.2,0
AGD,20170616,0.175,0.175,0.17,0.17,200000
AGD,20170619,0.165,0.165,0.165,0.165,30000
AGD,20170620,0.165,0.165,0.16,0.16,25013
AGD,20170621,0.165,0.165,0.165,0.165,12000
AGD,20170622,0.165,0.165,0.165,0.165,0
AGD,20170623,0.165,0.165,0.165,0.165,0
AGD,20170626,0.165,0.165,0.165,0.165,0
AGD,20170627,0.16,0.16,0.16,0.16,5714
AGD,20170628,0.16,0.16,0.16,0.16,88788
AGD,20170629,0.155,0.155,0.155,0.155,41212
AGD,20170630,0.15,0.15,0.15,0.15,8000
AGD,20170703,0.15,0.15,0.15,0.15,0
AGD,20170704,0.15,0.15,0.15,0.15,0
AGD,20170705,0.15,0.15,0.15,0.15,0
AGD,20170706,0.15,0.15,0.15,0.15,0
AGD,20170707,0.15,0.15,0.15,0.15,0
AGD,20170710,0.155,0.155,0.155,0.155,64000
AGD,20170711,0.155,0.155,0.155,0.155,0
AGD,20170712,0.155,0.155,0.155,0.155,0
AGD,20170713,0.155,0.155,0.155,0.155,0
AGD,20170714,0.17,0.17,0.17,0.17,20000
AGD,20170717,0.17,0.17,0.17,0.17,0
AGD,20170718,0.165,0.17,0.165,0.17,3400
AGD,20170719,0.17,0.175,0.17,0.175,160990
AGD,20170720,0.175,0.175,0.175,0.175,5714
AGD,20170721,0.175,0.175,0.175,0.175,0
AGD,20170724,0.175,0.175,0.175,0.175,0
AGD,20170725,0.175,0.175,0.175,0.175,0
AGD,20170726,0.175,0.175,0.175,0.175,0
AGD,20170727,0.18,0.18,0.17,0.18,38956
AGD,20170728,0.175,0.18,0.175,0.18,65380
AGD,20170731,0.19,0.2,0.19,0.2,192416
AGD,20170801,0.195,0.195,0.195,0.195,60000
AGD,20170802,0.195,0.195,0.195,0.195,0
AGD,20170803,0.19,0.19,0.18,0.18,111500
AGD,20170804,0.18,0.18,0.18,0.18,17000
AGD,20170807,0.17,0.17,0.17,0.17,34900
AGD,20170808,0.17,0.19,0.17,0.19,117273
AGD,20170809,0.18,0.18,0.175,0.175,50225
AGD,20170810,0.175,0.175,0.175,0.175,0
AGD,20170811,0.175,0.175,0.175,0.175,0
AGD,20170815,0.185,0.185,0.185,0.185,23600
AGD,20170816,0.18,0.18,0.18,0.18,48500
AGD,20170817,0.18,0.18,0.18,0.18,0
AGD,20170818,0.185,0.185,0.185,0.185,2000
AGD,20170821,0.185,0.185,0.185,0.185,22000
AGD,20170822,0.18,0.18,0.18,0.18,43424
AGD,20170823,0.18,0.18,0.18,0.18,25000
AGD,20170824,0.18,0.18,0.18,0.18,0
AGD,20170825,0.175,0.175,0.17,0.17,7415
AGD,20170828,0.17,0.17,0.17,0.17,0
AGD,20170829,0.17,0.17,0.17,0.17,0
AGD,20170830,0.17,0.17,0.17,0.17,0
AGD,20170831,0.17,0.17,0.17,0.17,1076
AGD,20170901,0.17,0.17,0.17,0.17,0
AGD,20170904,0.185,0.185,0.185,0.185,5000
AGD,20170905,0.19,0.19,0.175,0.175,24100
AGD,20170906,0.175,0.185,0.165,0.165,34905
AGD,20170907,0.165,0.165,0.165,0.165,0
AGD,20170908,0.17,0.17,0.17,0.17,1
AGD,20170911,0.185,0.185,0.185,0.185,3000
AGD,20170912,0.17,0.17,0.165,0.165,11225
AGD,20170913,0.165,0.165,0.165,0.165,2823
AGD,20170914,0.165,0.165,0.165,0.165,0
AGD,20170915,0.165,0.165,0.165,0.165,73000
AGD,20170918,0.165,0.165,0.165,0.165,0
AGD,20170919,0.165,0.165,0.165,0.165,0
AGD,20170920,0.165,0.165,0.165,0.165,250
AGD,20170921,0.155,0.175,0.15,0.175,36250
AGD,20170922,0.175,0.175,0.175,0.175,0
AGD,20170925,0.15,0.16,0.15,0.16,40000
AGD,20170926,0.16,0.16,0.16,0.16,29988
AGD,20170927,0.15,0.15,0.15,0.15,25000
AGD,20170928,0.16,0.16,0.16,0.16,28000
AGD,20170929,0.16,0.16,0.145,0.145,107154
AGD,20171002,0.145,0.145,0.14,0.14,53500
AGD,20171003,0.145,0.145,0.145,0.145,130760
AGD,20171004,0.145,0.145,0.145,0.145,0
AGD,20171005,0.145,0.145,0.145,0.145,0
AGD,20171006,0.145,0.145,0.145,0.145,0
AGD,20171009,0.145,0.145,0.145,0.145,14000
AGD,20171010,0.145,0.145,0.145,0.145,0
AGD,20171011,0.145,0.145,0.145,0.145,0
AGD,20171012,0.145,0.145,0.145,0.145,0
AGD,20171013,0.145,0.145,0.145,0.145,0
AGD,20171016,0.17,0.17,0.17,0.17,3497
AGD,20171017,0.17,0.17,0.17,0.17,0
AGD,20171018,0.17,0.17,0.17,0.17,0
AGD,20171019,0.17,0.17,0.17,0.17,0
AGD,20171020,0.155,0.155,0.155,0.155,106451
AGD,20171023,0.155,0.155,0.155,0.155,0
AGD,20171024,0.155,0.155,0.155,0.155,0
AGD,20171025,0.155,0.155,0.155,0.155,0
AGD,20171026,0.155,0.155,0.155,0.155,434548
AGD,20171027,0.15,0.15,0.15,0.15,29700
AGD,20171030,0.15,0.15,0.15,0.15,0
AGD,20171031,0.15,0.15,0.15,0.15,0
AGD,20171101,0.15,0.15,0.15,0.15,0
AGD,20171102,0.15,0.15,0.15,0.15,0
AGD,20171103,0.15,0.15,0.15,0.15,60300
AGD,20171106,0.15,0.15,0.15,0.15,6900
AGD,20171107,0.15,0.15,0.15,0.15,0
AGD,20171108,0.155,0.17,0.155,0.17,451443
AGD,20171109,0.155,0.155,0.155,0.155,15000
AGD,20171110,0.155,0.155,0.155,0.155,15000
AGD,20171113,0.155,0.155,0.155,0.155,0
AGD,20171114,0.155,0.155,0.155,0.155,0
AGD,20171115,0.155,0.155,0.15,0.15,50000
AGD,20171116,0.16,0.16,0.16,0.16,30000
AGD,20171117,0.16,0.16,0.14,0.14,30000
AGD,20171120,0.14,0.14,0.14,0.14,0
AGD,20171121,0.14,0.14,0.14,0.14,0
AGD,20171122,0.14,0.14,0.14,0.14,10000
AGD,20171123,0.14,0.14,0.14,0.14,0
AGD,20171124,0.14,0.14,0.14,0.14,0
AGD,20171127,0.14,0.14,0.14,0.14,0
AGD,20171128,0.14,0.14,0.14,0.14,0
AGD,20171129,0.14,0.14,0.14,0.14,0
AGD,20171130,0.17,0.17,0.17,0.17,73412
AGD,20171201,0.17,0.17,0.17,0.17,6076
AGD,20171204,0.145,0.145,0.145,0.145,105619
AGD,20171205,0.145,0.145,0.145,0.145,0
AGD,20171206,0.145,0.145,0.145,0.145,0
AGD,20171207,0.14,0.14,0.14,0.14,84
AGD,20171208,0.14,0.14,0.14,0.14,0
AGD,20171211,0.14,0.14,0.14,0.14,0
AGD,20171212,0.14,0.14,0.14,0.14,15798
AGD,20171213,0.135,0.135,0.135,0.135,1600
AGD,20171214,0.135,0.135,0.135,0.135,3886
AGD,20171215,0.135,0.135,0.135,0.135,0
AGD,20171218,0.14,0.14,0.14,0.14,10995
AGD,20171219,0.14,0.14,0.14,0.14,0
AGD,20171220,0.14,0.14,0.14,0.14,0
AGD,20171221,0.14,0.14,0.14,0.14,0
AGD,20171222,0.14,0.14,0.14,0.14,0
AGD,20171227,0.15,0.15,0.15,0.15,1500
AGD,20171228,0.15,0.15,0.15,0.15,1850
AGD,20171229,0.15,0.15,0.15,0.15,0
AGD,20180102,0.145,0.145,0.145,0.145,4324
AGD,20180103,0.145,0.145,0.145,0.145,0
AGD,20180104,0.145,0.145,0.145,0.145,0
AGD,20180105,0.145,0.145,0.145,0.145,0
AGD,20180108,0.16,0.16,0.16,0.16,6000
AGD,20180109,0.16,0.16,0.16,0.16,0
AGD,20180110,0.16,0.16,0.16,0.16,0
AGD,20180111,0.16,0.16,0.16,0.16,0
AGD,20180112,0.145,0.145,0.145,0.145,800
AGD,20180115,0.155,0.155,0.145,0.145,19257
AGD,20180116,0.145,0.145,0.145,0.145,0
AGD,20180117,0.14,0.14,0.14,0.14,10000
AGD,20180118,0.14,0.14,0.14,0.14,0
AGD,20180119,0.14,0.14,0.14,0.14,580
AGD,20180122,0.14,0.14,0.14,0.14,0
AGD,20180123,0.14,0.14,0.14,0.14,50020
AGD,20180124,0.14,0.14,0.14,0.14,0
AGD,20180125,0.14,0.16,0.14,0.16,46063
AGD,20180129,0.14,0.14,0.14,0.14,39071
AGD,20180130,0.14,0.14,0.14,0.14,0
AGD,20180131,0.135,0.135,0.125,0.125,94806
AGD,20180201,0.13,0.13,0.125,0.125,100000
AGD,20180202,0.125,0.125,0.125,0.125,0
AGD,20180205,0.125,0.125,0.125,0.125,610
AGD,20180207,0.125,0.125,0.125,0.125,0
AGD,20180208,0.125,0.125,0.125,0.125,22326
AGD,20180209,0.125,0.125,0.1,0.1,41925
AGD,20180212,0.1,0.1,0.1,0.1,0
AGD,20180213,0.11,0.11,0.1,0.1,20750
AGD,20180214,0.1,0.1,0.1,0.1,0
AGD,20180215,0.1,0.1,0.1,0.1,0
AGD,20180216,0.1,0.1,0.1,0.1,0
AGD,20180219,0.1,0.1,0.1,0.1,0
AGD,20180220,0.1,0.1,0.1,0.1,0
AGD,20180221,0.115,0.115,0.11,0.11,67238
AGD,20180222,0.11,0.11,0.11,0.11,0
AGD,20180223,0.12,0.12,0.12,0.12,8734
AGD,20180226,0.12,0.12,0.12,0.12,16500
AGD,20180227,0.105,0.105,0.105,0.105,51500
AGD,20180228,0.11,0.11,0.11,0.11,18100
AGD,20180301,0.11,0.11,0.11,0.11,0
AGD,20180302,0.11,0.11,0.11,0.11,0
AGD,20180305,0.105,0.105,0.105,0.105,3162
AGD,20180306,0.12,0.12,0.12,0.12,4167
AGD,20180307,0.12,0.12,0.12,0.12,0
AGD,20180308,0.12,0.12,0.12,0.12,16120
AGD,20180309,0.12,0.15,0.12,0.135,17110
AGD,20180312,0.135,0.135,0.135,0.135,0
AGD,20180313,0.135,0.135,0.135,0.135,0
AGD,20180314,0.135,0.135,0.135,0.135,0
AGD,20180315,0.135,0.135,0.135,0.135,0
AGD,20180316,0.135,0.135,0.135,0.135,0
AGD,20180319,0.13,0.13,0.13,0.13,4400
AGD,20180320,0.13,0.13,0.13,0.13,30000
AGD,20180321,0.125,0.125,0.12,0.12,36500
AGD,20180322,0.12,0.12,0.12,0.12,4987
AGD,20180323,0.12,0.12,0.12,0.12,454
AGD,20180326,0.12,0.12,0.12,0.12,0
AGD,20180327,0.12,0.12,0.12,0.12,0
AGD,20180328,0.12,0.12,0.12,0.12,0
AGD,20180329,0.105,0.105,0.105,0.105,1129
AGD,20180403,0.12,0.12,0.12,0.12,5000
AGD,20180404,0.12,0.12,0.12,0.12,10000
AGD,20180405,0.12,0.13,0.12,0.13,17517
AGD,20180406,0.13,0.13,0.13,0.13,0
AGD,20180409,0.13,0.13,0.13,0.13,0
AGD,20180410,0.13,0.13,0.13,0.13,0
AGD,20180411,0.13,0.13,0.13,0.13,0
AGD,20180412,0.13,0.13,0.13,0.13,1200
AGD,20180413,0.13,0.135,0.13,0.13,17630
AGD,20180416,0.135,0.155,0.135,0.155,53903
AGD,20180417,0.155,0.155,0.155,0.155,36450
AGD,20180418,0.155,0.155,0.155,0.155,6380
AGD,20180419,0.155,0.155,0.155,0.155,0
AGD,20180420,0.15,0.15,0.15,0.15,26
AGD,20180423,0.15,0.15,0.15,0.15,0
AGD,20180424,0.15,0.15,0.15,0.15,0
AGD,20180426,0.15,0.15,0.15,0.15,0
AGD,20180427,0.15,0.15,0.15,0.15,0
AGD,20180430,0.12,0.12,0.12,0.12,30000
AGD,20180501,0.12,0.12,0.12,0.12,0
AGD,20180502,0.12,0.12,0.12,0.12,0
AGD,20180503,0.12,0.12,0.12,0.12,0
AGD,20180504,0.12,0.12,0.12,0.12,0
AGD,20180507,0.12,0.12,0.12,0.12,0
AGD,20180508,0.12,0.12,0.12,0.12,0
AGD,20180509,0.115,0.115,0.115,0.115,21434
AGD,20180510,0.115,0.115,0.115,0.115,0
AGD,20180511,0.115,0.115,0.115,0.115,0
AGD,20180514,0.115,0.115,0.115,0.115,0
AGD,20180515,0.115,0.115,0.115,0.115,0
AGD,20180516,0.115,0.115,0.115,0.115,0
AGD,20180517,0.115,0.115,0.095,0.105,78845
AGD,20180518,0.105,0.105,0.1,0.1,38721
AGD,20180521,0.1,0.1,0.1,0.1,0
AGD,20180522,0.1,0.1,0.1,0.1,0
AGD,20180523,0.1,0.1,0.1,0.1,0
AGD,20180524,0.12,0.125,0.12,0.125,110000
AGD,20180525,0.115,0.115,0.115,0.115,21253
AGD,20180528,0.115,0.115,0.115,0.115,0
AGD,20180529,0.125,0.125,0.115,0.125,30000
AGD,20180530,0.11,0.11,0.11,0.11,20000
AGD,20180531,0.105,0.105,0.1,0.1,25000
AGD,20180601,0.105,0.105,0.097,0.097,22000
AGD,20180604,0.1,0.1,0.096,0.096,50000
AGD,20180605,0.096,0.097,0.095,0.095,40000
AGD,20180606,0.095,0.095,0.095,0.095,0
AGD,20180607,0.095,0.095,0.095,0.095,0
AGD,20180608,0.095,0.095,0.095,0.095,0
AGD,20180612,0.095,0.095,0.095,0.095,0
AGD,20180613,0.096,0.096,0.096,0.096,4400
AGD,20180614,0.096,0.096,0.096,0.096,0
AGD,20180615,0.096,0.096,0.096,0.096,0
AGD,20180618,0.096,0.096,0.096,0.096,0
AGD,20180619,0.099,0.099,0.099,0.099,40000
AGD,20180620,0.1,0.1,0.1,0.1,739
AGD,20180621,0.1,0.1,0.099,0.099,50000
AGD,20180622,0.099,0.099,0.096,0.096,75858
AGD,20180625,0.096,0.096,0.095,0.095,46437
AGD,20180626,0.095,0.095,0.095,0.095,1575
AGD,20180627,0.095,0.095,0.095,0.095,0
AGD,20180628,0.095,0.095,0.095,0.095,0
AGD,20180629,0.1,0.1,0.1,0.1,19000
AGD,20180702,0.1,0.1,0.1,0.1,1000
AGD,20180703,0.1,0.1,0.1,0.1,6000
AGD,20180704,0.1,0.105,0.1,0.1,58000
AGD,20180705,0.1,0.1,0.1,0.1,0
AGD,20180706,0.1,0.11,0.1,0.11,57994
AGD,20180710,0.099,0.099,0.099,0.099,139
AGD,20180711,0.099,0.099,0.099,0.099,0
AGD,20180712,0.099,0.099,0.099,0.099,0
AGD,20180713,0.099,0.099,0.099,0.099,0
AGD,20180716,0.097,0.097,0.096,0.096,10000
AGD,20180717,0.096,0.096,0.095,0.095,19560
AGD,20180718,0.095,0.095,0.095,0.095,1150
AGD,20180719,0.095,0.095,0.094,0.094,10320
AGD,20180720,0.094,0.094,0.094,0.094,0
AGD,20180723,0.096,0.096,0.092,0.092,39920
AGD,20180724,0.092,0.092,0.092,0.092,3500
AGD,20180725,0.092,0.092,0.092,0.092,0
AGD,20180726,0.091,0.091,0.091,0.091,6211
AGD,20180727,0.091,0.091,0.091,0.091,0
AGD,20180730,0.092,0.092,0.092,0.092,5000
AGD,20180731,0.091,0.091,0.091,0.091,106227
AGD,20180801,0.091,0.091,0.091,0.091,0
AGD,20180802,0.091,0.091,0.091,0.091,5555
AGD,20180803,0.091,0.091,0.091,0.091,0
AGD,20180806,0.091,0.091,0.09,0.09,20708
AGD,20180807,0.09,0.09,0.09,0.09,0
AGD,20180808,0.09,0.09,0.09,0.09,0
AGD,20180809,0.085,0.085,0.085,0.085,43850
AGD,20180810,0.085,0.086,0.085,0.085,191000
AGD,20180813,0.085,0.085,0.085,0.085,0
AGD,20180814,0.081,0.081,0.08,0.08,309718
AGD,20180816,0.075,0.075,0.075,0.075,7000
AGD,20180817,0.073,0.073,0.073,0.073,1247
AGD,20180820,0.075,0.075,0.074,0.074,45000
AGD,20180821,0.074,0.074,0.074,0.074,0
AGD,20180822,0.074,0.074,0.074,0.074,0
AGD,20180823,0.074,0.074,0.074,0.074,0
AGD,20180824,0.074,0.074,0.074,0.074,0
AGD,20180827,0.074,0.074,0.074,0.074,0
AGD,20180828,0.074,0.074,0.074,0.074,0
AGD,20180829,0.074,0.074,0.074,0.074,0
AGD,20180830,0.074,0.074,0.074,0.074,0
AGD,20180831,0.074,0.074,0.074,0.074,0
AGD,20180903,0.074,0.074,0.074,0.074,0
AGD,20180904,0.074,0.074,0.074,0.074,0
AGD,20180905,0.074,0.074,0.074,0.074,0
AGD,20180906,0.074,0.074,0.074,0.074,0
AGD,20180907,0.074,0.074,0.074,0.074,0
AGD,20180910,0.074,0.074,0.074,0.074,0
AGD,20180913,0.071,0.071,0.071,0.071,0
AGD,20180914,0.071,0.071,0.071,0.071,0
AGD,20180917,0.071,0.071,0.071,0.071,0
AGD,20180918,0.071,0.071,0.071,0.071,0
AGD,20180919,0.071,0.071,0.071,0.071,0
AGD,20180920,0.071,0.071,0.071,0.071,0
AGD,20180921,0.072,0.072,0.072,0.072,564
AGD,20180924,0.071,0.071,0.071,0.071,119608
AGD,20180925,0.07,0.07,0.07,0.07,2000
AGD,20180926,0.07,0.07,0.07,0.07,0
AGD,20180927,0.07,0.07,0.07,0.07,0
AGD,20180928,0.07,0.07,0.07,0.07,1380
AGD,20181001,0.07,0.07,0.07,0.07,0
AGD,20181002,0.07,0.07,0.07,0.07,0
AGD,20181003,0.07,0.07,0.07,0.07,0
AGD,20181004,0.07,0.07,0.07,0.07,0
AGD,20181005,0.07,0.07,0.07,0.07,0
AGD,20181008,0.07,0.07,0.07,0.07,0
AGD,20181009,0.07,0.07,0.07,0.07,0
AGD,20181010,0.07,0.07,0.07,0.07,0
AGD,20181011,0.07,0.07,0.07,0.07,0
AGD,20181012,0.07,0.07,0.07,0.07,0
AGD,20181015,0.07,0.07,0.07,0.07,0
AGD,20181016,0.07,0.07,0.07,0.07,0
AGD,20181017,0.085,0.085,0.085,0.085,1806
AGD,20181018,0.085,0.085,0.085,0.085,3600
AGD,20181019,0.085,0.085,0.085,0.085,0
AGD,20181022,0.085,0.085,0.085,0.085,0
AGD,20181023,0.085,0.085,0.085,0.085,0
AGD,20181024,0.085,0.085,0.085,0.085,0
AGD,20181025,0.085,0.085,0.085,0.085,0
AGD,20181026,0.085,0.085,0.085,0.085,0
AGD,20181030,0.085,0.085,0.085,0.085,0
AGD,20181031,0.085,0.085,0.085,0.085,0
AGD,20181101,0.066,0.066,0.066,0.066,5000
AGD,20181102,0.066,0.066,0.066,0.066,0
AGD,20181105,0.07,0.07,0.07,0.07,1900
AGD,20181106,0.07,0.07,0.07,0.07,0
AGD,20181107,0.07,0.07,0.07,0.07,0
AGD,20181108,0.07,0.07,0.07,0.07,0
AGD,20181109,0.07,0.07,0.07,0.07,0
AGD,20181112,0.07,0.07,0.07,0.07,0
AGD,20181113,0.07,0.07,0.07,0.07,0
AGD,20181114,0.07,0.07,0.07,0.07,0
AGD,20181115,0.07,0.07,0.07,0.07,0
AGD,20181116,0.07,0.07,0.07,0.07,0
AGD,20181119,0.07,0.07,0.07,0.07,0
AGD,20181120,0.07,0.07,0.07,0.07,0
AGD,20181121,0.07,0.07,0.07,0.07,0
AGD,20181122,0.07,0.07,0.07,0.07,0
AGD,20181123,0.07,0.07,0.07,0.07,100
AGD,20181126,0.07,0.07,0.07,0.07,0
AGD,20181127,0.07,0.07,0.07,0.07,0
AGD,20181128,0.07,0.07,0.07,0.07,25000
AGD,20181129,0.07,0.07,0.07,0.07,1925
AGD,20181130,0.07,0.07,0.07,0.07,0
AGD,20181203,0.07,0.07,0.07,0.07,465
AGD,20181204,0.07,0.07,0.066,0.066,30810
AGD,20181205,0.057,0.058,0.057,0.058,11090
AGD,20181206,0.058,0.058,0.058,0.058,0
AGD,20181207,0.058,0.058,0.058,0.058,0
AGD,20181210,0.058,0.058,0.058,0.058,0
AGD,20181211,0.058,0.058,0.058,0.058,0
AGD,20181212,0.058,0.058,0.058,0.058,0
AGD,20181213,0.061,0.061,0.061,0.061,14145
AGD,20181214,0.061,0.061,0.061,0.061,0
AGD,20181217,0.061,0.061,0.061,0.061,0
AGD,20181218,0.061,0.061,0.061,0.061,0
AGD,20181219,0.06,0.06,0.06,0.06,13513
AGD,20181220,0.074,0.074,0.074,0.074,14145
AGD,20181221,0.074,0.074,0.074,0.074,0
AGD,20181224,0.074,0.074,0.074,0.074,0
AGD,20181227,0.06,0.06,0.06,0.06,14145
AGD,20181228,0.06,0.06,0.06,0.06,0
AGD,20181231,0.06,0.06,0.06,0.06,0
AGD,20190102,0.06,0.06,0.06,0.06,0
AGD,20190103,0.06,0.06,0.06,0.06,0
AGD,20190104,0.06,0.06,0.06,0.06,0
AGD,20190107,0.06,0.06,0.06,0.06,86487
AGD,20190108,0.06,0.06,0.06,0.06,52320
AGD,20190109,0.06,0.06,0.06,0.06,0
AGD,20190110,0.06,0.06,0.06,0.06,0
AGD,20190111,0.06,0.06,0.06,0.06,0
AGD,20190114,0.06,0.06,0.06,0.06,0
AGD,20190115,0.06,0.06,0.06,0.06,0
AGD,20190116,0.06,0.06,0.06,0.06,0
AGD,20190117,0.06,0.06,0.06,0.06,0
AGD,20190118,0.06,0.06,0.06,0.06,0
AGD,20190121,0.062,0.062,0.062,0.062,1976
AGD,20190122,0.062,0.062,0.062,0.062,500
AGD,20190123,0.066,0.066,0.066,0.066,50000
AGD,20190124,0.07,0.07,0.07,0.07,15855
AGD,20190125,0.07,0.07,0.07,0.07,0
AGD,20190129,0.07,0.07,0.07,0.07,5000
AGD,20190130,0.07,0.07,0.07,0.07,0
AGD,20190131,0.07,0.07,0.07,0.07,4145
AGD,20190201,0.075,0.075,0.073,0.073,13089
AGD,20190204,0.073,0.073,0.073,0.073,0
AGD,20190205,0.073,0.073,0.073,0.073,0
AGD,20190206,0.073,0.073,0.073,0.073,0
AGD,20190207,0.073,0.073,0.073,0.073,0
AGD,20190208,0.073,0.073,0.073,0.073,0
AGD,20190211,0.073,0.073,0.073,0.073,0
AGD,20190212,0.073,0.073,0.073,0.073,0
AGD,20190213,0.073,0.073,0.07,0.07,25029
AGD,20190214,0.07,0.07,0.07,0.07,0
AGD,20190215,0.07,0.07,0.07,0.07,0
AGD,20190218,0.07,0.07,0.07,0.07,0
AGD,20190219,0.07,0.07,0.07,0.07,0
AGD,20190220,0.07,0.07,0.07,0.07,0
AGD,20190221,0.07,0.07,0.07,0.07,0
AGD,20190222,0.07,0.07,0.07,0.07,0
AGD,20190225,0.07,0.07,0.07,0.07,0
AGD,20190226,0.07,0.07,0.07,0.07,17000
AGD,20190227,0.071,0.071,0.07,0.07,33000
AGD,20190228,0.07,0.07,0.07,0.07,0
AGD,20190301,0.073,0.073,0.073,0.073,826
AGD,20190304,0.073,0.073,0.073,0.073,0
AGD,20190305,0.073,0.073,0.073,0.073,0
AGD,20190306,0.068,0.068,0.067,0.067,42759
AGD,20190307,0.067,0.067,0.067,0.067,6076
AGD,20190308,0.067,0.067,0.067,0.067,0
AGD,20190311,0.068,0.068,0.068,0.068,564
AGD,20190312,0.068,0.068,0.068,0.068,0
AGD,20190313,0.068,0.068,0.068,0.068,0
AGD,20190314,0.068,0.068,0.068,0.068,0
AGD,20190315,0.067,0.067,0.067,0.067,714
AGD,20190318,0.067,0.067,0.067,0.067,0
AGD,20190319,0.08,0.08,0.08,0.08,116958
AGD,20190320,0.08,0.08,0.08,0.08,0
AGD,20190321,0.1,0.1,0.1,0.1,85555
AGD,20190322,0.1,0.1,0.1,0.1,0
AGD,20190325,0.11,0.11,0.11,0.11,5000
AGD,20190326,0.11,0.11,0.11,0.11,0
AGD,20190327,0.11,0.11,0.11,0.11,9590
AGD,20190328,0.11,0.11,0.11,0.11,0
AGD,20190329,0.11,0.11,0.11,0.11,5000
AGD,20190401,0.11,0.11,0.11,0.11,15000
AGD,20190402,0.11,0.11,0.11,0.11,9436
AGD,20190403,0.11,0.11,0.11,0.11,0
AGD,20190404,0.11,0.11,0.11,0.11,0
AGD,20190405,0.086,0.086,0.085,0.085,20361
AGD,20190408,0.085,0.085,0.085,0.085,0
AGD,20190409,0.085,0.085,0.085,0.085,0
AGD,20190410,0.085,0.085,0.085,0.085,17530
AGD,20190411,0.085,0.085,0.085,0.085,0
AGD,20190412,0.085,0.085,0.085,0.085,0
AGD,20190415,0.085,0.085,0.085,0.085,0
AGD,20190416,0.085,0.085,0.085,0.085,0
AGD,20190417,0.075,0.075,0.07,0.07,31555
AGD,20190418,0.07,0.07,0.07,0.07,0
AGD,20190423,0.07,0.07,0.07,0.07,0
AGD,20190424,0.07,0.07,0.07,0.07,5646
AGD,20190426,0.073,0.073,0.072,0.072,2000
AGD,20190429,0.07,0.07,0.07,0.07,7856
AGD,20190430,0.07,0.07,0.07,0.07,1853
AGD,20190501,0.07,0.07,0.07,0.07,0
AGD,20190502,0.07,0.07,0.07,0.07,0
AGD,20190503,0.07,0.07,0.07,0.07,0
AGD,20190506,0.07,0.07,0.07,0.07,6202
AGD,20190507,0.07,0.07,0.07,0.07,0
AGD,20190508,0.07,0.07,0.07,0.07,0
AGD,20190509,0.07,0.07,0.07,0.07,0
AGD,20190510,0.07,0.07,0.07,0.07,0
AGD,20190513,0.071,0.071,0.07,0.07,43039
AGD,20190514,0.07,0.07,0.07,0.07,0
AGD,20190515,0.07,0.07,0.07,0.07,0
AGD,20190516,0.07,0.07,0.07,0.07,0
AGD,20190517,0.063,0.063,0.063,0.063,1592
AGD,20190520,0.065,0.065,0.065,0.065,30000
AGD,20190521,0.065,0.065,0.065,0.065,0
AGD,20190522,0.065,0.065,0.065,0.065,0
AGD,20190523,0.065,0.065,0.065,0.065,0
AGD,20190524,0.065,0.065,0.065,0.065,0
AGD,20190527,0.065,0.065,0.065,0.065,0
AGD,20190528,0.065,0.065,0.065,0.065,0
AGD,20190529,0.065,0.065,0.065,0.065,0
AGD,20190530,0.065,0.065,0.065,0.065,0
AGD,20190531,0.065,0.065,0.065,0.065,0
AGD,20190603,0.065,0.065,0.065,0.065,0
AGD,20190604,0.065,0.065,0.06,0.06,193666
AGD,20190605,0.06,0.06,0.06,0.06,0
AGD,20190606,0.06,0.06,0.06,0.06,0
AGD,20190607,0.06,0.06,0.06,0.06,15856
AGD,20190611,0.06,0.06,0.06,0.06,0
AGD,20190612,0.063,0.063,0.063,0.063,48989
AGD,20190613,0.063,0.063,0.063,0.063,0
AGD,20190614,0.063,0.063,0.063,0.063,0
AGD,20190617,0.063,0.063,0.063,0.063,0
AGD,20190618,0.063,0.063,0.063,0.063,0
AGD,20190619,0.063,0.063,0.063,0.063,0
AGD,20190620,0.064,0.064,0.064,0.064,16000
AGD,20190621,0.064,0.064,0.064,0.064,0
AGD,20190624,0.064,0.064,0.064,0.064,0
AGD,20190625,0.065,0.065,0.06,0.06,98461
AGD,20190626,0.06,0.06,0.06,0.06,7124
AGD,20190627,0.06,0.06,0.06,0.06,0
AGD,20190628,0.062,0.062,0.062,0.062,5856
AGD,20190701,0.062,0.062,0.062,0.062,0
AGD,20190702,0.062,0.062,0.062,0.062,0
AGD,20190703,0.062,0.062,0.062,0.062,0
AGD,20190704,0.062,0.062,0.062,0.062,0
AGD,20190705,0.062,0.062,0.062,0.062,0
AGD,20190708,0.065,0.065,0.065,0.065,10000
AGD,20190709,0.066,0.066,0.066,0.066,56467
AGD,20190710,0.066,0.066,0.066,0.066,0
AGD,20190711,0.066,0.066,0.066,0.066,0
AGD,20190712,0.066,0.066,0.066,0.066,0
AGD,20190715,0.066,0.066,0.066,0.066,0
AGD,20190716,0.064,0.064,0.064,0.064,1000
AGD,20190717,0.067,0.067,0.067,0.067,9500
AGD,20190718,0.067,0.067,0.067,0.067,43952
AGD,20190719,0.067,0.067,0.067,0.067,9500
AGD,20190722,0.069,0.069,0.069,0.069,540
AGD,20190723,0.069,0.069,0.069,0.069,0
AGD,20190724,0.069,0.069,0.069,0.069,0
AGD,20190725,0.079,0.079,0.075,0.075,53595
AGD,20190726,0.075,0.075,0.075,0.075,79063
AGD,20190729,0.075,0.075,0.075,0.075,0
AGD,20190730,0.075,0.075,0.075,0.075,0
AGD,20190731,0.075,0.075,0.075,0.075,2758
AGD,20190801,0.075,0.075,0.075,0.075,3419
AGD,20190802,0.075,0.075,0.075,0.075,1323
AGD,20190805,0.075,0.076,0.075,0.076,20923
AGD,20190806,0.076,0.076,0.076,0.076,8265
AGD,20190807,0.083,0.083,0.082,0.083,107584
AGD,20190808,0.085,0.085,0.085,0.085,50000
AGD,20190809,0.092,0.094,0.091,0.091,33230
AGD,20190812,0.091,0.091,0.091,0.091,46475
AGD,20190813,0.094,0.094,0.091,0.091,55021
AGD,20190814,0.083,0.083,0.083,0.083,6816
AGD,20190815,0.085,0.093,0.085,0.093,180752
AGD,20190816,0.093,0.093,0.091,0.091,61282
AGD,20190819,0.093,0.093,0.093,0.093,5495
AGD,20190820,0.093,0.093,0.093,0.093,0
AGD,20190821,0.092,0.092,0.092,0.092,5500
AGD,20190822,0.083,0.083,0.072,0.072,39998
AGD,20190823,0.072,0.072,0.072,0.072,1
AGD,20190826,0.076,0.08,0.076,0.079,58802
AGD,20190827,0.081,0.081,0.08,0.08,61498
AGD,20190828,0.08,0.08,0.08,0.08,47918
AGD,20190829,0.08,0.08,0.078,0.08,269954
AGD,20190830,0.08,0.08,0.08,0.08,31100
AGD,20190902,0.078,0.078,0.078,0.078,3125
AGD,20190903,0.078,0.078,0.078,0.078,0
AGD,20190904,0.078,0.078,0.078,0.078,0
AGD,20190905,0.079,0.08,0.079,0.08,8819
AGD,20190906,0.08,0.08,0.079,0.08,52657
AGD,20190909,0.08,0.08,0.08,0.08,5000
AGD,20190910,0.08,0.08,0.079,0.079,120000
AGD,20190911,0.08,0.08,0.08,0.08,45307
AGD,20190912,0.079,0.079,0.079,0.079,8535
AGD,20190913,0.079,0.079,0.079,0.079,0
AGD,20190916,0.079,0.079,0.079,0.079,0
AGD,20190917,0.08,0.08,0.08,0.08,13377
AGD,20190918,0.079,0.079,0.079,0.079,5900
AGD,20190919,0.08,0.08,0.079,0.079,49000
AGD,20190920,0.079,0.079,0.079,0.079,30000
AGD,20190923,0.08,0.08,0.08,0.08,35000
AGD,20190924,0.078,0.078,0.077,0.077,18045
AGD,20190925,0.08,0.08,0.08,0.08,13500
AGD,20190926,0.08,0.08,0.08,0.08,6000
AGD,20190927,0.08,0.08,0.08,0.08,0
AGD,20190930,0.08,0.08,0.08,0.08,6475
AGD,20191001,0.08,0.08,0.08,0.08,1375
AGD,20191002,0.077,0.077,0.077,0.077,20000
AGD,20191003,0.077,0.077,0.077,0.077,2650
AGD,20191004,0.077,0.077,0.077,0.077,0
AGD,20191007,0.08,0.08,0.08,0.08,30000
AGD,20191008,0.08,0.08,0.08,0.08,0
AGD,20191009,0.074,0.075,0.072,0.072,50564
AGD,20191010,0.072,0.072,0.072,0.072,0
AGD,20191011,0.072,0.072,0.072,0.072,0
AGD,20191014,0.072,0.072,0.072,0.072,0
AGD,20191015,0.072,0.072,0.072,0.072,0
AGD,20191016,0.072,0.072,0.072,0.072,0
AGD,20191017,0.073,0.073,0.073,0.073,4517
AGD,20191018,0.074,0.074,0.073,0.073,13000
AGD,20191021,0.073,0.073,0.073,0.073,0
AGD,20191022,0.073,0.073,0.073,0.073,0
AGD,20191023,0.073,0.073,0.073,0.073,0
AGD,20191024,0.073,0.073,0.073,0.073,0
AGD,20191025,0.073,0.073,0.073,0.073,0
AGD,20191028,0.074,0.074,0.073,0.073,100000
AGD,20191029,0.073,0.073,0.073,0.073,0
AGD,20191030,0.073,0.073,0.073,0.073,0
AGD,20191031,0.074,0.074,0.074,0.074,11387
AGD,20191101,0.074,0.074,0.074,0.074,0
AGD,20191104,0.074,0.074,0.074,0.074,0
AGD,20191105,0.074,0.074,0.074,0.074,0
AGD,20191106,0.074,0.074,0.074,0.074,0
AGD,20191107,0.074,0.074,0.074,0.074,0
AGD,20191108,0.072,0.072,0.072,0.072,11293
AGD,20191111,0.072,0.072,0.072,0.072,0
AGD,20191112,0.072,0.072,0.072,0.072,0
AGD,20191113,0.073,0.073,0.072,0.072,85702
AGD,20191114,0.072,0.072,0.072,0.072,564
AGD,20191115,0.072,0.072,0.072,0.072,0
AGD,20191118,0.077,0.078,0.077,0.078,10000
AGD,20191119,0.078,0.078,0.078,0.078,0
AGD,20191120,0.078,0.078,0.078,0.078,0
AGD,20191121,0.068,0.068,0.068,0.068,677
AGD,20191122,0.068,0.068,0.068,0.068,2823
AGD,20191125,0.068,0.078,0.065,0.065,103400
AGD,20191126,0.065,0.065,0.065,0.065,0
AGD,20191127,0.065,0.065,0.065,0.065,0
AGD,20191128,0.065,0.065,0.065,0.065,0
AGD,20191129,0.065,0.065,0.065,0.065,0
AGD,20191202,0.065,0.065,0.065,0.065,4000
AGD,20191203,0.066,0.066,0.065,0.065,51000
AGD,20191204,0.065,0.065,0.065,0.065,0
AGD,20191205,0.065,0.065,0.065,0.065,0
AGD,20191206,0.065,0.065,0.065,0.065,0
AGD,20191209,0.065,0.065,0.065,0.065,0
AGD,20191210,0.065,0.065,0.065,0.065,0
AGD,20191211,0.065,0.065,0.065,0.065,0
AGD,20191212,0.065,0.065,0.065,0.065,0
AGD,20191213,0.065,0.065,0.065,0.065,0
AGD,20191216,0.065,0.065,0.065,0.065,0
AGD,20191217,0.065,0.065,0.065,0.065,0
AGD,20191218,0.065,0.065,0.065,0.065,0
AGD,20191219,0.065,0.065,0.065,0.065,0
AGD,20191220,0.065,0.065,0.065,0.065,0
AGD,20191223,0.07,0.07,0.07,0.07,28
AGD,20191224,0.077,0.08,0.077,0.08,223972
AGD,20191227,0.08,0.08,0.071,0.071,68440
AGD,20191230,0.094,0.096,0.087,0.096,302782
AGD,20191231,0.095,0.095,0.09,0.09,33889
AGD,20200102,0.09,0.09,0.09,0.09,6000
AGD,20200103,0.09,0.09,0.09,0.09,0
AGD,20200106,0.095,0.095,0.094,0.094,115358
AGD,20200107,0.094,0.094,0.094,0.094,0
AGD,20200108,0.094,0.094,0.094,0.094,0
AGD,20200109,0.095,0.095,0.095,0.095,4036
AGD,20200113,0.087,0.087,0.087,0.087,20000
AGD,20200114,0.08,0.081,0.08,0.081,6564
AGD,20200115,0.081,0.081,0.081,0.081,80
AGD,20200116,0.081,0.081,0.081,0.081,0
AGD,20200117,0.081,0.081,0.081,0.081,0
AGD,20200120,0.081,0.081,0.081,0.081,7975
AGD,20200121,0.081,0.081,0.081,0.081,0
AGD,20200122,0.081,0.081,0.081,0.081,500
AGD,20200123,0.081,0.081,0.081,0.081,12300
AGD,20200124,0.081,0.081,0.081,0.081,28
AGD,20200128,0.081,0.081,0.081,0.081,0
AGD,20200129,0.081,0.081,0.081,0.081,0
AGD,20200130,0.081,0.081,0.081,0.081,0
AGD,20200203,0.095,0.097,0.095,0.095,12530
AGD,20200204,0.095,0.095,0.095,0.095,0
AGD,20200205,0.095,0.095,0.095,0.095,0
AGD,20200210,0.094,0.094,0.094,0.094,0
AGD,20200211,0.089,0.09,0.089,0.09,5632
AGD,20200212,0.09,0.09,0.09,0.09,0
AGD,20200213,0.09,0.09,0.09,0.09,0
AGD,20200214,0.09,0.09,0.09,0.09,0
AGD,20200217,0.098,0.1,0.098,0.1,102617
AGD,20200218,0.11,0.115,0.11,0.115,40000
AGD,20200219,0.12,0.13,0.115,0.13,331186
AGD,20200220,0.135,0.16,0.135,0.16,248083
AGD,20200221,0.165,0.165,0.155,0.155,131373
AGD,20200224,0.16,0.165,0.15,0.165,175000
AGD,20200225,0.165,0.165,0.14,0.14,302110
AGD,20200226,0.15,0.15,0.14,0.14,73859
AGD,20200227,0.135,0.135,0.135,0.135,12641
AGD,20200228,0.13,0.13,0.12,0.12,159000
AGD,20200302,0.12,0.12,0.11,0.11,44078
AGD,20200303,0.095,0.095,0.095,0.095,4815
AGD,20200304,0.095,0.095,0.095,0.095,0
AGD,20200305,0.095,0.095,0.095,0.095,0
AGD,20200306,0.145,0.155,0.145,0.155,56938
AGD,20200309,0.15,0.155,0.15,0.155,50750
AGD,20200310,0.155,0.17,0.155,0.17,273359
AGD,20200311,0.17,0.175,0.165,0.165,183994
AGD,20200312,0.165,0.165,0.165,0.165,11500
AGD,20200313,0.14,0.155,0.11,0.11,37743
AGD,20200316,0.11,0.11,0.1,0.1,111948
AGD,20200317,0.099,0.099,0.099,0.099,10558
AGD,20200318,0.135,0.14,0.135,0.14,25871
AGD,20200319,0.14,0.14,0.14,0.14,4000
AGD,20200320,0.165,0.165,0.155,0.16,68000
AGD,20200323,0.16,0.16,0.16,0.16,1250
AGD,20200324,0.145,0.16,0.145,0.16,65429
AGD,20200325,0.165,0.165,0.16,0.16,145340
AGD,20200326,0.165,0.165,0.16,0.16,13160
AGD,20200327,0.16,0.16,0.16,0.16,0
AGD,20200330,0.14,0.14,0.14,0.14,15000
AGD,20200331,0.15,0.15,0.125,0.125,16135
AGD,20200401,0.14,0.14,0.13,0.13,53642
AGD,20200402,0.13,0.13,0.13,0.13,0
AGD,20200403,0.13,0.13,0.13,0.13,14228
AGD,20200406,0.13,0.13,0.13,0.13,0
AGD,20200407,0.14,0.16,0.14,0.16,107000
AGD,20200408,0.135,0.135,0.13,0.135,152509
AGD,20200409,0.145,0.15,0.145,0.15,61453
AGD,20200414,0.155,0.165,0.15,0.165,231500
AGD,20200415,0.16,0.17,0.155,0.165,331756
AGD,20200416,0.165,0.17,0.155,0.17,202123
AGD,20200417,0.17,0.17,0.165,0.165,15850
AGD,20200420,0.17,0.17,0.165,0.165,185253
AGD,20200421,0.165,0.165,0.165,0.165,205500
AGD,20200422,0.165,0.165,0.155,0.155,433521
AGD,20200423,0.165,0.165,0.155,0.155,47250
AGD,20200424,0.17,0.17,0.16,0.165,79760
AGD,20200427,0.165,0.165,0.165,0.165,84503
AGD,20200428,0.16,0.165,0.155,0.155,56208
AGD,20200429,0.155,0.155,0.155,0.155,42783
AGD,20200430,0.155,0.165,0.155,0.16,62625
AGD,20200501,0.16,0.16,0.16,0.16,6400
AGD,20200504,0.15,0.155,0.15,0.15,152726
AGD,20200505,0.15,0.15,0.135,0.135,101705
AGD,20200506,0.155,0.155,0.155,0.155,101640
AGD,20200507,0.155,0.16,0.155,0.16,55872
AGD,20200508,0.16,0.16,0.15,0.16,75968
AGD,20200511,0.16,0.165,0.145,0.165,48990
AGD,20200512,0.165,0.17,0.15,0.15,539428
AGD,20200513,0.15,0.155,0.15,0.155,39619
AGD,20200514,0.155,0.16,0.155,0.155,42214
AGD,20200515,0.155,0.175,0.155,0.175,58800
AGD,20200518,0.17,0.175,0.165,0.165,151873
AGD,20200519,0.165,0.165,0.16,0.16,34286
AGD,20200520,0.165,0.165,0.16,0.165,208170
AGD,20200521,0.165,0.17,0.155,0.155,133067
AGD,20200522,0.16,0.16,0.145,0.145,54975
AGD,20200525,0.155,0.165,0.145,0.15,129918
AGD,20200526,0.15,0.15,0.15,0.15,12500
AGD,20200527,0.15,0.155,0.145,0.145,45398
AGD,20200528,0.155,0.16,0.155,0.16,67290
AGD,20200529,0.155,0.155,0.145,0.145,263777
AGD,20200601,0.155,0.155,0.135,0.155,363306
AGD,20200602,0.155,0.155,0.135,0.135,293011
AGD,20200603,0.145,0.15,0.135,0.135,101914
AGD,20200604,0.14,0.145,0.135,0.14,35872
AGD,20200605,0.15,0.15,0.14,0.14,161387
AGD,20200609,0.14,0.14,0.135,0.14,198060
AGD,20200610,0.145,0.145,0.14,0.14,3223
AGD,20200611,0.135,0.14,0.135,0.14,146076
AGD,20200612,0.14,0.14,0.135,0.135,19500
AGD,20200615,0.14,0.15,0.14,0.14,85648
AGD,20200616,0.145,0.15,0.145,0.145,13484
AGD,20200617,0.145,0.145,0.14,0.14,52531
AGD,20200618,0.14,0.145,0.14,0.14,8418
AGD,20200619,0.14,0.14,0.135,0.135,72577
AGD,20200622,0.14,0.14,0.135,0.135,32273
AGD,20200623,0.15,0.15,0.15,0.15,20000
AGD,20200624,0.15,0.155,0.135,0.155,4014
AGD,20200625,0.14,0.14,0.135,0.135,246414
AGD,20200626,0.14,0.14,0.135,0.135,172730
AGD,20200629,0.14,0.14,0.135,0.135,79570
AGD,20200630,0.135,0.155,0.135,0.155,163127
AGD,20200701,0.16,0.165,0.155,0.155,458396
AGD,20200702,0.16,0.17,0.16,0.17,272942
AGD,20200703,0.17,0.17,0.16,0.17,374601
AGD,20200706,0.17,0.17,0.165,0.165,488552
AGD,20200707,0.165,0.17,0.165,0.17,208888
AGD,20200708,0.17,0.17,0.16,0.165,283250
AGD,20200709,0.165,0.165,0.16,0.16,27278
AGD,20200710,0.16,0.17,0.16,0.16,42970
AGD,20200713,0.155,0.155,0.15,0.15,86367
AGD,20200714,0.16,0.17,0.16,0.165,70491
AGD,20200715,0.165,0.165,0.16,0.16,71931
AGD,20200716,0.16,0.165,0.16,0.165,79700
AGD,20200717,0.165,0.165,0.165,0.165,18076
AGD,20200720,0.165,0.165,0.165,0.165,900
AGD,20200721,0.165,0.165,0.165,0.165,45362
AGD,20200722,0.165,0.175,0.165,0.175,271465
AGD,20200723,0.18,0.2,0.175,0.175,869174
AGD,20200724,0.18,0.18,0.175,0.18,317120
AGD,20200727,0.18,0.185,0.175,0.185,418987
AGD,20200728,0.195,0.21,0.19,0.2,1656886
AGD,20200729,0.2,0.215,0.19,0.21,1648216
AGD,20200730,0.205,0.21,0.175,0.18,30993351
AGD,20200731,0.18,0.18,0.165,0.17,900106
AGD,20200803,0.165,0.195,0.165,0.195,310959
AGD,20200804,0.19,0.19,0.185,0.185,192487
AGD,20200805,0.195,0.205,0.19,0.19,929865
AGD,20200806,0.2,0.21,0.2,0.205,312976
AGD,20200807,0.21,0.225,0.21,0.22,761481
AGD,20200810,0.23,0.23,0.22,0.225,411283
AGD,20200811,0.225,0.26,0.22,0.24,683740
AGD,20200812,0.215,0.235,0.205,0.21,975021
AGD,20200813,0.23,0.24,0.22,0.23,29326
AGD,20200814,0.24,0.245,0.24,0.24,187748
AGD,20200817,0.245,0.26,0.245,0.25,431406
AGD,20200818,0.265,0.275,0.26,0.27,301674
AGD,20200819,0.29,0.33,0.275,0.33,1353060
AGD,20200820,0.31,0.31,0.275,0.29,676056
AGD,20200821,0.29,0.3,0.275,0.3,460503
AGD,20200824,0.3,0.3,0.28,0.3,208973
AGD,20200825,0.3,0.3,0.285,0.285,45186
AGD,20200826,0.285,0.3,0.265,0.265,182435
AGD,20200827,0.275,0.29,0.27,0.27,141892
AGD,20200828,0.27,0.295,0.265,0.265,82417
AGD,20200831,0.3,0.3,0.275,0.285,725961
AGD,20200901,0.295,0.31,0.29,0.3,359073
AGD,20200902,0.3,0.315,0.295,0.315,326105
AGD,20200903,0.325,0.41,0.32,0.32,1106518
AGD,20200904,0.32,0.35,0.32,0.34,176173
AGD,20200907,0.325,0.35,0.325,0.33,372394
AGD,20200908,0.33,0.35,0.295,0.35,467088
AGD,20200909,0.35,0.35,0.315,0.325,178995
AGD,20200910,0.34,0.345,0.315,0.335,501971
AGD,20200911,0.32,0.32,0.31,0.32,78893
AGD,20200914,0.335,0.34,0.33,0.335,118256
AGD,20200915,0.335,0.34,0.33,0.33,222505
AGD,20200916,0.34,0.35,0.33,0.345,325553
AGD,20200917,0.345,0.36,0.345,0.35,141815
AGD,20200918,0.345,0.35,0.32,0.34,448113
AGD,20200921,0.34,0.34,0.295,0.295,356168
AGD,20200922,0.295,0.295,0.25,0.265,1317448
AGD,20200923,0.25,0.25,0.235,0.235,540503
AGD,20200924,0.23,0.245,0.22,0.23,449361
AGD,20200925,0.23,0.237,0.225,0.23,293159
AGD,20200928,0.235,0.265,0.235,0.265,292972
AGD,20200929,0.26,0.265,0.25,0.25,220365
AGD,20200930,0.25,0.25,0.23,0.235,303662
AGD,20201001,0.235,0.24,0.235,0.235,56394
AGD,20201002,0.24,0.24,0.235,0.235,109360
AGD,20201005,0.235,0.235,0.225,0.225,116639
AGD,20201006,0.225,0.26,0.225,0.26,292958
AGD,20201007,0.25,0.26,0.25,0.26,412521
AGD,20201008,0.255,0.26,0.255,0.255,68861
AGD,20201009,0.25,0.255,0.23,0.23,35672
AGD,20201012,0.255,0.26,0.25,0.25,554912
AGD,20201013,0.26,0.26,0.24,0.26,342119
AGD,20201014,0.24,0.245,0.24,0.24,154039
AGD,20201015,0.245,0.25,0.245,0.25,93815
AGD,20201016,0.25,0.255,0.24,0.245,342816
AGD,20201019,0.245,0.25,0.225,0.225,192910
AGD,20201020,0.23,0.235,0.23,0.23,114056
AGD,20201021,0.23,0.237,0.225,0.23,92832
AGD,20201022,0.24,0.242,0.23,0.23,44397
AGD,20201023,0.23,0.23,0.22,0.23,198652
AGD,20201026,0.235,0.255,0.23,0.235,292752
AGD,20201027,0.23,0.23,0.215,0.23,163281
AGD,20201028,0.23,0.23,0.21,0.23,242057
AGD,20201029,0.21,0.255,0.21,0.255,366200
AGD,20201030,0.255,0.255,0.23,0.235,82021
AGD,20201102,0.245,0.245,0.23,0.23,189400
AGD,20201103,0.245,0.245,0.23,0.24,81134
AGD,20201104,0.225,0.23,0.22,0.225,86412
AGD,20201105,0.245,0.245,0.245,0.245,4081
AGD,20201106,0.24,0.24,0.23,0.24,184003
AGD,20201109,0.24,0.24,0.24,0.24,19700
AGD,20201110,0.2,0.23,0.2,0.215,420197
AGD,20201111,0.23,0.23,0.215,0.23,230630
AGD,20201112,0.23,0.23,0.22,0.23,144951
AGD,20201113,0.23,0.23,0.23,0.23,3500
AGD,20201116,0.23,0.235,0.23,0.235,30598
AGD,20201117,0.235,0.235,0.22,0.225,67371
AGD,20201118,0.23,0.235,0.22,0.22,182117
AGD,20201120,0.2,0.205,0.2,0.205,163827
AGD,20201123,0.205,0.205,0.185,0.205,559531
AGD,20201124,0.215,0.215,0.18,0.18,1096376
AGD,20201125,0.185,0.195,0.185,0.19,24865
AGD,20201126,0.195,0.195,0.18,0.18,279045
AGD,20201127,0.18,0.18,0.18,0.18,64786
AGD,20201130,0.18,0.18,0.165,0.165,751362
AGD,20201201,0.19,0.205,0.18,0.2,144828
AGD,20201202,0.21,0.22,0.2,0.205,421002
AGD,20201203,0.21,0.215,0.2,0.21,335215
AGD,20201204,0.19,0.19,0.185,0.19,140031
AGD,20201207,0.2,0.2,0.185,0.19,94153
AGD,20201208,0.19,0.19,0.19,0.19,136989
AGD,20201209,0.205,0.205,0.185,0.19,69501
AGD,20201210,0.19,0.2,0.19,0.2,21056
AGD,20201211,0.2,0.2,0.19,0.19,227310
AGD,20201214,0.195,0.205,0.195,0.2,97554
AGD,20201215,0.2,0.205,0.2,0.205,92523
AGD,20201216,0.21,0.215,0.205,0.21,102205
AGD,20201217,0.21,0.215,0.205,0.205,129185
AGD,20201218,0.205,0.205,0.19,0.2,81333
AGD,20201221,0.2,0.21,0.195,0.195,266614
AGD,20201222,0.2,0.2,0.19,0.2,153882
AGD,20201224,0.19,0.19,0.19,0.19,0
AGD,20201229,0.21,0.21,0.2,0.2,176165
AGD,20201230,0.21,0.215,0.205,0.21,397379
AGD,20201231,0.21,0.21,0.2,0.21,392432
AGD,20210104,0.21,0.215,0.2,0.215,983152
AGD,20210105,0.215,0.215,0.205,0.21,176440
AGD,20210106,0.215,0.215,0.205,0.205,219799
AGD,20210107,0.21,0.21,0.205,0.21,32638
AGD,20210108,0.215,0.23,0.21,0.22,375971
AGD,20210111,0.225,0.225,0.21,0.22,219544
AGD,20210112,0.22,0.225,0.21,0.22,95748
AGD,20210113,0.22,0.23,0.205,0.205,100339
AGD,20210114,0.215,0.215,0.205,0.21,155131
AGD,20210115,0.205,0.21,0.205,0.21,51162
AGD,20210118,0.21,0.21,0.2,0.205,109431
AGD,20210119,0.2,0.21,0.2,0.21,92187
AGD,20210120,0.2,0.21,0.2,0.205,90281
AGD,20210121,0.2,0.21,0.2,0.21,24397
AGD,20210122,0.2,0.215,0.2,0.21,300598
AGD,20210125,0.2,0.215,0.2,0.21,137989
AGD,20210127,0.21,0.215,0.21,0.215,43441
AGD,20210128,0.21,0.21,0.21,0.21,2630
AGD,20210129,0.21,0.215,0.2,0.2,131000
AGD,20210201,0.215,0.26,0.21,0.26,1683184
AGD,20210203,0.24,0.245,0.225,0.23,316732
AGD,20210204,0.23,0.235,0.225,0.225,24234
AGD,20210205,0.225,0.225,0.215,0.225,242594
AGD,20210208,0.225,0.225,0.2,0.21,415808
AGD,20210209,0.205,0.21,0.195,0.2,601223
AGD,20210210,0.2,0.215,0.2,0.2,26508
AGD,20210211,0.21,0.21,0.195,0.195,228443
AGD,20210212,0.2,0.2,0.19,0.195,219273
AGD,20210215,0.2,0.2,0.2,0.2,42500
AGD,20210216,0.2,0.2,0.2,0.2,0
AGD,20210217,0.195,0.195,0.18,0.185,205185
AGD,20210218,0.19,0.22,0.19,0.19,324207
AGD,20210219,0.195,0.195,0.185,0.19,257599
AGD,20210222,0.195,0.195,0.185,0.19,234472
AGD,20210223,0.215,0.215,0.19,0.21,228279
AGD,20210224,0.21,0.21,0.2,0.2,33202
AGD,20210225,0.215,0.215,0.2,0.205,129714
AGD,20210226,0.205,0.205,0.2,0.2,66596
AGD,20210301,0.2,0.21,0.195,0.21,176995
AGD,20210302,0.21,0.21,0.2,0.2,171051
AGD,20210303,0.195,0.21,0.195,0.21,38511
AGD,20210304,0.205,0.21,0.2,0.2,133355
AGD,20210305,0.195,0.2,0.19,0.19,340169
AGD,20210308,0.19,0.19,0.19,0.19,54310
AGD,20210309,0.19,0.19,0.185,0.185,59886
AGD,20210310,0.185,0.185,0.185,0.185,17411
AGD,20210311,0.185,0.185,0.185,0.185,17411
AGD,20210312,0.185,0.185,0.185,0.185,24675
AGD,20210315,0.185,0.19,0.185,0.185,155080
AGD,20210316,0.185,0.185,0.185,0.185,6000
AGD,20210317,0.18,0.185,0.18,0.185,195271
AGD,20210318,0.185,0.195,0.18,0.18,42400
AGD,20210319,0.18,0.195,0.18,0.195,6500
AGD,20210322,0.19,0.195,0.185,0.185,60027
AGD,20210323,0.185,0.19,0.175,0.175,31954
AGD,20210324,0.175,0.19,0.175,0.19,177252
AGD,20210325,0.18,0.19,0.18,0.19,211533
AGD,20210329,0.18,0.18,0.18,0.18,0
AGD,20210330,0.18,0.18,0.18,0.18,0
AGD,20210331,0.17,0.175,0.17,0.175,68102
AGD,20210401,0.175,0.18,0.17,0.18,460593
AGD,20210406,0.18,0.18,0.17,0.175,322182
AGD,20210407,0.2,0.2,0.175,0.175,349991
AGD,20210408,0.175,0.175,0.175,0.175,0
AGD,20210409,0.18,0.18,0.18,0.18,10000
AGD,20210412,0.175,0.175,0.17,0.175,361437
AGD,20210413,0.175,0.175,0.175,0.175,26428
AGD,20210414,0.17,0.175,0.17,0.175,94687
AGD,20210415,0.175,0.18,0.175,0.175,182852
AGD,20210416,0.18,0.18,0.18,0.18,97500
AGD,20210419,0.19,0.195,0.185,0.19,27672
AGD,20210420,0.18,0.185,0.175,0.185,205623
AGD,20210421,0.175,0.18,0.17,0.18,263578
AGD,20210422,0.185,0.195,0.18,0.18,39020
AGD,20210423,0.175,0.175,0.175,0.175,40000
AGD,20210426,0.175,0.175,0.175,0.175,0
AGD,20210427,0.185,0.19,0.18,0.18,117019
AGD,20210428,0.18,0.18,0.18,0.18,0
AGD,20210429,0.18,0.18,0.18,0.18,2053
AGD,20210430,0.175,0.18,0.175,0.18,15000
AGD,20210503,0.17,0.18,0.17,0.18,30227
AGD,20210504,0.18,0.18,0.16,0.16,710069
AGD,20210505,0.17,0.17,0.16,0.16,89720
AGD,20210506,0.165,0.17,0.155,0.155,247110
AGD,20210507,0.165,0.17,0.16,0.17,111110
AGD,20210510,0.175,0.175,0.165,0.165,246016
AGD,20210511,0.175,0.175,0.16,0.16,222503
AGD,20210512,0.155,0.155,0.155,0.155,331700
AGD,20210513,0.16,0.16,0.155,0.155,229031
AGD,20210514,0.16,0.16,0.15,0.15,138783
AGD,20210517,0.15,0.16,0.15,0.16,158134
AGD,20210518,0.17,0.175,0.167,0.17,233547
AGD,20210519,0.16,0.18,0.155,0.175,179348
AGD,20210520,0.175,0.175,0.17,0.175,16305
AGD,20210521,0.175,0.175,0.175,0.175,3000
AGD,20210524,0.175,0.18,0.175,0.175,177412
AGD,20210525,0.175,0.175,0.175,0.175,18139
AGD,20210526,0.175,0.175,0.175,0.175,14830
AGD,20210527,0.175,0.175,0.175,0.175,29527
AGD,20210528,0.18,0.18,0.17,0.175,85960
AGD,20210531,0.175,0.18,0.165,0.165,193442
AGD,20210601,0.18,0.18,0.18,0.18,350432
AGD,20210602,0.17,0.175,0.165,0.165,333810
AGD,20210603,0.18,0.18,0.18,0.18,91396
AGD,20210604,0.17,0.17,0.165,0.165,187306
AGD,20210607,0.165,0.165,0.165,0.165,63545
AGD,20210609,0.165,0.165,0.165,0.165,130040
AGD,20210610,0.165,0.17,0.165,0.17,50487
AGD,20210611,0.17,0.17,0.165,0.165,76506
AGD,20210615,0.17,0.17,0.16,0.16,118104
AGD,20210616,0.165,0.165,0.16,0.165,51083
AGD,20210617,0.16,0.165,0.16,0.165,3986
AGD,20210618,0.165,0.165,0.16,0.16,82973
AGD,20210621,0.165,0.165,0.16,0.16,80333
AGD,20210622,0.16,0.16,0.16,0.16,45731
AGD,20210623,0.16,0.16,0.16,0.16,10574
AGD,20210625,0.165,0.165,0.15,0.155,210703
AGD,20210628,0.155,0.155,0.14,0.145,162899
AGD,20210629,0.14,0.15,0.135,0.135,404854
AGD,20210630,0.14,0.145,0.14,0.145,168343
AGD,20210701,0.15,0.155,0.15,0.15,91725
AGD,20210705,0.15,0.155,0.145,0.155,117231
AGD,20210706,0.155,0.155,0.145,0.145,60125
AGD,20210707,0.145,0.145,0.14,0.14,250720
AGD,20210708,0.145,0.15,0.145,0.145,116665
AGD,20210709,0.15,0.15,0.145,0.145,119006
AGD,20210712,0.145,0.145,0.145,0.145,655
AGD,20210714,0.15,0.15,0.145,0.145,128820
AGD,20210715,0.145,0.145,0.145,0.145,51083
AGD,20210716,0.15,0.15,0.15,0.15,38280
AGD,20210719,0.145,0.145,0.145,0.145,117570
AGD,20210720,0.147,0.155,0.145,0.145,153158
AGD,20210723,0.135,0.14,0.13,0.135,1109815
AGD,20210726,0.13,0.13,0.125,0.125,321821
AGD,20210727,0.13,0.13,0.125,0.125,1258559
AGD,20210728,0.125,0.125,0.12,0.12,83223
AGD,20210729,0.13,0.13,0.12,0.13,280621
AGD,20210730,0.13,0.135,0.13,0.135,227000
AGD,20210802,0.135,0.135,0.135,0.135,17300
AGD,20210803,0.135,0.135,0.135,0.135,30000
AGD,20210804,0.13,0.13,0.125,0.125,322331
AGD,20210805,0.135,0.135,0.135,0.135,92278
AGD,20210806,0.125,0.135,0.125,0.135,468239
AGD,20210809,0.135,0.135,0.13,0.13,101476
AGD,20210810,0.125,0.13,0.125,0.13,91948
AGD,20210811,0.135,0.135,0.13,0.135,656501
AGD,20210812,0.14,0.14,0.137,0.137,67892
AGD,20210813,0.14,0.14,0.14,0.14,60000
AGD,20210819,0.125,0.13,0.125,0.125,313432
AGD,20210820,0.125,0.125,0.125,0.125,52993
AGD,20210823,0.125,0.125,0.12,0.12,228335
AGD,20210824,0.125,0.125,0.125,0.125,35000
AGD,20210825,0.125,0.125,0.125,0.125,0
AGD,20210826,0.125,0.125,0.125,0.125,0
AGD,20210827,0.12,0.12,0.117,0.12,117000
AGD,20210830,0.115,0.125,0.115,0.115,73225
AGD,20210831,0.12,0.12,0.12,0.12,65133
AGD,20210901,0.117,0.117,0.117,0.117,30000
AGD,20210902,0.115,0.13,0.115,0.125,349594
AGD,20210903,0.125,0.135,0.125,0.125,231662
AGD,20210906,0.13,0.135,0.13,0.135,190499
AGD,20210907,0.125,0.13,0.125,0.13,60523
AGD,20210908,0.125,0.127,0.125,0.125,37066
AGD,20210909,0.125,0.13,0.12,0.12,101895
AGD,20210910,0.125,0.125,0.115,0.115,488846
AGD,20210913,0.12,0.12,0.115,0.115,280755
AGD,20210914,0.12,0.12,0.11,0.11,41683
AGD,20210915,0.11,0.11,0.11,0.11,0
AGD,20210916,0.115,0.12,0.115,0.12,25532
AGD,20210917,0.12,0.12,0.115,0.115,25485
AGD,20210920,0.115,0.115,0.115,0.115,31185
AGD,20210922,0.115,0.115,0.11,0.11,34196
AGD,20210923,0.115,0.115,0.11,0.11,196685
AGD,20210924,0.11,0.12,0.11,0.115,210408
AGD,20210927,0.115,0.12,0.115,0.12,205068
AGD,20210928,0.115,0.115,0.11,0.115,64628
AGD,20210929,0.11,0.115,0.11,0.11,226436
AGD,20210930,0.11,0.11,0.105,0.105,238955
AGD,20211001,0.107,0.107,0.105,0.105,91149
AGD,20211004,0.105,0.12,0.105,0.105,495000
AGD,20211005,0.107,0.107,0.107,0.107,25500
AGD,20211006,0.105,0.105,0.1,0.1,222247
AGD,20211007,0.105,0.107,0.105,0.107,4063
AGD,20211008,0.11,0.11,0.105,0.11,11886
AGD,20211011,0.105,0.11,0.105,0.105,172175
AGD,20211012,0.105,0.11,0.105,0.105,172175
AGD,20211013,0.105,0.105,0.105,0.105,0
AGD,20211014,0.11,0.11,0.11,0.11,29081
AGD,20211019,0.11,0.11,0.11,0.11,51500
AGD,20211020,0.115,0.115,0.105,0.105,76858
AGD,20211021,0.11,0.11,0.11,0.11,10100
AGD,20211022,0.11,0.11,0.105,0.105,349128
AGD,20211025,0.105,0.11,0.105,0.11,31724
AGD,20211026,0.105,0.11,0.105,0.105,119800
AGD,20211028,0.11,0.11,0.105,0.105,118312
AGD,20211029,0.11,0.11,0.1,0.105,583409
AGD,20211101,0.11,0.11,0.096,0.099,798655
AGD,20211102,0.1,0.1,0.098,0.098,387162
AGD,20211103,0.099,0.099,0.099,0.099,7000
AGD,20211104,0.099,0.099,0.099,0.099,0
AGD,20211105,0.099,0.099,0.098,0.098,30366
AGD,20211109,0.098,0.098,0.098,0.098,1667
AGD,20211110,0.098,0.099,0.098,0.098,95084
AGD,20211112,0.1,0.1,0.099,0.1,303470
AGD,20211115,0.1,0.1,0.099,0.099,138576
AGD,20211116,0.1,0.1,0.096,0.096,223000
AGD,20211117,0.097,0.097,0.097,0.097,20000
AGD,20211118,0.097,0.099,0.096,0.096,349859
AGD,20211119,0.099,0.099,0.095,0.095,179495
AGD,20211122,0.099,0.099,0.091,0.091,194390
AGD,20211123,0.091,0.091,0.08,0.085,409386
AGD,20211124,0.088,0.09,0.085,0.09,372601
AGD,20211125,0.09,0.09,0.085,0.085,186404
AGD,20211126,0.085,0.085,0.085,0.085,299337
AGD,20211129,0.085,0.087,0.084,0.084,65864
AGD,20211130,0.084,0.084,0.084,0.084,0
AGD,20211201,0.084,0.084,0.083,0.083,97662
AGD,20211202,0.083,0.083,0.083,0.083,48654
AGD,20211203,0.084,0.084,0.083,0.083,350000
AGD,20211206,0.085,0.088,0.085,0.085,35317
AGD,20211207,0.085,0.085,0.081,0.081,408342
AGD,20211208,0.081,0.081,0.081,0.081,0
AGD,20211209,0.081,0.081,0.081,0.081,250000
AGD,20211210,0.08,0.081,0.08,0.08,670000
AGD,20211213,0.08,0.08,0.08,0.08,44217
AGD,20211214,0.08,0.08,0.08,0.08,17250
AGD,20211216,0.08,0.08,0.08,0.08,11924
AGD,20211217,0.079,0.081,0.079,0.081,70000
AGD,20211220,0.083,0.083,0.078,0.078,56163
AGD,20211221,0.083,0.083,0.083,0.083,100350
AGD,20211222,0.083,0.083,0.083,0.083,0
AGD,20211223,0.086,0.088,0.086,0.087,23618
AGD,20211224,0.087,0.087,0.087,0.087,550
AGD,20211229,0.09,0.09,0.09,0.09,29000
AGD,20211230,0.09,0.09,0.09,0.09,21242
AGD,20211231,0.09,0.09,0.084,0.084,153723
AGD,20220104,0.084,0.084,0.084,0.084,0
AGD,20220105,0.086,0.086,0.084,0.084,114603
AGD,20220106,0.085,0.085,0.084,0.084,37722
AGD,20220107,0.084,0.085,0.084,0.085,9607
AGD,20220110,0.086,0.086,0.082,0.082,121820
AGD,20220111,0.082,0.082,0.08,0.08,394114
AGD,20220112,0.082,0.085,0.082,0.085,35248
AGD,20220113,0.08,0.08,0.08,0.08,510099
AGD,20220114,0.081,0.085,0.081,0.085,4500
AGD,20220117,0.085,0.085,0.085,0.085,0
AGD,20220118,0.084,0.084,0.084,0.084,36000
AGD,20220119,0.084,0.084,0.084,0.084,0
AGD,20220120,0.086,0.086,0.083,0.085,78671
AGD,20220121,0.085,0.086,0.084,0.084,572230
AGD,20220124,0.086,0.088,0.086,0.088,20000
AGD,20220125,0.085,0.085,0.084,0.084,117500
AGD,20220127,0.085,0.085,0.084,0.084,32833
AGD,20220128,0.084,0.086,0.082,0.086,79864
AGD,20220131,0.086,0.086,0.085,0.085,148617
AGD,20220201,0.085,0.086,0.084,0.084,61917
AGD,20220202,0.084,0.084,0.083,0.083,97154
AGD,20220203,0.083,0.084,0.082,0.082,123388
AGD,20220204,0.082,0.084,0.078,0.079,625172
AGD,20220207,0.079,0.079,0.078,0.078,69339
AGD,20220208,0.078,0.078,0.078,0.078,78048
AGD,20220209,0.078,0.078,0.078,0.078,5000
AGD,20220210,0.078,0.078,0.076,0.076,217164
AGD,20220211,0.077,0.078,0.076,0.078,235695
AGD,20220214,0.081,0.081,0.081,0.081,6172
AGD,20220215,0.085,0.085,0.082,0.084,129743
AGD,20220216,0.084,0.086,0.083,0.084,161012
AGD,20220217,0.082,0.082,0.082,0.082,4592
AGD,20220218,0.086,0.087,0.086,0.086,190078
AGD,20220221,0.09,0.097,0.09,0.093,335042
AGD,20220222,0.093,0.094,0.09,0.09,195630
AGD,20220223,0.093,0.093,0.089,0.089,306859
AGD,20220224,0.089,0.089,0.089,0.089,0
AGD,20220225,0.09,0.095,0.089,0.095,64359
AGD,20220228,0.099,0.099,0.08,0.08,416924
AGD,20220301,0.083,0.085,0.08,0.08,210066
AGD,20220302,0.085,0.085,0.083,0.083,95691
AGD,20220303,0.082,0.082,0.08,0.08,278708
AGD,20220304,0.082,0.082,0.078,0.08,253995
AGD,20220307,0.081,0.083,0.08,0.08,203800
AGD,20220308,0.08,0.08,0.08,0.08,49775
AGD,20220309,0.083,0.083,0.077,0.077,303980
AGD,20220310,0.079,0.084,0.079,0.08,126191
AGD,20220311,0.08,0.08,0.078,0.078,217370
AGD,20220314,0.078,0.078,0.078,0.078,0
AGD,20220315,0.08,0.08,0.074,0.074,232133
AGD,20220316,0,0,0,0,0
AGD,20220317,0.077,0.077,0.073,0.073,178017
AGD,20220318,0.076,0.076,0.076,0.076,65
AGD,20220321,0.08,0.08,0.077,0.077,54935
AGD,20220322,0.077,0.077,0.077,0.077,26647
AGD,20220323,0.077,0.077,0.077,0.077,0
AGD,20220324,0.08,0.08,0.08,0.08,53245
AGD,20220325,0.079,0.079,0.079,0.079,67276
AGD,20220328,0.079,0.08,0.079,0.08,15887
AGD,20220329,0.08,0.083,0.08,0.081,102000
AGD,20220330,0.081,0.081,0.075,0.075,195000
AGD,20220331,0.077,0.077,0.076,0.076,94965
AGD,20220401,0.076,0.076,0.076,0.076,0
AGD,20220404,0.08,0.082,0.08,0.08,72300
AGD,20220405,0.079,0.08,0.079,0.079,24429
AGD,20220406,0.078,0.079,0.075,0.075,274949
AGD,20220407,0.076,0.076,0.075,0.075,171375
AGD,20220408,0.075,0.078,0.072,0.078,421273
AGD,20220411,0.078,0.079,0.074,0.074,148290
AGD,20220412,0.075,0.075,0.074,0.074,46000
AGD,20220413,0.074,0.074,0.071,0.071,154577
AGD,20220414,0.074,0.074,0.074,0.074,60505
AGD,20220419,0.075,0.078,0.074,0.074,105137
AGD,20220420,0.074,0.074,0.074,0.074,0
AGD,20220421,0.074,0.074,0.074,0.074,0
AGD,20220422,0.078,0.078,0.078,0.078,22288
AGD,20220426,0.078,0.078,0.078,0.078,38638
AGD,20220427,0.074,0.077,0.074,0.077,22488
AGD,20220428,0.075,0.075,0.073,0.073,8227
AGD,20220429,0.074,0.074,0.067,0.069,494863
AGD,20220502,0.069,0.069,0.069,0.069,83028
AGD,20220503,0.069,0.069,0.069,0.069,48933
AGD,20220504,0.069,0.069,0.069,0.069,0
AGD,20220505,0.069,0.069,0.067,0.067,116000
AGD,20220506,0.069,0.069,0.067,0.067,5022
AGD,20220509,0.069,0.069,0.067,0.067,34641
AGD,20220510,0.071,0.071,0.068,0.068,50141
AGD,20220511,0.067,0.067,0.067,0.067,5000
AGD,20220512,0.067,0.068,0.067,0.068,22561
AGD,20220513,0.067,0.067,0.065,0.065,100000
AGD,20220516,0.066,0.066,0.065,0.065,61996
AGD,20220517,0.065,0.065,0.065,0.065,0
AGD,20220518,0.065,0.065,0.061,0.061,47307
AGD,20220519,0.063,0.065,0.057,0.062,216150
AGD,20220520,0.062,0.062,0.062,0.062,0
AGD,20220523,0.062,0.062,0.062,0.062,20000
AGD,20220524,0.062,0.062,0.062,0.062,0
AGD,20220525,0.062,0.062,0.058,0.058,107058
AGD,20220526,0.058,0.058,0.058,0.058,0
AGD,20220527,0.065,0.065,0.065,0.065,17873
AGD,20220530,0.065,0.065,0.065,0.065,0
AGD,20220531,0.062,0.062,0.062,0.062,31143
AGD,20220601,0.061,0.062,0.061,0.062,28377
AGD,20220602,0.06,0.06,0.06,0.06,1449
AGD,20220603,0.06,0.063,0.059,0.063,95743
AGD,20220606,0.063,0.063,0.063,0.063,118571
AGD,20220607,0.06,0.06,0.06,0.06,50000
AGD,20220608,0.06,0.06,0.06,0.06,32000
AGD,20220609,0.063,0.063,0.063,0.063,48337
AGD,20220610,0.063,0.063,0.063,0.063,0
AGD,20220614,0.057,0.06,0.048,0.048,567010
AGD,20220615,0.049,0.051,0.048,0.048,322759
AGD,20220616,0.05,0.05,0.05,0.05,107370
AGD,20220617,0.05,0.05,0.046,0.046,200315
AGD,20220620,0.048,0.049,0.048,0.048,263618
AGD,20220621,0.046,0.046,0.045,0.045,151576
AGD,20220622,0.045,0.045,0.045,0.045,54200
AGD,20220623,0.047,0.047,0.045,0.045,2804
AGD,20220624,0.045,0.045,0.045,0.045,0
AGD,20220627,0.045,0.045,0.043,0.043,169886
AGD,20220628,0.043,0.045,0.043,0.045,242862
AGD,20220629,0.045,0.045,0.043,0.043,80000
AGD,20220630,0.042,0.042,0.04,0.042,185786
AGD,20220701,0.04,0.04,0.04,0.04,28
AGD,20220704,0.04,0.04,0.04,0.04,38
AGD,20220705,0.04,0.04,0.04,0.04,0
AGD,20220706,0.04,0.04,0.04,0.04,252749
AGD,20220707,0.043,0.043,0.042,0.042,128938
AGD,20220708,0.042,0.042,0.042,0.042,0
AGD,20220711,0.041,0.041,0.04,0.04,134184
AGD,20220712,0.04,0.04,0.04,0.04,58734
AGD,20220713,0.039,0.039,0.039,0.039,6593
AGD,20220714,0.039,0.039,0.039,0.039,0
AGD,20220715,0.042,0.042,0.042,0.042,141
AGD,20220718,0.042,0.042,0.042,0.042,0
AGD,20220719,0.051,0.057,0.051,0.055,416746
AGD,20220720,0.059,0.059,0.055,0.055,22322
AGD,20220721,0.056,0.056,0.055,0.055,19887
AGD,20220722,0.055,0.055,0.055,0.055,0
AGD,20220725,0.052,0.052,0.047,0.047,91762
AGD,20220726,0.046,0.046,0.046,0.046,17921
AGD,20220727,0.046,0.046,0.045,0.045,81858
AGD,20220728,0.05,0.05,0.05,0.05,19779
AGD,20220729,0.051,0.051,0.046,0.046,18175
AGD,20220801,0.046,0.046,0.046,0.046,183000
AGD,20220802,0.046,0.046,0.045,0.045,40000
AGD,20220803,0.047,0.049,0.045,0.045,57991
AGD,20220805,0.049,0.05,0.05,0.049,60000
AGD,20220808,0.049,0.05,0.05,0.049,0
AGD,20220809,0.049,0.049,0.049,0.049,0
AGD,20220810,0.045,0.047,0.045,0.047,26942
AGD,20220811,0.047,0.047,0.045,0.047,0
AGD,20220812,0.048,0.048,0.048,0.048,40000
AGD,20220815,0.048,0.048,0.048,0.048,150000
AGD,20220816,0.048,0.048,0.047,0.047,125320
AGD,20220817,0.047,0.047,0.047,0.047,15000
AGD,20220818,0.047,0.047,0.047,0.047,0
AGD,20220819,0.047,0.047,0.047,0.047,0
AGD,20220822,0.047,0.047,0.045,0.045,202222
AGD,20220823,0.045,0.045,0.043,0.043,174116
AGD,20220824,0.043,0.045,0.043,0.043,0
AGD,20220825,0.044,0.044,0.042,0.042,20366
AGD,20220826,0.043,0.043,0.042,0.042,20000
AGD,20220829,0.043,0.048,0.043,0.048,25724
AGD,20220830,0.048,0.048,0.048,0.048,7500
AGD,20220831,0.048,0.048,0.048,0.048,4000
AGD,20220901,0.048,0.048,0.048,0.048,0
AGD,20220902,0.042,0.043,0.042,0.042,82479
AGD,20220905,0.041,0.041,0.041,0.041,52
AGD,20220906,0.041,0.041,0.041,0.041,114021
AGD,20220907,0.041,0.041,0.041,0.041,0
AGD,20220909,0.041,0.041,0.041,0.041,0
AGD,20220912,0.041,0.041,0.041,0.041,0
AGD,20220913,0.041,0.041,0.041,0.041,0
AGD,20220914,0.041,0.041,0.041,0.041,0
AGD,20220915,0.042,0.043,0.042,0.042,14650
AGD,20220916,0.042,0.042,0.042,0.042,10000
