AIA,20160212,5.34,5.44,5.22,5.4,81127
AIA,20160215,5.33,5.37,5.3,5.36,59073
AIA,20160216,5.36,5.42,5.3,5.4,125584
AIA,20160217,5.46,5.46,5.34,5.4,38834
AIA,20160218,5.4,5.5,5.4,5.5,66091
AIA,20160219,5.67,5.98,5.63,5.95,124956
AIA,20160222,5.8,6.09,5.8,5.96,122951
AIA,20160223,5.88,5.91,5.84,5.89,57468
AIA,20160224,5.77,5.78,5.7,5.77,67286
AIA,20160225,5.74,5.75,5.68,5.7,77407
AIA,20160226,5.7,5.87,5.7,5.8,74256
AIA,20160229,5.75,5.8,5.61,5.69,84755
AIA,20160301,5.68,5.81,5.67,5.78,95526
AIA,20160302,5.81,5.89,5.75,5.84,52306
AIA,20160303,5.89,6.39,5.87,6.09,96421
AIA,20160304,6.12,6.23,6.12,6.19,62380
AIA,20160307,6.15,6.15,6.08,6.1,78255
AIA,20160308,6.06,6.35,6.03,6.35,64621
AIA,20160309,6.23,6.23,6.08,6.09,657240
AIA,20160310,5.95,5.97,5.85,5.87,166850
AIA,20160311,5.84,5.9,5.8,5.8,121411
AIA,20160314,5.81,5.85,5.76,5.82,100700
AIA,20160315,5.76,5.83,5.75,5.8,53502
AIA,20160316,5.74,5.79,5.68,5.7,116275
AIA,20160317,5.72,5.89,5.7,5.8,99101
AIA,20160318,5.84,5.97,5.79,5.97,163610
AIA,20160321,5.9,6,5.78,5.79,100926
AIA,20160322,5.83,5.89,5.82,5.87,16567
AIA,20160323,5.8,5.8,5.71,5.8,58015
AIA,20160324,5.79,5.85,5.65,5.65,85323
AIA,20160329,5.67,5.81,5.67,5.73,90620
AIA,20160330,5.73,5.8,5.7,5.77,53964
AIA,20160331,5.72,5.9,5.72,5.83,35545
AIA,20160401,5.79,5.79,5.68,5.68,33444
AIA,20160404,5.66,5.75,5.61,5.68,53562
AIA,20160405,5.67,5.84,5.67,5.74,34154
AIA,20160406,5.71,5.86,5.67,5.8,99411
AIA,20160407,5.8,5.82,5.71,5.78,157821
AIA,20160408,5.8,5.87,5.79,5.86,71417
AIA,20160411,5.83,5.83,5.73,5.76,48669
AIA,20160412,5.76,5.77,5.71,5.77,28052
AIA,20160413,5.8,5.8,5.7,5.74,54004
AIA,20160414,5.74,5.8,5.7,5.72,71194
AIA,20160415,5.69,5.77,5.69,5.75,29870
AIA,20160418,5.8,5.84,5.74,5.83,152231
AIA,20160419,5.82,5.85,5.79,5.84,81468
AIA,20160420,5.87,5.93,5.84,5.89,45462
AIA,20160421,5.87,5.89,5.82,5.84,98508
AIA,20160422,5.8,5.8,5.715,5.73,119231
AIA,20160426,5.69,5.69,5.55,5.57,138429
AIA,20160427,5.52,5.57,5.48,5.51,88143
AIA,20160428,5.61,5.7,5.59,5.62,40575
AIA,20160429,5.63,5.64,5.57,5.6,89247
AIA,20160502,5.65,5.75,5.62,5.67,16905
AIA,20160503,5.67,5.72,5.62,5.7,43260
AIA,20160504,5.7,5.74,5.69,5.7,91235
AIA,20160505,5.77,5.94,5.77,5.94,116970
AIA,20160506,5.94,6.08,5.94,6.06,119667
AIA,20160509,6.05,6.09,6.01,6.07,40282
AIA,20160510,6.06,6.1,6.03,6.08,60928
AIA,20160511,6.1,6.2,6.08,6.15,80628
AIA,20160512,6.13,6.19,6.13,6.18,36092
AIA,20160513,6.1,6.15,6.05,6.15,27105
AIA,20160516,6.04,6.07,6.01,6.04,78943
AIA,20160517,6.11,6.14,6,6.01,108914
AIA,20160518,6.05,6.19,6.03,6.18,51560
AIA,20160519,6.13,6.13,5.93,6,39958
AIA,20160520,6,6.06,5.85,5.85,81777
AIA,20160523,5.85,5.85,5.75,5.82,109134
AIA,20160524,5.8,5.83,5.75,5.82,116909
AIA,20160525,5.93,6.02,5.93,5.97,75493
AIA,20160526,6,6.04,5.99,6.02,83261
AIA,20160527,6.04,6.08,5.98,6,87770
AIA,20160530,5.95,6.04,5.88,6.02,483531
AIA,20160531,6.01,6.01,5.75,5.86,399106
AIA,20160601,5.85,5.88,5.78,5.84,204041
AIA,20160602,5.89,5.91,5.85,5.9,27786
AIA,20160603,5.93,5.98,5.9,5.9,64902
AIA,20160606,5.91,5.97,5.85,5.94,59183
AIA,20160607,5.91,6.03,5.89,6.01,114892
AIA,20160608,6.01,6.02,5.98,5.99,59955
AIA,20160609,6.02,6.15,6.02,6.12,180620
AIA,20160610,6.15,6.19,6.12,6.14,58799
AIA,20160614,6.12,6.13,6.03,6.06,97316
AIA,20160615,6.01,6.05,5.91,5.91,60247
AIA,20160616,6.13,6.21,6.13,6.19,67975
AIA,20160617,6.22,6.4,6.2,6.34,128620
AIA,20160620,6.21,6.25,6.07,6.17,86443
AIA,20160621,6.17,6.2,6.1,6.16,53844
AIA,20160622,6.14,6.14,5.97,6.01,46459
AIA,20160623,6.04,6.1,6.04,6.08,33265
AIA,20160624,6.08,6.18,5.85,5.9,100638
AIA,20160627,5.89,6.02,5.89,5.99,128896
AIA,20160628,5.96,6.13,5.96,6.06,98814
AIA,20160629,6.06,6.14,6.05,6.12,127212
AIA,20160630,6.11,6.23,6.08,6.2,40175
AIA,20160701,6.25,6.45,6.22,6.39,67845
AIA,20160704,6.46,6.63,6.42,6.47,112894
AIA,20160705,6.51,6.59,6.5,6.57,45859
AIA,20160706,6.6,6.7,6.55,6.61,434559
AIA,20160707,6.58,6.67,6.52,6.62,3279802
AIA,20160708,6.78,6.78,6.71,6.76,2811045
AIA,20160711,6.74,6.76,6.68,6.71,1355138
AIA,20160712,6.68,6.7,6.62,6.65,84760
AIA,20160713,6.66,6.67,6.585,6.6,58945
AIA,20160714,6.65,6.65,6.465,6.48,97754
AIA,20160715,6.46,6.46,6.32,6.34,117287
AIA,20160718,6.36,6.46,6.31,6.43,104593
AIA,20160719,6.43,6.635,6.42,6.63,88060
AIA,20160720,6.58,6.83,6.58,6.83,170984
AIA,20160721,6.76,6.77,6.68,6.71,365103
AIA,20160722,6.65,6.71,6.59,6.66,73942
AIA,20160725,6.64,6.71,6.62,6.65,60275
AIA,20160726,6.66,6.75,6.64,6.75,145078
AIA,20160727,6.73,6.84,6.7,6.82,140136
AIA,20160728,6.8,6.85,6.77,6.83,74569
AIA,20160729,6.83,7.01,6.83,6.93,188318
AIA,20160801,6.95,6.99,6.94,6.98,21339
AIA,20160802,7,7,6.93,6.97,58146
AIA,20160803,6.93,6.93,6.775,6.83,164233
AIA,20160804,6.82,6.82,6.74,6.75,76196
AIA,20160805,6.78,6.82,6.75,6.79,32331
AIA,20160808,6.79,6.86,6.75,6.84,46792
AIA,20160809,6.82,6.98,6.82,6.94,44455
AIA,20160810,6.95,6.98,6.87,6.88,87969
AIA,20160811,6.85,6.87,6.76,6.79,55429
AIA,20160812,6.72,6.72,6.55,6.62,80839
AIA,20160815,6.66,6.75,6.64,6.7,51651
AIA,20160816,6.77,6.82,6.65,6.65,80229
AIA,20160817,6.7,6.71,6.64,6.69,32782
AIA,20160818,6.66,6.79,6.63,6.69,59180
AIA,20160822,6.78,6.78,6.635,6.72,135508
AIA,20160823,6.75,6.78,6.72,6.75,154405
AIA,20160824,6.75,6.88,6.75,6.8,268267
AIA,20160825,6.84,6.92,6.81,6.89,113832
AIA,20160826,6.86,6.95,6.82,6.9,71360
AIA,20160829,6.94,7.07,6.93,7.07,95527
AIA,20160830,7.1,7.25,7.09,7.22,346075
AIA,20160831,7.22,7.27,7.21,7.23,89195
AIA,20160901,7.21,7.59,7.21,7.43,154456
AIA,20160902,7.35,7.39,7.3,7.33,49046
AIA,20160905,7.39,7.45,7.35,7.45,54196
AIA,20160906,7.45,7.46,7.33,7.35,100570
AIA,20160907,7.4,7.48,7.39,7.42,73270
AIA,20160908,7.46,7.54,7.37,7.39,46682
AIA,20160909,7.3,7.3,7.04,7.07,75849
AIA,20160912,6.95,6.97,6.76,6.8,177667
AIA,20160913,6.85,6.87,6.56,6.59,260248
AIA,20160914,6.59,6.61,6.51,6.54,75419
AIA,20160915,6.59,6.6,6.53,6.54,77251
AIA,20160916,6.63,6.71,6.55,6.55,103840
AIA,20160919,6.62,6.71,6.62,6.65,32933
AIA,20160920,6.7,6.88,6.68,6.86,148425
AIA,20160921,7,7.08,6.88,7,722046
AIA,20160922,7,7.04,6.93,6.95,214024
AIA,20160923,6.88,6.9,6.8,6.85,40812
AIA,20160926,6.87,6.87,6.71,6.71,269395
AIA,20160927,6.73,6.78,6.65,6.72,80231
AIA,20160928,6.66,6.78,6.63,6.78,65327
AIA,20160929,6.8,6.97,6.8,6.96,103273
AIA,20160930,6.92,7.06,6.86,6.99,80790
AIA,20161003,6.89,7.01,6.83,6.98,61443
AIA,20161004,6.95,6.97,6.89,6.95,53763
AIA,20161005,6.8,6.8,6.68,6.7,158561
AIA,20161006,6.7,6.71,6.61,6.63,123792
AIA,20161007,6.58,6.58,6.4,6.47,426734
AIA,20161010,6.44,6.47,6.25,6.32,101477
AIA,20161011,6.39,6.46,6.32,6.38,182796
AIA,20161012,6.31,6.32,6.2,6.21,135216
AIA,20161013,6.21,6.3,6.02,6.22,217371
AIA,20161014,6.17,6.3,6.17,6.21,53512
AIA,20161017,6.16,6.16,6.1,6.1,203884
AIA,20161018,6.11,6.12,6.09,6.1,45557
AIA,20161019,6.12,6.22,6.11,6.18,60155
AIA,20161020,6.12,6.34,6.11,6.34,77984
AIA,20161021,6.27,6.4,6.27,6.39,155513
AIA,20161024,6.35,6.42,6.32,6.4,43307
AIA,20161025,6.33,6.46,6.33,6.43,35498
AIA,20161026,6.36,6.42,6.07,6.07,191153
AIA,20161027,6.18,6.22,6.16,6.2,45327
AIA,20161028,6.18,6.25,6.1,6.15,179654
AIA,20161031,6.18,6.19,6.12,6.19,25784
AIA,20161101,6.18,6.24,6.15,6.22,41730
AIA,20161102,6.16,6.2,6.1,6.15,108823
AIA,20161103,6,6.15,5.9,6.09,138825
AIA,20161104,6.07,6.08,5.98,6,43845
AIA,20161107,6.11,6.34,6.1,6.33,54590
AIA,20161108,6.39,6.42,6.36,6.36,19632
AIA,20161109,6.36,6.41,5.99,6.14,321426
AIA,20161110,6.26,6.3,5.93,5.93,183443
AIA,20161111,5.97,5.99,5.75,5.78,5067219
AIA,20161114,5.77,5.83,5.77,5.81,156569
AIA,20161115,5.8,5.8,5.7,5.76,2003750
AIA,20161116,5.76,5.76,5.63,5.64,2208571
AIA,20161117,5.71,5.76,5.7,5.76,248257
AIA,20161118,5.75,5.98,5.74,5.98,233785
AIA,20161121,5.88,5.96,5.86,5.87,102322
AIA,20161122,5.92,6,5.76,5.8,406264
AIA,20161123,5.99,5.99,5.87,5.9,159782
AIA,20161124,5.95,5.99,5.93,5.96,522205
AIA,20161125,5.96,5.97,5.83,5.84,253196
AIA,20161128,5.88,5.91,5.84,5.87,235375
AIA,20161129,5.9,5.91,5.76,5.76,405439
AIA,20161130,5.81,5.93,5.81,5.91,191764
AIA,20161201,5.94,6.1,5.93,6.09,124484
AIA,20161202,6.06,6.1,5.98,6.05,112224
AIA,20161205,5.94,5.99,5.92,5.95,49638
AIA,20161206,5.95,6.13,5.95,6.11,41870
AIA,20161207,6.1,6.15,6.07,6.08,89148
AIA,20161208,6.15,6.15,6.02,6.03,157365
AIA,20161209,6.1,6.1,5.94,5.97,155079
AIA,20161212,5.94,6.07,5.81,5.89,115045
AIA,20161213,5.86,5.92,5.86,5.9,58524
AIA,20161214,5.87,5.97,5.87,5.94,31284
AIA,20161215,5.93,6.05,5.9,6.05,115333
AIA,20161216,6.04,6.18,6.04,6.09,406269
AIA,20161219,6.08,6.15,6.08,6.11,121574
AIA,20161220,6.1,6.17,6.09,6.15,29990
AIA,20161221,6.16,6.22,6.13,6.15,105947
AIA,20161222,6.13,6.24,6.13,6.23,37996
AIA,20161223,6.32,6.39,6.32,6.36,19219
AIA,20161228,6.36,6.39,6.19,6.28,27461
AIA,20161229,6.34,6.35,6.2,6.28,32971
AIA,20161230,6.31,6.31,6.07,6.15,80361
AIA,20170103,6.2,6.2,6.12,6.15,19888
AIA,20170104,6.2,6.2,6.08,6.14,45901
AIA,20170105,6.15,6.28,6.08,6.08,121249
AIA,20170106,6.15,6.28,6.04,6.1,26826
AIA,20170109,6.15,6.26,6.12,6.19,22164
AIA,20170110,6.12,6.29,6.12,6.29,42934
AIA,20170111,6.3,6.35,6.27,6.32,60006
AIA,20170112,6.32,6.38,6.32,6.35,16676
AIA,20170113,6.37,6.42,6.33,6.38,46694
AIA,20170116,6.41,6.44,6.39,6.4,35707
AIA,20170117,6.39,6.43,6.37,6.38,56534
AIA,20170118,6.4,6.5,6.39,6.44,85356
AIA,20170119,6.42,6.44,6.34,6.4,30291
AIA,20170120,6.42,6.51,6.39,6.51,36566
AIA,20170123,6.51,6.53,6.45,6.47,100614
AIA,20170124,6.53,6.56,6.44,6.53,56669
AIA,20170125,6.57,6.57,6.45,6.51,18941
AIA,20170127,6.53,6.65,6.53,6.65,37237
AIA,20170130,6.61,6.7,6.52,6.58,35962
AIA,20170131,6.55,6.62,6.52,6.57,26701
AIA,20170201,6.55,6.65,6.54,6.62,56344
AIA,20170202,6.57,6.64,6.49,6.56,36854
AIA,20170203,6.51,6.61,6.51,6.61,16261
AIA,20170206,6.61,6.68,6.4,6.53,49191
AIA,20170207,6.54,6.66,6.53,6.61,69729
AIA,20170208,6.61,6.74,6.55,6.74,15313
AIA,20170209,6.62,6.68,6.58,6.63,44311
AIA,20170210,6.62,6.7,6.41,6.51,41110
AIA,20170213,6.48,6.62,6.42,6.5,46100
AIA,20170214,6.57,6.59,6.48,6.5,16976
AIA,20170215,6.5,6.5,6.39,6.42,30880
AIA,20170216,6.32,6.35,6.24,6.32,123230
AIA,20170217,6.3,6.4,6.3,6.35,231885
AIA,20170220,6.35,6.56,6.35,6.52,104493
AIA,20170221,6.5,6.69,6.48,6.57,147720
AIA,20170222,6.58,6.6,6.52,6.55,28715
AIA,20170223,6.56,6.7,6.55,6.58,43053
AIA,20170224,6.6,6.6,6.42,6.55,60901
AIA,20170227,6.64,6.7,6.56,6.69,21215
AIA,20170228,6.69,6.87,6.69,6.87,55711
AIA,20170301,6.81,6.9,6.8,6.84,28107
AIA,20170302,6.9,6.9,6.7,6.72,33703
AIA,20170303,6.7,6.8,6.63,6.74,35208
AIA,20170306,6.66,6.74,6.6,6.7,42522
AIA,20170307,6.6,6.64,6.49,6.5,41688
AIA,20170308,6.48,6.52,6.47,6.49,4007
AIA,20170309,6.52,6.55,6.31,6.45,33226
AIA,20170310,6.45,6.62,6.45,6.49,29205
AIA,20170313,6.48,6.55,6.46,6.5,11874
AIA,20170314,6.43,6.48,6.31,6.35,36614
AIA,20170315,6.35,6.405,6.2,6.31,66919
AIA,20170316,6.33,6.44,6.31,6.39,65204
AIA,20170317,6.39,6.46,6.35,6.45,174340
AIA,20170320,6.34,6.36,6.24,6.25,22585
AIA,20170321,6.26,6.38,6.25,6.36,20540
AIA,20170322,6.29,6.33,6.16,6.3,22275
AIA,20170323,6.24,6.3,6.17,6.26,87481
AIA,20170324,6.33,6.39,6.31,6.34,16348
AIA,20170327,6.36,6.37,6.29,6.3,45873
AIA,20170328,6.3,6.3,6.22,6.28,59343
AIA,20170329,6.28,6.28,6.23,6.28,174797
AIA,20170330,6.26,6.265,6.21,6.25,67671
AIA,20170331,6.2,6.22,6.16,6.19,99465
AIA,20170403,6.2,6.28,6.2,6.25,17858
AIA,20170404,6.25,6.28,6.21,6.27,31975
AIA,20170405,6.28,6.39,6.22,6.3,55507
AIA,20170406,6.3,6.33,6.28,6.3,33935
AIA,20170407,6.3,6.3,6.18,6.29,67193
AIA,20170410,6.2,6.25,6.16,6.21,66557
AIA,20170411,6.18,6.21,6.06,6.21,132614
AIA,20170412,6.13,6.15,6.05,6.15,55463
AIA,20170413,6.14,6.2,6.08,6.13,61974
AIA,20170418,6.17,6.26,6.13,6.23,97896
AIA,20170419,6.26,6.4,6.21,6.37,46386
AIA,20170420,6.37,6.37,6.25,6.28,129140
AIA,20170421,6.24,6.27,6.2,6.23,78533
AIA,20170424,6.23,6.27,6.21,6.22,36132
AIA,20170426,6.21,6.33,6.21,6.3,40477
AIA,20170427,6.29,6.34,6.23,6.28,75875
AIA,20170428,6.28,6.41,6.26,6.32,149492
AIA,20170501,6.32,6.41,6.28,6.36,66809
AIA,20170502,6.39,6.49,6.37,6.46,49855
AIA,20170503,6.47,6.57,6.47,6.53,86076
AIA,20170504,6.57,6.57,6.5,6.52,21343
AIA,20170505,6.52,6.57,6.51,6.56,41021
AIA,20170508,6.56,6.63,6.56,6.63,26745
AIA,20170509,6.58,6.6,6.5,6.51,51234
AIA,20170510,6.57,6.74,6.38,6.47,82463
AIA,20170511,6.43,6.59,6.26,6.37,85245
AIA,20170512,6.41,6.45,6.37,6.41,39835
AIA,20170515,6.4,6.47,6.37,6.43,19998
AIA,20170516,6.4,6.4,6.31,6.35,38300
AIA,20170517,6.32,6.38,6.28,6.35,26459
AIA,20170518,6.35,6.38,6.3,6.33,356123
AIA,20170519,6.31,6.4,6.31,6.37,88579
AIA,20170522,6.36,6.47,6.29,6.46,40625
AIA,20170523,6.46,6.5,6.43,6.48,49287
AIA,20170524,6.51,6.55,6.48,6.51,18350
AIA,20170525,6.51,6.57,6.45,6.45,32451
AIA,20170526,6.58,6.66,6.57,6.62,83832
AIA,20170529,6.61,6.72,6.61,6.72,49568
AIA,20170530,6.69,6.69,6.65,6.66,50672
AIA,20170531,6.67,6.72,6.61,6.61,125275
AIA,20170601,6.65,6.75,6.65,6.71,34186
AIA,20170602,6.75,6.82,6.71,6.8,42980
AIA,20170605,6.81,6.87,6.8,6.81,49378
AIA,20170606,6.87,7.05,6.8,6.91,79818
AIA,20170607,6.88,6.99,6.85,6.98,123129
AIA,20170608,6.85,6.89,6.8,6.83,88666
AIA,20170609,6.84,6.88,6.8,6.81,88087
AIA,20170613,6.65,6.69,6.61,6.68,341025
AIA,20170614,6.69,6.98,6.66,6.7,115049
AIA,20170615,6.66,6.67,6.55,6.63,52141
AIA,20170616,6.65,6.65,6.585,6.63,56671
AIA,20170619,6.63,6.74,6.63,6.71,18727
AIA,20170620,6.71,6.84,6.62,6.62,60989
AIA,20170621,6.65,6.72,6.63,6.7,20163
AIA,20170622,6.69,6.74,6.68,6.71,73993
AIA,20170623,6.72,6.775,6.72,6.74,16306
AIA,20170626,6.77,6.85,6.72,6.78,34256
AIA,20170627,6.78,6.845,6.78,6.82,40353
AIA,20170628,6.82,6.85,6.77,6.85,52804
AIA,20170629,6.83,6.89,6.82,6.84,57685
AIA,20170630,6.8,6.84,6.77,6.77,70196
AIA,20170703,6.8,6.84,6.77,6.78,58318
AIA,20170704,6.78,6.83,6.73,6.77,76279
AIA,20170705,6.83,6.83,6.69,6.79,92840
AIA,20170706,6.8,6.81,6.74,6.78,71883
AIA,20170707,6.79,6.81,6.74,6.76,49785
AIA,20170710,6.75,6.77,6.6,6.62,49382
AIA,20170711,6.61,6.63,6.5,6.53,41338
AIA,20170712,6.5,6.5,6.4,6.45,25057
AIA,20170713,6.5,6.6,6.5,6.6,69712
AIA,20170714,6.5,6.61,6.5,6.56,62174
AIA,20170717,6.57,6.62,6.54,6.59,47084
AIA,20170718,6.65,6.65,6.55,6.57,87954
AIA,20170719,6.57,6.57,6.45,6.55,35814
AIA,20170720,6.52,6.52,6.45,6.5,41239
AIA,20170721,6.56,6.74,6.56,6.62,41205
AIA,20170724,6.6,6.78,6.59,6.66,33488
AIA,20170725,6.65,6.68,6.62,6.63,35414
AIA,20170726,6.63,6.63,6.58,6.58,13393
AIA,20170727,6.6,6.63,6.52,6.54,54084
AIA,20170728,6.54,6.54,6.35,6.37,87723
AIA,20170731,6.5,6.57,6.48,6.53,41812
AIA,20170801,6.49,6.51,6.43,6.51,66349
AIA,20170802,6.48,6.52,6.41,6.45,17233
AIA,20170803,6.4,6.42,6.31,6.35,40503
AIA,20170804,6.35,6.365,6.33,6.36,12869
AIA,20170807,6.36,6.41,6.31,6.34,50788
AIA,20170808,6.34,6.39,6.3,6.32,56288
AIA,20170809,6.32,6.39,6.3,6.38,110386
AIA,20170810,6.35,6.37,6.3,6.36,102847
AIA,20170811,6.27,6.34,6.24,6.3,53042
AIA,20170815,6.34,6.39,6.33,6.33,33290
AIA,20170816,6.34,6.46,6.31,6.46,39383
AIA,20170817,6.4,6.52,6.4,6.52,75569
AIA,20170818,6.44,6.59,6.44,6.56,67424
AIA,20170821,6.5,6.53,6.47,6.49,34397
AIA,20170822,6.49,6.51,6.4,6.4,24053
AIA,20170823,6.4,6.45,6.36,6.4,59200
AIA,20170824,6.35,6.41,6.28,6.29,93454
AIA,20170825,6.24,6.29,6.15,6.18,45426
AIA,20170828,6.21,6.24,6.12,6.15,76795
AIA,20170829,6.13,6.17,6.03,6.09,67001
AIA,20170830,6.11,6.15,6.04,6.09,37540
AIA,20170831,6.09,6.19,6.05,6.16,72679
AIA,20170901,6.08,6.08,6.01,6.02,62707
AIA,20170904,6,6.08,5.97,5.97,157137
AIA,20170905,5.96,5.96,5.77,5.87,100020
AIA,20170906,5.81,5.9,5.78,5.79,173166
AIA,20170907,5.78,5.87,5.75,5.79,253078
AIA,20170908,5.89,6.04,5.87,5.94,211570
AIA,20170911,5.88,5.94,5.86,5.91,118768
AIA,20170912,5.9,5.9,5.8,5.85,126794
AIA,20170913,5.89,5.89,5.78,5.8,5278414
AIA,20170914,5.86,5.865,5.76,5.79,203810
AIA,20170915,5.77,5.92,5.7,5.77,222743
AIA,20170918,5.8,5.92,5.8,5.88,82839
AIA,20170919,5.85,5.88,5.83,5.88,173368
AIA,20170920,5.87,5.99,5.83,5.92,163347
AIA,20170921,5.92,5.95,5.83,5.94,91666
AIA,20170922,5.89,5.99,5.86,5.9,87165
AIA,20170925,5.9,6,5.87,5.91,64302
AIA,20170926,5.92,5.99,5.9,5.97,66105
AIA,20170927,5.97,5.97,5.89,5.95,59584
AIA,20170928,5.95,5.98,5.87,5.92,122713
AIA,20170929,5.93,6.04,5.86,5.93,80729
AIA,20171002,5.96,5.96,5.91,5.93,49102
AIA,20171003,5.92,5.93,5.9,5.9,45936
AIA,20171004,5.88,5.91,5.86,5.88,151447
AIA,20171005,5.77,5.8,5.67,5.74,88568
AIA,20171006,5.75,5.78,5.72,5.74,63763
AIA,20171009,5.71,5.71,5.65,5.66,285702
AIA,20171010,5.68,5.72,5.64,5.69,448418
AIA,20171011,5.68,5.75,5.65,5.68,138239
AIA,20171012,5.68,5.74,5.68,5.72,105100
AIA,20171013,5.72,5.72,5.67,5.68,305276
AIA,20171016,5.68,5.69,5.66,5.68,101638
AIA,20171017,5.67,5.69,5.65,5.65,229031
AIA,20171018,5.73,5.76,5.7,5.73,89752
AIA,20171019,5.73,5.77,5.66,5.67,92959
AIA,20171020,5.63,5.74,5.56,5.59,212499
AIA,20171023,5.62,5.64,5.58,5.64,68943
AIA,20171024,5.65,5.73,5.64,5.67,250445
AIA,20171025,5.68,5.72,5.6,5.62,374725
AIA,20171026,5.6,5.69,5.54,5.54,157608
AIA,20171027,5.57,5.59,5.54,5.55,338200
AIA,20171030,5.6,5.63,5.55,5.56,144432
AIA,20171031,5.62,5.64,5.54,5.56,320036
AIA,20171101,5.59,5.61,5.49,5.5,183041
AIA,20171102,5.52,5.55,5.49,5.51,354683
AIA,20171103,5.51,5.64,5.51,5.61,546415
AIA,20171106,5.6,5.6,5.56,5.58,181909
AIA,20171107,5.6,5.61,5.55,5.56,204532
AIA,20171108,5.6,5.62,5.55,5.59,144661
AIA,20171109,5.61,5.61,5.58,5.6,182027
AIA,20171110,5.61,5.61,5.58,5.6,182027
AIA,20171113,5.6,5.6,5.56,5.58,218673
AIA,20171114,5.58,5.58,5.43,5.52,285661
AIA,20171115,5.52,5.56,5.51,5.51,149548
AIA,20171116,5.53,5.54,5.45,5.49,393345
AIA,20171117,5.54,5.61,5.54,5.58,747133
AIA,20171120,5.57,5.58,5.52,5.55,161316
AIA,20171121,5.57,5.58,5.54,5.56,379145
AIA,20171122,5.6,5.61,5.56,5.56,318513
AIA,20171123,5.59,5.66,5.57,5.63,238869
AIA,20171124,5.65,5.73,5.63,5.73,159987
AIA,20171127,5.74,5.86,5.73,5.84,312172
AIA,20171128,5.86,5.95,5.83,5.92,228436
AIA,20171129,5.9,5.96,5.87,5.9,565631
AIA,20171130,5.89,5.89,5.78,5.8,680555
AIA,20171201,5.81,5.87,5.81,5.83,451089
AIA,20171204,5.86,5.88,5.81,5.85,124260
AIA,20171205,5.89,5.89,5.82,5.88,154259
AIA,20171206,5.9,5.96,5.83,5.94,138576
AIA,20171207,5.92,5.96,5.9,5.94,693648
AIA,20171208,5.96,5.96,5.9,5.95,691103
AIA,20171211,5.97,6.14,5.92,6.13,350687
AIA,20171212,6.13,6.17,6.1,6.17,171242
AIA,20171213,6.14,6.18,6.1,6.16,486262
AIA,20171214,6.15,6.23,6.13,6.14,583861
AIA,20171215,6.09,6.17,6.03,6.16,363674
AIA,20171218,6.16,6.18,6.12,6.14,119030
AIA,20171219,6.14,6.14,6.08,6.1,140873
AIA,20171220,6.1,6.1,6,6.01,108797
AIA,20171221,6.08,6.1,5.92,6.02,166690
AIA,20171222,6.05,6.05,5.95,6.01,96548
AIA,20171227,6.01,6.01,5.93,5.93,143123
AIA,20171228,5.95,5.98,5.92,5.94,41493
AIA,20171229,5.96,5.96,5.86,5.9,61944
AIA,20180102,6.12,6.12,5.88,5.97,40454
AIA,20180103,5.97,6,5.95,6,471766
AIA,20180104,6,6.08,5.99,6.02,100368
AIA,20180105,6.05,6.15,6.05,6.15,176556
AIA,20180108,6.12,6.15,6.08,6.1,172213
AIA,20180109,6.1,6.12,6.01,6.03,68047
AIA,20180110,6.04,6.07,5.9,6,165409
AIA,20180111,5.95,5.98,5.84,5.86,168105
AIA,20180112,5.96,5.99,5.86,5.86,175851
AIA,20180115,5.86,5.86,5.73,5.74,277254
AIA,20180116,5.9,5.92,5.8,5.8,201715
AIA,20180117,5.86,5.89,5.81,5.84,226175
AIA,20180118,5.89,5.94,5.86,5.93,303325
AIA,20180119,5.92,6,5.9,5.94,132889
AIA,20180122,5.99,6,5.95,5.97,81335
AIA,20180123,6.01,6.04,5.99,6.03,93340
AIA,20180124,6.06,6.19,6.06,6.19,144479
AIA,20180125,6.13,6.21,6.1,6.2,207108
AIA,20180129,6.12,6.14,5.96,5.98,148373
AIA,20180130,5.91,6.01,5.9,5.95,190742
AIA,20180131,5.93,6.09,5.9,6.07,127420
AIA,20180201,6.1,6.15,6,6.08,86766
AIA,20180202,6.1,6.15,6.08,6.1,67593
AIA,20180205,6.07,6.07,5.96,6.03,110176
AIA,20180207,6.03,6.07,5.94,5.96,114354
AIA,20180208,5.96,5.97,5.83,5.83,186246
AIA,20180209,5.81,5.87,5.78,5.81,127087
AIA,20180212,5.85,5.87,5.75,5.75,140569
AIA,20180213,5.8,5.88,5.77,5.8,119492
AIA,20180214,5.83,5.88,5.76,5.8,103007
AIA,20180215,5.84,5.87,5.8,5.85,92253
AIA,20180216,5.99,6.04,5.97,6,112406
AIA,20180219,6.04,6.09,6.01,6.01,151028
AIA,20180220,6.03,6.07,6.02,6.04,105223
AIA,20180221,6.04,6.06,6,6.02,76986
AIA,20180222,6.09,6.09,5.95,5.96,99004
AIA,20180223,6.01,6.05,5.92,5.95,106008
AIA,20180226,6.01,6.02,5.95,5.99,76253
AIA,20180227,6,6,5.95,5.95,59524
AIA,20180228,5.98,5.99,5.91,5.99,135631
AIA,20180301,5.99,5.99,5.93,5.94,147003
AIA,20180302,5.94,5.97,5.89,5.92,148299
AIA,20180305,5.92,5.93,5.77,5.78,101030
AIA,20180306,5.86,5.89,5.83,5.84,107962
AIA,20180307,5.86,5.9,5.84,5.86,177494
AIA,20180308,5.86,5.86,5.83,5.84,44847
AIA,20180309,5.87,5.9,5.82,5.84,105324
AIA,20180312,5.87,5.99,5.83,5.86,147300
AIA,20180313,5.86,5.87,5.82,5.82,86661
AIA,20180314,5.84,5.89,5.8,5.84,117483
AIA,20180315,5.8,5.85,5.78,5.83,107268
AIA,20180316,5.82,5.89,5.71,5.71,517439
AIA,20180319,5.72,5.77,5.72,5.76,93115
AIA,20180320,5.75,5.82,5.75,5.81,65951
AIA,20180321,5.8,5.8,5.73,5.73,125578
AIA,20180322,5.76,5.83,5.76,5.79,142416
AIA,20180323,5.76,5.81,5.74,5.81,130998
AIA,20180326,5.81,5.86,5.76,5.85,121392
AIA,20180327,5.87,5.91,5.86,5.89,206264
AIA,20180328,5.89,5.9,5.83,5.85,175778
AIA,20180329,5.89,5.89,5.81,5.81,94576
AIA,20180403,5.83,5.88,5.81,5.83,227620
AIA,20180404,5.87,5.99,5.87,5.96,305473
AIA,20180405,5.96,6.09,5.96,6.08,175274
AIA,20180406,6.05,6.07,6,6.05,100523
AIA,20180409,6,6.09,5.99,6.05,65491
AIA,20180410,6.05,6.11,6.05,6.07,77269
AIA,20180411,6.09,6.11,6.06,6.1,64015
AIA,20180412,6.09,6.1,6.06,6.08,62216
AIA,20180413,6.1,6.11,6.05,6.06,52313
AIA,20180416,6.05,6.06,6.02,6.04,35385
AIA,20180417,6.03,6.03,5.9,5.9,179816
AIA,20180418,5.95,6,5.93,5.97,100927
AIA,20180419,5.97,5.97,5.89,5.9,179457
AIA,20180420,5.99,5.99,5.8,5.8,154337
AIA,20180423,5.82,5.88,5.79,5.81,114231
AIA,20180424,5.87,5.87,5.79,5.82,130863
AIA,20180426,5.75,5.83,5.71,5.78,99959
AIA,20180427,5.84,5.92,5.84,5.9,397241
AIA,20180430,5.9,5.98,5.88,5.92,199875
AIA,20180501,5.98,6.01,5.91,6.01,53229
AIA,20180502,5.97,6.03,5.97,6.01,345301
AIA,20180503,6,6,5.96,5.98,118840
AIA,20180504,5.97,6.03,5.97,6,274633
AIA,20180507,6,6.08,5.98,6.04,895690
AIA,20180508,6.04,6.15,6.04,6.15,621967
AIA,20180509,6.14,6.2,6.12,6.19,114521
AIA,20180510,6.17,6.17,6.1,6.11,136638
AIA,20180511,6.11,6.19,6.1,6.17,94044
AIA,20180514,6.15,6.2,6.11,6.16,147820
AIA,20180515,6.13,6.16,6.12,6.15,267481
AIA,20180516,6.14,6.15,6.04,6.05,74117
AIA,20180517,6.06,6.13,6.02,6.04,92993
AIA,20180518,6.1,6.2,6.08,6.19,363432
AIA,20180521,6.17,6.2,6.1,6.16,230867
AIA,20180522,6.16,6.24,6.16,6.17,258531
AIA,20180523,6.18,6.19,6.08,6.1,70795
AIA,20180524,6.05,6.05,6.01,6.03,61983
AIA,20180525,6.05,6.06,5.96,5.97,254885
AIA,20180528,5.98,6.03,5.97,6,73422
AIA,20180529,6,6.08,6,6.06,35594
AIA,20180530,6.03,6.17,6.01,6.08,108534
AIA,20180531,6.11,6.19,6.11,6.12,76647
AIA,20180601,6.12,6.2,6.09,6.12,66320
AIA,20180604,6.15,6.17,6.08,6.08,57683
AIA,20180605,6.1,6.17,6.08,6.11,210532
AIA,20180606,6.12,6.26,6.11,6.2,322692
AIA,20180607,6.21,6.35,6.2,6.28,390182
AIA,20180608,6.29,6.37,6.29,6.34,860010
AIA,20180612,6.4,6.83,6.35,6.37,700388
AIA,20180613,6.38,6.49,6.37,6.46,263597
AIA,20180614,6.46,6.46,6.41,6.43,137897
AIA,20180615,6.44,6.47,6.37,6.4,111494
AIA,20180618,6.39,6.42,6.33,6.4,122878
AIA,20180619,6.34,6.4,6.25,6.25,193110
AIA,20180620,6.25,6.34,6.23,6.3,87256
AIA,20180621,6.32,6.46,6.32,6.42,136740
AIA,20180622,6.39,6.48,6.39,6.43,374506
AIA,20180625,6.42,6.47,6.34,6.36,144392
AIA,20180626,6.36,6.4,6.34,6.36,133344
AIA,20180627,6.38,6.44,6.37,6.4,179087
AIA,20180628,6.36,6.44,6.28,6.31,92067
AIA,20180629,6.31,6.33,6.23,6.23,116616
AIA,20180702,6.23,6.235,6.16,6.2,150900
AIA,20180703,6.26,6.26,6.2,6.2,203006
AIA,20180704,6.19,6.22,6.15,6.22,93456
AIA,20180705,6.22,6.37,6.22,6.36,96254
AIA,20180706,6.345,6.39,6.32,6.38,81601
AIA,20180710,6.3,6.31,6.23,6.24,124091
AIA,20180711,6.25,6.33,6.24,6.27,96992
AIA,20180712,6.25,6.27,6.18,6.18,76012
AIA,20180713,6.21,6.25,6.18,6.23,100692
AIA,20180716,6.23,6.29,6.18,6.2,78027
AIA,20180717,6.25,6.35,6.23,6.27,114208
AIA,20180718,6.3,6.3,6.255,6.26,167716
AIA,20180719,6.26,6.28,6.17,6.19,126217
AIA,20180720,6.19,6.28,6.17,6.21,289107
AIA,20180723,6.3,6.32,6.18,6.2,40771
AIA,20180724,6.21,6.21,6.16,6.18,193321
AIA,20180725,6.18,6.2,6.15,6.19,65013
AIA,20180726,6.19,6.21,6.13,6.13,81210
AIA,20180727,6.16,6.29,6.14,6.26,85611
AIA,20180730,6.26,6.28,6.19,6.2,163729
AIA,20180731,6.22,6.23,6.13,6.17,161350
AIA,20180801,6.17,6.17,6.12,6.13,106154
AIA,20180802,6.15,6.15,6.08,6.12,284226
AIA,20180803,6.1,6.18,6.09,6.13,83421
AIA,20180806,6.13,6.2,6.12,6.13,56522
AIA,20180807,6.15,6.18,6.1,6.12,189207
AIA,20180808,6.12,6.25,6.1,6.21,111484
AIA,20180809,6.17,6.17,6.12,6.12,91884
AIA,20180810,6.13,6.16,6.11,6.15,77586
AIA,20180813,6.15,6.23,6.15,6.2,67698
AIA,20180814,6.22,6.22,6.12,6.15,106666
AIA,20180816,6.18,6.22,6.14,6.17,90590
AIA,20180817,6.19,6.26,6.19,6.26,61664
AIA,20180820,6.26,6.37,6.2,6.3,92778
AIA,20180821,6.27,6.3,6.23,6.25,87955
AIA,20180822,6.3,6.32,6.23,6.28,76292
AIA,20180823,6.36,6.37,6.29,6.37,96019
AIA,20180824,6.36,6.38,6.32,6.32,70834
AIA,20180827,6.32,6.5,6.32,6.38,113937
AIA,20180828,6.44,6.48,6.4,6.46,52122
AIA,20180829,6.44,6.56,6.435,6.54,182880
AIA,20180830,6.57,6.59,6.48,6.57,158972
AIA,20180831,6.55,6.56,6.48,6.56,90539
AIA,20180903,6.54,6.59,6.505,6.52,117296
AIA,20180904,6.52,6.56,6.5,6.53,49914
AIA,20180905,6.5,6.51,6.35,6.35,102357
AIA,20180906,6.38,6.38,6.28,6.31,114156
AIA,20180907,6.35,6.36,6.29,6.31,52409
AIA,20180910,6.32,6.32,6.2,6.26,71492
AIA,20180913,6.33,6.5,6.3,6.33,85509
AIA,20180914,6.37,6.53,6.37,6.44,73550
AIA,20180917,6.44,6.44,6.34,6.4,76085
AIA,20180918,6.4,6.53,6.38,6.51,61344
AIA,20180919,6.52,6.56,6.44,6.52,180418
AIA,20180920,6.52,6.6,6.52,6.6,75337
AIA,20180921,6.6,6.75,6.57,6.73,155917
AIA,20180924,6.73,6.84,6.73,6.76,161844
AIA,20180925,6.75,6.885,6.72,6.85,129343
AIA,20180926,6.84,6.86,6.64,6.8,106200
AIA,20180927,6.78,6.79,6.73,6.73,189015
AIA,20180928,6.73,6.75,6.68,6.68,105245
AIA,20181001,6.7,6.71,6.67,6.7,26781
AIA,20181002,6.68,6.74,6.65,6.69,92384
AIA,20181003,6.72,6.75,6.66,6.72,99580
AIA,20181004,6.57,6.67,6.53,6.63,112136
AIA,20181005,6.58,6.68,6.55,6.6,88051
AIA,20181008,6.57,6.65,6.57,6.64,77035
AIA,20181009,6.63,6.63,6.55,6.61,56547
AIA,20181010,6.61,6.63,6.5,6.51,62954
AIA,20181011,6.39,6.39,6.23,6.25,156402
AIA,20181012,6.27,6.49,6.26,6.47,95768
AIA,20181015,6.45,6.49,6.28,6.3,156365
AIA,20181016,6.32,6.365,6.28,6.34,88752
AIA,20181017,6.46,6.49,6.33,6.43,124828
AIA,20181018,6.42,6.51,6.42,6.51,176258
AIA,20181019,6.41,6.44,6.35,6.36,287680
AIA,20181022,6.4,6.55,6.38,6.55,99187
AIA,20181023,6.49,6.49,6.3,6.38,211366
AIA,20181024,6.37,6.44,6.36,6.38,230876
AIA,20181025,6.28,6.33,6.25,6.28,268512
AIA,20181026,6.31,6.43,6.22,6.3,273229
AIA,20181030,6.31,6.45,6.31,6.4,173134
AIA,20181031,6.4,6.51,6.4,6.45,228687
AIA,20181101,6.49,6.6,6.42,6.5,123762
AIA,20181102,6.54,6.62,6.54,6.56,115775
AIA,20181105,6.57,6.67,6.57,6.65,169322
AIA,20181106,6.64,6.69,6.6,6.63,139414
AIA,20181107,6.68,6.75,6.67,6.73,209925
AIA,20181108,6.73,6.77,6.66,6.72,677798
AIA,20181109,6.71,6.77,6.68,6.72,696057
AIA,20181112,6.67,6.76,6.64,6.72,82009
AIA,20181113,6.63,6.74,6.63,6.72,67171
AIA,20181114,6.72,6.78,6.72,6.77,321668
AIA,20181115,6.71,6.75,6.66,6.74,76658
AIA,20181116,6.76,6.8,6.74,6.78,122712
AIA,20181119,6.77,6.77,6.6,6.63,70956
AIA,20181120,6.65,6.78,6.61,6.7,118936
AIA,20181121,6.7,6.74,6.57,6.59,131335
AIA,20181122,6.66,6.68,6.61,6.64,84826
AIA,20181123,6.65,6.67,6.56,6.65,101653
AIA,20181126,6.51,6.68,6.47,6.54,150493
AIA,20181127,6.53,6.54,6.46,6.51,73385
AIA,20181128,6.53,6.56,6.51,6.53,94090
AIA,20181129,6.63,6.71,6.52,6.54,73013
AIA,20181130,6.62,6.71,6.6,6.68,209406
AIA,20181203,6.73,6.76,6.65,6.71,211973
AIA,20181204,6.76,6.84,6.73,6.82,135101
AIA,20181205,6.73,6.77,6.66,6.69,134566
AIA,20181206,6.8,6.85,6.78,6.8,77081
AIA,20181207,6.8,6.95,6.8,6.89,91059
AIA,20181210,6.94,6.94,6.76,6.82,122338
AIA,20181211,6.73,6.74,6.61,6.67,271007
AIA,20181212,6.66,6.75,6.63,6.7,92532
AIA,20181213,6.7,6.72,6.64,6.7,174901
AIA,20181214,6.68,6.77,6.58,6.66,116094
AIA,20181217,6.6,6.66,6.57,6.57,23552
AIA,20181218,6.59,6.75,6.58,6.72,144318
AIA,20181219,6.74,6.87,6.72,6.85,111276
AIA,20181220,6.78,6.995,6.78,6.96,153659
AIA,20181221,6.8,6.9,6.77,6.77,135583
AIA,20181224,6.83,6.91,6.79,6.87,42593
AIA,20181227,6.9,7.11,6.9,7.03,151181
AIA,20181228,6.94,6.98,6.8,6.8,119521
AIA,20181231,6.85,6.91,6.73,6.73,45736
AIA,20190102,6.79,6.94,6.79,6.85,17113
AIA,20190103,6.85,6.95,6.78,6.9,139947
AIA,20190104,6.88,6.95,6.79,6.92,75324
AIA,20190107,6.89,6.96,6.87,6.91,169118
AIA,20190108,6.91,6.94,6.86,6.89,106267
AIA,20190109,6.89,6.9,6.74,6.88,82213
AIA,20190110,6.86,6.93,6.8,6.88,79570
AIA,20190111,6.9,6.905,6.79,6.84,167042
AIA,20190114,6.84,6.89,6.8,6.82,79131
AIA,20190115,6.86,6.87,6.78,6.84,93850
AIA,20190116,6.84,6.9,6.84,6.85,49171
AIA,20190117,6.85,6.97,6.84,6.9,68092
AIA,20190118,6.9,6.94,6.88,6.93,71041
AIA,20190121,6.96,7.05,6.94,7,76667
AIA,20190122,7,7.02,6.95,6.97,44840
AIA,20190123,7.03,7.07,6.97,7.01,84069
AIA,20190124,7,7.15,7,7.15,107212
AIA,20190125,7.16,7.27,7.13,7.25,134510
AIA,20190129,7.25,7.31,7.14,7.21,113574
AIA,20190130,7.06,7.1,6.9,6.93,179337
AIA,20190131,6.96,7.01,6.91,6.96,158414
AIA,20190201,7,7,6.95,6.97,406450
AIA,20190204,6.95,7.03,6.94,6.96,129844
AIA,20190205,6.94,7.1,6.94,6.97,46964
AIA,20190206,7.07,7.09,7.01,7.07,75968
AIA,20190207,7,7.06,6.95,7,140833
AIA,20190208,6.96,7.22,6.96,7.17,130692
AIA,20190211,7.15,7.19,7.03,7.13,58155
AIA,20190212,7.11,7.23,7.11,7.22,64976
AIA,20190213,7.18,7.27,7.14,7.25,56499
AIA,20190214,7.23,7.25,7.1,7.18,81344
AIA,20190215,7.16,7.25,7.09,7.17,95605
AIA,20190218,7.19,7.19,7.065,7.09,62237
AIA,20190219,7.06,7.07,7.01,7.05,71953
AIA,20190220,7.05,7.1,7,7,35960
AIA,20190221,7.01,7.29,6.98,7,60027
AIA,20190222,7.18,7.22,7.05,7.1,64291
AIA,20190225,7.09,7.22,7.06,7.19,55143
AIA,20190226,7.21,7.38,7.2,7.33,75037
AIA,20190227,7.3,7.38,7.25,7.36,72225
AIA,20190228,7.28,7.46,7.22,7.41,111878
AIA,20190301,7.35,7.36,7.22,7.3,149046
AIA,20190304,7.27,7.3,7.19,7.22,57751
AIA,20190305,7.22,7.47,7.19,7.25,45822
AIA,20190306,7.21,7.27,7.2,7.22,70025
AIA,20190307,7.21,7.47,7.2,7.22,953810
AIA,20190308,7.36,7.43,7.355,7.39,115706
AIA,20190311,7.36,7.45,7.36,7.43,194814
AIA,20190312,7.43,7.51,7.4,7.46,111039
AIA,20190313,7.45,7.53,7.44,7.47,262496
AIA,20190314,7.47,7.68,7.46,7.51,26196
AIA,20190315,7.52,7.68,7.51,7.62,113036
AIA,20190318,7.65,7.74,7.62,7.7,78638
AIA,20190319,7.71,7.78,7.61,7.67,129556
AIA,20190320,7.65,7.75,7.62,7.67,58309
AIA,20190321,7.57,7.6,7.39,7.52,87276
AIA,20190322,7.54,7.68,7.51,7.65,59069
AIA,20190325,7.62,7.79,7.6,7.75,81351
AIA,20190326,7.75,8.14,7.735,7.74,86854
AIA,20190327,7.74,7.91,7.74,7.82,173760
AIA,20190328,7.84,7.89,7.79,7.81,127748
AIA,20190329,7.82,7.84,7.77,7.78,63049
AIA,20190401,7.81,7.93,7.79,7.88,129316
AIA,20190402,7.92,8,7.87,7.93,123224
AIA,20190403,7.96,7.96,7.805,7.85,201206
AIA,20190404,7.78,7.79,7.725,7.76,342652
AIA,20190405,7.68,7.81,7.64,7.8,219278
AIA,20190408,7.64,7.71,7.57,7.71,121080
AIA,20190409,7.65,7.67,7.57,7.59,144595
AIA,20190410,7.58,7.6,7.5,7.6,99511
AIA,20190411,7.57,7.62,7.53,7.58,114483
AIA,20190412,7.57,7.57,7.49,7.53,125389
AIA,20190415,7.54,7.56,7.51,7.55,74553
AIA,20190416,7.52,7.55,7.48,7.52,134354
AIA,20190417,7.45,7.51,7.41,7.47,155956
AIA,20190418,7.5,7.51,7.45,7.46,121667
AIA,20190423,7.51,7.51,7.47,7.47,66698
AIA,20190424,7.51,7.55,7.48,7.52,57282
AIA,20190426,7.54,7.58,7.52,7.55,69599
AIA,20190429,7.58,7.8,7.54,7.65,110303
AIA,20190430,7.55,7.58,7.52,7.55,78105
AIA,20190501,7.54,7.54,7.5,7.51,64961
AIA,20190502,7.51,7.64,7.51,7.56,87101
AIA,20190503,7.54,7.57,7.54,7.56,49669
AIA,20190506,7.57,7.78,7.55,7.6,74896
AIA,20190507,7.59,7.59,7.5,7.55,49564
AIA,20190508,7.52,7.57,7.46,7.52,63229
AIA,20190509,7.54,7.82,7.54,7.73,82850
AIA,20190510,7.79,7.96,7.77,7.88,92256
AIA,20190513,7.9,8.08,7.88,8.02,112737
AIA,20190514,7.93,7.94,7.7,7.86,42471
AIA,20190515,7.86,8.03,7.86,7.88,62459
AIA,20190516,7.9,8.07,7.85,8.01,64185
AIA,20190517,8,8.18,7.98,8.11,89490
AIA,20190520,7.99,8.02,7.95,7.96,101737
AIA,20190521,7.98,8.18,7.96,8.16,85129
AIA,20190522,8.16,8.22,8.05,8.05,149782
AIA,20190523,8.05,8.21,8.05,8.15,51215
AIA,20190524,8.14,8.21,8.03,8.1,42475
AIA,20190527,8.11,8.2,8.06,8.11,55673
AIA,20190528,8.09,8.14,8.05,8.09,76395
AIA,20190529,8.08,8.08,7.87,8.02,147263
AIA,20190530,8.01,8.15,8.01,8.06,75744
AIA,20190531,8.11,8.29,8.1,8.24,124971
AIA,20190603,8.19,8.26,8.14,8.15,68772
AIA,20190604,8.16,8.34,8.14,8.33,134042
AIA,20190605,8.36,8.4,8.3,8.33,97276
AIA,20190606,8.31,8.42,8.31,8.42,71227
AIA,20190607,8.36,8.36,8.24,8.28,62048
AIA,20190611,8.27,8.46,8.27,8.41,155154
AIA,20190612,8.35,8.48,8.32,8.48,183835
AIA,20190613,8.47,8.62,8.46,8.57,89316
AIA,20190614,8.55,8.57,8.47,8.53,56367
AIA,20190617,8.45,8.485,8.34,8.36,71624
AIA,20190618,8.42,8.42,8.32,8.42,150143
AIA,20190619,8.455,8.67,8.4,8.61,167196
AIA,20190620,8.62,8.75,8.61,8.74,133266
AIA,20190621,8.76,8.85,8.72,8.85,329336
AIA,20190624,8.75,8.99,8.72,8.94,137741
AIA,20190625,9,9.2,9,9.1,159543
AIA,20190626,9.1,9.26,9.09,9.24,185861
AIA,20190627,9.23,9.38,9.23,9.31,174312
AIA,20190628,9.4,9.43,9.32,9.32,106899
AIA,20190701,9.29,9.35,9.26,9.28,114159
AIA,20190702,9.33,9.36,9.28,9.32,89382
AIA,20190703,9.3,9.32,9.1,9.1,132657
AIA,20190704,9.21,9.22,9.07,9.14,92967
AIA,20190705,9.04,9.13,9.01,9.06,122533
AIA,20190708,9,9.025,8.93,8.95,99563
AIA,20190709,8.9,8.97,8.88,8.95,55716
AIA,20190710,8.92,9.04,8.87,8.98,126831
AIA,20190711,8.99,9.2,8.96,9.04,232533
AIA,20190712,9.11,9.18,9.02,9.1,135606
AIA,20190715,9.1,9.32,9.1,9.19,79832
AIA,20190716,9.19,9.27,8.97,9.06,92206
AIA,20190717,9.1,9.14,8.98,9.06,75807
AIA,20190718,9.06,9.22,9.02,9.2,105238
AIA,20190719,9.22,9.28,9.2,9.23,37235
AIA,20190722,9.13,9.32,9.12,9.27,58940
AIA,20190723,9.27,9.27,9.17,9.24,45192
AIA,20190724,9.2,9.25,9.11,9.23,61404
AIA,20190725,9.27,9.29,9.17,9.26,57036
AIA,20190726,9.13,9.14,8.95,9.02,94349
AIA,20190729,9.05,9.13,9.05,9.11,61575
AIA,20190730,9.13,9.15,9.08,9.08,33553
AIA,20190731,9.12,9.21,8.85,8.97,126138
AIA,20190801,8.9,9.12,8.9,9.06,55272
AIA,20190802,9.05,9.06,8.95,9,64904
AIA,20190805,9.03,9.23,9.03,9.18,135929
AIA,20190806,9.05,9.07,8.88,8.93,157761
AIA,20190807,9.04,9.1,8.9,9.05,138366
AIA,20190808,9.04,9.45,9.04,9.33,178403
AIA,20190809,9.21,9.4,9.1,9.31,77163
AIA,20190812,9.21,9.38,9.21,9.3,71909
AIA,20190813,9.22,9.31,9.18,9.26,80879
AIA,20190814,9.2,9.24,9.04,9.09,83745
AIA,20190815,9,9.19,9,9.07,111967
AIA,20190816,9.08,9.21,9.08,9.11,77442
AIA,20190819,9.1,9.15,9.02,9.06,63193
AIA,20190820,9.15,9.29,9.07,9.2,79085
AIA,20190821,9.2,9.3,9.12,9.23,71721
AIA,20190822,9.19,9.19,8.98,9.05,107764
AIA,20190823,9.04,9.04,8.85,8.85,100576
AIA,20190826,8.78,8.89,8.64,8.78,155043
AIA,20190827,8.76,8.88,8.68,8.77,137284
AIA,20190828,8.77,8.99,8.77,8.95,59819
AIA,20190829,8.99,9,8.87,8.96,72185
AIA,20190830,8.87,9.04,8.83,9.02,83718
AIA,20190902,8.95,9,8.78,8.88,52793
AIA,20190903,8.92,9.12,8.89,9.07,52950
AIA,20190904,9,9.17,8.88,9.09,131240
AIA,20190905,9.02,9.08,8.81,8.91,169385
AIA,20190906,9.01,9.09,8.88,8.93,82507
AIA,20190909,8.91,8.99,8.89,8.89,103637
AIA,20190910,8.9,8.9,8.7,8.76,107149
AIA,20190911,8.76,8.78,8.65,8.73,68421
AIA,20190912,8.67,8.74,8.64,8.68,97985
AIA,20190913,8.68,8.68,8.55,8.59,102713
AIA,20190916,8.53,8.53,8.41,8.44,154733
AIA,20190917,8.4,8.46,8.385,8.46,258037
AIA,20190918,8.43,8.44,8.26,8.3,216991
AIA,20190919,8.32,8.5,8.29,8.39,150791
AIA,20190920,8.41,8.53,8.38,8.46,87895
AIA,20190923,8.46,8.64,8.46,8.58,74901
AIA,20190924,8.6,8.7,8.55,8.59,75252
AIA,20190925,8.6,8.67,8.575,8.58,100384
AIA,20190926,8.62,8.63,8.51,8.57,100601
AIA,20190927,8.55,8.65,8.54,8.63,53255
AIA,20190930,8.55,8.55,8.43,8.5,95653
AIA,20191001,8.52,8.69,8.5,8.69,146355
AIA,20191002,8.65,8.71,8.65,8.65,92432
AIA,20191003,8.53,8.55,8.44,8.44,140854
AIA,20191004,8.49,8.56,8.47,8.47,111994
AIA,20191007,8.53,8.62,8.53,8.59,46664
AIA,20191008,8.59,8.59,8.46,8.53,7541948
AIA,20191009,8.48,8.5,8.34,8.49,131990
AIA,20191010,8.42,8.48,8.26,8.3,477381
AIA,20191011,8.24,8.4,8.22,8.37,125804
AIA,20191014,8.45,8.45,8.26,8.3,73118
AIA,20191015,8.29,8.36,8.26,8.36,163497
AIA,20191016,8.38,8.58,8.38,8.56,119485
AIA,20191017,8.5,8.55,8.45,8.49,198146
AIA,20191018,8.5,8.61,8.5,8.52,158257
AIA,20191021,8.46,8.49,8.4,8.49,60020
AIA,20191022,8.47,8.65,8.47,8.57,74190
AIA,20191023,8.53,8.53,8.36,8.45,122047
AIA,20191024,8.41,8.48,8.31,8.37,74712
AIA,20191025,8.38,8.42,8.34,8.37,95450
AIA,20191028,8.5,8.505,8.35,8.37,15838
AIA,20191029,8.36,8.63,8.32,8.59,240140
AIA,20191030,8.53,8.75,8.49,8.67,141553
AIA,20191031,8.65,8.66,8.49,8.58,184206
AIA,20191101,8.51,8.8,8.51,8.76,81620
AIA,20191104,8.75,8.79,8.63,8.66,114435
AIA,20191105,8.66,8.67,8.53,8.61,92282
AIA,20191106,8.57,8.65,8.41,8.42,172318
AIA,20191107,8.43,8.59,8.37,8.55,53801
AIA,20191108,8.54,8.72,8.53,8.66,89381
AIA,20191111,8.62,8.67,8.53,8.6,88194
AIA,20191112,8.56,8.6,8.41,8.45,224748
AIA,20191113,8.49,8.52,8.4,8.44,92288
AIA,20191114,8.41,8.47,8.38,8.47,72819
AIA,20191115,8.44,8.48,8.39,8.45,63236
AIA,20191118,8.42,8.45,8.37,8.41,178255
AIA,20191119,8.46,8.48,8.4,8.42,123849
AIA,20191120,8.45,8.58,8.44,8.56,80219
AIA,20191121,8.54,8.7,8.51,8.6,70941
AIA,20191122,8.65,8.7,8.6,8.62,79790
AIA,20191125,8.66,8.69,8.61,8.62,121413
AIA,20191126,8.6,8.7,8.51,8.59,121060
AIA,20191127,8.63,8.69,8.56,8.67,67149
AIA,20191128,8.62,8.77,8.62,8.7,60128
AIA,20191129,8.68,8.71,8.55,8.58,80020
AIA,20191202,8.61,8.65,8.52,8.57,47268
AIA,20191203,8.57,8.57,8.41,8.43,118725
AIA,20191204,8.4,8.42,8.34,8.38,87073
AIA,20191205,8.4,8.51,8.4,8.45,57520
AIA,20191206,8.49,8.66,8.49,8.62,48807
AIA,20191209,8.68,8.69,8.59,8.6,99980
AIA,20191210,8.64,8.69,8.58,8.58,101108
AIA,20191211,8.62,8.63,8.51,8.62,59456
AIA,20191212,8.61,8.61,8.48,8.49,63265
AIA,20191213,8.5,8.53,8.31,8.35,83149
AIA,20191216,8.34,8.35,8.29,8.33,41806
AIA,20191217,8.41,8.56,8.41,8.45,167705
AIA,20191218,8.41,8.51,8.35,8.43,63059
AIA,20191219,8.5,8.61,8.5,8.56,71798
AIA,20191220,8.64,8.73,8.47,8.47,185304
AIA,20191223,8.61,8.68,8.56,8.65,40410
AIA,20191224,8.67,8.79,8.52,8.7,77256
AIA,20191227,8.71,8.75,8.57,8.6,52728
AIA,20191230,8.59,8.59,8.4,8.4,44778
AIA,20191231,8.5,8.58,8.47,8.51,50698
AIA,20200102,8.47,8.56,8.45,8.47,13283
AIA,20200103,8.5,8.78,8.5,8.65,57616
AIA,20200106,8.61,8.84,8.6,8.75,89040
AIA,20200107,8.75,8.85,8.73,8.82,155295
AIA,20200108,8.76,8.94,8.71,8.9,127683
AIA,20200109,8.88,8.89,8.655,8.69,93221
AIA,20200113,8.54,8.57,8.48,8.55,52851
AIA,20200114,8.51,8.67,8.51,8.67,78046
AIA,20200115,8.64,8.75,8.64,8.73,74634
AIA,20200116,8.7,8.75,8.61,8.72,99554
AIA,20200117,8.72,8.81,8.67,8.78,132398
AIA,20200120,8.8,8.8,8.69,8.75,68695
AIA,20200121,8.67,8.67,8.55,8.63,56025
AIA,20200122,8.58,8.69,8.55,8.64,81370
AIA,20200123,8.64,8.64,8.57,8.58,32859
AIA,20200124,8.64,8.66,8.57,8.61,89063
AIA,20200128,8.39,8.39,8.23,8.29,171765
AIA,20200129,8.3,8.47,8.265,8.36,156538
AIA,20200130,8.32,8.4,8.24,8.24,78326
AIA,20200203,8.17,8.19,8.06,8.09,87152
AIA,20200204,8.05,8.05,7.88,7.98,234803
AIA,20200205,8,8.21,8,8.18,314165
AIA,20200210,8.23,8.27,8.21,8.25,166483
AIA,20200211,8.23,8.28,8.16,8.22,255748
AIA,20200212,8.2,8.29,8.15,8.22,124653
AIA,20200213,8.21,8.29,8.1,8.18,210427
AIA,20200214,8.11,8.2,8.06,8.12,236766
AIA,20200217,8.04,8.06,8,8.04,87259
AIA,20200218,8.1,8.14,8.01,8.06,93514
AIA,20200219,7.97,8.08,7.93,8,81535
AIA,20200220,8.15,8.27,8.07,8.18,302498
AIA,20200221,8.19,8.32,8.19,8.23,121871
AIA,20200224,8.09,8.1,7.9,7.93,241568
AIA,20200225,7.8,7.97,7.78,7.95,275972
AIA,20200226,7.8,7.82,7.71,7.8,237308
AIA,20200227,7.82,7.92,7.69,7.73,124027
AIA,20200228,7.58,7.63,7.5,7.63,616848
AIA,20200302,7.43,7.43,7.17,7.28,459565
AIA,20200303,7.39,7.73,7.36,7.48,811942
AIA,20200304,7.41,7.41,7.31,7.33,317025
AIA,20200305,7.52,7.59,7.47,7.52,219428
AIA,20200306,7.44,7.63,7.44,7.59,337937
AIA,20200309,7.42,7.49,7.32,7.37,519265
AIA,20200310,7.07,7.5,7,7.44,435104
AIA,20200311,7.45,7.64,7.23,7.32,347546
AIA,20200312,7.15,7.18,6.78,6.8,465017
AIA,20200313,6,6.74,5.77,6.69,862546
AIA,20200316,6,6,5.03,5.1,1310856
AIA,20200317,4.93,5.25,4.93,5.05,840758
AIA,20200318,5.07,5.21,4.875,5,774520
AIA,20200319,4.72,4.72,4.38,4.49,1071160
AIA,20200320,4.56,5.06,4.55,4.95,1150146
AIA,20200323,4.42,4.57,4.17,4.5,1314023
AIA,20200324,4.5,4.84,4.41,4.82,1279480
AIA,20200325,5.17,5.54,5.17,5.54,834704
AIA,20200326,5.94,5.99,5.72,5.84,742488
AIA,20200327,6,6.04,5.35,5.44,773918
AIA,20200330,5,5.3,4.87,5.15,611377
AIA,20200331,5.35,5.35,4.93,4.95,596591
AIA,20200401,4.99,5.18,4.99,5.16,320724
AIA,20200402,5.01,5.18,5,5.01,344844
AIA,20200403,5,5.015,4.86,4.87,558140
AIA,20200406,4.87,4.87,4.87,4.87,0
AIA,20200407,5.11,5.54,5.09,5.32,2055748
AIA,20200408,5.31,5.34,5.18,5.32,1207226
AIA,20200409,5.39,5.73,5.38,5.57,1433956
AIA,20200414,5.43,5.75,5.23,5.61,1740963
AIA,20200415,5.55,5.7,5.52,5.66,1449298
AIA,20200416,5.64,5.83,5.57,5.62,1703006
AIA,20200417,5.7,5.92,5.7,5.9,1397820
AIA,20200420,5.73,5.79,5.52,5.66,1025993
AIA,20200421,5.49,5.66,5.46,5.58,1114039
AIA,20200422,5.41,5.55,5.39,5.46,973546
AIA,20200423,5.48,5.53,5.31,5.38,421673
AIA,20200424,5.41,5.44,5.31,5.4,476905
AIA,20200427,5.5,5.76,5.5,5.61,920686
AIA,20200428,5.56,5.73,5.52,5.73,630463
AIA,20200429,5.64,5.71,5.54,5.6,598681
AIA,20200430,5.55,5.85,5.52,5.74,913986
AIA,20200501,5.68,5.68,5.55,5.58,393904
AIA,20200504,5.5,5.58,5.43,5.55,609977
AIA,20200505,5.53,5.67,5.46,5.59,710531
AIA,20200506,5.59,5.59,5.45,5.49,497366
AIA,20200507,5.41,5.44,5.33,5.39,431897
AIA,20200508,5.37,5.4,5.29,5.35,608686
AIA,20200511,5.36,5.7,5.33,5.63,947500
AIA,20200512,5.63,5.63,5.37,5.45,717187
AIA,20200513,5.41,5.45,5.3,5.42,455779
AIA,20200514,5.32,5.37,5.24,5.3,529671
AIA,20200515,5.32,5.37,5.25,5.32,535055
AIA,20200518,5.25,5.33,5.15,5.18,620133
AIA,20200519,5.29,5.38,5.28,5.34,954813
AIA,20200520,5.3,5.45,5.29,5.43,668652
AIA,20200521,5.45,5.47,5.29,5.3,492094
AIA,20200522,5.36,5.43,5.35,5.42,281376
AIA,20200525,5.44,5.67,5.42,5.65,1119756
AIA,20200526,5.63,5.99,5.58,5.98,1801137
AIA,20200527,5.94,6.15,5.88,6.12,1429767
AIA,20200528,6.16,6.24,5.97,6.02,1334612
AIA,20200529,6.02,6.11,5.91,6.04,842062
AIA,20200601,5.99,6.03,5.91,6.02,376205
AIA,20200602,6.02,6.16,6.02,6.1,394073
AIA,20200603,6.23,6.47,6.21,6.4,543387
AIA,20200604,6.52,6.67,6.52,6.55,858913
AIA,20200605,6.54,6.57,6.41,6.43,756034
AIA,20200609,6.73,6.78,6.5,6.53,1253660
AIA,20200610,6.52,6.55,6.44,6.48,713976
AIA,20200611,6.41,6.41,6.18,6.28,659463
AIA,20200612,6,6.15,5.89,6.12,972045
AIA,20200615,6.14,6.16,5.95,5.97,566483
AIA,20200616,6.13,6.18,6.01,6.1,875252
AIA,20200617,6.13,6.44,6.09,6.34,852261
AIA,20200618,6.22,6.255,6.11,6.19,504785
AIA,20200619,6.14,6.38,6.14,6.29,1029491
AIA,20200622,6.25,6.28,6.13,6.17,506969
AIA,20200623,6.17,6.19,6.04,6.1,449213
AIA,20200624,6.08,6.08,5.87,5.93,649981
AIA,20200625,5.9,5.99,5.85,5.86,1186870
AIA,20200626,5.88,5.93,5.82,5.83,481768
AIA,20200629,5.84,6.02,5.8,5.86,745416
AIA,20200630,6.01,6.22,5.92,6.16,1212386
AIA,20200701,6.04,6.08,5.9,5.99,839263
AIA,20200702,5.96,6.04,5.92,6.01,676183
AIA,20200703,6.05,6.23,5.98,6.07,767145
AIA,20200706,6.02,6.07,5.97,5.98,618508
AIA,20200707,6.02,6.04,5.94,5.96,705157
AIA,20200708,5.96,6,5.9,5.95,719965
AIA,20200709,5.91,5.98,5.87,5.88,442445
AIA,20200710,5.85,5.89,5.79,5.82,516429
AIA,20200713,5.89,5.89,5.73,5.77,437406
AIA,20200714,5.68,5.75,5.58,5.64,531863
AIA,20200715,5.68,5.76,5.635,5.75,1065843
AIA,20200716,5.87,5.98,5.77,5.85,975697
AIA,20200717,5.73,5.85,5.72,5.81,715230
AIA,20200720,5.85,5.88,5.78,5.78,267090
AIA,20200721,5.83,6.06,5.8,6.01,1084122
AIA,20200722,5.96,6.04,5.91,5.98,782777
AIA,20200723,5.94,6.01,5.86,5.91,645331
AIA,20200724,5.9,5.94,5.79,5.9,2250486
AIA,20200727,5.86,5.93,5.845,5.93,244924
AIA,20200728,5.94,5.97,5.72,5.74,368455
AIA,20200729,5.7,5.85,5.69,5.74,402548
AIA,20200730,5.72,5.81,5.68,5.68,569311
AIA,20200731,5.68,5.92,5.66,5.83,591150
AIA,20200803,5.8,5.94,5.73,5.82,540560
AIA,20200804,5.8,5.86,5.72,5.79,428340
AIA,20200805,5.74,5.78,5.69,5.72,256544
AIA,20200806,5.69,5.8,5.68,5.8,245723
AIA,20200807,5.8,5.87,5.77,5.81,502642
AIA,20200810,5.78,5.8,5.675,5.74,612605
AIA,20200811,5.66,5.83,5.66,5.81,476051
AIA,20200812,5.65,5.86,5.64,5.82,1153020
AIA,20200813,5.75,5.84,5.73,5.75,1460252
AIA,20200814,5.75,5.77,5.64,5.7,594527
AIA,20200817,5.69,5.73,5.65,5.68,905652
AIA,20200818,5.7,5.74,5.65,5.73,518982
AIA,20200819,5.77,5.87,5.77,5.81,540104
AIA,20200820,5.76,5.93,5.74,5.86,487758
AIA,20200821,5.85,6.05,5.84,6.03,817940
AIA,20200824,6,6.1,5.98,6.07,382758
AIA,20200825,6.02,6.15,6.01,6.12,342847
AIA,20200826,6.1,6.1,5.88,6.01,827824
AIA,20200827,6.04,6.15,5.98,6.07,302937
AIA,20200828,6.08,6.12,6,6.09,441378
AIA,20200831,6.1,6.14,6.06,6.09,321789
AIA,20200901,6.08,6.12,5.97,6.1,544309
AIA,20200902,6.1,6.22,6.08,6.19,613685
AIA,20200903,6.26,6.49,6.25,6.44,1163251
AIA,20200904,6.41,6.645,6.41,6.61,1721739
AIA,20200907,6.5,6.53,6.41,6.51,1032619
AIA,20200908,6.55,6.57,6.395,6.49,574119
AIA,20200909,6.36,6.47,6.36,6.44,597180
AIA,20200910,6.46,6.56,6.46,6.52,969808
AIA,20200911,6.41,6.5,6.38,6.48,1060786
AIA,20200914,6.49,6.57,6.41,6.51,589965
AIA,20200915,6.5,6.57,6.45,6.53,954287
AIA,20200916,6.58,6.585,6.455,6.56,1258045
AIA,20200917,6.55,6.63,6.47,6.47,1156740
AIA,20200918,6.5,6.58,6.41,6.49,7096715
AIA,20200921,6.45,6.5,6.425,6.49,1017251
AIA,20200922,6.44,6.455,6.37,6.43,2375981
AIA,20200923,6.43,6.655,6.41,6.63,1184105
AIA,20200924,6.5,6.58,6.46,6.48,998431
AIA,20200925,6.48,6.55,6.45,6.52,704696
AIA,20200928,6.5,6.78,6.49,6.68,1139754
AIA,20200929,6.7,6.78,6.68,6.74,7934454
AIA,20200930,6.67,6.75,6.65,6.71,976459
AIA,20201001,6.74,6.79,6.71,6.77,910943
AIA,20201002,6.78,6.94,6.77,6.77,1346149
AIA,20201005,6.86,6.88,6.74,6.78,560312
AIA,20201006,6.78,6.89,6.72,6.78,1332449
AIA,20201007,6.78,6.97,6.77,6.95,542921
AIA,20201008,6.96,7.01,6.92,6.97,897373
AIA,20201009,6.9,7,6.89,6.99,693557
AIA,20201012,6.99,7,6.855,6.88,530112
AIA,20201013,6.9,6.98,6.86,6.9,806658
AIA,20201014,6.83,6.91,6.78,6.88,582008
AIA,20201015,6.91,6.99,6.89,6.89,661070
AIA,20201016,6.83,6.85,6.69,6.73,1666340
AIA,20201019,6.72,6.865,6.71,6.8,599047
AIA,20201020,6.75,6.94,6.74,6.82,1268267
AIA,20201021,6.8,6.83,6.72,6.73,1063238
AIA,20201022,6.77,6.94,6.73,6.87,1164264
AIA,20201023,6.88,6.925,6.81,6.88,772621
AIA,20201026,6.85,6.96,6.84,6.84,426123
AIA,20201027,6.81,6.83,6.71,6.79,419652
AIA,20201028,6.78,6.84,6.69,6.78,782940
AIA,20201029,6.69,6.78,6.6,6.62,1272310
AIA,20201030,6.61,6.61,6.495,6.54,737019
AIA,20201102,6.54,6.58,6.51,6.55,792887
AIA,20201103,6.53,6.74,6.53,6.69,583552
AIA,20201104,6.69,6.88,6.68,6.73,988474
AIA,20201105,6.67,6.71,6.59,6.7,897576
AIA,20201106,6.67,6.72,6.59,6.69,551184
AIA,20201109,6.7,6.81,6.655,6.76,695090
AIA,20201110,7.18,7.36,7.09,7.14,1742426
AIA,20201111,7.14,7.255,7.04,7.25,1082628
AIA,20201112,7.26,7.29,7.11,7.15,650257
AIA,20201113,7.13,7.33,7.11,7.26,670694
AIA,20201116,7.34,7.34,7.3,7.31,5952
AIA,20201117,7.38,7.39,7.29,7.35,631104
AIA,20201118,7.34,7.36,7.25,7.3,483679
AIA,20201120,7.28,7.36,7.28,7.3,705720
AIA,20201123,7.3,7.32,7.27,7.29,329626
AIA,20201124,7.32,7.35,7.24,7.35,461904
AIA,20201125,7.37,7.43,7.34,7.41,572266
AIA,20201126,7.43,7.43,7.38,7.41,379515
AIA,20201127,7.38,7.42,7.29,7.35,470779
AIA,20201130,7.35,7.43,7.22,7.31,756966
AIA,20201201,7.3,7.41,7.28,7.4,605755
AIA,20201202,7.36,7.44,7.35,7.44,420200
AIA,20201203,7.37,7.38,7.32,7.34,459301
AIA,20201204,7.32,7.39,7.32,7.32,257258
AIA,20201207,7.35,7.57,7.32,7.45,833038
AIA,20201208,7.37,7.56,7.37,7.55,607863
AIA,20201209,7.58,7.75,7.57,7.74,546368
AIA,20201210,7.72,7.76,7.64,7.73,889562
AIA,20201211,7.76,7.77,7.49,7.59,1472315
AIA,20201214,7.55,7.63,7.46,7.47,672817
AIA,20201215,7.56,7.6,7.44,7.46,538801
AIA,20201216,7.44,7.53,7.39,7.46,691186
AIA,20201217,7.47,7.64,7.44,7.58,824160
AIA,20201218,7.54,7.59,7.29,7.38,1204210
AIA,20201221,7.28,7.3,7.11,7.24,864269
AIA,20201222,7.25,7.27,7.13,7.16,668386
AIA,20201224,7.18,7.18,7.18,7.18,0
AIA,20201229,7.25,7.26,7.2,7.24,193896
AIA,20201230,7.26,7.26,7.18,7.24,290461
AIA,20201231,7.2,7.21,7.12,7.17,194871
AIA,20210104,7.18,7.19,7.07,7.11,199355
AIA,20210105,7.07,7.2,6.99,7.16,719552
AIA,20210106,7.1,7.24,7.1,7.21,783515
AIA,20210107,7.23,7.38,7.21,7.29,987712
AIA,20210108,7.3,7.5,7.25,7.44,471179
AIA,20210111,7.35,7.41,7.24,7.35,438125
AIA,20210112,7.25,7.33,7.12,7.16,308878
AIA,20210113,7.14,7.18,6.995,7.05,332842
AIA,20210114,7.03,7.15,7.03,7.1,395934
AIA,20210115,7.15,7.18,6.99,7,410877
AIA,20210118,6.94,6.96,6.78,6.8,297226
AIA,20210119,6.78,6.81,6.64,6.74,440938
AIA,20210120,6.72,6.87,6.69,6.83,407761
AIA,20210121,6.86,6.97,6.85,6.9,1145772
AIA,20210122,6.91,6.97,6.71,6.85,728052
AIA,20210125,6.84,6.92,6.75,6.86,477170
AIA,20210127,6.78,6.82,6.695,6.74,948798
AIA,20210128,6.66,6.73,6.61,6.68,712768
AIA,20210129,6.8,6.94,6.76,6.83,745708
AIA,20210201,6.77,6.97,6.76,6.89,465045
AIA,20210203,6.95,7.11,6.95,7.04,933965
AIA,20210204,6.95,6.95,6.78,6.81,561747
AIA,20210205,6.85,6.85,6.74,6.8,418990
AIA,20210208,6.8,6.84,6.735,6.8,475976
AIA,20210209,6.71,6.73,6.64,6.65,1533072
AIA,20210210,6.67,6.7,6.63,6.67,289758
AIA,20210211,6.63,6.65,6.56,6.58,296529
AIA,20210212,6.53,6.58,6.42,6.45,433903
AIA,20210215,6.28,6.41,6.26,6.34,782081
AIA,20210216,6.35,6.53,6.32,6.5,944039
AIA,20210217,6.41,6.5,6.41,6.48,522174
AIA,20210218,6.45,6.48,6.35,6.35,507584
AIA,20210219,6.34,6.39,6.23,6.27,608431
AIA,20210222,6.26,6.41,6.24,6.35,465361
AIA,20210223,6.45,6.65,6.4,6.6,889967
AIA,20210224,6.69,6.92,6.65,6.87,1156723
AIA,20210225,6.82,6.95,6.79,6.91,704027
AIA,20210226,6.84,7.08,6.82,7.04,1180354
AIA,20210301,6.92,7.175,6.85,7.16,592494
AIA,20210302,7.09,7.165,6.85,6.88,681582
AIA,20210303,6.95,6.95,6.795,6.81,355699
AIA,20210304,6.77,6.78,6.54,6.65,680123
AIA,20210305,6.6,6.67,6.58,6.65,381856
AIA,20210308,6.66,6.71,6.51,6.57,413040
AIA,20210309,6.57,6.57,6.5,6.52,497652
AIA,20210310,6.58,6.66,6.54,6.6,754537
AIA,20210311,6.58,6.66,6.54,6.6,754537
AIA,20210312,6.66,6.99,6.66,6.94,532776
AIA,20210315,6.99,7.17,6.96,7.14,443188
AIA,20210316,7.13,7.29,7.04,7.2,679550
AIA,20210317,7.22,7.27,6.99,7.21,828103
AIA,20210318,7.3,7.34,7.155,7.19,1079695
AIA,20210319,7.14,7.21,6.95,7.03,1900503
AIA,20210322,7.02,7.12,6.93,7.06,666183
AIA,20210323,6.97,7.05,6.92,6.96,502160
AIA,20210324,6.9,6.9,6.79,6.86,721381
AIA,20210325,6.88,6.94,6.87,6.94,571341
AIA,20210329,6.75,6.8,6.71,6.74,273033
AIA,20210330,6.82,7.03,6.82,6.93,728511
AIA,20210331,7,7.22,6.94,7.09,806247
AIA,20210401,7.09,7.12,6.97,7.07,496276
AIA,20210406,7.16,7.22,7.08,7.15,619798
AIA,20210407,7.14,7.16,7.03,7.15,477732
AIA,20210408,7.15,7.17,7.05,7.1,853621
AIA,20210409,7.06,7.1,7.02,7.1,337046
AIA,20210412,7.09,7.14,7.07,7.14,302291
AIA,20210413,7.14,7.14,7.04,7.06,286436
AIA,20210414,7.03,7.13,7.02,7.09,479617
AIA,20210415,7.01,7.03,6.9,6.98,465606
AIA,20210416,6.86,6.94,6.805,6.92,954143
AIA,20210419,7,7.14,6.98,7.08,390143
AIA,20210420,7.03,7.13,6.87,7.05,593109
AIA,20210421,6.98,7.07,6.96,7.03,365673
AIA,20210422,7.05,7.07,6.93,7.04,413403
AIA,20210423,6.98,6.99,6.9,6.94,293983
AIA,20210426,6.93,6.97,6.86,6.87,117911
AIA,20210427,6.87,6.88,6.81,6.82,226068
AIA,20210428,6.88,6.91,6.825,6.84,297636
AIA,20210429,6.92,7.03,6.86,6.99,228953
AIA,20210430,7.04,7.13,6.98,7.11,434376
AIA,20210503,7.04,7.09,7,7.03,448658
AIA,20210504,7.06,7.19,7.06,7.14,406962
AIA,20210505,7.08,7.18,7.08,7.17,457786
AIA,20210506,7.16,7.16,7.01,7.05,334710
AIA,20210507,7.04,7.08,6.97,7.01,365597
AIA,20210510,6.98,7.08,6.97,7.03,243992
AIA,20210511,7.05,7.16,6.96,7.09,387433
AIA,20210512,7.08,7.2,7.08,7.16,675873
AIA,20210513,7.06,7.08,6.84,6.87,445964
AIA,20210514,6.97,6.97,6.82,6.85,344701
AIA,20210517,6.87,6.97,6.84,6.91,294217
AIA,20210518,6.92,6.98,6.85,6.94,237346
AIA,20210519,6.86,6.88,6.755,6.81,312323
AIA,20210520,6.87,6.99,6.87,6.96,364518
AIA,20210521,7,7.02,6.87,6.91,357374
AIA,20210524,6.86,6.87,6.69,6.77,339524
AIA,20210525,6.79,6.81,6.72,6.81,174668
AIA,20210526,6.69,6.72,6.58,6.68,857056
AIA,20210527,6.79,6.87,6.61,6.7,662774
AIA,20210528,6.75,6.93,6.72,6.82,1515157
AIA,20210531,6.84,6.89,6.76,6.85,508518
AIA,20210601,6.78,6.98,6.78,6.91,354162
AIA,20210602,6.96,7.12,6.96,7.09,359512
AIA,20210603,7.1,7.135,7.06,7.12,229762
AIA,20210604,7.02,7.18,6.99,7.14,397563
AIA,20210607,7.18,7.18,7.08,7.13,133995
AIA,20210609,7.14,7.21,7.12,7.2,413589
AIA,20210610,7.17,7.18,7.13,7.15,238100
AIA,20210611,7.12,7.12,6.96,6.98,448759
AIA,20210615,6.94,7.01,6.91,6.98,442887
AIA,20210616,6.96,7.03,6.95,7.01,415353
AIA,20210617,6.98,7.03,6.89,6.94,512592
AIA,20210618,6.9,7.01,6.9,6.98,1912439
AIA,20210621,6.85,6.94,6.81,6.9,517655
AIA,20210622,6.96,6.96,6.76,6.81,622995
AIA,20210623,6.79,6.84,6.76,6.77,299644
AIA,20210625,6.84,6.925,6.8,6.88,438182
AIA,20210628,6.82,6.83,6.75,6.77,326238
AIA,20210629,6.74,6.83,6.74,6.8,649967
AIA,20210630,6.79,6.79,6.74,6.76,421242
AIA,20210701,6.69,6.76,6.67,6.72,466195
AIA,20210705,7.16,7.18,7.03,7.07,2995396
AIA,20210706,7.08,7.08,6.89,6.92,1358223
AIA,20210707,6.9,7.05,6.86,7.03,517167
AIA,20210708,7,7.15,6.97,7.1,462568
AIA,20210709,7,7.07,6.94,6.98,563172
AIA,20210712,7.02,7.02,6.9,6.95,422807
AIA,20210714,7.01,7.13,6.99,7.09,510489
AIA,20210715,7.06,7.07,6.93,7.02,626397
AIA,20210716,7,7.22,7,7.19,580946
AIA,20210719,7.07,7.12,7.04,7.11,290926
AIA,20210720,6.98,7.06,6.94,6.98,505522
AIA,20210723,6.9,6.9,6.75,6.79,540216
AIA,20210726,6.84,6.84,6.65,6.67,717306
AIA,20210727,6.71,6.78,6.66,6.75,528029
AIA,20210728,6.76,6.78,6.69,6.73,396922
AIA,20210729,6.73,6.86,6.71,6.8,673642
AIA,20210730,6.8,6.86,6.75,6.8,274155
AIA,20210802,6.79,6.87,6.76,6.8,393674
AIA,20210803,6.8,6.89,6.8,6.83,230759
AIA,20210804,6.83,6.92,6.82,6.87,474361
AIA,20210805,6.85,6.875,6.82,6.82,270378
AIA,20210806,6.84,6.86,6.8,6.85,471702
AIA,20210809,6.85,6.93,6.81,6.9,663348
AIA,20210810,6.91,7.01,6.89,6.91,628085
AIA,20210811,6.93,6.95,6.78,6.8,436169
AIA,20210812,6.89,6.93,6.86,6.92,563526
AIA,20210813,6.9,6.98,6.9,6.98,254731
AIA,20210819,6.7,6.75,6.69,6.69,388736
AIA,20210820,6.9,6.9,6.72,6.87,802587
AIA,20210823,6.85,6.98,6.81,6.96,720226
AIA,20210824,6.96,7,6.91,6.95,585834
AIA,20210825,6.99,7.02,6.91,6.98,387367
AIA,20210826,6.97,6.97,6.82,6.84,523578
AIA,20210827,6.84,6.9,6.77,6.81,497618
AIA,20210830,6.84,6.89,6.81,6.86,445352
AIA,20210831,6.84,6.97,6.82,6.9,539744
AIA,20210901,6.92,6.97,6.81,6.94,472656
AIA,20210902,6.88,6.91,6.83,6.88,441358
AIA,20210903,6.86,7.05,6.83,7.04,587481
AIA,20210906,7,7.06,6.97,7.04,290654
AIA,20210907,7.04,7.05,6.99,7.05,366668
AIA,20210908,6.98,7.13,6.98,7.1,472238
AIA,20210909,7.07,7.12,7.04,7.08,546608
AIA,20210910,7.02,7.08,7,7.07,408547
AIA,20210913,7.08,7.21,7.08,7.19,476611
AIA,20210914,7.19,7.19,7.12,7.16,540389
AIA,20210915,7.13,7.19,7.1,7.17,328680
AIA,20210916,7.18,7.19,7.14,7.16,340821
AIA,20210917,7.17,7.34,7.15,7.25,557637
AIA,20210920,7.17,7.38,7.17,7.33,735908
AIA,20210922,7.29,7.45,7.29,7.41,621454
AIA,20210923,7.42,7.54,7.41,7.51,552195
AIA,20210924,7.53,7.6,7.475,7.5,499725
AIA,20210927,7.53,7.54,7.46,7.46,444292
AIA,20210928,7.46,7.53,7.44,7.48,280989
AIA,20210929,7.4,7.4,7.25,7.39,640979
AIA,20210930,7.4,7.54,7.39,7.53,775929
AIA,20211001,7.4,7.535,7.39,7.53,643889
AIA,20211004,7.5,7.58,7.48,7.56,342900
AIA,20211005,7.46,7.76,7.45,7.73,782759
AIA,20211006,7.74,7.78,7.62,7.64,740779
AIA,20211007,7.68,7.7,7.58,7.63,814789
AIA,20211008,7.61,7.61,7.49,7.54,595512
AIA,20211011,7.46,7.5,7.35,7.41,425719
AIA,20211012,7.46,7.5,7.35,7.41,563823
AIA,20211013,7.33,7.34,7.21,7.27,588299
AIA,20211014,7.32,7.37,7.27,7.33,523737
AIA,20211019,7.39,7.45,7.37,7.43,546044
AIA,20211020,7.43,7.52,7.39,7.42,736062
AIA,20211021,7.48,7.55,7.4,7.5,1745386
AIA,20211022,7.52,7.75,7.52,7.72,636814
AIA,20211025,7.8,7.87,7.66,7.67,269650
AIA,20211026,7.65,7.68,7.6,7.63,280610
AIA,20211028,7.59,7.59,7.44,7.49,389571
AIA,20211029,7.46,7.59,7.41,7.5,441441
AIA,20211101,7.51,7.57,7.47,7.51,495571
AIA,20211102,7.52,7.6,7.47,7.58,221790
AIA,20211103,7.58,7.65,7.52,7.64,361784
AIA,20211104,7.63,7.73,7.63,7.71,497964
AIA,20211105,7.7,7.83,7.68,7.81,589167
AIA,20211109,7.92,7.93,7.83,7.88,676144
AIA,20211110,7.83,7.96,7.8,7.94,329470
AIA,20211112,7.94,7.94,7.87,7.88,152809
AIA,20211115,7.9,7.94,7.84,7.88,276987
AIA,20211116,7.88,8,7.87,7.93,358572
AIA,20211117,7.95,7.98,7.88,7.93,435888
AIA,20211118,7.9,7.94,7.82,7.84,585842
AIA,20211119,7.89,7.89,7.64,7.71,389253
AIA,20211122,7.65,7.65,7.53,7.56,408986
AIA,20211123,7.56,7.64,7.55,7.61,986824
AIA,20211124,7.58,7.71,7.56,7.61,379721
AIA,20211125,7.6,7.63,7.545,7.58,643234
AIA,20211126,7.54,7.57,7.37,7.43,501644
AIA,20211129,7.26,7.48,7.16,7.46,616641
AIA,20211130,7.42,7.59,7.41,7.52,640318
AIA,20211201,7.46,7.59,7.45,7.49,716601
AIA,20211202,7.47,7.56,7.43,7.5,404042
AIA,20211203,7.51,7.55,7.48,7.54,471942
AIA,20211206,7.47,7.52,7.41,7.5,831133
AIA,20211207,7.5,7.6,7.39,7.45,518700
AIA,20211208,7.44,7.47,7.34,7.45,476103
AIA,20211209,7.42,7.68,7.4,7.47,1039060
AIA,20211210,7.43,7.44,7.32,7.34,699091
AIA,20211213,7.31,7.33,7.19,7.21,962797
AIA,20211214,7.22,7.35,7.21,7.3,393335
AIA,20211216,7.15,7.19,7.07,7.15,1154396
AIA,20211217,7.12,7.19,7.03,7.05,1096591
AIA,20211220,7,7.19,6.97,7.15,1088900
AIA,20211221,7.07,7.23,7.07,7.21,742341
AIA,20211222,7.2,7.26,7.16,7.2,871413
AIA,20211223,7.25,7.26,7.14,7.16,510149
AIA,20211224,7.12,7.24,7.09,7.22,427667
AIA,20211229,7.22,7.29,7.21,7.26,452273
AIA,20211230,7.17,7.3,7.17,7.24,293036
AIA,20211231,7.27,7.27,7.2,7.2,192513
AIA,20220104,7.2,7.32,7.2,7.3,178601
AIA,20220105,7.33,7.46,7.32,7.36,436174
AIA,20220106,7.33,7.33,7.16,7.19,572125
AIA,20220107,7.21,7.25,7.18,7.2,244628
AIA,20220110,7.2,7.22,7.18,7.21,238844
AIA,20220111,7.17,7.3,7.17,7.23,406982
AIA,20220112,7.28,7.3,7.23,7.27,505140
AIA,20220113,7.26,7.345,7.26,7.29,502866
AIA,20220114,7.28,7.41,7.27,7.31,582169
AIA,20220117,7.3,7.33,7.22,7.26,324272
AIA,20220118,7.29,7.29,7.17,7.18,309333
AIA,20220119,7.15,7.18,7.03,7.05,506941
AIA,20220120,7.04,7.12,6.93,6.97,744917
AIA,20220121,6.92,6.955,6.89,6.95,561620
AIA,20220124,6.9,6.9,6.71,6.78,635806
AIA,20220125,6.77,6.94,6.69,6.83,1748520
AIA,20220127,6.9,6.94,6.75,6.76,1842347
AIA,20220128,6.78,6.81,6.61,6.65,1606649
AIA,20220131,6.7,6.8,6.64,6.7,644362
AIA,20220201,6.67,6.75,6.62,6.7,547654
AIA,20220202,6.78,7.07,6.77,7.06,854664
AIA,20220203,7.04,7.1,6.97,7.03,277150
AIA,20220204,6.95,7.02,6.92,6.98,819650
AIA,20220207,6.92,7.05,6.92,6.92,431298
AIA,20220208,6.92,6.94,6.85,6.88,833559
AIA,20220209,6.92,7.03,6.88,7,1505396
AIA,20220210,7.01,7.04,6.87,6.9,501538
AIA,20220211,6.82,6.84,6.74,6.78,738854
AIA,20220214,6.76,6.76,6.655,6.69,599009
AIA,20220215,6.65,6.66,6.58,6.58,822939
AIA,20220216,6.64,6.64,6.6,6.63,1164846
AIA,20220217,6.64,6.73,6.63,6.68,812594
AIA,20220218,6.68,6.71,6.63,6.65,438449
AIA,20220221,6.6,6.64,6.57,6.59,499698
AIA,20220222,6.57,6.63,6.47,6.51,625106
AIA,20220223,6.65,6.67,6.55,6.64,681162
AIA,20220224,6.62,6.63,6.42,6.44,599256
AIA,20220225,6.6,6.65,6.53,6.6,1036653
AIA,20220228,6.6,6.68,6.46,6.68,1477578
AIA,20220301,6.75,6.9,6.75,6.81,1145262
AIA,20220302,6.76,6.78,6.6,6.69,1098876
AIA,20220303,6.86,6.86,6.76,6.77,1095821
AIA,20220304,6.76,6.78,6.595,6.69,674841
AIA,20220307,6.7,6.7,6.6,6.63,664904
AIA,20220308,6.62,6.62,6.44,6.44,655487
AIA,20220309,6.49,6.55,6.45,6.49,394320
AIA,20220310,6.59,6.76,6.56,6.71,1823674
AIA,20220311,6.71,6.73,6.62,6.67,1148718
AIA,20220314,6.7,6.8,6.7,6.73,897524
AIA,20220315,6.75,6.92,6.74,6.84,854523
AIA,20220316,0,0,0,0,0
AIA,20220317,6.94,7.03,6.89,7,1209561
AIA,20220318,7,7.42,6.94,7.25,2575714
AIA,20220321,7.24,7.25,7.08,7.09,732397
AIA,20220322,7.12,7.2,7.06,7.15,613694
AIA,20220323,7.21,7.25,7.13,7.18,434509
AIA,20220324,7.15,7.21,7.12,7.17,461476
AIA,20220325,7.2,7.34,7.2,7.32,442483
AIA,20220328,7.25,7.28,7.17,7.19,499309
AIA,20220329,7.18,7.18,7.02,7.06,1034226
AIA,20220330,7.13,7.155,7.09,7.09,544245
AIA,20220331,7.15,7.27,7.08,7.24,802119
AIA,20220401,7.21,7.23,7.12,7.12,659530
AIA,20220404,7.15,7.16,7.07,7.07,402585
AIA,20220405,7.1,7.16,7.03,7.16,837549
AIA,20220406,7.07,7.12,7.01,7.06,455408
AIA,20220407,7.06,7.17,7.02,7.09,571630
AIA,20220408,7.17,7.17,7.02,7.03,373298
AIA,20220411,7.03,7.06,6.925,6.99,454078
AIA,20220412,6.98,7.01,6.91,6.92,773385
AIA,20220413,6.98,7.02,6.94,7,378078
AIA,20220414,6.98,7.08,6.98,7.03,732415
AIA,20220419,7.03,7.085,7,7.05,437475
AIA,20220420,7.03,7.2,7.02,7.17,734023
AIA,20220421,7.03,7.2,7.02,7.17,734023
AIA,20220422,7.2,7.25,7.15,7.18,623087
AIA,20220426,7.15,7.16,7.05,7.06,627936
AIA,20220427,7.01,7.11,7,7.09,547757
AIA,20220428,7.12,7.18,7.1,7.15,504666
AIA,20220429,7.18,7.25,7.16,7.2,855139
AIA,20220502,7.17,7.22,7.12,7.13,443546
AIA,20220503,7.11,7.13,6.94,7,957391
AIA,20220504,7.06,7.08,7.01,7.07,390077
AIA,20220505,7.08,7.14,7.04,7.11,366844
AIA,20220506,7.03,7.05,6.9,6.91,603139
AIA,20220509,6.89,6.89,6.66,6.69,919654
AIA,20220510,6.62,6.73,6.59,6.63,849197
AIA,20220511,6.62,6.65,6.5,6.58,1019700
AIA,20220512,6.55,6.58,6.43,6.45,1269950
AIA,20220513,6.5,6.66,6.47,6.62,661425
AIA,20220516,6.7,6.76,6.67,6.67,369037
AIA,20220517,6.69,6.69,6.6,6.63,335788
AIA,20220518,6.65,6.69,6.59,6.61,524688
AIA,20220519,6.54,6.68,6.49,6.63,659417
AIA,20220520,6.67,6.71,6.65,6.71,690331
AIA,20220523,6.73,6.78,6.66,6.73,361688
AIA,20220524,6.72,6.73,6.66,6.67,238747
AIA,20220525,6.68,6.73,6.63,6.71,279763
AIA,20220526,6.69,6.74,6.61,6.64,379045
AIA,20220527,6.73,6.73,6.62,6.66,421632
AIA,20220530,6.7,6.73,6.64,6.73,356483
AIA,20220531,6.7,6.78,6.65,6.72,784910
AIA,20220601,6.77,6.95,6.77,6.9,685558
AIA,20220602,6.82,6.925,6.82,6.88,487217
AIA,20220603,6.91,7,6.89,6.95,382689
AIA,20220606,6.9,6.93,6.84,6.86,329255
AIA,20220607,6.92,6.92,6.8,6.83,757790
AIA,20220608,6.9,7.05,6.86,7.04,954273
AIA,20220609,6.99,7.03,6.92,6.96,753653
AIA,20220610,6.9,6.96,6.88,6.89,486072
AIA,20220614,6.62,6.66,6.46,6.58,1370749
AIA,20220615,6.6,6.69,6.57,6.59,988979
AIA,20220616,6.63,6.64,6.42,6.42,1271791
AIA,20220617,6.39,6.46,6.3,6.45,1954567
AIA,20220620,6.57,6.59,6.48,6.55,610376
AIA,20220621,6.57,6.645,6.53,6.61,559401
AIA,20220622,6.61,6.69,6.57,6.6,502742
AIA,20220623,6.65,6.8,6.61,6.69,1023037
AIA,20220624,6.85,6.85,6.63,6.66,304939
AIA,20220627,6.66,6.72,6.57,6.61,771114
AIA,20220628,6.65,6.76,6.65,6.7,841916
AIA,20220629,6.69,6.73,6.61,6.61,22280446
AIA,20220630,6.56,6.61,6.48,6.48,1712492
AIA,20220701,6.58,6.675,6.55,6.58,958241
AIA,20220704,6.66,6.69,6.6,6.67,449601
AIA,20220705,6.75,6.76,6.61,6.72,772854
AIA,20220706,6.68,6.835,6.68,6.79,689208
AIA,20220707,6.77,6.77,6.65,6.66,539489
AIA,20220708,6.69,6.69,6.62,6.63,393785
AIA,20220711,6.63,6.66,6.56,6.57,652462
AIA,20220712,6.6,6.63,6.54,6.58,478633
AIA,20220713,6.61,6.61,6.51,6.54,687474
AIA,20220714,6.61,6.67,6.58,6.67,536193
AIA,20220715,6.6,6.71,6.58,6.67,493576
AIA,20220718,6.68,6.68,6.62,6.66,572235
AIA,20220719,6.6,6.63,6.58,6.61,250787
AIA,20220720,6.67,6.775,6.65,6.75,813018
AIA,20220721,6.71,6.72,6.65,6.65,450735
AIA,20220722,6.68,6.68,6.56,6.56,754045
AIA,20220725,6.6,6.6,6.46,6.47,929304
AIA,20220726,6.5,6.5,6.36,6.43,876806
AIA,20220727,6.47,6.55,6.44,6.49,377939
AIA,20220728,6.52,6.61,6.5,6.57,532019
AIA,20220729,6.59,6.72,6.57,6.67,575461
AIA,20220801,6.67,6.74,6.65,6.71,450808
AIA,20220802,6.68,6.82,6.68,6.79,613029
AIA,20220803,6.79,6.895,6.74,6.87,535293
AIA,20220805,6.94,7.02,6.85,7.01,564254
AIA,20220808,6.91,6.95,6.84,6.87,298786
AIA,20220809,6.89,6.96,6.87,6.94,298807
AIA,20220810,6.97,6.99,6.86,6.92,421234
AIA,20220811,6.97,6.99,6.92,6.94,261355
AIA,20220812,6.97,6.97,6.9,6.91,171150
AIA,20220815,6.94,7.09,6.94,7.09,607589
AIA,20220816,7.07,7.095,6.87,6.95,1120209
AIA,20220817,6.95,7.05,6.94,6.97,664925
AIA,20220818,6.9,6.97,6.73,6.9,917749
AIA,20220819,6.87,6.92,6.76,6.88,997774
AIA,20220822,6.83,6.96,6.78,6.9,805372
AIA,20220823,6.82,6.82,6.685,6.7,746857
AIA,20220824,6.74,6.76,6.68,6.72,313875
AIA,20220825,6.75,6.75,6.68,6.72,571452
AIA,20220826,6.75,6.95,6.73,6.93,1443263
AIA,20220829,6.83,6.83,6.72,6.78,905952
AIA,20220830,6.76,6.85,6.75,6.83,617086
AIA,20220831,6.84,6.85,6.71,6.77,884503
AIA,20220901,6.83,6.86,6.73,6.81,908999
AIA,20220902,6.8,6.88,6.75,6.83,520058
AIA,20220905,6.84,6.86,6.79,6.84,613216
AIA,20220906,6.81,6.85,6.78,6.82,375455
AIA,20220907,6.82,6.83,6.71,6.71,525671
AIA,20220909,6.83,6.9,6.83,6.88,455792
AIA,20220912,6.93,6.95,6.87,6.9,421339
AIA,20220913,6.93,6.94,6.87,6.88,688590
AIA,20220914,6.77,6.8,6.71,6.79,718334
AIA,20220915,6.82,6.88,6.81,6.83,731528
AIA,20220916,6.83,6.88,6.78,6.78,1448403
AIA,20220919,6.8,6.86,6.79,6.79,404733
AIA,20220920,6.82,6.84,6.775,6.81,474779
AIA,20220921,6.74,6.79,6.67,6.68,578528
