ARL,20170209,0.19,0.205,0.175,0.18,2691986
ARL,20170210,0.18,0.185,0.17,0.18,1395895
ARL,20170213,0.175,0.19,0.175,0.19,1141501
ARL,20170214,0.195,0.23,0.195,0.23,2971470
ARL,20170215,0.26,0.28,0.25,0.265,2238512
ARL,20170216,0.3,0.31,0.275,0.31,3531692
ARL,20170217,0.31,0.32,0.28,0.295,1787739
ARL,20170220,0.3,0.315,0.29,0.295,1707845
ARL,20170221,0.3,0.33,0.295,0.305,2710904
ARL,20170222,0.33,0.38,0.315,0.38,2771919
ARL,20170223,0.405,0.52,0.39,0.46,5351264
ARL,20170224,0.5,0.775,0.5,0.69,10305810
ARL,20170227,0.735,0.925,0.57,0.585,10025229
ARL,20170228,0.66,0.73,0.58,0.605,4107872
ARL,20170301,0.655,0.655,0.58,0.605,1390264
ARL,20170302,0.645,0.73,0.61,0.645,6469611
ARL,20170303,0.645,0.665,0.6,0.63,1954923
ARL,20170306,0.63,0.645,0.57,0.57,1831965
ARL,20170307,0.55,0.57,0.43,0.44,4557605
ARL,20170308,0.465,0.48,0.43,0.445,1828895
ARL,20170309,0.455,0.5,0.42,0.46,2649436
ARL,20170310,0.48,0.48,0.45,0.455,815760
ARL,20170313,0.47,0.5,0.455,0.47,831597
ARL,20170314,0.47,0.585,0.465,0.585,1511173
ARL,20170315,0.57,0.59,0.54,0.56,639412
ARL,20170316,0.585,0.67,0.55,0.645,1722118
ARL,20170317,0.665,0.67,0.605,0.61,601924
ARL,20170320,0.595,0.6,0.555,0.6,403389
ARL,20170321,0.62,0.64,0.6,0.63,278951
ARL,20170322,0.605,0.605,0.555,0.565,668641
ARL,20170323,0.585,0.6,0.565,0.58,256672
ARL,20170324,0.59,0.62,0.58,0.62,549095
ARL,20170327,0.62,0.63,0.575,0.575,328279
ARL,20170328,0.58,0.58,0.53,0.54,778210
ARL,20170329,0.545,0.55,0.54,0.545,330401
ARL,20170330,0.55,0.55,0.5,0.505,786249
ARL,20170331,0.535,0.535,0.515,0.52,299798
ARL,20170403,0.53,0.55,0.53,0.545,210165
ARL,20170404,0.585,0.585,0.555,0.58,302777
ARL,20170405,0.61,0.62,0.585,0.61,337052
ARL,20170406,0.62,0.62,0.585,0.59,324157
ARL,20170407,0.565,0.6,0.565,0.6,198663
ARL,20170410,0.6,0.615,0.58,0.585,96288
ARL,20170411,0.595,0.73,0.59,0.715,2025495
ARL,20170412,0.7,0.715,0.63,0.67,742831
ARL,20170413,0.685,0.75,0.67,0.75,1268545
ARL,20170418,0.78,0.78,0.7,0.705,1085976
ARL,20170419,0.7,0.72,0.64,0.68,723936
ARL,20170420,0.66,0.71,0.65,0.68,716923
ARL,20170421,0.68,0.68,0.68,0.68,0
ARL,20170424,0.68,0.68,0.68,0.68,0
ARL,20170426,0.7,0.705,0.605,0.605,1203291
ARL,20170427,0.61,0.655,0.61,0.64,404813
ARL,20170428,0.64,0.67,0.615,0.62,318344
ARL,20170501,0.64,0.64,0.62,0.62,164627
ARL,20170502,0.63,0.66,0.62,0.62,216252
ARL,20170503,0.66,0.695,0.65,0.665,106121
ARL,20170504,0.66,0.66,0.61,0.62,202646
ARL,20170505,0.625,0.64,0.6,0.615,267541
ARL,20170508,0.61,0.61,0.562,0.575,202840
ARL,20170509,0.58,0.6,0.575,0.585,187414
ARL,20170510,0.6,0.615,0.585,0.6,240345
ARL,20170511,0.6,0.6,0.575,0.575,256955
ARL,20170512,0.58,0.6,0.58,0.6,78361
ARL,20170515,0.6,0.6,0.57,0.57,269210
ARL,20170516,0.6,0.6,0.565,0.565,269278
ARL,20170517,0.62,0.62,0.55,0.565,400750
ARL,20170518,0.565,0.57,0.56,0.57,139833
ARL,20170519,0.55,0.58,0.49,0.545,145767
ARL,20170522,0.535,0.595,0.535,0.575,73713
ARL,20170523,0.575,0.595,0.555,0.555,36862
ARL,20170524,0.555,0.56,0.55,0.55,45707
ARL,20170525,0.555,0.555,0.53,0.53,45670
ARL,20170526,0.58,0.58,0.55,0.55,157232
ARL,20170529,0.55,0.56,0.53,0.53,207681
ARL,20170530,0.535,0.54,0.5,0.5,225032
ARL,20170531,0.5,0.52,0.49,0.495,70128
ARL,20170601,0.51,0.52,0.5,0.515,128112
ARL,20170602,0.515,0.535,0.51,0.52,127477
ARL,20170605,0.53,0.535,0.5,0.5,144020
ARL,20170606,0.5,0.52,0.5,0.52,141851
ARL,20170607,0.54,0.55,0.53,0.53,165808
ARL,20170608,0.55,0.55,0.53,0.535,85748
ARL,20170609,0.545,0.545,0.535,0.535,42806
ARL,20170613,0.565,0.58,0.51,0.535,367456
ARL,20170614,0.54,0.575,0.54,0.55,361516
ARL,20170615,0.55,0.55,0.54,0.54,88591
ARL,20170616,0.54,0.575,0.54,0.55,211143
ARL,20170619,0.58,0.58,0.55,0.55,77263
ARL,20170620,0.55,0.575,0.55,0.555,99524
ARL,20170621,0.555,0.58,0.555,0.57,285569
ARL,20170622,0.585,0.585,0.565,0.57,98474
ARL,20170623,0.57,0.59,0.57,0.59,102770
ARL,20170626,0.6,0.6,0.59,0.59,55134
ARL,20170627,0.595,0.595,0.55,0.55,134747
ARL,20170628,0.56,0.6,0.535,0.58,194997
ARL,20170629,0.59,0.6,0.585,0.595,131723
ARL,20170630,0.6,0.6,0.58,0.58,38042
ARL,20170703,0.595,0.605,0.57,0.59,109260
ARL,20170704,0.64,0.77,0.62,0.69,1236838
ARL,20170705,0.685,0.695,0.65,0.66,259250
ARL,20170706,0.67,0.69,0.61,0.61,405807
ARL,20170707,0.62,0.66,0.62,0.66,395389
ARL,20170710,0.66,0.66,0.64,0.64,20828
ARL,20170711,0.665,0.68,0.64,0.68,225109
ARL,20170712,0.685,0.685,0.665,0.68,344985
ARL,20170713,0.68,0.72,0.67,0.7,402026
ARL,20170714,0.725,0.745,0.7,0.72,749794
ARL,20170717,0.72,0.735,0.66,0.665,293768
ARL,20170718,0.68,0.71,0.675,0.71,96104
ARL,20170719,0.7,0.725,0.69,0.72,82073
ARL,20170720,0.73,0.76,0.725,0.745,413019
ARL,20170721,0.75,0.765,0.735,0.755,293211
ARL,20170724,0.76,0.76,0.695,0.73,191354
ARL,20170725,0.73,0.755,0.73,0.735,87861
ARL,20170726,0.765,0.82,0.75,0.79,851661
ARL,20170727,0.805,0.84,0.78,0.8,486600
ARL,20170728,0.82,0.85,0.8,0.85,569214
ARL,20170731,0.855,0.915,0.855,0.905,498874
ARL,20170801,0.91,1.03,0.91,1.03,1136094
ARL,20170802,1.035,1.035,0.865,0.865,1166380
ARL,20170803,0.88,0.955,0.87,0.91,588660
ARL,20170804,0.85,0.88,0.8,0.81,763467
ARL,20170807,0.855,0.925,0.855,0.875,356667
ARL,20170808,0.905,0.905,0.85,0.86,202886
ARL,20170809,0.875,0.895,0.86,0.89,192903
ARL,20170810,0.88,0.885,0.855,0.86,83024
ARL,20170811,0.87,0.88,0.845,0.85,109925
ARL,20170815,0.89,0.89,0.84,0.84,388135
ARL,20170816,0.87,0.87,0.785,0.8,377461
ARL,20170817,0.82,0.865,0.8,0.865,332720
ARL,20170818,0.865,0.87,0.81,0.815,170760
ARL,20170821,0.835,0.845,0.825,0.835,93244
ARL,20170822,0.845,0.85,0.81,0.82,202213
ARL,20170823,0.82,0.85,0.82,0.83,82238
ARL,20170824,0.83,0.845,0.82,0.83,210395
ARL,20170825,0.83,0.9,0.83,0.88,298552
ARL,20170828,0.89,0.895,0.845,0.85,157608
ARL,20170829,0.87,0.87,0.85,0.87,127806
ARL,20170830,0.87,0.87,0.83,0.84,123446
ARL,20170831,0.84,0.86,0.825,0.85,99157
ARL,20170901,0.855,0.855,0.85,0.855,232605
ARL,20170904,0.85,0.85,0.83,0.85,107284
ARL,20170905,0.79,0.84,0.79,0.82,757293
ARL,20170906,0.82,0.83,0.8,0.82,401028
ARL,20170907,0.84,0.84,0.8,0.835,259105
ARL,20170908,0.84,0.855,0.83,0.85,270244
ARL,20170911,0.87,0.88,0.855,0.88,70036
ARL,20170912,0.88,0.88,0.88,0.88,0
ARL,20170913,0.88,0.88,0.88,0.88,0
ARL,20170914,0.88,0.88,0.88,0.88,0
ARL,20170915,0.88,1.01,0.855,1.01,670570
ARL,20170918,1.02,1.15,0.97,1.02,909335
ARL,20170919,1,1.03,0.87,0.9,960352
ARL,20170920,0.92,1,0.91,0.98,407132
ARL,20170921,0.95,0.95,0.87,0.905,494311
ARL,20170922,0.88,0.92,0.82,0.835,962388
ARL,20170925,0.84,0.865,0.815,0.815,608013
ARL,20170926,0.84,0.895,0.83,0.85,320616
ARL,20170927,0.86,0.9,0.86,0.9,260895
ARL,20170928,0.89,0.89,0.85,0.86,197693
ARL,20170929,0.88,0.89,0.855,0.885,209304
ARL,20171002,0.89,0.945,0.89,0.91,212735
ARL,20171003,0.905,0.91,0.88,0.9,286536
ARL,20171004,0.9,0.905,0.89,0.895,78617
ARL,20171005,0.905,0.93,0.86,0.86,560190
ARL,20171006,0.895,0.895,0.84,0.84,510663
ARL,20171009,0.88,0.91,0.855,0.87,555012
ARL,20171010,0.89,0.895,0.865,0.895,265655
ARL,20171011,0.88,0.9,0.87,0.9,329773
ARL,20171012,0.89,0.935,0.89,0.915,254112
ARL,20171013,0.93,0.945,0.89,0.91,5603371
ARL,20171016,0.945,0.95,0.915,0.915,108761
ARL,20171017,0.93,0.99,0.93,0.945,338227
ARL,20171018,0.975,1.09,0.97,1.09,1017854
ARL,20171019,1.1,1.145,0.93,0.955,1301237
ARL,20171020,0.975,0.995,0.96,0.975,309496
ARL,20171023,1,1.05,0.995,1.015,598015
ARL,20171024,1.04,1.08,1,1.03,485006
ARL,20171025,1.04,1.07,1.025,1.06,243928
ARL,20171026,1.06,1.06,1.01,1.03,381081
ARL,20171027,1.035,1.16,1.03,1.14,1092483
ARL,20171030,1.15,1.19,1.14,1.175,567296
ARL,20171031,1.19,1.21,1.09,1.1,1349162
ARL,20171101,1.11,1.23,1.11,1.23,920150
ARL,20171102,1.29,1.39,1.25,1.39,926442
ARL,20171103,1.405,1.575,1.405,1.55,1227252
ARL,20171106,1.57,1.7,1.56,1.58,1176636
ARL,20171107,1.595,1.6,1.5,1.57,613552
ARL,20171108,1.56,1.61,1.51,1.61,655961
ARL,20171109,1.68,1.99,1.65,1.99,1093596
ARL,20171110,1.68,1.99,1.65,1.99,1093596
ARL,20171113,2,2.01,1.83,1.89,949708
ARL,20171114,1.89,1.89,1.65,1.74,1426496
ARL,20171115,1.76,1.795,1.635,1.7,895311
ARL,20171116,1.66,1.672,1.53,1.59,1061842
ARL,20171117,1.585,1.6,1.54,1.59,772728
ARL,20171120,1.69,1.765,1.64,1.73,1007970
ARL,20171121,1.7,1.7,1.525,1.535,1204821
ARL,20171122,1.56,1.6,1.4,1.545,1041493
ARL,20171123,1.565,1.62,1.48,1.54,889819
ARL,20171124,1.54,1.6,1.51,1.55,466674
ARL,20171127,1.55,1.6,1.505,1.52,408944
ARL,20171128,1.6,1.6,1.46,1.49,469952
ARL,20171129,1.52,1.65,1.52,1.625,747869
ARL,20171130,1.65,1.73,1.59,1.59,757528
ARL,20171201,1.64,1.66,1.58,1.59,282911
ARL,20171204,1.64,1.64,1.505,1.54,514808
ARL,20171205,1.53,1.58,1.46,1.49,419398
ARL,20171206,1.515,1.515,1.41,1.43,270096
ARL,20171207,1.42,1.42,1.335,1.36,472928
ARL,20171208,1.34,1.36,1.255,1.26,737335
ARL,20171211,1.275,1.395,1.275,1.365,385233
ARL,20171212,1.385,1.4,1.352,1.39,319535
ARL,20171213,1.4,1.475,1.325,1.325,400992
ARL,20171214,1.36,1.41,1.325,1.41,250637
ARL,20171215,1.43,1.43,1.35,1.37,183094
ARL,20171218,1.405,1.43,1.33,1.335,454574
ARL,20171219,1.36,1.42,1.35,1.4,287974
ARL,20171220,1.42,1.58,1.42,1.55,471783
ARL,20171221,1.575,1.67,1.57,1.625,425282
ARL,20171222,1.65,1.72,1.65,1.7,354551
ARL,20171227,1.725,1.82,1.725,1.82,390029
ARL,20171228,1.835,1.945,1.835,1.865,321030
ARL,20171229,1.91,1.935,1.82,1.9,346231
ARL,20180102,1.9,1.91,1.73,1.805,406605
ARL,20180103,1.825,1.85,1.77,1.81,225545
ARL,20180104,1.8,1.8,1.76,1.795,247412
ARL,20180105,1.78,1.78,1.66,1.68,712699
ARL,20180108,1.67,1.68,1.56,1.635,571682
ARL,20180109,1.66,1.66,1.58,1.64,354801
ARL,20180110,1.64,1.67,1.62,1.62,213299
ARL,20180111,1.645,1.645,1.56,1.595,483967
ARL,20180112,1.655,1.74,1.63,1.73,458162
ARL,20180115,1.765,1.82,1.71,1.78,549560
ARL,20180116,1.77,1.77,1.67,1.735,581929
ARL,20180117,1.72,1.72,1.665,1.7,306062
ARL,20180118,1.65,1.68,1.62,1.64,304896
ARL,20180119,1.625,1.66,1.545,1.58,749873
ARL,20180122,1.58,1.595,1.45,1.45,663100
ARL,20180123,1.43,1.55,1.405,1.55,518004
ARL,20180124,1.56,1.57,1.475,1.57,281116
ARL,20180125,1.55,1.57,1.5,1.55,123736
ARL,20180129,1.55,1.55,1.46,1.48,273297
ARL,20180130,1.53,1.55,1.45,1.455,249926
ARL,20180131,1.43,1.445,1.405,1.405,421706
ARL,20180201,1.41,1.48,1.4,1.44,179289
ARL,20180202,1.42,1.435,1.41,1.435,284260
ARL,20180205,1.4,1.4,1.315,1.325,505222
ARL,20180207,1.225,1.37,1.225,1.285,596623
ARL,20180208,1.255,1.345,1.25,1.345,258832
ARL,20180209,1.24,1.285,1.155,1.26,696229
ARL,20180212,1.26,1.295,1.23,1.235,241422
ARL,20180213,1.27,1.35,1.27,1.35,490281
ARL,20180214,1.32,1.35,1.285,1.335,352202
ARL,20180215,1.35,1.42,1.35,1.37,371336
ARL,20180216,1.365,1.425,1.35,1.35,306001
ARL,20180219,1.36,1.42,1.36,1.415,75639
ARL,20180220,1.43,1.43,1.35,1.35,185127
ARL,20180221,1.35,1.38,1.305,1.32,264736
ARL,20180222,1.42,1.425,1.36,1.38,321338
ARL,20180223,1.38,1.4,1.31,1.31,497302
ARL,20180226,1.375,1.4,1.35,1.395,372396
ARL,20180227,1.4,1.4,1.36,1.36,109080
ARL,20180228,1.395,1.395,1.33,1.375,352496
ARL,20180301,1.365,1.37,1.28,1.31,232967
ARL,20180302,1.345,1.345,1.29,1.29,222707
ARL,20180305,1.28,1.285,1.245,1.25,228713
ARL,20180306,1.25,1.26,1.21,1.24,351247
ARL,20180307,1.3,1.325,1.23,1.235,477759
ARL,20180308,1.3,1.35,1.26,1.34,363889
ARL,20180309,1.35,1.375,1.33,1.35,106087
ARL,20180312,1.35,1.46,1.345,1.43,283648
ARL,20180313,1.48,1.57,1.45,1.57,333752
ARL,20180314,1.555,1.67,1.53,1.625,604926
ARL,20180315,1.64,1.72,1.62,1.68,674270
ARL,20180316,1.7,1.7,1.61,1.645,400046
ARL,20180319,1.65,1.7,1.64,1.64,275617
ARL,20180320,1.645,1.665,1.635,1.635,289306
ARL,20180321,1.64,1.665,1.6,1.6,241541
ARL,20180322,1.645,1.675,1.63,1.675,351234
ARL,20180323,1.655,1.66,1.59,1.6,323396
ARL,20180326,1.6,1.7,1.58,1.7,539903
ARL,20180327,1.715,1.72,1.655,1.665,476692
ARL,20180328,1.715,1.715,1.25,1.375,2326596
ARL,20180329,1.37,1.38,1.245,1.26,721485
ARL,20180403,1.2,1.21,1.02,1.07,1357680
ARL,20180404,1.1,1.16,1.1,1.15,388462
ARL,20180405,1.15,1.23,1.11,1.205,535808
ARL,20180406,1.205,1.225,1.16,1.19,92059
ARL,20180409,1.18,1.18,1.105,1.12,281074
ARL,20180410,1.12,1.14,1.11,1.13,138801
ARL,20180411,1.12,1.16,1.12,1.12,174630
ARL,20180412,1.11,1.13,1,1.03,1056116
ARL,20180413,1.05,1.07,1,1.015,395677
ARL,20180416,1.015,1.045,0.9,0.9,285954
ARL,20180417,0.87,0.97,0.855,0.945,704083
ARL,20180418,0.94,0.94,0.86,0.865,780963
ARL,20180419,0.905,1.1,0.905,1.1,661650
ARL,20180420,1.075,1.075,0.99,1.05,296483
ARL,20180423,1.055,1.055,0.985,0.985,216965
ARL,20180424,1,1,0.94,0.94,242230
ARL,20180426,0.94,1.03,0.935,0.95,264886
ARL,20180427,0.97,0.97,0.91,0.92,173262
ARL,20180430,0.96,0.975,0.915,0.915,100214
ARL,20180501,0.92,0.955,0.915,0.935,79765
ARL,20180502,0.925,0.95,0.925,0.93,148386
ARL,20180503,0.935,0.96,0.91,0.91,171474
ARL,20180504,0.91,0.955,0.91,0.925,103388
ARL,20180507,0.915,0.945,0.9,0.9,361692
ARL,20180508,0.905,0.925,0.86,0.88,347535
ARL,20180509,0.89,0.93,0.855,0.92,324325
ARL,20180510,0.915,0.93,0.88,0.91,261336
ARL,20180511,0.9,0.93,0.885,0.905,231877
ARL,20180514,0.92,0.93,0.89,0.92,346059
ARL,20180515,0.91,0.935,0.885,0.92,347380
ARL,20180516,0.92,0.94,0.92,0.93,194799
ARL,20180517,0.935,0.995,0.935,0.97,344392
ARL,20180518,0.98,1.045,0.98,1,403696
ARL,20180521,1.02,1.09,1.02,1.08,471665
ARL,20180522,1.07,1.09,1.03,1.075,396443
ARL,20180523,1.1,1.16,1.095,1.12,474983
ARL,20180524,1.17,1.195,1.12,1.13,317390
ARL,20180525,1.145,1.15,1.09,1.13,231167
ARL,20180528,1.13,1.145,1.05,1.06,307870
ARL,20180529,1.1,1.1,1.03,1.085,308180
ARL,20180530,1.085,1.09,1.005,1.05,194907
ARL,20180531,1.005,1.035,0.985,1.005,253665
ARL,20180601,1.005,1.025,0.97,1,184410
ARL,20180604,1,1.01,0.935,0.95,240409
ARL,20180605,0.96,0.985,0.955,0.985,73735
ARL,20180606,1,1,0.97,0.97,80871
ARL,20180607,0.97,0.995,0.97,0.995,219346
ARL,20180608,1.005,1.01,0.97,0.97,324728
ARL,20180612,0.99,0.99,0.95,0.95,217219
ARL,20180613,0.95,0.955,0.92,0.92,130515
ARL,20180614,0.92,0.93,0.9,0.91,419955
ARL,20180615,0.925,0.93,0.905,0.92,289044
ARL,20180618,0.915,0.915,0.885,0.91,503569
ARL,20180619,0.92,0.925,0.895,0.9,113307
ARL,20180620,0.9,0.91,0.86,0.88,383415
ARL,20180621,0.89,0.905,0.88,0.89,166666
ARL,20180622,0.88,0.89,0.865,0.87,163921
ARL,20180625,0.865,0.9,0.86,0.9,237575
ARL,20180626,0.87,0.885,0.86,0.86,201677
ARL,20180627,0.865,0.88,0.815,0.84,645825
ARL,20180628,0.81,0.83,0.777,0.815,494478
ARL,20180629,0.8,0.83,0.78,0.78,359338
ARL,20180702,0.78,0.845,0.78,0.84,108106
ARL,20180703,0.845,0.855,0.84,0.84,119393
ARL,20180704,0.85,0.85,0.795,0.8,142761
ARL,20180705,0.8,0.805,0.79,0.79,146450
ARL,20180706,0.79,0.8,0.755,0.755,271253
ARL,20180710,0.73,0.73,0.7,0.705,365499
ARL,20180711,0.705,0.72,0.69,0.71,197110
ARL,20180712,0.705,0.73,0.705,0.715,520870
ARL,20180713,0.73,0.735,0.71,0.72,354668
ARL,20180716,0.74,0.79,0.73,0.79,357425
ARL,20180717,0.745,0.81,0.745,0.8,182034
ARL,20180718,0.805,0.845,0.8,0.83,180699
ARL,20180719,0.865,0.94,0.85,0.93,381258
ARL,20180720,0.92,0.92,0.82,0.855,183748
ARL,20180723,0.875,0.88,0.83,0.86,63850
ARL,20180724,0.86,0.875,0.785,0.8,195342
ARL,20180725,0.83,0.83,0.75,0.755,125299
ARL,20180726,0.775,0.79,0.76,0.76,82458
ARL,20180727,0.76,0.86,0.755,0.845,236605
ARL,20180730,0.845,0.89,0.84,0.87,197628
ARL,20180731,0.895,0.895,0.84,0.84,213074
ARL,20180801,0.865,0.865,0.855,0.855,38755
ARL,20180802,0.85,0.85,0.805,0.805,138041
ARL,20180803,0.84,0.84,0.81,0.815,74811
ARL,20180806,0.845,0.85,0.815,0.84,94660
ARL,20180807,0.85,0.885,0.825,0.845,152389
ARL,20180808,0.85,0.87,0.82,0.865,94542
ARL,20180809,0.87,0.87,0.86,0.87,68841
ARL,20180810,0.86,0.86,0.825,0.84,94264
ARL,20180813,0.825,0.85,0.8,0.805,239542
ARL,20180814,0.82,0.82,0.79,0.79,212486
ARL,20180816,0.78,0.795,0.75,0.77,77546
ARL,20180817,0.77,0.77,0.755,0.76,66281
ARL,20180820,0.77,0.77,0.755,0.755,105933
ARL,20180821,0.76,0.8,0.76,0.8,54661
ARL,20180822,0.8,0.815,0.8,0.805,15414
ARL,20180823,0.81,0.81,0.77,0.77,93187
ARL,20180824,0.785,0.8,0.77,0.78,130286
ARL,20180827,0.78,0.78,0.755,0.76,173015
ARL,20180828,0.755,0.755,0.735,0.74,145072
ARL,20180829,0.745,0.785,0.74,0.76,86777
ARL,20180830,0.77,0.77,0.74,0.745,90024
ARL,20180831,0.74,0.765,0.73,0.765,77920
ARL,20180903,0.77,0.77,0.71,0.72,49335
ARL,20180904,0.73,0.76,0.725,0.75,59001
ARL,20180905,0.75,0.75,0.735,0.735,81943
ARL,20180906,0.73,0.73,0.635,0.635,598401
ARL,20180907,0.65,0.68,0.64,0.655,217364
ARL,20180910,0.64,0.645,0.63,0.64,124342
ARL,20180913,0.62,0.62,0.58,0.59,234097
ARL,20180914,0.58,0.59,0.58,0.58,116905
ARL,20180917,0.595,0.595,0.53,0.57,172043
ARL,20180918,0.535,0.542,0.525,0.53,148682
ARL,20180919,0.53,0.53,0.515,0.52,287950
ARL,20180920,0.54,0.66,0.54,0.66,408916
ARL,20180921,0.645,0.7,0.62,0.67,188754
ARL,20180924,0.65,0.67,0.58,0.61,155632
ARL,20180925,0.61,0.62,0.605,0.605,110423
ARL,20180926,0.615,0.655,0.605,0.61,80119
ARL,20180927,0.64,0.64,0.61,0.62,87682
ARL,20180928,0.63,0.64,0.62,0.62,12250
ARL,20181001,0.64,0.665,0.625,0.665,100250
ARL,20181002,0.67,0.67,0.64,0.66,126159
ARL,20181003,0.65,0.655,0.615,0.62,71625
ARL,20181004,0.63,0.66,0.605,0.605,362890
ARL,20181005,0.635,0.67,0.6,0.67,234513
ARL,20181008,0.67,0.67,0.61,0.63,44955
ARL,20181009,0.66,0.66,0.64,0.64,29670
ARL,20181010,0.65,0.66,0.62,0.62,70949
ARL,20181011,0.63,0.65,0.58,0.6,124347
ARL,20181012,0.62,0.62,0.575,0.58,207216
ARL,20181015,0.58,0.59,0.575,0.59,36784
ARL,20181016,0.605,0.65,0.605,0.63,45423
ARL,20181017,0.68,0.68,0.595,0.6,185320
ARL,20181018,0.62,0.625,0.6,0.62,87363
ARL,20181019,0.62,0.62,0.6,0.605,31403
ARL,20181022,0.6,0.62,0.6,0.62,26569
ARL,20181023,0.605,0.62,0.605,0.62,18055
ARL,20181024,0.61,0.61,0.58,0.585,73379
ARL,20181025,0.58,0.58,0.54,0.55,146883
ARL,20181026,0.575,0.575,0.545,0.555,146848
ARL,20181030,0.54,0.54,0.515,0.53,88549
ARL,20181031,0.54,0.56,0.525,0.545,294505
ARL,20181101,0.55,0.55,0.52,0.535,68124
ARL,20181102,0.535,0.55,0.53,0.535,93077
ARL,20181105,0.54,0.64,0.54,0.63,265321
ARL,20181106,0.62,0.62,0.62,0.62,21751
ARL,20181107,0.64,0.68,0.62,0.62,77166
ARL,20181108,0.65,0.69,0.65,0.69,116941
ARL,20181109,0.695,0.72,0.65,0.71,180513
ARL,20181112,0.7,0.7,0.67,0.67,28299
ARL,20181113,0.68,0.68,0.665,0.67,7924
ARL,20181114,0.69,0.7,0.59,0.59,144064
ARL,20181115,0.59,0.68,0.59,0.615,65590
ARL,20181116,0.64,0.68,0.625,0.625,82553
ARL,20181119,0.625,0.71,0.625,0.655,225787
ARL,20181120,0.66,0.71,0.66,0.71,106755
ARL,20181121,0.675,0.695,0.65,0.695,110509
ARL,20181122,0.68,0.75,0.675,0.715,318275
ARL,20181123,0.735,0.735,0.69,0.69,161070
ARL,20181126,0.695,0.695,0.595,0.63,273693
ARL,20181127,0.65,0.67,0.65,0.65,54595
ARL,20181128,0.68,0.68,0.675,0.675,34338
ARL,20181129,0.65,0.675,0.625,0.64,53551
ARL,20181130,0.66,0.66,0.6,0.615,104968
ARL,20181203,0.6,0.61,0.59,0.61,121550
ARL,20181204,0.615,0.64,0.615,0.635,6589
ARL,20181205,0.635,0.635,0.615,0.62,27263
ARL,20181206,0.615,0.625,0.61,0.61,49239
ARL,20181207,0.605,0.61,0.59,0.59,40688
ARL,20181210,0.625,0.625,0.58,0.58,147632
ARL,20181211,0.6,0.6,0.6,0.6,30767
ARL,20181212,0.59,0.59,0.58,0.59,37829
ARL,20181213,0.56,0.57,0.52,0.54,248025
ARL,20181214,0.56,0.57,0.54,0.54,95872
ARL,20181217,0.535,0.57,0.53,0.54,129834
ARL,20181218,0.54,0.56,0.54,0.55,33091
ARL,20181219,0.58,0.58,0.535,0.54,89813
ARL,20181220,0.535,0.55,0.52,0.535,200152
ARL,20181221,0.555,0.555,0.495,0.52,370346
ARL,20181224,0.51,0.51,0.475,0.495,89420
ARL,20181227,0.495,0.55,0.495,0.545,79390
ARL,20181228,0.545,0.545,0.51,0.52,33373
ARL,20181231,0.525,0.53,0.52,0.52,22200
ARL,20190102,0.52,0.57,0.52,0.57,8425
ARL,20190103,0.56,0.56,0.535,0.555,24298
ARL,20190104,0.535,0.545,0.52,0.53,20792
ARL,20190107,0.54,0.54,0.525,0.525,18485
ARL,20190108,0.54,0.54,0.52,0.52,41787
ARL,20190109,0.55,0.57,0.545,0.56,111326
ARL,20190110,0.565,0.58,0.53,0.53,78489
ARL,20190111,0.53,0.53,0.525,0.525,17573
ARL,20190114,0.55,0.55,0.535,0.55,27033
ARL,20190115,0.55,0.57,0.54,0.54,98725
ARL,20190116,0.56,0.58,0.54,0.555,73018
ARL,20190117,0.555,0.56,0.545,0.545,75351
ARL,20190118,0.555,0.58,0.555,0.56,82210
ARL,20190121,0.55,0.555,0.545,0.555,41345
ARL,20190122,0.545,0.545,0.54,0.54,24665
ARL,20190123,0.54,0.54,0.515,0.515,32668
ARL,20190124,0.53,0.55,0.53,0.53,48435
ARL,20190125,0.53,0.53,0.52,0.53,46139
ARL,20190129,0.53,0.53,0.515,0.53,81638
ARL,20190130,0.52,0.54,0.52,0.52,42241
ARL,20190131,0.52,0.53,0.52,0.525,67411
ARL,20190201,0.54,0.54,0.525,0.525,33514
ARL,20190204,0.525,0.525,0.525,0.525,10430
ARL,20190205,0.525,0.525,0.505,0.51,143129
ARL,20190206,0.51,0.525,0.505,0.525,53799
ARL,20190207,0.52,0.52,0.49,0.51,299995
ARL,20190208,0.53,0.535,0.51,0.51,98385
ARL,20190211,0.51,0.515,0.51,0.515,23821
ARL,20190212,0.515,0.515,0.485,0.5,205405
ARL,20190213,0.48,0.5,0.48,0.485,52773
ARL,20190214,0.48,0.495,0.48,0.48,104189
ARL,20190215,0.46,0.485,0.445,0.465,396016
ARL,20190218,0.47,0.47,0.45,0.47,161993
ARL,20190219,0.47,0.47,0.46,0.47,98303
ARL,20190220,0.47,0.47,0.45,0.45,59525
ARL,20190221,0.45,0.47,0.41,0.43,511380
ARL,20190222,0.45,0.455,0.435,0.44,151564
ARL,20190225,0.45,0.46,0.445,0.455,77412
ARL,20190226,0.46,0.475,0.46,0.46,5177
ARL,20190227,0.46,0.53,0.46,0.5,178547
ARL,20190228,0.54,0.545,0.525,0.53,129098
ARL,20190301,0.535,0.535,0.525,0.53,28568
ARL,20190304,0.55,0.55,0.52,0.52,273228
ARL,20190305,0.54,0.54,0.52,0.53,85806
ARL,20190306,0.525,0.535,0.52,0.535,45851
ARL,20190307,0.535,0.55,0.535,0.545,39660
ARL,20190308,0.555,0.555,0.507,0.52,352461
ARL,20190311,0.53,0.53,0.48,0.48,410158
ARL,20190312,0.5,0.5,0.48,0.49,75543
ARL,20190313,0.49,0.49,0.475,0.48,26260
ARL,20190314,0.5,0.5,0.48,0.48,59951
ARL,20190315,0.485,0.5,0.485,0.5,16683
ARL,20190318,0.5,0.5,0.465,0.47,97115
ARL,20190319,0.5,0.5,0.5,0.5,3940
ARL,20190320,0.49,0.49,0.47,0.47,8417
ARL,20190321,0.49,0.5,0.47,0.47,56438
ARL,20190322,0.48,0.5,0.48,0.48,102214
ARL,20190325,0.5,0.5,0.47,0.47,46427
ARL,20190326,0.47,0.47,0.46,0.465,31683
ARL,20190327,0.455,0.48,0.455,0.46,74321
ARL,20190328,0.46,0.48,0.455,0.48,15526
ARL,20190329,0.47,0.47,0.47,0.47,13021
ARL,20190401,0.46,0.475,0.46,0.465,13705
ARL,20190402,0.46,0.48,0.45,0.45,117516
ARL,20190403,0.48,0.48,0.46,0.465,18015
ARL,20190404,0.465,0.47,0.415,0.43,151706
ARL,20190405,0.46,0.46,0.46,0.46,22500
ARL,20190408,0.465,0.51,0.46,0.5,248181
ARL,20190409,0.49,0.51,0.48,0.505,96810
ARL,20190410,0.485,0.485,0.455,0.46,74855
ARL,20190411,0.465,0.5,0.455,0.47,133996
ARL,20190412,0.46,0.475,0.455,0.47,65762
ARL,20190415,0.475,0.48,0.455,0.46,104299
ARL,20190416,0.46,0.46,0.455,0.455,14375
ARL,20190417,0.47,0.47,0.445,0.445,41361
ARL,20190418,0.45,0.475,0.44,0.44,41120
ARL,20190423,0.44,0.46,0.44,0.44,60930
ARL,20190424,0.44,0.45,0.435,0.435,71376
ARL,20190426,0.44,0.44,0.43,0.43,138515
ARL,20190429,0.445,0.445,0.44,0.44,40049
ARL,20190430,0.43,0.435,0.43,0.435,41100
ARL,20190501,0.445,0.465,0.43,0.465,133505
ARL,20190502,0.465,0.465,0.465,0.465,250
ARL,20190503,0.44,0.455,0.43,0.43,107065
ARL,20190506,0.435,0.445,0.425,0.425,109192
ARL,20190507,0.425,0.44,0.425,0.425,106878
ARL,20190508,0.445,0.47,0.425,0.425,59284
ARL,20190509,0.44,0.445,0.44,0.445,5344
ARL,20190510,0.425,0.44,0.425,0.425,21366
ARL,20190513,0.43,0.435,0.425,0.43,18244
ARL,20190514,0.42,0.435,0.41,0.42,111094
ARL,20190515,0.415,0.42,0.4,0.405,155061
ARL,20190516,0.4,0.405,0.4,0.405,52454
ARL,20190517,0.4,0.41,0.4,0.41,108372
ARL,20190520,0.41,0.41,0.41,0.41,8000
ARL,20190521,0.42,0.42,0.42,0.42,16474
ARL,20190522,0.44,0.445,0.43,0.43,57814
ARL,20190523,0.42,0.435,0.42,0.42,48611
ARL,20190524,0.435,0.44,0.42,0.42,23759
ARL,20190527,0.425,0.425,0.42,0.42,59127
ARL,20190528,0.425,0.425,0.42,0.42,10982
ARL,20190529,0.42,0.42,0.41,0.42,21206
ARL,20190530,0.42,0.425,0.415,0.425,88520
ARL,20190531,0.425,0.43,0.42,0.42,86151
ARL,20190603,0.42,0.43,0.42,0.42,161738
ARL,20190604,0.43,0.435,0.42,0.425,133646
ARL,20190605,0.43,0.43,0.42,0.42,124116
ARL,20190606,0.43,0.43,0.42,0.425,65451
ARL,20190607,0.415,0.42,0.415,0.42,39488
ARL,20190611,0.42,0.42,0.395,0.42,248179
ARL,20190612,0.415,0.415,0.405,0.405,23454
ARL,20190613,0.405,0.405,0.395,0.395,79360
ARL,20190614,0.395,0.4,0.39,0.39,178845
ARL,20190617,0.38,0.385,0.37,0.38,90364
ARL,20190618,0.4,0.4,0.38,0.38,96049
ARL,20190619,0.385,0.385,0.37,0.38,83979
ARL,20190620,0.38,0.38,0.37,0.375,118055
ARL,20190621,0.38,0.38,0.37,0.37,129764
ARL,20190624,0.38,0.38,0.37,0.37,87184
ARL,20190625,0.37,0.38,0.36,0.36,53934
ARL,20190626,0.36,0.365,0.36,0.36,40478
ARL,20190627,0.375,0.375,0.36,0.36,49173
ARL,20190628,0.36,0.375,0.355,0.375,61127
ARL,20190701,0.37,0.375,0.36,0.36,30964
ARL,20190702,0.365,0.37,0.365,0.37,19393
ARL,20190703,0.37,0.37,0.365,0.365,34014
ARL,20190704,0.37,0.37,0.365,0.37,23796
ARL,20190705,0.37,0.38,0.37,0.37,44738
ARL,20190708,0.38,0.395,0.375,0.385,50842
ARL,20190709,0.38,0.38,0.365,0.375,161068
ARL,20190710,0.365,0.375,0.365,0.37,39511
ARL,20190711,0.375,0.375,0.37,0.375,42308
ARL,20190712,0.375,0.395,0.375,0.395,96867
ARL,20190715,0.4,0.42,0.4,0.42,136783
ARL,20190716,0.41,0.42,0.4,0.4,77039
ARL,20190717,0.4,0.41,0.4,0.41,18455
ARL,20190718,0.43,0.44,0.42,0.44,135383
ARL,20190719,0.45,0.475,0.45,0.475,211340
ARL,20190722,0.475,0.505,0.475,0.5,156371
ARL,20190723,0.5,0.51,0.485,0.485,104905
ARL,20190724,0.495,0.5,0.475,0.48,201790
ARL,20190725,0.49,0.49,0.46,0.47,80028
ARL,20190726,0.46,0.46,0.425,0.44,202584
ARL,20190729,0.44,0.45,0.435,0.435,96686
ARL,20190730,0.45,0.47,0.45,0.465,97596
ARL,20190731,0.47,0.485,0.465,0.485,238786
ARL,20190801,0.48,0.48,0.48,0.48,84845
ARL,20190802,0.46,0.47,0.46,0.465,256011
ARL,20190805,0.465,0.465,0.46,0.46,61949
ARL,20190806,0.46,0.46,0.45,0.45,32443
ARL,20190807,0.445,0.46,0.445,0.45,16774
ARL,20190808,0.45,0.465,0.45,0.455,98451
ARL,20190809,0.47,0.5,0.47,0.5,381912
ARL,20190812,0.505,0.57,0.505,0.555,426058
ARL,20190813,0.565,0.61,0.55,0.575,486165
ARL,20190814,0.565,0.575,0.56,0.56,201136
ARL,20190815,0.55,0.55,0.535,0.535,120181
ARL,20190816,0.54,0.54,0.5,0.5,261499
ARL,20190819,0.515,0.515,0.49,0.49,87509
ARL,20190820,0.51,0.52,0.47,0.48,305717
ARL,20190821,0.502,0.502,0.48,0.48,51089
ARL,20190822,0.5,0.5,0.485,0.485,76896
ARL,20190823,0.49,0.49,0.49,0.49,47468
ARL,20190826,0.475,0.475,0.47,0.47,229468
ARL,20190827,0.47,0.482,0.465,0.465,84366
ARL,20190828,0.485,0.485,0.465,0.475,164580
ARL,20190829,0.485,0.485,0.45,0.45,71439
ARL,20190830,0.485,0.485,0.455,0.455,234328
ARL,20190902,0.49,0.57,0.49,0.57,378340
ARL,20190903,0.57,0.6,0.555,0.575,423965
ARL,20190904,0.63,0.69,0.62,0.69,749943
ARL,20190905,0.685,0.76,0.63,0.63,797037
ARL,20190906,0.64,0.65,0.615,0.635,272423
ARL,20190909,0.635,0.665,0.63,0.66,79897
ARL,20190910,0.69,0.69,0.645,0.675,116369
ARL,20190911,0.65,0.66,0.65,0.65,102960
ARL,20190912,0.67,0.67,0.64,0.64,119621
ARL,20190913,0.65,0.655,0.6,0.625,87144
ARL,20190916,0.615,0.625,0.6,0.6,65822
ARL,20190917,0.61,0.62,0.6,0.605,52319
ARL,20190918,0.605,0.615,0.605,0.61,115891
ARL,20190919,0.62,0.63,0.61,0.61,68676
ARL,20190920,0.61,0.62,0.59,0.6,146749
ARL,20190923,0.6,0.6,0.595,0.595,101393
ARL,20190924,0.6,0.61,0.585,0.585,73869
ARL,20190925,0.585,0.59,0.54,0.57,200620
ARL,20190926,0.565,0.565,0.55,0.555,10954
ARL,20190927,0.565,0.565,0.55,0.56,93552
ARL,20190930,0.57,0.57,0.53,0.535,87320
ARL,20191001,0.535,0.55,0.515,0.53,193719
ARL,20191002,0.53,0.53,0.495,0.5,213200
ARL,20191003,0.5,0.52,0.5,0.52,43700
ARL,20191004,0.52,0.52,0.5,0.51,10680
ARL,20191007,0.495,0.51,0.495,0.51,44889
ARL,20191008,0.51,0.52,0.51,0.51,27439
ARL,20191009,0.51,0.52,0.5,0.5,92146
ARL,20191010,0.505,0.505,0.495,0.495,29602
ARL,20191011,0.495,0.5,0.49,0.495,67247
ARL,20191014,0.495,0.505,0.495,0.495,44449
ARL,20191015,0.505,0.515,0.47,0.485,180444
ARL,20191016,0.49,0.49,0.475,0.485,22754
ARL,20191017,0.48,0.49,0.47,0.47,92521
ARL,20191018,0.47,0.475,0.47,0.47,15012
ARL,20191021,0.475,0.485,0.475,0.48,83993
ARL,20191022,0.48,0.48,0.47,0.47,50789
ARL,20191023,0.47,0.47,0.462,0.465,68816
ARL,20191024,0.465,0.47,0.46,0.46,34398
ARL,20191025,0.465,0.5,0.46,0.5,34915
ARL,20191028,0.505,0.53,0.485,0.53,192321
ARL,20191029,0.525,0.525,0.49,0.5,179097
ARL,20191030,0.515,0.515,0.495,0.495,26500
ARL,20191031,0.515,0.53,0.47,0.5,921116
ARL,20191101,0.515,0.53,0.47,0.5,921116
ARL,20191104,0.515,0.565,0.505,0.555,616654
ARL,20191105,0.555,0.575,0.52,0.52,425180
ARL,20191106,0.5,0.57,0.5,0.555,536031
ARL,20191107,0.57,0.605,0.56,0.605,236196
ARL,20191108,0.61,0.62,0.58,0.62,261162
ARL,20191111,0.61,0.62,0.58,0.62,261162
ARL,20191112,0.65,0.68,0.65,0.68,278891
ARL,20191113,0.65,0.69,0.645,0.66,249494
ARL,20191114,0.66,0.7,0.66,0.695,219133
ARL,20191115,0.685,0.71,0.675,0.7,244467
ARL,20191118,0.69,0.7,0.69,0.7,129153
ARL,20191119,0.685,0.725,0.685,0.725,338467
ARL,20191120,0.71,0.73,0.7,0.73,358728
ARL,20191121,0.7,0.74,0.7,0.74,168135
ARL,20191122,0.735,0.795,0.735,0.78,309161
ARL,20191125,0.77,0.8,0.75,0.8,255502
ARL,20191126,0.78,0.78,0.685,0.715,84063
ARL,20191127,0.725,0.77,0.725,0.745,90981
ARL,20191128,0.75,0.75,0.715,0.75,54683
ARL,20191129,0.725,0.74,0.72,0.72,56806
ARL,20191202,0.595,0.69,0.595,0.64,99407
ARL,20191203,0.61,0.635,0.535,0.6,116334
ARL,20191204,0.6,0.6,0.575,0.59,41693
ARL,20191205,0.605,0.62,0.6,0.6,23517
ARL,20191206,0.605,0.615,0.6,0.6,12797
ARL,20191209,0.62,0.625,0.575,0.575,191620
ARL,20191210,0.57,0.57,0.545,0.545,57100
ARL,20191211,0.56,0.56,0.54,0.55,39588
ARL,20191212,0.54,0.555,0.53,0.53,138057
ARL,20191213,0.57,0.585,0.535,0.58,91975
ARL,20191216,0.6,0.6,0.58,0.595,106507
ARL,20191217,0.6,0.6,0.59,0.59,16383
ARL,20191218,0.575,0.575,0.545,0.55,84471
ARL,20191219,0.575,0.595,0.56,0.56,86349
ARL,20191220,0.55,0.56,0.55,0.555,26342
ARL,20191223,0.555,0.56,0.545,0.545,58345
ARL,20191224,0.55,0.55,0.52,0.52,125317
ARL,20191227,0.52,0.53,0.51,0.515,48833
ARL,20191230,0.53,0.53,0.505,0.51,63052
ARL,20191231,0.525,0.525,0.505,0.51,45292
ARL,20200102,0.51,0.527,0.51,0.51,33879
ARL,20200103,0.53,0.58,0.53,0.535,201442
ARL,20200106,0.56,0.56,0.545,0.55,103462
ARL,20200107,0.55,0.55,0.54,0.54,193941
ARL,20200108,0.55,0.55,0.535,0.535,58076
ARL,20200109,0.535,0.55,0.535,0.54,53860
ARL,20200113,0.56,0.57,0.545,0.57,277703
ARL,20200114,0.58,0.58,0.57,0.57,92385
ARL,20200115,0.58,0.58,0.565,0.57,111149
ARL,20200116,0.58,0.605,0.58,0.602,303494
ARL,20200117,0.61,0.64,0.605,0.615,174214
ARL,20200120,0.62,0.62,0.58,0.6,177934
ARL,20200121,0.6,0.62,0.59,0.59,150685
ARL,20200122,0.6,0.61,0.567,0.57,121663
ARL,20200123,0.57,0.57,0.555,0.555,80732
ARL,20200124,0.57,0.57,0.555,0.56,40840
ARL,20200128,0.56,0.56,0.545,0.555,187675
ARL,20200129,0.55,0.55,0.51,0.51,194217
ARL,20200130,0.51,0.51,0.485,0.495,92447
ARL,20200203,0.51,0.51,0.47,0.48,86688
ARL,20200204,0.5,0.5,0.462,0.465,232131
ARL,20200205,0.49,0.5,0.475,0.5,83250
ARL,20200210,0.47,0.495,0.47,0.495,113020
ARL,20200211,0.495,0.535,0.495,0.525,30606
ARL,20200212,0.525,0.525,0.5,0.52,59471
ARL,20200213,0.525,0.525,0.495,0.525,61792
ARL,20200214,0.525,0.525,0.495,0.515,61499
ARL,20200217,0.49,0.505,0.49,0.5,130622
ARL,20200218,0.5,0.505,0.5,0.5,34207
ARL,20200219,0.51,0.51,0.48,0.485,114429
ARL,20200220,0.485,0.49,0.475,0.475,139220
ARL,20200221,0.48,0.5,0.455,0.5,267281
ARL,20200224,0.49,0.49,0.41,0.46,233521
ARL,20200225,0.45,0.455,0.42,0.43,102539
ARL,20200226,0.43,0.475,0.43,0.44,203144
ARL,20200227,0.46,0.46,0.445,0.445,61637
ARL,20200228,0.42,0.425,0.37,0.37,560742
ARL,20200302,0.39,0.4,0.37,0.392,209563
ARL,20200303,0.415,0.415,0.375,0.38,210740
ARL,20200304,0.38,0.38,0.37,0.375,277910
ARL,20200305,0.395,0.395,0.38,0.395,48090
ARL,20200306,0.4,0.405,0.37,0.37,138986
ARL,20200309,0.38,0.38,0.32,0.33,285925
ARL,20200310,0.33,0.33,0.295,0.33,151088
ARL,20200311,0.34,0.34,0.32,0.325,66050
ARL,20200312,0.34,0.34,0.25,0.27,281620
ARL,20200313,0.26,0.26,0.23,0.25,262167
ARL,20200316,0.255,0.255,0.2,0.22,152184
ARL,20200317,0.23,0.245,0.18,0.19,832055
ARL,20200318,0.195,0.24,0.185,0.19,501364
ARL,20200319,0.19,0.22,0.19,0.2,75181
ARL,20200320,0.2,0.225,0.2,0.21,59679
ARL,20200323,0.19,0.19,0.17,0.175,126705
ARL,20200324,0.2,0.2,0.175,0.175,68470
ARL,20200325,0.2,0.225,0.2,0.205,195870
ARL,20200326,0.195,0.22,0.19,0.205,216356
ARL,20200327,0.22,0.245,0.217,0.225,304895
ARL,20200330,0.225,0.245,0.225,0.235,319138
ARL,20200331,0.24,0.24,0.2,0.22,461075
ARL,20200401,0.215,0.23,0.21,0.215,113468
ARL,20200402,0.205,0.225,0.205,0.225,49723
ARL,20200403,0.225,0.23,0.215,0.22,81411
ARL,20200406,0.22,0.23,0.215,0.23,114274
ARL,20200407,0.235,0.26,0.235,0.26,273347
ARL,20200408,0.275,0.295,0.265,0.27,130696
ARL,20200409,0.27,0.33,0.265,0.295,213094
ARL,20200414,0.295,0.295,0.26,0.27,405704
ARL,20200415,0.27,0.285,0.255,0.275,110569
ARL,20200416,0.275,0.275,0.25,0.27,89957
ARL,20200417,0.28,0.28,0.25,0.28,110458
ARL,20200420,0.265,0.28,0.26,0.26,83106
ARL,20200421,0.26,0.26,0.25,0.25,53962
ARL,20200422,0.25,0.25,0.24,0.24,107156
ARL,20200423,0.26,0.26,0.25,0.25,167181
ARL,20200424,0.25,0.25,0.245,0.25,101286
ARL,20200427,0.26,0.26,0.245,0.245,25061
ARL,20200428,0.26,0.26,0.25,0.26,99346
ARL,20200429,0.25,0.25,0.245,0.25,102745
ARL,20200430,0.25,0.27,0.25,0.27,261894
ARL,20200501,0.27,0.27,0.25,0.25,465482
ARL,20200504,0.25,0.25,0.23,0.235,168725
ARL,20200505,0.23,0.235,0.23,0.23,82893
ARL,20200506,0.245,0.26,0.245,0.255,184245
ARL,20200507,0.25,0.255,0.25,0.255,35143
ARL,20200508,0.26,0.26,0.245,0.255,28344
ARL,20200511,0.26,0.26,0.255,0.255,43701
ARL,20200512,0.26,0.26,0.25,0.25,49015
ARL,20200513,0.25,0.25,0.24,0.245,223599
ARL,20200514,0.26,0.26,0.25,0.25,251649
ARL,20200515,0.26,0.265,0.26,0.26,180407
ARL,20200518,0.27,0.275,0.26,0.26,111997
ARL,20200519,0.265,0.275,0.265,0.27,69942
ARL,20200520,0.275,0.275,0.265,0.265,82589
ARL,20200521,0.26,0.275,0.26,0.27,65123
ARL,20200522,0.285,0.33,0.285,0.31,435889
ARL,20200525,0.33,0.33,0.305,0.31,115300
ARL,20200526,0.31,0.345,0.31,0.315,178575
ARL,20200527,0.31,0.325,0.31,0.31,78765
ARL,20200528,0.33,0.33,0.31,0.32,63987
ARL,20200529,0.315,0.315,0.29,0.305,206997
ARL,20200601,0.31,0.31,0.28,0.28,285036
ARL,20200602,0.29,0.3,0.285,0.285,120070
ARL,20200603,0.29,0.295,0.275,0.275,79719
ARL,20200604,0.285,0.295,0.28,0.28,89461
ARL,20200605,0.275,0.3,0.275,0.3,132076
ARL,20200609,0.3,0.33,0.3,0.325,460304
ARL,20200610,0.32,0.33,0.32,0.33,34035
ARL,20200611,0.33,0.33,0.315,0.32,54656
ARL,20200612,0.3,0.305,0.3,0.3,242392
ARL,20200615,0.31,0.31,0.275,0.28,496270
ARL,20200616,0.305,0.305,0.25,0.25,389568
ARL,20200617,0.27,0.285,0.27,0.275,126246
ARL,20200618,0.295,0.295,0.29,0.29,62830
ARL,20200619,0.295,0.295,0.265,0.28,186172
ARL,20200622,0.27,0.27,0.24,0.265,704312
ARL,20200623,0.275,0.275,0.245,0.25,306089
ARL,20200624,0.25,0.26,0.25,0.255,209004
ARL,20200625,0.28,0.295,0.27,0.27,410013
ARL,20200626,0.275,0.275,0.275,0.275,10016
ARL,20200629,0.28,0.28,0.275,0.275,41303
ARL,20200630,0.28,0.28,0.26,0.26,223178
ARL,20200701,0.265,0.28,0.265,0.28,127782
ARL,20200702,0.28,0.28,0.265,0.265,55361
ARL,20200703,0.29,0.29,0.28,0.28,84890
ARL,20200706,0.28,0.29,0.275,0.285,110240
ARL,20200707,0.29,0.29,0.28,0.29,113087
ARL,20200708,0.285,0.295,0.27,0.27,321647
ARL,20200709,0.27,0.285,0.27,0.27,115841
ARL,20200710,0.295,0.295,0.28,0.285,191413
ARL,20200713,0.295,0.32,0.295,0.32,434763
ARL,20200714,0.33,0.33,0.3,0.32,244462
ARL,20200715,0.325,0.375,0.325,0.375,776072
ARL,20200716,0.38,0.41,0.36,0.36,447437
ARL,20200717,0.35,0.35,0.335,0.345,215545
ARL,20200720,0.36,0.395,0.35,0.39,204447
ARL,20200721,0.4,0.415,0.39,0.41,350550
ARL,20200722,0.41,0.415,0.375,0.385,153622
ARL,20200723,0.415,0.42,0.39,0.42,592713
ARL,20200724,0.445,0.47,0.425,0.445,329222
ARL,20200727,0.47,0.565,0.46,0.52,821294
ARL,20200728,0.55,0.58,0.525,0.55,491361
ARL,20200729,0.55,0.55,0.505,0.52,191545
ARL,20200730,0.535,0.535,0.52,0.52,124223
ARL,20200731,0.535,0.535,0.515,0.525,86028
ARL,20200803,0.53,0.575,0.51,0.51,293381
ARL,20200804,0.545,0.57,0.54,0.56,252010
ARL,20200805,0.58,0.59,0.575,0.59,195548
ARL,20200806,0.59,0.6,0.585,0.585,182348
ARL,20200807,0.6,0.61,0.585,0.6,198825
ARL,20200810,0.61,0.62,0.595,0.605,289728
ARL,20200811,0.61,0.625,0.605,0.605,202891
ARL,20200812,0.605,0.62,0.59,0.615,235644
ARL,20200813,0.62,0.62,0.575,0.58,301208
ARL,20200814,0.585,0.6,0.58,0.595,121111
ARL,20200817,0.6,0.6,0.57,0.58,96862
ARL,20200818,0.585,0.595,0.57,0.58,154399
ARL,20200819,0.595,0.6,0.565,0.57,197992
ARL,20200820,0.56,0.575,0.5,0.5,492626
ARL,20200821,0.525,0.54,0.515,0.54,89856
ARL,20200824,0.54,0.59,0.54,0.58,117983
ARL,20200825,0.58,0.59,0.547,0.55,201854
ARL,20200826,0.57,0.58,0.56,0.58,67634
ARL,20200827,0.58,0.59,0.56,0.565,80202
ARL,20200828,0.55,0.56,0.55,0.56,42573
ARL,20200831,0.585,0.585,0.555,0.57,75755
ARL,20200901,0.585,0.585,0.57,0.57,27783
ARL,20200902,0.575,0.58,0.565,0.58,66898
ARL,20200903,0.575,0.585,0.575,0.585,18483
ARL,20200904,0.59,0.59,0.535,0.535,106206
ARL,20200907,0.54,0.59,0.54,0.585,20265
ARL,20200908,0.59,0.59,0.535,0.54,179700
ARL,20200909,0.54,0.55,0.51,0.51,212664
ARL,20200910,0.53,0.55,0.52,0.52,98318
ARL,20200911,0.525,0.53,0.485,0.485,338070
ARL,20200914,0.5,0.55,0.5,0.55,90671
ARL,20200915,0.525,0.56,0.525,0.535,77942
ARL,20200916,0.535,0.535,0.535,0.535,0
ARL,20200917,0.535,0.535,0.535,0.535,0
ARL,20200918,0.56,0.56,0.47,0.48,588061
ARL,20200921,0.485,0.5,0.47,0.475,382613
ARL,20200922,0.46,0.475,0.46,0.475,309370
ARL,20200923,0.46,0.475,0.46,0.46,268357
ARL,20200924,0.445,0.445,0.43,0.445,576806
ARL,20200925,0.45,0.455,0.445,0.445,328835
ARL,20200928,0.45,0.46,0.435,0.46,147830
ARL,20200929,0.46,0.48,0.455,0.46,266813
ARL,20200930,0.46,0.465,0.45,0.45,228412
ARL,20201001,0.465,0.475,0.46,0.47,84704
ARL,20201002,0.47,0.47,0.45,0.45,253941
ARL,20201005,0.455,0.47,0.45,0.465,168643
ARL,20201006,0.47,0.485,0.47,0.485,118498
ARL,20201007,0.49,0.54,0.49,0.51,284376
ARL,20201008,0.54,0.55,0.51,0.515,73664
ARL,20201009,0.525,0.545,0.52,0.53,68343
ARL,20201012,0.55,0.56,0.51,0.53,279959
ARL,20201013,0.55,0.55,0.505,0.53,95017
ARL,20201014,0.52,0.525,0.51,0.515,67801
ARL,20201015,0.515,0.525,0.495,0.495,133720
ARL,20201016,0.525,0.54,0.5,0.5,48461
ARL,20201019,0.51,0.52,0.48,0.48,136464
ARL,20201020,0.5,0.5,0.49,0.495,93649
ARL,20201021,0.5,0.5,0.49,0.5,50519
ARL,20201022,0.49,0.5,0.49,0.49,94585
ARL,20201023,0.49,0.49,0.47,0.48,152681
ARL,20201026,0.48,0.48,0.46,0.46,247024
ARL,20201027,0.46,0.47,0.46,0.465,137727
ARL,20201028,0.46,0.475,0.455,0.47,98947
ARL,20201029,0.49,0.5,0.47,0.475,500762
ARL,20201030,0.485,0.485,0.45,0.46,141377
ARL,20201102,0.46,0.46,0.43,0.43,323594
ARL,20201103,0.435,0.445,0.43,0.44,109401
ARL,20201104,0.455,0.46,0.445,0.445,15793
ARL,20201105,0.43,0.445,0.43,0.44,45280
ARL,20201106,0.46,0.465,0.455,0.455,63065
ARL,20201109,0.505,0.545,0.5,0.53,354278
ARL,20201110,0.535,0.535,0.5,0.51,166195
ARL,20201111,0.5,0.53,0.5,0.515,149737
ARL,20201112,0.5,0.515,0.49,0.495,138814
ARL,20201113,0.495,0.5,0.49,0.5,72899
ARL,20201116,0.5,0.5,0.495,0.5,7700
ARL,20201117,0.5,0.5,0.48,0.48,126585
ARL,20201118,0.48,0.485,0.455,0.465,153273
ARL,20201120,0.46,0.485,0.46,0.47,46006
ARL,20201123,0.475,0.48,0.465,0.465,177188
ARL,20201124,0.46,0.475,0.44,0.44,231494
ARL,20201125,0.44,0.46,0.435,0.45,150517
ARL,20201126,0.46,0.465,0.44,0.46,101129
ARL,20201127,0.46,0.46,0.4,0.44,341138
ARL,20201130,0.45,0.47,0.45,0.47,143703
ARL,20201201,0.46,0.46,0.445,0.46,124801
ARL,20201202,0.47,0.485,0.445,0.485,101498
ARL,20201203,0.44,0.47,0.44,0.45,313758
ARL,20201204,0.46,0.47,0.44,0.465,126135
ARL,20201207,0.47,0.48,0.45,0.45,216038
ARL,20201208,0.48,0.485,0.445,0.45,171220
ARL,20201209,0.45,0.46,0.44,0.445,96791
ARL,20201210,0.445,0.45,0.435,0.44,96266
ARL,20201211,0.455,0.455,0.42,0.425,184534
ARL,20201214,0.43,0.445,0.42,0.42,263632
ARL,20201215,0.42,0.445,0.42,0.445,133664
ARL,20201216,0.44,0.445,0.425,0.43,68253
ARL,20201217,0.435,0.435,0.43,0.43,20170
ARL,20201218,0.445,0.445,0.425,0.44,113555
ARL,20201221,0.44,0.445,0.43,0.435,67592
ARL,20201222,0.425,0.425,0.42,0.42,48000
ARL,20201224,0.425,0.425,0.425,0.425,0
ARL,20201229,0.43,0.44,0.42,0.42,200097
ARL,20201230,0.415,0.435,0.4,0.4,334311
ARL,20201231,0.415,0.415,0.4,0.405,226795
ARL,20210104,0.405,0.44,0.405,0.44,53597
ARL,20210105,0.44,0.44,0.43,0.435,116576
ARL,20210106,0.435,0.44,0.427,0.44,124797
ARL,20210107,0.44,0.455,0.43,0.45,98399
ARL,20210108,0.46,0.5,0.46,0.5,547981
ARL,20210111,0.5,0.555,0.47,0.475,1525238
ARL,20210112,0.48,0.495,0.465,0.475,327114
ARL,20210113,0.48,0.492,0.475,0.49,99393
ARL,20210114,0.5,0.525,0.48,0.49,142618
ARL,20210115,0.515,0.525,0.48,0.49,132844
ARL,20210118,0.51,0.555,0.505,0.515,719173
ARL,20210119,0.53,0.53,0.47,0.49,310181
ARL,20210120,0.52,0.52,0.48,0.48,90773
ARL,20210121,0.48,0.51,0.48,0.485,183533
ARL,20210122,0.505,0.54,0.5,0.525,441663
ARL,20210125,0.52,0.54,0.505,0.52,112659
ARL,20210127,0.53,0.54,0.51,0.53,272750
ARL,20210128,0.52,0.53,0.51,0.51,314812
ARL,20210129,0.515,0.535,0.505,0.505,203532
ARL,20210201,0.5,0.52,0.475,0.48,363178
ARL,20210203,0.475,0.49,0.475,0.475,82112
ARL,20210204,0.47,0.48,0.44,0.45,313743
ARL,20210205,0.45,0.465,0.435,0.445,520638
ARL,20210208,0.5,0.52,0.49,0.51,218968
ARL,20210209,0.505,0.53,0.505,0.52,196449
ARL,20210210,0.52,0.54,0.52,0.53,181592
ARL,20210211,0.54,0.565,0.54,0.555,534973
ARL,20210212,0.555,0.575,0.555,0.565,108593
ARL,20210215,0.585,0.63,0.58,0.61,1035629
ARL,20210216,0.59,0.59,0.565,0.585,440910
ARL,20210217,0.59,0.59,0.57,0.57,147385
ARL,20210218,0.57,0.575,0.55,0.57,215074
ARL,20210219,0.57,0.575,0.555,0.565,79833
ARL,20210222,0.565,0.565,0.545,0.545,97965
ARL,20210223,0.55,0.555,0.54,0.545,181517
ARL,20210224,0.55,0.565,0.55,0.55,73612
ARL,20210225,0.565,0.575,0.55,0.56,167980
ARL,20210226,0.56,0.585,0.54,0.55,207097
ARL,20210301,0.55,0.57,0.535,0.565,199966
ARL,20210302,0.57,0.58,0.55,0.56,179333
ARL,20210303,0.53,0.56,0.53,0.535,111792
ARL,20210304,0.54,0.54,0.51,0.515,132196
ARL,20210305,0.515,0.515,0.46,0.48,573007
ARL,20210308,0.5,0.54,0.49,0.53,341368
ARL,20210309,0.54,0.55,0.5,0.505,349830
ARL,20210310,0.51,0.535,0.485,0.485,373333
ARL,20210311,0.51,0.535,0.485,0.485,373333
ARL,20210312,0.5,0.515,0.5,0.505,63531
ARL,20210315,0.53,0.535,0.515,0.52,126364
ARL,20210316,0.52,0.53,0.51,0.525,83488
ARL,20210317,0.53,0.545,0.525,0.54,183009
ARL,20210318,0.545,0.56,0.545,0.55,309234
ARL,20210319,0.55,0.56,0.525,0.525,127864
ARL,20210322,0.55,0.55,0.525,0.525,148796
ARL,20210323,0.54,0.54,0.52,0.52,93753
ARL,20210324,0.54,0.54,0.515,0.52,139621
ARL,20210325,0.53,0.535,0.49,0.49,345779
ARL,20210329,0.51,0.51,0.46,0.46,785704
ARL,20210330,0.51,0.51,0.46,0.46,279555
ARL,20210331,0.465,0.465,0.44,0.44,301426
ARL,20210401,0.465,0.465,0.455,0.46,73073
ARL,20210406,0.475,0.48,0.46,0.465,50231
ARL,20210407,0.48,0.51,0.48,0.49,149158
ARL,20210408,0.51,0.51,0.48,0.495,132489
ARL,20210409,0.495,0.52,0.48,0.52,99848
ARL,20210412,0.52,0.52,0.51,0.51,213323
ARL,20210413,0.525,0.525,0.51,0.51,70220
ARL,20210414,0.52,0.53,0.51,0.52,155981
ARL,20210415,0.53,0.53,0.52,0.52,104731
ARL,20210416,0.53,0.53,0.52,0.52,88195
ARL,20210419,0.525,0.53,0.52,0.53,124799
ARL,20210420,0.53,0.53,0.505,0.525,106439
ARL,20210421,0.51,0.53,0.51,0.525,23440
ARL,20210422,0.515,0.535,0.515,0.525,194381
ARL,20210423,0.535,0.535,0.52,0.525,91635
ARL,20210426,0.525,0.53,0.515,0.515,237855
ARL,20210427,0.515,0.53,0.515,0.52,59917
ARL,20210428,0.52,0.52,0.5,0.5,249408
ARL,20210429,0.505,0.505,0.49,0.49,108550
ARL,20210430,0.495,0.51,0.46,0.49,149916
ARL,20210503,0.48,0.49,0.48,0.485,16329
ARL,20210504,0.495,0.5,0.46,0.47,408919
ARL,20210505,0.475,0.5,0.475,0.5,76824
ARL,20210506,0.51,0.51,0.47,0.47,83507
ARL,20210507,0.49,0.495,0.485,0.49,56347
ARL,20210510,0.5,0.515,0.5,0.5,209271
ARL,20210511,0.515,0.52,0.485,0.485,181740
ARL,20210512,0.5,0.505,0.49,0.49,74578
ARL,20210513,0.5,0.5,0.475,0.48,61552
ARL,20210514,0.51,0.51,0.48,0.495,59603
ARL,20210517,0.51,0.52,0.495,0.495,57475
ARL,20210518,0.5,0.51,0.49,0.5,146296
ARL,20210519,0.5,0.51,0.485,0.495,114062
ARL,20210520,0.485,0.49,0.48,0.48,297849
ARL,20210521,0.485,0.5,0.485,0.5,77392
ARL,20210524,0.5,0.505,0.495,0.505,42588
ARL,20210525,0.5,0.51,0.497,0.5,30364
ARL,20210526,0.51,0.51,0.5,0.51,77161
ARL,20210527,0.515,0.515,0.495,0.495,94682
ARL,20210528,0.505,0.505,0.5,0.5,52634
ARL,20210531,0.505,0.53,0.49,0.5,196835
ARL,20210601,0.505,0.515,0.5,0.515,167101
ARL,20210602,0.5,0.515,0.5,0.51,146519
ARL,20210603,0.51,0.52,0.51,0.515,37491
ARL,20210604,0.51,0.51,0.49,0.49,199522
ARL,20210607,0.5,0.51,0.485,0.495,249382
ARL,20210609,0.5,0.5,0.495,0.5,15195
ARL,20210610,0.5,0.54,0.5,0.52,376029
ARL,20210611,0.53,0.6,0.53,0.58,387134
ARL,20210615,0.585,0.61,0.585,0.59,291799
ARL,20210616,0.6,0.605,0.58,0.58,67387
ARL,20210617,0.575,0.59,0.56,0.56,43708
ARL,20210618,0.565,0.58,0.55,0.58,104843
ARL,20210621,0.58,0.58,0.535,0.545,32769
ARL,20210622,0.525,0.54,0.52,0.53,181446
ARL,20210623,0.53,0.54,0.53,0.535,23659
ARL,20210625,0.54,0.54,0.53,0.535,70852
ARL,20210628,0.53,0.6,0.53,0.57,411218
ARL,20210629,0.57,0.57,0.54,0.565,78965
ARL,20210630,0.565,0.565,0.55,0.55,51055
ARL,20210701,0.56,0.57,0.56,0.57,26477
ARL,20210705,0.56,0.565,0.56,0.56,19067
ARL,20210706,0.56,0.56,0.55,0.55,55154
ARL,20210707,0.54,0.55,0.52,0.52,130756
ARL,20210708,0.51,0.515,0.48,0.48,488777
ARL,20210709,0.485,0.5,0.48,0.48,78392
ARL,20210712,0.49,0.5,0.49,0.5,90065
ARL,20210714,0.5,0.5,0.5,0.5,18933
ARL,20210715,0.51,0.52,0.51,0.51,65273
ARL,20210716,0.52,0.52,0.51,0.515,46861
ARL,20210719,0.52,0.52,0.495,0.495,73149
ARL,20210720,0.49,0.49,0.49,0.49,16250
ARL,20210723,0.5,0.5,0.495,0.5,18882
ARL,20210726,0.51,0.51,0.495,0.495,105811
ARL,20210727,0.495,0.51,0.495,0.51,60085
ARL,20210728,0.515,0.515,0.5,0.51,67742
ARL,20210729,0.51,0.515,0.505,0.505,14784
ARL,20210730,0.505,0.505,0.5,0.5,106261
ARL,20210802,0.51,0.51,0.505,0.505,13755
ARL,20210803,0.505,0.53,0.5,0.52,139340
ARL,20210804,0.5,0.505,0.5,0.5,140552
ARL,20210805,0.525,0.525,0.5,0.5,22329
ARL,20210806,0.505,0.53,0.495,0.53,62837
ARL,20210809,0.53,0.53,0.52,0.52,88018
ARL,20210810,0.51,0.52,0.5,0.505,18061
ARL,20210811,0.51,0.51,0.505,0.51,26668
ARL,20210812,0.51,0.51,0.5,0.5,21895
ARL,20210813,0.505,0.505,0.505,0.505,20702
ARL,20210819,0.51,0.51,0.5,0.51,17937
ARL,20210820,0.51,0.51,0.485,0.485,147599
ARL,20210823,0.49,0.495,0.485,0.485,42353
ARL,20210824,0.485,0.505,0.485,0.505,20401
ARL,20210825,0.495,0.505,0.49,0.49,106785
ARL,20210826,0.49,0.5,0.475,0.475,125468
ARL,20210827,0.48,0.497,0.48,0.497,30870
ARL,20210830,0.485,0.5,0.485,0.5,32446
ARL,20210831,0.5,0.5,0.49,0.5,7710
ARL,20210901,0.49,0.5,0.485,0.5,57790
ARL,20210902,0.5,0.5,0.48,0.48,100071
ARL,20210903,0.495,0.495,0.47,0.48,101400
ARL,20210906,0.48,0.485,0.47,0.475,148670
ARL,20210907,0.47,0.47,0.46,0.46,71365
ARL,20210908,0.47,0.47,0.455,0.47,23007
ARL,20210909,0.48,0.48,0.46,0.46,35820
ARL,20210910,0.47,0.47,0.46,0.465,60656
ARL,20210913,0.465,0.47,0.46,0.465,99967
ARL,20210914,0.47,0.505,0.465,0.5,123730
ARL,20210915,0.505,0.505,0.49,0.49,45211
ARL,20210916,0.51,0.51,0.485,0.49,39602
ARL,20210917,0.495,0.495,0.48,0.48,35641
ARL,20210920,0.48,0.48,0.45,0.45,128699
ARL,20210922,0.475,0.495,0.45,0.46,136621
ARL,20210923,0.465,0.485,0.46,0.465,40228
ARL,20210924,0.48,0.51,0.48,0.48,51984
ARL,20210927,0.49,0.49,0.47,0.475,38002
ARL,20210928,0.48,0.49,0.47,0.47,43933
ARL,20210929,0.48,0.48,0.45,0.46,123363
ARL,20210930,0.455,0.46,0.43,0.44,352401
ARL,20211001,0.44,0.455,0.44,0.44,132802
ARL,20211004,0.44,0.45,0.44,0.445,51312
ARL,20211005,0.45,0.45,0.44,0.44,148306
ARL,20211006,0.435,0.445,0.435,0.435,54163
ARL,20211007,0.44,0.445,0.435,0.435,70719
ARL,20211008,0.44,0.485,0.435,0.445,140924
ARL,20211011,0.455,0.485,0.455,0.455,30807
ARL,20211012,0.455,0.485,0.455,0.455,30807
ARL,20211013,0.47,0.48,0.455,0.475,121099
ARL,20211014,0.475,0.49,0.46,0.49,58425
ARL,20211019,0.5,0.53,0.5,0.53,206278
ARL,20211020,0.51,0.545,0.51,0.525,61773
ARL,20211021,0.54,0.545,0.535,0.535,105872
ARL,20211022,0.55,0.55,0.53,0.53,62508
ARL,20211025,0.535,0.535,0.51,0.52,140056
ARL,20211026,0.525,0.535,0.52,0.53,74708
ARL,20211028,0.5,0.52,0.48,0.5,432579
ARL,20211029,0.5,0.5,0.46,0.49,93625
ARL,20211101,0.5,0.53,0.5,0.525,395338
ARL,20211102,0.505,0.505,0.48,0.48,40924
ARL,20211103,0.48,0.495,0.475,0.485,23632
ARL,20211104,0.48,0.5,0.46,0.46,129029
ARL,20211105,0.46,0.465,0.455,0.465,13533
ARL,20211109,0.5,0.5,0.475,0.475,58804
ARL,20211110,0.475,0.48,0.465,0.465,89938
ARL,20211112,0.47,0.475,0.46,0.46,23519
ARL,20211115,0.46,0.495,0.46,0.48,15337
ARL,20211116,0.49,0.49,0.46,0.465,36965
ARL,20211117,0.475,0.49,0.465,0.465,74485
ARL,20211118,0.475,0.48,0.475,0.48,25096
ARL,20211119,0.48,0.515,0.47,0.49,332818
ARL,20211122,0.5,0.5,0.49,0.5,69339
ARL,20211123,0.505,0.55,0.505,0.55,138698
ARL,20211124,0.53,0.53,0.495,0.5,86043
ARL,20211125,0.515,0.52,0.505,0.52,39665
ARL,20211126,0.52,0.52,0.5,0.51,175667
ARL,20211129,0.51,0.51,0.48,0.495,113434
ARL,20211130,0.5,0.52,0.485,0.485,85098
ARL,20211201,0.485,0.505,0.485,0.5,208198
ARL,20211202,0.5,0.5,0.485,0.5,68616
ARL,20211203,0.51,0.55,0.505,0.525,251042
ARL,20211206,0.525,0.54,0.495,0.5,127685
ARL,20211207,0.51,0.52,0.505,0.52,15717
ARL,20211208,0.505,0.51,0.49,0.49,72731
ARL,20211209,0.495,0.495,0.49,0.49,23923
ARL,20211210,0.5,0.5,0.49,0.49,3743
ARL,20211213,0.502,0.502,0.5,0.5,3373
ARL,20211214,0.5,0.5,0.49,0.49,44283
ARL,20211216,0.5,0.5,0.48,0.48,21454
ARL,20211217,0.48,0.5,0.48,0.48,14452
ARL,20211220,0.5,0.5,0.475,0.475,44660
ARL,20211221,0.475,0.485,0.475,0.475,24241
ARL,20211222,0.48,0.485,0.47,0.47,85367
ARL,20211223,0.47,0.48,0.47,0.48,12709
ARL,20211224,0.52,0.52,0.49,0.49,21821
ARL,20211229,0.47,0.48,0.45,0.47,237904
ARL,20211230,0.465,0.48,0.455,0.48,99098
ARL,20211231,0.48,0.48,0.455,0.46,184745
ARL,20220104,0.46,0.47,0.46,0.47,64589
ARL,20220105,0.465,0.465,0.46,0.46,91568
ARL,20220106,0.46,0.46,0.46,0.46,51789
ARL,20220107,0.46,0.465,0.45,0.455,156387
ARL,20220110,0.46,0.47,0.46,0.46,56942
ARL,20220111,0.46,0.49,0.46,0.485,115377
ARL,20220112,0.495,0.52,0.495,0.5,246172
ARL,20220113,0.51,0.515,0.49,0.51,106211
ARL,20220114,0.52,0.83,0.52,0.77,5029946
ARL,20220117,0.75,0.75,0.65,0.71,2435050
ARL,20220118,0.705,0.775,0.675,0.7,712290
ARL,20220119,0.67,0.7,0.625,0.635,650071
ARL,20220120,0.645,0.695,0.64,0.665,304097
ARL,20220121,0.65,0.665,0.625,0.625,201990
ARL,20220124,0.625,0.625,0.58,0.585,387498
ARL,20220125,0.59,0.605,0.55,0.55,463030
ARL,20220127,0.595,0.62,0.56,0.585,251649
ARL,20220128,0.595,0.605,0.585,0.605,253579
ARL,20220131,0.62,0.67,0.62,0.645,278274
ARL,20220201,0.645,0.75,0.645,0.67,412638
ARL,20220202,0.72,0.735,0.67,0.7,219696
ARL,20220203,0.7,0.705,0.66,0.67,124164
ARL,20220204,0.7,0.73,0.68,0.72,194121
ARL,20220207,0.72,0.72,0.69,0.69,164691
ARL,20220208,0.69,0.695,0.675,0.675,37652
ARL,20220209,0.68,0.71,0.66,0.68,81500
ARL,20220210,0.7,0.73,0.685,0.72,238485
ARL,20220211,0.73,0.79,0.725,0.75,772427
ARL,20220214,0.77,0.78,0.745,0.78,219693
ARL,20220215,0.75,0.775,0.745,0.745,242171
ARL,20220216,0.755,0.755,0.745,0.745,93848
ARL,20220217,0.77,0.845,0.77,0.795,468333
ARL,20220218,0.795,0.795,0.795,0.795,0
ARL,20220221,0.795,0.795,0.795,0.795,0
ARL,20220222,0.745,0.745,0.7,0.705,358301
ARL,20220223,0.705,0.75,0.705,0.71,169698
ARL,20220224,0.715,0.715,0.695,0.695,339124
ARL,20220225,0.705,0.705,0.69,0.695,282263
ARL,20220228,0.69,0.7,0.67,0.675,286613
ARL,20220301,0.65,0.69,0.645,0.685,211992
ARL,20220302,0.685,0.69,0.675,0.69,105180
ARL,20220303,0.69,0.695,0.67,0.695,377290
ARL,20220304,0.7,0.7,0.685,0.685,235437
ARL,20220307,0.695,0.72,0.695,0.71,301532
ARL,20220308,0.755,0.77,0.72,0.735,516238
ARL,20220309,0.75,0.82,0.75,0.785,422647
ARL,20220310,0.81,0.81,0.785,0.795,136996
ARL,20220311,0.83,0.83,0.81,0.82,161079
ARL,20220314,0.825,0.875,0.82,0.84,635826
ARL,20220315,0.845,0.85,0.78,0.8,281284
ARL,20220316,0,0,0,0,0
ARL,20220317,0.83,0.98,0.82,0.93,667400
ARL,20220318,0.97,1.05,0.97,1.02,809938
ARL,20220321,1.1,1.4,1.08,1.21,2388282
ARL,20220322,1.21,1.21,1.135,1.21,718734
ARL,20220323,1.21,1.67,1.202,1.65,4308766
ARL,20220324,1.64,1.68,1.49,1.655,2719009
ARL,20220325,1.57,1.62,1.52,1.595,1467919
ARL,20220328,1.555,1.64,1.5,1.61,1382333
ARL,20220329,1.53,1.62,1.455,1.615,1110839
ARL,20220330,1.57,1.68,1.57,1.635,1903008
ARL,20220331,1.615,1.7,1.575,1.58,974562
ARL,20220401,1.62,1.7,1.57,1.7,551574
ARL,20220404,1.7,1.955,1.68,1.875,1601287
ARL,20220405,1.87,1.875,1.655,1.8,1032085
ARL,20220406,1.795,1.795,1.635,1.65,1168526
ARL,20220407,1.645,1.765,1.64,1.695,455099
ARL,20220408,1.68,1.72,1.605,1.66,607981
ARL,20220411,1.66,1.925,1.66,1.78,944313
ARL,20220412,1.74,1.85,1.7,1.79,702067
ARL,20220413,1.82,1.85,1.75,1.78,325729
ARL,20220414,1.8,1.985,1.795,1.875,746497
ARL,20220419,1.93,1.975,1.855,1.895,763207
ARL,20220420,1.92,2.05,1.825,1.925,938623
ARL,20220421,1.92,2.05,1.825,1.925,938623
ARL,20220422,1.81,1.865,1.805,1.835,297061
ARL,20220426,1.8,1.8,1.67,1.675,660012
ARL,20220427,1.62,1.705,1.545,1.565,872348
ARL,20220428,1.575,1.67,1.515,1.62,574120
ARL,20220429,1.61,1.695,1.6,1.645,161663
ARL,20220502,1.635,1.635,1.49,1.5,488051
ARL,20220503,1.475,1.575,1.4,1.455,682361
ARL,20220504,1.435,1.49,1.36,1.36,705414
ARL,20220505,1.33,1.42,1.305,1.39,537753
ARL,20220506,1.305,1.35,1.28,1.3,634763
ARL,20220509,1.27,1.335,1.16,1.175,1541156
ARL,20220510,1.1,1.12,1.035,1.08,1955481
ARL,20220511,1.06,1.11,1.03,1.07,472007
ARL,20220512,1.07,1.085,1.01,1.01,637255
ARL,20220513,1,1.07,0.975,1.05,1820471
ARL,20220516,1.09,1.105,1.03,1.05,911727
ARL,20220517,1.07,1.12,1.055,1.1,271653
ARL,20220518,1.15,1.24,1.145,1.185,620636
ARL,20220519,1.135,1.17,1.1,1.155,312829
ARL,20220520,1.16,1.21,1.14,1.175,191439
ARL,20220523,1.15,1.18,1.105,1.125,462388
ARL,20220524,1.18,1.185,1.12,1.135,375269
ARL,20220525,1.125,1.16,1.105,1.115,286011
ARL,20220526,1.155,1.23,1.14,1.15,417840
ARL,20220527,1.18,1.19,1.135,1.16,134487
ARL,20220530,1.14,1.225,1.14,1.21,277249
ARL,20220531,1.2,1.35,1.2,1.3,667176
ARL,20220601,1.35,1.35,1.18,1.2,991920
ARL,20220602,1.24,1.255,1.19,1.215,263529
ARL,20220603,1.25,1.305,1.22,1.25,354570
ARL,20220606,1.255,1.275,1.18,1.2,342214
ARL,20220607,1.21,1.23,1.14,1.17,254099
ARL,20220608,1.17,1.19,1.08,1.105,609853
ARL,20220609,1.14,1.195,1.07,1.1,195282
ARL,20220610,1.07,1.075,0.995,1.02,793087
ARL,20220614,0.93,0.97,0.91,0.955,344422
ARL,20220615,0.93,0.955,0.875,0.88,461179
ARL,20220616,0.9,0.965,0.89,0.905,221375
ARL,20220617,0.885,0.895,0.865,0.885,291259
ARL,20220620,0.86,0.895,0.805,0.85,252458
ARL,20220621,0.86,0.875,0.79,0.835,390461
ARL,20220622,0.83,0.84,0.765,0.775,98425
ARL,20220623,0.79,0.8,0.695,0.72,434408
ARL,20220624,0.7,0.82,0.7,0.78,421437
ARL,20220627,0.78,0.835,0.755,0.8,802307
ARL,20220628,0.79,0.83,0.76,0.83,230176
ARL,20220629,0.8,0.8,0.71,0.78,187557
ARL,20220630,0.78,0.785,0.75,0.75,155495
ARL,20220701,0.765,0.8,0.75,0.77,59665
ARL,20220704,0.775,0.825,0.77,0.77,103017
ARL,20220705,0.78,0.825,0.78,0.8,40920
ARL,20220706,0.8,0.815,0.77,0.77,109036
ARL,20220707,0.81,0.81,0.77,0.775,64072
ARL,20220708,0.775,0.795,0.75,0.775,442322
ARL,20220711,0.79,0.8,0.755,0.79,236029
ARL,20220712,0.79,0.79,0.76,0.77,123210
ARL,20220713,0.77,0.77,0.745,0.76,47800
ARL,20220714,0.75,0.85,0.75,0.85,285532
ARL,20220715,0.83,0.83,0.78,0.83,109421
ARL,20220718,0.84,0.84,0.795,0.825,559234
ARL,20220719,0.835,0.94,0.835,0.935,293688
ARL,20220720,0.925,1.08,0.925,1.08,403386
ARL,20220721,1.14,1.155,1.05,1.14,145317
ARL,20220722,1.25,1.3,1.08,1.085,283392
ARL,20220725,1.13,1.22,1.085,1.12,238648
ARL,20220726,1.12,1.21,1.1,1.18,701300
ARL,20220727,1.215,1.215,1.14,1.14,112179
ARL,20220728,1.18,1.25,1.16,1.185,113337
ARL,20220729,1.195,1.25,1.165,1.25,108349
ARL,20220801,1.245,1.275,1.115,1.115,252388
ARL,20220802,1.145,1.195,1.05,1.095,266250
ARL,20220803,1.16,1.16,0.92,0.975,1862566
ARL,20220805,1.01,1.015,0.985,0.985,137152
ARL,20220808,0.99,1.11,0.99,1.095,441414
ARL,20220809,1.13,1.135,1.065,1.065,268830
ARL,20220810,1.03,1.1,1.03,1.06,66055
ARL,20220811,1.095,1.14,1.06,1.06,282533
ARL,20220812,1.07,1.11,1.035,1.07,123133
ARL,20220815,1.1,1.1,0.975,1.02,568708
ARL,20220816,1.02,1.095,0.995,1.07,179820
ARL,20220817,1.095,1.095,1.01,1.03,147273
ARL,20220818,1.015,1.035,0.96,0.98,342135
ARL,20220819,1,1,0.96,0.965,131157
ARL,20220822,0.95,0.955,0.875,0.93,951519
ARL,20220823,0.89,0.93,0.875,0.9,295612
ARL,20220824,0.91,0.95,0.9,0.925,106938
ARL,20220825,0.94,0.97,0.94,0.96,62486
ARL,20220826,0.975,0.99,0.95,0.95,76289
ARL,20220829,0.95,0.95,0.88,0.89,124898
ARL,20220830,0.96,0.96,0.895,0.905,60922
ARL,20220831,0.91,0.97,0.91,0.97,102361
ARL,20220901,0.96,0.97,0.92,0.94,50012
ARL,20220902,0.91,0.93,0.85,0.86,225128
ARL,20220905,0.86,0.925,0.85,0.885,108900
ARL,20220906,0.9,0.915,0.83,0.835,245054
ARL,20220907,0.855,0.89,0.84,0.87,98285
ARL,20220909,0.9,0.98,0.9,0.93,176527
ARL,20220912,0.935,0.97,0.9,0.945,112419
ARL,20220913,0.955,0.97,0.91,0.925,141013
ARL,20220914,0.92,0.925,0.85,0.925,163572
ARL,20220915,0.925,0.935,0.895,0.9,70171
ARL,20220916,0.895,0.915,0.88,0.885,183725
ARL,20220919,0.885,0.945,0.855,0.86,109092
ARL,20220920,0.9,0.925,0.9,0.9,153648
ARL,20220921,0.92,0.92,0.9,0.9,103389
