ARV,20160212,0.001,0.001,0.001,0.001,0
ARV,20160215,0.001,0.001,0.001,0.001,1500000
ARV,20160216,0.001,0.001,0.001,0.001,0
ARV,20160217,0.001,0.001,0.001,0.001,0
ARV,20160218,0.001,0.001,0.001,0.001,0
ARV,20160219,0.001,0.001,0.001,0.001,0
ARV,20160222,0.001,0.001,0.001,0.001,0
ARV,20160223,0.001,0.001,0.001,0.001,0
ARV,20160224,0.001,0.001,0.001,0.001,0
ARV,20160225,0.001,0.001,0.001,0.001,0
ARV,20160226,0.001,0.001,0.001,0.001,600000
ARV,20160229,0.001,0.001,0.001,0.001,0
ARV,20160301,0.001,0.001,0.001,0.001,0
ARV,20160302,0.001,0.001,0.001,0.001,0
ARV,20160303,0.001,0.001,0.001,0.001,0
ARV,20160304,0.001,0.001,0.001,0.001,0
ARV,20160307,0.001,0.001,0.001,0.001,0
ARV,20160308,0.001,0.001,0.001,0.001,1000000
ARV,20160309,0.001,0.001,0.001,0.001,550888
ARV,20160310,0.001,0.001,0.001,0.001,1200000
ARV,20160311,0.001,0.001,0.001,0.001,5000000
ARV,20160314,0.001,0.001,0.001,0.001,7985050
ARV,20160315,0.001,0.001,0.001,0.001,2000000
ARV,20160316,0.001,0.001,0.001,0.001,1000000
ARV,20160317,0.001,0.001,0.001,0.001,0
ARV,20160318,0.001,0.001,0.001,0.001,500000
ARV,20160321,0.001,0.001,0.001,0.001,0
ARV,20160322,0.001,0.001,0.001,0.001,0
ARV,20160323,0.001,0.001,0.001,0.001,4000000
ARV,20160324,0.001,0.001,0.001,0.001,500000
ARV,20160329,0.001,0.001,0.001,0.001,0
ARV,20160330,0.001,0.001,0.001,0.001,0
ARV,20160331,0.001,0.001,0.001,0.001,13510000
ARV,20160401,0.001,0.001,0.001,0.001,11610000
ARV,20160404,0.001,0.001,0.001,0.001,11000870
ARV,20160405,0.001,0.001,0.001,0.001,5000000
ARV,20160406,0.001,0.001,0.001,0.001,3500000
ARV,20160407,0.001,0.001,0.001,0.001,1000000
ARV,20160408,0.001,0.001,0.001,0.001,0
ARV,20160411,0.001,0.001,0.001,0.001,500000
ARV,20160412,0.001,0.001,0.001,0.001,0
ARV,20160413,0.001,0.001,0.001,0.001,0
ARV,20160414,0.001,0.001,0.001,0.001,0
ARV,20160415,0.001,0.001,0.001,0.001,0
ARV,20160418,0.001,0.001,0.001,0.001,7000000
ARV,20160419,0.001,0.001,0.001,0.001,0
ARV,20160420,0.001,0.001,0.001,0.001,0
ARV,20160421,0.001,0.001,0.001,0.001,1000000
ARV,20160422,0.001,0.001,0.001,0.001,500000
ARV,20160426,0.001,0.001,0.001,0.001,0
ARV,20160427,0.001,0.001,0.001,0.001,7000000
ARV,20160428,0.001,0.001,0.001,0.001,0
ARV,20160429,0.001,0.001,0.001,0.001,500000
ARV,20160502,0.001,0.001,0.001,0.001,500000
ARV,20160503,0.001,0.001,0.001,0.001,4500000
ARV,20160504,0.001,0.001,0.001,0.001,500000
ARV,20160505,0.001,0.001,0.001,0.001,0
ARV,20160506,0.001,0.001,0.001,0.001,0
ARV,20160509,0.001,0.001,0.001,0.001,0
ARV,20160510,0.001,0.001,0.001,0.001,0
ARV,20160511,0.001,0.001,0.001,0.001,0
ARV,20160512,0.001,0.001,0.001,0.001,0
ARV,20160513,0.001,0.001,0.001,0.001,0
ARV,20160516,0.001,0.001,0.001,0.001,1000000
ARV,20160517,0.001,0.001,0.001,0.001,0
ARV,20160518,0.001,0.001,0.001,0.001,250000
ARV,20160519,0.001,0.001,0.001,0.001,0
ARV,20160520,0.001,0.001,0.001,0.001,0
ARV,20160523,0.001,0.001,0.001,0.001,0
ARV,20160524,0.001,0.001,0.001,0.001,500000
ARV,20160525,0.001,0.001,0.001,0.001,0
ARV,20160526,0.001,0.001,0.001,0.001,0
ARV,20160527,0.001,0.001,0.001,0.001,0
ARV,20160530,0.001,0.001,0.001,0.001,44432481
ARV,20160531,0.001,0.001,0.001,0.001,39167518
ARV,20160601,0.001,0.001,0.001,0.001,0
ARV,20160602,0.001,0.001,0.001,0.001,0
ARV,20160603,0.001,0.001,0.001,0.001,0
ARV,20160606,0.001,0.001,0.001,0.001,0
ARV,20160607,0.001,0.001,0.001,0.001,0
ARV,20160608,0.001,0.001,0.001,0.001,0
ARV,20160609,0.001,0.001,0.001,0.001,0
ARV,20160610,0.001,0.001,0.001,0.001,0
ARV,20160614,0.001,0.001,0.001,0.001,0
ARV,20160615,0.001,0.001,0.001,0.001,0
ARV,20160616,0.001,0.001,0.001,0.001,0
ARV,20160617,0.001,0.001,0.001,0.001,0
ARV,20160620,0.001,0.001,0.001,0.001,0
ARV,20160621,0.001,0.001,0.001,0.001,0
ARV,20160622,0.001,0.001,0.001,0.001,0
ARV,20160623,0.001,0.001,0.001,0.001,0
ARV,20160624,0.001,0.001,0.001,0.001,0
ARV,20160627,0.001,0.001,0.001,0.001,0
ARV,20160628,0.001,0.001,0.001,0.001,0
ARV,20160629,0.001,0.001,0.001,0.001,0
ARV,20160630,0.001,0.001,0.001,0.001,0
ARV,20160701,0.001,0.001,0.001,0.001,0
ARV,20160704,0.001,0.001,0.001,0.001,4000000
ARV,20160705,0.001,0.001,0.001,0.001,0
ARV,20160706,0.001,0.001,0.001,0.001,500000
ARV,20160707,0.001,0.001,0.001,0.001,500100
ARV,20160708,0.001,0.001,0.001,0.001,0
ARV,20160711,0.001,0.001,0.001,0.001,500000
ARV,20160712,0.001,0.001,0.001,0.001,750000
ARV,20160713,0.001,0.001,0.001,0.001,0
ARV,20160714,0.001,0.001,0.001,0.001,0
ARV,20160715,0.001,0.001,0.001,0.001,0
ARV,20160718,0.001,0.001,0.001,0.001,0
ARV,20160719,0.001,0.001,0.001,0.001,0
ARV,20160720,0.001,0.001,0.001,0.001,0
ARV,20160721,0.001,0.001,0.001,0.001,0
ARV,20160722,0.001,0.001,0.001,0.001,0
ARV,20160725,0.001,0.001,0.001,0.001,0
ARV,20160726,0.001,0.001,0.001,0.001,0
ARV,20160727,0.001,0.001,0.001,0.001,0
ARV,20160728,0.001,0.001,0.001,0.001,0
ARV,20160729,0.001,0.001,0.001,0.001,0
ARV,20160801,0.001,0.001,0.001,0.001,0
ARV,20160802,0.001,0.001,0.001,0.001,10000
ARV,20160803,0.001,0.001,0.001,0.001,0
ARV,20160804,0.001,0.001,0.001,0.001,0
ARV,20160805,0.001,0.001,0.001,0.001,0
ARV,20160808,0.001,0.001,0.001,0.001,0
ARV,20160809,0.001,0.001,0.001,0.001,0
ARV,20160810,0.001,0.001,0.001,0.001,0
ARV,20160811,0.001,0.001,0.001,0.001,0
ARV,20160812,0.001,0.001,0.001,0.001,0
ARV,20160815,0.001,0.001,0.001,0.001,0
ARV,20160816,0.001,0.001,0.001,0.001,700000
ARV,20160817,0.001,0.001,0.001,0.001,0
ARV,20160818,0.001,0.001,0.001,0.001,0
ARV,20160822,0.001,0.001,0.001,0.001,0
ARV,20160823,0.001,0.001,0.001,0.001,0
ARV,20160824,0.001,0.001,0.001,0.001,0
ARV,20160825,0.001,0.001,0.001,0.001,0
ARV,20160826,0.001,0.001,0.001,0.001,0
ARV,20160829,0.001,0.001,0.001,0.001,0
ARV,20160830,0.001,0.001,0.001,0.001,0
ARV,20160831,0.001,0.001,0.001,0.001,0
ARV,20160901,0.001,0.001,0.001,0.001,0
ARV,20160902,0.001,0.001,0.001,0.001,0
ARV,20160905,0.001,0.001,0.001,0.001,0
ARV,20160906,0.001,0.001,0.001,0.001,0
ARV,20160907,0.001,0.001,0.001,0.001,0
ARV,20160908,0.001,0.001,0.001,0.001,0
ARV,20160909,0.001,0.001,0.001,0.001,0
ARV,20160912,0.001,0.001,0.001,0.001,5000000
ARV,20160913,0.001,0.001,0.001,0.001,4500000
ARV,20160914,0.001,0.001,0.001,0.001,0
ARV,20160915,0.001,0.001,0.001,0.001,0
ARV,20160916,0.001,0.001,0.001,0.001,3000000
ARV,20160919,0.001,0.001,0.001,0.001,0
ARV,20160920,0.001,0.001,0.001,0.001,1000000
ARV,20160921,0.001,0.001,0.001,0.001,0
ARV,20160922,0.001,0.001,0.001,0.001,0
ARV,20160923,0.001,0.001,0.001,0.001,2000000
ARV,20160926,0.001,0.001,0.001,0.001,0
ARV,20160927,0.001,0.001,0.001,0.001,0
ARV,20160928,0.001,0.001,0.001,0.001,0
ARV,20160929,0.001,0.001,0.001,0.001,0
ARV,20160930,0.001,0.001,0.001,0.001,0
ARV,20161003,0.001,0.001,0.001,0.001,1000000
ARV,20161004,0.001,0.001,0.001,0.001,0
ARV,20161005,0.001,0.001,0.001,0.001,0
ARV,20161006,0.001,0.001,0.001,0.001,0
ARV,20161007,0.001,0.001,0.001,0.001,0
ARV,20161010,0.001,0.001,0.001,0.001,0
ARV,20161011,0.001,0.001,0.001,0.001,1000000
ARV,20161012,0.001,0.001,0.001,0.001,0
ARV,20161013,0.001,0.001,0.001,0.001,530000
ARV,20161014,0.001,0.001,0.001,0.001,0
ARV,20161017,0.001,0.001,0.001,0.001,0
ARV,20161018,0.001,0.001,0.001,0.001,600000
ARV,20161019,0.001,0.001,0.001,0.001,0
ARV,20161020,0.001,0.001,0.001,0.001,0
ARV,20161021,0.001,0.001,0.001,0.001,5104714
ARV,20161024,0.001,0.001,0.001,0.001,3000000
ARV,20161025,0.001,0.001,0.001,0.001,0
ARV,20161026,0.001,0.001,0.001,0.001,0
ARV,20161027,0.001,0.001,0.001,0.001,0
ARV,20161028,0.001,0.001,0.001,0.001,0
ARV,20161031,0.001,0.001,0.001,0.001,0
ARV,20161101,0.001,0.001,0.001,0.001,0
ARV,20161102,0.001,0.001,0.001,0.001,0
ARV,20161103,0.001,0.002,0.001,0.001,59728786
ARV,20161104,0.002,0.002,0.002,0.002,62229746
ARV,20161107,0.002,0.002,0.002,0.002,58550000
ARV,20161108,0.003,0.003,0.002,0.003,55765682
ARV,20161109,0.003,0.003,0.002,0.003,61753832
ARV,20161110,0.003,0.003,0.003,0.003,950000
ARV,20161111,0.002,0.002,0.002,0.002,17328400
ARV,20161114,0.002,0.003,0.002,0.003,5657073
ARV,20161115,0.003,0.003,0.002,0.002,27847000
ARV,20161116,0.002,0.002,0.002,0.002,9519217
ARV,20161117,0.002,0.002,0.002,0.002,1399999
ARV,20161118,0.002,0.002,0.002,0.002,1875870
ARV,20161121,0.002,0.002,0.002,0.002,30320131
ARV,20161122,0.002,0.002,0.002,0.002,18704982
ARV,20161123,0.002,0.002,0.002,0.002,10837019
ARV,20161124,0.002,0.002,0.002,0.002,33407195
ARV,20161125,0.002,0.002,0.002,0.002,750000
ARV,20161128,0.002,0.002,0.002,0.002,8083333
ARV,20161129,0.002,0.002,0.002,0.002,500000
ARV,20161130,0.002,0.002,0.002,0.002,32647419
ARV,20161201,0.002,0.002,0.002,0.002,7983023
ARV,20161202,0.002,0.002,0.002,0.002,0
ARV,20161205,0.002,0.002,0.002,0.002,0
ARV,20161206,0.002,0.002,0.002,0.002,7466977
ARV,20161207,0.003,0.003,0.002,0.002,21360000
ARV,20161208,0.002,0.002,0.002,0.002,4000000
ARV,20161209,0.002,0.002,0.002,0.002,3400000
ARV,20161212,0.002,0.002,0.002,0.002,0
ARV,20161213,0.002,0.002,0.002,0.002,2000000
ARV,20161214,0.002,0.002,0.002,0.002,18150000
ARV,20161215,0.002,0.002,0.002,0.002,3260000
ARV,20161216,0.002,0.003,0.002,0.003,3246666
ARV,20161219,0.003,0.003,0.002,0.002,496680
ARV,20161220,0.002,0.002,0.002,0.002,500000
ARV,20161221,0.002,0.002,0.002,0.002,8750000
ARV,20161222,0.002,0.002,0.002,0.002,1793333
ARV,20161223,0.002,0.002,0.002,0.002,0
ARV,20161228,0.002,0.002,0.002,0.002,4333333
ARV,20161229,0.002,0.002,0.002,0.002,525000
ARV,20161230,0.002,0.002,0.002,0.002,81000
ARV,20170103,0.002,0.002,0.002,0.002,2254193
ARV,20170104,0.002,0.002,0.002,0.002,2340000
ARV,20170105,0.002,0.002,0.002,0.002,2100000
ARV,20170106,0.002,0.002,0.002,0.002,1580000
ARV,20170109,0.003,0.003,0.003,0.003,8570000
ARV,20170110,0.002,0.003,0.002,0.003,2166667
ARV,20170111,0.002,0.002,0.002,0.002,200000
ARV,20170112,0.002,0.002,0.002,0.002,755000
ARV,20170113,0.002,0.002,0.001,0.002,36160046
ARV,20170116,0.002,0.002,0.001,0.001,9778609
ARV,20170117,0.002,0.002,0.002,0.002,2642840
ARV,20170118,0.002,0.002,0.002,0.002,450000
ARV,20170119,0.002,0.002,0.002,0.002,7120000
ARV,20170120,0.002,0.002,0.002,0.002,1500000
ARV,20170123,0.002,0.002,0.002,0.002,1876002
ARV,20170124,0.002,0.002,0.002,0.002,2439549
ARV,20170125,0.002,0.002,0.002,0.002,1085000
ARV,20170127,0.002,0.002,0.002,0.002,13723949
ARV,20170130,0.002,0.002,0.002,0.002,14171524
ARV,20170131,0.003,0.003,0.002,0.003,36487693
ARV,20170201,0.003,0.003,0.002,0.002,16737331
ARV,20170213,0.073,0.125,0.073,0.1,25946049
ARV,20170214,0.1,0.1,0.085,0.086,10897630
ARV,20170215,0.089,0.097,0.082,0.082,6110090
ARV,20170216,0.085,0.093,0.085,0.085,3249286
ARV,20170217,0.087,0.09,0.085,0.085,3093636
ARV,20170220,0.086,0.091,0.086,0.09,2016308
ARV,20170221,0.091,0.093,0.087,0.087,2093491
ARV,20170222,0.086,0.09,0.086,0.09,289651
ARV,20170223,0.089,0.092,0.089,0.09,2425883
ARV,20170224,0.093,0.12,0.093,0.115,6435475
ARV,20170227,0.135,0.14,0.115,0.12,9732133
ARV,20170228,0.12,0.12,0.105,0.105,2417542
ARV,20170301,0.105,0.13,0.105,0.125,5846710
ARV,20170302,0.125,0.13,0.115,0.12,3824049
ARV,20170303,0.12,0.125,0.12,0.12,2154728
ARV,20170306,0.12,0.13,0.115,0.12,1150742
ARV,20170307,0.12,0.125,0.115,0.115,985946
ARV,20170308,0.115,0.115,0.1,0.105,1767639
ARV,20170309,0.11,0.12,0.11,0.115,862432
ARV,20170310,0.12,0.125,0.12,0.125,2049320
ARV,20170313,0.125,0.13,0.115,0.115,1529849
ARV,20170314,0.13,0.14,0.125,0.14,3370898
ARV,20170315,0.135,0.135,0.12,0.12,1063800
ARV,20170316,0.125,0.13,0.12,0.125,1820388
ARV,20170317,0.125,0.135,0.12,0.13,1268008
ARV,20170320,0.135,0.155,0.125,0.125,7139247
ARV,20170321,0.13,0.13,0.11,0.11,2499867
ARV,20170322,0.13,0.13,0.115,0.115,4065099
ARV,20170323,0.115,0.115,0.105,0.115,747820
ARV,20170324,0.11,0.11,0.1,0.105,1522167
ARV,20170327,0.11,0.115,0.11,0.115,430483
ARV,20170328,0.115,0.115,0.105,0.105,854732
ARV,20170329,0.105,0.105,0.1,0.105,454859
ARV,20170330,0.11,0.115,0.11,0.11,323415
ARV,20170331,0.105,0.11,0.105,0.105,636516
ARV,20170403,0.11,0.11,0.105,0.105,219624
ARV,20170404,0.1,0.105,0.099,0.1,1230421
ARV,20170405,0.1,0.1,0.095,0.1,318400
ARV,20170406,0.1,0.1,0.095,0.095,444800
ARV,20170407,0.095,0.098,0.095,0.095,40020
ARV,20170410,0.1,0.105,0.096,0.096,1451748
ARV,20170411,0.097,0.1,0.095,0.1,371545
ARV,20170412,0.1,0.1,0.091,0.093,404236
ARV,20170413,0.09,0.096,0.088,0.092,441328
ARV,20170418,0.092,0.092,0.09,0.09,334951
ARV,20170419,0.09,0.09,0.08,0.08,389603
ARV,20170420,0.08,0.08,0.062,0.068,867330
ARV,20170421,0.073,0.074,0.07,0.073,405947
ARV,20170424,0.086,0.125,0.086,0.097,12181094
ARV,20170426,0.1,0.102,0.09,0.09,3056912
ARV,20170427,0.095,0.098,0.092,0.093,598065
ARV,20170428,0.099,0.105,0.095,0.096,4148314
ARV,20170501,0.095,0.095,0.087,0.089,728898
ARV,20170502,0.095,0.095,0.087,0.087,1241855
ARV,20170503,0.086,0.086,0.081,0.085,1022047
ARV,20170504,0.083,0.086,0.081,0.081,337000
ARV,20170505,0.081,0.081,0.075,0.076,745000
ARV,20170508,0.081,0.088,0.073,0.073,2018058
ARV,20170509,0.076,0.076,0.07,0.073,221063
ARV,20170510,0.074,0.074,0.069,0.07,629716
ARV,20170511,0.073,0.074,0.071,0.074,179096
ARV,20170512,0.072,0.072,0.069,0.069,498210
ARV,20170515,0.072,0.083,0.069,0.083,1008557
ARV,20170516,0.08,0.08,0.076,0.076,357124
ARV,20170517,0.076,0.076,0.072,0.072,48000
ARV,20170518,0.072,0.082,0.072,0.072,850416
ARV,20170519,0.074,0.075,0.07,0.071,475889
ARV,20170522,0.073,0.074,0.073,0.074,380207
ARV,20170523,0.074,0.075,0.072,0.074,309419
ARV,20170524,0.073,0.073,0.073,0.073,110000
ARV,20170525,0.076,0.083,0.076,0.078,3797724
ARV,20170526,0.079,0.08,0.076,0.08,1990684
ARV,20170529,0.085,0.085,0.08,0.08,2522591
ARV,20170530,0.08,0.08,0.078,0.078,293458
ARV,20170531,0.078,0.078,0.075,0.075,216133
ARV,20170601,0.075,0.075,0.071,0.071,351369
ARV,20170602,0.071,0.074,0.071,0.074,270211
ARV,20170605,0.074,0.078,0.073,0.076,629629
ARV,20170606,0.073,0.075,0.073,0.074,304615
ARV,20170607,0.076,0.076,0.073,0.073,502939
ARV,20170608,0.074,0.074,0.073,0.073,324477
ARV,20170609,0.074,0.078,0.074,0.076,1061819
ARV,20170613,0.076,0.08,0.076,0.079,1467661
ARV,20170614,0.079,0.083,0.078,0.078,1370144
ARV,20170615,0.078,0.078,0.073,0.073,868720
ARV,20170616,0.073,0.073,0.071,0.073,1204460
ARV,20170619,0.074,0.074,0.073,0.073,162587
ARV,20170620,0.076,0.08,0.074,0.08,1403199
ARV,20170621,0.079,0.08,0.073,0.075,1788471
ARV,20170622,0.075,0.075,0.067,0.067,2117967
ARV,20170623,0.07,0.07,0.069,0.069,1083585
ARV,20170626,0.069,0.07,0.066,0.068,537902
ARV,20170627,0.068,0.071,0.068,0.07,559096
ARV,20170628,0.07,0.071,0.069,0.071,553088
ARV,20170629,0.07,0.07,0.068,0.068,460334
ARV,20170630,0.067,0.069,0.067,0.069,582735
ARV,20170703,0.069,0.069,0.067,0.068,642494
ARV,20170704,0.067,0.068,0.067,0.067,163803
ARV,20170705,0.067,0.068,0.067,0.068,83000
ARV,20170706,0.068,0.068,0.068,0.068,100000
ARV,20170707,0.068,0.068,0.068,0.068,191020
ARV,20170710,0.069,0.069,0.059,0.063,2923889
ARV,20170711,0.063,0.063,0.056,0.059,999639
ARV,20170712,0.059,0.06,0.055,0.058,273844
ARV,20170713,0.072,0.098,0.072,0.093,33522806
ARV,20170714,0.093,0.097,0.083,0.084,13823520
ARV,20170717,0.085,0.091,0.084,0.084,3664964
ARV,20170718,0.085,0.09,0.085,0.087,1902559
ARV,20170719,0.09,0.105,0.088,0.095,13423572
ARV,20170720,0.095,0.095,0.087,0.087,6704069
ARV,20170721,0.092,0.095,0.09,0.09,3276587
ARV,20170724,0.092,0.097,0.092,0.094,11339018
ARV,20170725,0.095,0.095,0.086,0.087,7370021
ARV,20170726,0.09,0.091,0.085,0.088,4856090
ARV,20170727,0.093,0.11,0.093,0.11,22332107
ARV,20170728,0.11,0.125,0.11,0.12,13539005
ARV,20170731,0.13,0.14,0.125,0.13,10736657
ARV,20170801,0.13,0.14,0.12,0.125,10172077
ARV,20170802,0.145,0.195,0.145,0.185,40463365
ARV,20170803,0.19,0.19,0.155,0.155,13977676
ARV,20170804,0.165,0.17,0.155,0.17,9791094
ARV,20170807,0.18,0.185,0.17,0.175,8563800
ARV,20170808,0.175,0.175,0.15,0.155,7941527
ARV,20170809,0.17,0.175,0.15,0.16,14812511
ARV,20170810,0.15,0.157,0.135,0.14,17093555
ARV,20170811,0.15,0.155,0.145,0.15,5574471
ARV,20170815,0.18,0.215,0.18,0.215,25858417
ARV,20170816,0.26,0.265,0.23,0.23,18946167
ARV,20170817,0.24,0.24,0.212,0.22,11097859
ARV,20170818,0.225,0.25,0.22,0.25,7519436
ARV,20170821,0.26,0.27,0.245,0.245,8817257
ARV,20170822,0.24,0.242,0.205,0.22,9568255
ARV,20170823,0.2,0.205,0.185,0.2,10645974
ARV,20170824,0.205,0.215,0.187,0.19,5446825
ARV,20170825,0.195,0.205,0.19,0.19,4411921
ARV,20170828,0.195,0.195,0.175,0.175,5938075
ARV,20170829,0.18,0.18,0.16,0.165,6255692
ARV,20170830,0.17,0.182,0.167,0.18,8347389
ARV,20170831,0.185,0.19,0.18,0.185,6066201
ARV,20170901,0.185,0.19,0.175,0.175,4398318
ARV,20170904,0.175,0.18,0.165,0.165,7216945
ARV,20170905,0.17,0.175,0.16,0.17,5206353
ARV,20170906,0.185,0.215,0.18,0.215,11676545
ARV,20170907,0.215,0.22,0.2,0.21,7109896
ARV,20170908,0.215,0.215,0.195,0.2,2407516
ARV,20170911,0.205,0.235,0.2,0.23,7533543
ARV,20170912,0.23,0.23,0.215,0.215,2207542
ARV,20170913,0.225,0.24,0.215,0.23,5351221
ARV,20170914,0.23,0.235,0.22,0.22,2573920
ARV,20170915,0.225,0.235,0.22,0.23,3606296
ARV,20170918,0.235,0.235,0.21,0.21,3182819
ARV,20170919,0.215,0.215,0.19,0.19,9261023
ARV,20170920,0.205,0.205,0.19,0.2,2902948
ARV,20170921,0.195,0.195,0.185,0.19,4967847
ARV,20170922,0.195,0.23,0.192,0.23,12336613
ARV,20170925,0.24,0.255,0.235,0.25,14599910
ARV,20170926,0.27,0.28,0.255,0.255,15121265
ARV,20170927,0.245,0.27,0.24,0.255,8017993
ARV,20170928,0.255,0.26,0.235,0.24,8057726
ARV,20170929,0.26,0.26,0.24,0.24,10116910
ARV,20171002,0.25,0.28,0.245,0.27,11861941
ARV,20171003,0.285,0.31,0.28,0.285,18672425
ARV,20171004,0.305,0.335,0.29,0.335,17790259
ARV,20171005,0.325,0.33,0.295,0.315,12296569
ARV,20171006,0.295,0.305,0.275,0.28,11212505
ARV,20171009,0.29,0.305,0.29,0.3,6697995
ARV,20171010,0.3,0.315,0.29,0.31,11326989
ARV,20171011,0.31,0.312,0.295,0.295,5900770
ARV,20171012,0.295,0.3,0.28,0.29,5857709
ARV,20171013,0.29,0.29,0.28,0.29,4604464
ARV,20171016,0.295,0.305,0.29,0.305,8179602
ARV,20171017,0.29,0.292,0.28,0.28,8125223
ARV,20171018,0.3,0.31,0.29,0.29,9183902
ARV,20171019,0.29,0.292,0.28,0.28,5174746
ARV,20171020,0.285,0.292,0.285,0.29,3421841
ARV,20171023,0.31,0.315,0.295,0.3,12294838
ARV,20171024,0.305,0.315,0.3,0.305,7372361
ARV,20171025,0.305,0.325,0.305,0.305,7518549
ARV,20171026,0.31,0.385,0.31,0.375,23819778
ARV,20171027,0.37,0.38,0.35,0.36,10686885
ARV,20171030,0.365,0.375,0.33,0.33,7872847
ARV,20171031,0.34,0.355,0.335,0.35,4317502
ARV,20171101,0.35,0.365,0.34,0.35,3517699
ARV,20171102,0.355,0.365,0.345,0.36,4866887
ARV,20171103,0.365,0.405,0.36,0.365,17997275
ARV,20171106,0.4,0.43,0.395,0.415,8807548
ARV,20171107,0.42,0.425,0.4,0.405,4546859
ARV,20171108,0.415,0.48,0.41,0.475,9015790
ARV,20171109,0.495,0.52,0.48,0.505,8484866
ARV,20171110,0.495,0.52,0.48,0.505,8484866
ARV,20171113,0.55,0.59,0.535,0.55,12353492
ARV,20171114,0.565,0.57,0.485,0.51,9249930
ARV,20171115,0.505,0.515,0.415,0.415,12586454
ARV,20171116,0.4,0.48,0.375,0.48,11148043
ARV,20171117,0.495,0.5,0.42,0.44,7097229
ARV,20171120,0.445,0.445,0.41,0.425,3920863
ARV,20171121,0.42,0.435,0.415,0.42,3104969
ARV,20171122,0.42,0.42,0.38,0.38,4775374
ARV,20171123,0.37,0.37,0.35,0.355,7353317
ARV,20171124,0.365,0.385,0.365,0.38,4208610
ARV,20171127,0.305,0.315,0.275,0.305,15822625
ARV,20171128,0.285,0.3,0.28,0.285,9422881
ARV,20171129,0.315,0.335,0.31,0.315,9916149
ARV,20171130,0.325,0.325,0.305,0.315,4267614
ARV,20171201,0.32,0.32,0.3,0.305,2919057
ARV,20171204,0.305,0.31,0.28,0.295,5115432
ARV,20171205,0.295,0.295,0.28,0.285,3023993
ARV,20171206,0.285,0.285,0.262,0.27,5970225
ARV,20171207,0.275,0.285,0.267,0.275,3652253
ARV,20171208,0.29,0.3,0.28,0.28,3496020
ARV,20171211,0.28,0.305,0.28,0.29,3729994
ARV,20171212,0.295,0.3,0.285,0.285,1269933
ARV,20171213,0.29,0.3,0.29,0.3,1452061
ARV,20171214,0.305,0.34,0.305,0.34,3985838
ARV,20171215,0.335,0.335,0.325,0.335,3791072
ARV,20171218,0.335,0.34,0.315,0.32,2392322
ARV,20171219,0.32,0.32,0.3,0.305,1778750
ARV,20171220,0.295,0.3,0.285,0.29,2897791
ARV,20171221,0.295,0.3,0.29,0.295,418027
ARV,20171222,0.26,0.26,0.235,0.245,11314520
ARV,20171227,0.245,0.25,0.24,0.24,2859025
ARV,20171228,0.24,0.26,0.24,0.255,3479254
ARV,20171229,0.265,0.28,0.265,0.265,4181956
ARV,20180102,0.285,0.297,0.275,0.28,3542426
ARV,20180103,0.285,0.285,0.265,0.27,2474770
ARV,20180104,0.265,0.265,0.245,0.255,2478895
ARV,20180105,0.265,0.265,0.255,0.26,1865645
ARV,20180108,0.265,0.27,0.26,0.26,982853
ARV,20180109,0.265,0.27,0.26,0.26,1215022
ARV,20180110,0.265,0.27,0.255,0.255,2410609
ARV,20180111,0.265,0.265,0.255,0.255,1263757
ARV,20180112,0.255,0.255,0.24,0.25,2235696
ARV,20180115,0.26,0.26,0.25,0.25,2951575
ARV,20180116,0.25,0.25,0.235,0.235,2946752
ARV,20180117,0.23,0.23,0.215,0.215,3709393
ARV,20180118,0.22,0.222,0.215,0.22,2007686
ARV,20180119,0.215,0.22,0.205,0.21,2153674
ARV,20180122,0.21,0.23,0.21,0.215,1195295
ARV,20180123,0.215,0.22,0.205,0.21,1246246
ARV,20180124,0.215,0.215,0.19,0.195,4080429
ARV,20180125,0.185,0.2,0.18,0.2,2262062
ARV,20180129,0.2,0.2,0.2,0.2,0
ARV,20180130,0.2,0.2,0.2,0.2,0
ARV,20180131,0.205,0.22,0.202,0.215,5486596
ARV,20180201,0.215,0.23,0.215,0.22,2885905
ARV,20180202,0.225,0.225,0.2,0.2,2385247
ARV,20180205,0.2,0.2,0.185,0.185,3322360
ARV,20180207,0.175,0.195,0.175,0.195,3749830
ARV,20180208,0.19,0.197,0.177,0.18,1830420
ARV,20180209,0.175,0.18,0.17,0.175,3724664
ARV,20180212,0.175,0.185,0.17,0.17,1840843
ARV,20180213,0.18,0.18,0.17,0.17,2198363
ARV,20180214,0.175,0.175,0.17,0.17,1451148
ARV,20180215,0.21,0.21,0.185,0.19,10013238
ARV,20180216,0.19,0.195,0.18,0.185,2886253
ARV,20180219,0.185,0.19,0.185,0.185,1806514
ARV,20180220,0.19,0.195,0.19,0.19,2705328
ARV,20180221,0.195,0.195,0.18,0.185,2627196
ARV,20180222,0.19,0.195,0.187,0.19,2477624
ARV,20180223,0.195,0.205,0.192,0.195,4356390
ARV,20180226,0.205,0.205,0.195,0.2,3161462
ARV,20180227,0.21,0.217,0.205,0.21,3970352
ARV,20180228,0.215,0.215,0.2,0.2,2223091
ARV,20180301,0.205,0.205,0.195,0.2,2631461
ARV,20180302,0.2,0.202,0.195,0.2,2471141
ARV,20180305,0.195,0.197,0.19,0.19,2088262
ARV,20180306,0.2,0.21,0.2,0.205,2528835
ARV,20180307,0.2,0.2,0.195,0.195,1560531
ARV,20180308,0.2,0.2,0.19,0.195,1531842
ARV,20180309,0.195,0.195,0.185,0.19,948012
ARV,20180312,0.195,0.195,0.185,0.185,1316985
ARV,20180313,0.19,0.19,0.185,0.185,698329
ARV,20180314,0.19,0.195,0.185,0.185,454126
ARV,20180315,0.19,0.2,0.19,0.195,1414654
ARV,20180316,0.2,0.2,0.19,0.19,949573
ARV,20180319,0.2,0.22,0.195,0.21,9481525
ARV,20180320,0.205,0.21,0.195,0.195,2557969
ARV,20180321,0.2,0.2,0.195,0.2,2652364
ARV,20180322,0.2,0.205,0.2,0.205,2320095
ARV,20180323,0.2,0.2,0.195,0.2,2510237
ARV,20180326,0.2,0.21,0.2,0.205,1940835
ARV,20180327,0.205,0.205,0.195,0.2,1554138
ARV,20180328,0.195,0.195,0.185,0.185,2605173
ARV,20180329,0.185,0.185,0.175,0.175,2252290
ARV,20180403,0.175,0.18,0.165,0.165,3104989
ARV,20180404,0.17,0.175,0.16,0.165,2524117
ARV,20180405,0.165,0.17,0.16,0.165,481379
ARV,20180406,0.165,0.17,0.16,0.16,1251492
ARV,20180409,0.16,0.165,0.155,0.16,1047280
ARV,20180410,0.165,0.17,0.16,0.165,1305835
ARV,20180411,0.17,0.177,0.165,0.175,1696169
ARV,20180412,0.175,0.18,0.17,0.17,1182044
ARV,20180413,0.17,0.18,0.17,0.175,559578
ARV,20180416,0.175,0.18,0.17,0.17,718748
ARV,20180417,0.17,0.175,0.17,0.17,712126
ARV,20180418,0.175,0.195,0.175,0.19,4595369
ARV,20180419,0.195,0.205,0.19,0.205,2125890
ARV,20180420,0.205,0.205,0.19,0.2,879643
ARV,20180423,0.195,0.2,0.185,0.19,1417838
ARV,20180424,0.19,0.195,0.18,0.18,815849
ARV,20180426,0.175,0.185,0.175,0.18,730770
ARV,20180427,0.18,0.185,0.18,0.185,390387
ARV,20180430,0.185,0.2,0.185,0.195,2313265
ARV,20180501,0.195,0.195,0.185,0.185,991784
ARV,20180502,0.19,0.195,0.185,0.185,1288485
ARV,20180503,0.19,0.19,0.185,0.185,357392
ARV,20180504,0.19,0.2,0.19,0.19,1522615
ARV,20180507,0.195,0.195,0.19,0.19,893433
ARV,20180508,0.195,0.195,0.185,0.19,1023087
ARV,20180509,0.19,0.19,0.19,0.19,0
ARV,20180510,0.19,0.19,0.19,0.19,0
ARV,20180511,0.195,0.2,0.19,0.19,2800853
ARV,20180514,0.195,0.2,0.19,0.195,1517214
ARV,20180515,0.19,0.195,0.18,0.18,2264998
ARV,20180516,0.185,0.185,0.18,0.182,546462
ARV,20180517,0.185,0.185,0.175,0.185,845474
ARV,20180518,0.185,0.195,0.18,0.19,1103870
ARV,20180521,0.195,0.2,0.19,0.19,1569626
ARV,20180522,0.19,0.19,0.185,0.185,1105162
ARV,20180523,0.195,0.205,0.195,0.2,2511010
ARV,20180524,0.2,0.215,0.2,0.215,4447129
ARV,20180525,0.215,0.22,0.19,0.195,5097446
ARV,20180528,0.2,0.21,0.195,0.205,3168808
ARV,20180529,0.205,0.205,0.195,0.2,1010180
ARV,20180530,0.2,0.23,0.195,0.23,4543442
ARV,20180531,0.23,0.235,0.215,0.215,4658858
ARV,20180601,0.19,0.2,0.18,0.195,5305453
ARV,20180604,0.2,0.207,0.195,0.2,1790465
ARV,20180605,0.2,0.21,0.195,0.195,1176997
ARV,20180606,0.2,0.205,0.195,0.2,776089
ARV,20180607,0.195,0.2,0.195,0.195,967626
ARV,20180608,0.195,0.195,0.19,0.19,102828
ARV,20180612,0.19,0.195,0.177,0.185,3282439
ARV,20180613,0.185,0.19,0.18,0.185,762162
ARV,20180614,0.19,0.2,0.185,0.2,1613122
ARV,20180615,0.195,0.2,0.195,0.195,589343
ARV,20180618,0.195,0.195,0.185,0.185,1434606
ARV,20180619,0.19,0.19,0.18,0.19,340563
ARV,20180620,0.19,0.19,0.18,0.18,974439
ARV,20180621,0.185,0.19,0.18,0.185,1099068
ARV,20180622,0.185,0.185,0.18,0.18,596086
ARV,20180625,0.185,0.185,0.18,0.18,798131
ARV,20180626,0.18,0.18,0.175,0.18,690262
ARV,20180627,0.18,0.185,0.18,0.18,384556
ARV,20180628,0.185,0.185,0.175,0.175,548560
ARV,20180629,0.175,0.18,0.17,0.17,777316
ARV,20180702,0.175,0.18,0.175,0.175,387658
ARV,20180703,0.175,0.18,0.172,0.175,464760
ARV,20180704,0.175,0.18,0.175,0.175,749327
ARV,20180705,0.18,0.18,0.17,0.175,877512
ARV,20180706,0.175,0.18,0.17,0.18,812719
ARV,20180710,0.17,0.175,0.165,0.175,611862
ARV,20180711,0.175,0.175,0.17,0.17,445816
ARV,20180712,0.17,0.17,0.165,0.165,588203
ARV,20180713,0.17,0.17,0.16,0.16,514274
ARV,20180716,0.16,0.17,0.155,0.16,3763285
ARV,20180717,0.16,0.17,0.16,0.165,1015448
ARV,20180718,0.17,0.17,0.16,0.16,1792369
ARV,20180719,0.165,0.17,0.16,0.16,350288
ARV,20180720,0.165,0.165,0.16,0.16,737556
ARV,20180723,0.16,0.165,0.16,0.165,1247812
ARV,20180724,0.165,0.17,0.16,0.17,1406934
ARV,20180725,0.175,0.175,0.165,0.175,2090340
ARV,20180726,0.175,0.175,0.165,0.165,675159
ARV,20180727,0.17,0.17,0.165,0.17,355351
ARV,20180730,0.17,0.17,0.165,0.165,474486
ARV,20180731,0.17,0.17,0.165,0.165,835547
ARV,20180801,0.165,0.17,0.16,0.165,1481744
ARV,20180802,0.165,0.165,0.16,0.165,432663
ARV,20180803,0.17,0.175,0.17,0.17,1382377
ARV,20180806,0.175,0.18,0.175,0.175,1047249
ARV,20180807,0.175,0.18,0.17,0.17,603270
ARV,20180808,0.17,0.185,0.17,0.185,1168050
ARV,20180809,0.185,0.185,0.17,0.175,224502
ARV,20180810,0.18,0.18,0.17,0.17,360073
ARV,20180813,0.175,0.175,0.17,0.175,594139
ARV,20180814,0.17,0.17,0.165,0.165,427431
ARV,20180816,0.16,0.165,0.16,0.16,783654
ARV,20180817,0.17,0.175,0.165,0.17,946166
ARV,20180820,0.17,0.175,0.165,0.175,1163886
ARV,20180821,0.175,0.175,0.17,0.17,418028
ARV,20180822,0.175,0.175,0.17,0.17,902003
ARV,20180823,0.17,0.175,0.165,0.165,355740
ARV,20180824,0.165,0.17,0.165,0.165,918079
ARV,20180827,0.17,0.17,0.165,0.165,598828
ARV,20180828,0.165,0.17,0.165,0.17,200309
ARV,20180829,0.175,0.197,0.175,0.195,5376944
ARV,20180830,0.2,0.2,0.185,0.185,2236746
ARV,20180831,0.18,0.19,0.18,0.185,823969
ARV,20180903,0.19,0.19,0.185,0.185,404687
ARV,20180904,0.19,0.195,0.185,0.19,582635
ARV,20180905,0.19,0.19,0.185,0.185,697643
ARV,20180906,0.185,0.19,0.185,0.185,495859
ARV,20180907,0.185,0.185,0.175,0.175,812373
ARV,20180910,0.175,0.18,0.17,0.18,490345
ARV,20180913,0.185,0.185,0.18,0.185,689329
ARV,20180914,0.185,0.185,0.18,0.185,175897
ARV,20180917,0.19,0.19,0.185,0.185,1531148
ARV,20180918,0.185,0.19,0.182,0.185,944399
ARV,20180919,0.185,0.195,0.185,0.195,865314
ARV,20180920,0.195,0.2,0.195,0.195,1372473
ARV,20180921,0.2,0.215,0.2,0.2,3088899
ARV,20180924,0.215,0.23,0.215,0.23,2240160
ARV,20180925,0.2,0.205,0.19,0.195,2589978
ARV,20180926,0.19,0.195,0.19,0.195,313837
ARV,20180927,0.195,0.195,0.19,0.19,237751
ARV,20180928,0.195,0.2,0.19,0.195,617835
ARV,20181001,0.195,0.195,0.185,0.19,861695
ARV,20181002,0.185,0.195,0.185,0.185,749604
ARV,20181003,0.19,0.195,0.185,0.195,268522
ARV,20181004,0.19,0.19,0.185,0.185,888737
ARV,20181005,0.185,0.185,0.18,0.18,923656
ARV,20181008,0.185,0.19,0.18,0.18,184061
ARV,20181009,0.18,0.185,0.18,0.18,422608
ARV,20181010,0.185,0.185,0.175,0.175,713940
ARV,20181011,0.175,0.175,0.165,0.17,1935332
ARV,20181012,0.17,0.175,0.167,0.17,451867
ARV,20181015,0.17,0.17,0.165,0.165,1468050
ARV,20181016,0.165,0.17,0.155,0.16,2020169
ARV,20181017,0.165,0.17,0.16,0.17,475683
ARV,20181018,0.17,0.17,0.16,0.16,1348795
ARV,20181019,0.16,0.16,0.155,0.16,1476619
ARV,20181022,0.16,0.165,0.155,0.155,1024882
ARV,20181023,0.155,0.155,0.15,0.15,945173
ARV,20181024,0.15,0.16,0.145,0.145,2003830
ARV,20181025,0.14,0.145,0.14,0.14,1419356
ARV,20181026,0.14,0.165,0.14,0.165,3006759
ARV,20181030,0.14,0.145,0.135,0.14,1293469
ARV,20181031,0.135,0.14,0.13,0.135,725243
ARV,20181101,0.13,0.14,0.13,0.135,728626
ARV,20181102,0.13,0.15,0.13,0.14,1019356
ARV,20181105,0.145,0.16,0.145,0.16,960188
ARV,20181106,0.155,0.17,0.15,0.16,757721
ARV,20181107,0.16,0.165,0.155,0.16,705766
ARV,20181108,0.16,0.16,0.155,0.155,494638
ARV,20181109,0.155,0.16,0.15,0.155,259413
ARV,20181112,0.16,0.16,0.155,0.155,479498
ARV,20181113,0.155,0.155,0.155,0.155,374286
ARV,20181114,0.16,0.16,0.15,0.15,315437
ARV,20181115,0.155,0.155,0.15,0.15,415697
ARV,20181116,0.155,0.155,0.15,0.15,147002
ARV,20181119,0.155,0.16,0.15,0.15,240063
ARV,20181120,0.16,0.16,0.155,0.155,266928
ARV,20181121,0.155,0.16,0.15,0.15,352802
ARV,20181122,0.155,0.16,0.15,0.16,228530
ARV,20181123,0.155,0.16,0.15,0.15,289001
ARV,20181126,0.15,0.155,0.145,0.15,508242
ARV,20181127,0.16,0.16,0.15,0.155,474388
ARV,20181128,0.15,0.155,0.15,0.15,691304
ARV,20181129,0.15,0.15,0.14,0.14,1033724
ARV,20181130,0.155,0.16,0.145,0.155,1314109
ARV,20181203,0.15,0.155,0.145,0.15,483420
ARV,20181204,0.15,0.15,0.14,0.14,537178
ARV,20181205,0.142,0.145,0.14,0.14,358986
ARV,20181206,0.14,0.14,0.13,0.135,500453
ARV,20181207,0.135,0.14,0.13,0.14,549881
ARV,20181210,0.14,0.14,0.135,0.135,339625
ARV,20181211,0.14,0.14,0.125,0.125,670949
ARV,20181212,0.125,0.125,0.12,0.12,426032
ARV,20181213,0.12,0.125,0.12,0.125,379843
ARV,20181214,0.125,0.125,0.12,0.125,334186
ARV,20181217,0.125,0.125,0.12,0.12,1137121
ARV,20181218,0.12,0.125,0.115,0.12,770317
ARV,20181219,0.12,0.12,0.11,0.11,747264
ARV,20181220,0.115,0.115,0.1,0.1,1551799
ARV,20181221,0.105,0.11,0.105,0.105,1264354
ARV,20181224,0.105,0.11,0.105,0.105,141979
ARV,20181227,0.11,0.115,0.105,0.11,775772
ARV,20181228,0.11,0.13,0.11,0.12,1801817
ARV,20181231,0.125,0.125,0.12,0.12,236230
ARV,20190102,0.12,0.12,0.12,0.12,229914
ARV,20190103,0.12,0.125,0.12,0.12,322959
ARV,20190104,0.12,0.135,0.12,0.13,1012463
ARV,20190107,0.13,0.14,0.13,0.13,308967
ARV,20190108,0.135,0.135,0.125,0.125,382827
ARV,20190109,0.125,0.13,0.125,0.13,378666
ARV,20190110,0.13,0.13,0.125,0.13,189730
ARV,20190111,0.125,0.13,0.125,0.125,67656
ARV,20190114,0.125,0.125,0.12,0.12,1086820
ARV,20190115,0.12,0.122,0.115,0.115,788604
ARV,20190116,0.115,0.117,0.115,0.115,354982
ARV,20190117,0.12,0.125,0.12,0.12,499266
ARV,20190118,0.12,0.12,0.115,0.115,604666
ARV,20190121,0.12,0.12,0.115,0.12,240411
ARV,20190122,0.12,0.12,0.115,0.115,1051834
ARV,20190123,0.115,0.12,0.11,0.11,1178483
ARV,20190124,0.11,0.115,0.105,0.105,965452
ARV,20190125,0.11,0.115,0.105,0.11,568412
ARV,20190129,0.11,0.11,0.105,0.105,368810
ARV,20190130,0.105,0.11,0.105,0.105,1341163
ARV,20190131,0.105,0.105,0.083,0.09,4967213
ARV,20190201,0.091,0.091,0.084,0.085,4008395
ARV,20190204,0.085,0.085,0.085,0.085,0
ARV,20190205,0.089,0.093,0.084,0.088,2260423
ARV,20190206,0.087,0.087,0.081,0.082,1562170
ARV,20190207,0.085,0.085,0.073,0.074,2816600
ARV,20190208,0.076,0.078,0.071,0.074,1657607
ARV,20190211,0.072,0.073,0.068,0.068,1581240
ARV,20190212,0.07,0.071,0.069,0.069,462395
ARV,20190213,0.07,0.075,0.07,0.075,1323589
ARV,20190214,0.075,0.082,0.075,0.076,1502472
ARV,20190215,0.078,0.079,0.075,0.076,675996
ARV,20190218,0.076,0.076,0.068,0.072,2293345
ARV,20190219,0.073,0.073,0.07,0.07,646863
ARV,20190220,0.071,0.075,0.07,0.072,1857572
ARV,20190221,0.071,0.073,0.069,0.071,1226449
ARV,20190222,0.072,0.077,0.071,0.076,576265
ARV,20190225,0.078,0.078,0.072,0.073,717785
ARV,20190226,0.072,0.075,0.072,0.072,1051246
ARV,20190227,0.072,0.074,0.071,0.071,630165
ARV,20190228,0.076,0.078,0.073,0.073,1016161
ARV,20190301,0.072,0.073,0.071,0.071,918579
ARV,20190304,0.071,0.073,0.069,0.069,1016354
ARV,20190305,0.07,0.07,0.067,0.068,693491
ARV,20190306,0.07,0.071,0.063,0.066,2820423
ARV,20190307,0.065,0.067,0.064,0.064,1718075
ARV,20190308,0.063,0.063,0.057,0.059,4353215
ARV,20190311,0.059,0.06,0.057,0.057,1273349
ARV,20190312,0.057,0.057,0.051,0.052,3213441
ARV,20190313,0.054,0.058,0.052,0.056,1975613
ARV,20190314,0.06,0.067,0.058,0.067,7137412
ARV,20190315,0.067,0.067,0.063,0.063,2901664
ARV,20190318,0.063,0.066,0.062,0.062,977943
ARV,20190319,0.062,0.062,0.06,0.06,543952
ARV,20190320,0.061,0.061,0.059,0.06,608207
ARV,20190321,0.059,0.06,0.058,0.058,855328
ARV,20190322,0.059,0.06,0.057,0.059,609639
ARV,20190325,0.059,0.059,0.057,0.057,690608
ARV,20190326,0.058,0.059,0.057,0.059,564186
ARV,20190327,0.06,0.061,0.057,0.057,1038665
ARV,20190328,0.056,0.057,0.056,0.056,480198
ARV,20190329,0.057,0.058,0.056,0.058,135745
ARV,20190401,0.06,0.06,0.055,0.06,677743
ARV,20190402,0.06,0.06,0.055,0.057,882240
ARV,20190403,0.059,0.059,0.057,0.057,849289
ARV,20190404,0.059,0.059,0.057,0.058,83407
ARV,20190405,0.058,0.058,0.056,0.056,259971
ARV,20190408,0.057,0.058,0.057,0.057,663242
ARV,20190409,0.057,0.057,0.054,0.057,1212467
ARV,20190410,0.054,0.056,0.052,0.055,457794
ARV,20190411,0.055,0.056,0.053,0.053,357454
ARV,20190412,0.055,0.055,0.053,0.055,450286
ARV,20190415,0.055,0.055,0.054,0.055,461879
ARV,20190416,0.055,0.056,0.052,0.056,806544
ARV,20190417,0.054,0.054,0.053,0.054,382838
ARV,20190418,0.053,0.053,0.05,0.051,975928
ARV,20190423,0.052,0.052,0.05,0.052,501003
ARV,20190424,0.051,0.053,0.05,0.051,866483
ARV,20190426,0.051,0.052,0.049,0.052,647500
ARV,20190429,0.05,0.052,0.049,0.051,413736
ARV,20190430,0.051,0.051,0.048,0.049,986836
ARV,20190501,0.049,0.049,0.044,0.046,1807011
ARV,20190502,0.044,0.045,0.041,0.042,1432791
ARV,20190503,0.044,0.044,0.042,0.043,352254
ARV,20190506,0.042,0.042,0.04,0.04,1915302
ARV,20190507,0.043,0.043,0.041,0.041,914224
ARV,20190508,0.042,0.043,0.041,0.042,687608
ARV,20190509,0.043,0.043,0.042,0.042,395195
ARV,20190510,0.042,0.043,0.04,0.04,1637628
ARV,20190513,0.041,0.041,0.038,0.039,1133645
ARV,20190514,0.039,0.039,0.036,0.037,1151766
ARV,20190515,0.041,0.041,0.038,0.039,1019622
ARV,20190516,0.039,0.039,0.033,0.036,4831475
ARV,20190517,0.037,0.039,0.036,0.036,1186019
ARV,20190520,0.036,0.037,0.035,0.035,677262
ARV,20190521,0.035,0.036,0.034,0.034,945367
ARV,20190522,0.034,0.039,0.034,0.038,1076167
ARV,20190523,0.039,0.041,0.036,0.036,1230816
ARV,20190524,0.04,0.04,0.036,0.036,610207
ARV,20190527,0.036,0.037,0.034,0.035,1032905
ARV,20190528,0.035,0.037,0.035,0.037,71229
ARV,20190529,0.038,0.04,0.037,0.038,921259
ARV,20190530,0.037,0.038,0.036,0.036,529368
ARV,20190531,0.037,0.037,0.036,0.036,277391
ARV,20190603,0.036,0.037,0.036,0.037,574543
ARV,20190604,0.037,0.039,0.037,0.038,2091402
ARV,20190605,0.04,0.047,0.039,0.042,3829992
ARV,20190606,0.043,0.045,0.04,0.041,1471451
ARV,20190607,0.041,0.042,0.04,0.04,539628
ARV,20190611,0.04,0.04,0.038,0.038,1047825
ARV,20190612,0.038,0.038,0.038,0.038,0
ARV,20190613,0.038,0.038,0.038,0.038,0
ARV,20190614,0.035,0.035,0.03,0.033,4806812
ARV,20190617,0.034,0.034,0.03,0.032,1768006
ARV,20190618,0.033,0.033,0.031,0.031,400886
ARV,20190619,0.031,0.031,0.03,0.03,3022158
ARV,20190620,0.031,0.032,0.03,0.032,1641513
ARV,20190621,0.032,0.032,0.03,0.031,1409373
ARV,20190624,0.032,0.038,0.032,0.035,1441976
ARV,20190625,0.035,0.036,0.034,0.035,1603117
ARV,20190626,0.035,0.036,0.033,0.033,1437272
ARV,20190627,0.035,0.035,0.033,0.033,476343
ARV,20190628,0.034,0.034,0.032,0.032,2569670
ARV,20190701,0.033,0.033,0.031,0.031,974975
ARV,20190702,0.031,0.031,0.031,0.031,957962
ARV,20190703,0.032,0.032,0.031,0.031,413637
ARV,20190704,0.031,0.033,0.031,0.032,1186415
ARV,20190705,0.032,0.033,0.031,0.031,879315
ARV,20190708,0.032,0.032,0.031,0.031,1333984
ARV,20190709,0.032,0.032,0.029,0.029,1703968
ARV,20190710,0.029,0.03,0.029,0.029,1225062
ARV,20190711,0.03,0.032,0.03,0.03,1081813
ARV,20190712,0.031,0.031,0.029,0.029,927990
ARV,20190715,0.03,0.03,0.029,0.029,420724
ARV,20190716,0.032,0.035,0.03,0.03,4254074
ARV,20190717,0.031,0.032,0.031,0.032,1056863
ARV,20190718,0.032,0.032,0.031,0.031,868409
ARV,20190719,0.032,0.032,0.029,0.03,1426957
ARV,20190722,0.03,0.031,0.029,0.029,905282
ARV,20190723,0.03,0.032,0.03,0.032,2689122
ARV,20190724,0.032,0.036,0.032,0.036,2078910
ARV,20190725,0.038,0.047,0.038,0.04,4075855
ARV,20190726,0.041,0.041,0.038,0.038,1348555
ARV,20190729,0.039,0.039,0.035,0.036,1097130
ARV,20190730,0.036,0.036,0.034,0.034,1003592
ARV,20190731,0.034,0.035,0.034,0.035,806484
ARV,20190801,0.03,0.031,0.029,0.031,7938186
ARV,20190802,0.031,0.032,0.031,0.032,4004645
ARV,20190805,0.032,0.032,0.03,0.031,949708
ARV,20190806,0.03,0.03,0.028,0.028,6596546
ARV,20190807,0.029,0.03,0.029,0.03,2813408
ARV,20190808,0.031,0.033,0.031,0.033,5842680
ARV,20190809,0.033,0.033,0.031,0.031,1913232
ARV,20190812,0.031,0.031,0.03,0.031,794816
ARV,20190813,0.03,0.031,0.03,0.03,1187763
ARV,20190814,0.031,0.031,0.03,0.03,1213220
ARV,20190815,0.03,0.03,0.029,0.029,2704796
ARV,20190816,0.029,0.03,0.028,0.028,2097717
ARV,20190819,0.03,0.03,0.029,0.029,2077221
ARV,20190820,0.029,0.029,0.028,0.028,4094759
ARV,20190821,0.029,0.029,0.028,0.028,1738894
ARV,20190822,0.028,0.028,0.027,0.027,2762834
ARV,20190823,0.028,0.029,0.027,0.027,356124
ARV,20190826,0.029,0.029,0.028,0.028,2731366
ARV,20190827,0.028,0.028,0.028,0.028,665092
ARV,20190828,0.028,0.028,0.027,0.027,1487627
ARV,20190829,0.028,0.028,0.027,0.027,677868
ARV,20190830,0.027,0.028,0.027,0.028,277143
ARV,20190902,0.028,0.029,0.027,0.027,751129
ARV,20190903,0.027,0.027,0.027,0.027,610239
ARV,20190904,0.028,0.028,0.027,0.028,760638
ARV,20190905,0.028,0.028,0.027,0.028,642761
ARV,20190906,0.027,0.027,0.027,0.027,589373
ARV,20190909,0.028,0.028,0.027,0.027,1847951
ARV,20190910,0.028,0.029,0.028,0.029,557614
ARV,20190911,0.028,0.029,0.028,0.029,664818
ARV,20190912,0.028,0.029,0.028,0.029,996447
ARV,20190913,0.03,0.033,0.03,0.033,3779366
ARV,20190916,0.032,0.035,0.032,0.033,3174409
ARV,20190917,0.034,0.034,0.033,0.034,1067735
ARV,20190918,0.034,0.036,0.033,0.035,3060484
ARV,20190919,0.035,0.035,0.034,0.034,345860
ARV,20190920,0.033,0.033,0.032,0.032,676756
ARV,20190923,0.034,0.035,0.034,0.035,459624
ARV,20190924,0.036,0.041,0.036,0.04,3556041
ARV,20190925,0.045,0.049,0.041,0.046,7744429
ARV,20190926,0.046,0.047,0.042,0.044,2346673
ARV,20190927,0.046,0.046,0.043,0.044,552362
ARV,20190930,0.044,0.044,0.038,0.038,2560055
ARV,20191001,0.038,0.04,0.038,0.04,373090
ARV,20191002,0.041,0.042,0.038,0.039,1677157
ARV,20191003,0.038,0.038,0.038,0.038,1224560
ARV,20191004,0.038,0.039,0.038,0.038,371145
ARV,20191007,0.037,0.038,0.037,0.037,326847
ARV,20191008,0.038,0.038,0.036,0.037,904281
ARV,20191009,0.038,0.041,0.037,0.039,1426489
ARV,20191010,0.039,0.039,0.039,0.039,0
ARV,20191011,0.039,0.039,0.039,0.039,0
ARV,20191014,0.039,0.039,0.039,0.039,0
ARV,20191015,0.035,0.043,0.035,0.038,1091921
ARV,20191016,0.038,0.038,0.031,0.036,4716953
ARV,20191017,0.035,0.035,0.034,0.034,460011
ARV,20191018,0.034,0.036,0.033,0.035,506456
ARV,20191021,0.034,0.034,0.033,0.033,858423
ARV,20191022,0.033,0.036,0.033,0.035,622400
ARV,20191023,0.036,0.036,0.032,0.033,4957676
ARV,20191024,0.033,0.033,0.03,0.031,6013134
ARV,20191025,0.031,0.031,0.028,0.03,3030163
ARV,20191028,0.03,0.03,0.029,0.029,2555372
ARV,20191029,0.03,0.03,0.029,0.03,1044484
ARV,20191030,0.03,0.03,0.029,0.03,1530870
ARV,20191031,0.029,0.03,0.029,0.03,1464433
ARV,20191101,0.029,0.031,0.029,0.03,384323
ARV,20191104,0.03,0.031,0.029,0.03,2155664
ARV,20191105,0.031,0.031,0.03,0.031,438540
ARV,20191106,0.03,0.031,0.03,0.03,1104090
ARV,20191107,0.029,0.031,0.029,0.03,971324
ARV,20191108,0.03,0.03,0.028,0.029,2262973
ARV,20191111,0.03,0.03,0.028,0.028,1928114
ARV,20191112,0.028,0.03,0.028,0.029,1323209
ARV,20191113,0.029,0.029,0.028,0.029,188088
ARV,20191114,0.029,0.03,0.028,0.029,615217
ARV,20191115,0.029,0.03,0.028,0.028,108940
ARV,20191118,0.029,0.03,0.029,0.029,274419
ARV,20191119,0.029,0.029,0.029,0.029,0
ARV,20191120,0.03,0.031,0.029,0.029,2771357
ARV,20191121,0.03,0.03,0.029,0.029,1914934
ARV,20191122,0.03,0.03,0.028,0.028,441736
ARV,20191125,0.03,0.03,0.028,0.028,1416980
ARV,20191126,0.028,0.028,0.028,0.028,667425
ARV,20191127,0.028,0.029,0.028,0.028,2192625
ARV,20191128,0.028,0.028,0.028,0.028,533983
ARV,20191129,0.027,0.028,0.027,0.028,187037
ARV,20191202,0.029,0.029,0.028,0.028,661542
ARV,20191203,0.028,0.029,0.028,0.029,2704157
ARV,20191204,0.029,0.029,0.028,0.029,162878
ARV,20191205,0.028,0.028,0.028,0.028,1044471
ARV,20191206,0.028,0.028,0.026,0.027,1758571
ARV,20191209,0.027,0.027,0.023,0.024,4778720
ARV,20191210,0.025,0.026,0.022,0.022,2729758
ARV,20191211,0.023,0.023,0.021,0.022,3524591
ARV,20191212,0.022,0.024,0.022,0.023,2232306
ARV,20191213,0.024,0.025,0.023,0.023,1413074
ARV,20191216,0.024,0.025,0.023,0.023,1328153
ARV,20191217,0.025,0.025,0.023,0.024,258866
ARV,20191218,0.024,0.024,0.023,0.023,229999
ARV,20191219,0.023,0.024,0.02,0.02,4054558
ARV,20191220,0.021,0.025,0.02,0.025,5582851
ARV,20191223,0.024,0.025,0.024,0.024,522098
ARV,20191224,0.023,0.026,0.023,0.026,1058015
ARV,20191227,0.026,0.028,0.025,0.028,820210
ARV,20191230,0.028,0.028,0.026,0.027,185324
ARV,20191231,0.028,0.029,0.026,0.026,775357
ARV,20200102,0.027,0.028,0.027,0.028,338037
ARV,20200103,0.028,0.028,0.026,0.026,2077614
ARV,20200106,0.026,0.027,0.025,0.025,978018
ARV,20200107,0.027,0.027,0.025,0.025,838542
ARV,20200108,0.026,0.028,0.025,0.025,1262349
ARV,20200109,0.027,0.028,0.026,0.028,4871542
ARV,20200113,0.026,0.028,0.026,0.026,276256
ARV,20200114,0.026,0.027,0.026,0.027,358533
ARV,20200115,0.026,0.026,0.026,0.026,31741
ARV,20200116,0.026,0.026,0.026,0.026,293230
ARV,20200117,0.027,0.028,0.026,0.027,882682
ARV,20200120,0.027,0.027,0.026,0.026,509888
ARV,20200121,0.026,0.029,0.026,0.026,3195647
ARV,20200122,0.027,0.03,0.026,0.029,2282413
ARV,20200123,0.029,0.03,0.028,0.028,2011384
ARV,20200124,0.028,0.028,0.028,0.028,0
ARV,20200128,0.028,0.028,0.028,0.028,0
ARV,20200129,0.027,0.027,0.026,0.026,3348305
ARV,20200130,0.027,0.027,0.026,0.027,2277521
ARV,20200203,0.028,0.029,0.028,0.029,3302025
ARV,20200204,0.029,0.029,0.027,0.028,1157529
ARV,20200205,0.029,0.029,0.026,0.026,2543898
ARV,20200210,0.029,0.029,0.029,0.029,3336912
ARV,20200211,0.03,0.041,0.03,0.038,22701076
ARV,20200212,0.039,0.039,0.03,0.03,22727209
ARV,20200213,0.031,0.033,0.03,0.032,9486121
ARV,20200214,0.032,0.032,0.031,0.031,3266222
ARV,20200217,0.032,0.034,0.031,0.031,4833175
ARV,20200218,0.032,0.034,0.032,0.033,4186629
ARV,20200219,0.034,0.037,0.034,0.037,7419442
ARV,20200220,0.037,0.041,0.034,0.034,8536475
ARV,20200221,0.036,0.036,0.035,0.035,2398195
ARV,20200224,0.037,0.038,0.035,0.035,4452906
ARV,20200225,0.036,0.036,0.031,0.033,6479159
ARV,20200226,0.031,0.033,0.03,0.032,6189418
ARV,20200227,0.032,0.032,0.03,0.03,2465233
ARV,20200228,0.03,0.03,0.027,0.027,4914049
ARV,20200302,0.028,0.028,0.024,0.027,4293233
ARV,20200303,0.027,0.03,0.026,0.028,3155826
ARV,20200304,0.029,0.029,0.027,0.028,2165390
ARV,20200305,0.031,0.032,0.029,0.029,4488249
ARV,20200306,0.029,0.03,0.029,0.029,424707
ARV,20200309,0.029,0.031,0.028,0.028,3938083
ARV,20200310,0.026,0.029,0.025,0.029,4637447
ARV,20200311,0.031,0.031,0.027,0.027,2542288
ARV,20200312,0.027,0.028,0.025,0.028,1825941
ARV,20200313,0.025,0.026,0.022,0.025,3275982
ARV,20200316,0.026,0.026,0.023,0.023,3525691
ARV,20200317,0.023,0.024,0.02,0.024,1684372
ARV,20200318,0.024,0.025,0.022,0.022,1152469
ARV,20200319,0.021,0.021,0.02,0.02,1676579
ARV,20200320,0.021,0.021,0.02,0.02,2258536
ARV,20200323,0.018,0.018,0.015,0.016,3758105
ARV,20200324,0.017,0.02,0.017,0.02,1097471
ARV,20200325,0.023,0.024,0.02,0.02,4584590
ARV,20200326,0.022,0.023,0.021,0.023,1087019
ARV,20200327,0.023,0.023,0.021,0.021,2882043
ARV,20200330,0.022,0.023,0.02,0.022,1611808
ARV,20200331,0.023,0.023,0.021,0.021,1032993
ARV,20200401,0.022,0.023,0.021,0.021,937654
ARV,20200402,0.022,0.022,0.021,0.021,849753
ARV,20200403,0.022,0.022,0.021,0.021,325046
ARV,20200406,0.021,0.022,0.021,0.021,250377
ARV,20200407,0.021,0.022,0.021,0.021,491533
ARV,20200408,0.021,0.022,0.021,0.022,2411827
ARV,20200409,0.022,0.023,0.022,0.022,606299
ARV,20200414,0.022,0.024,0.022,0.023,4618218
ARV,20200415,0.024,0.025,0.023,0.024,2905900
ARV,20200416,0.025,0.025,0.023,0.023,4697717
ARV,20200417,0.023,0.025,0.023,0.024,1873654
ARV,20200420,0.024,0.025,0.022,0.023,2900304
ARV,20200421,0.024,0.026,0.023,0.024,4494189
ARV,20200422,0.025,0.027,0.025,0.026,1866686
ARV,20200423,0.027,0.028,0.026,0.028,2014809
ARV,20200424,0.031,0.036,0.03,0.036,12565708
ARV,20200427,0.036,0.037,0.031,0.031,4656542
ARV,20200428,0.033,0.034,0.031,0.032,2194491
ARV,20200429,0.032,0.034,0.032,0.033,1932969
ARV,20200430,0.033,0.034,0.033,0.034,3643543
ARV,20200501,0.031,0.032,0.03,0.031,1849432
ARV,20200504,0.031,0.032,0.03,0.03,1235281
ARV,20200505,0.032,0.032,0.031,0.031,1145959
ARV,20200506,0.032,0.032,0.03,0.031,1832762
ARV,20200507,0.031,0.031,0.03,0.03,2589851
ARV,20200508,0.03,0.031,0.03,0.03,853147
ARV,20200511,0.03,0.031,0.029,0.029,1264041
ARV,20200512,0.029,0.03,0.028,0.029,1877096
ARV,20200513,0.03,0.03,0.028,0.028,1378138
ARV,20200514,0.029,0.03,0.027,0.027,3263512
ARV,20200515,0.028,0.029,0.027,0.028,1551504
ARV,20200518,0.028,0.031,0.028,0.03,2826105
ARV,20200519,0.03,0.03,0.029,0.029,539323
ARV,20200520,0.03,0.031,0.029,0.031,2349243
ARV,20200521,0.03,0.031,0.028,0.028,2248766
ARV,20200522,0.028,0.029,0.027,0.029,2001139
ARV,20200525,0.029,0.03,0.028,0.028,801719
ARV,20200526,0.028,0.03,0.028,0.03,549158
ARV,20200527,0.03,0.03,0.028,0.028,879144
ARV,20200528,0.029,0.03,0.029,0.029,2446366
ARV,20200529,0.029,0.03,0.029,0.03,1971423
ARV,20200601,0.031,0.033,0.031,0.032,4374902
ARV,20200602,0.033,0.033,0.032,0.032,2304260
ARV,20200603,0.033,0.033,0.031,0.031,2705065
ARV,20200604,0.031,0.032,0.031,0.031,1593787
ARV,20200605,0.032,0.034,0.031,0.033,6885352
ARV,20200609,0.035,0.036,0.034,0.036,9784080
ARV,20200610,0.038,0.039,0.037,0.039,10561103
ARV,20200611,0.038,0.041,0.037,0.037,12232152
ARV,20200612,0.037,0.038,0.034,0.036,9579287
ARV,20200615,0.038,0.04,0.036,0.036,5848834
ARV,20200616,0.04,0.041,0.038,0.04,7029691
ARV,20200617,0.04,0.041,0.039,0.039,7351035
ARV,20200618,0.041,0.043,0.04,0.042,6916994
ARV,20200619,0.043,0.049,0.043,0.049,14958277
ARV,20200622,0.049,0.06,0.048,0.06,16939620
ARV,20200623,0.07,0.075,0.061,0.061,17208461
ARV,20200624,0.065,0.07,0.064,0.07,12011459
ARV,20200625,0.07,0.07,0.065,0.065,8305013
ARV,20200626,0.065,0.067,0.063,0.065,3711658
ARV,20200629,0.068,0.068,0.058,0.059,7500668
ARV,20200630,0.062,0.064,0.055,0.058,7798124
ARV,20200701,0.059,0.066,0.058,0.064,5956938
ARV,20200702,0.066,0.067,0.062,0.063,3621721
ARV,20200703,0.066,0.067,0.064,0.065,2202251
ARV,20200706,0.063,0.063,0.056,0.056,6083310
ARV,20200707,0.063,0.063,0.059,0.06,6936581
ARV,20200708,0.061,0.064,0.059,0.062,4634854
ARV,20200709,0.067,0.072,0.066,0.07,9841186
ARV,20200710,0.076,0.089,0.073,0.08,15495446
ARV,20200713,0.08,0.08,0.08,0.08,0
ARV,20200714,0.08,0.08,0.08,0.08,0
ARV,20200715,0.08,0.08,0.08,0.08,0
ARV,20200716,0.08,0.08,0.08,0.08,0
ARV,20200717,0.085,0.087,0.075,0.081,10893984
ARV,20200720,0.082,0.085,0.07,0.072,11070978
ARV,20200721,0.073,0.073,0.068,0.072,10092727
ARV,20200722,0.074,0.074,0.07,0.07,4382983
ARV,20200723,0.078,0.078,0.072,0.078,4452263
ARV,20200724,0.08,0.08,0.073,0.076,6378042
ARV,20200727,0.077,0.078,0.074,0.078,3359286
ARV,20200728,0.079,0.082,0.074,0.076,6422342
ARV,20200729,0.077,0.079,0.075,0.079,3449631
ARV,20200730,0.079,0.082,0.078,0.082,6459896
ARV,20200731,0.08,0.09,0.079,0.086,9036018
ARV,20200803,0.097,0.099,0.085,0.085,8244043
ARV,20200804,0.09,0.09,0.085,0.089,9588859
ARV,20200805,0.091,0.102,0.09,0.099,14579124
ARV,20200806,0.105,0.105,0.095,0.1,11082275
ARV,20200807,0.1,0.1,0.094,0.096,7356163
ARV,20200810,0.097,0.097,0.091,0.096,4481075
ARV,20200811,0.096,0.096,0.09,0.09,3665947
ARV,20200812,0.083,0.083,0.074,0.077,14252062
ARV,20200813,0.08,0.081,0.078,0.08,3283222
ARV,20200814,0.081,0.087,0.081,0.085,6551441
ARV,20200817,0.086,0.087,0.083,0.085,3985441
ARV,20200818,0.085,0.087,0.084,0.087,3717739
ARV,20200819,0.087,0.087,0.081,0.087,1944068
ARV,20200820,0.082,0.084,0.081,0.083,1805002
ARV,20200821,0.082,0.083,0.081,0.082,1148397
ARV,20200824,0.082,0.086,0.082,0.084,1468641
ARV,20200825,0.082,0.084,0.081,0.082,1613798
ARV,20200826,0.083,0.083,0.079,0.079,2019686
ARV,20200827,0.081,0.083,0.08,0.083,1496047
ARV,20200828,0.082,0.082,0.081,0.082,966064
ARV,20200831,0.082,0.084,0.079,0.08,4801854
ARV,20200901,0.082,0.082,0.078,0.079,741793
ARV,20200902,0.08,0.08,0.079,0.079,1787344
ARV,20200903,0.079,0.08,0.078,0.078,1868800
ARV,20200904,0.08,0.08,0.077,0.079,1196124
ARV,20200907,0.079,0.079,0.077,0.079,1038434
ARV,20200908,0.079,0.079,0.077,0.078,1074937
ARV,20200909,0.078,0.078,0.076,0.076,797142
ARV,20200910,0.075,0.076,0.073,0.075,3551483
ARV,20200911,0.076,0.077,0.074,0.074,1454730
ARV,20200914,0.074,0.074,0.07,0.073,4977050
ARV,20200915,0.074,0.077,0.071,0.074,5246593
ARV,20200916,0.076,0.079,0.076,0.077,4551909
ARV,20200917,0.078,0.087,0.078,0.084,7198874
ARV,20200918,0.087,0.1,0.087,0.1,12180117
ARV,20200921,0.105,0.122,0.102,0.11,20405324
ARV,20200922,0.105,0.115,0.1,0.105,6716185
ARV,20200923,0.11,0.117,0.11,0.11,8242844
ARV,20200924,0.11,0.12,0.102,0.11,9730738
ARV,20200925,0.11,0.115,0.105,0.11,4177928
ARV,20200928,0.11,0.11,0.105,0.11,2072906
ARV,20200929,0.11,0.11,0.1,0.1,1460979
ARV,20200930,0.11,0.11,0.1,0.105,3235913
ARV,20201001,0.105,0.13,0.105,0.13,7463161
ARV,20201002,0.135,0.14,0.13,0.135,6550498
ARV,20201005,0.135,0.14,0.13,0.135,4222503
ARV,20201006,0.135,0.14,0.132,0.135,2277584
ARV,20201007,0.135,0.155,0.135,0.145,6481414
ARV,20201008,0.145,0.165,0.145,0.15,8814261
ARV,20201009,0.155,0.16,0.15,0.155,4132447
ARV,20201012,0.16,0.165,0.15,0.15,4922895
ARV,20201013,0.155,0.16,0.15,0.15,5461734
ARV,20201014,0.15,0.155,0.15,0.15,3921299
ARV,20201015,0.15,0.155,0.145,0.15,6088032
ARV,20201016,0.15,0.155,0.15,0.15,2247449
ARV,20201019,0.155,0.16,0.15,0.15,1626998
ARV,20201020,0.15,0.155,0.15,0.15,2788004
ARV,20201021,0.145,0.15,0.135,0.15,8363974
ARV,20201022,0.145,0.155,0.145,0.15,4360287
ARV,20201023,0.15,0.165,0.15,0.16,5006608
ARV,20201026,0.165,0.175,0.155,0.155,2651693
ARV,20201027,0.16,0.16,0.145,0.15,5520697
ARV,20201028,0.155,0.155,0.15,0.15,1189010
ARV,20201029,0.15,0.155,0.135,0.15,4789644
ARV,20201030,0.15,0.15,0.135,0.14,3770496
ARV,20201102,0.135,0.135,0.12,0.12,5620156
ARV,20201103,0.125,0.125,0.115,0.12,4452150
ARV,20201104,0.125,0.13,0.12,0.12,3098194
ARV,20201105,0.125,0.14,0.125,0.125,2488798
ARV,20201106,0.135,0.14,0.13,0.135,2581735
ARV,20201109,0.145,0.145,0.135,0.135,2527283
ARV,20201110,0.14,0.145,0.13,0.145,5672531
ARV,20201111,0.14,0.145,0.135,0.145,2365647
ARV,20201112,0.14,0.145,0.135,0.145,2227186
ARV,20201113,0.15,0.15,0.13,0.13,5197236
ARV,20201116,0.13,0.135,0.13,0.135,1396372
ARV,20201117,0.135,0.145,0.13,0.135,3459202
ARV,20201118,0.13,0.13,0.125,0.125,1922531
ARV,20201120,0.12,0.13,0.115,0.125,2868055
ARV,20201123,0.135,0.14,0.13,0.13,3781178
ARV,20201124,0.135,0.135,0.12,0.12,4014536
ARV,20201125,0.125,0.125,0.12,0.12,2182464
ARV,20201126,0.12,0.12,0.115,0.115,4163066
ARV,20201127,0.115,0.12,0.115,0.12,1241330
ARV,20201130,0.115,0.12,0.115,0.12,926266
ARV,20201201,0.115,0.115,0.11,0.11,1802179
ARV,20201202,0.115,0.12,0.115,0.115,649443
ARV,20201203,0.12,0.12,0.115,0.115,1750145
ARV,20201204,0.12,0.122,0.115,0.115,1342286
ARV,20201207,0.125,0.125,0.12,0.12,1592882
ARV,20201208,0.125,0.135,0.125,0.125,4247918
ARV,20201209,0.135,0.14,0.13,0.13,2244375
ARV,20201210,0.14,0.142,0.135,0.135,2285464
ARV,20201211,0.15,0.15,0.135,0.135,2400064
ARV,20201214,0.14,0.14,0.135,0.135,2460957
ARV,20201215,0.13,0.135,0.13,0.13,1528827
ARV,20201216,0.145,0.155,0.13,0.13,9701030
ARV,20201217,0.14,0.14,0.11,0.11,11081217
ARV,20201218,0.12,0.125,0.115,0.12,4302456
ARV,20201221,0.13,0.13,0.115,0.115,2514821
ARV,20201222,0.12,0.122,0.11,0.11,2519060
ARV,20201224,0.11,0.11,0.11,0.11,0
ARV,20201229,0.11,0.12,0.11,0.115,834187
ARV,20201230,0.115,0.12,0.11,0.11,318568
ARV,20201231,0.12,0.12,0.115,0.115,681529
ARV,20210104,0.12,0.125,0.115,0.12,2621582
ARV,20210105,0.125,0.147,0.125,0.145,6134652
ARV,20210106,0.15,0.15,0.135,0.135,3642471
ARV,20210107,0.145,0.145,0.14,0.145,1329970
ARV,20210108,0.145,0.15,0.14,0.145,1510424
ARV,20210111,0.145,0.145,0.13,0.13,3052223
ARV,20210112,0.13,0.14,0.13,0.13,1615489
ARV,20210113,0.13,0.14,0.13,0.13,440950
ARV,20210114,0.135,0.145,0.135,0.135,1816953
ARV,20210115,0.14,0.14,0.135,0.135,798972
ARV,20210118,0.14,0.145,0.135,0.14,1682624
ARV,20210119,0.14,0.14,0.135,0.135,781534
ARV,20210120,0.135,0.14,0.135,0.135,512586
ARV,20210121,0.135,0.145,0.135,0.135,2290138
ARV,20210122,0.14,0.14,0.135,0.135,1845047
ARV,20210125,0.135,0.14,0.13,0.13,1518504
ARV,20210127,0.13,0.135,0.125,0.125,1102389
ARV,20210128,0.12,0.125,0.115,0.12,2547646
ARV,20210129,0.12,0.12,0.115,0.12,1554197
ARV,20210201,0.12,0.12,0.105,0.115,2922468
ARV,20210203,0.11,0.115,0.105,0.115,1041959
ARV,20210204,0.115,0.12,0.11,0.11,2739180
ARV,20210205,0.11,0.115,0.105,0.105,1058015
ARV,20210208,0.11,0.11,0.091,0.095,7560707
ARV,20210209,0.095,0.095,0.092,0.095,2399690
ARV,20210210,0.093,0.093,0.082,0.089,5574172
ARV,20210211,0.092,0.092,0.088,0.091,5164019
ARV,20210212,0.093,0.097,0.093,0.095,2309761
ARV,20210215,0.095,0.097,0.093,0.095,1023890
ARV,20210216,0.095,0.097,0.09,0.091,2883982
ARV,20210217,0.094,0.094,0.088,0.09,1899991
ARV,20210218,0.087,0.088,0.083,0.084,2054069
ARV,20210219,0.084,0.084,0.078,0.081,1615057
ARV,20210222,0.079,0.082,0.079,0.082,1609511
ARV,20210223,0.082,0.084,0.082,0.083,1220179
ARV,20210224,0.085,0.085,0.082,0.082,1081069
ARV,20210225,0.082,0.083,0.08,0.081,954411
ARV,20210226,0.081,0.082,0.078,0.082,1410335
ARV,20210301,0.082,0.082,0.079,0.08,621413
ARV,20210302,0.08,0.08,0.074,0.075,1409105
ARV,20210303,0.073,0.074,0.071,0.071,1712336
ARV,20210304,0.075,0.076,0.072,0.074,1611844
ARV,20210305,0.071,0.074,0.07,0.072,1801004
ARV,20210308,0.07,0.072,0.07,0.071,1058155
ARV,20210309,0.075,0.077,0.068,0.072,3116538
ARV,20210310,0.075,0.075,0.07,0.07,1143098
ARV,20210311,0.075,0.075,0.07,0.07,1143098
ARV,20210312,0.075,0.083,0.075,0.082,2597303
ARV,20210315,0.085,0.085,0.08,0.081,1280047
ARV,20210316,0.081,0.081,0.079,0.08,919803
ARV,20210317,0.081,0.082,0.079,0.081,1109844
ARV,20210318,0.081,0.087,0.081,0.085,944859
ARV,20210319,0.085,0.085,0.082,0.084,278075
ARV,20210322,0.083,0.087,0.081,0.082,677554
ARV,20210323,0.082,0.083,0.08,0.081,627880
ARV,20210324,0.08,0.08,0.076,0.078,841066
ARV,20210325,0.077,0.078,0.074,0.075,1403580
ARV,20210329,0.072,0.078,0.072,0.074,1008317
ARV,20210330,0.075,0.077,0.073,0.075,804039
ARV,20210331,0.075,0.078,0.075,0.075,923723
ARV,20210401,0.084,0.084,0.08,0.081,2914757
ARV,20210406,0.082,0.085,0.082,0.084,911505
ARV,20210407,0.085,0.088,0.084,0.088,2081527
ARV,20210408,0.09,0.092,0.089,0.091,2628159
ARV,20210409,0.095,0.097,0.092,0.097,2958466
ARV,20210412,0.099,0.105,0.095,0.098,2010406
ARV,20210413,0.098,0.1,0.096,0.096,1498895
ARV,20210414,0.094,0.097,0.09,0.09,2761110
ARV,20210415,0.09,0.093,0.09,0.093,210210
ARV,20210416,0.093,0.098,0.093,0.096,535763
ARV,20210419,0.097,0.099,0.096,0.099,1769594
ARV,20210420,0.099,0.099,0.094,0.094,412203
ARV,20210421,0.094,0.095,0.084,0.089,2908786
ARV,20210422,0.092,0.092,0.086,0.086,969062
ARV,20210423,0.091,0.092,0.087,0.091,2015620
ARV,20210426,0.091,0.091,0.087,0.09,226135
ARV,20210427,0.09,0.098,0.089,0.093,1981839
ARV,20210428,0.094,0.099,0.094,0.098,3460387
ARV,20210429,0.098,0.115,0.098,0.105,4030363
ARV,20210430,0.115,0.122,0.11,0.115,6280812
ARV,20210503,0.115,0.12,0.105,0.105,3124639
ARV,20210504,0.11,0.115,0.11,0.11,514081
ARV,20210505,0.11,0.11,0.1,0.1,1348970
ARV,20210506,0.1,0.105,0.1,0.105,897272
ARV,20210507,0.1,0.1,0.096,0.096,849485
ARV,20210510,0.096,0.096,0.096,0.096,0
ARV,20210511,0.096,0.096,0.096,0.096,0
ARV,20210512,0.099,0.11,0.099,0.105,3989405
ARV,20210513,0.105,0.105,0.1,0.105,1917046
ARV,20210514,0.105,0.105,0.105,0.105,229363
ARV,20210517,0.105,0.105,0.099,0.105,1737005
ARV,20210518,0.105,0.105,0.105,0.105,0
ARV,20210519,0.105,0.105,0.105,0.105,0
ARV,20210520,0.09,0.09,0.061,0.062,18321463
ARV,20210521,0.06,0.063,0.057,0.057,7518697
ARV,20210524,0.059,0.062,0.058,0.06,3309459
ARV,20210525,0.061,0.066,0.06,0.06,2864275
ARV,20210526,0.061,0.064,0.06,0.06,2579707
ARV,20210527,0.062,0.062,0.059,0.059,636600
ARV,20210528,0.059,0.061,0.058,0.06,865764
ARV,20210531,0.06,0.06,0.06,0.06,0
ARV,20210601,0.06,0.06,0.06,0.06,0
ARV,20210602,0.06,0.06,0.06,0.06,0
ARV,20210603,0.061,0.07,0.061,0.07,3401586
ARV,20210604,0.072,0.074,0.068,0.072,2771976
ARV,20210607,0.071,0.072,0.065,0.069,2026864
ARV,20210609,0.066,0.066,0.059,0.063,3484367
ARV,20210610,0.058,0.063,0.058,0.061,3892542
ARV,20210611,0.06,0.063,0.059,0.059,3667035
ARV,20210615,0.062,0.064,0.06,0.063,3656000
ARV,20210616,0.062,0.063,0.059,0.061,2702710
ARV,20210617,0.06,0.06,0.058,0.058,2388804
ARV,20210618,0.058,0.06,0.057,0.059,2086097
ARV,20210621,0.058,0.058,0.056,0.057,2846054
ARV,20210622,0.057,0.059,0.056,0.056,660995
ARV,20210623,0.058,0.059,0.056,0.056,1161543
ARV,20210625,0.055,0.056,0.054,0.055,2766258
ARV,20210628,0.055,0.056,0.052,0.052,1585560
ARV,20210629,0.052,0.055,0.051,0.055,2092100
ARV,20210630,0.055,0.055,0.052,0.052,2150853
ARV,20210701,0.053,0.059,0.053,0.059,1602011
ARV,20210705,0.062,0.062,0.06,0.061,1083792
ARV,20210706,0.061,0.061,0.057,0.058,1035702
ARV,20210707,0.059,0.06,0.057,0.06,655433
ARV,20210708,0.06,0.061,0.059,0.06,611752
ARV,20210709,0.059,0.059,0.058,0.058,709118
ARV,20210712,0.058,0.059,0.057,0.059,2343845
ARV,20210714,0.057,0.057,0.054,0.055,577916
ARV,20210715,0.054,0.056,0.054,0.055,701194
ARV,20210716,0.058,0.059,0.054,0.055,5590505
ARV,20210719,0.055,0.056,0.055,0.055,805318
ARV,20210720,0.055,0.055,0.053,0.053,2357822
ARV,20210723,0.053,0.056,0.053,0.054,1242772
ARV,20210726,0.054,0.055,0.053,0.053,285592
ARV,20210727,0.053,0.054,0.053,0.053,414442
ARV,20210728,0.053,0.055,0.053,0.055,323012
ARV,20210729,0.055,0.056,0.053,0.053,1769381
ARV,20210730,0.056,0.058,0.056,0.058,2086713
ARV,20210802,0.058,0.058,0.055,0.055,3225882
ARV,20210803,0.056,0.056,0.055,0.055,502021
ARV,20210804,0.057,0.058,0.054,0.058,4036426
ARV,20210805,0.057,0.058,0.056,0.056,1660658
ARV,20210806,0.058,0.061,0.058,0.061,4157331
ARV,20210809,0.06,0.061,0.059,0.061,2448183
ARV,20210810,0.061,0.063,0.059,0.059,4774908
ARV,20210811,0.061,0.061,0.059,0.061,1715214
ARV,20210812,0.061,0.061,0.058,0.058,1944167
ARV,20210813,0.059,0.059,0.059,0.059,303746
ARV,20210819,0.062,0.063,0.062,0.063,555559
ARV,20210820,0.065,0.067,0.062,0.062,5455669
ARV,20210823,0.064,0.064,0.062,0.062,3462987
ARV,20210824,0.062,0.066,0.062,0.066,2919542
ARV,20210825,0.064,0.066,0.063,0.065,2723063
ARV,20210826,0.066,0.069,0.066,0.068,1808423
ARV,20210827,0.071,0.076,0.069,0.076,5220685
ARV,20210830,0.076,0.082,0.076,0.078,2386795
ARV,20210831,0.081,0.081,0.077,0.08,1838477
ARV,20210901,0.08,0.087,0.08,0.086,3357227
ARV,20210902,0.089,0.09,0.083,0.084,3315346
ARV,20210903,0.084,0.091,0.083,0.091,2970604
ARV,20210906,0.088,0.091,0.088,0.09,745491
ARV,20210907,0.09,0.094,0.09,0.094,1102295
ARV,20210908,0.093,0.096,0.092,0.095,4594893
ARV,20210909,0.095,0.095,0.087,0.091,3157866
ARV,20210910,0.087,0.089,0.084,0.085,1545169
ARV,20210913,0.084,0.089,0.084,0.087,654183
ARV,20210914,0.089,0.092,0.088,0.092,1783394
ARV,20210915,0.091,0.092,0.087,0.087,1672204
ARV,20210916,0.088,0.089,0.086,0.086,835344
ARV,20210917,0.084,0.085,0.08,0.083,1838311
ARV,20210920,0.083,0.083,0.077,0.08,1693077
ARV,20210922,0.08,0.082,0.078,0.078,1191198
ARV,20210923,0.082,0.084,0.082,0.084,1428066
ARV,20210924,0.085,0.087,0.085,0.086,1348765
ARV,20210927,0.087,0.09,0.086,0.087,1622075
ARV,20210928,0.087,0.087,0.081,0.081,907196
ARV,20210929,0.084,0.084,0.079,0.082,514023
ARV,20210930,0.08,0.082,0.08,0.082,215867
ARV,20211001,0.081,0.084,0.08,0.084,655830
ARV,20211004,0.084,0.084,0.081,0.083,476072
ARV,20211005,0.084,0.084,0.079,0.079,1842256
ARV,20211006,0.08,0.084,0.079,0.083,1169783
ARV,20211007,0.083,0.084,0.083,0.084,498447
ARV,20211008,0.085,0.087,0.083,0.086,1403193
ARV,20211011,0.087,0.1,0.087,0.095,3493155
ARV,20211012,0.087,0.1,0.087,0.095,3493155
ARV,20211013,0.098,0.099,0.095,0.095,1994631
ARV,20211014,0.095,0.105,0.095,0.097,4020675
ARV,20211019,0.105,0.107,0.1,0.105,1162059
ARV,20211020,0.1,0.105,0.1,0.105,488468
ARV,20211021,0.105,0.105,0.1,0.1,1010888
ARV,20211022,0.099,0.1,0.099,0.1,2156880
ARV,20211025,0.1,0.105,0.1,0.1,1029862
ARV,20211026,0.1,0.102,0.1,0.1,1782476
ARV,20211028,0.099,0.105,0.099,0.099,893491
ARV,20211029,0.1,0.1,0.098,0.098,786516
ARV,20211101,0.1,0.1,0.097,0.097,699584
ARV,20211102,0.099,0.099,0.094,0.095,1352290
ARV,20211103,0.095,0.095,0.094,0.094,911673
ARV,20211104,0.094,0.096,0.093,0.095,1030583
ARV,20211105,0.095,0.095,0.088,0.088,2549015
ARV,20211109,0.09,0.092,0.088,0.089,344432
ARV,20211110,0.09,0.09,0.088,0.088,1784865
ARV,20211112,0.094,0.094,0.092,0.093,313838
ARV,20211115,0.095,0.095,0.092,0.092,264149
ARV,20211116,0.093,0.093,0.09,0.09,323868
ARV,20211117,0.089,0.089,0.086,0.087,801033
ARV,20211118,0.086,0.089,0.084,0.089,651212
ARV,20211119,0.098,0.102,0.095,0.095,5261083
ARV,20211122,0.095,0.096,0.09,0.092,810921
ARV,20211123,0.094,0.094,0.087,0.088,843005
ARV,20211124,0.088,0.091,0.084,0.084,563354
ARV,20211125,0.084,0.086,0.084,0.084,250685
ARV,20211126,0.085,0.086,0.084,0.086,1361393
ARV,20211129,0.087,0.088,0.083,0.083,1173553
ARV,20211130,0.085,0.086,0.084,0.084,147320
ARV,20211201,0.084,0.084,0.08,0.081,661653
ARV,20211202,0.082,0.082,0.08,0.08,293793
ARV,20211203,0.08,0.081,0.079,0.079,386459
ARV,20211206,0.082,0.082,0.079,0.079,1106580
ARV,20211207,0.079,0.079,0.072,0.073,815081
ARV,20211208,0.074,0.078,0.073,0.078,538384
ARV,20211209,0.079,0.079,0.074,0.075,626621
ARV,20211210,0.075,0.075,0.073,0.075,1009772
ARV,20211213,0.079,0.079,0.073,0.073,809036
ARV,20211214,0.073,0.075,0.072,0.072,194775
ARV,20211216,0.073,0.073,0.064,0.067,2456198
ARV,20211217,0.075,0.075,0.069,0.075,917317
ARV,20211220,0.072,0.072,0.066,0.066,1553812
ARV,20211221,0.071,0.072,0.068,0.071,1954534
ARV,20211222,0.075,0.075,0.071,0.074,393874
ARV,20211223,0.076,0.076,0.072,0.075,1284569
ARV,20211224,0.078,0.078,0.075,0.076,341887
ARV,20211229,0.079,0.081,0.076,0.081,812597
ARV,20211230,0.081,0.081,0.08,0.081,60205
ARV,20211231,0.081,0.084,0.081,0.083,162513
ARV,20220104,0.085,0.085,0.082,0.083,291261
ARV,20220105,0.083,0.083,0.078,0.079,475447
ARV,20220106,0.08,0.08,0.075,0.079,1068224
ARV,20220107,0.079,0.081,0.078,0.078,325537
ARV,20220110,0.08,0.082,0.078,0.082,357064
ARV,20220111,0.078,0.078,0.078,0.078,73524
ARV,20220112,0.08,0.08,0.074,0.074,595940
ARV,20220113,0.074,0.076,0.071,0.071,901888
ARV,20220114,0.071,0.071,0.07,0.07,922506
ARV,20220117,0.075,0.077,0.074,0.076,1225457
ARV,20220118,0.076,0.076,0.072,0.072,532591
ARV,20220119,0.071,0.074,0.071,0.071,915278
ARV,20220120,0.075,0.075,0.072,0.074,672710
ARV,20220121,0.073,0.073,0.069,0.07,672364
ARV,20220124,0.07,0.07,0.07,0.07,0
ARV,20220125,0.07,0.07,0.07,0.07,0
ARV,20220127,0.075,0.076,0.071,0.072,4506438
ARV,20220128,0.072,0.072,0.072,0.072,326060
ARV,20220131,0.073,0.076,0.073,0.076,510968
ARV,20220201,0.077,0.077,0.074,0.074,224717
ARV,20220202,0.073,0.073,0.072,0.073,953484
ARV,20220203,0.074,0.075,0.073,0.074,855375
ARV,20220204,0.076,0.079,0.075,0.079,1402727
ARV,20220207,0.079,0.088,0.079,0.084,1709067
ARV,20220208,0.084,0.084,0.07,0.073,5333030
ARV,20220209,0.073,0.075,0.069,0.069,1351087
ARV,20220210,0.074,0.074,0.071,0.074,1150496
ARV,20220211,0.074,0.075,0.074,0.075,1183359
ARV,20220214,0.075,0.075,0.074,0.075,238530
ARV,20220215,0.074,0.074,0.07,0.071,958166
ARV,20220216,0.071,0.072,0.069,0.07,1331748
ARV,20220217,0.07,0.071,0.069,0.069,353805
ARV,20220218,0.072,0.072,0.07,0.07,1118309
ARV,20220221,0.073,0.074,0.072,0.073,1254821
ARV,20220222,0.074,0.075,0.074,0.075,511621
ARV,20220223,0.076,0.08,0.075,0.078,2424727
ARV,20220224,0.075,0.076,0.074,0.076,1425984
ARV,20220225,0.072,0.074,0.072,0.072,22659
ARV,20220228,0.071,0.071,0.069,0.071,807961
ARV,20220301,0.068,0.072,0.068,0.071,358536
ARV,20220302,0.07,0.072,0.068,0.072,1224959
ARV,20220303,0.07,0.072,0.069,0.072,733524
ARV,20220304,0.07,0.07,0.07,0.07,33750
ARV,20220307,0.07,0.072,0.07,0.072,870796
ARV,20220308,0.071,0.071,0.07,0.07,2324108
ARV,20220309,0.071,0.071,0.07,0.07,1495557
ARV,20220310,0.07,0.07,0.068,0.068,635025
ARV,20220311,0.068,0.071,0.068,0.071,628980
ARV,20220314,0.071,0.071,0.067,0.067,1584678
ARV,20220315,0.067,0.068,0.061,0.062,1247093
ARV,20220316,0,0,0,0,0
ARV,20220317,0.065,0.067,0.063,0.063,1384967
ARV,20220318,0.067,0.067,0.063,0.063,1205901
ARV,20220321,0.064,0.067,0.064,0.064,555631
ARV,20220322,0.065,0.067,0.065,0.066,338194
ARV,20220323,0.068,0.07,0.067,0.069,1380954
ARV,20220324,0.068,0.07,0.068,0.069,950488
ARV,20220325,0.068,0.07,0.068,0.07,308096
ARV,20220328,0.07,0.07,0.069,0.069,43986
ARV,20220329,0.069,0.069,0.067,0.069,962953
ARV,20220330,0.069,0.07,0.069,0.07,573532
ARV,20220331,0.067,0.069,0.067,0.069,328782
ARV,20220401,0.07,0.07,0.067,0.067,362002
ARV,20220404,0.069,0.07,0.068,0.068,969279
ARV,20220405,0.069,0.071,0.067,0.071,1538536
ARV,20220406,0.069,0.069,0.069,0.069,29637
ARV,20220407,0.07,0.07,0.066,0.068,1013437
ARV,20220408,0.068,0.07,0.068,0.069,2141084
ARV,20220411,0.071,0.072,0.069,0.071,590564
ARV,20220412,0.071,0.072,0.07,0.07,1900937
ARV,20220413,0.07,0.07,0.07,0.07,356773
ARV,20220414,0.071,0.072,0.068,0.071,905291
ARV,20220419,0.07,0.07,0.069,0.07,475948
ARV,20220420,0.069,0.07,0.069,0.07,306435
ARV,20220421,0.069,0.07,0.069,0.07,306435
ARV,20220422,0.072,0.072,0.067,0.068,2017043
ARV,20220426,0.066,0.066,0.062,0.066,1821363
ARV,20220427,0.064,0.068,0.062,0.062,1108585
ARV,20220428,0.062,0.065,0.061,0.061,1155292
ARV,20220429,0.06,0.063,0.06,0.06,1518241
ARV,20220502,0.058,0.059,0.052,0.056,2464368
ARV,20220503,0.056,0.056,0.053,0.053,681589
ARV,20220504,0.053,0.054,0.049,0.049,9937345
ARV,20220505,0.046,0.046,0.042,0.045,3933659
ARV,20220506,0.045,0.045,0.039,0.04,7849158
ARV,20220509,0.039,0.04,0.038,0.039,1019671
ARV,20220510,0.038,0.04,0.038,0.04,1098764
ARV,20220511,0.04,0.041,0.038,0.041,664282
ARV,20220512,0.041,0.042,0.037,0.04,1875875
ARV,20220513,0.037,0.038,0.036,0.038,2237941
ARV,20220516,0.038,0.039,0.036,0.039,1133630
ARV,20220517,0.038,0.048,0.036,0.038,4658108
ARV,20220518,0.04,0.04,0.038,0.038,2159087
ARV,20220519,0.037,0.037,0.034,0.034,4617305
ARV,20220520,0.032,0.036,0.032,0.036,3819191
ARV,20220523,0.034,0.035,0.034,0.035,1319831
ARV,20220524,0.034,0.035,0.033,0.034,2138361
ARV,20220525,0.033,0.038,0.033,0.036,3218572
ARV,20220526,0.039,0.039,0.037,0.039,95089
ARV,20220527,0.039,0.039,0.035,0.037,510474
ARV,20220530,0.036,0.036,0.034,0.035,437620
ARV,20220531,0.035,0.036,0.035,0.036,390249
ARV,20220601,0.037,0.037,0.033,0.034,716415
ARV,20220602,0.033,0.033,0.032,0.033,665079
ARV,20220603,0.032,0.033,0.032,0.033,416519
ARV,20220606,0.033,0.033,0.032,0.033,199386
ARV,20220607,0.035,0.035,0.032,0.034,1772309
ARV,20220608,0.033,0.033,0.031,0.033,2232571
ARV,20220609,0.032,0.032,0.03,0.031,293956
ARV,20220610,0.031,0.032,0.031,0.031,316069
ARV,20220614,0.031,0.031,0.024,0.031,6750095
ARV,20220615,0.03,0.035,0.025,0.028,6339855
ARV,20220616,0.028,0.03,0.028,0.029,893584
ARV,20220617,0.029,0.034,0.029,0.033,610204
ARV,20220620,0.033,0.033,0.03,0.03,481499
ARV,20220621,0.03,0.03,0.029,0.03,498654
ARV,20220622,0.029,0.029,0.028,0.029,1738690
ARV,20220623,0.028,0.029,0.027,0.029,1009096
ARV,20220624,0.029,0.03,0.027,0.03,1460747
ARV,20220627,0.03,0.034,0.029,0.03,3138030
ARV,20220628,0.03,0.031,0.029,0.029,962052
ARV,20220629,0.029,0.03,0.029,0.029,643117
ARV,20220630,0.029,0.029,0.027,0.027,1563466
ARV,20220701,0.027,0.027,0.025,0.027,5151041
ARV,20220704,0.027,0.03,0.027,0.03,886812
ARV,20220705,0.03,0.03,0.03,0.03,0
ARV,20220706,0.03,0.03,0.028,0.028,3767122
ARV,20220707,0.029,0.03,0.027,0.027,669559
ARV,20220708,0.031,0.031,0.026,0.026,1957972
ARV,20220711,0.029,0.029,0.026,0.027,5803037
ARV,20220712,0.028,0.028,0.027,0.027,3471258
ARV,20220713,0.028,0.029,0.027,0.027,1021084
ARV,20220714,0.027,0.027,0.027,0.027,155000
ARV,20220715,0.028,0.028,0.027,0.028,78737
ARV,20220718,0.03,0.03,0.027,0.028,310163
ARV,20220719,0.027,0.027,0.026,0.026,1277239
ARV,20220720,0.028,0.028,0.026,0.027,1182919
ARV,20220721,0.027,0.027,0.026,0.026,3171191
ARV,20220722,0.026,0.028,0.026,0.026,1225587
ARV,20220725,0.027,0.028,0.026,0.026,251033
ARV,20220726,0.025,0.027,0.024,0.027,3159415
ARV,20220727,0.027,0.027,0.025,0.025,455354
ARV,20220728,0.026,0.027,0.024,0.025,3020841
ARV,20220729,0.025,0.027,0.025,0.027,921607
ARV,20220801,0.027,0.027,0.025,0.025,358993
ARV,20220802,0.025,0.027,0.025,0.026,200766
ARV,20220803,0.024,0.027,0.024,0.027,706280
ARV,20220805,0.027,0.03,0.027,0.03,2795384
ARV,20220808,0.029,0.039,0.029,0.035,1903516
ARV,20220809,0.038,0.046,0.038,0.042,3261148
ARV,20220810,0.05,0.054,0.048,0.052,4760362
ARV,20220811,0.052,0.052,0.046,0.048,2244261
ARV,20220812,0.05,0.054,0.045,0.049,5555987
ARV,20220815,0.049,0.049,0.045,0.045,773447
ARV,20220816,0.045,0.05,0.044,0.045,2757590
ARV,20220817,0.047,0.047,0.042,0.042,1187894
ARV,20220818,0.041,0.042,0.039,0.04,1835877
ARV,20220819,0.039,0.039,0.036,0.037,837785
ARV,20220822,0.036,0.036,0.033,0.035,1022175
ARV,20220823,0.035,0.039,0.034,0.035,1369222
ARV,20220824,0.037,0.039,0.036,0.038,1269058
ARV,20220825,0.035,0.039,0.034,0.034,1123615
ARV,20220826,0.034,0.035,0.034,0.034,406625
ARV,20220829,0.035,0.035,0.032,0.034,1025491
ARV,20220830,0.034,0.036,0.033,0.035,1219999
ARV,20220831,0.035,0.035,0.032,0.033,1656757
ARV,20220901,0.034,0.034,0.032,0.034,607277
ARV,20220902,0.033,0.034,0.031,0.031,625200
ARV,20220905,0.033,0.033,0.031,0.032,767301
ARV,20220906,0.031,0.031,0.031,0.031,608935
ARV,20220907,0.033,0.033,0.032,0.032,474454
ARV,20220909,0.031,0.032,0.031,0.032,328127
ARV,20220912,0.033,0.035,0.033,0.033,5179632
ARV,20220913,0.037,0.039,0.036,0.038,3576442
ARV,20220914,0.038,0.038,0.037,0.037,2210814
ARV,20220915,0.036,0.038,0.036,0.038,297625
ARV,20220916,0.037,0.038,0.036,0.037,394737
ARV,20220919,0.04,0.04,0.039,0.04,344026
ARV,20220920,0.04,0.043,0.04,0.042,1323482
ARV,20220921,0.044,0.049,0.044,0.048,3058918
