BBN,20160212,2.68,2.74,2.42,2.52,1209872
BBN,20160215,2.55,2.55,2.4,2.43,2454276
BBN,20160216,2.45,2.48,2.43,2.48,162427
BBN,20160217,2.48,2.48,2.4,2.41,104268
BBN,20160218,2.47,2.47,2.44,2.46,371824
BBN,20160219,2.46,2.48,2.44,2.45,286780
BBN,20160222,2.45,2.45,2.38,2.42,206296
BBN,20160223,2.43,2.46,2.38,2.45,202179
BBN,20160224,2.43,2.47,2.4,2.42,106419
BBN,20160225,2.42,2.43,2.37,2.37,136520
BBN,20160226,2.37,2.37,2.21,2.33,399665
BBN,20160229,2.33,2.45,2.3,2.45,193155
BBN,20160301,2.4,2.43,2.36,2.37,61432
BBN,20160302,2.4,2.42,2.3,2.36,146749
BBN,20160303,2.38,2.41,2.29,2.38,157151
BBN,20160304,2.38,2.38,2.3,2.3,109390
BBN,20160307,2.26,2.3,2.26,2.27,164653
BBN,20160308,2.27,2.29,2.24,2.28,148144
BBN,20160309,2.28,2.32,2.22,2.32,871719
BBN,20160310,2.33,2.45,2.33,2.45,158402
BBN,20160311,2.45,2.45,2.41,2.44,48578
BBN,20160314,2.43,2.44,2.34,2.37,113186
BBN,20160315,2.37,2.4,2.35,2.39,28567
BBN,20160316,2.37,2.39,2.35,2.37,86282
BBN,20160317,2.39,2.39,2.34,2.34,115486
BBN,20160318,2.36,2.41,2.33,2.37,33941
BBN,20160321,2.39,2.41,2.34,2.41,13699
BBN,20160322,2.35,2.4,2.35,2.4,25534
BBN,20160323,2.37,2.37,2.32,2.32,79535
BBN,20160324,2.32,2.37,2.3,2.32,68906
BBN,20160329,2.32,2.4,2.3,2.3,253348
BBN,20160330,2.3,2.38,2.29,2.33,135764
BBN,20160331,2.32,2.34,2.27,2.34,200876
BBN,20160401,2.34,2.38,2.28,2.3,116576
BBN,20160404,2.31,2.36,2.26,2.36,70873
BBN,20160405,2.32,2.37,2.32,2.34,91166
BBN,20160406,2.34,2.38,2.31,2.36,1082106
BBN,20160407,2.35,2.35,2.27,2.27,67763
BBN,20160408,2.27,2.3,2.25,2.28,93311
BBN,20160411,2.29,2.29,2.23,2.26,93602
BBN,20160412,2.26,2.34,2.21,2.26,99535
BBN,20160413,2.26,2.34,2.26,2.34,454598
BBN,20160414,2.34,2.37,2.3,2.35,2651037
BBN,20160415,2.34,2.39,2.32,2.36,101276
BBN,20160418,2.32,2.35,2.3,2.32,246012
BBN,20160419,2.35,2.36,2.34,2.34,368381
BBN,20160420,2.34,2.37,2.32,2.35,698868
BBN,20160421,2.37,2.4,2.35,2.37,207328
BBN,20160422,2.38,2.4,2.35,2.4,65771
BBN,20160426,2.37,2.4,2.35,2.35,99390
BBN,20160427,2.36,2.39,2.35,2.35,106348
BBN,20160428,2.35,2.39,2.35,2.39,83731
BBN,20160429,2.39,2.41,2.38,2.4,205979
BBN,20160502,2.39,2.45,2.39,2.42,116430
BBN,20160503,2.42,2.49,2.42,2.48,295983
BBN,20160504,2.48,2.54,2.42,2.47,443378
BBN,20160505,2.47,2.47,2.33,2.41,244682
BBN,20160506,2.41,2.49,2.4,2.47,69854
BBN,20160509,2.4,2.49,2.38,2.43,67802
BBN,20160510,2.42,2.53,2.4,2.47,51827
BBN,20160511,2.46,2.49,2.45,2.45,63794
BBN,20160512,2.48,2.48,2.42,2.43,48818
BBN,20160513,2.43,2.45,2.37,2.38,64685
BBN,20160516,2.38,2.48,2.38,2.46,95788
BBN,20160517,2.47,2.5,2.45,2.5,632058
BBN,20160518,2.48,2.49,2.38,2.39,344354
BBN,20160519,2.4,2.42,2.35,2.35,143470
BBN,20160520,2.36,2.41,2.32,2.33,40782
BBN,20160523,2.35,2.37,2.32,2.32,91601
BBN,20160524,2.33,2.4,2.32,2.33,47604
BBN,20160525,2.35,2.38,2.33,2.33,44378
BBN,20160526,2.33,2.34,2.28,2.3,64505
BBN,20160527,2.31,2.39,2.3,2.38,190285
BBN,20160530,2.36,2.37,2.31,2.37,100846
BBN,20160531,2.38,2.43,2.38,2.41,52267
BBN,20160601,2.41,2.41,2.38,2.4,49661
BBN,20160602,2.39,2.39,2.35,2.37,38863
BBN,20160603,2.36,2.4,2.32,2.38,83393
BBN,20160606,2.4,2.41,2.35,2.37,21684
BBN,20160607,2.41,2.41,2.31,2.35,102444
BBN,20160608,2.33,2.4,2.33,2.38,91991
BBN,20160609,2.38,2.45,2.37,2.42,188159
BBN,20160610,2.44,2.45,2.4,2.45,44619
BBN,20160614,2.44,2.45,2.35,2.4,456501
BBN,20160615,2.33,2.36,2.33,2.35,179486
BBN,20160616,2.35,2.37,2.28,2.3,1075922
BBN,20160617,2.3,2.32,2.28,2.3,2609925
BBN,20160620,2.32,2.35,2.28,2.32,26561
BBN,20160621,2.3,2.35,2.3,2.34,203472
BBN,20160622,2.34,2.39,2.33,2.36,172606
BBN,20160623,2.34,2.4,2.34,2.37,245421
BBN,20160624,2.37,2.45,2.21,2.27,806851
BBN,20160627,2.35,2.35,2.18,2.23,152017
BBN,20160628,2.21,2.27,2.12,2.21,118920
BBN,20160629,2.22,2.35,2.22,2.27,102709
BBN,20160630,2.27,2.45,2.27,2.4,548513
BBN,20160701,2.35,2.36,2.29,2.33,70353
BBN,20160704,2.31,2.35,2.31,2.32,9284
BBN,20160705,2.33,2.38,2.31,2.35,44503
BBN,20160706,2.35,2.4,2.34,2.4,510862
BBN,20160707,2.4,2.45,2.38,2.42,309982
BBN,20160708,2.41,2.44,2.36,2.42,166858
BBN,20160711,2.4,2.42,2.33,2.4,182675
BBN,20160712,2.4,2.43,2.36,2.41,108969
BBN,20160713,2.42,2.43,2.37,2.37,23691
BBN,20160714,2.37,2.45,2.36,2.43,98765
BBN,20160715,2.45,2.45,2.42,2.45,123903
BBN,20160718,2.42,2.59,2.42,2.56,293599
BBN,20160719,2.58,2.58,2.49,2.49,123932
BBN,20160720,2.5,2.57,2.49,2.57,142370
BBN,20160721,2.55,2.57,2.52,2.55,386312
BBN,20160722,2.55,2.57,2.53,2.55,121410
BBN,20160725,2.54,2.58,2.53,2.58,190050
BBN,20160726,2.54,2.7,2.54,2.65,374093
BBN,20160727,2.68,2.7,2.66,2.67,181130
BBN,20160728,2.68,2.75,2.63,2.72,170801
BBN,20160729,2.7,2.76,2.67,2.72,287316
BBN,20160801,2.7,2.72,2.63,2.63,146073
BBN,20160802,2.64,2.65,2.54,2.54,190213
BBN,20160803,2.52,2.54,2.41,2.46,180320
BBN,20160804,2.45,2.58,2.45,2.57,38909
BBN,20160805,2.58,2.6,2.51,2.57,52186
BBN,20160808,2.53,2.6,2.53,2.58,67693
BBN,20160809,2.58,2.69,2.58,2.66,162782
BBN,20160810,2.66,2.78,2.625,2.77,164347
BBN,20160811,2.79,2.89,2.74,2.84,572309
BBN,20160812,2.98,3.18,2.95,3.06,1688927
BBN,20160815,3.14,3.14,2.95,2.95,562855
BBN,20160816,2.99,3.05,2.96,2.96,872580
BBN,20160817,3,3.03,2.87,2.88,382004
BBN,20160818,2.96,3.06,2.96,2.99,22842987
BBN,20160822,3.11,3.21,3.1,3.17,433962
BBN,20160823,3.15,3.15,3.08,3.11,153146
BBN,20160824,3.12,3.2,3.06,3.08,275740
BBN,20160825,3.02,3.1,3.02,3.05,250071
BBN,20160826,3.05,3.09,3.05,3.06,93388
BBN,20160829,3.07,3.13,3.02,3.07,1153091
BBN,20160830,3.06,3.1,3.02,3.05,182823
BBN,20160831,3.04,3.05,2.96,3.01,239639
BBN,20160901,3.01,3.06,2.98,3.03,98812
BBN,20160902,3.03,3.04,2.97,3,178917
BBN,20160905,3,3.07,2.99,3.02,204022
BBN,20160906,3.03,3.035,2.99,3.02,580164
BBN,20160907,3.03,3.04,3.01,3.03,233999
BBN,20160908,3,3.03,2.99,3.03,75278
BBN,20160909,3.01,3.025,3,3.01,86915
BBN,20160912,2.99,3,2.94,2.98,190478
BBN,20160913,2.98,3.02,2.97,2.99,128317
BBN,20160914,2.93,3,2.92,2.95,107312
BBN,20160915,2.93,2.99,2.92,2.95,204055
BBN,20160916,2.95,3,2.93,2.99,1481129
BBN,20160919,2.99,3,2.92,2.98,182591
BBN,20160920,2.99,2.99,2.93,2.98,359431
BBN,20160921,2.98,2.99,2.95,2.96,246993
BBN,20160922,2.97,2.99,2.96,2.96,337507
BBN,20160923,2.98,3,2.96,2.98,157681
BBN,20160926,3.01,3.05,2.97,3.03,569988
BBN,20160927,3.05,3.1,3.04,3.04,947579
BBN,20160928,3.06,3.08,3.04,3.05,1774569
BBN,20160929,3.07,3.07,3.03,3.03,1058934
BBN,20160930,3.05,3.09,3.03,3.05,321707
BBN,20161003,3.06,3.08,3.04,3.05,280516
BBN,20161004,3.04,3.05,3.03,3.05,128160
BBN,20161005,3.05,3.05,3.03,3.03,121701
BBN,20161006,3.045,3.05,3,3,205730
BBN,20161007,3.02,3.05,3,3.01,65259
BBN,20161010,3.01,3.01,2.9,2.92,187303
BBN,20161011,2.93,2.99,2.9,2.91,166546
BBN,20161012,2.9,2.9,2.69,2.7,390595
BBN,20161013,2.78,2.9,2.73,2.73,679081
BBN,20161014,2.72,2.77,2.6,2.61,482409
BBN,20161017,2.58,2.76,2.57,2.7,364064
BBN,20161018,2.68,2.77,2.65,2.77,201928
BBN,20161019,2.77,2.87,2.77,2.83,2588353
BBN,20161020,2.84,2.84,2.795,2.8,356214
BBN,20161021,2.8,2.84,2.65,2.72,310299
BBN,20161024,2.75,2.81,2.72,2.8,617736
BBN,20161025,2.78,2.85,2.72,2.75,233645
BBN,20161026,2.75,2.81,2.74,2.78,138839
BBN,20161027,2.79,2.83,2.73,2.73,470536
BBN,20161028,2.73,2.77,2.7,2.76,88586
BBN,20161031,2.72,2.73,2.65,2.7,185809
BBN,20161101,2.69,2.69,2.66,2.66,51725
BBN,20161102,2.67,2.8,2.61,2.72,207438
BBN,20161103,2.71,2.71,2.65,2.68,93850
BBN,20161104,2.68,2.7,2.59,2.6,308525
BBN,20161107,2.65,2.75,2.64,2.72,145730
BBN,20161108,2.73,2.83,2.73,2.79,128473
BBN,20161109,2.77,2.81,2.61,2.68,142311
BBN,20161110,2.73,2.77,2.64,2.74,108274
BBN,20161111,2.75,2.75,2.66,2.7,52295
BBN,20161114,2.71,2.71,2.635,2.64,388328
BBN,20161115,2.65,2.66,2.61,2.63,355175
BBN,20161116,2.62,2.73,2.61,2.64,92059
BBN,20161117,2.61,2.78,2.59,2.75,92701
BBN,20161118,2.76,2.77,2.7,2.75,99036
BBN,20161121,2.89,2.9,2.77,2.88,317218
BBN,20161122,2.86,2.86,2.81,2.83,265562
BBN,20161123,2.83,2.84,2.75,2.78,122715
BBN,20161124,2.73,2.75,2.61,2.65,288853
BBN,20161125,2.65,2.66,2.62,2.63,111527
BBN,20161128,2.64,2.64,2.6,2.6,731308
BBN,20161129,2.53,2.59,2.48,2.48,220905
BBN,20161130,2.47,2.48,2.33,2.45,1230168
BBN,20161201,2.45,2.5,2.44,2.45,257047
BBN,20161202,2.47,2.53,2.4,2.4,139766
BBN,20161205,2.4,2.44,2.2,2.33,297757
BBN,20161206,2.33,2.41,2.24,2.32,419873
BBN,20161207,2.29,2.35,2.24,2.3,544658
BBN,20161208,2.3,2.37,2.3,2.35,1783922
BBN,20161209,2.34,2.35,2.25,2.3,600120
BBN,20161212,2.24,2.26,2.17,2.2,1864844
BBN,20161213,2.23,2.32,2.21,2.28,1414235
BBN,20161214,2.28,2.32,2.25,2.27,290636
BBN,20161215,2.27,2.27,2.2,2.23,249708
BBN,20161216,2.25,2.31,2.22,2.31,1437121
BBN,20161219,2.31,2.39,2.31,2.35,438613
BBN,20161220,2.38,2.45,2.36,2.41,456640
BBN,20161221,2.41,2.43,2.38,2.43,1341918
BBN,20161222,2.43,2.45,2.395,2.42,661398
BBN,20161223,2.43,2.465,2.4,2.4,669120
BBN,20161228,2.45,2.45,2.35,2.37,150171
BBN,20161229,2.37,2.42,2.36,2.36,145914
BBN,20161230,2.37,2.45,2.35,2.43,247319
BBN,20170103,2.45,2.45,2.36,2.39,59191
BBN,20170104,2.4,2.4,2.33,2.38,162214
BBN,20170105,2.38,2.38,2.33,2.36,77659
BBN,20170106,2.35,2.35,2.31,2.33,206222
BBN,20170109,2.35,2.42,2.33,2.39,2061109
BBN,20170110,2.4,2.41,2.35,2.38,326471
BBN,20170111,2.37,2.37,2.32,2.34,82767
BBN,20170112,2.33,2.37,2.33,2.36,78636
BBN,20170113,2.36,2.36,2.33,2.33,125839
BBN,20170116,2.33,2.37,2.32,2.32,105571
BBN,20170117,2.32,2.34,2.31,2.31,62371
BBN,20170118,2.34,2.37,2.31,2.32,80686
BBN,20170119,2.32,2.355,2.32,2.34,152148
BBN,20170120,2.34,2.4,2.33,2.36,146890
BBN,20170123,2.36,2.36,2.3,2.31,114749
BBN,20170124,2.33,2.33,2.3,2.31,185917
BBN,20170125,2.31,2.31,2.24,2.25,299015
BBN,20170127,2.28,2.33,2.26,2.3,49870
BBN,20170130,2.31,2.38,2.31,2.37,104871
BBN,20170131,2.33,2.44,2.33,2.41,367291
BBN,20170201,2.44,2.45,2.39,2.41,415518
BBN,20170202,2.4,2.45,2.4,2.42,560758
BBN,20170203,2.41,2.45,2.4,2.43,101799
BBN,20170206,2.44,2.44,2.39,2.4,122623
BBN,20170207,2.42,2.52,2.41,2.5,123913
BBN,20170208,2.48,2.48,2.44,2.45,90973
BBN,20170209,2.45,2.48,2.42,2.48,185013
BBN,20170210,2.47,2.52,2.44,2.46,1304201
BBN,20170213,2.48,2.5,2.44,2.48,76448
BBN,20170214,2.45,2.48,2.42,2.44,81605
BBN,20170215,2.46,2.54,2.46,2.54,119501
BBN,20170216,2.52,2.6,2.48,2.48,240825
BBN,20170217,2.46,2.46,2.29,2.31,2225728
BBN,20170220,2.3,2.31,2.26,2.3,1344654
BBN,20170221,2.28,2.29,2.215,2.22,328339
BBN,20170222,2.22,2.25,2.21,2.22,1205224
BBN,20170223,2.24,2.36,2.24,2.34,804601
BBN,20170224,2.34,2.34,2.19,2.21,482845
BBN,20170227,2.21,2.23,2.15,2.19,153383
BBN,20170228,2.2,2.2,2.05,2.15,713290
BBN,20170301,2.15,2.23,2.15,2.21,684018
BBN,20170302,2.2,2.22,2.16,2.2,436782
BBN,20170303,2.21,2.21,2.19,2.21,1575737
BBN,20170306,2.22,2.22,2.19,2.2,1144666
BBN,20170307,2.19,2.2,2.18,2.18,318801
BBN,20170308,2.2,2.2,2.11,2.11,127876
BBN,20170309,2.12,2.14,2.07,2.07,237714
BBN,20170310,2.11,2.11,2.06,2.09,995672
BBN,20170313,2.11,2.19,2.08,2.16,226728
BBN,20170314,2.16,2.16,2.03,2.05,1734244
BBN,20170315,2.05,2.05,1.93,1.96,678790
BBN,20170316,1.995,2.06,1.995,2.03,266292
BBN,20170317,2.07,2.16,2.07,2.12,270621
BBN,20170320,2.11,2.18,2.11,2.13,290758
BBN,20170321,2.12,2.13,2.08,2.1,263083
BBN,20170322,2.09,2.09,2.04,2.07,312715
BBN,20170323,2.06,2.1,2.05,2.07,1204064
BBN,20170324,2.06,2.07,2.03,2.07,717025
BBN,20170327,2.07,2.09,2.05,2.07,80003
BBN,20170328,2.06,2.06,2.04,2.05,116102
BBN,20170329,2.06,2.09,2.05,2.09,181479
BBN,20170330,2.08,2.09,2.04,2.05,81526
BBN,20170331,2.03,2.07,2.03,2.06,111835
BBN,20170403,2.05,2.06,2,2.03,600300
BBN,20170404,2,2.02,1.97,1.995,132366
BBN,20170405,1.995,2,1.95,1.97,124615
BBN,20170406,1.96,1.96,1.905,1.935,361842
BBN,20170407,1.94,1.945,1.91,1.91,570859
BBN,20170410,1.92,1.975,1.92,1.965,1381352
BBN,20170411,1.975,1.975,1.955,1.96,605694
BBN,20170412,1.96,1.96,1.92,1.935,91789
BBN,20170413,1.92,1.95,1.91,1.91,74759
BBN,20170418,1.91,1.912,1.85,1.86,534596
BBN,20170419,1.85,1.885,1.85,1.87,168586
BBN,20170420,1.86,1.92,1.85,1.88,178777
BBN,20170421,1.885,1.9,1.8,1.83,317120
BBN,20170424,1.85,1.86,1.81,1.845,156189
BBN,20170426,1.85,1.885,1.85,1.865,91582
BBN,20170427,1.86,1.885,1.85,1.88,227588
BBN,20170428,1.88,1.88,1.82,1.825,105777
BBN,20170501,1.83,1.845,1.805,1.81,209035
BBN,20170502,1.8,1.815,1.725,1.8,1010607
BBN,20170503,1.8,1.8,1.72,1.72,248503
BBN,20170504,1.745,1.955,1.745,1.945,2394118
BBN,20170505,1.935,2.07,1.905,2.04,485587
BBN,20170508,2.04,2.08,2.01,2.01,291640
BBN,20170509,2.05,2.07,2.01,2.07,366049
BBN,20170510,2.06,2.06,2,2,75357
BBN,20170511,2.01,2.01,1.905,1.905,225006
BBN,20170512,1.9,1.97,1.9,1.97,60172
BBN,20170515,1.95,1.95,1.9,1.91,94204
BBN,20170516,1.9,1.915,1.89,1.905,79205
BBN,20170517,1.94,1.94,1.83,1.85,147449
BBN,20170518,1.845,1.9,1.81,1.83,179468
BBN,20170519,1.84,1.9,1.81,1.82,69370
BBN,20170522,1.82,1.82,1.73,1.755,492635
BBN,20170523,1.74,1.825,1.735,1.79,415334
BBN,20170524,1.77,1.83,1.77,1.83,155583
BBN,20170525,1.81,1.815,1.725,1.75,210454
BBN,20170526,1.765,1.785,1.73,1.76,121984
BBN,20170529,1.76,1.795,1.74,1.74,186055
BBN,20170530,1.75,1.76,1.73,1.76,182534
BBN,20170531,1.75,1.76,1.725,1.74,187065
BBN,20170601,1.73,1.735,1.645,1.67,260632
BBN,20170602,1.67,1.7,1.64,1.665,67333
BBN,20170605,1.67,1.67,1.6,1.63,142010
BBN,20170606,1.6,1.615,1.53,1.605,238033
BBN,20170607,1.59,1.61,1.54,1.56,2429025
BBN,20170608,1.57,1.615,1.56,1.575,318101
BBN,20170609,1.58,1.645,1.58,1.64,609968
BBN,20170613,1.66,1.665,1.62,1.625,85833
BBN,20170614,1.6,1.68,1.59,1.67,232900
BBN,20170615,1.67,1.69,1.625,1.625,147979
BBN,20170616,1.645,1.82,1.64,1.82,490020
BBN,20170619,1.82,1.91,1.775,1.895,502747
BBN,20170620,1.9,1.99,1.89,1.99,802578
BBN,20170621,1.98,1.99,1.945,1.95,237500
BBN,20170622,1.95,1.985,1.945,1.95,348073
BBN,20170623,1.965,1.965,1.875,1.92,118036
BBN,20170626,1.92,1.95,1.85,1.855,158841
BBN,20170627,1.855,1.9,1.85,1.85,117733
BBN,20170628,1.85,1.955,1.85,1.955,551853
BBN,20170629,1.95,1.97,1.905,1.94,149713
BBN,20170630,1.945,1.955,1.92,1.945,100415
BBN,20170703,1.955,1.955,1.885,1.895,228810
BBN,20170704,1.88,1.9,1.87,1.87,221504
BBN,20170705,1.9,1.94,1.885,1.92,96124
BBN,20170706,1.92,1.925,1.9,1.92,193113
BBN,20170707,1.9,1.902,1.85,1.85,186208
BBN,20170710,1.85,1.897,1.85,1.88,253752
BBN,20170711,1.875,1.9,1.85,1.88,479349
BBN,20170712,1.88,1.905,1.815,1.865,130029
BBN,20170713,1.87,1.97,1.87,1.97,848813
BBN,20170714,1.97,1.99,1.94,1.985,120395
BBN,20170717,1.985,2.02,1.965,1.99,270016
BBN,20170718,1.99,2,1.92,1.975,106684
BBN,20170719,1.96,2.03,1.94,2,309080
BBN,20170720,2,2,1.88,1.9,269984
BBN,20170721,1.885,1.965,1.785,1.95,256815
BBN,20170724,1.95,1.98,1.895,1.95,48569
BBN,20170725,1.95,1.97,1.95,1.955,140377
BBN,20170726,1.95,1.98,1.95,1.98,42506
BBN,20170727,1.985,2.03,1.985,2,330562
BBN,20170728,1.98,2.03,1.91,2,219492
BBN,20170731,2,2.02,1.96,1.995,53295
BBN,20170801,2,2,1.9,1.9,88398
BBN,20170802,1.95,1.99,1.92,1.955,81086
BBN,20170803,1.98,2,1.92,1.97,92179
BBN,20170804,1.94,1.95,1.895,1.95,319504
BBN,20170807,1.92,1.95,1.92,1.95,72242
BBN,20170808,1.935,1.95,1.86,1.94,44155
BBN,20170809,1.935,1.97,1.91,1.96,68693
BBN,20170810,1.92,1.98,1.92,1.95,112050
BBN,20170811,1.7,1.75,1.585,1.6,7779202
BBN,20170815,1.705,1.77,1.67,1.77,451396
BBN,20170816,1.77,1.805,1.765,1.78,522453
BBN,20170817,1.79,1.8,1.7,1.735,438844
BBN,20170818,1.75,1.81,1.735,1.8,1140044
BBN,20170821,1.83,1.83,1.765,1.79,116577
BBN,20170822,1.78,1.78,1.73,1.73,1447526
BBN,20170823,1.75,1.82,1.75,1.82,1236301
BBN,20170824,1.79,1.85,1.775,1.83,111134
BBN,20170825,1.835,1.9,1.835,1.87,256378
BBN,20170828,1.87,1.89,1.855,1.87,285274
BBN,20170829,1.865,1.87,1.85,1.86,60246
BBN,20170830,1.86,1.87,1.8,1.85,45861
BBN,20170831,1.835,1.84,1.81,1.83,89010
BBN,20170901,1.83,1.875,1.83,1.84,80986
BBN,20170904,1.83,1.84,1.755,1.78,35487
BBN,20170905,1.785,1.82,1.765,1.81,19511
BBN,20170906,1.785,1.82,1.705,1.82,123788
BBN,20170907,1.82,1.83,1.76,1.805,162857
BBN,20170908,1.815,1.82,1.765,1.78,43512
BBN,20170911,1.775,1.8,1.72,1.74,390853
BBN,20170912,1.74,1.77,1.72,1.735,64755
BBN,20170913,1.725,1.765,1.725,1.76,360727
BBN,20170914,1.76,1.8,1.745,1.8,66483
BBN,20170915,1.755,1.79,1.75,1.775,328514
BBN,20170918,1.75,1.77,1.71,1.71,105967
BBN,20170919,1.68,1.69,1.655,1.67,1806517
BBN,20170920,1.685,1.74,1.665,1.715,91652
BBN,20170921,1.71,1.74,1.705,1.74,99505
BBN,20170922,1.73,1.82,1.73,1.805,120975
BBN,20170925,1.8,1.82,1.79,1.815,76950
BBN,20170926,1.8,1.84,1.8,1.84,79666
BBN,20170927,1.81,1.81,1.74,1.79,334046
BBN,20170928,1.785,1.85,1.78,1.85,417237
BBN,20170929,1.81,1.845,1.8,1.84,63646
BBN,20171002,1.85,1.85,1.84,1.85,110410
BBN,20171003,1.85,1.85,1.805,1.85,132963
BBN,20171004,1.85,1.86,1.8,1.84,100675
BBN,20171005,1.84,1.85,1.8,1.84,48035
BBN,20171006,1.84,1.84,1.81,1.825,67396
BBN,20171009,1.825,1.825,1.765,1.82,53944
BBN,20171010,1.815,1.835,1.8,1.8,49016
BBN,20171011,1.785,1.785,1.655,1.67,1403962
BBN,20171012,1.67,1.735,1.64,1.64,397197
BBN,20171013,1.64,1.69,1.64,1.67,116189
BBN,20171016,1.67,1.695,1.645,1.65,101804
BBN,20171017,1.645,1.66,1.63,1.645,137040
BBN,20171018,1.65,1.685,1.635,1.685,216457
BBN,20171019,1.69,1.69,1.66,1.66,39963
BBN,20171020,1.66,1.665,1.645,1.645,127500
BBN,20171023,1.655,1.655,1.63,1.635,248450
BBN,20171024,1.64,1.64,1.605,1.605,406605
BBN,20171025,1.605,1.64,1.605,1.625,137514
BBN,20171026,1.635,1.635,1.6,1.625,130220
BBN,20171027,1.63,1.64,1.625,1.635,129749
BBN,20171030,1.645,1.645,1.6,1.615,119859
BBN,20171031,1.61,1.62,1.6,1.61,73538
BBN,20171101,1.6,1.605,1.57,1.605,170942
BBN,20171102,1.59,1.605,1.575,1.585,101621
BBN,20171103,1.59,1.6,1.59,1.6,139600
BBN,20171106,1.6,1.615,1.57,1.6,269155
BBN,20171107,1.595,1.64,1.575,1.61,292911
BBN,20171108,1.63,1.665,1.615,1.65,166350
BBN,20171109,1.66,1.66,1.64,1.655,85511
BBN,20171110,1.66,1.66,1.64,1.655,85511
BBN,20171113,1.685,1.69,1.625,1.63,81522
BBN,20171114,1.63,1.63,1.51,1.52,473904
BBN,20171115,1.55,1.575,1.525,1.55,142414
BBN,20171116,1.54,1.547,1.515,1.53,135200
BBN,20171117,1.53,1.53,1.485,1.495,195600
BBN,20171120,1.27,1.44,1.26,1.41,2098795
BBN,20171121,1.4,1.4,1.33,1.34,1584667
BBN,20171122,1.33,1.395,1.33,1.39,781992
BBN,20171123,1.39,1.405,1.38,1.39,346282
BBN,20171124,1.385,1.402,1.385,1.395,446866
BBN,20171127,1.4,1.4,1.34,1.345,195731
BBN,20171128,1.345,1.36,1.31,1.34,862418
BBN,20171129,1.345,1.425,1.34,1.425,773435
BBN,20171130,1.37,1.42,1.37,1.405,138979
BBN,20171201,1.405,1.425,1.385,1.4,417765
BBN,20171204,1.4,1.425,1.38,1.4,179643
BBN,20171205,1.425,1.425,1.38,1.4,187383
BBN,20171206,1.39,1.47,1.39,1.465,483940
BBN,20171207,1.47,1.5,1.45,1.475,102389
BBN,20171208,1.49,1.535,1.49,1.52,171662
BBN,20171211,1.535,1.58,1.53,1.565,273359
BBN,20171212,1.565,1.575,1.55,1.565,160102
BBN,20171213,1.565,1.565,1.547,1.55,99452
BBN,20171214,1.55,1.57,1.55,1.55,58060
BBN,20171215,1.55,1.64,1.53,1.64,320573
BBN,20171218,1.64,1.665,1.55,1.57,153703
BBN,20171219,1.6,1.65,1.555,1.65,315195
BBN,20171220,1.605,1.645,1.6,1.635,212375
BBN,20171221,1.635,1.65,1.6,1.645,136372
BBN,20171222,1.645,1.665,1.61,1.635,127754
BBN,20171227,1.64,1.64,1.59,1.59,81808
BBN,20171228,1.59,1.64,1.58,1.63,32155
BBN,20171229,1.605,1.65,1.605,1.61,13812
BBN,20180102,1.61,1.682,1.61,1.66,222497
BBN,20180103,1.675,1.7,1.66,1.68,213536
BBN,20180104,1.695,1.705,1.685,1.685,63667
BBN,20180105,1.68,1.7,1.65,1.695,53748
BBN,20180108,1.69,1.7,1.64,1.69,157826
BBN,20180109,1.69,1.7,1.625,1.665,37684
BBN,20180110,1.68,1.68,1.635,1.635,85965
BBN,20180111,1.655,1.655,1.59,1.595,102032
BBN,20180112,1.615,1.615,1.52,1.545,157892
BBN,20180115,1.55,1.62,1.545,1.62,92021
BBN,20180116,1.545,1.61,1.545,1.61,42204
BBN,20180117,1.585,1.615,1.535,1.615,174923
BBN,20180118,1.6,1.605,1.57,1.57,35772
BBN,20180119,1.57,1.615,1.57,1.605,131652
BBN,20180122,1.6,1.635,1.6,1.615,66170
BBN,20180123,1.6,1.61,1.6,1.6,30224
BBN,20180124,1.6,1.61,1.57,1.58,77100
BBN,20180125,1.58,1.61,1.55,1.6,63323
BBN,20180129,1.6,1.61,1.57,1.61,34650
BBN,20180130,1.6,1.605,1.56,1.565,128132
BBN,20180131,1.58,1.58,1.53,1.56,271318
BBN,20180201,1.57,1.62,1.555,1.615,247242
BBN,20180202,1.625,1.625,1.57,1.6,45704
BBN,20180205,1.59,1.625,1.58,1.605,34732
BBN,20180207,1.56,1.575,1.535,1.57,26674
BBN,20180208,1.565,1.595,1.56,1.57,90029
BBN,20180209,1.54,1.555,1.515,1.52,104402
BBN,20180212,1.5,1.51,1.47,1.5,233794
BBN,20180213,1.5,1.52,1.495,1.505,478574
BBN,20180214,1.5,1.51,1.485,1.495,410121
BBN,20180215,1.48,1.515,1.475,1.475,94991
BBN,20180216,1.48,1.645,1.48,1.56,1254377
BBN,20180219,1.595,1.67,1.58,1.62,189620
BBN,20180220,1.62,1.63,1.592,1.62,705966
BBN,20180221,1.62,1.625,1.58,1.61,624492
BBN,20180222,1.605,1.61,1.525,1.57,57736
BBN,20180223,1.565,1.57,1.5,1.54,72034
BBN,20180226,1.55,1.55,1.5,1.5,101667
BBN,20180227,1.51,1.53,1.47,1.485,333997
BBN,20180228,1.485,1.49,1.44,1.475,767723
BBN,20180301,1.48,1.5,1.4,1.445,138929
BBN,20180302,1.445,1.445,1.4,1.445,186505
BBN,20180305,1.43,1.455,1.425,1.425,240935
BBN,20180306,1.425,1.43,1.39,1.415,242838
BBN,20180307,1.39,1.402,1.34,1.38,252507
BBN,20180308,1.385,1.47,1.38,1.445,325787
BBN,20180309,1.455,1.455,1.4,1.42,146100
BBN,20180312,1.41,1.485,1.41,1.465,154872
BBN,20180313,1.415,1.46,1.395,1.42,128798
BBN,20180314,1.415,1.44,1.405,1.405,31514
BBN,20180315,1.422,1.425,1.4,1.41,149121
BBN,20180316,1.4,1.4,1.34,1.38,1436483
BBN,20180319,1.36,1.41,1.33,1.37,213361
BBN,20180320,1.365,1.39,1.35,1.355,120682
BBN,20180321,1.35,1.395,1.35,1.36,56597
BBN,20180322,1.36,1.39,1.36,1.38,30077
BBN,20180323,1.365,1.4,1.36,1.395,1090460
BBN,20180326,1.36,1.4,1.32,1.38,195875
BBN,20180327,1.37,1.38,1.35,1.38,78004
BBN,20180328,1.35,1.37,1.32,1.33,82019
BBN,20180329,1.375,1.375,1.255,1.315,98061
BBN,20180403,1.315,1.33,1.295,1.3,360933
BBN,20180404,1.31,1.315,1.29,1.29,801589
BBN,20180405,1.29,1.29,1.28,1.29,163130
BBN,20180406,1.28,1.28,1.26,1.27,48589
BBN,20180409,1.27,1.275,1.255,1.265,112920
BBN,20180410,1.265,1.335,1.255,1.31,3680979
BBN,20180411,1.31,1.42,1.305,1.4,912972
BBN,20180412,1.42,1.42,1.325,1.35,197004
BBN,20180413,1.375,1.375,1.315,1.335,40681
BBN,20180416,1.33,1.365,1.32,1.35,33830
BBN,20180417,1.345,1.36,1.315,1.345,51849
BBN,20180418,1.34,1.355,1.325,1.345,31838
BBN,20180419,1.335,1.36,1.335,1.36,76904
BBN,20180420,1.36,1.36,1.35,1.35,76984
BBN,20180423,1.35,1.37,1.335,1.37,56115
BBN,20180424,1.335,1.38,1.335,1.37,12753
BBN,20180426,1.37,1.37,1.33,1.365,29737
BBN,20180427,1.35,1.365,1.35,1.355,294116
BBN,20180430,1.345,1.36,1.345,1.36,7738
BBN,20180501,1.36,1.375,1.32,1.33,287847
BBN,20180502,1.33,1.35,1.31,1.32,75045
BBN,20180503,1.325,1.35,1.25,1.33,1224412
BBN,20180504,1.26,1.345,1.26,1.345,605513
BBN,20180507,1.345,1.36,1.33,1.36,63946
BBN,20180508,1.3,1.355,1.28,1.34,530812
BBN,20180509,1.38,1.44,1.37,1.4,851563
BBN,20180510,1.405,1.575,1.405,1.55,159220
BBN,20180511,1.56,1.59,1.505,1.55,670586
BBN,20180514,1.565,1.585,1.55,1.57,721468
BBN,20180515,1.53,1.57,1.505,1.56,128722
BBN,20180516,1.525,1.56,1.52,1.56,74296
BBN,20180517,1.56,1.57,1.54,1.565,112590
BBN,20180518,1.54,1.55,1.49,1.515,337243
BBN,20180521,1.485,1.505,1.41,1.45,240846
BBN,20180522,1.45,1.5,1.435,1.475,1179039
BBN,20180523,1.47,1.49,1.425,1.47,52049
BBN,20180524,1.46,1.47,1.43,1.43,22987
BBN,20180525,1.435,1.47,1.43,1.43,503077
BBN,20180528,1.42,1.43,1.365,1.43,212301
BBN,20180529,1.43,1.47,1.412,1.46,37279
BBN,20180530,1.45,1.47,1.432,1.455,121486
BBN,20180531,1.46,1.49,1.46,1.48,717631
BBN,20180601,1.47,1.5,1.45,1.47,137914
BBN,20180604,1.49,1.5,1.475,1.5,173174
BBN,20180605,1.49,1.49,1.45,1.48,85524
BBN,20180606,1.49,1.5,1.48,1.5,104209
BBN,20180607,1.5,1.5,1.48,1.48,28248
BBN,20180608,1.48,1.5,1.44,1.47,106995
BBN,20180612,1.48,1.48,1.425,1.455,133938
BBN,20180613,1.45,1.475,1.425,1.475,537650
BBN,20180614,1.47,1.475,1.415,1.47,578031
BBN,20180615,1.45,1.45,1.4,1.44,185966
BBN,20180618,1.44,1.44,1.39,1.44,324680
BBN,20180619,1.43,1.44,1.36,1.44,196974
BBN,20180620,1.405,1.44,1.405,1.435,18809
BBN,20180621,1.43,1.44,1.4,1.425,326245
BBN,20180622,1.425,1.45,1.355,1.36,895476
BBN,20180625,1.38,1.44,1.35,1.44,157439
BBN,20180626,1.445,1.48,1.37,1.48,257625
BBN,20180627,1.48,1.48,1.43,1.48,94702
BBN,20180628,1.45,1.475,1.395,1.455,72801
BBN,20180629,1.42,1.455,1.405,1.455,208772
BBN,20180702,1.455,1.46,1.44,1.44,112167
BBN,20180703,1.44,1.475,1.415,1.47,65550
BBN,20180704,1.47,1.49,1.44,1.48,143402
BBN,20180705,1.48,1.49,1.455,1.48,230793
BBN,20180706,1.48,1.48,1.45,1.48,31016
BBN,20180710,1.465,1.495,1.45,1.49,245348
BBN,20180711,1.485,1.5,1.485,1.5,59420
BBN,20180712,1.485,1.5,1.47,1.49,44383
BBN,20180713,1.495,1.55,1.49,1.49,240918
BBN,20180716,1.49,1.52,1.47,1.47,93499
BBN,20180717,1.495,1.52,1.475,1.49,33981
BBN,20180718,1.49,1.5,1.47,1.475,29534
BBN,20180719,1.49,1.49,1.45,1.47,71013
BBN,20180720,1.475,1.48,1.45,1.475,33595
BBN,20180723,1.45,1.5,1.43,1.5,67885
BBN,20180724,1.5,1.5,1.44,1.47,22797
BBN,20180725,1.445,1.485,1.44,1.445,36546
BBN,20180726,1.455,1.49,1.45,1.49,18848
BBN,20180727,1.485,1.535,1.48,1.53,1204175
BBN,20180730,1.55,1.56,1.535,1.55,98114
BBN,20180731,1.53,1.655,1.53,1.64,533317
BBN,20180801,1.62,1.675,1.62,1.665,313377
BBN,20180802,1.67,1.7,1.65,1.68,1058901
BBN,20180803,1.7,1.78,1.685,1.755,270969
BBN,20180806,1.755,1.78,1.73,1.75,196451
BBN,20180807,1.78,1.785,1.725,1.73,214489
BBN,20180808,1.75,1.79,1.74,1.78,162313
BBN,20180809,1.78,1.795,1.74,1.74,214110
BBN,20180810,2.32,2.41,2.15,2.41,5857178
BBN,20180813,2.39,2.47,2.28,2.37,2371973
BBN,20180814,2.4,2.56,2.38,2.47,1162307
BBN,20180816,2.51,2.51,2.43,2.43,341163
BBN,20180817,2.42,2.42,2.36,2.37,1457255
BBN,20180820,2.32,2.4,2.26,2.37,1154691
BBN,20180821,2.37,2.39,2.36,2.37,436353
BBN,20180822,2.38,2.45,2.365,2.42,346205
BBN,20180823,2.4,2.43,2.37,2.4,755677
BBN,20180824,2.39,2.41,2.34,2.39,1473410
BBN,20180827,2.35,2.4,2.34,2.39,324973
BBN,20180828,2.4,2.42,2.38,2.4,548985
BBN,20180829,2.39,2.42,2.35,2.4,1105189
BBN,20180830,2.39,2.41,2.37,2.37,302583
BBN,20180831,2.37,2.4,2.3,2.4,287611
BBN,20180903,2.4,2.4,2.37,2.39,123605
BBN,20180904,2.39,2.4,2.36,2.4,479933
BBN,20180905,2.4,2.53,2.4,2.51,595707
BBN,20180906,2.52,2.55,2.36,2.46,449496
BBN,20180907,2.46,2.46,2.38,2.42,116601
BBN,20180910,2.4,2.4,2.33,2.37,88146
BBN,20180913,2.35,2.38,2.315,2.37,117054
BBN,20180914,2.35,2.37,2.34,2.36,389078
BBN,20180917,2.36,2.42,2.35,2.35,154276
BBN,20180918,2.33,2.36,2.3,2.34,95164
BBN,20180919,2.37,2.37,2.31,2.36,57345
BBN,20180920,2.31,2.35,2.3,2.35,102144
BBN,20180921,2.32,2.34,2.31,2.33,86497
BBN,20180924,2.32,2.34,2.31,2.34,43922
BBN,20180925,2.34,2.34,2.31,2.31,96847
BBN,20180926,2.33,2.34,2.31,2.32,84422
BBN,20180927,2.32,2.34,2.31,2.31,55629
BBN,20180928,2.31,2.34,2.305,2.33,115302
BBN,20181001,2.31,2.34,2.305,2.31,37888
BBN,20181002,2.3,2.39,2.3,2.35,125525
BBN,20181003,2.33,2.38,2.33,2.38,89682
BBN,20181004,2.38,2.39,2.36,2.39,74700
BBN,20181005,2.36,2.43,2.35,2.41,711560
BBN,20181008,2.41,2.54,2.41,2.49,598070
BBN,20181009,2.5,2.58,2.5,2.54,132231
BBN,20181010,2.54,2.58,2.49,2.49,70812
BBN,20181011,2.47,2.47,2.3,2.45,183356
BBN,20181012,2.4,2.46,2.35,2.45,100349
BBN,20181015,2.37,2.45,2.37,2.44,15980
BBN,20181016,2.41,2.52,2.41,2.5,108693
BBN,20181017,2.53,2.63,2.41,2.54,1197607
BBN,20181018,2.58,2.59,2.46,2.59,426899
BBN,20181019,2.59,2.61,2.52,2.53,116439
BBN,20181022,2.53,2.59,2.39,2.4,48077
BBN,20181023,2.38,2.49,2.37,2.45,31692
BBN,20181024,2.42,2.45,2.35,2.37,63588
BBN,20181025,2.32,2.32,2.13,2.15,734400
BBN,20181026,2.2,2.27,2.16,2.17,679109
BBN,20181030,2.19,2.245,2.15,2.22,207351
BBN,20181031,2.24,2.24,2.16,2.2,217455
BBN,20181101,2.2,2.25,2.16,2.24,102045
BBN,20181102,2.25,2.28,2.18,2.23,98015
BBN,20181105,2.25,2.25,2.15,2.18,464873
BBN,20181106,2.16,2.19,2.15,2.19,84509
BBN,20181107,2.19,2.19,2.16,2.19,29948
BBN,20181108,2.19,2.19,2.15,2.16,124889
BBN,20181109,2.15,2.19,2.15,2.19,54573
BBN,20181112,2.18,2.18,2.11,2.15,118544
BBN,20181113,2.12,2.14,2.11,2.11,172281
BBN,20181114,2.11,2.16,2.03,2.03,183596
BBN,20181115,2.05,2.05,1.95,1.96,227528
BBN,20181116,1.96,2.08,1.96,1.985,200277
BBN,20181119,2.26,2.42,2.2,2.2,535378
BBN,20181120,2.15,2.16,2.04,2.12,367378
BBN,20181121,2.13,2.18,2.08,2.13,46898
BBN,20181122,2.12,2.13,2.02,2.1,175737
BBN,20181123,2.02,2.11,2.02,2.08,58048
BBN,20181126,2.06,2.18,2.03,2.15,82354
BBN,20181127,2.19,2.2,2.08,2.19,197209
BBN,20181128,2.18,2.26,2.16,2.26,100811
BBN,20181129,2.27,2.31,2.25,2.27,488476
BBN,20181130,2.28,2.325,2.25,2.32,203450
BBN,20181203,2.33,2.4,2.3,2.33,551016
BBN,20181204,2.32,2.44,2.24,2.38,1361584
BBN,20181205,2.38,2.4,2.35,2.36,105236
BBN,20181206,2.36,2.36,2.21,2.24,111016
BBN,20181207,2.24,2.25,2.18,2.24,271129
BBN,20181210,2.24,2.24,2.14,2.16,39354
BBN,20181211,2.14,2.16,2.06,2.09,413738
BBN,20181212,2.1,2.13,2.03,2.1,838694
BBN,20181213,2.14,2.14,2.02,2.03,206186
BBN,20181214,2.02,2.1,2,2.06,591264
BBN,20181217,2.09,2.1,2.07,2.09,40965
BBN,20181218,2.1,2.12,2.05,2.05,180961
BBN,20181219,2.1,2.13,2.05,2.09,1604101
BBN,20181220,2.06,2.08,2.04,2.06,272776
BBN,20181221,2.06,2.06,2.04,2.05,179055
BBN,20181224,2.1,2.12,2.07,2.1,48182
BBN,20181227,2.12,2.14,2.1,2.11,31796
BBN,20181228,2.11,2.15,2.07,2.11,58022
BBN,20181231,2.15,2.23,2.15,2.17,74986
BBN,20190102,2.21,2.25,2.2,2.24,47359
BBN,20190103,2.24,2.24,2.13,2.14,131331
BBN,20190104,2.13,2.16,2.05,2.09,97648
BBN,20190107,2.12,2.13,2.08,2.1,65451
BBN,20190108,2.1,2.15,2.07,2.13,74808
BBN,20190109,2.13,2.23,2.12,2.14,51242
BBN,20190110,2.15,2.15,2.12,2.12,35968
BBN,20190111,2.17,2.17,2.11,2.11,167987
BBN,20190114,2.15,2.15,2.08,2.09,38549
BBN,20190115,2.17,2.17,2.1,2.11,36245
BBN,20190116,2.12,2.13,2.09,2.09,56518
BBN,20190117,2.08,2.14,2.08,2.08,113655
BBN,20190118,2.08,2.13,2.08,2.1,30842
BBN,20190121,2.12,2.14,2.07,2.11,170102
BBN,20190122,2.12,2.13,2.1,2.12,62158
BBN,20190123,2.12,2.13,2.11,2.12,73881
BBN,20190124,2.13,2.14,2.12,2.13,37789
BBN,20190125,2.14,2.17,2.1,2.11,136356
BBN,20190129,2.15,2.15,2.11,2.15,29383
BBN,20190130,2.15,2.15,2.1,2.12,83757
BBN,20190131,2.11,2.13,2.1,2.11,125421
BBN,20190201,2.12,2.17,2.11,2.14,234204
BBN,20190204,2.15,2.16,2.09,2.1,170575
BBN,20190205,2.14,2.14,2.07,2.1,495851
BBN,20190206,2.1,2.12,2.07,2.12,259552
BBN,20190207,2.12,2.16,2.12,2.15,208602
BBN,20190208,2.15,2.15,2.11,2.12,166390
BBN,20190211,2.14,2.15,2.11,2.14,1205008
BBN,20190212,2.14,2.31,2.13,2.21,445275
BBN,20190213,2.23,2.27,2.22,2.24,345532
BBN,20190214,2.26,2.33,2.24,2.33,688086
BBN,20190215,2.4,2.43,2.15,2.19,1760271
BBN,20190218,2.28,2.29,2.18,2.18,817197
BBN,20190219,2.23,2.23,2.17,2.21,2339152
BBN,20190220,2.17,2.21,2.12,2.18,398670
BBN,20190221,2.19,2.24,2.16,2.22,659421
BBN,20190222,2.24,2.31,2.22,2.27,234894
BBN,20190225,2.27,2.35,2.27,2.32,126366
BBN,20190226,2.26,2.34,2.26,2.29,171970
BBN,20190227,2.29,2.38,2.26,2.36,189336
BBN,20190228,2.3,2.385,2.26,2.36,292203
BBN,20190301,2.37,2.37,2.31,2.37,237161
BBN,20190304,2.38,2.39,2.35,2.37,261179
BBN,20190305,2.35,2.39,2.31,2.37,132251
BBN,20190306,2.34,2.38,2.34,2.38,795182
BBN,20190307,2.35,2.4,2.34,2.39,503272
BBN,20190308,2.4,2.4,2.37,2.39,480716
BBN,20190311,2.38,2.38,2.31,2.36,136015
BBN,20190312,2.36,2.39,2.355,2.37,558300
BBN,20190313,2.37,2.39,2.36,2.38,268622
BBN,20190314,2.38,2.39,2.35,2.35,590561
BBN,20190315,2.36,2.39,2.31,2.38,3551210
BBN,20190318,2.39,2.4,2.35,2.35,86024
BBN,20190319,2.38,2.4,2.36,2.37,155570
BBN,20190320,2.38,2.39,2.3,2.33,431692
BBN,20190321,2.35,2.4,2.31,2.37,310209
BBN,20190322,2.4,2.4,2.31,2.34,71205
BBN,20190325,2.3,2.305,2.22,2.29,247803
BBN,20190326,2.31,2.31,2.24,2.29,157294
BBN,20190327,2.27,2.28,2.2,2.22,111402
BBN,20190328,2.24,2.24,2.14,2.21,242795
BBN,20190329,2.25,2.28,2.17,2.2,67142
BBN,20190401,2.21,2.29,2.19,2.24,201195
BBN,20190402,2.24,2.25,2.21,2.22,88830
BBN,20190403,2.23,2.27,2.2,2.21,151183
BBN,20190404,2.22,2.29,2.2,2.29,148469
BBN,20190405,2.29,2.29,2.18,2.21,45648
BBN,20190408,2.25,2.38,2.25,2.28,105430
BBN,20190409,2.35,2.38,2.3,2.38,284297
BBN,20190410,2.36,2.39,2.3,2.35,120820
BBN,20190411,2.35,2.38,2.32,2.33,164223
BBN,20190412,2.33,2.36,2.32,2.34,456827
BBN,20190415,2.36,2.39,2.34,2.35,340061
BBN,20190416,2.35,2.44,2.35,2.4,401990
BBN,20190417,2.4,2.45,2.32,2.33,151256
BBN,20190418,2.33,2.36,2.26,2.3,78714
BBN,20190423,2.33,2.43,2.33,2.4,73892
BBN,20190424,2.4,2.48,2.4,2.47,157083
BBN,20190426,2.47,2.47,2.4,2.42,105286
BBN,20190429,2.42,2.455,2.36,2.4,127579
BBN,20190430,2.35,2.45,2.35,2.45,98418
BBN,20190501,2.42,2.45,2.35,2.42,218300
BBN,20190502,2.43,2.43,2.3,2.39,105077
BBN,20190503,2.36,2.38,2.3,2.31,177765
BBN,20190506,2.3,2.36,2.29,2.34,103050
BBN,20190507,2.28,2.35,2.28,2.31,171651
BBN,20190508,2.25,2.31,2.24,2.3,78414
BBN,20190509,2.31,2.31,2.21,2.26,67390
BBN,20190510,2.24,2.4,2.24,2.26,105514
BBN,20190513,2.26,2.36,2.25,2.3,35155
BBN,20190514,2.26,2.3,2.24,2.29,47638
BBN,20190515,2.28,2.29,2.25,2.26,123207
BBN,20190516,2.23,2.29,2.23,2.25,1017450
BBN,20190517,2.23,2.3,2.23,2.27,44264
BBN,20190520,2.28,2.36,2.28,2.3,209274
BBN,20190521,2.27,2.32,2.27,2.28,58626
BBN,20190522,2.34,2.35,2.26,2.27,198510
BBN,20190523,2.3,2.33,2.27,2.3,110868
BBN,20190524,2.3,2.39,2.28,2.33,219130
BBN,20190527,2.33,2.38,2.32,2.38,315602
BBN,20190528,2.35,2.39,2.34,2.36,218048
BBN,20190529,2.35,2.36,2.32,2.35,205324
BBN,20190530,2.35,2.41,2.34,2.37,112129
BBN,20190531,2.36,2.45,2.35,2.45,127428
BBN,20190603,2.35,2.43,2.35,2.4,63477
BBN,20190604,2.4,2.4,2.26,2.29,93234
BBN,20190605,2.34,2.36,2.29,2.29,90307
BBN,20190606,2.3,2.3,2.22,2.25,184510
BBN,20190607,2.23,2.24,2.15,2.15,722459
BBN,20190611,2.14,2.15,2.08,2.14,790213
BBN,20190612,2.1,2.21,2.1,2.12,282782
BBN,20190613,2.15,2.15,2.05,2.09,203967
BBN,20190614,2.11,2.12,2.05,2.1,157510
BBN,20190617,2.1,2.22,2.09,2.18,510542
BBN,20190618,2.18,2.27,2.18,2.25,254358
BBN,20190619,2.25,2.27,2.21,2.25,118623
BBN,20190620,2.28,2.32,2.25,2.29,593578
BBN,20190621,2.26,2.29,2.215,2.25,405345
BBN,20190624,2.25,2.255,2.16,2.16,1223496
BBN,20190625,2.15,2.16,2.12,2.15,189752
BBN,20190626,2.12,2.17,2.07,2.08,101516
BBN,20190627,2.1,2.19,2.08,2.19,629938
BBN,20190628,2.175,2.21,2.145,2.16,232998
BBN,20190701,2.17,2.2,2.13,2.13,38824
BBN,20190702,2.14,2.15,2.11,2.15,331846
BBN,20190703,2.15,2.16,2.12,2.13,83034
BBN,20190704,2.125,2.21,2.08,2.21,294795
BBN,20190705,2.22,2.25,2.17,2.18,135058
BBN,20190708,2.16,2.23,2.155,2.23,458079
BBN,20190709,2.21,2.24,2.18,2.2,232726
BBN,20190710,2.17,2.22,2.16,2.22,1164613
BBN,20190711,2.22,2.4,2.21,2.34,644094
BBN,20190712,2.39,2.4,2.34,2.34,158887
BBN,20190715,2.34,2.36,2.33,2.33,93492
BBN,20190716,2.35,2.35,2.3,2.33,126821
BBN,20190717,2.36,2.36,2.33,2.33,82344
BBN,20190718,2.33,2.36,2.29,2.29,107575
BBN,20190719,2.31,2.37,2.28,2.31,74563
BBN,20190722,2.31,2.35,2.27,2.27,81674
BBN,20190723,2.28,2.3,2.26,2.27,69408
BBN,20190724,2.3,2.38,2.28,2.32,247347
BBN,20190725,2.35,2.37,2.34,2.35,239992
BBN,20190726,2.35,2.36,2.29,2.36,62843
BBN,20190729,2.38,2.38,2.3,2.37,65562
BBN,20190730,2.37,2.41,2.31,2.31,121055
BBN,20190731,2.38,2.44,2.31,2.39,130112
BBN,20190801,2.39,2.395,2.3,2.35,93216
BBN,20190802,2.32,2.38,2.29,2.3,60749
BBN,20190805,2.33,2.34,2.16,2.2,147517
BBN,20190806,2.18,2.22,2.07,2.22,218003
BBN,20190807,2.2,2.26,2.14,2.17,96482
BBN,20190808,2.2,2.25,2.17,2.18,67967
BBN,20190809,2.21,2.29,2.18,2.19,120576
BBN,20190812,2.23,2.24,2.21,2.22,349936
BBN,20190813,2.21,2.25,2.17,2.2,135197
BBN,20190814,2.2,2.35,2.2,2.28,279536
BBN,20190815,2.25,2.45,2.22,2.43,423462
BBN,20190816,2.7,2.9,2.67,2.7,2595338
BBN,20190819,2.79,2.86,2.75,2.83,1060311
BBN,20190820,2.86,2.93,2.8,2.92,871724
BBN,20190821,2.91,2.92,2.82,2.85,631607
BBN,20190822,2.88,3.02,2.88,3,656834
BBN,20190823,3.02,3.04,2.94,3.01,643547
BBN,20190826,2.98,3.03,2.88,2.97,421795
BBN,20190827,2.97,3.08,2.97,3.04,499112
BBN,20190828,3.09,3.11,2.95,2.98,372573
BBN,20190829,3,3.02,2.96,2.98,304936
BBN,20190830,2.99,2.99,2.96,2.98,697933
BBN,20190902,2.96,2.98,2.92,2.95,576634
BBN,20190903,2.95,2.96,2.86,2.9,189919
BBN,20190904,2.9,2.94,2.835,2.86,282512
BBN,20190905,2.91,2.94,2.84,2.94,1089976
BBN,20190906,2.95,3,2.93,2.97,807085
BBN,20190909,2.99,3.02,2.96,3.01,1344490
BBN,20190910,3.02,3.2,3.015,3.19,795883
BBN,20190911,3.2,3.3,3.19,3.3,2193594
BBN,20190912,3.36,3.45,3.31,3.36,1071631
BBN,20190913,3.4,3.48,3.345,3.43,975799
BBN,20190916,3.56,3.62,3.51,3.55,1472956
BBN,20190917,3.56,3.645,3.33,3.38,1271084
BBN,20190918,3.4,3.47,3.395,3.42,449035
BBN,20190919,3.45,3.5,3.39,3.43,1044090
BBN,20190920,3.42,3.42,3.25,3.32,632488
BBN,20190923,3.38,3.38,3.28,3.34,340330
BBN,20190924,3.3,3.435,3.3,3.4,659711
BBN,20190925,3.35,3.44,3.32,3.4,390200
BBN,20190926,3.45,3.59,3.44,3.45,869820
BBN,20190927,3.45,3.58,3.45,3.55,608977
BBN,20190930,3.58,3.58,3.51,3.55,194662
BBN,20191001,3.55,3.64,3.52,3.63,699572
BBN,20191002,3.6,3.74,3.56,3.65,1521012
BBN,20191003,3.64,3.66,3.57,3.64,204263
BBN,20191004,3.7,3.7,3.6,3.64,338596
BBN,20191007,3.65,3.76,3.64,3.72,331665
BBN,20191008,3.69,3.7,3.3,3.5,1898099
BBN,20191009,3.53,3.68,3.46,3.47,726951
BBN,20191010,3.47,3.51,3.42,3.47,333790
BBN,20191011,3.49,3.49,3.35,3.41,367775
BBN,20191014,3.44,3.5,3.36,3.39,340667
BBN,20191015,3.39,3.41,3.34,3.37,336920
BBN,20191016,3.38,3.41,3.27,3.4,270664
BBN,20191017,3.4,3.405,3.31,3.37,184330
BBN,20191018,3.36,3.51,3.31,3.48,830020
BBN,20191021,3.5,3.52,3.39,3.5,315978
BBN,20191022,3.49,3.59,3.47,3.56,428857
BBN,20191023,3.64,3.86,3.57,3.75,1003346
BBN,20191024,3.75,3.84,3.67,3.72,352858
BBN,20191025,3.8,3.89,3.73,3.79,623678
BBN,20191028,3.84,3.9,3.79,3.81,466059
BBN,20191029,3.83,3.87,3.76,3.81,996917
BBN,20191030,3.8,3.98,3.8,3.92,483942
BBN,20191031,3.99,3.995,3.9,3.95,552772
BBN,20191101,4,4.03,3.9,3.93,305007
BBN,20191104,3.93,3.99,3.86,3.86,351718
BBN,20191105,3.88,3.92,3.83,3.87,237622
BBN,20191106,3.86,3.95,3.77,3.79,1359150
BBN,20191107,3.8,3.87,3.78,3.81,187243
BBN,20191108,3.77,3.81,3.7,3.71,316891
BBN,20191111,3.74,3.76,3.68,3.71,280116
BBN,20191112,3.78,3.78,3.62,3.7,209576
BBN,20191113,3.7,3.82,3.67,3.81,429199
BBN,20191114,3.81,3.84,3.75,3.75,173438
BBN,20191115,3.75,3.84,3.69,3.76,112270
BBN,20191118,3.77,3.82,3.7,3.72,151882
BBN,20191119,3.72,3.82,3.65,3.73,230084
BBN,20191120,3.72,3.86,3.71,3.8,217015
BBN,20191121,3.79,3.79,3.52,3.56,482121
BBN,20191122,3.65,3.65,3.45,3.52,267082
BBN,20191125,3.49,3.5,3.19,3.28,585771
BBN,20191126,3.28,3.54,3.26,3.47,668020
BBN,20191127,3.47,3.5,3.36,3.39,489666
BBN,20191128,3.33,3.45,3.31,3.4,309361
BBN,20191129,3.4,3.42,3.3,3.34,199202
BBN,20191202,3.32,3.34,3.31,3.32,136911
BBN,20191203,3.3,3.35,3.24,3.35,581633
BBN,20191204,3.35,3.35,3.27,3.31,744252
BBN,20191205,3.34,3.56,3.31,3.4,676909
BBN,20191206,3.31,3.44,3.31,3.39,154863
BBN,20191209,3.39,3.51,3.38,3.51,295171
BBN,20191210,3.47,3.5,3.39,3.42,195339
BBN,20191211,3.42,3.59,3.32,3.33,219421
BBN,20191212,3.31,3.32,3.19,3.24,847941
BBN,20191213,3.22,3.27,3.19,3.21,394168
BBN,20191216,3.14,3.195,3.03,3.17,775024
BBN,20191217,3.16,3.33,3.16,3.29,509999
BBN,20191218,3.3,3.53,3.3,3.44,602370
BBN,20191219,3.41,3.54,3.41,3.46,361925
BBN,20191220,3.53,3.53,3.42,3.46,244195
BBN,20191223,3.46,3.46,3.33,3.42,462867
BBN,20191224,3.38,3.42,3.37,3.4,94031
BBN,20191227,3.37,3.42,3.33,3.4,222754
BBN,20191230,3.4,3.43,3.36,3.4,88560
BBN,20191231,3.41,3.41,3.32,3.36,29512
BBN,20200102,3.4,3.4,3.23,3.26,104520
BBN,20200103,3.27,3.28,3.2,3.22,196381
BBN,20200106,3.2,3.26,3.16,3.2,270525
BBN,20200107,3.16,3.215,3.16,3.2,190709
BBN,20200108,3.21,3.23,3.16,3.23,225630
BBN,20200109,3.19,3.235,3.19,3.23,259035
BBN,20200113,3.26,3.34,3.26,3.33,414557
BBN,20200114,3.33,3.5,3.33,3.43,341900
BBN,20200115,3.4,3.51,3.4,3.47,221900
BBN,20200116,3.48,3.48,3.36,3.36,198774
BBN,20200117,3.36,3.43,3.31,3.38,226555
BBN,20200120,3.42,3.5,3.38,3.46,232029
BBN,20200121,3.47,3.47,3.38,3.44,184338
BBN,20200122,3.49,3.65,3.44,3.6,977354
BBN,20200123,3.56,3.595,3.51,3.54,351250
BBN,20200124,3.5,3.68,3.5,3.61,425186
BBN,20200128,3.59,3.59,3.435,3.45,268092
BBN,20200129,3.5,3.5,3.41,3.45,105412
BBN,20200130,3.45,3.45,3.32,3.37,297291
BBN,20200203,3.3,3.36,3.25,3.32,614254
BBN,20200204,3.35,3.4,3.31,3.36,291693
BBN,20200205,3.38,3.5,3.32,3.34,249377
BBN,20200210,3.48,3.64,3.48,3.54,347150
BBN,20200211,3.59,3.63,3.5,3.53,537452
BBN,20200212,3.6,3.69,3.57,3.59,678821
BBN,20200213,3.6,3.86,3.59,3.8,1597124
BBN,20200214,3.45,3.62,3.25,3.6,5275990
BBN,20200217,3.77,3.8,3.52,3.59,1633332
BBN,20200218,3.61,3.75,3.595,3.6,1611451
BBN,20200219,3.61,3.7,3.46,3.55,940163
BBN,20200220,3.55,3.62,3.395,3.45,641147
BBN,20200221,3.5,3.59,3.45,3.57,569449
BBN,20200224,3.52,3.57,3.4,3.45,818748
BBN,20200225,3.31,3.36,3.24,3.3,701874
BBN,20200226,3.22,3.24,3.1,3.11,1405230
BBN,20200227,3.05,3.11,2.98,3.03,1410192
BBN,20200228,2.98,3.03,2.87,2.99,1219534
BBN,20200302,2.86,3.01,2.78,3,1118331
BBN,20200303,3.01,3.19,2.94,2.99,945671
BBN,20200304,2.95,3.02,2.92,3,564975
BBN,20200305,3.05,3.13,2.98,2.99,896284
BBN,20200306,2.9,2.94,2.78,2.78,603899
BBN,20200309,2.71,2.73,2.58,2.67,869151
BBN,20200310,2.52,2.88,2.5,2.83,972641
BBN,20200311,2.85,2.91,2.62,2.68,916112
BBN,20200312,2.57,2.68,2.34,2.47,1481768
BBN,20200313,2.32,2.52,2.3,2.43,1455299
BBN,20200316,2.35,2.48,2.22,2.31,708008
BBN,20200317,2.25,2.32,2.15,2.29,702792
BBN,20200318,2.24,2.28,1.895,1.9,1072573
BBN,20200319,1.89,1.89,1.51,1.53,1125816
BBN,20200320,1.565,1.67,1.53,1.65,1043186
BBN,20200323,1.61,1.715,1.515,1.6,1102403
BBN,20200324,1.605,1.85,1.605,1.83,526633
BBN,20200325,1.98,1.985,1.67,1.73,1221640
BBN,20200326,1.73,1.8,1.665,1.7,1039871
BBN,20200327,1.74,2.11,1.74,2.11,1549303
BBN,20200330,2.05,2.19,1.94,2.13,691271
BBN,20200331,2.2,2.34,2.13,2.24,1145057
BBN,20200401,2.25,2.34,2.18,2.26,411299
BBN,20200402,2.25,2.34,2.16,2.32,447144
BBN,20200403,2.35,2.4,2.17,2.21,320721
BBN,20200406,2.23,2.32,2.205,2.22,198651
BBN,20200407,2.31,2.48,2.31,2.39,531264
BBN,20200408,2.38,2.44,2.34,2.34,369530
BBN,20200409,2.43,2.67,2.43,2.63,504055
BBN,20200414,2.7,2.78,2.6,2.7,671554
BBN,20200415,2.76,2.78,2.62,2.68,761169
BBN,20200416,2.66,2.67,2.52,2.55,722346
BBN,20200417,2.59,2.77,2.59,2.67,326486
BBN,20200420,2.65,2.67,2.56,2.57,513477
BBN,20200421,2.55,2.61,2.38,2.39,245671
BBN,20200422,2.34,2.43,2.29,2.35,414601
BBN,20200423,2.5,2.51,2.38,2.47,1191577
BBN,20200424,2.53,2.61,2.43,2.54,1441787
BBN,20200427,2.54,2.67,2.52,2.62,311790
BBN,20200428,2.71,2.71,2.62,2.65,308612
BBN,20200429,2.66,2.87,2.63,2.86,1375838
BBN,20200430,2.91,2.94,2.69,2.73,726974
BBN,20200501,2.72,2.74,2.6,2.7,350321
BBN,20200504,2.7,2.7,2.55,2.67,408869
BBN,20200505,2.63,2.77,2.62,2.69,447494
BBN,20200506,2.7,2.7,2.58,2.6,147733
BBN,20200507,2.58,2.71,2.58,2.68,321004
BBN,20200508,2.7,2.75,2.66,2.7,307679
BBN,20200511,2.72,2.76,2.64,2.64,475875
BBN,20200512,2.65,2.66,2.58,2.6,201783
BBN,20200513,2.58,2.61,2.52,2.56,336896
BBN,20200514,2.52,2.59,2.46,2.52,1055429
BBN,20200515,2.54,2.63,2.51,2.6,233288
BBN,20200518,2.6,2.68,2.57,2.67,273936
BBN,20200519,2.89,3.13,2.8,3.08,1354818
BBN,20200520,3.12,3.22,3.04,3.12,1355285
BBN,20200521,3.17,3.31,3.13,3.19,1048337
BBN,20200522,3.19,3.2,3.07,3.14,521236
BBN,20200525,3.17,3.22,3.1,3.22,393533
BBN,20200526,3.25,3.29,3.16,3.21,467743
BBN,20200527,3.23,3.295,3.14,3.26,328268
BBN,20200528,3.26,3.35,3.18,3.24,352679
BBN,20200529,3.24,3.32,3.19,3.26,231589
BBN,20200601,3.28,3.32,3.19,3.23,195939
BBN,20200602,3.24,3.31,3.2,3.24,238373
BBN,20200603,3.22,3.34,3.2,3.24,249682
BBN,20200604,3.24,3.29,3.03,3.17,611397
BBN,20200605,3.06,3.23,3.06,3.21,314719
BBN,20200609,3.23,3.29,3.17,3.23,314870
BBN,20200610,3.23,3.29,3.19,3.23,268790
BBN,20200611,3.2,3.24,3.11,3.13,238340
BBN,20200612,3,3.13,2.96,3.1,315903
BBN,20200615,3.11,3.14,2.92,2.99,345771
BBN,20200616,2.99,3.11,2.99,3.03,397615
BBN,20200617,3.1,3.1,2.96,2.96,439179
BBN,20200618,3,3.01,2.9,2.93,600037
BBN,20200619,2.97,3.28,2.95,3.28,1032295
BBN,20200622,3.2,3.32,3.17,3.25,488786
BBN,20200623,3.29,3.4,3.21,3.26,354164
BBN,20200624,3.3,3.32,3.165,3.2,483081
BBN,20200625,3.18,3.3,3.14,3.22,567408
BBN,20200626,3.2,3.375,3.2,3.3,367418
BBN,20200629,3.26,3.31,3.16,3.2,242351
BBN,20200630,3.29,3.34,3.18,3.22,1448172
BBN,20200701,3.23,3.44,3.2,3.37,283168
BBN,20200702,3.43,3.44,3.25,3.34,289475
BBN,20200703,3.3,3.42,3.28,3.3,467883
BBN,20200706,3.3,3.43,3.3,3.4,153128
BBN,20200707,3.44,3.45,3.3,3.3,205668
BBN,20200708,3.3,3.38,3.195,3.23,348194
BBN,20200709,3.28,3.31,3.22,3.24,320756
BBN,20200710,3.25,3.29,3.16,3.2,307763
BBN,20200713,3.24,3.25,3.07,3.09,292150
BBN,20200714,3.13,3.14,2.96,3.03,385081
BBN,20200715,3.05,3.215,3.03,3.16,274000
BBN,20200716,3.2,3.22,3.12,3.17,307860
BBN,20200717,3.17,3.23,3.12,3.15,280730
BBN,20200720,3.12,3.13,3.02,3.04,239543
BBN,20200721,3.05,3.17,3.05,3.15,260367
BBN,20200722,3.29,3.51,3.22,3.5,1367537
BBN,20200723,3.5,3.63,3.44,3.58,757751
BBN,20200724,3.56,3.635,3.5,3.61,399700
BBN,20200727,3.63,3.77,3.57,3.61,350384
BBN,20200728,3.62,3.73,3.55,3.59,289085
BBN,20200729,3.59,3.61,3.45,3.48,219193
BBN,20200730,3.5,3.59,3.43,3.58,236433
BBN,20200731,3.6,3.6,3.46,3.48,113723
BBN,20200803,3.47,3.59,3.35,3.47,268120
BBN,20200804,3.5,3.77,3.5,3.62,525627
BBN,20200805,3.62,3.65,3.54,3.64,185668
BBN,20200806,3.65,3.65,3.56,3.59,130162
BBN,20200807,3.63,3.66,3.55,3.6,181663
BBN,20200810,3.6,3.67,3.58,3.59,322608
BBN,20200811,3.59,3.72,3.57,3.62,308886
BBN,20200812,3.7,3.7,3.55,3.6,221911
BBN,20200813,3.6,3.79,3.6,3.76,1044311
BBN,20200814,4.15,4.4,4.03,4.15,2953291
BBN,20200817,4.43,4.53,4.36,4.38,1686107
BBN,20200818,4.43,4.57,4.37,4.42,1522634
BBN,20200819,4.49,4.55,4.31,4.31,524526
BBN,20200820,4.37,4.46,4.3,4.37,490185
BBN,20200821,4.37,4.55,4.35,4.4,441423
BBN,20200824,4.49,4.515,4.4,4.45,361867
BBN,20200825,4.47,4.54,4.34,4.4,456642
BBN,20200826,4.4,4.575,4.38,4.57,365058
BBN,20200827,4.58,4.77,4.47,4.68,715396
BBN,20200828,4.75,4.75,4.46,4.49,563583
BBN,20200831,4.46,4.58,4.34,4.46,415133
BBN,20200901,4.44,4.44,4.3,4.41,443437
BBN,20200902,4.45,4.48,4.32,4.43,407447
BBN,20200903,4.35,4.5,4.35,4.43,221344
BBN,20200904,4.33,4.33,4.1,4.24,486290
BBN,20200907,4.24,4.38,4.14,4.19,447110
BBN,20200908,4.14,4.25,4.09,4.18,211365
BBN,20200909,4.14,4.19,4.03,4.08,277005
BBN,20200910,4.15,4.22,4.04,4.06,210283
BBN,20200911,4.07,4.17,4.04,4.13,245421
BBN,20200914,4.17,4.19,4.02,4.16,511769
BBN,20200915,4.18,4.4,4.14,4.37,951307
BBN,20200916,4.44,4.62,4.25,4.61,1199567
BBN,20200917,4.67,4.74,4.55,4.56,2302533
BBN,20200918,4.53,4.61,4.46,4.49,397899
BBN,20200921,4.49,4.77,4.49,4.57,469144
BBN,20200922,4.56,4.64,4.39,4.44,783186
BBN,20200923,4.53,4.72,4.49,4.6,453648
BBN,20200924,4.55,4.56,4.39,4.48,309405
BBN,20200925,4.48,4.52,4.41,4.5,241371
BBN,20200928,4.5,4.63,4.49,4.54,233080
BBN,20200929,4.6,4.71,4.52,4.59,644906
BBN,20200930,4.62,4.66,4.46,4.5,260510
BBN,20201001,4.47,4.6,4.47,4.55,123322
BBN,20201002,4.59,4.61,4.5,4.53,290423
BBN,20201005,4.51,4.72,4.51,4.59,148954
BBN,20201006,4.76,4.96,4.7,4.87,1045015
BBN,20201007,4.9,5.02,4.77,4.93,841829
BBN,20201008,4.98,5.09,4.84,4.88,929304
BBN,20201009,4.99,5.02,4.89,4.97,383113
BBN,20201012,4.97,5.07,4.85,4.87,576791
BBN,20201013,4.97,5,4.88,4.94,184788
BBN,20201014,4.94,5.08,4.9,4.99,801555
BBN,20201015,5,5.18,4.73,4.82,819293
BBN,20201016,4.85,5.05,4.77,4.85,493967
BBN,20201019,4.88,4.97,4.79,4.81,359706
BBN,20201020,4.8,4.86,4.79,4.86,312984
BBN,20201021,4.8,4.84,4.76,4.76,277899
BBN,20201022,4.77,4.84,4.65,4.78,679351
BBN,20201023,4.71,4.73,4.41,4.47,1033913
BBN,20201026,4.5,4.63,4.07,4.2,1067104
BBN,20201027,4.2,4.35,4.12,4.16,806764
BBN,20201028,4.17,4.34,4.12,4.24,568606
BBN,20201029,4.19,4.3,4.11,4.26,738954
BBN,20201030,4.23,4.37,4.05,4.08,601846
BBN,20201102,3.94,4.15,3.91,4.1,4084691
BBN,20201103,4.09,4.31,4.09,4.16,430228
BBN,20201104,4.24,4.51,4.24,4.42,1081951
BBN,20201105,4.2,4.55,4.19,4.48,1539492
BBN,20201106,4.48,4.54,4.41,4.48,661390
BBN,20201109,4.5,4.68,4.5,4.66,373794
BBN,20201110,4.72,4.72,4.41,4.49,527234
BBN,20201111,4.5,4.57,4.3,4.43,884579
BBN,20201112,4.41,4.6,4.37,4.6,639395
BBN,20201113,4.54,4.67,4.53,4.54,886036
BBN,20201116,4.59,4.59,4.49,4.5,29762
BBN,20201117,4.44,4.58,4.42,4.44,808015
BBN,20201118,4.45,4.52,4.41,4.49,597110
BBN,20201120,4.3,4.47,4.28,4.38,310512
BBN,20201123,4.29,4.36,4.23,4.36,335560
BBN,20201124,4.36,4.42,4.3,4.3,258724
BBN,20201125,4.31,4.33,4.18,4.22,174733
BBN,20201126,4.23,4.36,4.2,4.35,357574
BBN,20201127,4.3,4.3,4.21,4.26,275405
BBN,20201130,4.26,4.38,4.21,4.34,255284
BBN,20201201,4.32,4.39,4.26,4.33,150111
BBN,20201202,4.34,4.46,4.31,4.32,663286
BBN,20201203,4.41,4.45,4.29,4.4,255496
BBN,20201204,4.45,4.45,4.25,4.29,242615
BBN,20201207,4.34,4.4,4.28,4.3,234073
BBN,20201208,4.35,4.37,4.24,4.33,183192
BBN,20201209,4.33,4.52,4.3,4.45,287276
BBN,20201210,4.45,4.45,4.35,4.41,225748
BBN,20201211,4.39,4.5,4.35,4.45,198920
BBN,20201214,4.47,4.48,4.41,4.45,629285
BBN,20201215,4.45,4.49,4.29,4.36,497020
BBN,20201216,4.35,4.43,4.29,4.37,281221
BBN,20201217,4.39,4.84,4.35,4.73,514385
BBN,20201218,4.73,4.83,4.565,4.61,319554
BBN,20201221,4.63,4.79,4.41,4.55,303630
BBN,20201222,4.52,4.6,4.45,4.56,193332
BBN,20201224,4.62,4.62,4.62,4.62,0
BBN,20201229,4.75,4.91,4.73,4.85,212758
BBN,20201230,4.89,5.01,4.8,4.97,229122
BBN,20201231,4.94,4.96,4.69,4.71,253349
BBN,20210104,4.75,4.9,4.7,4.84,230052
BBN,20210105,4.9,4.99,4.8,4.99,368022
BBN,20210106,5.05,5.22,4.94,5,518257
BBN,20210107,5.03,5.07,4.79,4.89,282906
BBN,20210108,5.05,5.05,4.855,4.9,272576
BBN,20210111,4.95,5,4.85,4.88,126902
BBN,20210112,4.85,5.02,4.85,4.96,121516
BBN,20210113,4.98,5.37,4.98,5.15,638555
BBN,20210114,5.17,5.19,4.97,5.08,229447
BBN,20210115,5.08,5.11,4.88,4.93,139163
BBN,20210118,4.86,5.12,4.85,5.01,309936
BBN,20210119,5.01,5.04,4.89,5,284658
BBN,20210120,5.1,5.31,5.05,5.26,361262
BBN,20210121,5.34,5.34,5.13,5.34,511893
BBN,20210122,5.34,5.47,5.24,5.38,371178
BBN,20210125,5.41,5.41,5.29,5.32,264901
BBN,20210127,5.33,5.6,5.33,5.43,314596
BBN,20210128,5.47,5.47,5.11,5.15,349019
BBN,20210129,5.16,5.34,5.16,5.18,285547
BBN,20210201,5.11,5.15,4.96,5.02,487444
BBN,20210203,5.4,5.51,5.325,5.42,653346
BBN,20210204,5.46,5.61,5.36,5.53,300759
BBN,20210205,5.63,5.72,5.53,5.68,775402
BBN,20210208,5.83,6.13,5.8,5.9,1124406
BBN,20210209,5.91,5.91,5.62,5.71,581060
BBN,20210210,5.7,5.82,5.525,5.59,596239
BBN,20210211,5.44,5.75,5.34,5.62,561110
BBN,20210212,5.65,5.65,5.05,5.25,1738177
BBN,20210215,5.4,5.78,5.28,5.68,1894550
BBN,20210216,5.76,5.94,5.72,5.82,1825870
BBN,20210217,5.85,5.88,5.73,5.77,1046754
BBN,20210218,5.82,5.88,5.72,5.75,706191
BBN,20210219,5.7,5.94,5.7,5.74,573360
BBN,20210222,5.74,5.9,5.67,5.88,392301
BBN,20210223,5.8,5.84,5.57,5.59,454052
BBN,20210224,5.68,5.68,5.37,5.37,512324
BBN,20210225,5.27,5.82,5.09,5.62,1459692
BBN,20210226,5.34,5.51,5.14,5.43,814577
BBN,20210301,5.43,5.55,5.4,5.49,452809
BBN,20210302,5.55,5.65,5.42,5.43,318362
BBN,20210303,5.43,5.54,5.28,5.42,300853
BBN,20210304,5.29,5.45,5.22,5.27,337501
BBN,20210305,5.18,5.19,5.05,5.12,916473
BBN,20210308,5.12,5.4,5.12,5.27,302159
BBN,20210309,5.3,5.41,4.87,5.04,1067867
BBN,20210310,5.08,5.22,4.975,5.13,676532
BBN,20210311,5.08,5.22,4.975,5.13,676532
BBN,20210312,5.52,5.63,5.39,5.57,500279
BBN,20210315,5.62,5.65,5.455,5.55,303663
BBN,20210316,5.7,5.7,5.48,5.54,417760
BBN,20210317,5.6,5.78,5.58,5.64,639813
BBN,20210318,5.7,5.98,5.7,5.96,469994
BBN,20210319,5.88,5.91,5.65,5.65,2406400
BBN,20210322,5.8,5.84,5.62,5.66,743956
BBN,20210323,5.64,5.65,5.45,5.51,713565
BBN,20210324,5.54,5.64,5.48,5.55,211800
BBN,20210325,5.54,5.6,5.41,5.51,272123
BBN,20210329,5.64,5.72,5.56,5.63,553415
BBN,20210330,5.6,5.7,5.56,5.58,314043
BBN,20210331,5.63,5.63,5.45,5.56,416077
BBN,20210401,5.61,5.68,5.53,5.64,258233
BBN,20210406,5.7,5.985,5.7,5.96,698413
BBN,20210407,5.94,5.97,5.84,5.95,485687
BBN,20210408,5.9,5.97,5.82,5.93,286187
BBN,20210409,5.92,6.05,5.86,6.02,393349
BBN,20210412,6.04,6.09,5.94,5.96,278986
BBN,20210413,6.01,6.02,5.95,6.02,126570
BBN,20210414,6.02,6.07,5.97,6.04,209233
BBN,20210415,6.09,6.16,5.95,6.08,336128
BBN,20210416,6.2,6.26,6.09,6.2,318040
BBN,20210419,6.2,6.34,6.08,6.31,453971
BBN,20210420,6.3,6.31,6.2,6.25,526472
BBN,20210421,6.19,6.365,6.18,6.32,403849
BBN,20210422,6.3,6.43,6.21,6.34,647140
BBN,20210423,6.36,6.61,6.32,6.58,564852
BBN,20210426,6.61,6.65,6.26,6.35,691997
BBN,20210427,6.3,6.41,6.01,6.09,1112735
BBN,20210428,6.08,6.24,5.98,6.18,480032
BBN,20210429,6.26,6.33,6.175,6.25,160968
BBN,20210430,6.28,6.35,6.18,6.28,195969
BBN,20210503,6.32,6.32,5.98,6.04,278571
BBN,20210504,6.01,6.1,5.83,5.88,535786
BBN,20210505,5.85,5.97,5.73,5.92,715579
BBN,20210506,5.92,6.04,5.87,5.96,402191
BBN,20210507,5.95,5.98,5.77,5.85,251954
BBN,20210510,5.82,5.96,5.75,5.82,156715
BBN,20210511,5.8,5.85,5.68,5.73,194799
BBN,20210512,5.56,5.615,5.41,5.57,878525
BBN,20210513,5.54,5.59,5.42,5.5,333420
BBN,20210514,5.65,5.68,5.57,5.6,297675
BBN,20210517,5.7,5.76,5.61,5.71,594454
BBN,20210518,5.75,5.77,5.69,5.71,307204
BBN,20210519,5.75,5.76,5.64,5.64,177927
BBN,20210520,5.64,5.75,5.6,5.75,205522
BBN,20210521,5.76,5.86,5.72,5.81,263412
BBN,20210524,5.78,5.89,5.74,5.86,360064
BBN,20210525,5.86,6.02,5.8,5.98,185092
BBN,20210526,6.16,6.24,6.03,6.14,1732157
BBN,20210527,6.14,6.18,6.04,6.17,481745
BBN,20210528,6.22,6.26,6.06,6.15,190836
BBN,20210531,6.09,6.13,6.03,6.1,243621
BBN,20210601,6.1,6.11,6.02,6.05,304327
BBN,20210602,6.05,6.07,5.95,5.98,413798
BBN,20210603,5.98,6.04,5.93,6.01,435284
BBN,20210604,5.95,6,5.86,5.99,182529
BBN,20210607,6,6.02,5.88,5.92,139109
BBN,20210609,5.96,5.99,5.73,5.79,215668
BBN,20210610,5.8,5.92,5.67,5.68,246799
BBN,20210611,5.73,5.73,5.515,5.58,452984
BBN,20210615,5.53,5.63,5.46,5.56,572009
BBN,20210616,5.54,5.63,5.5,5.58,410913
BBN,20210617,5.57,5.63,5.51,5.58,324723
BBN,20210618,5.61,5.74,5.57,5.66,457656
BBN,20210621,5.64,5.66,5.43,5.47,398920
BBN,20210622,5.49,5.54,5.47,5.48,620144
BBN,20210623,5.39,5.49,5.31,5.39,872665
BBN,20210625,5.25,5.45,5.15,5.42,1302672
BBN,20210628,5.29,5.44,5.23,5.4,629666
BBN,20210629,5.36,5.57,5.36,5.47,831739
BBN,20210630,5.45,5.66,5.41,5.62,585920
BBN,20210701,5.6,5.69,5.59,5.65,333478
BBN,20210705,5.72,5.755,5.59,5.67,388739
BBN,20210706,5.71,5.74,5.62,5.66,308622
BBN,20210707,5.73,5.83,5.6,5.74,378685
BBN,20210708,5.77,5.8,5.69,5.8,306888
BBN,20210709,5.74,5.74,5.44,5.44,289430
BBN,20210712,5.51,5.58,5.46,5.52,401374
BBN,20210714,5.45,5.47,5.36,5.44,210623
BBN,20210715,5.45,5.53,5.41,5.44,233559
BBN,20210716,5.45,5.62,5.38,5.62,321605
BBN,20210719,5.58,5.76,5.56,5.73,326510
BBN,20210720,5.73,5.96,5.7,5.79,565508
BBN,20210723,5.77,5.79,5.7,5.75,108825
BBN,20210726,5.79,5.91,5.75,5.87,260050
BBN,20210727,5.9,5.9,5.75,5.79,186455
BBN,20210728,5.72,5.81,5.63,5.66,400206
BBN,20210729,5.68,5.75,5.65,5.7,762979
BBN,20210730,5.7,5.8,5.64,5.75,354325
BBN,20210802,5.68,5.74,5.59,5.72,304128
BBN,20210803,5.68,5.88,5.63,5.84,365955
BBN,20210804,5.8,6.01,5.73,5.96,467202
BBN,20210805,5.96,6.08,5.86,5.93,423989
BBN,20210806,6.01,6.06,5.93,5.95,334932
BBN,20210809,5.99,6,5.76,5.77,272787
BBN,20210810,5.8,5.97,5.76,5.97,220581
BBN,20210811,5.92,5.93,5.83,5.92,204491
BBN,20210812,5.99,6.045,5.88,5.98,681483
BBN,20210813,5.74,5.85,5.34,5.71,4172250
BBN,20210819,5.5,5.62,5.46,5.51,433599
BBN,20210820,5.51,5.57,5.46,5.5,305919
BBN,20210823,5.51,5.55,5.4,5.43,403313
BBN,20210824,5.43,5.5,5.4,5.4,392373
BBN,20210825,5.43,5.57,5.39,5.56,303834
BBN,20210826,5.52,5.54,5.36,5.4,433140
BBN,20210827,5.4,5.4,5.26,5.29,502931
BBN,20210830,5.33,5.37,5.28,5.3,417290
BBN,20210831,5.41,5.41,5.28,5.32,689422
BBN,20210901,5.41,5.41,5.28,5.3,428929
BBN,20210902,5.33,5.38,5.31,5.34,236668
BBN,20210903,5.37,5.37,5.29,5.31,425782
BBN,20210906,5.26,5.49,5.22,5.47,801921
BBN,20210907,5.43,5.59,5.43,5.56,193960
BBN,20210908,5.55,5.57,5.4,5.44,516860
BBN,20210909,5.435,5.435,5.29,5.29,571600
BBN,20210910,5.3,5.36,5.3,5.36,221602
BBN,20210913,5.35,5.36,5.27,5.27,184878
BBN,20210914,5.22,5.25,5.12,5.15,783444
BBN,20210915,5.11,5.24,5.11,5.24,892011
BBN,20210916,5.25,5.28,5.17,5.245,742579
BBN,20210917,5.25,5.37,5.22,5.28,1004684
BBN,20210920,5.26,5.31,5.2,5.27,260040
BBN,20210922,5.49,5.49,5.26,5.35,376213
BBN,20210923,5.36,5.57,5.36,5.52,291072
BBN,20210924,5.56,5.57,5.43,5.49,137356
BBN,20210927,5.49,5.59,5.44,5.55,101740
BBN,20210928,5.55,5.67,5.55,5.58,429427
BBN,20210929,5.56,5.56,5.44,5.48,117534
BBN,20210930,5.53,5.56,5.45,5.56,161197
BBN,20211001,5.45,5.56,5.44,5.44,251200
BBN,20211004,5.5,5.56,5.45,5.52,326905
BBN,20211005,5.47,5.55,5.37,5.43,493923
BBN,20211006,5.52,5.87,5.52,5.67,1100881
BBN,20211007,5.7,5.77,5.47,5.5,670997
BBN,20211008,5.5,5.61,5.45,5.52,535039
BBN,20211011,5.54,5.57,5.42,5.42,250047
BBN,20211012,5.54,5.57,5.42,5.43,258656
BBN,20211013,5.32,5.39,5.31,5.37,128916
BBN,20211014,5.36,5.45,5.33,5.41,250234
BBN,20211019,5.3,5.36,5.27,5.28,287733
BBN,20211020,5.4,5.57,5.37,5.51,879016
BBN,20211021,5.51,5.63,5.4,5.59,350257
BBN,20211022,5.65,5.72,5.53,5.66,323039
BBN,20211025,5.66,5.81,5.65,5.75,267012
BBN,20211026,5.82,5.93,5.69,5.88,303628
BBN,20211028,5.86,5.95,5.83,5.9,258421
BBN,20211029,5.88,5.98,5.81,5.9,466244
BBN,20211101,5.92,5.99,5.89,5.96,156393
BBN,20211102,5.92,5.93,5.82,5.85,245078
BBN,20211103,5.95,5.95,5.78,5.8,113421
BBN,20211104,5.84,5.92,5.79,5.79,375473
BBN,20211105,5.81,5.92,5.79,5.89,153072
BBN,20211109,5.75,5.8,5.72,5.8,72628
BBN,20211110,5.86,5.86,5.68,5.71,169460
BBN,20211112,5.61,5.69,5.53,5.58,176302
BBN,20211115,5.52,5.77,5.52,5.76,191578
BBN,20211116,5.86,5.87,5.75,5.86,330180
BBN,20211117,5.8,5.86,5.76,5.8,188068
BBN,20211118,5.74,5.8,5.73,5.75,57692
BBN,20211119,5.82,5.82,5.73,5.76,65594
BBN,20211122,5.76,5.8,5.7,5.8,108046
BBN,20211123,5.8,5.82,5.64,5.8,197366
BBN,20211124,5.82,5.84,5.69,5.83,130183
BBN,20211125,5.71,5.89,5.71,5.81,255624
BBN,20211126,5.81,5.82,5.68,5.68,271858
BBN,20211129,5.52,5.66,5.49,5.62,142913
BBN,20211130,5.61,5.705,5.61,5.7,123830
BBN,20211201,5.7,5.72,5.56,5.63,92946
BBN,20211202,5.6,5.64,5.53,5.64,138154
BBN,20211203,5.56,5.63,5.5,5.5,130907
BBN,20211206,5.64,5.64,5.37,5.37,95586
BBN,20211207,5.35,5.48,5.35,5.44,39806
BBN,20211208,5.53,5.58,5.47,5.5,173816
BBN,20211209,5.55,5.55,5.42,5.48,206931
BBN,20211210,5.43,5.54,5.43,5.52,419876
BBN,20211213,5.55,5.55,5.42,5.42,324679
BBN,20211214,5.42,5.49,5.41,5.47,361844
BBN,20211216,5.51,5.55,5.46,5.5,186215
BBN,20211217,5.54,5.56,5.43,5.56,235446
BBN,20211220,5.56,5.56,5.38,5.42,85112
BBN,20211221,5.35,5.41,5.31,5.37,227812
BBN,20211222,5.42,5.45,5.38,5.45,119030
BBN,20211223,5.56,5.56,5.41,5.47,72887
BBN,20211224,5.47,5.55,5.45,5.55,75472
BBN,20211229,5.65,5.65,5.53,5.58,158462
BBN,20211230,5.6,5.66,5.54,5.66,70710
BBN,20211231,5.64,5.64,5.57,5.62,22403
BBN,20220104,5.69,5.69,5.53,5.59,45256
BBN,20220105,5.6,5.6,5.475,5.55,71050
BBN,20220106,5.48,5.48,5.32,5.33,111228
BBN,20220107,5.4,5.43,5.29,5.29,100041
BBN,20220110,5.27,5.33,5.2,5.31,85196
BBN,20220111,5.3,5.32,5.145,5.16,124273
BBN,20220112,5.3,5.3,5.17,5.29,115532
BBN,20220113,5.2,5.31,5.2,5.25,68019
BBN,20220114,5.26,5.29,5.23,5.27,147705
BBN,20220117,5.28,5.35,5.27,5.32,66302
BBN,20220118,5.38,5.44,5.325,5.42,104867
BBN,20220119,5.42,5.48,5.37,5.43,166987
BBN,20220120,5.41,5.44,5.31,5.34,195296
BBN,20220121,5.34,5.44,5.31,5.34,180838
BBN,20220124,5.2,5.21,4.84,4.84,314373
BBN,20220125,4.85,5.2,4.85,5.08,477706
BBN,20220127,5.08,5.16,4.74,4.8,550828
BBN,20220128,4.83,5.01,4.77,4.95,427936
BBN,20220131,4.9,5.07,4.9,5.07,226423
BBN,20220201,5.07,5.24,5.06,5.15,127609
BBN,20220202,5.15,5.31,5.13,5.25,146359
BBN,20220203,5.28,5.28,5.16,5.23,77390
BBN,20220204,5.1,5.22,5.1,5.19,71872
BBN,20220207,5.22,5.36,5.17,5.36,124469
BBN,20220208,5.39,5.47,5.28,5.3,303401
BBN,20220209,5.31,5.35,5.25,5.34,101162
BBN,20220210,5.35,5.43,5.35,5.43,241428
BBN,20220211,5.53,5.55,5.18,5.27,451882
BBN,20220214,5.27,5.38,5.13,5.17,249865
BBN,20220215,5.15,5.27,5.1,5.18,476058
BBN,20220216,5.23,5.33,5.04,5.14,360923
BBN,20220217,5.17,5.18,5.1,5.14,213322
BBN,20220218,5.1,5.1,4.97,5.03,277056
BBN,20220221,5,5.02,4.85,4.9,257360
BBN,20220222,4.9,4.9,4.75,4.76,505805
BBN,20220223,4.76,4.94,4.76,4.92,506266
BBN,20220224,4.88,4.88,4.68,4.68,479702
BBN,20220225,4.71,4.89,4.71,4.82,211792
BBN,20220228,4.8,4.83,4.68,4.7,170407
BBN,20220301,4.71,4.88,4.66,4.84,223108
BBN,20220302,4.88,4.88,4.7,4.85,281412
BBN,20220303,4.85,4.85,4.73,4.77,94275
BBN,20220304,4.77,4.79,4.56,4.64,174881
BBN,20220307,4.61,4.7,4.4,4.46,152452
BBN,20220308,4.42,4.44,4.33,4.38,200407
BBN,20220309,4.48,4.55,4.38,4.54,179776
BBN,20220310,4.6,4.74,4.57,4.7,411058
BBN,20220311,4.67,4.7,4.58,4.6,192715
BBN,20220314,4.67,4.76,4.64,4.71,114933
BBN,20220315,4.71,4.83,4.69,4.8,138724
BBN,20220316,0,0,0,0,0
BBN,20220317,4.81,4.91,4.78,4.84,248195
BBN,20220318,4.81,4.81,4.7,4.75,559165
BBN,20220321,4.8,4.88,4.76,4.84,255576
BBN,20220322,4.85,4.9,4.83,4.85,107064
BBN,20220323,4.89,4.91,4.86,4.9,70760
BBN,20220324,4.9,4.9,4.78,4.83,130035
BBN,20220325,4.9,4.9,4.73,4.85,132680
BBN,20220328,4.87,4.91,4.8,4.87,187082
BBN,20220329,4.88,5.005,4.88,4.98,199762
BBN,20220330,4.95,5.08,4.95,5.06,131617
BBN,20220331,5.09,5.16,5.06,5.08,103366
BBN,20220401,5.1,5.12,4.93,4.94,282422
BBN,20220404,4.96,4.97,4.89,4.89,143778
BBN,20220405,5.04,5.04,4.92,4.97,80678
BBN,20220406,5,5,4.88,4.9,148565
BBN,20220407,4.9,4.93,4.79,4.84,163383
BBN,20220408,4.8,4.99,4.8,4.89,125705
BBN,20220411,4.91,4.98,4.78,4.87,114564
BBN,20220412,4.92,4.93,4.75,4.82,134509
BBN,20220413,4.83,4.86,4.77,4.8,71384
BBN,20220414,4.82,4.85,4.75,4.85,56755
BBN,20220419,4.86,4.86,4.77,4.81,64340
BBN,20220420,4.81,4.88,4.78,4.85,102927
BBN,20220421,4.81,4.88,4.78,4.85,102927
BBN,20220422,4.82,4.83,4.69,4.72,141240
BBN,20220426,4.64,4.7,4.58,4.7,95508
BBN,20220427,4.66,4.66,4.55,4.62,175017
BBN,20220428,4.71,4.71,4.56,4.58,54434
BBN,20220429,4.59,4.66,4.57,4.65,219167
BBN,20220502,4.65,4.65,4.47,4.52,136886
BBN,20220503,4.52,4.54,4.42,4.46,101147
BBN,20220504,4.46,4.46,4.29,4.41,121897
BBN,20220505,4.42,4.42,4.295,4.39,92018
BBN,20220506,4.36,4.36,4.17,4.32,761606
BBN,20220509,4.28,4.28,4.05,4.08,194859
BBN,20220510,4.08,4.17,4,4.09,617738
BBN,20220511,4.15,4.26,4.13,4.19,512215
BBN,20220512,4.11,4.2,4.06,4.08,327841
BBN,20220513,4.07,4.23,4.07,4.21,209500
BBN,20220516,4.3,4.3,4.16,4.23,381936
BBN,20220517,4.25,4.3,4.15,4.24,329431
BBN,20220518,4.29,4.33,4.17,4.24,402289
BBN,20220519,4.1,4.295,4.05,4.22,691028
BBN,20220520,4.3,4.36,4.21,4.3,349409
BBN,20220523,4.325,4.4,4.26,4.35,292499
BBN,20220524,4.4,4.41,4.25,4.26,274822
BBN,20220525,4.25,4.275,4.11,4.24,554477
BBN,20220526,4.31,4.37,4.21,4.21,144733
BBN,20220527,4.29,4.31,4.22,4.3,67936
BBN,20220530,4.5,4.5,4.31,4.38,133737
BBN,20220531,4.38,4.45,4.27,4.34,204358
BBN,20220601,4.34,4.48,4.34,4.42,151587
BBN,20220602,4.43,4.43,4.3,4.31,85883
BBN,20220603,4.36,4.39,4.32,4.35,94408
BBN,20220606,4.3,4.3,4.15,4.21,167887
BBN,20220607,4.11,4.19,4.06,4.1,87320
BBN,20220608,4.1,4.16,3.91,3.93,244672
BBN,20220609,4,4.07,3.92,4.07,175583
BBN,20220610,3.98,3.98,3.895,3.92,314044
BBN,20220614,3.69,3.79,3.5,3.79,361621
BBN,20220615,3.75,3.76,3.66,3.68,212699
BBN,20220616,3.7,3.86,3.7,3.81,250252
BBN,20220617,3.78,4.02,3.71,4.02,523400
BBN,20220620,3.98,4.145,3.98,4.12,271395
BBN,20220621,4.15,4.205,4.1,4.17,150069
BBN,20220622,4.16,4.16,3.98,3.99,65733
BBN,20220623,4.01,4.08,3.92,3.94,156726
BBN,20220624,4.01,4.2,3.96,4.14,1805952
BBN,20220627,4.26,4.37,4.2,4.37,220299
BBN,20220628,4.39,4.44,4.23,4.25,313313
BBN,20220629,4.19,4.19,3.81,3.97,745723
BBN,20220630,3.9,4.115,3.9,4.08,170468
BBN,20220701,3.97,4.2,3.97,4.06,140593
BBN,20220704,4.15,4.195,4.1,4.12,110234
BBN,20220705,4.16,4.27,4.15,4.23,95607
BBN,20220706,4.16,4.42,4.16,4.36,159234
BBN,20220707,4.35,4.42,4.31,4.42,130339
BBN,20220708,4.4,4.48,4.38,4.4,242767
BBN,20220711,4.4,4.42,4.32,4.32,92466
BBN,20220712,4.32,4.42,4.31,4.37,104702
BBN,20220713,4.36,4.62,4.36,4.62,160109
BBN,20220714,4.68,4.76,4.56,4.6,333449
BBN,20220715,4.57,4.67,4.52,4.65,285716
BBN,20220718,4.71,4.71,4.575,4.64,110867
BBN,20220719,4.63,4.66,4.46,4.51,277261
BBN,20220720,4.535,4.73,4.535,4.69,386328
BBN,20220721,4.8,4.88,4.72,4.83,132992
BBN,20220722,4.92,4.92,4.82,4.84,118723
BBN,20220725,4.9,4.9,4.69,4.75,136284
BBN,20220726,4.8,4.8,4.67,4.72,463509
BBN,20220727,4.7,4.74,4.64,4.7,210786
BBN,20220728,4.82,4.88,4.73,4.8,303080
BBN,20220729,4.85,4.87,4.76,4.82,257843
BBN,20220801,4.86,4.86,4.75,4.79,216724
BBN,20220802,4.79,4.84,4.77,4.82,400143
BBN,20220803,4.82,4.84,4.74,4.8,417075
BBN,20220805,4.88,4.885,4.82,4.85,282210
BBN,20220808,4.9,4.9,4.74,4.82,205263
BBN,20220809,4.84,4.93,4.83,4.88,147375
BBN,20220810,4.84,4.93,4.75,4.88,489542
BBN,20220811,4.88,5.03,4.76,4.86,403406
BBN,20220812,4.87,4.88,4.57,4.62,625595
BBN,20220815,4.66,4.88,4.65,4.88,503227
BBN,20220816,4.9,4.93,4.72,4.74,226865
BBN,20220817,4.72,4.77,4.7,4.72,189194
BBN,20220818,4.7,4.72,4.56,4.56,215547
BBN,20220819,4.71,4.71,4.53,4.58,555582
BBN,20220822,4.56,4.6,4.51,4.52,142474
BBN,20220823,4.5,4.555,4.43,4.51,120212
BBN,20220824,4.49,4.7,4.48,4.67,242045
BBN,20220825,4.59,4.6,4.48,4.54,310663
BBN,20220826,4.54,4.56,4.39,4.47,292812
BBN,20220829,4.38,4.39,4.23,4.27,144689
BBN,20220830,4.27,4.36,4.24,4.36,206633
BBN,20220831,4.39,4.39,4.28,4.37,278380
BBN,20220901,4.3,4.38,4.29,4.31,162287
BBN,20220902,4.46,4.46,4.29,4.29,128168
BBN,20220905,4.24,4.24,4.1,4.11,209174
BBN,20220906,4.11,4.19,4.11,4.16,182339
BBN,20220907,4.15,4.23,4.14,4.15,191594
BBN,20220909,4.3,4.31,4.16,4.22,136919
BBN,20220912,4.22,4.41,4.22,4.36,409998
BBN,20220913,4.37,4.41,4.27,4.29,235506
BBN,20220914,4.19,4.24,4.13,4.21,109236
BBN,20220915,4.23,4.25,4.13,4.14,103319
BBN,20220916,4.12,4.17,4.03,4.05,236219
BBN,20220919,4.03,4.08,4.01,4.03,185020
BBN,20220920,4.05,4.13,4.02,4.12,295196
BBN,20220921,4.06,4.14,4.01,4.04,149705
