BSX,20170123,0.2,0.205,0.2,0.205,212500
BSX,20170124,0.205,0.205,0.205,0.205,42439
BSX,20170125,0.2,0.2,0.2,0.2,180000
BSX,20170127,0.2,0.2,0.2,0.2,12500
BSX,20170130,0.205,0.205,0.2,0.2,55000
BSX,20170131,0.2,0.2,0.2,0.2,75000
BSX,20170201,0.2,0.2,0.2,0.2,22500
BSX,20170202,0.2,0.2,0.2,0.2,87500
BSX,20170203,0.2,0.2,0.2,0.2,10000
BSX,20170206,0.2,0.2,0.2,0.2,50000
BSX,20170207,0.2,0.2,0.2,0.2,55000
BSX,20170208,0.21,0.21,0.205,0.205,25000
BSX,20170209,0.205,0.205,0.205,0.205,0
BSX,20170210,0.205,0.205,0.205,0.205,25000
BSX,20170213,0.205,0.205,0.205,0.205,50000
BSX,20170214,0.205,0.205,0.205,0.205,0
BSX,20170215,0.2,0.2,0.2,0.2,80000
BSX,20170216,0.2,0.2,0.2,0.2,25000
BSX,20170217,0.205,0.21,0.205,0.21,22500
BSX,20170220,0.2,0.21,0.2,0.21,25000
BSX,20170221,0.21,0.21,0.21,0.21,0
BSX,20170222,0.21,0.21,0.21,0.21,0
BSX,20170223,0.2,0.2,0.2,0.2,10000
BSX,20170224,0.2,0.2,0.2,0.2,10000
BSX,20170227,0.2,0.2,0.2,0.2,22500
BSX,20170228,0.2,0.2,0.2,0.2,10000
BSX,20170301,0.2,0.2,0.2,0.2,125000
BSX,20170302,0.2,0.2,0.2,0.2,25000
BSX,20170303,0.2,0.2,0.2,0.2,25000
BSX,20170306,0.2,0.2,0.195,0.195,30000
BSX,20170307,0.19,0.19,0.19,0.19,30000
BSX,20170308,0.2,0.2,0.19,0.19,50000
BSX,20170309,0.19,0.19,0.19,0.19,0
BSX,20170310,0.19,0.19,0.19,0.19,22632
BSX,20170313,0.19,0.19,0.19,0.19,0
BSX,20170314,0.19,0.19,0.19,0.19,0
BSX,20170315,0.19,0.19,0.19,0.19,0
BSX,20170316,0.19,0.19,0.19,0.19,0
BSX,20170317,0.185,0.185,0.185,0.185,2368
BSX,20170320,0.185,0.185,0.185,0.185,0
BSX,20170321,0.185,0.185,0.185,0.185,20000
BSX,20170322,0.185,0.185,0.185,0.185,0
BSX,20170323,0.185,0.185,0.185,0.185,0
BSX,20170324,0.185,0.185,0.185,0.185,50000
BSX,20170327,0.185,0.185,0.185,0.185,0
BSX,20170328,0.185,0.185,0.185,0.185,17632
BSX,20170329,0.185,0.185,0.185,0.185,14868
BSX,20170330,0.185,0.185,0.185,0.185,67500
BSX,20170331,0.185,0.185,0.185,0.185,0
BSX,20170403,0.185,0.185,0.185,0.185,7000
BSX,20170404,0.185,0.185,0.185,0.185,0
BSX,20170405,0.185,0.185,0.185,0.185,0
BSX,20170406,0.185,0.185,0.185,0.185,0
BSX,20170407,0.19,0.19,0.19,0.19,25000
BSX,20170410,0.19,0.19,0.19,0.19,0
BSX,20170411,0.185,0.185,0.185,0.185,500
BSX,20170412,0.185,0.185,0.185,0.185,72632
BSX,20170413,0.185,0.185,0.185,0.185,0
BSX,20170418,0.185,0.185,0.185,0.185,0
BSX,20170419,0.185,0.185,0.185,0.185,0
BSX,20170420,0.185,0.185,0.185,0.185,0
BSX,20170421,0.185,0.185,0.185,0.185,0
BSX,20170424,0.185,0.185,0.185,0.185,0
BSX,20170426,0.185,0.185,0.185,0.185,0
BSX,20170427,0.185,0.185,0.185,0.185,0
BSX,20170428,0.185,0.185,0.185,0.185,0
BSX,20170501,0.185,0.185,0.185,0.185,0
BSX,20170502,0.185,0.185,0.185,0.185,0
BSX,20170503,0.185,0.185,0.185,0.185,0
BSX,20170504,0.17,0.17,0.17,0.17,100000
BSX,20170505,0.19,0.19,0.19,0.19,21000
BSX,20170508,0.19,0.19,0.19,0.19,0
BSX,20170509,0.19,0.19,0.19,0.19,0
BSX,20170510,0.19,0.19,0.19,0.19,0
BSX,20170511,0.19,0.19,0.19,0.19,0
BSX,20170512,0.19,0.19,0.19,0.19,0
BSX,20170515,0.19,0.19,0.19,0.19,0
BSX,20170516,0.19,0.19,0.19,0.19,0
BSX,20170517,0.19,0.19,0.19,0.19,0
BSX,20170518,0.19,0.19,0.19,0.19,0
BSX,20170519,0.19,0.19,0.19,0.19,0
BSX,20170522,0.19,0.2,0.19,0.19,99000
BSX,20170523,0.19,0.19,0.19,0.19,6000
BSX,20170524,0.19,0.19,0.19,0.19,0
BSX,20170525,0.2,0.205,0.2,0.205,25000
BSX,20170526,0.205,0.205,0.205,0.205,0
BSX,20170529,0.2,0.2,0.2,0.2,10000
BSX,20170530,0.2,0.2,0.2,0.2,0
BSX,20170531,0.2,0.2,0.2,0.2,0
BSX,20170601,0.2,0.2,0.2,0.2,0
BSX,20170602,0.2,0.2,0.2,0.2,0
BSX,20170605,0.18,0.2,0.18,0.2,65000
BSX,20170606,0.2,0.2,0.2,0.2,0
BSX,20170607,0.175,0.19,0.175,0.19,10000
BSX,20170608,0.19,0.19,0.19,0.19,0
BSX,20170609,0.19,0.19,0.19,0.19,0
BSX,20170613,0.2,0.2,0.2,0.2,200000
BSX,20170614,0.2,0.2,0.2,0.2,0
BSX,20170615,0.2,0.2,0.2,0.2,0
BSX,20170616,0.2,0.2,0.2,0.2,0
BSX,20170619,0.2,0.2,0.2,0.2,10000
BSX,20170620,0.2,0.2,0.2,0.2,0
BSX,20170621,0.18,0.18,0.18,0.18,10000
BSX,20170622,0.18,0.18,0.18,0.18,0
BSX,20170623,0.18,0.18,0.18,0.18,4125
BSX,20170626,0.18,0.18,0.18,0.18,0
BSX,20170627,0.18,0.18,0.18,0.18,0
BSX,20170628,0.165,0.165,0.165,0.165,50000
BSX,20170629,0.17,0.19,0.17,0.19,20875
BSX,20170630,0.19,0.19,0.19,0.19,19
BSX,20170703,0.19,0.19,0.19,0.19,0
BSX,20170704,0.19,0.19,0.19,0.19,0
BSX,20170705,0.18,0.18,0.18,0.18,10000
BSX,20170706,0.19,0.2,0.19,0.2,209000
BSX,20170707,0.2,0.2,0.2,0.2,5000
BSX,20170710,0.2,0.2,0.2,0.2,0
BSX,20170711,0.2,0.2,0.2,0.2,0
BSX,20170712,0.2,0.2,0.2,0.2,0
BSX,20170713,0.2,0.2,0.2,0.2,0
BSX,20170714,0.2,0.2,0.2,0.2,0
BSX,20170717,0.19,0.19,0.19,0.19,30000
BSX,20170718,0.19,0.19,0.19,0.19,0
BSX,20170719,0.19,0.19,0.19,0.19,0
BSX,20170720,0.19,0.19,0.19,0.19,0
BSX,20170721,0.185,0.185,0.18,0.18,29981
BSX,20170724,0.18,0.18,0.18,0.18,0
BSX,20170725,0.18,0.18,0.18,0.18,0
BSX,20170726,0.26,0.31,0.26,0.265,2142040
BSX,20170727,0.26,0.295,0.25,0.27,620817
BSX,20170728,0.27,0.35,0.265,0.34,943300
BSX,20170731,0.31,0.31,0.295,0.3,247254
BSX,20170801,0.295,0.31,0.295,0.31,84000
BSX,20170802,0.305,0.31,0.295,0.3,66103
BSX,20170803,0.295,0.3,0.285,0.29,48000
BSX,20170804,0.27,0.295,0.27,0.27,61000
BSX,20170807,0.27,0.27,0.27,0.27,38200
BSX,20170808,0.28,0.28,0.28,0.28,5000
BSX,20170809,0.27,0.275,0.27,0.275,50984
BSX,20170810,0.27,0.27,0.265,0.265,58000
BSX,20170811,0.255,0.26,0.25,0.25,445000
BSX,20170815,0.25,0.255,0.25,0.25,140000
BSX,20170816,0.25,0.25,0.25,0.25,199889
BSX,20170817,0.245,0.26,0.24,0.26,69000
BSX,20170818,0.25,0.25,0.25,0.25,50000
BSX,20170821,0.26,0.26,0.25,0.25,150000
BSX,20170822,0.245,0.245,0.24,0.245,173625
BSX,20170823,0.245,0.245,0.245,0.245,27231
BSX,20170824,0.25,0.255,0.25,0.255,26016
BSX,20170825,0.275,0.3,0.26,0.26,287184
BSX,20170828,0.26,0.27,0.255,0.255,118000
BSX,20170829,0.255,0.265,0.25,0.265,57000
BSX,20170830,0.25,0.25,0.25,0.25,105000
BSX,20170831,0.255,0.265,0.25,0.25,100644
BSX,20170901,0.245,0.25,0.245,0.25,32331
BSX,20170904,0.265,0.265,0.265,0.265,12000
BSX,20170905,0.245,0.245,0.245,0.245,17500
BSX,20170906,0.27,0.37,0.27,0.34,1927865
BSX,20170907,0.34,0.38,0.33,0.35,631301
BSX,20170908,0.35,0.35,0.305,0.32,375010
BSX,20170911,0.32,0.33,0.32,0.32,143554
BSX,20170912,0.32,0.33,0.31,0.31,123116
BSX,20170913,0.325,0.325,0.3,0.305,188462
BSX,20170914,0.305,0.305,0.285,0.29,252715
BSX,20170915,0.29,0.3,0.28,0.28,174580
BSX,20170918,0.29,0.29,0.285,0.29,76683
BSX,20170919,0.29,0.29,0.28,0.28,295647
BSX,20170920,0.285,0.29,0.285,0.29,32500
BSX,20170921,0.29,0.315,0.29,0.31,88410
BSX,20170922,0.3,0.305,0.29,0.3,218602
BSX,20170925,0.3,0.3,0.3,0.3,2700
BSX,20170926,0.29,0.295,0.29,0.295,64434
BSX,20170927,0.295,0.295,0.295,0.295,45000
BSX,20170928,0.29,0.295,0.29,0.295,50496
BSX,20170929,0.305,0.305,0.28,0.28,175000
BSX,20171002,0.295,0.295,0.295,0.295,12000
BSX,20171003,0.295,0.295,0.295,0.295,36035
BSX,20171004,0.29,0.305,0.29,0.3,115351
BSX,20171005,0.3,0.3,0.3,0.3,90500
BSX,20171006,0.31,0.31,0.3,0.305,188978
BSX,20171009,0.32,0.33,0.32,0.33,180000
BSX,20171010,0.345,0.37,0.34,0.36,283737
BSX,20171011,0.37,0.4,0.355,0.4,331294
BSX,20171012,0.4,0.425,0.4,0.415,182755
BSX,20171013,0.405,0.42,0.39,0.415,187436
BSX,20171016,0.415,0.445,0.41,0.41,141984
BSX,20171017,0.41,0.41,0.395,0.395,97745
BSX,20171018,0.4,0.405,0.395,0.405,90108
BSX,20171019,0.39,0.42,0.38,0.42,169104
BSX,20171020,0.415,0.415,0.4,0.4,166639
BSX,20171023,0.4,0.4,0.39,0.39,15532
BSX,20171024,0.375,0.375,0.37,0.37,121824
BSX,20171025,0.355,0.37,0.355,0.37,136602
BSX,20171026,0.375,0.385,0.375,0.375,40200
BSX,20171027,0.375,0.375,0.375,0.375,32451
BSX,20171030,0.385,0.42,0.385,0.405,64351
BSX,20171031,0.41,0.42,0.4,0.42,167056
BSX,20171101,0.42,0.42,0.405,0.405,32000
BSX,20171102,0.41,0.41,0.405,0.405,142177
BSX,20171103,0.405,0.415,0.405,0.41,55613
BSX,20171106,0.42,0.44,0.42,0.44,207898
BSX,20171107,0.445,0.475,0.445,0.47,206746
BSX,20171108,0.475,0.5,0.47,0.5,147450
BSX,20171109,0.545,0.55,0.49,0.49,264692
BSX,20171110,0.545,0.55,0.49,0.49,264692
BSX,20171113,0.5,0.5,0.47,0.5,112615
BSX,20171114,0.53,0.53,0.505,0.52,349865
BSX,20171115,0.53,0.55,0.53,0.54,139810
BSX,20171116,0.57,0.62,0.54,0.6,442853
BSX,20171117,0.6,0.6,0.59,0.6,109199
BSX,20171120,0.55,0.57,0.55,0.57,87874
BSX,20171121,0.52,0.52,0.475,0.5,305170
BSX,20171122,0.485,0.49,0.48,0.485,101399
BSX,20171123,0.47,0.47,0.435,0.47,172768
BSX,20171124,0.47,0.51,0.47,0.51,117198
BSX,20171127,0.5,0.5,0.5,0.5,25000
BSX,20171128,0.5,0.5,0.5,0.5,125204
BSX,20171129,0.5,0.5,0.495,0.5,106633
BSX,20171130,0.51,0.54,0.51,0.54,43070
BSX,20171201,0.54,0.54,0.53,0.54,128617
BSX,20171204,0.55,0.57,0.545,0.545,102100
BSX,20171205,0.56,0.565,0.56,0.565,140900
BSX,20171206,0.535,0.54,0.5,0.54,61766
BSX,20171207,0.54,0.56,0.54,0.56,58012
BSX,20171208,0.56,0.56,0.56,0.56,0
BSX,20171211,0.56,0.56,0.56,0.56,0
BSX,20171212,0.54,0.54,0.49,0.5,181031
BSX,20171213,0.5,0.5,0.5,0.5,30000
BSX,20171214,0.5,0.5,0.495,0.5,69119
BSX,20171215,0.495,0.5,0.48,0.5,28168
BSX,20171218,0.5,0.5,0.48,0.495,76243
BSX,20171219,0.485,0.485,0.475,0.475,26015
BSX,20171220,0.495,0.5,0.495,0.5,20000
BSX,20171221,0.49,0.5,0.49,0.5,62580
BSX,20171222,0.5,0.5,0.485,0.485,38100
BSX,20171227,0.485,0.485,0.485,0.485,20000
BSX,20171228,0.49,0.49,0.49,0.49,30000
BSX,20171229,0.49,0.49,0.49,0.49,70000
BSX,20180102,0.485,0.49,0.485,0.49,17823
BSX,20180103,0.485,0.485,0.47,0.47,23115
BSX,20180104,0.44,0.48,0.44,0.48,194520
BSX,20180105,0.48,0.48,0.48,0.48,0
BSX,20180108,0.48,0.48,0.48,0.48,0
BSX,20180109,0.61,0.655,0.56,0.59,2450594
BSX,20180110,0.61,0.615,0.565,0.58,322222
BSX,20180111,0.58,0.58,0.535,0.55,286565
BSX,20180112,0.56,0.585,0.545,0.58,224966
BSX,20180115,0.56,0.585,0.52,0.52,121437
BSX,20180116,0.53,0.58,0.53,0.565,42118
BSX,20180117,0.565,0.565,0.545,0.545,82000
BSX,20180118,0.56,0.56,0.555,0.555,7646
BSX,20180119,0.54,0.57,0.53,0.53,142854
BSX,20180122,0.54,0.54,0.52,0.54,78769
BSX,20180123,0.525,0.53,0.525,0.53,28912
BSX,20180124,0.525,0.525,0.495,0.5,157464
BSX,20180125,0.495,0.495,0.46,0.46,115104
BSX,20180129,0.47,0.495,0.46,0.48,106178
BSX,20180130,0.465,0.465,0.45,0.455,114687
BSX,20180131,0.43,0.43,0.415,0.43,72264
BSX,20180201,0.45,0.45,0.43,0.43,128627
BSX,20180202,0.43,0.43,0.41,0.41,104135
BSX,20180205,0.415,0.415,0.41,0.41,50309
BSX,20180207,0.42,0.42,0.385,0.385,105247
BSX,20180208,0.385,0.385,0.375,0.38,124012
BSX,20180209,0.38,0.38,0.36,0.36,51819
BSX,20180212,0.36,0.39,0.36,0.39,45075
BSX,20180213,0.38,0.405,0.35,0.35,326174
BSX,20180214,0.395,0.45,0.395,0.42,273792
BSX,20180215,0.43,0.43,0.385,0.39,32918
BSX,20180216,0.395,0.395,0.38,0.38,45250
BSX,20180219,0.375,0.415,0.375,0.415,22783
BSX,20180220,0.415,0.42,0.375,0.38,130307
BSX,20180221,0.38,0.38,0.37,0.37,24037
BSX,20180222,0.365,0.365,0.35,0.35,77718
BSX,20180223,0.365,0.375,0.36,0.375,69090
BSX,20180226,0.38,0.405,0.38,0.4,111846
BSX,20180227,0.415,0.44,0.415,0.435,2117350
BSX,20180228,0.42,0.445,0.42,0.44,66283
BSX,20180301,0.45,0.45,0.42,0.42,62400
BSX,20180302,0.42,0.42,0.4,0.4,85147
BSX,20180305,0.41,0.42,0.41,0.42,11357
BSX,20180306,0.42,0.42,0.39,0.39,150870
BSX,20180307,0.4,0.4,0.39,0.39,55798
BSX,20180308,0.39,0.4,0.39,0.4,9200
BSX,20180309,0.42,0.42,0.39,0.4,32226
BSX,20180312,0.415,0.415,0.4,0.4,10077
BSX,20180313,0.39,0.39,0.38,0.385,189731
BSX,20180314,0.38,0.38,0.37,0.37,110600
BSX,20180315,0.38,0.38,0.37,0.37,54834
BSX,20180316,0.37,0.39,0.365,0.37,81000
BSX,20180319,0.38,0.39,0.375,0.38,85346
BSX,20180320,0.385,0.395,0.382,0.39,49702
BSX,20180321,0.395,0.43,0.395,0.42,263948
BSX,20180322,0.44,0.45,0.43,0.435,835943
BSX,20180323,0.44,0.45,0.43,0.44,365507
BSX,20180326,0.43,0.52,0.425,0.485,605844
BSX,20180327,0.49,0.5,0.46,0.47,206158
BSX,20180328,0.48,0.485,0.46,0.465,289105
BSX,20180329,0.47,0.47,0.445,0.47,175809
BSX,20180403,0.47,0.47,0.43,0.44,231731
BSX,20180404,0.45,0.5,0.44,0.495,307577
BSX,20180405,0.49,0.49,0.47,0.47,196939
BSX,20180406,0.48,0.48,0.47,0.47,83524
BSX,20180409,0.47,0.485,0.47,0.475,184405
BSX,20180410,0.48,0.48,0.47,0.47,93803
BSX,20180411,0.47,0.47,0.46,0.465,126500
BSX,20180412,0.465,0.48,0.455,0.48,49130
BSX,20180413,0.46,0.475,0.455,0.475,15501
BSX,20180416,0.48,0.48,0.455,0.465,55543
BSX,20180417,0.465,0.475,0.465,0.475,107929
BSX,20180418,0.475,0.475,0.415,0.43,503326
BSX,20180419,0.43,0.43,0.41,0.415,235000
BSX,20180420,0.425,0.425,0.405,0.41,110452
BSX,20180423,0.41,0.415,0.41,0.415,3014
BSX,20180424,0.415,0.445,0.41,0.445,51707
BSX,20180426,0.44,0.44,0.415,0.415,27238
BSX,20180427,0.425,0.425,0.415,0.425,34304
BSX,20180430,0.44,0.44,0.415,0.42,294417
BSX,20180501,0.415,0.42,0.415,0.42,46500
BSX,20180502,0.42,0.42,0.365,0.375,128475
BSX,20180503,0.375,0.375,0.375,0.375,0
BSX,20180504,0.39,0.39,0.39,0.39,5000
BSX,20180507,0.405,0.425,0.405,0.415,25478
BSX,20180508,0.425,0.425,0.41,0.425,250619
BSX,20180509,0.43,0.46,0.42,0.42,528900
BSX,20180510,0.43,0.445,0.43,0.435,137698
BSX,20180511,0.445,0.445,0.435,0.435,85453
BSX,20180514,0.43,0.43,0.42,0.43,105255
BSX,20180515,0.42,0.42,0.415,0.415,84055
BSX,20180516,0.415,0.415,0.38,0.38,83261
BSX,20180517,0.39,0.415,0.39,0.415,72500
BSX,20180518,0.4,0.405,0.4,0.4,33801
BSX,20180521,0.42,0.42,0.395,0.395,1007000
BSX,20180522,0.4,0.4,0.39,0.39,105000
BSX,20180523,0.39,0.4,0.39,0.4,36225
BSX,20180524,0.415,0.415,0.39,0.39,105574
BSX,20180525,0.4,0.405,0.4,0.4,48425
BSX,20180528,0.41,0.41,0.38,0.38,178290
BSX,20180529,0.39,0.4,0.375,0.4,98113
BSX,20180530,0.385,0.385,0.345,0.365,208770
BSX,20180531,0.365,0.365,0.27,0.28,1872771
BSX,20180601,0.295,0.295,0.26,0.27,1247512
BSX,20180604,0.26,0.265,0.235,0.235,192396
BSX,20180605,0.25,0.27,0.245,0.25,436235
BSX,20180606,0.255,0.255,0.245,0.245,84810
BSX,20180607,0.245,0.245,0.235,0.24,66980
BSX,20180608,0.225,0.225,0.21,0.215,341891
BSX,20180612,0.21,0.215,0.2,0.2,351215
BSX,20180613,0.18,0.195,0.175,0.195,475411
BSX,20180614,0.195,0.195,0.185,0.19,57829
BSX,20180615,0.19,0.2,0.19,0.2,98748
BSX,20180618,0.205,0.205,0.18,0.19,147152
BSX,20180619,0.19,0.19,0.18,0.18,21578
BSX,20180620,0.185,0.19,0.17,0.18,42557
BSX,20180621,0.18,0.18,0.17,0.175,73987
BSX,20180622,0.17,0.185,0.17,0.185,59461
BSX,20180625,0.185,0.19,0.185,0.185,33083
BSX,20180626,0.18,0.18,0.17,0.17,529699
BSX,20180627,0.17,0.175,0.165,0.165,529272
BSX,20180628,0.17,0.17,0.16,0.16,147637
BSX,20180629,0.16,0.18,0.16,0.175,184681
BSX,20180702,0.18,0.195,0.18,0.19,151476
BSX,20180703,0.195,0.2,0.195,0.2,37460
BSX,20180704,0.2,0.2,0.2,0.2,0
BSX,20180705,0.19,0.2,0.19,0.19,91548
BSX,20180706,0.19,0.19,0.19,0.19,0
BSX,20180710,0.19,0.19,0.19,0.19,8762
BSX,20180711,0.19,0.19,0.185,0.185,106716
BSX,20180712,0.185,0.185,0.185,0.185,975
BSX,20180713,0.185,0.185,0.185,0.185,15176
BSX,20180716,0.185,0.185,0.185,0.185,63823
BSX,20180717,0.185,0.185,0.185,0.185,0
BSX,20180718,0.18,0.18,0.17,0.17,105020
BSX,20180719,0.17,0.17,0.165,0.165,39680
BSX,20180720,0.165,0.165,0.16,0.16,183589
BSX,20180723,0.16,0.16,0.16,0.16,0
BSX,20180724,0.16,0.16,0.155,0.155,335806
BSX,20180725,0.155,0.155,0.155,0.155,110200
BSX,20180726,0.155,0.155,0.155,0.155,168755
BSX,20180727,0.15,0.15,0.145,0.145,26960
BSX,20180730,0.145,0.145,0.145,0.145,0
BSX,20180731,0.14,0.14,0.135,0.14,152072
BSX,20180801,0.14,0.14,0.13,0.13,94643
BSX,20180802,0.13,0.14,0.13,0.14,3263
BSX,20180803,0.135,0.135,0.13,0.13,100384
BSX,20180806,0.13,0.135,0.13,0.135,198916
BSX,20180807,0.135,0.135,0.13,0.13,42924
BSX,20180808,0.12,0.12,0.115,0.115,244316
BSX,20180809,0.11,0.12,0.11,0.12,195202
BSX,20180810,0.12,0.125,0.12,0.125,102000
BSX,20180813,0.125,0.125,0.125,0.125,0
BSX,20180814,0.125,0.125,0.125,0.125,300
BSX,20180816,0.12,0.15,0.12,0.135,716884
BSX,20180817,0.13,0.135,0.13,0.135,202960
BSX,20180820,0.13,0.13,0.12,0.13,86952
BSX,20180821,0.13,0.13,0.12,0.125,113307
BSX,20180822,0.125,0.125,0.12,0.125,17591
BSX,20180823,0.125,0.125,0.125,0.125,22000
BSX,20180824,0.125,0.125,0.125,0.125,7500
BSX,20180827,0.13,0.13,0.12,0.12,84061
BSX,20180828,0.12,0.12,0.115,0.115,30274
BSX,20180829,0.115,0.115,0.11,0.115,150869
BSX,20180830,0.11,0.11,0.11,0.11,40715
BSX,20180831,0.115,0.115,0.115,0.115,22536
BSX,20180903,0.115,0.12,0.11,0.11,98083
BSX,20180904,0.12,0.12,0.11,0.11,52500
BSX,20180905,0.11,0.11,0.11,0.11,61666
BSX,20180906,0.115,0.125,0.115,0.125,61962
BSX,20180907,0.115,0.125,0.11,0.125,122800
BSX,20180910,0.11,0.11,0.11,0.11,27000
BSX,20180913,0.11,0.11,0.11,0.11,38589
BSX,20180914,0.11,0.11,0.105,0.105,27181
BSX,20180917,0.105,0.105,0.105,0.105,84964
BSX,20180918,0.11,0.11,0.11,0.11,10396
BSX,20180919,0.11,0.115,0.11,0.115,16500
BSX,20180920,0.12,0.12,0.12,0.12,25000
BSX,20180921,0.12,0.12,0.12,0.12,0
BSX,20180924,0.12,0.125,0.12,0.125,73194
BSX,20180925,0.125,0.125,0.125,0.125,61364
BSX,20180926,0.125,0.125,0.125,0.125,100000
BSX,20180927,0.135,0.14,0.135,0.14,127037
BSX,20180928,0.145,0.18,0.145,0.18,284086
BSX,20181001,0.17,0.17,0.165,0.165,39100
BSX,20181002,0.165,0.165,0.16,0.16,80000
BSX,20181003,0.16,0.17,0.16,0.17,31000
BSX,20181004,0.17,0.17,0.16,0.16,34487
BSX,20181005,0.145,0.145,0.13,0.135,145513
BSX,20181008,0.14,0.14,0.135,0.135,10000
BSX,20181009,0.14,0.14,0.14,0.14,25000
BSX,20181010,0.155,0.155,0.155,0.155,40000
BSX,20181011,0.155,0.155,0.145,0.145,9000
BSX,20181012,0.135,0.135,0.135,0.135,15512
BSX,20181015,0.135,0.135,0.135,0.135,0
BSX,20181016,0.14,0.14,0.14,0.14,66865
BSX,20181017,0.145,0.145,0.14,0.14,146410
BSX,20181018,0.135,0.14,0.135,0.14,22700
BSX,20181019,0.135,0.135,0.135,0.135,6160
BSX,20181022,0.14,0.14,0.14,0.14,9285
BSX,20181023,0.135,0.135,0.135,0.135,23288
BSX,20181024,0.135,0.135,0.135,0.135,0
BSX,20181025,0.135,0.135,0.13,0.13,203500
BSX,20181026,0.13,0.13,0.11,0.11,121470
BSX,20181030,0.12,0.12,0.12,0.12,7250
BSX,20181031,0.14,0.14,0.14,0.14,18000
BSX,20181101,0.13,0.13,0.13,0.13,10000
BSX,20181102,0.14,0.14,0.14,0.14,9900
BSX,20181105,0.13,0.13,0.12,0.12,27766
BSX,20181106,0.125,0.125,0.12,0.125,46656
BSX,20181107,0.13,0.14,0.13,0.14,17000
BSX,20181108,0.14,0.145,0.14,0.14,44000
BSX,20181109,0.145,0.145,0.14,0.14,32440
BSX,20181112,0.135,0.135,0.135,0.135,10000
BSX,20181113,0.14,0.14,0.13,0.13,86193
BSX,20181114,0.13,0.13,0.13,0.13,21872
BSX,20181115,0.12,0.135,0.12,0.135,309149
BSX,20181116,0.135,0.135,0.125,0.125,89380
BSX,20181119,0.125,0.125,0.125,0.125,0
BSX,20181120,0.125,0.125,0.125,0.125,0
BSX,20181121,0.12,0.125,0.12,0.125,23747
BSX,20181122,0.125,0.13,0.125,0.125,151256
BSX,20181123,0.125,0.125,0.125,0.125,25950
BSX,20181126,0.13,0.13,0.13,0.13,6504
BSX,20181127,0.125,0.125,0.125,0.125,10000
BSX,20181128,0.125,0.125,0.125,0.125,4550
BSX,20181129,0.135,0.14,0.135,0.14,28722
BSX,20181130,0.135,0.14,0.135,0.14,17643
BSX,20181203,0.12,0.12,0.12,0.12,7000
BSX,20181204,0.12,0.12,0.12,0.12,920
BSX,20181205,0.12,0.12,0.12,0.12,8000
BSX,20181206,0.12,0.12,0.11,0.11,10687
BSX,20181207,0.11,0.11,0.11,0.11,0
BSX,20181210,0.115,0.14,0.115,0.14,20244
BSX,20181211,0.135,0.135,0.115,0.12,45968
BSX,20181212,0.12,0.12,0.12,0.12,41933
BSX,20181213,0.12,0.12,0.12,0.12,0
BSX,20181214,0.12,0.12,0.12,0.12,0
BSX,20181217,0.11,0.11,0.1,0.1,82499
BSX,20181218,0.1,0.105,0.1,0.1,12500
BSX,20181219,0.1,0.1,0.1,0.1,0
BSX,20181220,0.1,0.1,0.1,0.1,0
BSX,20181221,0.1,0.1,0.1,0.1,0
BSX,20181224,0.11,0.11,0.11,0.11,186434
BSX,20181227,0.115,0.12,0.115,0.12,22843
BSX,20181228,0.12,0.12,0.115,0.115,37653
BSX,20181231,0.115,0.115,0.115,0.115,0
BSX,20190102,0.12,0.125,0.12,0.125,42500
BSX,20190103,0.125,0.125,0.125,0.125,0
BSX,20190104,0.11,0.11,0.11,0.11,99136
BSX,20190107,0.11,0.11,0.11,0.11,13610
BSX,20190108,0.11,0.11,0.105,0.105,119699
BSX,20190109,0.115,0.115,0.115,0.115,13543
BSX,20190110,0.115,0.115,0.115,0.115,86457
BSX,20190111,0.115,0.115,0.115,0.115,0
BSX,20190114,0.11,0.11,0.105,0.105,134834
BSX,20190115,0.105,0.105,0.105,0.105,10000
BSX,20190116,0.105,0.105,0.105,0.105,0
BSX,20190117,0.11,0.11,0.1,0.1,76407
BSX,20190118,0.1,0.1,0.1,0.1,51624
BSX,20190121,0.1,0.1,0.099,0.099,18745
BSX,20190122,0.097,0.097,0.097,0.097,60000
BSX,20190123,0.097,0.097,0.096,0.096,35612
BSX,20190124,0.092,0.095,0.092,0.092,58528
BSX,20190125,0.09,0.09,0.088,0.088,83471
BSX,20190129,0.088,0.088,0.08,0.08,131158
BSX,20190130,0.077,0.077,0.068,0.075,194432
BSX,20190131,0.072,0.075,0.072,0.075,111555
BSX,20190201,0.07,0.075,0.07,0.072,142552
BSX,20190204,0.072,0.072,0.064,0.065,142493
BSX,20190205,0.065,0.065,0.065,0.065,11310
BSX,20190206,0.066,0.066,0.065,0.065,272216
BSX,20190207,0.067,0.074,0.067,0.074,114290
BSX,20190208,0.075,0.092,0.075,0.092,188377
BSX,20190211,0.1,0.12,0.09,0.09,267062
BSX,20190212,0.09,0.09,0.089,0.089,150255
BSX,20190213,0.089,0.089,0.087,0.087,62241
BSX,20190214,0.087,0.087,0.087,0.087,0
BSX,20190215,0.09,0.095,0.09,0.095,156948
BSX,20190218,0.09,0.09,0.087,0.087,6000
BSX,20190219,0.087,0.087,0.087,0.087,0
BSX,20190220,0.09,0.09,0.09,0.09,1200
BSX,20190221,0.094,0.1,0.094,0.098,143722
BSX,20190222,0.099,0.1,0.099,0.1,90000
BSX,20190225,0.105,0.11,0.098,0.098,224834
BSX,20190226,0.098,0.098,0.098,0.098,1671
BSX,20190227,0.09,0.09,0.09,0.09,107694
BSX,20190228,0.091,0.091,0.09,0.09,14062
BSX,20190301,0.094,0.098,0.094,0.098,145725
BSX,20190304,0.098,0.098,0.098,0.098,43677
BSX,20190305,0.097,0.097,0.097,0.097,2600
BSX,20190306,0.097,0.097,0.096,0.096,97400
BSX,20190307,0.097,0.097,0.096,0.096,40400
BSX,20190308,0.096,0.096,0.096,0.096,0
BSX,20190311,0.095,0.095,0.095,0.095,25000
BSX,20190312,0.095,0.095,0.095,0.095,0
BSX,20190313,0.095,0.095,0.095,0.095,0
BSX,20190314,0.096,0.097,0.095,0.097,217378
BSX,20190315,0.097,0.097,0.097,0.097,0
BSX,20190318,0.09,0.09,0.087,0.087,2414056
BSX,20190319,0.091,0.091,0.09,0.09,151630
BSX,20190320,0.09,0.09,0.087,0.087,27814
BSX,20190321,0.087,0.087,0.083,0.083,22810
BSX,20190322,0.087,0.091,0.087,0.091,44813
BSX,20190325,0.086,0.087,0.086,0.087,127500
BSX,20190326,0.083,0.083,0.08,0.08,147176
BSX,20190327,0.081,0.081,0.08,0.08,111259
BSX,20190328,0.081,0.081,0.076,0.081,329012
BSX,20190329,0.082,0.082,0.081,0.081,90206
BSX,20190401,0.079,0.079,0.079,0.079,27056
BSX,20190402,0.081,0.081,0.076,0.077,361796
BSX,20190403,0.078,0.078,0.078,0.078,1700
BSX,20190404,0.078,0.078,0.078,0.078,6508
BSX,20190405,0.079,0.079,0.079,0.079,40000
BSX,20190408,0.078,0.078,0.078,0.078,90228
BSX,20190409,0.078,0.078,0.077,0.077,61399
BSX,20190410,0.075,0.075,0.075,0.075,38000
BSX,20190411,0.075,0.075,0.075,0.075,0
BSX,20190412,0.075,0.075,0.075,0.075,0
BSX,20190415,0.071,0.071,0.07,0.07,39299
BSX,20190416,0.067,0.07,0.067,0.07,54516
BSX,20190417,0.067,0.067,0.067,0.067,23519
BSX,20190418,0.066,0.066,0.066,0.066,3688
BSX,20190423,0.065,0.065,0.065,0.065,46127
BSX,20190424,0.066,0.066,0.064,0.066,260000
BSX,20190426,0.065,0.066,0.065,0.066,119575
BSX,20190429,0.067,0.067,0.065,0.065,287990
BSX,20190430,0.065,0.067,0.065,0.067,404848
BSX,20190501,0.067,0.067,0.067,0.067,54529
BSX,20190502,0.065,0.065,0.065,0.065,150000
BSX,20190503,0.064,0.064,0.064,0.064,18450
BSX,20190506,0.064,0.064,0.064,0.064,109413
BSX,20190507,0.064,0.064,0.064,0.064,0
BSX,20190508,0.064,0.064,0.064,0.064,0
BSX,20190509,0.064,0.064,0.064,0.064,0
BSX,20190510,0.068,0.069,0.063,0.069,449863
BSX,20190513,0.072,0.086,0.07,0.084,1066351
BSX,20190514,0.084,0.084,0.084,0.084,15538
BSX,20190515,0.085,0.085,0.078,0.078,350457
BSX,20190516,0.077,0.077,0.07,0.07,123165
BSX,20190517,0.073,0.073,0.073,0.073,162096
BSX,20190520,0.073,0.073,0.073,0.073,112060
BSX,20190521,0.075,0.075,0.074,0.074,192087
BSX,20190522,0.08,0.08,0.078,0.078,89520
BSX,20190523,0.076,0.076,0.075,0.075,104549
BSX,20190524,0.075,0.075,0.075,0.075,100000
BSX,20190527,0.075,0.075,0.075,0.075,0
BSX,20190528,0.075,0.075,0.075,0.075,212848
BSX,20190529,0.075,0.075,0.075,0.075,233196
BSX,20190530,0.075,0.075,0.075,0.075,5000
BSX,20190531,0.075,0.075,0.075,0.075,105505
BSX,20190603,0.075,0.075,0.075,0.075,44528
BSX,20190604,0.075,0.077,0.075,0.077,106683
BSX,20190605,0.078,0.078,0.077,0.077,204835
BSX,20190606,0.077,0.077,0.077,0.077,0
BSX,20190607,0.075,0.077,0.075,0.077,361803
BSX,20190611,0.075,0.09,0.075,0.09,771582
BSX,20190612,0.09,0.094,0.09,0.092,737271
BSX,20190613,0.092,0.092,0.092,0.092,8177
BSX,20190614,0.09,0.1,0.09,0.096,487959
BSX,20190617,0.093,0.093,0.09,0.09,248817
BSX,20190618,0.09,0.09,0.089,0.089,125286
BSX,20190619,0.088,0.088,0.078,0.079,243298
BSX,20190620,0.08,0.08,0.079,0.079,2676404
BSX,20190621,0.082,0.082,0.082,0.082,1231
BSX,20190624,0.084,0.085,0.081,0.081,400030
BSX,20190625,0.082,0.085,0.081,0.083,504106
BSX,20190626,0.081,0.081,0.08,0.08,57456
BSX,20190627,0.08,0.083,0.08,0.083,174695
BSX,20190628,0.083,0.083,0.08,0.083,462450
BSX,20190701,0.08,0.08,0.078,0.08,68396
BSX,20190702,0.08,0.08,0.08,0.08,0
BSX,20190703,0.078,0.078,0.078,0.078,160567
BSX,20190704,0.079,0.09,0.079,0.09,40728
BSX,20190705,0.085,0.085,0.085,0.085,24809
BSX,20190708,0.085,0.085,0.083,0.084,410456
BSX,20190709,0.095,0.107,0.095,0.096,142608
BSX,20190710,0.096,0.105,0.094,0.1,409984
BSX,20190711,0.1,0.1,0.1,0.1,253429
BSX,20190712,0.105,0.11,0.105,0.11,347144
BSX,20190715,0.11,0.11,0.105,0.11,502671
BSX,20190716,0.11,0.115,0.11,0.115,580810
BSX,20190717,0.12,0.125,0.105,0.125,1618896
BSX,20190718,0.125,0.13,0.12,0.12,740808
BSX,20190719,0.125,0.13,0.12,0.12,579518
BSX,20190722,0.12,0.12,0.105,0.105,583608
BSX,20190723,0.105,0.105,0.1,0.105,635887
BSX,20190724,0.105,0.105,0.1,0.105,368314
BSX,20190725,0.11,0.11,0.1,0.1,198087
BSX,20190726,0.1,0.1,0.094,0.094,582212
BSX,20190729,0.095,0.1,0.095,0.1,163601
BSX,20190730,0.1,0.1,0.1,0.1,0
BSX,20190731,0.099,0.11,0.099,0.11,56594
BSX,20190801,0.1,0.1,0.096,0.096,165310
BSX,20190802,0.099,0.1,0.097,0.1,640937
BSX,20190805,0.1,0.1,0.1,0.1,0
BSX,20190806,0.105,0.105,0.094,0.099,1248055
BSX,20190807,0.095,0.095,0.095,0.095,275171
BSX,20190808,0.099,0.11,0.099,0.099,879920
BSX,20190809,0.11,0.13,0.11,0.12,2018433
BSX,20190812,0.12,0.125,0.115,0.115,1107699
BSX,20190813,0.115,0.115,0.11,0.11,615520
BSX,20190814,0.11,0.11,0.11,0.11,371297
BSX,20190815,0.105,0.105,0.099,0.099,1369798
BSX,20190816,0.105,0.115,0.099,0.1,3319883
BSX,20190819,0.105,0.115,0.105,0.105,679494
BSX,20190820,0.11,0.112,0.107,0.112,549200
BSX,20190821,0.12,0.12,0.115,0.115,885306
BSX,20190822,0.115,0.155,0.115,0.145,1849646
BSX,20190823,0.155,0.155,0.135,0.14,2701960
BSX,20190826,0.135,0.145,0.125,0.14,867575
BSX,20190827,0.14,0.14,0.13,0.14,805848
BSX,20190828,0.14,0.14,0.125,0.135,627765
BSX,20190829,0.13,0.137,0.125,0.135,477087
BSX,20190830,0.14,0.15,0.13,0.135,1193693
BSX,20190902,0.16,0.175,0.155,0.165,2248191
BSX,20190903,0.17,0.17,0.15,0.16,1867724
BSX,20190904,0.16,0.175,0.155,0.17,1753966
BSX,20190905,0.17,0.17,0.16,0.16,1332190
BSX,20190906,0.16,0.17,0.16,0.165,192482
BSX,20190909,0.165,0.19,0.165,0.185,2133167
BSX,20190910,0.195,0.2,0.175,0.18,1387085
BSX,20190911,0.18,0.18,0.17,0.17,195567
BSX,20190912,0.17,0.175,0.165,0.17,760596
BSX,20190913,0.17,0.18,0.16,0.17,927634
BSX,20190916,0.175,0.175,0.17,0.175,273875
BSX,20190917,0.175,0.18,0.17,0.17,363534
BSX,20190918,0.165,0.17,0.14,0.16,583059
BSX,20190919,0.16,0.16,0.16,0.16,0
BSX,20190920,0.16,0.16,0.16,0.16,0
BSX,20190923,0.155,0.165,0.155,0.16,275296
BSX,20190924,0.16,0.16,0.15,0.16,357728
BSX,20190925,0.155,0.155,0.15,0.155,477910
BSX,20190926,0.155,0.155,0.145,0.145,504567
BSX,20190927,0.145,0.15,0.145,0.15,153385
BSX,20190930,0.155,0.155,0.145,0.155,180298
BSX,20191001,0.155,0.155,0.15,0.15,457475
BSX,20191002,0.145,0.155,0.145,0.145,873558
BSX,20191003,0.145,0.15,0.14,0.145,340810
BSX,20191004,0.142,0.145,0.14,0.145,786895
BSX,20191007,0.145,0.145,0.135,0.135,1222248
BSX,20191008,0.14,0.14,0.135,0.135,555229
BSX,20191009,0.135,0.145,0.135,0.14,339816
BSX,20191010,0.14,0.14,0.13,0.14,451919
BSX,20191011,0.14,0.155,0.14,0.145,344005
BSX,20191014,0.145,0.145,0.14,0.14,172554
BSX,20191015,0.14,0.14,0.135,0.135,359909
BSX,20191016,0.145,0.145,0.13,0.13,1210517
BSX,20191017,0.125,0.125,0.11,0.115,2574077
BSX,20191018,0.115,0.125,0.115,0.12,644619
BSX,20191021,0.12,0.13,0.12,0.13,174883
BSX,20191022,0.13,0.13,0.12,0.12,434278
BSX,20191023,0.125,0.125,0.12,0.125,601981
BSX,20191024,0.13,0.13,0.125,0.125,906832
BSX,20191025,0.13,0.135,0.125,0.135,606867
BSX,20191028,0.14,0.15,0.135,0.135,253927
BSX,20191029,0.135,0.135,0.125,0.125,541785
BSX,20191030,0.125,0.125,0.12,0.125,326085
BSX,20191031,0.12,0.125,0.12,0.12,953357
BSX,20191101,0.12,0.125,0.12,0.125,351477
BSX,20191104,0.125,0.125,0.12,0.12,270481
BSX,20191105,0.12,0.125,0.12,0.125,480628
BSX,20191106,0.125,0.125,0.11,0.11,1284904
BSX,20191107,0.11,0.115,0.11,0.11,270626
BSX,20191108,0.11,0.11,0.105,0.105,1393418
BSX,20191111,0.11,0.115,0.105,0.105,661160
BSX,20191112,0.11,0.11,0.105,0.105,582292
BSX,20191113,0.105,0.105,0.105,0.105,202670
BSX,20191114,0.107,0.11,0.107,0.11,420199
BSX,20191115,0.11,0.12,0.11,0.12,250000
BSX,20191118,0.12,0.12,0.115,0.115,161362
BSX,20191119,0.12,0.135,0.12,0.12,1238711
BSX,20191120,0.12,0.125,0.12,0.125,499633
BSX,20191121,0.12,0.12,0.12,0.12,79484
BSX,20191122,0.12,0.12,0.115,0.115,99000
BSX,20191125,0.12,0.12,0.12,0.12,258189
BSX,20191126,0.12,0.12,0.11,0.115,670640
BSX,20191127,0.12,0.125,0.12,0.12,495163
BSX,20191128,0.12,0.12,0.12,0.12,0
BSX,20191129,0.12,0.12,0.12,0.12,0
BSX,20191202,0.145,0.145,0.125,0.125,2736962
BSX,20191203,0.12,0.13,0.12,0.125,1099259
BSX,20191204,0.125,0.13,0.125,0.125,806222
BSX,20191205,0.125,0.13,0.125,0.125,59342
BSX,20191206,0.125,0.135,0.125,0.13,586085
BSX,20191209,0.13,0.145,0.13,0.13,1854659
BSX,20191210,0.135,0.14,0.13,0.135,1385960
BSX,20191211,0.13,0.14,0.125,0.125,494761
BSX,20191212,0.13,0.13,0.125,0.125,228097
BSX,20191213,0.13,0.135,0.13,0.13,122807
BSX,20191216,0.13,0.13,0.125,0.125,163954
BSX,20191217,0.12,0.12,0.11,0.115,343033
BSX,20191218,0.12,0.13,0.12,0.125,1168599
BSX,20191219,0.125,0.135,0.12,0.13,729049
BSX,20191220,0.135,0.135,0.135,0.135,133320
BSX,20191223,0.14,0.14,0.14,0.14,17749
BSX,20191224,0.135,0.14,0.135,0.14,106000
BSX,20191227,0.14,0.145,0.14,0.14,298038
BSX,20191230,0.145,0.15,0.145,0.15,571564
BSX,20191231,0.15,0.155,0.15,0.15,1257492
BSX,20200102,0.15,0.16,0.15,0.16,522444
BSX,20200103,0.17,0.19,0.167,0.17,2147377
BSX,20200106,0.165,0.175,0.16,0.16,748196
BSX,20200107,0.165,0.175,0.16,0.16,702159
BSX,20200108,0.16,0.165,0.15,0.165,837609
BSX,20200109,0.16,0.165,0.155,0.155,820475
BSX,20200113,0.165,0.165,0.16,0.16,337365
BSX,20200114,0.16,0.17,0.16,0.17,607712
BSX,20200115,0.17,0.175,0.165,0.17,869467
BSX,20200116,0.17,0.17,0.16,0.16,595197
BSX,20200117,0.16,0.165,0.16,0.165,679934
BSX,20200120,0.18,0.18,0.155,0.18,2650600
BSX,20200121,0.19,0.215,0.185,0.215,5884421
BSX,20200122,0.205,0.212,0.19,0.195,1923825
BSX,20200123,0.195,0.21,0.195,0.21,1919397
BSX,20200124,0.205,0.21,0.195,0.21,1213990
BSX,20200128,0.195,0.2,0.18,0.2,2098456
BSX,20200129,0.2,0.22,0.195,0.205,2639173
BSX,20200130,0.2,0.205,0.18,0.18,2334700
BSX,20200203,0.16,0.165,0.15,0.155,2140635
BSX,20200204,0.165,0.17,0.16,0.17,782002
BSX,20200205,0.17,0.175,0.165,0.165,720146
BSX,20200210,0.16,0.16,0.15,0.15,2094227
BSX,20200211,0.155,0.185,0.15,0.185,1532603
BSX,20200212,0.18,0.205,0.175,0.175,1861239
BSX,20200213,0.18,0.185,0.17,0.175,951967
BSX,20200214,0.18,0.18,0.17,0.18,448334
BSX,20200217,0.18,0.185,0.18,0.18,434711
BSX,20200218,0.185,0.185,0.18,0.18,379500
BSX,20200219,0.18,0.18,0.17,0.17,410829
BSX,20200220,0.17,0.175,0.17,0.17,574758
BSX,20200221,0.17,0.17,0.17,0.17,250001
BSX,20200224,0.165,0.17,0.155,0.16,1009032
BSX,20200225,0.16,0.16,0.145,0.152,1057740
BSX,20200226,0.15,0.15,0.14,0.15,356651
BSX,20200227,0.15,0.165,0.14,0.14,719952
BSX,20200228,0.135,0.135,0.115,0.115,2307987
BSX,20200302,0.12,0.12,0.095,0.11,4910083
BSX,20200303,0.115,0.13,0.115,0.125,2062581
BSX,20200304,0.12,0.125,0.115,0.125,828805
BSX,20200305,0.13,0.137,0.125,0.125,979320
BSX,20200306,0.13,0.135,0.125,0.125,402069
BSX,20200309,0.125,0.125,0.11,0.11,971874
BSX,20200310,0.105,0.13,0.1,0.12,1237067
BSX,20200311,0.14,0.145,0.115,0.12,2420468
BSX,20200312,0.115,0.115,0.096,0.096,2094564
BSX,20200313,0.091,0.11,0.088,0.11,1966275
BSX,20200316,0.105,0.105,0.092,0.098,664488
BSX,20200317,0.091,0.099,0.091,0.098,794974
BSX,20200318,0.098,0.098,0.093,0.093,263827
BSX,20200319,0.093,0.094,0.08,0.08,672740
BSX,20200320,0.08,0.089,0.08,0.087,309140
BSX,20200323,0.085,0.09,0.08,0.084,2025723
BSX,20200324,0.085,0.088,0.08,0.088,80369
BSX,20200325,0.089,0.099,0.088,0.088,3979884
BSX,20200326,0.09,0.092,0.09,0.091,300325
BSX,20200327,0.09,0.097,0.09,0.094,227225
BSX,20200330,0.093,0.093,0.09,0.09,232978
BSX,20200331,0.09,0.105,0.09,0.105,1013370
BSX,20200401,0.105,0.11,0.1,0.105,496498
BSX,20200402,0.11,0.12,0.1,0.105,1208617
BSX,20200403,0.105,0.105,0.105,0.105,0
BSX,20200406,0.105,0.105,0.105,0.105,0
BSX,20200407,0.16,0.16,0.13,0.14,6088046
BSX,20200408,0.14,0.155,0.14,0.14,2398505
BSX,20200409,0.145,0.15,0.14,0.15,1726121
BSX,20200414,0.145,0.145,0.14,0.145,1219324
BSX,20200415,0.145,0.145,0.14,0.145,948147
BSX,20200416,0.14,0.145,0.14,0.14,324108
BSX,20200417,0.14,0.15,0.14,0.14,537139
BSX,20200420,0.145,0.145,0.14,0.142,622597
BSX,20200421,0.145,0.145,0.14,0.14,771530
BSX,20200422,0.14,0.14,0.14,0.14,1576087
BSX,20200423,0.14,0.155,0.14,0.155,1028788
BSX,20200424,0.155,0.17,0.155,0.165,1696659
BSX,20200427,0.17,0.18,0.17,0.175,1280610
BSX,20200428,0.18,0.19,0.18,0.18,923425
BSX,20200429,0.18,0.18,0.177,0.18,151502
BSX,20200430,0.175,0.175,0.165,0.175,587556
BSX,20200501,0.16,0.165,0.16,0.16,387438
BSX,20200504,0.165,0.165,0.16,0.16,449036
BSX,20200505,0.16,0.165,0.16,0.16,68198
BSX,20200506,0.165,0.165,0.15,0.155,468463
BSX,20200507,0.15,0.16,0.15,0.15,368602
BSX,20200508,0.155,0.16,0.145,0.15,356172
BSX,20200511,0.15,0.165,0.15,0.155,414485
BSX,20200512,0.16,0.16,0.15,0.15,358545
BSX,20200513,0.155,0.155,0.15,0.15,37678
BSX,20200514,0.15,0.15,0.15,0.15,566796
BSX,20200515,0.147,0.15,0.145,0.145,125286
BSX,20200518,0.145,0.155,0.145,0.15,355984
BSX,20200519,0.15,0.155,0.145,0.15,118146
BSX,20200520,0.15,0.15,0.15,0.15,0
BSX,20200521,0.147,0.15,0.145,0.145,112639
BSX,20200522,0.15,0.15,0.14,0.14,536752
BSX,20200525,0.14,0.145,0.135,0.135,697094
BSX,20200526,0.135,0.145,0.135,0.14,1446338
BSX,20200527,0.145,0.15,0.145,0.145,415359
BSX,20200528,0.145,0.145,0.145,0.145,437939
BSX,20200529,0.145,0.16,0.145,0.15,1376951
BSX,20200601,0.155,0.17,0.155,0.165,623606
BSX,20200602,0.165,0.165,0.15,0.16,1048391
BSX,20200603,0.175,0.18,0.155,0.17,2097874
BSX,20200604,0.17,0.17,0.155,0.16,1105376
BSX,20200605,0.16,0.165,0.157,0.165,167628
BSX,20200609,0.17,0.175,0.165,0.17,1298012
BSX,20200610,0.17,0.17,0.165,0.17,764202
BSX,20200611,0.17,0.17,0.155,0.155,1259555
BSX,20200612,0.145,0.16,0.145,0.15,897674
BSX,20200615,0.155,0.155,0.14,0.14,1191712
BSX,20200616,0.14,0.15,0.14,0.145,667117
BSX,20200617,0.16,0.17,0.155,0.165,2298293
BSX,20200618,0.17,0.17,0.165,0.167,619798
BSX,20200619,0.17,0.175,0.165,0.175,1975631
BSX,20200622,0.175,0.18,0.175,0.175,729488
BSX,20200623,0.18,0.19,0.18,0.18,1983008
BSX,20200624,0.18,0.185,0.175,0.185,740815
BSX,20200625,0.18,0.18,0.175,0.18,677415
BSX,20200626,0.175,0.185,0.17,0.185,359911
BSX,20200629,0.185,0.185,0.175,0.175,312164
BSX,20200630,0.18,0.185,0.18,0.185,173070
BSX,20200701,0.185,0.207,0.185,0.205,1942904
BSX,20200702,0.23,0.24,0.21,0.215,1603912
BSX,20200703,0.215,0.225,0.21,0.215,932872
BSX,20200706,0.225,0.225,0.22,0.225,983748
BSX,20200707,0.24,0.25,0.235,0.235,1329605
BSX,20200708,0.235,0.24,0.23,0.24,705512
BSX,20200709,0.24,0.25,0.235,0.25,514945
BSX,20200710,0.25,0.25,0.22,0.22,1161439
BSX,20200713,0.225,0.23,0.225,0.225,725767
BSX,20200714,0.225,0.225,0.205,0.21,643035
BSX,20200715,0.215,0.23,0.21,0.23,540430
BSX,20200716,0.24,0.245,0.23,0.23,708055
BSX,20200717,0.225,0.235,0.22,0.22,545527
BSX,20200720,0.225,0.235,0.225,0.23,167978
BSX,20200721,0.225,0.25,0.225,0.245,1334780
BSX,20200722,0.24,0.295,0.24,0.27,1563743
BSX,20200723,0.27,0.275,0.26,0.275,471266
BSX,20200724,0.28,0.285,0.27,0.275,1113835
BSX,20200727,0.28,0.29,0.27,0.285,930092
BSX,20200728,0.285,0.32,0.28,0.31,1015274
BSX,20200729,0.32,0.32,0.295,0.3,1126604
BSX,20200730,0.31,0.355,0.31,0.35,2772281
BSX,20200731,0.345,0.345,0.315,0.34,1813726
BSX,20200803,0.345,0.385,0.335,0.345,2102815
BSX,20200804,0.345,0.35,0.34,0.345,1040278
BSX,20200805,0.35,0.375,0.345,0.37,808597
BSX,20200806,0.37,0.385,0.36,0.38,767268
BSX,20200807,0.385,0.395,0.37,0.38,1183454
BSX,20200810,0.38,0.385,0.37,0.38,781345
BSX,20200811,0.385,0.395,0.375,0.39,1096669
BSX,20200812,0.385,0.385,0.355,0.355,1370325
BSX,20200813,0.365,0.385,0.365,0.375,842406
BSX,20200814,0.385,0.395,0.375,0.395,773082
BSX,20200817,0.395,0.44,0.395,0.425,2048590
BSX,20200818,0.425,0.43,0.415,0.42,490757
BSX,20200819,0.44,0.46,0.42,0.445,2280509
BSX,20200820,0.445,0.445,0.4,0.415,1322820
BSX,20200821,0.425,0.435,0.405,0.43,591739
BSX,20200824,0.435,0.44,0.42,0.42,468347
BSX,20200825,0.42,0.435,0.42,0.425,576946
BSX,20200826,0.43,0.435,0.425,0.43,428859
BSX,20200827,0.435,0.49,0.432,0.475,1890170
BSX,20200828,0.48,0.48,0.455,0.46,851313
BSX,20200831,0.475,0.51,0.47,0.505,1086307
BSX,20200901,0.505,0.525,0.495,0.5,786068
BSX,20200902,0.53,0.54,0.48,0.52,2028436
BSX,20200903,0.52,0.52,0.5,0.505,840943
BSX,20200904,0.49,0.5,0.475,0.48,1097744
BSX,20200907,0.495,0.5,0.48,0.485,626186
BSX,20200908,0.485,0.49,0.47,0.475,591688
BSX,20200909,0.475,0.475,0.475,0.475,0
BSX,20200910,0.475,0.475,0.475,0.475,0
BSX,20200911,0.475,0.475,0.475,0.475,0
BSX,20200914,0.46,0.465,0.435,0.44,5366405
BSX,20200915,0.44,0.475,0.435,0.435,1391788
BSX,20200916,0.44,0.47,0.435,0.45,1317146
BSX,20200917,0.45,0.46,0.435,0.44,795762
BSX,20200918,0.44,0.46,0.43,0.43,645529
BSX,20200921,0.435,0.455,0.43,0.435,1165589
BSX,20200922,0.43,0.44,0.425,0.43,610939
BSX,20200923,0.435,0.435,0.425,0.425,598519
BSX,20200924,0.43,0.43,0.41,0.415,1446983
BSX,20200925,0.42,0.44,0.42,0.44,423806
BSX,20200928,0.44,0.45,0.435,0.44,314426
BSX,20200929,0.445,0.47,0.435,0.45,1347685
BSX,20200930,0.45,0.45,0.425,0.435,394159
BSX,20201001,0.435,0.44,0.43,0.44,186384
BSX,20201002,0.435,0.46,0.415,0.415,875324
BSX,20201005,0.43,0.45,0.43,0.435,432966
BSX,20201006,0.44,0.445,0.435,0.44,346735
BSX,20201007,0.44,0.475,0.44,0.46,905216
BSX,20201008,0.47,0.495,0.465,0.485,832145
BSX,20201009,0.48,0.485,0.465,0.485,622257
BSX,20201012,0.485,0.485,0.485,0.485,0
BSX,20201013,0.485,0.485,0.485,0.485,0
BSX,20201014,0.45,0.45,0.39,0.43,6633987
BSX,20201015,0.435,0.45,0.42,0.425,1031343
BSX,20201016,0.415,0.44,0.415,0.425,904151
BSX,20201019,0.44,0.44,0.415,0.425,698759
BSX,20201020,0.43,0.43,0.385,0.39,1388371
BSX,20201021,0.39,0.42,0.39,0.4,1210058
BSX,20201022,0.4,0.4,0.38,0.38,807157
BSX,20201023,0.38,0.395,0.38,0.385,614944
BSX,20201026,0.395,0.395,0.36,0.37,1114318
BSX,20201027,0.36,0.36,0.34,0.35,1396486
BSX,20201028,0.35,0.375,0.345,0.365,707854
BSX,20201029,0.35,0.355,0.34,0.355,714502
BSX,20201030,0.345,0.36,0.34,0.345,981775
BSX,20201102,0.345,0.35,0.325,0.33,929297
BSX,20201103,0.335,0.355,0.335,0.35,708653
BSX,20201104,0.35,0.385,0.35,0.375,558986
BSX,20201105,0.37,0.38,0.37,0.38,209740
BSX,20201106,0.38,0.385,0.365,0.37,553174
BSX,20201109,0.37,0.39,0.37,0.39,365079
BSX,20201110,0.395,0.4,0.38,0.395,362950
BSX,20201111,0.385,0.395,0.37,0.38,461588
BSX,20201112,0.38,0.385,0.37,0.375,599164
BSX,20201113,0.375,0.385,0.375,0.385,121115
BSX,20201116,0.385,0.385,0.38,0.38,67421
BSX,20201117,0.385,0.395,0.385,0.385,248691
BSX,20201118,0.395,0.395,0.36,0.37,978943
BSX,20201120,0.36,0.37,0.34,0.36,1067053
BSX,20201123,0.36,0.37,0.34,0.345,882116
BSX,20201124,0.35,0.37,0.345,0.36,935335
BSX,20201125,0.365,0.365,0.335,0.335,1336055
BSX,20201126,0.34,0.345,0.33,0.335,2996785
BSX,20201127,0.34,0.365,0.34,0.35,1618763
BSX,20201130,0.36,0.36,0.34,0.345,475853
BSX,20201201,0.345,0.36,0.34,0.36,677501
BSX,20201202,0.36,0.382,0.35,0.35,694398
BSX,20201203,0.36,0.365,0.35,0.36,1191646
BSX,20201204,0.36,0.37,0.36,0.37,468227
BSX,20201207,0.375,0.38,0.365,0.365,782061
BSX,20201208,0.375,0.38,0.365,0.375,560262
BSX,20201209,0.375,0.395,0.37,0.37,1496048
BSX,20201210,0.385,0.39,0.365,0.39,1470732
BSX,20201211,0.39,0.39,0.38,0.38,568073
BSX,20201214,0.395,0.4,0.38,0.385,1345145
BSX,20201215,0.385,0.385,0.36,0.36,2153607
BSX,20201216,0.365,0.39,0.365,0.39,777633
BSX,20201217,0.38,0.385,0.37,0.38,919746
BSX,20201218,0.385,0.387,0.37,0.38,566100
BSX,20201221,0.38,0.395,0.37,0.39,608011
BSX,20201222,0.395,0.395,0.37,0.38,702067
BSX,20201224,0.365,0.365,0.365,0.365,0
BSX,20201229,0.365,0.37,0.365,0.365,239070
BSX,20201230,0.375,0.385,0.37,0.37,713054
BSX,20201231,0.38,0.38,0.375,0.38,200400
BSX,20210104,0.385,0.39,0.38,0.39,642082
BSX,20210105,0.395,0.43,0.395,0.415,1989331
BSX,20210106,0.425,0.435,0.41,0.415,1891115
BSX,20210107,0.425,0.47,0.42,0.47,3536038
BSX,20210108,0.465,0.47,0.445,0.445,610586
BSX,20210111,0.445,0.45,0.405,0.405,1174810
BSX,20210112,0.41,0.43,0.4,0.405,267328
BSX,20210113,0.41,0.415,0.405,0.41,540969
BSX,20210114,0.41,0.415,0.405,0.405,224733
BSX,20210115,0.405,0.42,0.405,0.42,932207
BSX,20210118,0.415,0.415,0.392,0.4,1964487
BSX,20210119,0.405,0.42,0.4,0.42,783980
BSX,20210120,0.42,0.455,0.42,0.45,834999
BSX,20210121,0.455,0.455,0.43,0.44,878421
BSX,20210122,0.44,0.485,0.44,0.455,2652547
BSX,20210125,0.46,0.485,0.46,0.485,1573853
BSX,20210127,0.485,0.51,0.485,0.495,1633232
BSX,20210128,0.485,0.49,0.45,0.47,1456508
BSX,20210129,0.475,0.48,0.445,0.445,927658
BSX,20210201,0.43,0.43,0.39,0.415,2799055
BSX,20210203,0.445,0.48,0.445,0.445,1386321
BSX,20210204,0.47,0.475,0.455,0.455,1157416
BSX,20210205,0.46,0.51,0.46,0.51,1677756
BSX,20210208,0.53,0.57,0.52,0.55,2126785
BSX,20210209,0.55,0.55,0.515,0.515,683186
BSX,20210210,0.55,0.55,0.505,0.51,749665
BSX,20210211,0.54,0.54,0.505,0.515,910910
BSX,20210212,0.515,0.515,0.49,0.49,523205
BSX,20210215,0.5,0.515,0.5,0.505,754529
BSX,20210216,0.535,0.54,0.52,0.54,1495858
BSX,20210217,0.54,0.565,0.52,0.55,1353473
BSX,20210218,0.54,0.55,0.505,0.505,1025384
BSX,20210219,0.515,0.52,0.5,0.505,463639
BSX,20210222,0.515,0.525,0.505,0.515,336417
BSX,20210223,0.515,0.52,0.5,0.51,930492
BSX,20210224,0.51,0.51,0.49,0.49,2123406
BSX,20210225,0.51,0.545,0.51,0.545,1091026
BSX,20210226,0.53,0.545,0.51,0.525,606247
BSX,20210301,0.54,0.54,0.51,0.51,441637
BSX,20210302,0.535,0.535,0.5,0.5,474422
BSX,20210303,0.5,0.51,0.495,0.51,501183
BSX,20210304,0.5,0.5,0.46,0.46,1194785
BSX,20210305,0.44,0.44,0.405,0.425,2927804
BSX,20210308,0.44,0.475,0.435,0.475,990492
BSX,20210309,0.47,0.47,0.45,0.465,528950
BSX,20210310,0.485,0.485,0.475,0.475,534714
BSX,20210311,0.485,0.485,0.475,0.475,534714
BSX,20210312,0.46,0.46,0.445,0.445,359032
BSX,20210315,0.47,0.47,0.445,0.445,410676
BSX,20210316,0.455,0.46,0.455,0.455,385720
BSX,20210317,0.465,0.465,0.45,0.45,436721
BSX,20210318,0.46,0.465,0.45,0.45,593400
BSX,20210319,0.45,0.47,0.45,0.47,289220
BSX,20210322,0.47,0.47,0.455,0.455,537441
BSX,20210323,0.465,0.465,0.44,0.46,490367
BSX,20210324,0.455,0.46,0.43,0.435,475512
BSX,20210325,0.44,0.45,0.43,0.43,433608
BSX,20210329,0.455,0.455,0.425,0.425,800082
BSX,20210330,0.435,0.46,0.43,0.46,768699
BSX,20210331,0.46,0.46,0.425,0.44,584596
BSX,20210401,0.43,0.43,0.375,0.395,3379636
BSX,20210406,0.41,0.415,0.38,0.38,2045698
BSX,20210407,0.385,0.395,0.365,0.37,1093416
BSX,20210408,0.38,0.39,0.37,0.38,867370
BSX,20210409,0.385,0.385,0.355,0.38,1717105
BSX,20210412,0.38,0.395,0.37,0.395,1351743
BSX,20210413,0.38,0.39,0.38,0.385,175327
BSX,20210414,0.38,0.385,0.38,0.385,556546
BSX,20210415,0.39,0.39,0.38,0.385,462773
BSX,20210416,0.38,0.385,0.37,0.385,622026
BSX,20210419,0.38,0.385,0.365,0.375,324373
BSX,20210420,0.375,0.375,0.36,0.365,480379
BSX,20210421,0.36,0.365,0.35,0.355,504895
BSX,20210422,0.35,0.36,0.35,0.355,571284
BSX,20210423,0.355,0.365,0.355,0.365,439349
BSX,20210426,0.365,0.365,0.36,0.36,355084
BSX,20210427,0.365,0.37,0.36,0.365,235778
BSX,20210428,0.365,0.365,0.355,0.365,312059
BSX,20210429,0.37,0.375,0.365,0.37,461412
BSX,20210430,0.37,0.375,0.36,0.36,482077
BSX,20210503,0.365,0.367,0.36,0.365,245129
BSX,20210504,0.365,0.37,0.355,0.36,471692
BSX,20210505,0.36,0.365,0.35,0.355,327693
BSX,20210506,0.36,0.36,0.35,0.355,265521
BSX,20210507,0.355,0.36,0.35,0.36,205434
BSX,20210510,0.36,0.36,0.35,0.35,501094
BSX,20210511,0.35,0.355,0.325,0.325,628992
BSX,20210512,0.33,0.35,0.315,0.33,839559
BSX,20210513,0.35,0.35,0.33,0.35,1061666
BSX,20210514,0.355,0.355,0.345,0.35,467602
BSX,20210517,0.35,0.355,0.35,0.35,263847
BSX,20210518,0.35,0.355,0.35,0.35,222272
BSX,20210519,0.355,0.375,0.355,0.37,503226
BSX,20210520,0.38,0.4,0.38,0.38,448499
BSX,20210521,0.385,0.39,0.37,0.375,198937
BSX,20210524,0.38,0.39,0.37,0.375,398587
BSX,20210525,0.38,0.38,0.35,0.35,451600
BSX,20210526,0.355,0.36,0.32,0.335,1110674
BSX,20210527,0.35,0.37,0.35,0.365,634767
BSX,20210528,0.365,0.37,0.355,0.355,307241
BSX,20210531,0.355,0.375,0.355,0.375,534385
BSX,20210601,0.375,0.375,0.345,0.35,1218694
BSX,20210602,0.355,0.36,0.35,0.355,277512
BSX,20210603,0.365,0.365,0.355,0.355,362800
BSX,20210604,0.365,0.365,0.36,0.36,606661
BSX,20210607,0.36,0.365,0.355,0.36,643458
BSX,20210609,0.36,0.365,0.36,0.365,234262
BSX,20210610,0.37,0.37,0.36,0.36,319276
BSX,20210611,0.365,0.375,0.36,0.365,602554
BSX,20210615,0.37,0.37,0.36,0.36,163081
BSX,20210616,0.365,0.37,0.35,0.35,466161
BSX,20210617,0.355,0.355,0.34,0.34,752365
BSX,20210618,0.345,0.355,0.335,0.34,296242
BSX,20210621,0.34,0.34,0.315,0.32,709947
BSX,20210622,0.33,0.345,0.325,0.34,505222
BSX,20210623,0.345,0.345,0.33,0.33,246270
BSX,20210625,0.335,0.34,0.32,0.34,234439
BSX,20210628,0.34,0.34,0.335,0.34,428853
BSX,20210629,0.34,0.34,0.32,0.33,329821
BSX,20210630,0.325,0.355,0.325,0.355,852965
BSX,20210701,0.355,0.36,0.35,0.355,287294
BSX,20210705,0.36,0.37,0.36,0.36,294192
BSX,20210706,0.36,0.36,0.355,0.36,524447
BSX,20210707,0.365,0.365,0.355,0.355,212538
BSX,20210708,0.36,0.36,0.35,0.36,302197
BSX,20210709,0.35,0.355,0.345,0.35,389745
BSX,20210712,0.35,0.352,0.35,0.352,106284
BSX,20210714,0.35,0.35,0.345,0.345,175807
BSX,20210715,0.35,0.37,0.35,0.365,290573
BSX,20210716,0.365,0.385,0.355,0.385,527751
BSX,20210719,0.385,0.385,0.36,0.375,291463
BSX,20210720,0.37,0.385,0.37,0.38,572060
BSX,20210723,0.42,0.455,0.41,0.455,1657490
BSX,20210726,0.485,0.505,0.455,0.455,3900910
BSX,20210727,0.455,0.467,0.435,0.44,1115520
BSX,20210728,0.435,0.45,0.425,0.435,774286
BSX,20210729,0.435,0.435,0.41,0.42,357579
BSX,20210730,0.42,0.44,0.415,0.43,341627
BSX,20210802,0.43,0.44,0.425,0.43,291573
BSX,20210803,0.43,0.45,0.42,0.43,814450
BSX,20210804,0.42,0.43,0.41,0.41,569841
BSX,20210805,0.41,0.41,0.39,0.405,1037510
BSX,20210806,0.4,0.41,0.39,0.395,981808
BSX,20210809,0.4,0.4,0.375,0.385,952636
BSX,20210810,0.38,0.41,0.38,0.41,777764
BSX,20210811,0.41,0.45,0.405,0.445,1406254
BSX,20210812,0.435,0.435,0.42,0.43,673505
BSX,20210813,0.43,0.465,0.425,0.455,1009190
BSX,20210819,0.43,0.43,0.415,0.42,168803
BSX,20210820,0.405,0.425,0.39,0.39,776172
BSX,20210823,0.4,0.44,0.4,0.425,664105
BSX,20210824,0.445,0.475,0.44,0.465,4743779
BSX,20210825,0.465,0.47,0.445,0.465,1062150
BSX,20210826,0.47,0.515,0.47,0.485,2959144
BSX,20210827,0.5,0.505,0.46,0.46,1637570
BSX,20210830,0.47,0.47,0.45,0.46,837890
BSX,20210831,0.455,0.47,0.44,0.45,1263627
BSX,20210901,0.455,0.465,0.455,0.455,931487
BSX,20210902,0.465,0.475,0.46,0.47,1197510
BSX,20210903,0.47,0.48,0.455,0.465,434619
BSX,20210906,0.465,0.47,0.455,0.46,250646
BSX,20210907,0.46,0.485,0.46,0.485,830896
BSX,20210908,0.48,0.48,0.465,0.475,746745
BSX,20210909,0.48,0.5,0.46,0.47,1704630
BSX,20210910,0.47,0.52,0.465,0.515,2337558
BSX,20210913,0.525,0.59,0.52,0.57,4485554
BSX,20210914,0.55,0.56,0.53,0.55,1741491
BSX,20210915,0.55,0.58,0.54,0.54,1646948
BSX,20210916,0.56,0.575,0.545,0.55,1879958
BSX,20210917,0.55,0.555,0.505,0.52,1609417
BSX,20210920,0.53,0.53,0.465,0.47,1723402
BSX,20210922,0.46,0.475,0.45,0.455,785222
BSX,20210923,0.46,0.5,0.455,0.465,1079008
BSX,20210924,0.47,0.48,0.46,0.475,790458
BSX,20210927,0.475,0.485,0.465,0.465,829156
BSX,20210928,0.465,0.47,0.435,0.46,1043757
BSX,20210929,0.44,0.48,0.44,0.46,1280060
BSX,20210930,0.46,0.465,0.44,0.465,696879
BSX,20211001,0.465,0.465,0.44,0.45,355048
BSX,20211004,0.45,0.45,0.435,0.445,428299
BSX,20211005,0.455,0.465,0.435,0.44,951870
BSX,20211006,0.445,0.47,0.44,0.45,611057
BSX,20211007,0.455,0.47,0.455,0.47,396410
BSX,20211008,0.475,0.495,0.475,0.485,652557
BSX,20211011,0.49,0.515,0.49,0.515,1402218
BSX,20211012,0.49,0.515,0.49,0.515,1439218
BSX,20211013,0.51,0.51,0.49,0.51,653229
BSX,20211014,0.51,0.52,0.5,0.515,1108635
BSX,20211019,0.55,0.595,0.535,0.59,1990081
BSX,20211020,0.595,0.625,0.56,0.575,2218717
BSX,20211021,0.615,0.615,0.585,0.585,1245264
BSX,20211022,0.58,0.645,0.565,0.64,2083715
BSX,20211025,0.66,0.695,0.64,0.655,2627070
BSX,20211026,0.675,0.73,0.675,0.705,2185236
BSX,20211028,0.695,0.695,0.695,0.695,0
BSX,20211029,0.695,0.695,0.695,0.695,0
BSX,20211101,0.6,0.64,0.59,0.61,3055818
BSX,20211102,0.6,0.63,0.595,0.62,1795653
BSX,20211103,0.62,0.62,0.59,0.59,1342067
BSX,20211104,0.61,0.61,0.59,0.59,910344
BSX,20211105,0.595,0.6,0.59,0.59,813967
BSX,20211109,0.585,0.6,0.58,0.58,1859807
BSX,20211110,0.6,0.6,0.585,0.585,966421
BSX,20211112,0.605,0.61,0.585,0.595,593787
BSX,20211115,0.595,0.64,0.595,0.635,1326522
BSX,20211116,0.64,0.645,0.6,0.61,1132623
BSX,20211117,0.63,0.63,0.595,0.6,390592
BSX,20211118,0.6,0.61,0.59,0.595,731503
BSX,20211119,0.6,0.605,0.575,0.575,1635674
BSX,20211122,0.58,0.585,0.555,0.56,1341722
BSX,20211123,0.565,0.575,0.56,0.565,1310526
BSX,20211124,0.565,0.59,0.56,0.58,648172
BSX,20211125,0.6,0.615,0.59,0.615,642123
BSX,20211126,0.615,0.615,0.57,0.575,952855
BSX,20211129,0.57,0.585,0.552,0.575,1194387
BSX,20211130,0.59,0.61,0.585,0.585,991005
BSX,20211201,0.58,0.59,0.565,0.57,684546
BSX,20211202,0.58,0.58,0.55,0.55,673330
BSX,20211203,0.57,0.585,0.545,0.55,489989
BSX,20211206,0.53,0.535,0.5,0.51,1751307
BSX,20211207,0.52,0.54,0.52,0.535,774575
BSX,20211208,0.535,0.56,0.535,0.56,720401
BSX,20211209,0.55,0.555,0.54,0.545,807469
BSX,20211210,0.55,0.55,0.53,0.535,410155
BSX,20211213,0.55,0.605,0.55,0.605,1290274
BSX,20211214,0.6,0.63,0.595,0.595,1657982
BSX,20211216,0.59,0.6,0.58,0.59,433997
BSX,20211217,0.59,0.595,0.57,0.575,654732
BSX,20211220,0.595,0.595,0.555,0.56,1014320
BSX,20211221,0.55,0.575,0.55,0.575,283914
BSX,20211222,0.58,0.58,0.55,0.555,593203
BSX,20211223,0.57,0.59,0.55,0.555,1722404
BSX,20211224,0.56,0.56,0.545,0.55,1148621
BSX,20211229,0.55,0.575,0.55,0.56,406785
BSX,20211230,0.57,0.57,0.55,0.55,681411
BSX,20211231,0.555,0.565,0.555,0.565,106014
BSX,20220104,0.565,0.59,0.56,0.57,1477745
BSX,20220105,0.585,0.6,0.575,0.59,1538212
BSX,20220106,0.59,0.59,0.555,0.565,1631306
BSX,20220107,0.57,0.57,0.55,0.56,892191
BSX,20220110,0.56,0.59,0.56,0.585,1200152
BSX,20220111,0.58,0.6,0.565,0.58,1003183
BSX,20220112,0.6,0.73,0.595,0.725,9513527
BSX,20220113,0.725,0.755,0.695,0.745,3631391
BSX,20220114,0.73,0.755,0.71,0.74,1644193
BSX,20220117,0.74,0.745,0.68,0.69,2510187
BSX,20220118,0.7,0.74,0.7,0.715,1391731
BSX,20220119,0.715,0.72,0.69,0.705,1224485
BSX,20220120,0.735,0.84,0.725,0.805,4092741
BSX,20220121,0.785,0.795,0.73,0.735,2461570
BSX,20220124,0.7,0.715,0.655,0.665,4058958
BSX,20220125,0.67,0.67,0.6,0.64,3693102
BSX,20220127,0.645,0.675,0.57,0.58,3986217
BSX,20220128,0.595,0.61,0.57,0.595,3027927
BSX,20220131,0.605,0.61,0.565,0.585,2132971
BSX,20220201,0.595,0.625,0.595,0.605,982622
BSX,20220202,0.63,0.64,0.615,0.635,1449340
BSX,20220203,0.635,0.64,0.59,0.595,1573645
BSX,20220204,0.6,0.615,0.59,0.615,1009900
BSX,20220207,0.615,0.64,0.595,0.625,1418837
BSX,20220208,0.635,0.645,0.61,0.62,872058
BSX,20220209,0.62,0.66,0.615,0.655,1951340
BSX,20220210,0.66,0.67,0.64,0.645,984311
BSX,20220211,0.63,0.635,0.61,0.615,1231938
BSX,20220214,0.6,0.61,0.58,0.595,1492751
BSX,20220215,0.585,0.585,0.475,0.48,10694811
BSX,20220216,0.5,0.51,0.47,0.495,4329352
BSX,20220217,0.5,0.53,0.48,0.485,4103637
BSX,20220218,0.505,0.505,0.485,0.485,1031102
BSX,20220221,0.495,0.495,0.445,0.465,1593083
BSX,20220222,0.44,0.445,0.42,0.43,1857329
BSX,20220223,0.42,0.48,0.415,0.48,1760799
BSX,20220224,0.48,0.485,0.43,0.435,2409712
BSX,20220225,0.46,0.48,0.445,0.48,1064619
BSX,20220228,0.46,0.47,0.415,0.425,2951938
BSX,20220301,0.415,0.46,0.415,0.45,2016846
BSX,20220302,0.45,0.46,0.435,0.435,1117312
BSX,20220303,0.46,0.5,0.46,0.48,1850690
BSX,20220304,0.49,0.49,0.445,0.46,1023832
BSX,20220307,0.475,0.475,0.435,0.45,1779732
BSX,20220308,0.49,0.49,0.44,0.45,2739217
BSX,20220309,0.47,0.475,0.45,0.455,1649594
BSX,20220310,0.46,0.475,0.45,0.46,1212724
BSX,20220311,0.465,0.5,0.465,0.47,1187148
BSX,20220314,0.47,0.475,0.45,0.45,658892
BSX,20220315,0.45,0.455,0.43,0.435,994328
BSX,20220316,0,0,0,0,0
BSX,20220317,0.445,0.45,0.42,0.425,1120962
BSX,20220318,0.425,0.435,0.42,0.42,1666074
BSX,20220321,0.42,0.44,0.415,0.415,1112433
BSX,20220322,0.42,0.44,0.405,0.415,3053544
BSX,20220323,0.415,0.425,0.4,0.415,1725686
BSX,20220324,0.42,0.425,0.4,0.405,1217786
BSX,20220325,0.42,0.425,0.405,0.405,1400997
BSX,20220328,0.41,0.41,0.375,0.375,3424422
BSX,20220329,0.39,0.405,0.385,0.39,1648422
BSX,20220330,0.395,0.4,0.38,0.39,1821146
BSX,20220331,0.39,0.407,0.387,0.39,2044547
BSX,20220401,0.395,0.415,0.39,0.405,1653287
BSX,20220404,0.415,0.42,0.397,0.41,2969968
BSX,20220405,0.41,0.42,0.38,0.39,5197025
BSX,20220406,0.41,0.41,0.38,0.39,2982587
BSX,20220407,0.39,0.39,0.365,0.365,3268642
BSX,20220408,0.375,0.42,0.365,0.41,3899350
BSX,20220411,0.405,0.405,0.375,0.38,2740662
BSX,20220412,0.375,0.38,0.365,0.37,1415615
BSX,20220413,0.37,0.415,0.365,0.405,3304514
BSX,20220414,0.41,0.42,0.395,0.4,1502388
BSX,20220419,0.4,0.415,0.39,0.4,2447027
BSX,20220420,0.405,0.425,0.4,0.41,2906684
BSX,20220421,0.405,0.425,0.4,0.41,2906684
BSX,20220422,0.38,0.39,0.37,0.37,1641008
BSX,20220426,0.37,0.37,0.355,0.355,1511762
BSX,20220427,0.355,0.37,0.345,0.355,1449981
BSX,20220428,0.355,0.37,0.355,0.365,1603007
BSX,20220429,0.365,0.38,0.36,0.365,832309
BSX,20220502,0.365,0.365,0.35,0.355,596772
BSX,20220503,0.355,0.36,0.34,0.34,867989
BSX,20220504,0.35,0.35,0.33,0.33,2253366
BSX,20220505,0.345,0.35,0.335,0.34,887154
BSX,20220506,0.335,0.335,0.32,0.32,986423
BSX,20220509,0.32,0.32,0.295,0.295,1503944
BSX,20220510,0.275,0.29,0.27,0.29,2148456
BSX,20220511,0.29,0.29,0.275,0.275,535151
BSX,20220512,0.27,0.275,0.25,0.25,1740795
BSX,20220513,0.26,0.29,0.255,0.275,2207213
BSX,20220516,0.29,0.305,0.28,0.29,1078736
BSX,20220517,0.29,0.31,0.29,0.31,914232
BSX,20220518,0.315,0.33,0.315,0.32,783827
BSX,20220519,0.305,0.315,0.29,0.29,1278494
BSX,20220520,0.295,0.305,0.295,0.305,1257028
BSX,20220523,0.315,0.315,0.295,0.295,615088
BSX,20220524,0.31,0.32,0.3,0.3,660684
BSX,20220525,0.31,0.31,0.295,0.3,466498
BSX,20220526,0.295,0.32,0.295,0.3,1634163
BSX,20220527,0.305,0.31,0.29,0.295,1352662
BSX,20220530,0.295,0.295,0.285,0.295,1000620
BSX,20220531,0.29,0.295,0.285,0.285,1034633
BSX,20220601,0.3,0.32,0.285,0.29,3893485
BSX,20220602,0.31,0.32,0.265,0.265,4742830
BSX,20220603,0.275,0.28,0.26,0.26,1576728
BSX,20220606,0.295,0.295,0.26,0.265,2393543
BSX,20220607,0.265,0.265,0.265,0.265,0
BSX,20220608,0.27,0.27,0.235,0.25,5408623
BSX,20220609,0.255,0.26,0.235,0.25,1281309
BSX,20220610,0.25,0.25,0.23,0.23,1665431
BSX,20220614,0.21,0.215,0.2,0.205,2676646
BSX,20220615,0.22,0.235,0.2,0.2,1218459
BSX,20220616,0.215,0.22,0.19,0.21,3296233
BSX,20220617,0.19,0.205,0.19,0.195,855761
BSX,20220620,0.205,0.215,0.19,0.19,1448471
BSX,20220621,0.19,0.2,0.19,0.2,877439
BSX,20220622,0.205,0.205,0.19,0.2,1709677
BSX,20220623,0.2,0.2,0.185,0.185,1229607
BSX,20220624,0.185,0.2,0.185,0.2,586201
BSX,20220627,0.2,0.21,0.195,0.2,1082668
BSX,20220628,0.2,0.2,0.18,0.18,2098691
BSX,20220629,0.18,0.185,0.175,0.18,1607921
BSX,20220630,0.18,0.185,0.175,0.18,1724079
BSX,20220701,0.18,0.205,0.175,0.195,2506974
BSX,20220704,0.2,0.2,0.19,0.2,511628
BSX,20220705,0.195,0.205,0.195,0.205,550161
BSX,20220706,0.21,0.21,0.19,0.2,252670
BSX,20220707,0.2,0.2,0.185,0.195,646615
BSX,20220708,0.195,0.2,0.185,0.2,597653
BSX,20220711,0.2,0.2,0.185,0.185,290668
BSX,20220712,0.2,0.2,0.175,0.18,1172462
BSX,20220713,0.175,0.185,0.175,0.185,638612
BSX,20220714,0.185,0.19,0.18,0.185,778764
BSX,20220715,0.185,0.185,0.175,0.175,96608
BSX,20220718,0.18,0.18,0.175,0.175,670812
BSX,20220719,0.18,0.185,0.175,0.175,325193
BSX,20220720,0.18,0.185,0.175,0.18,818319
BSX,20220721,0.19,0.195,0.18,0.185,810316
BSX,20220722,0.19,0.2,0.185,0.19,973352
BSX,20220725,0.19,0.19,0.185,0.185,489422
BSX,20220726,0.185,0.205,0.185,0.2,1545472
BSX,20220727,0.2,0.2,0.185,0.19,797520
BSX,20220728,0.195,0.205,0.19,0.205,1664931
BSX,20220729,0.2,0.21,0.195,0.21,1675994
BSX,20220801,0.21,0.21,0.19,0.19,2068775
BSX,20220802,0.195,0.205,0.19,0.19,1129289
BSX,20220803,0.19,0.24,0.19,0.24,9414695
BSX,20220805,0.22,0.23,0.215,0.22,852324
BSX,20220808,0.225,0.245,0.22,0.24,1248446
BSX,20220809,0.245,0.245,0.225,0.225,828805
BSX,20220810,0.225,0.23,0.22,0.23,973336
BSX,20220811,0.24,0.245,0.23,0.245,1319958
BSX,20220812,0.24,0.28,0.24,0.28,2678661
BSX,20220815,0.28,0.28,0.26,0.27,1440193
BSX,20220816,0.275,0.28,0.25,0.25,2098466
BSX,20220817,0.25,0.25,0.225,0.24,2214707
BSX,20220818,0.24,0.24,0.22,0.225,1598358
BSX,20220819,0.225,0.235,0.22,0.22,907236
BSX,20220822,0.22,0.22,0.21,0.215,939411
BSX,20220823,0.21,0.215,0.21,0.215,373762
BSX,20220824,0.22,0.23,0.215,0.22,684490
BSX,20220825,0.22,0.225,0.21,0.21,559943
BSX,20220826,0.22,0.22,0.205,0.21,415972
BSX,20220829,0.2,0.205,0.195,0.195,1170703
BSX,20220830,0.195,0.205,0.195,0.2,730468
BSX,20220831,0.195,0.2,0.19,0.2,928479
BSX,20220901,0.2,0.2,0.19,0.19,519535
BSX,20220902,0.195,0.2,0.19,0.19,547987
BSX,20220905,0.195,0.195,0.19,0.19,196058
BSX,20220906,0.195,0.205,0.19,0.195,1235917
BSX,20220907,0.195,0.2,0.19,0.195,602856
BSX,20220909,0.21,0.22,0.21,0.22,600066
BSX,20220912,0.225,0.225,0.21,0.22,593541
BSX,20220913,0.225,0.225,0.213,0.215,519111
BSX,20220914,0.2,0.22,0.2,0.21,768727
BSX,20220915,0.21,0.22,0.21,0.21,484285
BSX,20220916,0.205,0.205,0.195,0.2,889808
BSX,20220919,0.2,0.2,0.195,0.195,953286
BSX,20220920,0.195,0.2,0.195,0.195,269492
BSX,20220921,0.2,0.2,0.193,0.2,833027
