CAE,20160212,0.039,0.039,0.039,0.039,0
CAE,20160215,0.039,0.039,0.039,0.039,0
CAE,20160216,0.039,0.039,0.039,0.039,0
CAE,20160217,0.039,0.039,0.039,0.039,0
CAE,20160218,0.039,0.039,0.039,0.039,0
CAE,20160219,0.039,0.039,0.039,0.039,0
CAE,20160222,0.039,0.039,0.039,0.039,0
CAE,20160223,0.039,0.039,0.039,0.039,0
CAE,20160224,0.039,0.039,0.039,0.039,0
CAE,20160225,0.03,0.034,0.03,0.034,700000
CAE,20160226,0.034,0.034,0.034,0.034,0
CAE,20160229,0.034,0.034,0.034,0.034,0
CAE,20160301,0.034,0.034,0.034,0.034,0
CAE,20160302,0.034,0.034,0.034,0.034,0
CAE,20160303,0.034,0.034,0.034,0.034,0
CAE,20160304,0.034,0.034,0.034,0.034,0
CAE,20160307,0.034,0.034,0.034,0.034,0
CAE,20160308,0.033,0.034,0.033,0.034,110000
CAE,20160309,0.034,0.034,0.034,0.034,0
CAE,20160310,0.034,0.034,0.034,0.034,0
CAE,20160311,0.034,0.034,0.034,0.034,0
CAE,20160314,0.034,0.05,0.034,0.045,4645360
CAE,20160315,0.045,0.046,0.042,0.045,2004984
CAE,20160316,0.044,0.045,0.04,0.04,448500
CAE,20160317,0.04,0.04,0.04,0.04,0
CAE,20160318,0.04,0.04,0.04,0.04,0
CAE,20160321,0.044,0.044,0.034,0.034,330000
CAE,20160322,0.036,0.036,0.036,0.036,40000
CAE,20160323,0.039,0.042,0.039,0.042,143978
CAE,20160324,0.042,0.042,0.042,0.042,0
CAE,20160329,0.042,0.042,0.042,0.042,0
CAE,20160330,0.042,0.042,0.042,0.042,0
CAE,20160331,0.039,0.039,0.039,0.039,25000
CAE,20160401,0.039,0.042,0.039,0.042,57000
CAE,20160404,0.042,0.042,0.042,0.042,0
CAE,20160405,0.042,0.042,0.042,0.042,0
CAE,20160406,0.042,0.042,0.042,0.042,0
CAE,20160407,0.042,0.042,0.042,0.042,0
CAE,20160408,0.042,0.042,0.042,0.042,0
CAE,20160411,0.042,0.042,0.042,0.042,0
CAE,20160412,0.042,0.042,0.042,0.042,0
CAE,20160413,0.042,0.042,0.042,0.042,0
CAE,20160414,0.042,0.042,0.042,0.042,0
CAE,20160415,0.042,0.042,0.042,0.042,0
CAE,20160418,0.042,0.042,0.042,0.042,0
CAE,20160419,0.035,0.036,0.035,0.036,55000
CAE,20160420,0.036,0.036,0.036,0.036,0
CAE,20160421,0.032,0.033,0.028,0.028,379229
CAE,20160422,0.028,0.028,0.028,0.028,0
CAE,20160426,0.024,0.024,0.022,0.022,218518
CAE,20160427,0.025,0.025,0.025,0.025,96000
CAE,20160428,0.025,0.025,0.025,0.025,60000
CAE,20160429,0.03,0.03,0.03,0.03,100000
CAE,20160502,0.03,0.03,0.03,0.03,25000
CAE,20160503,0.03,0.03,0.03,0.03,0
CAE,20160504,0.03,0.03,0.03,0.03,0
CAE,20160505,0.03,0.03,0.03,0.03,0
CAE,20160506,0.03,0.03,0.03,0.03,0
CAE,20160509,0.025,0.025,0.025,0.025,46000
CAE,20160510,0.025,0.025,0.022,0.022,16000
CAE,20160511,0.024,0.024,0.024,0.024,92000
CAE,20160512,0.022,0.022,0.021,0.021,230000
CAE,20160513,0.021,0.021,0.021,0.021,0
CAE,20160516,0.021,0.021,0.021,0.021,102500
CAE,20160517,0.021,0.021,0.021,0.021,0
CAE,20160518,0.024,0.024,0.024,0.024,9000
CAE,20160519,0.021,0.021,0.021,0.021,68250
CAE,20160520,0.021,0.021,0.021,0.021,0
CAE,20160523,0.02,0.02,0.02,0.02,4000
CAE,20160524,0.024,0.024,0.024,0.024,175000
CAE,20160525,0.024,0.024,0.024,0.024,0
CAE,20160526,0.022,0.022,0.022,0.022,60000
CAE,20160527,0.022,0.022,0.022,0.022,167000
CAE,20160530,0.022,0.022,0.022,0.022,0
CAE,20160531,0.022,0.022,0.022,0.022,0
CAE,20160601,0.022,0.022,0.022,0.022,0
CAE,20160602,0.025,0.025,0.025,0.025,118000
CAE,20160603,0.025,0.025,0.025,0.025,0
CAE,20160606,0.025,0.025,0.025,0.025,0
CAE,20160607,0.027,0.029,0.027,0.029,152436
CAE,20160608,0.027,0.029,0.027,0.029,100000
CAE,20160609,0.029,0.029,0.029,0.029,0
CAE,20160610,0.025,0.025,0.025,0.025,100000
CAE,20160614,0.025,0.025,0.025,0.025,120000
CAE,20160615,0.025,0.025,0.025,0.025,50000
CAE,20160616,0.029,0.029,0.029,0.029,100000
CAE,20160617,0.025,0.025,0.025,0.025,64638
CAE,20160620,0.029,0.029,0.029,0.029,68800
CAE,20160621,0.029,0.029,0.029,0.029,0
CAE,20160622,0.029,0.029,0.029,0.029,0
CAE,20160623,0.029,0.029,0.029,0.029,14000
CAE,20160624,0.029,0.029,0.029,0.029,0
CAE,20160627,0.029,0.029,0.029,0.029,0
CAE,20160628,0.029,0.029,0.029,0.029,0
CAE,20160629,0.029,0.029,0.029,0.029,0
CAE,20160630,0.026,0.026,0.026,0.026,100000
CAE,20160701,0.026,0.026,0.026,0.026,0
CAE,20160704,0.026,0.026,0.026,0.026,0
CAE,20160705,0.026,0.026,0.026,0.026,0
CAE,20160706,0.026,0.026,0.026,0.026,0
CAE,20160707,0.026,0.026,0.026,0.026,0
CAE,20160708,0.026,0.026,0.026,0.026,0
CAE,20160711,0.026,0.026,0.026,0.026,0
CAE,20160712,0.026,0.026,0.026,0.026,0
CAE,20160713,0.026,0.026,0.026,0.026,0
CAE,20160714,0.026,0.026,0.026,0.026,0
CAE,20160715,0.026,0.026,0.026,0.026,0
CAE,20160718,0.026,0.026,0.026,0.026,0
CAE,20160719,0.02,0.02,0.02,0.02,196
CAE,20160720,0.02,0.02,0.02,0.02,89804
CAE,20160721,0.026,0.026,0.026,0.026,20000
CAE,20160722,0.028,0.028,0.028,0.028,20000
CAE,20160725,0.028,0.028,0.028,0.028,0
CAE,20160726,0.028,0.028,0.028,0.028,0
CAE,20160727,0.028,0.028,0.028,0.028,0
CAE,20160728,0.028,0.028,0.028,0.028,0
CAE,20160729,0.028,0.028,0.028,0.028,0
CAE,20160801,0.028,0.028,0.028,0.028,0
CAE,20160802,0.028,0.028,0.028,0.028,0
CAE,20160803,0.028,0.028,0.028,0.028,0
CAE,20160804,0.028,0.028,0.028,0.028,0
CAE,20160805,0.028,0.028,0.028,0.028,0
CAE,20160808,0.028,0.028,0.028,0.028,0
CAE,20160809,0.028,0.028,0.028,0.028,0
CAE,20160810,0.028,0.028,0.028,0.028,0
CAE,20160811,0.021,0.021,0.021,0.021,1800
CAE,20160812,0.02,0.02,0.02,0.02,145000
CAE,20160815,0.02,0.02,0.02,0.02,0
CAE,20160816,0.02,0.02,0.02,0.02,0
CAE,20160817,0.02,0.02,0.02,0.02,0
CAE,20160818,0.02,0.02,0.02,0.02,0
CAE,20160822,0.019,0.019,0.019,0.019,100000
CAE,20160823,0.019,0.019,0.019,0.019,0
CAE,20160824,0.019,0.019,0.019,0.019,0
CAE,20160825,0.019,0.019,0.019,0.019,0
CAE,20160826,0.017,0.017,0.017,0.017,103688
CAE,20160829,0.02,0.02,0.02,0.02,44444
CAE,20160830,0.02,0.02,0.02,0.02,0
CAE,20160831,0.02,0.02,0.02,0.02,60000
CAE,20160901,0.02,0.021,0.02,0.021,122422
CAE,20160902,0.021,0.021,0.021,0.021,0
CAE,20160905,0.021,0.021,0.021,0.021,0
CAE,20160906,0.018,0.018,0.018,0.018,50000
CAE,20160907,0.018,0.018,0.018,0.018,0
CAE,20160908,0.018,0.018,0.018,0.018,0
CAE,20160909,0.018,0.018,0.018,0.018,0
CAE,20160912,0.018,0.018,0.018,0.018,0
CAE,20160913,0.018,0.018,0.018,0.018,0
CAE,20160914,0.018,0.018,0.018,0.018,0
CAE,20160915,0.018,0.018,0.018,0.018,0
CAE,20160916,0.018,0.018,0.018,0.018,0
CAE,20160919,0.018,0.018,0.018,0.018,0
CAE,20160920,0.018,0.018,0.018,0.018,0
CAE,20160921,0.018,0.018,0.018,0.018,0
CAE,20160922,0.018,0.018,0.018,0.018,0
CAE,20160923,0.018,0.018,0.018,0.018,0
CAE,20160926,0.018,0.018,0.018,0.018,0
CAE,20160927,0.018,0.018,0.018,0.018,0
CAE,20160928,0.018,0.018,0.018,0.018,0
CAE,20160929,0.018,0.018,0.018,0.018,0
CAE,20160930,0.018,0.018,0.018,0.018,0
CAE,20161003,0.018,0.018,0.018,0.018,0
CAE,20161004,0.018,0.018,0.018,0.018,0
CAE,20161005,0.018,0.018,0.018,0.018,0
CAE,20161006,0.018,0.018,0.018,0.018,0
CAE,20161007,0.018,0.018,0.018,0.018,0
CAE,20161010,0.018,0.018,0.018,0.018,0
CAE,20161011,0.018,0.018,0.018,0.018,0
CAE,20161012,0.018,0.018,0.018,0.018,0
CAE,20161013,0.018,0.018,0.018,0.018,0
CAE,20161014,0.018,0.018,0.018,0.018,0
CAE,20161017,0.018,0.018,0.018,0.018,0
CAE,20161018,0.014,0.014,0.014,0.014,35550
CAE,20161019,0.014,0.014,0.014,0.014,0
CAE,20161020,0.014,0.014,0.014,0.014,0
CAE,20161021,0.014,0.014,0.013,0.013,100000
CAE,20161024,0.013,0.013,0.013,0.013,0
CAE,20161025,0.013,0.013,0.013,0.013,0
CAE,20161026,0.013,0.013,0.013,0.013,0
CAE,20161027,0.013,0.013,0.013,0.013,0
CAE,20161028,0.013,0.013,0.013,0.013,0
CAE,20161031,0.013,0.013,0.013,0.013,0
CAE,20161101,0.013,0.013,0.013,0.013,0
CAE,20161102,0.013,0.013,0.013,0.013,0
CAE,20161103,0.013,0.013,0.013,0.013,0
CAE,20161104,0.013,0.013,0.013,0.013,50000
CAE,20161107,0.013,0.013,0.013,0.013,0
CAE,20161108,0.013,0.013,0.013,0.013,0
CAE,20161109,0.013,0.013,0.012,0.012,146762
CAE,20161110,0.012,0.012,0.012,0.012,0
CAE,20161111,0.012,0.012,0.012,0.012,0
CAE,20161114,0.012,0.012,0.012,0.012,53238
CAE,20161115,0.012,0.013,0.011,0.013,400000
CAE,20161116,0.013,0.013,0.013,0.013,0
CAE,20161117,0.013,0.013,0.013,0.013,0
CAE,20161118,0.013,0.013,0.013,0.013,0
CAE,20161121,0.013,0.013,0.013,0.013,0
CAE,20161122,0.015,0.015,0.015,0.015,58134
CAE,20161123,0.015,0.015,0.015,0.015,0
CAE,20161124,0.012,0.012,0.011,0.011,347800
CAE,20161125,0.011,0.011,0.011,0.011,2
CAE,20161128,0.013,0.013,0.013,0.013,50000
CAE,20161129,0.013,0.013,0.013,0.013,103980
CAE,20161130,0.013,0.013,0.013,0.013,0
CAE,20161201,0.013,0.013,0.013,0.013,0
CAE,20161202,0.013,0.013,0.013,0.013,0
CAE,20161205,0.013,0.013,0.013,0.013,0
CAE,20161206,0.013,0.013,0.013,0.013,0
CAE,20161207,0.012,0.012,0.011,0.011,177236
CAE,20161208,0.011,0.011,0.011,0.011,0
CAE,20161209,0.011,0.011,0.011,0.011,0
CAE,20161212,0.011,0.011,0.011,0.011,0
CAE,20161213,0.011,0.011,0.011,0.011,0
CAE,20161214,0.011,0.011,0.011,0.011,0
CAE,20161215,0.011,0.011,0.011,0.011,0
CAE,20161216,0.013,0.013,0.013,0.013,60000
CAE,20161219,0.013,0.013,0.013,0.013,18000
CAE,20161220,0.013,0.013,0.013,0.013,0
CAE,20161221,0.013,0.013,0.013,0.013,0
CAE,20161222,0.013,0.013,0.013,0.013,0
CAE,20161223,0.013,0.013,0.013,0.013,0
CAE,20161228,0.013,0.013,0.013,0.013,0
CAE,20161229,0.013,0.013,0.013,0.013,0
CAE,20161230,0.013,0.013,0.013,0.013,0
CAE,20170103,0.013,0.013,0.013,0.013,0
CAE,20170104,0.015,0.015,0.015,0.015,18888
CAE,20170105,0.015,0.015,0.015,0.015,0
CAE,20170106,0.015,0.015,0.015,0.015,22000
CAE,20170109,0.015,0.015,0.015,0.015,0
CAE,20170110,0.015,0.015,0.015,0.015,0
CAE,20170111,0.015,0.015,0.015,0.015,0
CAE,20170112,0.015,0.015,0.015,0.015,0
CAE,20170113,0.015,0.015,0.015,0.015,0
CAE,20170116,0.015,0.015,0.015,0.015,0
CAE,20170117,0.015,0.015,0.015,0.015,0
CAE,20170118,0.015,0.015,0.015,0.015,0
CAE,20170119,0.015,0.015,0.015,0.015,0
CAE,20170120,0.015,0.015,0.015,0.015,0
CAE,20170123,0.015,0.015,0.015,0.015,0
CAE,20170124,0.015,0.015,0.015,0.015,210000
CAE,20170125,0.015,0.015,0.015,0.015,0
CAE,20170127,0.015,0.015,0.015,0.015,0
CAE,20170130,0.015,0.015,0.015,0.015,0
CAE,20170131,0.015,0.015,0.015,0.015,0
CAE,20170201,0.015,0.015,0.015,0.015,0
CAE,20170202,0.015,0.015,0.015,0.015,0
CAE,20170203,0.015,0.015,0.015,0.015,0
CAE,20170206,0.015,0.015,0.015,0.015,0
CAE,20170207,0.015,0.015,0.015,0.015,0
CAE,20170208,0.014,0.014,0.014,0.014,1
CAE,20170209,0.014,0.014,0.014,0.014,0
CAE,20170210,0.014,0.014,0.014,0.014,200000
CAE,20170213,0.014,0.014,0.014,0.014,0
CAE,20170214,0.014,0.014,0.014,0.014,0
CAE,20170215,0.014,0.014,0.013,0.013,300000
CAE,20170216,0.013,0.013,0.013,0.013,0
CAE,20170217,0.013,0.013,0.013,0.013,0
CAE,20170220,0.013,0.013,0.013,0.013,200000
CAE,20170221,0.013,0.013,0.013,0.013,0
CAE,20170222,0.013,0.013,0.013,0.013,7001
CAE,20170223,0.013,0.013,0.013,0.013,0
CAE,20170224,0.013,0.013,0.013,0.013,0
CAE,20170227,0.013,0.013,0.013,0.013,50000
CAE,20170228,0.013,0.013,0.013,0.013,0
CAE,20170301,0.013,0.013,0.013,0.013,0
CAE,20170302,0.013,0.013,0.013,0.013,0
CAE,20170303,0.013,0.013,0.013,0.013,0
CAE,20170306,0.013,0.013,0.013,0.013,0
CAE,20170307,0.013,0.013,0.013,0.013,0
CAE,20170308,0.013,0.013,0.013,0.013,0
CAE,20170309,0.013,0.013,0.013,0.013,0
CAE,20170310,0.013,0.013,0.013,0.013,0
CAE,20170313,0.013,0.013,0.013,0.013,0
CAE,20170314,0.013,0.013,0.013,0.013,0
CAE,20170315,0.013,0.013,0.013,0.013,0
CAE,20170316,0.013,0.014,0.013,0.014,110900
CAE,20170317,0.014,0.014,0.014,0.014,0
CAE,20170320,0.014,0.014,0.014,0.014,0
CAE,20170321,0.017,0.15,0.017,0.04,30289440
CAE,20170322,0.038,0.038,0.03,0.032,10701973
CAE,20170323,0.034,0.034,0.028,0.028,4290798
CAE,20170324,0.028,0.033,0.028,0.029,1524216
CAE,20170327,0.032,0.032,0.032,0.032,75156
CAE,20170328,0.032,0.032,0.032,0.032,0
CAE,20170329,0.04,0.042,0.034,0.035,9503593
CAE,20170330,0.034,0.034,0.03,0.031,3242258
CAE,20170331,0.03,0.031,0.029,0.029,317913
CAE,20170403,0.03,0.03,0.025,0.026,1616033
CAE,20170404,0.026,0.026,0.026,0.026,167616
CAE,20170405,0.026,0.026,0.026,0.026,0
CAE,20170406,0.025,0.025,0.025,0.025,2142
CAE,20170407,0.027,0.027,0.027,0.027,11750
CAE,20170410,0.027,0.027,0.027,0.027,0
CAE,20170411,0.025,0.025,0.022,0.023,1602500
CAE,20170412,0.025,0.028,0.025,0.028,429938
CAE,20170413,0.026,0.026,0.024,0.024,78000
CAE,20170418,0.024,0.024,0.024,0.024,514018
CAE,20170419,0.024,0.024,0.024,0.024,0
CAE,20170420,0.024,0.024,0.024,0.024,0
CAE,20170421,0.025,0.025,0.025,0.025,147500
CAE,20170424,0.022,0.026,0.022,0.026,203000
CAE,20170426,0.026,0.026,0.025,0.025,236001
CAE,20170427,0.025,0.026,0.025,0.026,500000
CAE,20170428,0.026,0.026,0.026,0.026,75000
CAE,20170501,0.024,0.024,0.023,0.023,239434
CAE,20170502,0.024,0.024,0.024,0.024,16264
CAE,20170503,0.024,0.025,0.024,0.025,1110000
CAE,20170504,0.025,0.025,0.025,0.025,0
CAE,20170505,0.023,0.023,0.023,0.023,80939
CAE,20170508,0.023,0.023,0.023,0.023,0
CAE,20170509,0.023,0.023,0.023,0.023,0
CAE,20170510,0.022,0.022,0.022,0.022,270001
CAE,20170511,0.022,0.022,0.022,0.022,48293
CAE,20170512,0.022,0.022,0.021,0.021,91000
CAE,20170515,0.021,0.021,0.021,0.021,0
CAE,20170516,0.021,0.021,0.021,0.021,0
CAE,20170517,0.022,0.022,0.022,0.022,51175
CAE,20170518,0.022,0.022,0.022,0.022,230001
CAE,20170519,0.022,0.022,0.022,0.022,0
CAE,20170522,0.02,0.02,0.02,0.02,25924
CAE,20170523,0.02,0.02,0.02,0.02,0
CAE,20170524,0.02,0.02,0.02,0.02,220000
CAE,20170525,0.02,0.02,0.02,0.02,524000
CAE,20170526,0.02,0.02,0.02,0.02,0
CAE,20170529,0.02,0.02,0.02,0.02,0
CAE,20170530,0.02,0.02,0.02,0.02,50000
CAE,20170531,0.02,0.02,0.02,0.02,0
CAE,20170601,0.02,0.02,0.02,0.02,0
CAE,20170602,0.02,0.02,0.02,0.02,0
CAE,20170605,0.02,0.02,0.02,0.02,0
CAE,20170606,0.02,0.02,0.02,0.02,0
CAE,20170607,0.02,0.02,0.02,0.02,0
CAE,20170608,0.02,0.02,0.02,0.02,0
CAE,20170609,0.02,0.02,0.02,0.02,0
CAE,20170613,0.019,0.02,0.019,0.02,9000
CAE,20170614,0.02,0.025,0.02,0.025,1556289
CAE,20170615,0.022,0.022,0.02,0.022,1549226
CAE,20170616,0.022,0.022,0.022,0.022,0
CAE,20170619,0.023,0.023,0.023,0.023,1034250
CAE,20170620,0.025,0.025,0.025,0.025,22000
CAE,20170621,0.023,0.027,0.02,0.027,866983
CAE,20170622,0.024,0.029,0.024,0.029,262605
CAE,20170623,0.029,0.029,0.028,0.029,524568
CAE,20170626,0.029,0.029,0.022,0.022,863176
CAE,20170627,0.024,0.025,0.021,0.021,545646
CAE,20170628,0.024,0.026,0.024,0.026,440778
CAE,20170629,0.026,0.026,0.026,0.026,0
CAE,20170630,0.029,0.029,0.029,0.029,225646
CAE,20170703,0.029,0.029,0.024,0.025,1179354
CAE,20170704,0.025,0.025,0.025,0.025,0
CAE,20170705,0.027,0.027,0.027,0.027,40000
CAE,20170706,0.028,0.03,0.028,0.03,120000
CAE,20170707,0.03,0.03,0.03,0.03,0
CAE,20170710,0.03,0.03,0.03,0.03,0
CAE,20170711,0.025,0.025,0.025,0.025,70000
CAE,20170712,0.025,0.025,0.025,0.025,0
CAE,20170713,0.025,0.025,0.025,0.025,0
CAE,20170714,0.03,0.032,0.03,0.031,312104
CAE,20170717,0.031,0.031,0.031,0.031,0
CAE,20170718,0.031,0.031,0.031,0.031,0
CAE,20170719,0.031,0.031,0.031,0.031,0
CAE,20170720,0.028,0.032,0.028,0.032,307000
CAE,20170721,0.032,0.032,0.032,0.032,0
CAE,20170724,0.032,0.032,0.032,0.032,0
CAE,20170725,0.031,0.032,0.031,0.032,158500
CAE,20170726,0.032,0.032,0.032,0.032,0
CAE,20170727,0.032,0.032,0.032,0.032,0
CAE,20170728,0.032,0.032,0.032,0.032,0
CAE,20170731,0.032,0.032,0.032,0.032,0
CAE,20170801,0.027,0.027,0.027,0.027,38000
CAE,20170802,0.027,0.027,0.027,0.027,0
CAE,20170803,0.027,0.027,0.027,0.027,0
CAE,20170804,0.027,0.027,0.027,0.027,101244
CAE,20170807,0.027,0.027,0.027,0.027,90029
CAE,20170808,0.027,0.027,0.027,0.027,0
CAE,20170809,0.028,0.03,0.028,0.03,369631
CAE,20170810,0.027,0.027,0.027,0.027,24886
CAE,20170811,0.027,0.027,0.027,0.027,0
CAE,20170815,0.027,0.027,0.027,0.027,43359
CAE,20170816,0.024,0.024,0.024,0.024,112999
CAE,20170817,0.024,0.024,0.024,0.024,0
CAE,20170818,0.024,0.024,0.024,0.024,0
CAE,20170821,0.02,0.02,0.02,0.02,93801
CAE,20170822,0.024,0.033,0.024,0.033,638051
CAE,20170823,0.033,0.033,0.032,0.032,70359
CAE,20170824,0.031,0.031,0.027,0.027,161033
CAE,20170825,0.03,0.041,0.03,0.041,1339208
CAE,20170828,0.041,0.041,0.041,0.041,0
CAE,20170829,0.039,0.043,0.035,0.04,721176
CAE,20170830,0.04,0.043,0.04,0.041,260000
CAE,20170831,0.041,0.041,0.041,0.041,25000
CAE,20170901,0.039,0.042,0.039,0.042,100000
CAE,20170904,0.042,0.042,0.042,0.042,0
CAE,20170905,0.037,0.037,0.036,0.036,150000
CAE,20170906,0.036,0.036,0.036,0.036,0
CAE,20170907,0.036,0.036,0.036,0.036,100000
CAE,20170908,0.038,0.041,0.038,0.041,142622
CAE,20170911,0.041,0.041,0.041,0.041,0
CAE,20170912,0.041,0.041,0.041,0.041,0
CAE,20170913,0.041,0.041,0.041,0.041,0
CAE,20170914,0.041,0.041,0.041,0.041,0
CAE,20170915,0.041,0.05,0.041,0.046,1175934
CAE,20170918,0.046,0.049,0.043,0.043,314204
CAE,20170919,0.043,0.043,0.043,0.043,146390
CAE,20170920,0.043,0.043,0.04,0.04,78610
CAE,20170921,0.04,0.04,0.037,0.037,249390
CAE,20170922,0.037,0.038,0.036,0.038,100000
CAE,20170925,0.038,0.038,0.038,0.038,0
CAE,20170926,0.038,0.038,0.038,0.038,300000
CAE,20170927,0.036,0.036,0.036,0.036,150000
CAE,20170928,0.034,0.034,0.034,0.034,17778
CAE,20170929,0.033,0.033,0.03,0.031,282122
CAE,20171002,0.03,0.03,0.03,0.03,16100
CAE,20171003,0.029,0.03,0.029,0.029,300000
CAE,20171004,0.029,0.029,0.028,0.028,151111
CAE,20171005,0.028,0.028,0.026,0.026,209000
CAE,20171006,0.026,0.037,0.026,0.034,724841
CAE,20171009,0.032,0.032,0.03,0.03,233268
CAE,20171010,0.03,0.03,0.03,0.03,50000
CAE,20171011,0.035,0.037,0.035,0.037,338955
CAE,20171012,0.042,0.042,0.042,0.042,225714
CAE,20171013,0.042,0.043,0.042,0.043,125531
CAE,20171016,0.044,0.044,0.039,0.039,330890
CAE,20171017,0.039,0.039,0.039,0.039,0
CAE,20171018,0.04,0.041,0.039,0.039,365000
CAE,20171019,0.038,0.038,0.032,0.032,535000
CAE,20171020,0.033,0.033,0.033,0.033,90000
CAE,20171023,0.035,0.035,0.034,0.034,214500
CAE,20171024,0.033,0.043,0.031,0.043,175765
CAE,20171025,0.037,0.037,0.034,0.034,200000
CAE,20171026,0.038,0.04,0.038,0.038,570000
CAE,20171027,0.038,0.038,0.038,0.038,264000
CAE,20171030,0.038,0.038,0.038,0.038,0
CAE,20171031,0.038,0.038,0.038,0.038,0
CAE,20171101,0.032,0.032,0.032,0.032,40000
CAE,20171102,0.031,0.031,0.031,0.031,41292
CAE,20171103,0.031,0.031,0.031,0.031,0
CAE,20171106,0.031,0.031,0.031,0.031,0
CAE,20171107,0.031,0.031,0.031,0.031,48500
CAE,20171108,0.031,0.031,0.031,0.031,0
CAE,20171109,0.034,0.034,0.034,0.034,46966
CAE,20171110,0.034,0.034,0.034,0.034,46966
CAE,20171113,0.032,0.032,0.031,0.032,295000
CAE,20171114,0.032,0.032,0.03,0.03,996550
CAE,20171115,0.03,0.03,0.03,0.03,0
CAE,20171116,0.03,0.03,0.03,0.03,57292
CAE,20171117,0.031,0.031,0.031,0.031,96774
CAE,20171120,0.033,0.034,0.033,0.034,231384
CAE,20171121,0.035,0.036,0.035,0.036,101034
CAE,20171122,0.033,0.035,0.033,0.035,490966
CAE,20171123,0.039,0.039,0.039,0.039,67714
CAE,20171124,0.045,0.045,0.045,0.045,250000
CAE,20171127,0.045,0.045,0.045,0.045,0
CAE,20171128,0.04,0.04,0.036,0.038,65000
CAE,20171129,0.038,0.038,0.038,0.038,0
CAE,20171130,0.038,0.038,0.038,0.038,0
CAE,20171201,0.035,0.035,0.031,0.031,174403
CAE,20171204,0.031,0.031,0.03,0.031,145899
CAE,20171205,0.031,0.031,0.031,0.031,0
CAE,20171206,0.031,0.031,0.031,0.031,80000
CAE,20171207,0.031,0.031,0.031,0.031,0
CAE,20171208,0.031,0.031,0.031,0.031,0
CAE,20171211,0.031,0.031,0.031,0.031,0
CAE,20171212,0.032,0.032,0.031,0.031,45000
CAE,20171213,0.031,0.031,0.031,0.031,0
CAE,20171214,0.031,0.031,0.031,0.031,0
CAE,20171215,0.031,0.031,0.031,0.031,0
CAE,20171218,0.031,0.031,0.031,0.031,0
CAE,20171219,0.031,0.031,0.031,0.031,0
CAE,20171220,0.031,0.031,0.031,0.031,0
CAE,20171221,0.031,0.031,0.031,0.031,9300
CAE,20171222,0.031,0.031,0.031,0.031,0
CAE,20171227,0.031,0.031,0.031,0.031,125000
CAE,20171228,0.031,0.031,0.031,0.031,0
CAE,20171229,0.031,0.031,0.031,0.031,0
CAE,20180102,0.031,0.031,0.031,0.031,0
CAE,20180103,0.031,0.031,0.031,0.031,0
CAE,20180104,0.031,0.031,0.031,0.031,15700
CAE,20180105,0.031,0.031,0.031,0.031,30000
CAE,20180108,0.031,0.031,0.031,0.031,0
CAE,20180109,0.03,0.03,0.03,0.03,66000
CAE,20180110,0.03,0.03,0.03,0.03,45781
CAE,20180111,0.03,0.03,0.03,0.03,25000
CAE,20180112,0.03,0.03,0.03,0.03,100000
CAE,20180115,0.03,0.03,0.03,0.03,94219
CAE,20180116,0.03,0.03,0.029,0.029,6001
CAE,20180117,0.03,0.03,0.03,0.03,121780
CAE,20180118,0.03,0.03,0.029,0.029,130283
CAE,20180119,0.029,0.029,0.029,0.029,30000
CAE,20180122,0.031,0.031,0.031,0.031,100000
CAE,20180123,0.031,0.031,0.031,0.031,100000
CAE,20180124,0.034,0.034,0.034,0.034,25000
CAE,20180125,0.034,0.034,0.034,0.034,0
CAE,20180129,0.034,0.034,0.034,0.034,0
CAE,20180130,0.034,0.034,0.034,0.034,0
CAE,20180131,0.031,0.031,0.031,0.031,100000
CAE,20180201,0.031,0.031,0.031,0.031,16130
CAE,20180202,0.031,0.031,0.031,0.031,0
CAE,20180205,0.028,0.028,0.028,0.028,16120
CAE,20180207,0.028,0.028,0.028,0.028,378290
CAE,20180208,0.028,0.028,0.028,0.028,11635
CAE,20180209,0.028,0.028,0.028,0.028,0
CAE,20180212,0.028,0.031,0.027,0.031,574548
CAE,20180213,0.032,0.043,0.032,0.043,1188688
CAE,20180214,0.042,0.052,0.039,0.052,578535
CAE,20180215,0.05,0.05,0.05,0.05,200000
CAE,20180216,0.048,0.048,0.048,0.048,73691
CAE,20180219,0.045,0.045,0.045,0.045,36309
CAE,20180220,0.045,0.045,0.045,0.045,55888
CAE,20180221,0.044,0.044,0.043,0.043,275000
CAE,20180222,0.043,0.043,0.04,0.04,110155
CAE,20180223,0.04,0.04,0.04,0.04,0
CAE,20180226,0.04,0.04,0.04,0.04,0
CAE,20180227,0.04,0.04,0.04,0.04,0
CAE,20180228,0.04,0.041,0.04,0.041,50000
CAE,20180301,0.04,0.049,0.04,0.049,310994
CAE,20180302,0.049,0.053,0.049,0.053,480000
CAE,20180305,0.053,0.053,0.053,0.053,0
CAE,20180306,0.05,0.05,0.045,0.045,122000
CAE,20180307,0.043,0.05,0.041,0.041,293264
CAE,20180308,0.041,0.041,0.041,0.041,0
CAE,20180309,0.041,0.041,0.041,0.041,0
CAE,20180312,0.041,0.041,0.041,0.041,0
CAE,20180313,0.045,0.045,0.045,0.045,50000
CAE,20180314,0.046,0.046,0.046,0.046,45122
CAE,20180315,0.046,0.046,0.046,0.046,0
CAE,20180316,0.046,0.046,0.042,0.042,43884
CAE,20180319,0.042,0.042,0.042,0.042,0
CAE,20180320,0.042,0.042,0.04,0.04,90000
CAE,20180321,0.04,0.042,0.04,0.042,143376
CAE,20180322,0.042,0.042,0.042,0.042,0
CAE,20180323,0.042,0.042,0.042,0.042,200000
CAE,20180326,0.04,0.041,0.04,0.041,39874
CAE,20180327,0.042,0.042,0.042,0.042,26576
CAE,20180328,0.042,0.042,0.042,0.042,0
CAE,20180329,0.042,0.042,0.042,0.042,0
CAE,20180403,0.042,0.042,0.042,0.042,0
CAE,20180404,0.04,0.04,0.04,0.04,12500
CAE,20180405,0.04,0.04,0.04,0.04,0
CAE,20180406,0.038,0.043,0.038,0.043,306720
CAE,20180409,0.042,0.042,0.038,0.038,22500
CAE,20180410,0.038,0.043,0.038,0.043,376177
CAE,20180411,0.045,0.05,0.045,0.05,256470
CAE,20180412,0.047,0.047,0.047,0.047,3330
CAE,20180413,0.047,0.047,0.047,0.047,0
CAE,20180416,0.046,0.047,0.046,0.047,100000
CAE,20180417,0.046,0.046,0.046,0.046,25000
CAE,20180418,0.046,0.046,0.046,0.046,0
CAE,20180419,0.038,0.043,0.038,0.043,30000
CAE,20180420,0.043,0.043,0.043,0.043,0
CAE,20180423,0.043,0.043,0.043,0.043,0
CAE,20180424,0.043,0.043,0.043,0.043,0
CAE,20180426,0.043,0.043,0.043,0.043,0
CAE,20180427,0.043,0.043,0.043,0.043,0
CAE,20180430,0.043,0.043,0.043,0.043,0
CAE,20180501,0.043,0.043,0.043,0.043,0
CAE,20180502,0.043,0.043,0.043,0.043,0
CAE,20180503,0.043,0.043,0.043,0.043,0
CAE,20180504,0.043,0.043,0.043,0.043,0
CAE,20180507,0.043,0.043,0.043,0.043,0
CAE,20180508,0.043,0.043,0.043,0.043,0
CAE,20180509,0.043,0.043,0.043,0.043,0
CAE,20180510,0.043,0.043,0.043,0.043,0
CAE,20180511,0.043,0.043,0.043,0.043,0
CAE,20180514,0.043,0.043,0.043,0.043,0
CAE,20180515,0.043,0.043,0.043,0.043,0
CAE,20180516,0.043,0.043,0.043,0.043,0
CAE,20180517,0.043,0.043,0.043,0.043,0
CAE,20180518,0.043,0.043,0.043,0.043,0
CAE,20180521,0.043,0.043,0.043,0.043,0
CAE,20180522,0.045,0.045,0.045,0.045,9500
CAE,20180523,0.045,0.045,0.045,0.045,0
CAE,20180524,0.045,0.045,0.045,0.045,0
CAE,20180525,0.045,0.045,0.045,0.045,0
CAE,20180528,0.045,0.045,0.045,0.045,0
CAE,20180529,0.045,0.045,0.045,0.045,0
CAE,20180530,0.045,0.045,0.045,0.045,0
CAE,20180531,0.045,0.045,0.045,0.045,0
CAE,20180601,0.045,0.045,0.045,0.045,0
CAE,20180604,0.045,0.045,0.045,0.045,0
CAE,20180605,0.044,0.045,0.043,0.045,111291
CAE,20180606,0.045,0.045,0.045,0.045,0
CAE,20180607,0.046,0.049,0.046,0.049,222500
CAE,20180608,0.046,0.05,0.046,0.05,68500
CAE,20180612,0.05,0.05,0.05,0.05,0
CAE,20180613,0.049,0.05,0.049,0.05,19000
CAE,20180614,0.05,0.05,0.05,0.05,0
CAE,20180615,0.05,0.05,0.05,0.05,0
CAE,20180618,0.05,0.05,0.05,0.05,0
CAE,20180619,0.05,0.05,0.05,0.05,0
CAE,20180620,0.05,0.05,0.05,0.05,0
CAE,20180621,0.05,0.05,0.05,0.05,0
CAE,20180622,0.044,0.067,0.044,0.055,625165
CAE,20180625,0.06,0.06,0.055,0.059,111000
CAE,20180626,0.059,0.059,0.059,0.059,0
CAE,20180627,0.059,0.059,0.059,0.059,0
CAE,20180628,0.059,0.059,0.059,0.059,0
CAE,20180629,0.059,0.059,0.059,0.059,0
CAE,20180702,0.059,0.059,0.059,0.059,0
CAE,20180703,0.059,0.059,0.059,0.059,0
CAE,20180704,0.05,0.05,0.045,0.045,70000
CAE,20180705,0.045,0.045,0.045,0.045,0
CAE,20180706,0.048,0.048,0.048,0.048,40000
CAE,20180710,0.054,0.054,0.054,0.054,0
CAE,20180711,0.047,0.047,0.047,0.047,67521
CAE,20180712,0.047,0.047,0.047,0.047,0
CAE,20180713,0.045,0.045,0.045,0.045,32667
CAE,20180716,0.045,0.045,0.045,0.045,0
CAE,20180717,0.045,0.045,0.045,0.045,0
CAE,20180718,0.045,0.045,0.045,0.045,0
CAE,20180719,0.045,0.045,0.045,0.045,0
CAE,20180720,0.045,0.045,0.045,0.045,0
CAE,20180723,0.046,0.046,0.046,0.046,13153
CAE,20180724,0.045,0.046,0.04,0.046,297823
CAE,20180725,0.049,0.049,0.049,0.049,13177
CAE,20180726,0.045,0.045,0.045,0.045,3392
CAE,20180727,0.045,0.045,0.045,0.045,0
CAE,20180730,0.045,0.045,0.045,0.045,7741
CAE,20180731,0.045,0.045,0.045,0.045,0
CAE,20180801,0.038,0.042,0.036,0.036,437668
CAE,20180802,0.034,0.036,0.034,0.034,311780
CAE,20180803,0.036,0.036,0.035,0.035,27777
CAE,20180806,0.035,0.035,0.035,0.035,20000
CAE,20180807,0.035,0.035,0.035,0.035,0
CAE,20180808,0.035,0.038,0.035,0.038,36112
CAE,20180809,0.038,0.038,0.038,0.038,0
CAE,20180810,0.038,0.038,0.038,0.038,0
CAE,20180813,0.038,0.038,0.038,0.038,0
CAE,20180814,0.038,0.038,0.038,0.038,0
CAE,20180816,0.038,0.038,0.038,0.038,0
CAE,20180817,0.038,0.038,0.038,0.038,0
CAE,20180820,0.038,0.038,0.038,0.038,0
CAE,20180821,0.038,0.038,0.038,0.038,0
CAE,20180822,0.038,0.038,0.038,0.038,0
CAE,20180823,0.033,0.033,0.033,0.033,35720
CAE,20180824,0.033,0.034,0.033,0.034,600000
CAE,20180827,0.034,0.034,0.034,0.034,0
CAE,20180828,0.034,0.034,0.034,0.034,0
CAE,20180829,0.034,0.034,0.034,0.034,0
CAE,20180830,0.034,0.034,0.034,0.034,0
CAE,20180831,0.034,0.034,0.034,0.034,0
CAE,20180903,0.034,0.034,0.034,0.034,0
CAE,20180904,0.034,0.034,0.034,0.034,0
CAE,20180905,0.034,0.034,0.034,0.034,0
CAE,20180906,0.034,0.034,0.034,0.034,0
CAE,20180907,0.034,0.034,0.034,0.034,0
CAE,20180910,0.034,0.034,0.034,0.034,0
CAE,20180913,0.034,0.034,0.034,0.034,0
CAE,20180914,0.034,0.034,0.034,0.034,0
CAE,20180917,0.034,0.034,0.034,0.034,0
CAE,20180918,0.034,0.034,0.034,0.034,0
CAE,20180919,0.034,0.034,0.034,0.034,0
CAE,20180920,0.034,0.034,0.034,0.034,0
CAE,20180921,0.029,0.029,0.029,0.029,21110
CAE,20180924,0.029,0.029,0.029,0.029,0
CAE,20180925,0.029,0.029,0.029,0.029,0
CAE,20180926,0.029,0.029,0.029,0.029,0
CAE,20180927,0.029,0.029,0.029,0.029,0
CAE,20180928,0.029,0.029,0.029,0.029,0
CAE,20181001,0.029,0.029,0.029,0.029,0
CAE,20181002,0.022,0.022,0.022,0.022,100062
CAE,20181003,0.022,0.022,0.022,0.022,0
CAE,20181004,0.022,0.022,0.022,0.022,0
CAE,20181005,0.022,0.022,0.022,0.022,0
CAE,20181008,0.022,0.022,0.022,0.022,0
CAE,20181009,0.022,0.022,0.022,0.022,0
CAE,20181010,0.022,0.022,0.022,0.022,0
CAE,20181011,0.022,0.022,0.022,0.022,0
CAE,20181012,0.03,0.032,0.03,0.032,230000
CAE,20181015,0.034,0.038,0.034,0.038,84735
CAE,20181016,0.038,0.038,0.038,0.038,0
CAE,20181017,0.038,0.038,0.038,0.038,0
CAE,20181018,0.032,0.035,0.03,0.03,85000
CAE,20181019,0.03,0.03,0.03,0.03,0
CAE,20181022,0.03,0.03,0.03,0.03,0
CAE,20181023,0.033,0.034,0.033,0.034,250000
CAE,20181024,0.032,0.038,0.03,0.038,210555
CAE,20181025,0.038,0.039,0.038,0.039,40265
CAE,20181026,0.039,0.039,0.039,0.039,0
CAE,20181030,0.039,0.039,0.039,0.039,0
CAE,20181031,0.039,0.04,0.039,0.04,382641
CAE,20181101,0.04,0.04,0.04,0.04,85303
CAE,20181102,0.04,0.04,0.04,0.04,0
CAE,20181105,0.04,0.04,0.04,0.04,0
CAE,20181106,0.026,0.026,0.026,0.026,25000
CAE,20181107,0.029,0.029,0.026,0.026,36777
CAE,20181108,0.03,0.034,0.023,0.024,1068973
CAE,20181109,0.024,0.026,0.024,0.026,280000
CAE,20181112,0.027,0.029,0.026,0.029,112386
CAE,20181113,0.028,0.028,0.026,0.026,70808
CAE,20181114,0.024,0.025,0.024,0.025,100000
CAE,20181115,0.025,0.025,0.025,0.025,0
CAE,20181116,0.025,0.025,0.025,0.025,0
CAE,20181119,0.023,0.023,0.023,0.023,30000
CAE,20181120,0.023,0.023,0.023,0.023,0
CAE,20181121,0.023,0.023,0.023,0.023,0
CAE,20181122,0.023,0.023,0.023,0.023,0
CAE,20181123,0.023,0.023,0.023,0.023,0
CAE,20181126,0.023,0.023,0.023,0.023,0
CAE,20181127,0.023,0.023,0.023,0.023,0
CAE,20181128,0.023,0.023,0.023,0.023,0
CAE,20181129,0.023,0.023,0.023,0.023,0
CAE,20181130,0.023,0.023,0.023,0.023,0
CAE,20181203,0.023,0.023,0.023,0.023,0
CAE,20181204,0.023,0.023,0.023,0.023,0
CAE,20181205,0.023,0.023,0.023,0.023,0
CAE,20181206,0.023,0.023,0.023,0.023,0
CAE,20181207,0.023,0.023,0.023,0.023,0
CAE,20181210,0.023,0.023,0.023,0.023,0
CAE,20181211,0.023,0.023,0.023,0.023,0
CAE,20181212,0.023,0.023,0.023,0.023,0
CAE,20181213,0.023,0.023,0.023,0.023,0
CAE,20181214,0.023,0.023,0.023,0.023,0
CAE,20181217,0.023,0.023,0.023,0.023,0
CAE,20181218,0.023,0.023,0.023,0.023,0
CAE,20181219,0.023,0.023,0.023,0.023,0
CAE,20181220,0.023,0.023,0.023,0.023,0
CAE,20181221,0.023,0.023,0.023,0.023,0
CAE,20181224,0.023,0.023,0.023,0.023,0
CAE,20181227,0.023,0.023,0.023,0.023,0
CAE,20181228,0.023,0.023,0.023,0.023,0
CAE,20181231,0.023,0.023,0.023,0.023,0
CAE,20190102,0.023,0.023,0.023,0.023,0
CAE,20190103,0.023,0.023,0.023,0.023,0
CAE,20190104,0.023,0.023,0.023,0.023,0
CAE,20190107,0.018,0.018,0.018,0.018,272
CAE,20190108,0.017,0.017,0.017,0.017,205000
CAE,20190109,0.021,0.021,0.021,0.021,6223
CAE,20190110,0.021,0.021,0.021,0.021,0
CAE,20190111,0.021,0.021,0.021,0.021,0
CAE,20190114,0.021,0.021,0.021,0.021,0
CAE,20190115,0.021,0.021,0.021,0.021,0
CAE,20190116,0.021,0.021,0.021,0.021,0
CAE,20190117,0.02,0.02,0.02,0.02,93777
CAE,20190118,0.02,0.02,0.02,0.02,0
CAE,20190121,0.02,0.02,0.02,0.02,0
CAE,20190122,0.02,0.02,0.02,0.02,0
CAE,20190123,0.02,0.02,0.02,0.02,0
CAE,20190124,0.02,0.02,0.02,0.02,0
CAE,20190125,0.02,0.02,0.02,0.02,0
CAE,20190129,0.02,0.02,0.02,0.02,0
CAE,20190130,0.02,0.02,0.02,0.02,0
CAE,20190131,0.02,0.02,0.02,0.02,0
CAE,20190201,0.02,0.02,0.02,0.02,0
CAE,20190204,0.02,0.02,0.02,0.02,0
CAE,20190205,0.02,0.02,0.02,0.02,0
CAE,20190206,0.02,0.02,0.02,0.02,0
CAE,20190207,0.02,0.02,0.02,0.02,0
CAE,20190208,0.02,0.02,0.02,0.02,0
CAE,20190211,0.02,0.02,0.02,0.02,0
CAE,20190212,0.02,0.02,0.02,0.02,0
CAE,20190213,0.02,0.02,0.02,0.02,0
CAE,20190214,0.009,0.02,0.009,0.02,710000
CAE,20190215,0.014,0.015,0.014,0.015,515000
CAE,20190218,0.015,0.015,0.015,0.015,0
CAE,20190219,0.015,0.015,0.015,0.015,0
CAE,20190220,0.015,0.015,0.015,0.015,0
CAE,20190221,0.015,0.015,0.015,0.015,0
CAE,20190222,0.015,0.015,0.015,0.015,0
CAE,20190225,0.015,0.015,0.015,0.015,0
CAE,20190226,0.015,0.015,0.015,0.015,225000
CAE,20190227,0.015,0.015,0.015,0.015,0
CAE,20190228,0.015,0.015,0.015,0.015,25000
CAE,20190301,0.015,0.015,0.015,0.015,0
CAE,20190304,0.015,0.015,0.015,0.015,0
CAE,20190305,0.015,0.015,0.015,0.015,0
CAE,20190306,0.015,0.015,0.015,0.015,0
CAE,20190307,0.015,0.015,0.015,0.015,0
CAE,20190308,0.015,0.015,0.015,0.015,0
CAE,20190311,0.015,0.015,0.015,0.015,0
CAE,20190312,0.015,0.015,0.015,0.015,0
CAE,20190313,0.015,0.015,0.015,0.015,0
CAE,20190314,0.015,0.015,0.015,0.015,0
CAE,20190315,0.015,0.015,0.015,0.015,0
CAE,20190318,0.015,0.015,0.015,0.015,0
CAE,20190319,0.015,0.015,0.015,0.015,0
CAE,20190320,0.015,0.015,0.015,0.015,0
CAE,20190321,0.015,0.015,0.015,0.015,0
CAE,20190322,0.015,0.015,0.015,0.015,0
CAE,20190325,0.015,0.015,0.015,0.015,0
CAE,20190326,0.015,0.015,0.015,0.015,0
CAE,20190327,0.015,0.015,0.015,0.015,0
CAE,20190328,0.015,0.015,0.015,0.015,0
CAE,20190329,0.015,0.015,0.015,0.015,0
CAE,20190401,0.015,0.015,0.015,0.015,0
CAE,20190402,0.015,0.015,0.015,0.015,0
CAE,20190403,0.015,0.015,0.015,0.015,0
CAE,20190404,0.015,0.015,0.015,0.015,0
CAE,20190405,0.015,0.015,0.015,0.015,0
CAE,20190408,0.015,0.015,0.015,0.015,0
CAE,20190409,0.015,0.015,0.015,0.015,0
CAE,20190410,0.015,0.015,0.015,0.015,0
CAE,20190411,0.015,0.015,0.015,0.015,0
CAE,20190412,0.015,0.015,0.015,0.015,25833
CAE,20190415,0.015,0.015,0.015,0.015,0
CAE,20190416,0.015,0.015,0.015,0.015,0
CAE,20190417,0.015,0.015,0.015,0.015,0
CAE,20190418,0.015,0.016,0.015,0.016,417185
CAE,20190423,0.015,0.015,0.015,0.015,50000
CAE,20190424,0.015,0.015,0.015,0.015,1200
CAE,20190426,0.015,0.015,0.015,0.015,60000
CAE,20190429,0.015,0.015,0.015,0.015,1199
CAE,20190430,0.015,0.015,0.015,0.015,0
CAE,20190501,0.015,0.015,0.015,0.015,0
CAE,20190502,0.015,0.015,0.015,0.015,0
CAE,20190503,0.015,0.015,0.015,0.015,6615
CAE,20190506,0.015,0.015,0.015,0.015,0
CAE,20190507,0.015,0.015,0.015,0.015,0
CAE,20190508,0.015,0.015,0.015,0.015,0
CAE,20190509,0.015,0.015,0.015,0.015,1600000
CAE,20190510,0.015,0.015,0.015,0.015,0
CAE,20190513,0.015,0.015,0.015,0.015,0
CAE,20190514,0.015,0.015,0.015,0.015,0
CAE,20190515,0.015,0.015,0.015,0.015,0
CAE,20190516,0.015,0.015,0.015,0.015,0
CAE,20190517,0.015,0.015,0.015,0.015,65000
CAE,20190520,0.015,0.015,0.015,0.015,0
CAE,20190521,0.015,0.015,0.015,0.015,0
CAE,20190522,0.015,0.015,0.015,0.015,0
CAE,20190523,0.015,0.015,0.015,0.015,0
CAE,20190524,0.013,0.015,0.013,0.015,89065
CAE,20190527,0.015,0.015,0.015,0.015,0
CAE,20190528,0.015,0.015,0.014,0.014,550442
CAE,20190529,0.015,0.015,0.014,0.014,655167
CAE,20190530,0.014,0.014,0.014,0.014,35700
CAE,20190531,0.014,0.014,0.014,0.014,0
CAE,20190603,0.011,0.011,0.011,0.011,314300
CAE,20190604,0.011,0.015,0.011,0.015,343611
CAE,20190605,0.015,0.015,0.015,0.015,156389
CAE,20190606,0.015,0.015,0.015,0.015,0
CAE,20190607,0.012,0.012,0.012,0.012,200000
CAE,20190611,0.011,0.012,0.011,0.012,408611
CAE,20190612,0.012,0.012,0.012,0.012,0
CAE,20190613,0.012,0.012,0.012,0.012,0
CAE,20190614,0.012,0.012,0.01,0.01,104000
CAE,20190617,0.012,0.012,0.012,0.012,285000
CAE,20190618,0.01,0.01,0.01,0.01,242533
CAE,20190619,0.01,0.012,0.009,0.009,480890
CAE,20190620,0.01,0.01,0.009,0.009,372391
CAE,20190621,0.009,0.009,0.009,0.009,0
CAE,20190624,0.009,0.009,0.009,0.009,0
CAE,20190625,0.009,0.009,0.009,0.009,0
CAE,20190626,0.009,0.009,0.009,0.009,13349
CAE,20190627,0.01,0.01,0.01,0.01,117083
CAE,20190628,0.01,0.01,0.009,0.009,382917
CAE,20190701,0.009,0.009,0.009,0.009,0
CAE,20190702,0.012,0.015,0.012,0.014,1077003
CAE,20190703,0.014,0.014,0.014,0.014,0
CAE,20190704,0.012,0.016,0.012,0.015,1947564
CAE,20190705,0.016,0.016,0.016,0.016,347387
CAE,20190708,0.015,0.015,0.015,0.015,895993
CAE,20190709,0.015,0.015,0.015,0.015,0
CAE,20190710,0.015,0.015,0.015,0.015,0
CAE,20190711,0.015,0.015,0.015,0.015,0
CAE,20190712,0.015,0.015,0.015,0.015,0
CAE,20190715,0.012,0.012,0.012,0.012,250000
CAE,20190716,0.012,0.012,0.012,0.012,0
CAE,20190717,0.012,0.012,0.012,0.012,0
CAE,20190718,0.012,0.012,0.012,0.012,0
CAE,20190719,0.012,0.012,0.012,0.012,0
CAE,20190722,0.012,0.012,0.012,0.012,0
CAE,20190723,0.012,0.012,0.012,0.012,0
CAE,20190724,0.012,0.012,0.012,0.012,0
CAE,20190725,0.012,0.012,0.012,0.012,0
CAE,20190726,0.012,0.012,0.012,0.012,0
CAE,20190729,0.011,0.011,0.011,0.011,555730
CAE,20190730,0.011,0.011,0.011,0.011,0
CAE,20190731,0.011,0.011,0.011,0.011,0
CAE,20190801,0.013,0.013,0.013,0.013,287740
CAE,20190802,0.013,0.013,0.013,0.013,0
CAE,20190805,0.013,0.013,0.013,0.013,8000
CAE,20190806,0.013,0.013,0.013,0.013,0
CAE,20190807,0.013,0.013,0.013,0.013,100000
CAE,20190808,0.014,0.014,0.014,0.014,26187
CAE,20190809,0.015,0.015,0.012,0.012,16594
CAE,20190812,0.012,0.012,0.012,0.012,0
CAE,20190813,0.012,0.012,0.012,0.012,29059
CAE,20190814,0.012,0.014,0.012,0.014,1125151
CAE,20190815,0.014,0.014,0.014,0.014,0
CAE,20190816,0.014,0.014,0.014,0.014,64823
CAE,20190819,0.014,0.014,0.014,0.014,5967
CAE,20190820,0.014,0.014,0.014,0.014,0
CAE,20190821,0.014,0.014,0.014,0.014,0
CAE,20190822,0.014,0.014,0.014,0.014,0
CAE,20190823,0.015,0.015,0.015,0.015,66666
CAE,20190826,0.015,0.019,0.015,0.019,352804
CAE,20190827,0.017,0.017,0.015,0.015,620056
CAE,20190828,0.015,0.015,0.015,0.015,0
CAE,20190829,0.015,0.015,0.015,0.015,0
CAE,20190830,0.015,0.015,0.015,0.015,0
CAE,20190902,0.015,0.015,0.015,0.015,0
CAE,20190903,0.015,0.015,0.015,0.015,0
CAE,20190904,0.017,0.017,0.017,0.017,30588
CAE,20190905,0.017,0.017,0.017,0.017,0
CAE,20190906,0.017,0.017,0.017,0.017,0
CAE,20190909,0.017,0.017,0.017,0.017,0
CAE,20190910,0.015,0.015,0.015,0.015,450000
CAE,20190911,0.015,0.015,0.015,0.015,0
CAE,20190912,0.015,0.015,0.015,0.015,0
CAE,20190913,0.015,0.015,0.015,0.015,0
CAE,20190916,0.015,0.015,0.015,0.015,0
CAE,20190917,0.015,0.015,0.015,0.015,0
CAE,20190918,0.015,0.015,0.015,0.015,0
CAE,20190919,0.015,0.015,0.015,0.015,0
CAE,20190920,0.015,0.015,0.014,0.014,110000
CAE,20190923,0.014,0.014,0.014,0.014,0
CAE,20190924,0.014,0.014,0.014,0.014,0
CAE,20190925,0.014,0.014,0.014,0.014,0
CAE,20190926,0.014,0.014,0.014,0.014,0
CAE,20190927,0.015,0.015,0.015,0.015,35000
CAE,20190930,0.015,0.015,0.015,0.015,0
CAE,20191001,0.015,0.015,0.015,0.015,6500
CAE,20191002,0.015,0.015,0.015,0.015,0
CAE,20191003,0.015,0.015,0.015,0.015,0
CAE,20191004,0.015,0.015,0.015,0.015,0
CAE,20191007,0.015,0.015,0.015,0.015,0
CAE,20191008,0.015,0.015,0.015,0.015,0
CAE,20191009,0.015,0.015,0.015,0.015,0
CAE,20191010,0.015,0.015,0.015,0.015,0
CAE,20191011,0.015,0.015,0.015,0.015,0
CAE,20191014,0.015,0.015,0.015,0.015,0
CAE,20191015,0.015,0.015,0.015,0.015,0
CAE,20191016,0.015,0.015,0.015,0.015,100000
CAE,20191017,0.015,0.015,0.015,0.015,0
CAE,20191018,0.015,0.015,0.015,0.015,0
CAE,20191021,0.015,0.015,0.015,0.015,0
CAE,20191022,0.015,0.015,0.015,0.015,0
CAE,20191023,0.015,0.015,0.015,0.015,0
CAE,20191024,0.015,0.015,0.015,0.015,0
CAE,20191025,0.015,0.015,0.015,0.015,0
CAE,20191028,0.015,0.015,0.015,0.015,0
CAE,20191029,0.015,0.015,0.015,0.015,0
CAE,20191030,0.015,0.015,0.015,0.015,0
CAE,20191031,0.015,0.015,0.015,0.015,0
CAE,20191101,0.015,0.015,0.015,0.015,0
CAE,20191104,0.015,0.015,0.015,0.015,0
CAE,20191105,0.015,0.015,0.015,0.015,0
CAE,20191106,0.015,0.015,0.015,0.015,0
CAE,20191107,0.015,0.015,0.015,0.015,0
CAE,20191108,0.015,0.015,0.015,0.015,0
CAE,20191111,0.015,0.015,0.015,0.015,0
CAE,20191112,0.015,0.015,0.015,0.015,0
CAE,20191113,0.015,0.015,0.015,0.015,0
CAE,20191114,0.015,0.015,0.015,0.015,0
CAE,20191115,0.015,0.015,0.015,0.015,0
CAE,20191118,0.015,0.015,0.015,0.015,0
CAE,20191119,0.015,0.015,0.015,0.015,0
CAE,20191120,0.015,0.015,0.015,0.015,0
CAE,20191121,0.015,0.015,0.015,0.015,20000
CAE,20191122,0.015,0.015,0.015,0.015,0
CAE,20191125,0.015,0.015,0.015,0.015,0
CAE,20191126,0.015,0.015,0.015,0.015,0
CAE,20191127,0.015,0.015,0.015,0.015,0
CAE,20191128,0.015,0.015,0.015,0.015,0
CAE,20191129,0.015,0.015,0.015,0.015,0
CAE,20191202,0.015,0.015,0.015,0.015,0
CAE,20191203,0.015,0.015,0.015,0.015,0
CAE,20191204,0.015,0.015,0.015,0.015,0
CAE,20191205,0.015,0.015,0.015,0.015,0
CAE,20191206,0.015,0.015,0.015,0.015,0
CAE,20191209,0.015,0.015,0.015,0.015,0
CAE,20191210,0.015,0.015,0.015,0.015,0
CAE,20191211,0.015,0.015,0.015,0.015,0
CAE,20191212,0.015,0.015,0.015,0.015,0
CAE,20191213,0.015,0.015,0.015,0.015,0
CAE,20191216,0.015,0.015,0.015,0.015,0
CAE,20191217,0.015,0.015,0.015,0.015,0
CAE,20191218,0.015,0.015,0.015,0.015,0
CAE,20191219,0.015,0.015,0.015,0.015,0
CAE,20191220,0.015,0.015,0.015,0.015,0
CAE,20191223,0.015,0.015,0.015,0.015,0
CAE,20191224,0.015,0.015,0.015,0.015,0
CAE,20191227,0.015,0.015,0.015,0.015,0
CAE,20191230,0.015,0.015,0.015,0.015,0
CAE,20191231,0.015,0.015,0.015,0.015,0
CAE,20200102,0.015,0.015,0.015,0.015,0
CAE,20200103,0.015,0.015,0.015,0.015,0
CAE,20200106,0.015,0.015,0.015,0.015,0
CAE,20200107,0.011,0.011,0.01,0.01,108888
CAE,20200108,0.01,0.01,0.01,0.01,200000
CAE,20200109,0.01,0.01,0.01,0.01,0
CAE,20200113,0.01,0.01,0.01,0.01,0
CAE,20200114,0.01,0.01,0.01,0.01,0
CAE,20200115,0.01,0.01,0.01,0.01,0
CAE,20200116,0.01,0.01,0.01,0.01,0
CAE,20200117,0.01,0.01,0.01,0.01,0
CAE,20200120,0.01,0.01,0.01,0.01,0
CAE,20200121,0.01,0.01,0.01,0.01,0
CAE,20200122,0.01,0.01,0.01,0.01,0
CAE,20200123,0.01,0.01,0.01,0.01,0
CAE,20200124,0.01,0.01,0.01,0.01,0
CAE,20200128,0.01,0.01,0.01,0.01,0
CAE,20200129,0.01,0.01,0.01,0.01,0
CAE,20200130,0.01,0.01,0.01,0.01,0
CAE,20200203,0.01,0.01,0.01,0.01,0
CAE,20200204,0.01,0.01,0.01,0.01,0
CAE,20200205,0.01,0.01,0.01,0.01,0
CAE,20200210,0.01,0.01,0.01,0.01,0
CAE,20200211,0.01,0.01,0.01,0.01,0
CAE,20200212,0.01,0.01,0.01,0.01,0
CAE,20200213,0.01,0.01,0.01,0.01,0
CAE,20200214,0.01,0.01,0.01,0.01,0
CAE,20200217,0.01,0.01,0.01,0.01,0
CAE,20200218,0.01,0.01,0.01,0.01,0
CAE,20200219,0.01,0.01,0.01,0.01,0
CAE,20200220,0.01,0.01,0.01,0.01,0
CAE,20200221,0.01,0.01,0.01,0.01,0
CAE,20200224,0.01,0.01,0.01,0.01,0
CAE,20200225,0.009,0.009,0.009,0.009,61050
CAE,20200226,0.009,0.009,0.009,0.009,0
CAE,20200227,0.009,0.009,0.009,0.009,0
CAE,20200228,0.009,0.009,0.009,0.009,49950
CAE,20200302,0.009,0.009,0.009,0.009,0
CAE,20200303,0.009,0.009,0.009,0.009,43938
CAE,20200304,0.009,0.009,0.009,0.009,0
CAE,20200305,0.009,0.009,0.009,0.009,5012
CAE,20200306,0.009,0.009,0.009,0.009,0
CAE,20200309,0.009,0.009,0.009,0.009,0
CAE,20200310,0.008,0.008,0.008,0.008,56774
CAE,20200311,0.008,0.008,0.008,0.008,0
CAE,20200312,0.009,0.009,0.009,0.009,100000
CAE,20200313,0.008,0.008,0.008,0.008,1668
CAE,20200316,0.008,0.008,0.008,0.008,0
CAE,20200317,0.008,0.008,0.008,0.008,0
CAE,20200318,0.008,0.008,0.008,0.008,0
CAE,20200319,0.008,0.008,0.008,0.008,0
CAE,20200320,0.008,0.008,0.008,0.008,0
CAE,20200323,0.008,0.008,0.008,0.008,62500
CAE,20200324,0.008,0.008,0.008,0.008,0
CAE,20200325,0.008,0.008,0.008,0.008,0
CAE,20200326,0.008,0.008,0.008,0.008,0
CAE,20200327,0.008,0.008,0.008,0.008,0
CAE,20200330,0.008,0.008,0.008,0.008,0
CAE,20200331,0.008,0.008,0.008,0.008,0
CAE,20200401,0.008,0.008,0.008,0.008,0
CAE,20200402,0.008,0.008,0.008,0.008,0
CAE,20200403,0.008,0.008,0.008,0.008,0
CAE,20200406,0.008,0.008,0.008,0.008,0
CAE,20200407,0.008,0.008,0.008,0.008,0
CAE,20200408,0.008,0.008,0.008,0.008,0
CAE,20200409,0.008,0.008,0.008,0.008,0
CAE,20200414,0.008,0.008,0.008,0.008,0
CAE,20200415,0.008,0.008,0.008,0.008,0
CAE,20200416,0.008,0.008,0.008,0.008,0
CAE,20200417,0.008,0.008,0.008,0.008,0
CAE,20200420,0.008,0.008,0.008,0.008,0
CAE,20200421,0.008,0.008,0.008,0.008,0
CAE,20200422,0.008,0.008,0.008,0.008,0
CAE,20200423,0.008,0.008,0.008,0.008,0
CAE,20200424,0.008,0.008,0.008,0.008,0
CAE,20200427,0.008,0.008,0.008,0.008,0
CAE,20200428,0.01,0.01,0.01,0.01,250000
CAE,20200429,0.01,0.01,0.01,0.01,0
CAE,20200430,0.01,0.01,0.01,0.01,0
CAE,20200501,0.008,0.008,0.008,0.008,210000
CAE,20200504,0.008,0.008,0.008,0.008,0
CAE,20200505,0.008,0.008,0.008,0.008,0
CAE,20200506,0.008,0.008,0.008,0.008,0
CAE,20200507,0.008,0.008,0.008,0.008,0
CAE,20200508,0.008,0.008,0.008,0.008,0
CAE,20200511,0.008,0.008,0.008,0.008,0
CAE,20200512,0.008,0.008,0.008,0.008,0
CAE,20200513,0.008,0.008,0.008,0.008,0
CAE,20200514,0.008,0.008,0.008,0.008,0
CAE,20200515,0.008,0.008,0.008,0.008,0
CAE,20200518,0.008,0.008,0.008,0.008,0
CAE,20200519,0.008,0.008,0.008,0.008,0
CAE,20200520,0.008,0.008,0.008,0.008,0
CAE,20200521,0.008,0.008,0.008,0.008,40000
CAE,20200522,0.008,0.008,0.008,0.008,0
CAE,20200525,0.008,0.008,0.008,0.008,0
CAE,20200526,0.008,0.008,0.008,0.008,15143
CAE,20200527,0.008,0.008,0.008,0.008,0
CAE,20200528,0.008,0.008,0.008,0.008,0
CAE,20200529,0.008,0.008,0.008,0.008,0
CAE,20200601,0.008,0.008,0.008,0.008,0
CAE,20200602,0.008,0.008,0.008,0.008,0
CAE,20200603,0.008,0.008,0.008,0.008,0
CAE,20200604,0.008,0.008,0.008,0.008,0
CAE,20200605,0.008,0.008,0.008,0.008,0
CAE,20200609,0.008,0.008,0.008,0.008,0
CAE,20200610,0.008,0.008,0.008,0.008,0
CAE,20200611,0.008,0.008,0.008,0.008,0
CAE,20200612,0.008,0.008,0.008,0.008,0
CAE,20200615,0.008,0.008,0.008,0.008,0
CAE,20200616,0.008,0.008,0.008,0.008,0
CAE,20200617,0.005,0.011,0.005,0.011,308627
CAE,20200618,0.015,0.015,0.015,0.015,10000
CAE,20200619,0.015,0.015,0.015,0.015,0
CAE,20200622,0.015,0.015,0.015,0.015,0
CAE,20200623,0.017,0.017,0.015,0.015,200000
CAE,20200624,0.013,0.015,0.013,0.015,225316
CAE,20200625,0.015,0.015,0.015,0.015,0
CAE,20200626,0.015,0.015,0.015,0.015,0
CAE,20200629,0.015,0.015,0.015,0.015,0
CAE,20200630,0.015,0.015,0.015,0.015,0
CAE,20200701,0.015,0.015,0.015,0.015,0
CAE,20200702,0.015,0.015,0.015,0.015,0
CAE,20200703,0.015,0.015,0.015,0.015,0
CAE,20200706,0.015,0.015,0.015,0.015,0
CAE,20200707,0.015,0.015,0.015,0.015,0
CAE,20200708,0.015,0.015,0.015,0.015,0
CAE,20200709,0.015,0.015,0.015,0.015,0
CAE,20200710,0.015,0.015,0.015,0.015,0
CAE,20200713,0.015,0.015,0.015,0.015,0
CAE,20200714,0.015,0.015,0.015,0.015,0
CAE,20200715,0.015,0.015,0.015,0.015,0
CAE,20200716,0.015,0.015,0.015,0.015,0
CAE,20200717,0.015,0.015,0.015,0.015,0
CAE,20200720,0.018,0.018,0.018,0.018,103381
CAE,20200721,0.015,0.017,0.015,0.017,204085
CAE,20200722,0.017,0.017,0.017,0.017,7230
CAE,20200723,0.014,0.014,0.014,0.014,12787
CAE,20200724,0.014,0.014,0.014,0.014,489363
CAE,20200727,0.014,0.017,0.014,0.017,110000
CAE,20200728,0.017,0.017,0.017,0.017,0
CAE,20200729,0.011,0.014,0.011,0.014,934446
CAE,20200730,0.014,0.014,0.014,0.014,149446
CAE,20200731,0.014,0.014,0.014,0.014,0
CAE,20200803,0.014,0.014,0.014,0.014,0
CAE,20200804,0.014,0.014,0.014,0.014,0
CAE,20200805,0.014,0.014,0.014,0.014,0
CAE,20200806,0.014,0.014,0.014,0.014,0
CAE,20200807,0.015,0.015,0.015,0.015,1290554
CAE,20200810,0.015,0.015,0.015,0.015,800000
CAE,20200811,0.015,0.015,0.015,0.015,0
CAE,20200812,0.015,0.015,0.015,0.015,0
CAE,20200813,0.015,0.015,0.015,0.015,0
CAE,20200814,0.015,0.015,0.015,0.015,0
CAE,20200817,0.015,0.015,0.015,0.015,0
CAE,20200818,0.015,0.015,0.015,0.015,0
CAE,20200819,0.015,0.015,0.015,0.015,0
CAE,20200820,0.015,0.015,0.015,0.015,0
CAE,20200821,0.017,0.02,0.017,0.02,2510269
CAE,20200824,0.022,0.022,0.02,0.02,595000
CAE,20200825,0.02,0.02,0.02,0.02,0
CAE,20200826,0.02,0.02,0.02,0.02,98000
CAE,20200827,0.019,0.022,0.019,0.02,473800
CAE,20200828,0.02,0.02,0.02,0.02,0
CAE,20200831,0.02,0.02,0.02,0.02,0
CAE,20200901,0.024,0.033,0.024,0.026,13322418
CAE,20200902,0.028,0.029,0.023,0.023,1991379
CAE,20200903,0.023,0.024,0.022,0.023,1141351
CAE,20200904,0.027,0.027,0.022,0.026,231968
CAE,20200907,0.022,0.023,0.022,0.023,144501
CAE,20200908,0.023,0.023,0.023,0.023,0
CAE,20200909,0.022,0.022,0.022,0.022,32830
CAE,20200910,0.022,0.022,0.022,0.022,80000
CAE,20200911,0.022,0.022,0.022,0.022,100000
CAE,20200914,0.022,0.022,0.022,0.022,0
CAE,20200915,0.022,0.022,0.022,0.022,0
CAE,20200916,0.022,0.022,0.022,0.022,0
CAE,20200917,0.022,0.022,0.022,0.022,0
CAE,20200918,0.022,0.022,0.022,0.022,195280
CAE,20200921,0.022,0.022,0.022,0.022,0
CAE,20200922,0.022,0.022,0.022,0.022,0
CAE,20200923,0.023,0.023,0.023,0.023,4139
CAE,20200924,0.024,0.024,0.024,0.024,119190
CAE,20200925,0.024,0.024,0.024,0.024,0
CAE,20200928,0.024,0.024,0.024,0.024,0
CAE,20200929,0.024,0.024,0.024,0.024,0
CAE,20200930,0.023,0.023,0.023,0.023,33333
CAE,20201001,0.024,0.024,0.024,0.024,99152
CAE,20201002,0.024,0.024,0.024,0.024,245000
CAE,20201005,0.023,0.023,0.02,0.02,33624
CAE,20201006,0.02,0.02,0.02,0.02,0
CAE,20201007,0.02,0.02,0.02,0.02,0
CAE,20201008,0.02,0.024,0.02,0.024,90000
CAE,20201009,0.024,0.024,0.024,0.024,0
CAE,20201012,0.024,0.024,0.024,0.024,0
CAE,20201013,0.024,0.024,0.024,0.024,0
CAE,20201014,0.024,0.024,0.024,0.024,0
CAE,20201015,0.024,0.024,0.024,0.024,0
CAE,20201016,0.024,0.024,0.024,0.024,100000
CAE,20201019,0.024,0.024,0.024,0.024,0
CAE,20201020,0.024,0.024,0.024,0.024,0
CAE,20201021,0.022,0.022,0.022,0.022,175000
CAE,20201022,0.022,0.022,0.022,0.022,0
CAE,20201023,0.024,0.024,0.024,0.024,13636
CAE,20201026,0.024,0.024,0.024,0.024,450000
CAE,20201027,0.025,0.025,0.025,0.025,22173
CAE,20201028,0.025,0.025,0.025,0.025,0
CAE,20201029,0.024,0.025,0.024,0.025,140000
CAE,20201030,0.025,0.025,0.025,0.025,0
CAE,20201102,0.028,0.028,0.028,0.028,18000
CAE,20201103,0.028,0.028,0.028,0.028,0
CAE,20201104,0.027,0.028,0.027,0.028,227809
CAE,20201105,0.028,0.028,0.028,0.028,22191
CAE,20201106,0.028,0.028,0.028,0.028,0
CAE,20201109,0.028,0.028,0.028,0.028,0
CAE,20201110,0.028,0.028,0.028,0.028,0
CAE,20201111,0.028,0.028,0.028,0.028,0
CAE,20201112,0.028,0.028,0.028,0.028,0
CAE,20201113,0.028,0.028,0.028,0.028,0
CAE,20201116,0.028,0.028,0.028,0.028,0
CAE,20201117,0.028,0.028,0.028,0.028,0
CAE,20201118,0.028,0.028,0.028,0.028,0
CAE,20201120,0.028,0.028,0.028,0.028,0
CAE,20201123,0.028,0.028,0.028,0.028,0
CAE,20201124,0.028,0.028,0.028,0.028,0
CAE,20201125,0.028,0.028,0.028,0.028,0
CAE,20201126,0.028,0.028,0.028,0.028,0
CAE,20201127,0.028,0.028,0.028,0.028,0
CAE,20201130,0.028,0.028,0.028,0.028,0
CAE,20201201,0.028,0.028,0.028,0.028,0
CAE,20201202,0.028,0.028,0.028,0.028,0
CAE,20201203,0.026,0.029,0.026,0.029,537162
CAE,20201204,0.029,0.029,0.029,0.029,0
CAE,20201207,0.029,0.029,0.029,0.029,0
CAE,20201208,0.029,0.029,0.029,0.029,0
CAE,20201209,0.029,0.03,0.029,0.03,48500
CAE,20201210,0.03,0.03,0.03,0.03,0
CAE,20201211,0.03,0.03,0.03,0.03,0
CAE,20201214,0.03,0.03,0.03,0.03,0
CAE,20201215,0.03,0.03,0.03,0.03,0
CAE,20201216,0.029,0.029,0.029,0.029,50000
CAE,20201217,0.029,0.031,0.029,0.031,450000
CAE,20201218,0.031,0.031,0.031,0.031,0
CAE,20201221,0.031,0.031,0.031,0.031,16774
CAE,20201222,0.031,0.031,0.031,0.031,0
CAE,20201224,0.031,0.031,0.031,0.031,0
CAE,20201229,0.031,0.031,0.031,0.031,0
CAE,20201230,0.031,0.031,0.031,0.031,0
CAE,20201231,0.031,0.031,0.031,0.031,0
CAE,20210104,0.031,0.031,0.031,0.031,0
CAE,20210105,0.031,0.031,0.031,0.031,0
CAE,20210106,0.031,0.031,0.031,0.031,0
CAE,20210107,0.031,0.031,0.031,0.031,0
CAE,20210108,0.031,0.031,0.031,0.031,0
CAE,20210111,0.031,0.031,0.031,0.031,0
CAE,20210112,0.031,0.031,0.031,0.031,0
CAE,20210113,0.031,0.031,0.031,0.031,0
CAE,20210114,0.029,0.029,0.025,0.025,35934
CAE,20210115,0.025,0.025,0.025,0.025,59169
CAE,20210118,0.025,0.025,0.025,0.025,0
CAE,20210119,0.029,0.032,0.029,0.032,166210
CAE,20210120,0.032,0.032,0.03,0.032,252875
CAE,20210121,0.032,0.032,0.032,0.032,0
CAE,20210122,0.032,0.032,0.032,0.032,0
CAE,20210125,0.031,0.032,0.029,0.032,109193
CAE,20210127,0.029,0.032,0.029,0.029,89547
CAE,20210128,0.029,0.029,0.029,0.029,14935
CAE,20210129,0.029,0.029,0.029,0.029,0
CAE,20210201,0.029,0.029,0.029,0.029,0
CAE,20210203,0.028,0.028,0.028,0.028,0
CAE,20210204,0.028,0.028,0.028,0.028,0
CAE,20210205,0.027,0.027,0.027,0.027,2875
CAE,20210208,0.029,0.029,0.029,0.029,60000
CAE,20210209,0.029,0.029,0.029,0.029,2060
CAE,20210210,0.029,0.029,0.029,0.029,0
CAE,20210211,0.029,0.029,0.029,0.029,0
CAE,20210212,0.027,0.027,0.027,0.027,100000
CAE,20210215,0.028,0.028,0.028,0.028,20000
CAE,20210216,0.028,0.028,0.027,0.027,36520
CAE,20210217,0.027,0.027,0.027,0.027,0
CAE,20210218,0.027,0.027,0.027,0.027,0
CAE,20210219,0.029,0.029,0.025,0.025,167300
CAE,20210222,0.026,0.026,0.025,0.025,62500
CAE,20210223,0.025,0.025,0.025,0.025,0
CAE,20210224,0.026,0.026,0.026,0.026,24000
CAE,20210225,0.026,0.026,0.026,0.026,0
CAE,20210226,0.028,0.028,0.028,0.028,170000
CAE,20210301,0.029,0.029,0.029,0.029,100000
CAE,20210302,0.035,0.135,0.034,0.065,43473171
CAE,20210303,0.061,0.065,0.05,0.055,3672702
CAE,20210304,0.052,0.052,0.042,0.042,2646685
CAE,20210305,0.042,0.042,0.036,0.036,1808538
CAE,20210308,0.037,0.039,0.035,0.036,1160466
CAE,20210309,0.036,0.036,0.033,0.033,221754
CAE,20210310,0.034,0.037,0.032,0.032,467508
CAE,20210311,0.034,0.037,0.032,0.032,467508
CAE,20210312,0.034,0.037,0.033,0.033,1157663
CAE,20210315,0.033,0.033,0.028,0.03,4649386
CAE,20210316,0.03,0.031,0.029,0.031,1292231
CAE,20210317,0.035,0.102,0.035,0.068,268052042
CAE,20210318,0.073,0.079,0.054,0.054,45739197
CAE,20210319,0.052,0.057,0.05,0.051,17019345
CAE,20210322,0.051,0.053,0.047,0.048,10633724
CAE,20210323,0.048,0.053,0.048,0.05,9078888
CAE,20210324,0.051,0.057,0.047,0.047,16263353
CAE,20210325,0.044,0.046,0.041,0.041,6259776
CAE,20210329,0.038,0.043,0.038,0.04,4276745
CAE,20210330,0.042,0.045,0.041,0.044,3590697
CAE,20210331,0.044,0.044,0.042,0.042,2505502
CAE,20210401,0.041,0.041,0.04,0.04,1008775
CAE,20210406,0.041,0.044,0.041,0.042,773455
CAE,20210407,0.042,0.043,0.042,0.042,1064800
CAE,20210408,0.043,0.045,0.042,0.045,1084797
CAE,20210409,0.044,0.045,0.044,0.044,1379664
CAE,20210412,0.044,0.046,0.044,0.044,753628
CAE,20210413,0.044,0.049,0.044,0.049,1453509
CAE,20210414,0.048,0.05,0.046,0.048,1070992
CAE,20210415,0.05,0.053,0.048,0.051,4634343
CAE,20210416,0.051,0.056,0.051,0.051,6068734
CAE,20210419,0.052,0.054,0.052,0.054,2126967
CAE,20210420,0.053,0.055,0.052,0.055,1467501
CAE,20210421,0.054,0.055,0.053,0.055,344198
CAE,20210422,0.055,0.062,0.055,0.061,3688815
CAE,20210423,0.062,0.073,0.057,0.069,9438513
CAE,20210426,0.069,0.069,0.061,0.065,2228441
CAE,20210427,0.066,0.072,0.065,0.07,3059727
CAE,20210428,0.071,0.071,0.068,0.068,425646
CAE,20210429,0.069,0.071,0.067,0.068,1318199
CAE,20210430,0.067,0.071,0.065,0.065,1202676
CAE,20210503,0.066,0.069,0.065,0.069,887194
CAE,20210504,0.069,0.078,0.069,0.077,3096119
CAE,20210505,0.079,0.088,0.078,0.086,3901636
CAE,20210506,0.087,0.087,0.068,0.08,2205531
CAE,20210507,0.1,0.105,0.077,0.077,25195146
CAE,20210510,0.077,0.077,0.065,0.065,6404962
CAE,20210511,0.062,0.063,0.06,0.062,2845861
CAE,20210512,0.063,0.063,0.059,0.059,923739
CAE,20210513,0.06,0.063,0.06,0.062,786683
CAE,20210514,0.061,0.062,0.059,0.059,541298
CAE,20210517,0.058,0.058,0.058,0.058,612775
CAE,20210518,0.058,0.062,0.058,0.062,415586
CAE,20210519,0.063,0.065,0.062,0.065,1149584
CAE,20210520,0.065,0.065,0.062,0.065,231213
CAE,20210521,0.063,0.064,0.062,0.064,361352
CAE,20210524,0.064,0.064,0.061,0.062,1162280
CAE,20210525,0.062,0.062,0.057,0.058,1126310
CAE,20210526,0.059,0.059,0.057,0.059,372068
CAE,20210527,0.057,0.061,0.057,0.061,429895
CAE,20210528,0.061,0.061,0.055,0.056,1290284
CAE,20210531,0.055,0.056,0.054,0.056,1330964
CAE,20210601,0.056,0.056,0.054,0.055,616993
CAE,20210602,0.055,0.056,0.055,0.056,191030
CAE,20210603,0.057,0.058,0.056,0.056,380191
CAE,20210604,0.057,0.061,0.056,0.061,649884
CAE,20210607,0.062,0.064,0.06,0.064,291649
CAE,20210609,0.069,0.071,0.069,0.071,480450
CAE,20210610,0.071,0.073,0.069,0.069,254334
CAE,20210611,0.067,0.067,0.063,0.065,447119
CAE,20210615,0.066,0.066,0.063,0.065,580181
CAE,20210616,0.062,0.062,0.061,0.061,105732
CAE,20210617,0.061,0.061,0.059,0.061,116832
CAE,20210618,0.06,0.061,0.06,0.061,443541
CAE,20210621,0.059,0.059,0.058,0.058,244808
CAE,20210622,0.06,0.061,0.06,0.061,417154
CAE,20210623,0.061,0.061,0.061,0.061,0
CAE,20210625,0.06,0.06,0.06,0.06,8000
CAE,20210628,0.062,0.064,0.059,0.059,850926
CAE,20210629,0.062,0.062,0.062,0.062,5000
CAE,20210630,0.062,0.062,0.056,0.056,356967
CAE,20210701,0.06,0.063,0.06,0.063,60961
CAE,20210705,0.063,0.063,0.063,0.063,0
CAE,20210706,0.063,0.063,0.063,0.063,0
CAE,20210707,0.06,0.063,0.06,0.063,28602
CAE,20210708,0.063,0.063,0.056,0.061,89158
CAE,20210709,0.06,0.06,0.055,0.059,543894
CAE,20210712,0.059,0.059,0.055,0.058,309408
CAE,20210714,0.057,0.058,0.055,0.055,549842
CAE,20210715,0.056,0.057,0.056,0.056,75000
CAE,20210716,0.057,0.062,0.057,0.06,178570
CAE,20210719,0.061,0.061,0.061,0.061,17142
CAE,20210720,0.06,0.06,0.06,0.06,13345
CAE,20210723,0.06,0.06,0.06,0.06,0
CAE,20210726,0.058,0.061,0.058,0.058,795974
CAE,20210727,0.059,0.059,0.058,0.058,316113
CAE,20210728,0.058,0.059,0.058,0.059,36395
CAE,20210729,0.058,0.063,0.058,0.063,1116507
CAE,20210730,0.063,0.063,0.063,0.063,0
CAE,20210802,0.063,0.063,0.062,0.063,227185
CAE,20210803,0.063,0.067,0.063,0.067,478993
CAE,20210804,0.069,0.072,0.068,0.069,427110
CAE,20210805,0.072,0.085,0.062,0.062,6552130
CAE,20210806,0.062,0.066,0.059,0.06,1568934
CAE,20210809,0.059,0.06,0.058,0.059,652954
CAE,20210810,0.058,0.059,0.058,0.059,121726
CAE,20210811,0.058,0.06,0.057,0.06,601409
CAE,20210812,0.06,0.06,0.06,0.06,183052
CAE,20210813,0.06,0.06,0.058,0.059,182252
CAE,20210819,0.062,0.062,0.062,0.062,88866
CAE,20210820,0.062,0.065,0.062,0.062,1775270
CAE,20210823,0.062,0.064,0.062,0.064,420645
CAE,20210824,0.065,0.065,0.06,0.06,253518
CAE,20210825,0.062,0.062,0.062,0.062,197343
CAE,20210826,0.062,0.065,0.062,0.064,254214
CAE,20210827,0.064,0.064,0.064,0.064,0
CAE,20210830,0.066,0.067,0.065,0.066,222018
CAE,20210831,0.066,0.067,0.066,0.067,250030
CAE,20210901,0.066,0.069,0.065,0.069,1647142
CAE,20210902,0.069,0.077,0.069,0.075,2416273
CAE,20210903,0.08,0.081,0.078,0.078,1120766
CAE,20210906,0.078,0.082,0.078,0.081,439687
CAE,20210907,0.082,0.092,0.082,0.09,2829795
CAE,20210908,0.089,0.09,0.082,0.082,811561
CAE,20210909,0.089,0.089,0.084,0.084,33690
CAE,20210910,0.08,0.084,0.08,0.084,567994
CAE,20210913,0.089,0.094,0.089,0.094,598910
CAE,20210914,0.095,0.096,0.092,0.096,649006
CAE,20210915,0.096,0.098,0.096,0.098,870160
CAE,20210916,0.098,0.105,0.098,0.105,3636943
CAE,20210917,0.1,0.105,0.099,0.105,446138
CAE,20210920,0.1,0.102,0.1,0.1,425228
CAE,20210922,0.105,0.105,0.1,0.105,406953
CAE,20210923,0.11,0.125,0.11,0.12,1412845
CAE,20210924,0.12,0.12,0.12,0.12,0
CAE,20210927,0.12,0.12,0.12,0.12,0
CAE,20210928,0.155,0.16,0.135,0.14,6649975
CAE,20210929,0.145,0.15,0.135,0.145,2093276
CAE,20210930,0.145,0.145,0.135,0.135,300781
CAE,20211001,0.14,0.145,0.135,0.145,609758
CAE,20211004,0.145,0.145,0.14,0.14,141063
CAE,20211005,0.14,0.145,0.135,0.135,495836
CAE,20211006,0.135,0.145,0.135,0.145,293142
CAE,20211007,0.145,0.145,0.14,0.14,125481
CAE,20211008,0.145,0.15,0.14,0.15,450154
CAE,20211011,0.15,0.175,0.15,0.175,1354607
CAE,20211012,0.15,0.175,0.15,0.175,1409393
CAE,20211013,0.185,0.185,0.175,0.185,515648
CAE,20211014,0.185,0.19,0.18,0.18,342253
CAE,20211019,0.22,0.24,0.21,0.23,3860926
CAE,20211020,0.23,0.23,0.22,0.225,822769
CAE,20211021,0.225,0.235,0.225,0.235,637224
CAE,20211022,0.235,0.235,0.23,0.235,251873
CAE,20211025,0.24,0.245,0.24,0.24,793521
CAE,20211026,0.24,0.3,0.24,0.3,2318470
CAE,20211028,0.265,0.27,0.255,0.26,581350
CAE,20211029,0.26,0.28,0.255,0.28,360017
CAE,20211101,0.29,0.29,0.26,0.27,617651
CAE,20211102,0.27,0.32,0.27,0.32,1854702
CAE,20211103,0.335,0.435,0.335,0.395,2052011
CAE,20211104,0.4,0.46,0.4,0.44,1796677
CAE,20211105,0.44,0.515,0.44,0.51,2220657
CAE,20211109,0.615,0.635,0.33,0.33,14573875
CAE,20211110,0.335,0.385,0.28,0.28,7785059
CAE,20211112,0.295,0.305,0.29,0.3,1417963
CAE,20211115,0.29,0.32,0.29,0.295,1067530
CAE,20211116,0.31,0.33,0.29,0.305,1980697
CAE,20211117,0.305,0.305,0.285,0.285,1317723
CAE,20211118,0.285,0.29,0.27,0.27,1084881
CAE,20211119,0.265,0.265,0.23,0.235,2069017
CAE,20211122,0.23,0.24,0.22,0.235,983049
CAE,20211123,0.225,0.23,0.18,0.185,6688736
CAE,20211124,0.185,0.265,0.185,0.26,5954429
CAE,20211125,0.255,0.26,0.23,0.235,1407845
CAE,20211126,0.235,0.235,0.205,0.21,1532044
CAE,20211129,0.22,0.23,0.19,0.21,2108424
CAE,20211130,0.225,0.225,0.205,0.215,1087386
CAE,20211201,0.21,0.21,0.195,0.2,551531
CAE,20211202,0.202,0.202,0.185,0.19,553366
CAE,20211203,0.19,0.19,0.18,0.18,465369
CAE,20211206,0.185,0.19,0.17,0.17,813298
CAE,20211207,0.18,0.185,0.175,0.185,337963
CAE,20211208,0.185,0.19,0.18,0.18,159258
CAE,20211209,0.18,0.18,0.17,0.17,432626
CAE,20211210,0.175,0.18,0.165,0.18,848614
CAE,20211213,0.18,0.185,0.175,0.18,220101
CAE,20211214,0.18,0.185,0.175,0.175,93151
CAE,20211216,0.175,0.175,0.17,0.17,427221
CAE,20211217,0.17,0.175,0.17,0.175,80249
CAE,20211220,0.17,0.18,0.17,0.175,95115
CAE,20211221,0.18,0.185,0.18,0.185,33006
CAE,20211222,0.18,0.185,0.175,0.175,63233
CAE,20211223,0.175,0.18,0.165,0.17,388908
CAE,20211224,0.175,0.18,0.17,0.17,83014
CAE,20211229,0.175,0.18,0.17,0.17,131376
CAE,20211230,0.17,0.175,0.17,0.175,72869
CAE,20211231,0.177,0.177,0.17,0.17,54766
CAE,20220104,0.175,0.18,0.175,0.18,34540
CAE,20220105,0.18,0.2,0.175,0.2,466557
CAE,20220106,0.2,0.2,0.185,0.185,228484
CAE,20220107,0.185,0.19,0.18,0.19,100382
CAE,20220110,0.19,0.205,0.185,0.19,339222
CAE,20220111,0.19,0.2,0.19,0.195,99245
CAE,20220112,0.195,0.195,0.19,0.192,144930
CAE,20220113,0.195,0.21,0.19,0.21,465201
CAE,20220114,0.205,0.21,0.2,0.21,174032
CAE,20220117,0.215,0.255,0.215,0.25,1167726
CAE,20220118,0.26,0.305,0.255,0.3,2874708
CAE,20220119,0.305,0.37,0.29,0.365,3232701
CAE,20220120,0.36,0.36,0.31,0.34,1491288
CAE,20220121,0.33,0.33,0.31,0.31,637811
CAE,20220124,0.305,0.31,0.26,0.26,1821044
CAE,20220125,0.26,0.265,0.215,0.235,1815833
CAE,20220127,0.24,0.245,0.22,0.22,775134
CAE,20220128,0.225,0.245,0.22,0.235,346097
CAE,20220131,0.24,0.25,0.23,0.24,460620
CAE,20220201,0.245,0.25,0.24,0.245,279372
CAE,20220202,0.255,0.29,0.252,0.29,803313
CAE,20220203,0.29,0.305,0.275,0.29,838594
CAE,20220204,0.28,0.33,0.275,0.32,2346092
CAE,20220207,0.33,0.335,0.315,0.32,484258
CAE,20220208,0.325,0.33,0.305,0.305,520241
CAE,20220209,0.315,0.32,0.305,0.31,495721
CAE,20220210,0.315,0.335,0.315,0.32,467216
CAE,20220211,0.32,0.34,0.31,0.335,586524
CAE,20220214,0.34,0.34,0.295,0.305,724694
CAE,20220215,0.3,0.32,0.295,0.295,534604
CAE,20220216,0.295,0.315,0.292,0.315,337363
CAE,20220217,0.325,0.34,0.32,0.34,556166
CAE,20220218,0.34,0.38,0.32,0.37,1520484
CAE,20220221,0.37,0.37,0.32,0.345,346603
CAE,20220222,0.35,0.36,0.33,0.335,662710
CAE,20220223,0.335,0.36,0.335,0.34,390875
CAE,20220224,0.34,0.34,0.3,0.3,737951
CAE,20220225,0.315,0.34,0.3,0.3,1167175
CAE,20220228,0.325,0.325,0.3,0.325,131621
CAE,20220301,0.31,0.32,0.305,0.315,102106
CAE,20220302,0.327,0.335,0.327,0.335,219297
CAE,20220303,0.335,0.34,0.325,0.34,333724
CAE,20220304,0.345,0.345,0.325,0.34,567886
CAE,20220307,0.34,0.34,0.325,0.332,43614
CAE,20220308,0.33,0.34,0.325,0.34,238068
CAE,20220309,0.345,0.345,0.33,0.335,253015
CAE,20220310,0.355,0.4,0.35,0.4,2145184
CAE,20220311,0.39,0.39,0.37,0.375,756937
CAE,20220314,0.375,0.415,0.37,0.405,898160
CAE,20220315,0.41,0.41,0.385,0.39,425490
CAE,20220316,0,0,0,0,0
CAE,20220317,0.335,0.365,0.33,0.36,1359730
CAE,20220318,0.36,0.36,0.35,0.35,380781
CAE,20220321,0.36,0.36,0.325,0.335,990973
CAE,20220322,0.325,0.33,0.3,0.305,1413227
CAE,20220323,0.315,0.32,0.305,0.305,480542
CAE,20220324,0.305,0.315,0.305,0.31,141049
CAE,20220325,0.31,0.33,0.305,0.32,473100
CAE,20220328,0.325,0.325,0.31,0.31,197483
CAE,20220329,0.32,0.365,0.315,0.35,1147458
CAE,20220330,0.355,0.355,0.335,0.345,380105
CAE,20220331,0.345,0.345,0.345,0.345,0
CAE,20220401,0.345,0.345,0.345,0.345,0
CAE,20220404,0.395,0.41,0.36,0.385,2840001
CAE,20220405,0.385,0.425,0.38,0.42,2704407
CAE,20220406,0.415,0.415,0.385,0.39,789163
CAE,20220407,0.4,0.4,0.36,0.37,448887
CAE,20220408,0.37,0.39,0.355,0.39,339454
CAE,20220411,0.4,0.402,0.375,0.39,610777
CAE,20220412,0.395,0.4,0.365,0.39,733947
CAE,20220413,0.39,0.39,0.375,0.39,142464
CAE,20220414,0.4,0.4,0.39,0.39,132435
CAE,20220419,0.39,0.395,0.38,0.38,200916
CAE,20220420,0.385,0.385,0.37,0.375,54097
CAE,20220421,0.385,0.385,0.37,0.375,54097
CAE,20220422,0.335,0.335,0.33,0.33,108824
CAE,20220426,0.32,0.32,0.3,0.3,561477
CAE,20220427,0.315,0.32,0.305,0.32,305595
CAE,20220428,0.32,0.32,0.315,0.32,285393
CAE,20220429,0.312,0.32,0.305,0.315,125506
CAE,20220502,0.305,0.31,0.295,0.31,318549
CAE,20220503,0.31,0.32,0.295,0.3,157338
CAE,20220504,0.3,0.3,0.285,0.3,208840
CAE,20220505,0.3,0.305,0.3,0.3,116248
CAE,20220506,0.3,0.3,0.29,0.29,445770
CAE,20220509,0.285,0.285,0.265,0.265,333017
CAE,20220510,0.26,0.27,0.255,0.265,588608
CAE,20220511,0.26,0.275,0.255,0.26,409012
CAE,20220512,0.275,0.3,0.275,0.275,1138076
CAE,20220513,0.28,0.29,0.265,0.265,277515
CAE,20220516,0.29,0.29,0.275,0.29,322309
CAE,20220517,0.285,0.285,0.275,0.28,116184
CAE,20220518,0.28,0.29,0.27,0.27,154153
CAE,20220519,0.27,0.27,0.25,0.26,393456
CAE,20220520,0.265,0.265,0.255,0.26,248089
CAE,20220523,0.26,0.265,0.26,0.265,73210
CAE,20220524,0.265,0.265,0.26,0.265,48819
CAE,20220525,0.255,0.255,0.255,0.255,280
CAE,20220526,0.255,0.265,0.255,0.265,117704
CAE,20220527,0.255,0.255,0.245,0.245,246629
CAE,20220530,0.25,0.26,0.245,0.25,269502
CAE,20220531,0.26,0.26,0.255,0.26,37402
CAE,20220601,0.26,0.26,0.25,0.25,109480
CAE,20220602,0.26,0.265,0.255,0.255,77739
CAE,20220603,0.26,0.265,0.255,0.255,135313
CAE,20220606,0.25,0.255,0.25,0.25,95605
CAE,20220607,0.25,0.25,0.245,0.245,44752
CAE,20220608,0.25,0.25,0.24,0.24,43716
CAE,20220609,0.245,0.245,0.23,0.23,349267
CAE,20220610,0.225,0.235,0.2,0.205,840633
CAE,20220614,0.205,0.205,0.185,0.185,386544
CAE,20220615,0.195,0.205,0.185,0.185,372713
CAE,20220616,0.195,0.22,0.185,0.185,164607
CAE,20220617,0.185,0.185,0.18,0.18,112373
CAE,20220620,0.18,0.18,0.18,0.18,62585
CAE,20220621,0.18,0.18,0.18,0.18,4938
CAE,20220622,0.175,0.175,0.17,0.175,152877
CAE,20220623,0.165,0.165,0.155,0.155,155975
CAE,20220624,0.16,0.175,0.16,0.175,55088
CAE,20220627,0.18,0.26,0.18,0.225,796350
CAE,20220628,0.23,0.235,0.19,0.19,291358
CAE,20220629,0.2,0.2,0.18,0.18,188226
CAE,20220630,0.19,0.195,0.185,0.185,161636
CAE,20220701,0.19,0.2,0.19,0.2,41079
CAE,20220704,0.21,0.215,0.2,0.21,139295
CAE,20220705,0.205,0.205,0.195,0.195,73132
CAE,20220706,0.195,0.205,0.185,0.185,73120
CAE,20220707,0.185,0.185,0.185,0.185,24176
CAE,20220708,0.19,0.21,0.19,0.19,8453
CAE,20220711,0.195,0.195,0.19,0.19,65454
CAE,20220712,0.195,0.2,0.185,0.185,137019
CAE,20220713,0.185,0.185,0.185,0.185,0
CAE,20220714,0.2,0.2,0.185,0.185,86943
CAE,20220715,0.195,0.2,0.18,0.185,139640
CAE,20220718,0.185,0.2,0.185,0.195,73252
CAE,20220719,0.195,0.205,0.19,0.2,49971
CAE,20220720,0.2,0.215,0.2,0.215,117396
CAE,20220721,0.205,0.215,0.205,0.215,55274
CAE,20220722,0.215,0.24,0.205,0.235,425499
CAE,20220725,0.235,0.24,0.21,0.21,232372
CAE,20220726,0.215,0.22,0.205,0.22,317267
CAE,20220727,0.22,0.235,0.22,0.227,73044
CAE,20220728,0.235,0.24,0.23,0.24,77776
CAE,20220729,0.235,0.24,0.225,0.23,90758
CAE,20220801,0.23,0.24,0.23,0.23,41083
CAE,20220802,0.225,0.23,0.22,0.23,98637
CAE,20220803,0.22,0.23,0.215,0.227,93859
CAE,20220805,0.235,0.235,0.22,0.22,146570
CAE,20220808,0.22,0.235,0.215,0.225,434078
CAE,20220809,0.225,0.245,0.215,0.245,173402
CAE,20220810,0.25,0.25,0.235,0.245,108473
CAE,20220811,0.24,0.25,0.23,0.25,137873
CAE,20220812,0.24,0.255,0.24,0.25,268997
CAE,20220815,0.255,0.27,0.25,0.25,394046
CAE,20220816,0.26,0.275,0.25,0.275,438490
CAE,20220817,0.28,0.31,0.275,0.29,501244
CAE,20220818,0.275,0.29,0.26,0.26,656202
CAE,20220819,0.265,0.29,0.265,0.28,233969
CAE,20220822,0.245,0.245,0.23,0.245,862432
CAE,20220823,0.235,0.26,0.235,0.255,204372
CAE,20220824,0.26,0.265,0.25,0.26,391715
CAE,20220825,0.265,0.265,0.25,0.25,177555
CAE,20220826,0.26,0.26,0.24,0.25,117651
CAE,20220829,0.25,0.27,0.25,0.25,436357
CAE,20220830,0.25,0.255,0.25,0.255,60900
CAE,20220831,0.25,0.255,0.24,0.24,237305
CAE,20220901,0.245,0.25,0.235,0.235,387511
CAE,20220902,0.24,0.255,0.235,0.235,76973
CAE,20220905,0.23,0.23,0.22,0.22,198285
CAE,20220906,0.225,0.23,0.225,0.225,113128
CAE,20220907,0.225,0.235,0.225,0.235,3244
CAE,20220909,0.23,0.23,0.225,0.23,115895
CAE,20220912,0.235,0.24,0.235,0.235,108366
CAE,20220913,0.23,0.245,0.23,0.245,220921
CAE,20220914,0.25,0.25,0.235,0.235,10099
CAE,20220915,0.235,0.235,0.23,0.23,135392
CAE,20220916,0.235,0.235,0.22,0.22,110711
