CDV,20160212,0.12,0.13,0.11,0.115,5051408
CDV,20160215,0.11,0.11,0.099,0.105,969853
CDV,20160216,0.105,0.115,0.105,0.115,1283000
CDV,20160217,0.105,0.12,0.105,0.12,478965
CDV,20160218,0.12,0.12,0.11,0.115,637630
CDV,20160219,0.115,0.125,0.115,0.125,960061
CDV,20160222,0.13,0.15,0.13,0.145,2668547
CDV,20160223,0.14,0.15,0.135,0.135,2609718
CDV,20160224,0.135,0.14,0.13,0.135,639936
CDV,20160225,0.135,0.135,0.13,0.135,944063
CDV,20160226,0.14,0.145,0.135,0.145,1072214
CDV,20160229,0.145,0.145,0.145,0.145,0
CDV,20160301,0.145,0.145,0.145,0.145,0
CDV,20160302,0.135,0.14,0.135,0.14,2985300
CDV,20160303,0.135,0.14,0.135,0.135,811560
CDV,20160304,0.135,0.14,0.13,0.135,533998
CDV,20160307,0.135,0.14,0.135,0.14,740000
CDV,20160308,0.135,0.145,0.135,0.145,1676995
CDV,20160309,0.14,0.14,0.13,0.14,389000
CDV,20160310,0.14,0.14,0.13,0.13,615361
CDV,20160311,0.135,0.145,0.135,0.145,1609201
CDV,20160314,0.145,0.15,0.145,0.15,754235
CDV,20160315,0.145,0.15,0.14,0.145,1649685
CDV,20160316,0.145,0.15,0.145,0.15,172000
CDV,20160317,0.15,0.16,0.15,0.155,1576884
CDV,20160318,0.155,0.155,0.15,0.15,898600
CDV,20160321,0.15,0.15,0.145,0.15,821666
CDV,20160322,0.15,0.15,0.145,0.15,1957224
CDV,20160323,0.15,0.155,0.145,0.15,994333
CDV,20160324,0.15,0.152,0.145,0.152,640000
CDV,20160329,0.152,0.155,0.145,0.145,1821112
CDV,20160330,0.145,0.15,0.145,0.15,716111
CDV,20160331,0.15,0.15,0.145,0.15,612541
CDV,20160401,0.15,0.15,0.14,0.145,1169693
CDV,20160404,0.15,0.15,0.145,0.15,240000
CDV,20160405,0.15,0.15,0.15,0.15,361649
CDV,20160406,0.155,0.155,0.152,0.155,453999
CDV,20160407,0.155,0.155,0.15,0.15,1594066
CDV,20160408,0.145,0.145,0.14,0.145,313333
CDV,20160411,0.145,0.15,0.145,0.15,319212
CDV,20160412,0.15,0.155,0.15,0.15,389536
CDV,20160413,0.155,0.16,0.15,0.15,272179
CDV,20160414,0.15,0.155,0.15,0.15,306888
CDV,20160415,0.15,0.15,0.15,0.15,595435
CDV,20160418,0.15,0.15,0.145,0.145,261334
CDV,20160419,0.15,0.16,0.14,0.155,1217334
CDV,20160420,0.16,0.175,0.16,0.17,2131641
CDV,20160421,0.175,0.19,0.17,0.19,718037
CDV,20160422,0.195,0.195,0.185,0.19,387525
CDV,20160426,0.185,0.19,0.175,0.175,725360
CDV,20160427,0.18,0.18,0.17,0.17,641656
CDV,20160428,0.17,0.175,0.165,0.17,308373
CDV,20160429,0.185,0.19,0.18,0.19,1912927
CDV,20160502,0.2,0.225,0.2,0.21,2635126
CDV,20160503,0.215,0.225,0.205,0.205,1652321
CDV,20160504,0.205,0.22,0.2,0.2,1126691
CDV,20160505,0.21,0.225,0.21,0.225,770759
CDV,20160506,0.24,0.24,0.225,0.23,1136733
CDV,20160509,0.235,0.235,0.22,0.22,667608
CDV,20160510,0.21,0.21,0.2,0.205,1080172
CDV,20160511,0.205,0.21,0.2,0.21,589192
CDV,20160512,0.21,0.23,0.21,0.225,1747405
CDV,20160513,0.225,0.23,0.225,0.23,446611
CDV,20160516,0.225,0.225,0.215,0.225,287320
CDV,20160517,0.23,0.24,0.23,0.235,1667756
CDV,20160518,0.245,0.245,0.235,0.235,364619
CDV,20160519,0.23,0.23,0.21,0.215,604011
CDV,20160520,0.22,0.22,0.21,0.215,411081
CDV,20160523,0.215,0.215,0.2,0.205,769429
CDV,20160524,0.2,0.205,0.2,0.205,277252
CDV,20160525,0.19,0.19,0.18,0.19,632365
CDV,20160526,0.19,0.195,0.185,0.19,1030902
CDV,20160527,0.19,0.19,0.185,0.19,387923
CDV,20160530,0.175,0.185,0.172,0.185,632402
CDV,20160531,0.19,0.205,0.19,0.205,1135568
CDV,20160601,0.2,0.205,0.195,0.2,760464
CDV,20160602,0.2,0.2,0.19,0.2,198396
CDV,20160603,0.205,0.205,0.185,0.2,181694
CDV,20160606,0.21,0.21,0.205,0.21,955578
CDV,20160607,0.215,0.225,0.21,0.21,996361
CDV,20160608,0.23,0.23,0.22,0.22,314298
CDV,20160609,0.225,0.225,0.21,0.22,254120
CDV,20160610,0.225,0.225,0.22,0.225,278967
CDV,20160614,0.225,0.23,0.215,0.22,476855
CDV,20160615,0.22,0.225,0.215,0.22,153867
CDV,20160616,0.22,0.24,0.22,0.24,741104
CDV,20160617,0.255,0.26,0.23,0.235,1636654
CDV,20160620,0.23,0.24,0.225,0.235,576594
CDV,20160621,0.24,0.245,0.235,0.24,549132
CDV,20160622,0.235,0.24,0.23,0.24,251402
CDV,20160623,0.24,0.25,0.235,0.24,478112
CDV,20160624,0.24,0.255,0.24,0.255,479967
CDV,20160627,0.25,0.255,0.25,0.255,564080
CDV,20160628,0.27,0.3,0.265,0.29,2142850
CDV,20160629,0.285,0.29,0.28,0.29,596054
CDV,20160630,0.29,0.305,0.29,0.3,1184351
CDV,20160701,0.3,0.3,0.29,0.3,354900
CDV,20160704,0.305,0.33,0.305,0.32,855606
CDV,20160705,0.305,0.315,0.3,0.31,818582
CDV,20160706,0.31,0.335,0.31,0.325,1834821
CDV,20160707,0.325,0.325,0.325,0.325,0
CDV,20160708,0.325,0.325,0.325,0.325,0
CDV,20160711,0.34,0.35,0.325,0.325,2213055
CDV,20160712,0.33,0.34,0.33,0.33,1170210
CDV,20160713,0.33,0.335,0.315,0.33,2304773
CDV,20160714,0.33,0.37,0.33,0.34,1993190
CDV,20160715,0.34,0.345,0.325,0.33,1293375
CDV,20160718,0.33,0.33,0.32,0.32,2319328
CDV,20160719,0.32,0.35,0.32,0.34,2587257
CDV,20160720,0.345,0.345,0.34,0.34,1520424
CDV,20160721,0.34,0.345,0.335,0.34,2664691
CDV,20160722,0.35,0.38,0.35,0.375,1628022
CDV,20160725,0.38,0.4,0.38,0.39,971507
CDV,20160726,0.4,0.4,0.38,0.39,1458416
CDV,20160727,0.395,0.435,0.38,0.38,2172076
CDV,20160728,0.385,0.41,0.385,0.41,1568295
CDV,20160729,0.42,0.455,0.42,0.455,1928760
CDV,20160801,0.475,0.475,0.43,0.43,868746
CDV,20160802,0.435,0.435,0.4,0.42,695658
CDV,20160803,0.42,0.425,0.41,0.415,1050042
CDV,20160804,0.41,0.42,0.41,0.42,188534
CDV,20160805,0.42,0.445,0.42,0.44,990975
CDV,20160808,0.43,0.435,0.425,0.425,1282155
CDV,20160809,0.43,0.45,0.425,0.44,1717190
CDV,20160810,0.435,0.44,0.425,0.44,986172
CDV,20160811,0.445,0.445,0.435,0.44,621156
CDV,20160812,0.45,0.46,0.45,0.46,1107755
CDV,20160815,0.455,0.46,0.43,0.44,1680241
CDV,20160816,0.445,0.46,0.435,0.46,4479067
CDV,20160817,0.48,0.55,0.475,0.55,4940683
CDV,20160818,0.55,0.57,0.53,0.56,1642787
CDV,20160822,0.56,0.56,0.535,0.54,817136
CDV,20160823,0.535,0.535,0.5,0.52,1328084
CDV,20160824,0.505,0.545,0.5,0.54,177385
CDV,20160825,0.505,0.51,0.48,0.485,773828
CDV,20160826,0.5,0.52,0.5,0.515,674821
CDV,20160829,0.51,0.51,0.485,0.495,1230617
CDV,20160830,0.495,0.5,0.475,0.48,327869
CDV,20160831,0.465,0.475,0.43,0.46,1126856
CDV,20160901,0.445,0.45,0.42,0.425,544116
CDV,20160902,0.435,0.455,0.43,0.45,642227
CDV,20160905,0.46,0.5,0.46,0.5,1675144
CDV,20160906,0.5,0.517,0.49,0.515,1783077
CDV,20160907,0.555,0.585,0.55,0.58,2811195
CDV,20160908,0.585,0.587,0.55,0.55,2119828
CDV,20160909,0.55,0.575,0.545,0.575,1162583
CDV,20160912,0.55,0.56,0.525,0.54,1215518
CDV,20160913,0.555,0.595,0.545,0.55,1768790
CDV,20160914,0.545,0.545,0.5,0.53,639932
CDV,20160915,0.545,0.555,0.53,0.53,453292
CDV,20160916,0.54,0.552,0.53,0.55,1467833
CDV,20160919,0.54,0.555,0.53,0.555,310653
CDV,20160920,0.55,0.57,0.55,0.56,729077
CDV,20160921,0.57,0.6,0.567,0.6,1594534
CDV,20160922,0.65,0.685,0.635,0.68,2764073
CDV,20160923,0.64,0.68,0.62,0.67,2094132
CDV,20160926,0.67,0.72,0.66,0.7,991757
CDV,20160927,0.69,0.695,0.675,0.685,2346235
CDV,20160928,0.67,0.7,0.67,0.695,246030
CDV,20160929,0.68,0.71,0.68,0.695,1371009
CDV,20160930,0.695,0.705,0.662,0.69,868586
CDV,20161003,0.685,0.685,0.675,0.68,548802
CDV,20161004,0.66,0.665,0.65,0.655,495522
CDV,20161005,0.625,0.65,0.585,0.65,2825381
CDV,20161006,0.655,0.665,0.65,0.65,912465
CDV,20161007,0.645,0.65,0.625,0.63,959613
CDV,20161010,0.64,0.66,0.64,0.655,1284995
CDV,20161011,0.66,0.67,0.655,0.66,347083
CDV,20161012,0.645,0.65,0.64,0.642,307103
CDV,20161013,0.645,0.68,0.63,0.68,749330
CDV,20161014,0.67,0.68,0.652,0.675,626953
CDV,20161017,0.67,0.67,0.63,0.635,327011
CDV,20161018,0.635,0.66,0.632,0.66,851595
CDV,20161019,0.68,0.7,0.68,0.695,800736
CDV,20161020,0.7,0.72,0.69,0.705,835278
CDV,20161021,0.72,0.75,0.705,0.74,535195
CDV,20161024,0.75,0.77,0.742,0.765,970825
CDV,20161025,0.755,0.76,0.72,0.73,1232712
CDV,20161026,0.74,0.74,0.705,0.73,216836
CDV,20161027,0.7,0.705,0.665,0.7,389063
CDV,20161028,0.7,0.7,0.665,0.67,451611
CDV,20161031,0.65,0.675,0.635,0.645,525441
CDV,20161101,0.65,0.665,0.62,0.63,365715
CDV,20161102,0.63,0.63,0.63,0.63,0
CDV,20161103,0.63,0.63,0.63,0.63,0
CDV,20161104,0.63,0.63,0.63,0.63,0
CDV,20161107,0.7,0.7,0.335,0.35,13558012
CDV,20161108,0.255,0.27,0.215,0.23,41903326
CDV,20161109,0.225,0.255,0.225,0.24,14616122
CDV,20161110,0.245,0.26,0.22,0.235,11975675
CDV,20161111,0.235,0.24,0.195,0.205,7466906
CDV,20161114,0.195,0.27,0.195,0.235,18100474
CDV,20161115,0.24,0.265,0.235,0.255,6692203
CDV,20161116,0.26,0.27,0.25,0.25,3725508
CDV,20161117,0.26,0.275,0.25,0.255,2799926
CDV,20161118,0.26,0.265,0.24,0.25,4282265
CDV,20161121,0.25,0.26,0.245,0.25,1760250
CDV,20161122,0.25,0.25,0.235,0.24,1227716
CDV,20161123,0.24,0.245,0.23,0.24,1754980
CDV,20161124,0.23,0.24,0.225,0.225,2700380
CDV,20161125,0.225,0.235,0.225,0.23,1578925
CDV,20161128,0.23,0.245,0.23,0.235,1106532
CDV,20161129,0.235,0.245,0.235,0.24,624301
CDV,20161130,0.235,0.245,0.23,0.24,1740575
CDV,20161201,0.235,0.24,0.225,0.235,841113
CDV,20161202,0.24,0.25,0.22,0.225,1829506
CDV,20161205,0.225,0.24,0.225,0.24,663043
CDV,20161206,0.235,0.235,0.225,0.225,720669
CDV,20161207,0.23,0.235,0.225,0.23,607958
CDV,20161208,0.23,0.23,0.225,0.23,303845
CDV,20161209,0.23,0.235,0.23,0.235,110589
CDV,20161212,0.23,0.235,0.22,0.23,571028
CDV,20161213,0.23,0.23,0.225,0.225,367870
CDV,20161214,0.225,0.225,0.22,0.225,403506
CDV,20161215,0.22,0.225,0.215,0.215,932772
CDV,20161216,0.21,0.225,0.2,0.225,1033055
CDV,20161219,0.22,0.22,0.205,0.215,479469
CDV,20161220,0.215,0.235,0.215,0.235,378748
CDV,20161221,0.215,0.225,0.21,0.225,295402
CDV,20161222,0.225,0.225,0.225,0.225,0
CDV,20161223,0.215,0.215,0.215,0.215,35516
CDV,20161228,0.22,0.22,0.22,0.22,37233
CDV,20161229,0.22,0.225,0.215,0.225,221239
CDV,20161230,0.22,0.24,0.22,0.24,77510
CDV,20170103,0.23,0.235,0.23,0.23,46740
CDV,20170104,0.235,0.235,0.225,0.225,216313
CDV,20170105,0.23,0.25,0.23,0.245,851679
CDV,20170106,0.25,0.25,0.24,0.245,463610
CDV,20170109,0.24,0.245,0.24,0.245,221450
CDV,20170110,0.25,0.26,0.25,0.255,406330
CDV,20170111,0.245,0.25,0.245,0.245,826570
CDV,20170112,0.24,0.25,0.24,0.24,78152
CDV,20170113,0.24,0.24,0.24,0.24,125264
CDV,20170116,0.235,0.24,0.23,0.235,530304
CDV,20170117,0.225,0.235,0.22,0.23,95379
CDV,20170118,0.235,0.235,0.225,0.23,399264
CDV,20170119,0.23,0.23,0.225,0.225,165590
CDV,20170120,0.23,0.23,0.22,0.225,161409
CDV,20170123,0.22,0.245,0.22,0.245,833046
CDV,20170124,0.25,0.25,0.25,0.25,165647
CDV,20170125,0.255,0.255,0.25,0.255,136731
CDV,20170127,0.25,0.255,0.24,0.24,293644
CDV,20170130,0.26,0.26,0.255,0.26,318936
CDV,20170131,0.255,0.255,0.25,0.255,182855
CDV,20170201,0.265,0.31,0.265,0.29,2795547
CDV,20170202,0.3,0.335,0.28,0.33,4411281
CDV,20170203,0.34,0.37,0.33,0.35,4418507
CDV,20170206,0.355,0.365,0.35,0.36,1940894
CDV,20170207,0.38,0.405,0.37,0.405,2616941
CDV,20170208,0.405,0.405,0.39,0.4,2171924
CDV,20170209,0.4,0.4,0.38,0.395,1675932
CDV,20170210,0.38,0.38,0.345,0.36,1092895
CDV,20170213,0.35,0.35,0.325,0.35,836003
CDV,20170214,0.325,0.34,0.322,0.34,637521
CDV,20170215,0.33,0.36,0.33,0.34,776737
CDV,20170216,0.34,0.355,0.34,0.355,1076337
CDV,20170217,0.38,0.405,0.365,0.395,1151656
CDV,20170220,0.43,0.43,0.36,0.365,844444
CDV,20170221,0.36,0.36,0.355,0.36,239752
CDV,20170222,0.4,0.41,0.38,0.385,924656
CDV,20170223,0.39,0.395,0.375,0.39,1224537
CDV,20170224,0.4,0.405,0.375,0.375,1780854
CDV,20170227,0.385,0.4,0.385,0.39,2351054
CDV,20170228,0.4,0.4,0.38,0.39,1406616
CDV,20170301,0.41,0.41,0.39,0.41,518668
CDV,20170302,0.41,0.435,0.41,0.435,1514340
CDV,20170303,0.425,0.435,0.42,0.43,314395
CDV,20170306,0.445,0.445,0.425,0.43,233519
CDV,20170307,0.42,0.425,0.415,0.425,774979
CDV,20170308,0.42,0.48,0.42,0.48,1351894
CDV,20170309,0.48,0.48,0.45,0.46,1001387
CDV,20170310,0.455,0.475,0.445,0.46,880274
CDV,20170313,0.46,0.47,0.445,0.46,469497
CDV,20170314,0.48,0.495,0.475,0.495,1580055
CDV,20170315,0.495,0.502,0.455,0.48,855832
CDV,20170316,0.49,0.5,0.47,0.495,1197988
CDV,20170317,0.515,0.515,0.507,0.51,479038
CDV,20170320,0.505,0.515,0.485,0.505,331755
CDV,20170321,0.51,0.515,0.475,0.49,716579
CDV,20170322,0.51,0.53,0.505,0.52,2408438
CDV,20170323,0.525,0.535,0.515,0.53,1251943
CDV,20170324,0.53,0.53,0.5,0.5,190298
CDV,20170327,0.52,0.52,0.47,0.485,271188
CDV,20170328,0.49,0.49,0.47,0.475,240774
CDV,20170329,0.46,0.48,0.455,0.48,653604
CDV,20170330,0.45,0.475,0.45,0.475,50596
CDV,20170331,0.475,0.535,0.475,0.535,4070918
CDV,20170403,0.54,0.54,0.495,0.525,743488
CDV,20170404,0.565,0.595,0.545,0.595,1370268
CDV,20170405,0.595,0.635,0.56,0.57,1199313
CDV,20170406,0.57,0.57,0.57,0.57,0
CDV,20170407,0.57,0.57,0.57,0.57,0
CDV,20170410,0.56,0.615,0.56,0.59,756766
CDV,20170411,0.6,0.62,0.59,0.6,423896
CDV,20170412,0.605,0.615,0.59,0.59,326877
CDV,20170413,0.595,0.6,0.565,0.57,1455725
CDV,20170418,0.57,0.575,0.53,0.56,515253
CDV,20170419,0.55,0.575,0.53,0.57,302285
CDV,20170420,0.54,0.54,0.495,0.515,1088136
CDV,20170421,0.52,0.525,0.515,0.52,385421
CDV,20170424,0.52,0.52,0.515,0.52,74139
CDV,20170426,0.52,0.52,0.45,0.49,1259374
CDV,20170427,0.475,0.49,0.46,0.48,325765
CDV,20170428,0.5,0.5,0.49,0.49,196929
CDV,20170501,0.475,0.485,0.475,0.485,108352
CDV,20170502,0.475,0.475,0.45,0.455,246847
CDV,20170503,0.45,0.46,0.425,0.46,441421
CDV,20170504,0.46,0.462,0.445,0.46,137390
CDV,20170505,0.46,0.46,0.445,0.46,99041
CDV,20170508,0.445,0.445,0.435,0.435,23950
CDV,20170509,0.435,0.435,0.415,0.415,2075029
CDV,20170510,0.41,0.435,0.375,0.375,628037
CDV,20170511,0.39,0.4,0.38,0.39,385073
CDV,20170512,0.405,0.46,0.405,0.45,519249
CDV,20170515,0.45,0.45,0.435,0.445,71084
CDV,20170516,0.445,0.465,0.43,0.46,146394
CDV,20170517,0.47,0.49,0.465,0.49,499772
CDV,20170518,0.485,0.53,0.485,0.525,764808
CDV,20170519,0.55,0.555,0.53,0.535,437635
CDV,20170522,0.545,0.545,0.52,0.53,746401
CDV,20170523,0.53,0.55,0.53,0.55,314980
CDV,20170524,0.545,0.57,0.535,0.565,1062806
CDV,20170525,0.575,0.625,0.575,0.59,1386829
CDV,20170526,0.6,0.62,0.595,0.62,649891
CDV,20170529,0.62,0.62,0.59,0.6,663726
CDV,20170530,0.59,0.595,0.56,0.565,643214
CDV,20170531,0.57,0.58,0.55,0.57,1286605
CDV,20170601,0.58,0.585,0.57,0.585,331387
CDV,20170602,0.58,0.58,0.565,0.58,179983
CDV,20170605,0.585,0.585,0.565,0.585,1065822
CDV,20170606,0.575,0.585,0.57,0.575,185056
CDV,20170607,0.575,0.6,0.57,0.6,757947
CDV,20170608,0.59,0.61,0.58,0.605,243368
CDV,20170609,0.6,0.615,0.595,0.615,65863
CDV,20170613,0.615,0.615,0.58,0.58,750487
CDV,20170614,0.6,0.61,0.585,0.59,391230
CDV,20170615,0.59,0.63,0.59,0.62,425324
CDV,20170616,0.6,0.6,0.58,0.58,475087
CDV,20170619,0.59,0.595,0.565,0.57,304956
CDV,20170620,0.55,0.55,0.52,0.54,888971
CDV,20170621,0.54,0.54,0.525,0.54,236416
CDV,20170622,0.575,0.575,0.54,0.54,134240
CDV,20170623,0.555,0.57,0.54,0.545,204418
CDV,20170626,0.545,0.545,0.525,0.525,125113
CDV,20170627,0.525,0.525,0.507,0.515,557999
CDV,20170628,0.515,0.525,0.5,0.525,169287
CDV,20170629,0.52,0.545,0.505,0.525,296795
CDV,20170630,0.525,0.53,0.515,0.53,29559
CDV,20170703,0.505,0.52,0.472,0.49,261698
CDV,20170704,0.495,0.51,0.495,0.5,447681
CDV,20170705,0.5,0.53,0.5,0.515,94682
CDV,20170706,0.525,0.56,0.515,0.555,274081
CDV,20170707,0.545,0.565,0.545,0.56,238857
CDV,20170710,0.56,0.56,0.535,0.56,272521
CDV,20170711,0.55,0.59,0.55,0.58,325921
CDV,20170712,0.61,0.615,0.597,0.61,594430
CDV,20170713,0.675,0.68,0.635,0.635,861018
CDV,20170714,0.625,0.625,0.59,0.615,238832
CDV,20170717,0.62,0.62,0.605,0.615,676448
CDV,20170718,0.605,0.62,0.605,0.62,1045001
CDV,20170719,0.6,0.61,0.58,0.61,139230
CDV,20170720,0.6,0.62,0.59,0.62,45538
CDV,20170721,0.62,0.63,0.6,0.62,166514
CDV,20170724,0.615,0.615,0.6,0.61,304813
CDV,20170725,0.61,0.62,0.59,0.61,156111
CDV,20170726,0.61,0.61,0.58,0.6,153431
CDV,20170727,0.62,0.63,0.61,0.62,419696
CDV,20170728,0.62,0.62,0.59,0.61,93762
CDV,20170731,0.615,0.62,0.61,0.62,15436
CDV,20170801,0.605,0.64,0.605,0.64,406250
CDV,20170802,0.64,0.64,0.62,0.64,159647
CDV,20170803,0.645,0.645,0.615,0.63,86231
CDV,20170804,0.63,0.65,0.63,0.65,601638
CDV,20170807,0.65,0.65,0.62,0.635,139337
CDV,20170808,0.62,0.665,0.62,0.665,338000
CDV,20170809,0.605,0.645,0.605,0.635,182320
CDV,20170810,0.65,0.665,0.645,0.65,938225
CDV,20170811,0.655,0.655,0.65,0.655,44879
CDV,20170815,0.67,0.685,0.66,0.67,150958
CDV,20170816,0.67,0.67,0.63,0.635,533725
CDV,20170817,0.64,0.65,0.635,0.64,311435
CDV,20170818,0.645,0.66,0.64,0.645,715210
CDV,20170821,0.66,0.685,0.655,0.66,1283328
CDV,20170822,0.64,0.65,0.63,0.63,520124
CDV,20170823,0.62,0.63,0.615,0.63,477085
CDV,20170824,0.65,0.65,0.62,0.64,1157695
CDV,20170825,0.62,0.64,0.615,0.625,144290
CDV,20170828,0.625,0.625,0.61,0.625,423313
CDV,20170829,0.625,0.645,0.625,0.63,432664
CDV,20170830,0.63,0.63,0.615,0.625,11356
CDV,20170831,0.615,0.615,0.575,0.615,122576
CDV,20170901,0.605,0.625,0.605,0.615,482176
CDV,20170904,0.605,0.625,0.6,0.625,285554
CDV,20170905,0.615,0.62,0.6,0.605,253886
CDV,20170906,0.605,0.62,0.6,0.62,410742
CDV,20170907,0.62,0.62,0.615,0.62,29353
CDV,20170908,0.605,0.615,0.6,0.615,195396
CDV,20170911,0.6,0.61,0.59,0.6,131040
CDV,20170912,0.6,0.6,0.57,0.585,114628
CDV,20170913,0.585,0.595,0.575,0.595,145336
CDV,20170914,0.59,0.6,0.59,0.595,694818
CDV,20170915,0.6,0.605,0.595,0.595,345668
CDV,20170918,0.6,0.66,0.6,0.64,725719
CDV,20170919,0.63,0.63,0.615,0.63,829887
CDV,20170920,0.61,0.635,0.61,0.635,352407
CDV,20170921,0.62,0.63,0.615,0.615,675844
CDV,20170922,0.6,0.67,0.6,0.66,390369
CDV,20170925,0.665,0.7,0.665,0.685,340837
CDV,20170926,0.685,0.7,0.675,0.695,268324
CDV,20170927,0.685,0.7,0.67,0.69,486730
CDV,20170928,0.695,0.715,0.665,0.685,333955
CDV,20170929,0.67,0.71,0.67,0.71,309500
CDV,20171002,0.715,0.735,0.71,0.73,328048
CDV,20171003,0.715,0.74,0.7,0.71,239686
CDV,20171004,0.7,0.705,0.675,0.68,344703
CDV,20171005,0.67,0.68,0.66,0.665,110550
CDV,20171006,0.67,0.69,0.665,0.675,288925
CDV,20171009,0.68,0.685,0.675,0.68,179557
CDV,20171010,0.66,0.68,0.66,0.665,329459
CDV,20171011,0.66,0.72,0.655,0.715,1089123
CDV,20171012,0.71,0.735,0.7,0.72,394955
CDV,20171013,0.71,0.735,0.7,0.73,473779
CDV,20171016,0.74,0.745,0.7,0.7,572688
CDV,20171017,0.71,0.715,0.7,0.705,184705
CDV,20171018,0.695,0.705,0.685,0.705,298218
CDV,20171019,0.705,0.705,0.68,0.69,150713
CDV,20171020,0.68,0.68,0.64,0.64,417897
CDV,20171023,0.65,0.66,0.61,0.635,374873
CDV,20171024,0.65,0.66,0.63,0.635,65471
CDV,20171025,0.635,0.635,0.61,0.61,426289
CDV,20171026,0.62,0.62,0.565,0.595,489626
CDV,20171027,0.595,0.6,0.565,0.585,89846
CDV,20171030,0.59,0.61,0.575,0.595,324786
CDV,20171031,0.575,0.595,0.575,0.585,244765
CDV,20171101,0.58,0.58,0.56,0.58,372840
CDV,20171102,0.58,0.63,0.58,0.61,500862
CDV,20171103,0.615,0.615,0.58,0.605,154721
CDV,20171106,0.59,0.595,0.57,0.575,203449
CDV,20171107,0.585,0.6,0.58,0.59,222112
CDV,20171108,0.58,0.6,0.58,0.59,135274
CDV,20171109,0.59,0.6,0.58,0.6,135357
CDV,20171110,0.59,0.6,0.58,0.6,135357
CDV,20171113,0.595,0.605,0.585,0.595,276998
CDV,20171114,0.595,0.6,0.582,0.59,116164
CDV,20171115,0.58,0.605,0.57,0.59,200770
CDV,20171116,0.58,0.59,0.575,0.58,133854
CDV,20171117,0.59,0.59,0.57,0.59,106229
CDV,20171120,0.58,0.59,0.575,0.575,79998
CDV,20171121,0.575,0.575,0.555,0.565,9988
CDV,20171122,0.575,0.575,0.565,0.575,191352
CDV,20171123,0.565,0.57,0.555,0.555,204170
CDV,20171124,0.56,0.595,0.56,0.59,449885
CDV,20171127,0.59,0.59,0.58,0.59,480882
CDV,20171128,0.605,0.61,0.6,0.605,298891
CDV,20171129,0.585,0.61,0.585,0.61,46395
CDV,20171130,0.61,0.61,0.585,0.605,113486
CDV,20171201,0.61,0.61,0.57,0.58,227687
CDV,20171204,0.575,0.585,0.57,0.57,92589
CDV,20171205,0.57,0.57,0.545,0.55,99696
CDV,20171206,0.54,0.54,0.535,0.535,58672
CDV,20171207,0.5,0.51,0.465,0.485,2160264
CDV,20171208,0.46,0.47,0.445,0.46,603003
CDV,20171211,0.45,0.47,0.45,0.46,532361
CDV,20171212,0.48,0.525,0.475,0.485,513673
CDV,20171213,0.48,0.515,0.48,0.505,289181
CDV,20171214,0.525,0.54,0.52,0.535,763293
CDV,20171215,0.54,0.55,0.53,0.55,512675
CDV,20171218,0.535,0.535,0.53,0.53,18199
CDV,20171219,0.525,0.525,0.51,0.51,140872
CDV,20171220,0.525,0.525,0.51,0.52,58838
CDV,20171221,0.52,0.525,0.515,0.525,76222
CDV,20171222,0.535,0.535,0.51,0.525,126229
CDV,20171227,0.51,0.525,0.5,0.51,367255
CDV,20171228,0.51,0.52,0.5,0.52,148088
CDV,20171229,0.515,0.525,0.495,0.525,316406
CDV,20180102,0.52,0.53,0.505,0.53,163086
CDV,20180103,0.51,0.54,0.51,0.53,292298
CDV,20180104,0.51,0.525,0.495,0.525,351886
CDV,20180105,0.52,0.525,0.515,0.525,158259
CDV,20180108,0.515,0.525,0.515,0.525,57161
CDV,20180109,0.52,0.52,0.495,0.51,428338
CDV,20180110,0.495,0.5,0.485,0.5,331034
CDV,20180111,0.49,0.5,0.49,0.49,182841
CDV,20180112,0.49,0.49,0.48,0.49,728382
CDV,20180115,0.49,0.5,0.49,0.495,875803
CDV,20180116,0.49,0.505,0.485,0.49,582146
CDV,20180117,0.5,0.5,0.485,0.495,626867
CDV,20180118,0.495,0.52,0.495,0.515,307052
CDV,20180119,0.515,0.52,0.475,0.475,661526
CDV,20180122,0.5,0.505,0.465,0.465,646366
CDV,20180123,0.465,0.495,0.455,0.495,833496
CDV,20180124,0.49,0.505,0.49,0.505,388625
CDV,20180125,0.52,0.565,0.505,0.54,801338
CDV,20180129,0.535,0.54,0.52,0.525,71290
CDV,20180130,0.53,0.535,0.515,0.53,121485
CDV,20180131,0.515,0.54,0.515,0.54,53220
CDV,20180201,0.515,0.54,0.515,0.535,449252
CDV,20180202,0.52,0.54,0.52,0.535,153466
CDV,20180205,0.53,0.54,0.49,0.505,232086
CDV,20180207,0.48,0.5,0.455,0.5,402555
CDV,20180208,0.5,0.5,0.48,0.495,256729
CDV,20180209,0.495,0.54,0.485,0.53,222377
CDV,20180212,0.53,0.545,0.52,0.535,1496421
CDV,20180213,0.54,0.54,0.525,0.53,601693
CDV,20180214,0.52,0.53,0.515,0.53,2367019
CDV,20180215,0.53,0.55,0.53,0.54,1016371
CDV,20180216,0.54,0.55,0.535,0.545,333355
CDV,20180219,0.535,0.565,0.53,0.555,566988
CDV,20180220,0.555,0.555,0.545,0.55,324301
CDV,20180221,0.545,0.555,0.525,0.545,581419
CDV,20180222,0.53,0.55,0.53,0.535,441747
CDV,20180223,0.54,0.555,0.53,0.54,356376
CDV,20180226,0.545,0.55,0.542,0.55,274513
CDV,20180227,0.55,0.555,0.55,0.55,60160
CDV,20180228,0.545,0.545,0.53,0.545,375709
CDV,20180301,0.535,0.55,0.53,0.54,636764
CDV,20180302,0.535,0.55,0.535,0.54,481051
CDV,20180305,0.54,0.58,0.54,0.58,540350
CDV,20180306,0.585,0.585,0.555,0.57,338588
CDV,20180307,0.575,0.58,0.555,0.58,258247
CDV,20180308,0.59,0.59,0.56,0.585,307403
CDV,20180309,0.565,0.57,0.54,0.555,759111
CDV,20180312,0.555,0.565,0.555,0.555,37582
CDV,20180313,0.55,0.555,0.54,0.545,87448
CDV,20180314,0.545,0.545,0.54,0.54,45114
CDV,20180315,0.54,0.54,0.535,0.54,74252
CDV,20180316,0.54,0.545,0.54,0.545,73466
CDV,20180319,0.535,0.54,0.525,0.535,129565
CDV,20180320,0.525,0.54,0.515,0.54,163990
CDV,20180321,0.53,0.54,0.53,0.54,88941
CDV,20180322,0.53,0.535,0.525,0.53,98817
CDV,20180323,0.52,0.55,0.515,0.545,178237
CDV,20180326,0.55,0.565,0.53,0.565,282200
CDV,20180327,0.56,0.56,0.54,0.555,241227
CDV,20180328,0.545,0.555,0.54,0.555,165884
CDV,20180329,0.54,0.55,0.53,0.55,374938
CDV,20180403,0.54,0.56,0.54,0.555,595341
CDV,20180404,0.55,0.55,0.535,0.545,197031
CDV,20180405,0.545,0.545,0.52,0.52,126152
CDV,20180406,0.52,0.53,0.52,0.53,31335
CDV,20180409,0.52,0.525,0.515,0.52,107179
CDV,20180410,0.525,0.525,0.5,0.505,200285
CDV,20180411,0.485,0.5,0.485,0.5,348922
CDV,20180412,0.49,0.495,0.485,0.495,80742
CDV,20180413,0.495,0.495,0.495,0.495,18364
CDV,20180416,0.485,0.49,0.475,0.48,153522
CDV,20180417,0.51,0.52,0.505,0.515,491465
CDV,20180418,0.525,0.525,0.485,0.5,626212
CDV,20180419,0.51,0.54,0.51,0.54,211006
CDV,20180420,0.54,0.56,0.54,0.54,472138
CDV,20180423,0.535,0.54,0.525,0.54,274938
CDV,20180424,0.545,0.545,0.515,0.53,386398
CDV,20180426,0.525,0.53,0.495,0.525,244142
CDV,20180427,0.525,0.525,0.47,0.475,645465
CDV,20180430,0.47,0.49,0.465,0.48,282377
CDV,20180501,0.49,0.49,0.46,0.465,86924
CDV,20180502,0.475,0.475,0.46,0.475,22510
CDV,20180503,0.475,0.48,0.465,0.48,28517
CDV,20180504,0.48,0.48,0.45,0.475,196863
CDV,20180507,0.48,0.48,0.45,0.46,396365
CDV,20180508,0.465,0.465,0.45,0.455,139459
CDV,20180509,0.45,0.46,0.44,0.46,58229
CDV,20180510,0.46,0.47,0.45,0.47,80882
CDV,20180511,0.47,0.47,0.445,0.455,116437
CDV,20180514,0.45,0.47,0.45,0.47,86597
CDV,20180515,0.48,0.49,0.46,0.49,274808
CDV,20180516,0.49,0.49,0.49,0.49,0
CDV,20180517,0.49,0.51,0.485,0.505,195732
CDV,20180518,0.5,0.52,0.5,0.515,51273
CDV,20180521,0.51,0.51,0.51,0.51,2000
CDV,20180522,0.485,0.495,0.46,0.495,90328
CDV,20180523,0.48,0.49,0.48,0.49,21928
CDV,20180524,0.475,0.475,0.47,0.47,27785
CDV,20180525,0.465,0.485,0.45,0.48,69017
CDV,20180528,0.48,0.49,0.48,0.49,78797
CDV,20180529,0.485,0.485,0.445,0.445,182481
CDV,20180530,0.46,0.47,0.46,0.47,98753
CDV,20180531,0.47,0.47,0.465,0.465,59654
CDV,20180601,0.465,0.47,0.455,0.455,44531
CDV,20180604,0.47,0.49,0.47,0.475,111814
CDV,20180605,0.475,0.475,0.46,0.46,25683
CDV,20180606,0.46,0.46,0.46,0.46,0
CDV,20180607,0.46,0.465,0.46,0.46,93800
CDV,20180608,0.47,0.48,0.455,0.455,58702
CDV,20180612,0.46,0.46,0.46,0.46,119875
CDV,20180613,0.435,0.44,0.43,0.435,77603
CDV,20180614,0.44,0.44,0.43,0.435,156310
CDV,20180615,0.435,0.435,0.425,0.435,230675
CDV,20180618,0.42,0.42,0.415,0.415,12055
CDV,20180619,0.43,0.43,0.41,0.415,352122
CDV,20180620,0.405,0.415,0.4,0.405,30109
CDV,20180621,0.405,0.405,0.405,0.405,3007
CDV,20180622,0.41,0.41,0.41,0.41,52788
CDV,20180625,0.41,0.41,0.41,0.41,0
CDV,20180626,0.415,0.415,0.41,0.415,144620
CDV,20180627,0.41,0.42,0.41,0.415,213509
CDV,20180628,0.43,0.43,0.42,0.43,40240
CDV,20180629,0.43,0.435,0.41,0.43,696477
CDV,20180702,0.45,0.47,0.45,0.47,416535
CDV,20180703,0.45,0.465,0.45,0.465,44027
CDV,20180704,0.465,0.48,0.46,0.47,408038
CDV,20180705,0.48,0.5,0.47,0.49,429788
CDV,20180706,0.47,0.5,0.465,0.49,218563
CDV,20180710,0.5,0.5,0.485,0.49,7062
CDV,20180711,0.485,0.485,0.48,0.48,27835
CDV,20180712,0.48,0.48,0.46,0.465,34083
CDV,20180713,0.47,0.47,0.47,0.47,74789
CDV,20180716,0.48,0.48,0.48,0.48,140328
CDV,20180717,0.46,0.47,0.45,0.47,239673
CDV,20180718,0.455,0.455,0.44,0.44,22500
CDV,20180719,0.44,0.44,0.44,0.44,0
CDV,20180720,0.43,0.43,0.43,0.43,1503
CDV,20180723,0.43,0.43,0.41,0.42,158958
CDV,20180724,0.43,0.43,0.415,0.415,6792
CDV,20180725,0.42,0.43,0.41,0.415,324138
CDV,20180726,0.415,0.415,0.415,0.415,0
CDV,20180727,0.43,0.435,0.43,0.435,61049
CDV,20180730,0.43,0.43,0.42,0.42,3776
CDV,20180731,0.44,0.47,0.44,0.47,476527
CDV,20180801,0.445,0.45,0.435,0.445,49645
CDV,20180802,0.445,0.445,0.425,0.43,41045
CDV,20180803,0.43,0.44,0.415,0.425,340394
CDV,20180806,0.415,0.425,0.415,0.425,38000
CDV,20180807,0.425,0.425,0.425,0.425,0
CDV,20180808,0.415,0.415,0.41,0.415,10368
CDV,20180809,0.41,0.415,0.4,0.415,110256
CDV,20180810,0.415,0.415,0.405,0.405,66248
CDV,20180813,0.405,0.405,0.405,0.405,0
CDV,20180814,0.41,0.41,0.39,0.4,178382
CDV,20180816,0.4,0.425,0.385,0.425,242709
CDV,20180817,0.405,0.405,0.4,0.405,24635
CDV,20180820,0.41,0.425,0.41,0.425,87571
CDV,20180821,0.43,0.432,0.42,0.43,300974
CDV,20180822,0.43,0.43,0.405,0.42,93978
CDV,20180823,0.417,0.43,0.417,0.42,24747
CDV,20180824,0.41,0.425,0.41,0.41,2350
CDV,20180827,0.41,0.43,0.41,0.43,48524
CDV,20180828,0.412,0.425,0.41,0.42,31632
CDV,20180829,0.42,0.425,0.41,0.425,56677
CDV,20180830,0.425,0.425,0.425,0.425,0
CDV,20180831,0.42,0.425,0.42,0.425,20000
CDV,20180903,0.44,0.44,0.435,0.435,77459
CDV,20180904,0.44,0.445,0.44,0.445,91882
CDV,20180905,0.45,0.45,0.425,0.43,112183
CDV,20180906,0.44,0.44,0.42,0.435,62003
CDV,20180907,0.44,0.45,0.44,0.45,48616
CDV,20180910,0.45,0.45,0.445,0.45,43155
CDV,20180913,0.445,0.45,0.435,0.45,22261
CDV,20180914,0.44,0.445,0.44,0.445,15444
CDV,20180917,0.425,0.44,0.425,0.44,27500
CDV,20180918,0.445,0.48,0.44,0.465,236356
CDV,20180919,0.465,0.48,0.465,0.47,187605
CDV,20180920,0.47,0.485,0.47,0.485,69590
CDV,20180921,0.47,0.47,0.465,0.47,94614
CDV,20180924,0.47,0.47,0.46,0.47,63961
CDV,20180925,0.47,0.47,0.46,0.47,238449
CDV,20180926,0.46,0.46,0.45,0.455,79487
CDV,20180927,0.46,0.46,0.46,0.46,73651
CDV,20180928,0.45,0.455,0.44,0.455,266926
CDV,20181001,0.46,0.46,0.46,0.46,75000
CDV,20181002,0.44,0.455,0.44,0.455,48541
CDV,20181003,0.45,0.46,0.445,0.455,62366
CDV,20181004,0.457,0.46,0.452,0.452,350000
CDV,20181005,0.445,0.455,0.445,0.45,132811
CDV,20181008,0.445,0.452,0.44,0.45,655794
CDV,20181009,0.45,0.45,0.44,0.45,273897
CDV,20181010,0.45,0.455,0.45,0.45,2369354
CDV,20181011,0.45,0.455,0.44,0.455,77611
CDV,20181012,0.46,0.46,0.45,0.455,255788
CDV,20181015,0.46,0.46,0.46,0.46,53109
CDV,20181016,0.46,0.46,0.45,0.45,62624
CDV,20181017,0.45,0.45,0.42,0.44,210487
CDV,20181018,0.437,0.46,0.43,0.46,417540
CDV,20181019,0.46,0.46,0.46,0.46,7500
CDV,20181022,0.455,0.46,0.45,0.45,109083
CDV,20181023,0.45,0.455,0.442,0.45,188897
CDV,20181024,0.445,0.45,0.44,0.45,26841
CDV,20181025,0.44,0.46,0.425,0.44,256046
CDV,20181026,0.44,0.44,0.43,0.44,173481
CDV,20181030,0.435,0.445,0.435,0.445,32306
CDV,20181031,0.43,0.45,0.425,0.45,67890
CDV,20181101,0.432,0.435,0.432,0.435,4086
CDV,20181102,0.435,0.44,0.435,0.44,6500
CDV,20181105,0.44,0.44,0.44,0.44,0
CDV,20181106,0.44,0.44,0.44,0.44,0
CDV,20181107,0.425,0.435,0.42,0.435,156285
CDV,20181108,0.43,0.43,0.425,0.43,316516
CDV,20181109,0.43,0.43,0.42,0.43,145195
CDV,20181112,0.42,0.42,0.395,0.42,282055
CDV,20181113,0.435,0.44,0.415,0.44,93267
CDV,20181114,0.425,0.425,0.42,0.425,55411
CDV,20181115,0.42,0.42,0.415,0.42,53741
CDV,20181116,0.42,0.42,0.42,0.42,0
CDV,20181119,0.4,0.405,0.4,0.405,34049
CDV,20181120,0.4,0.41,0.4,0.41,193112
CDV,20181121,0.4,0.41,0.395,0.4,128433
CDV,20181122,0.4,0.4,0.4,0.4,294246
CDV,20181123,0.4,0.4,0.4,0.4,60421
CDV,20181126,0.395,0.4,0.395,0.4,48951
CDV,20181127,0.395,0.4,0.395,0.397,27338
CDV,20181128,0.395,0.4,0.38,0.4,141832
CDV,20181129,0.38,0.395,0.38,0.395,414229
CDV,20181130,0.4,0.4,0.395,0.4,255905
CDV,20181203,0.395,0.4,0.38,0.395,37638
CDV,20181204,0.385,0.4,0.38,0.39,294629
CDV,20181205,0.39,0.39,0.39,0.39,15000
CDV,20181206,0.38,0.39,0.38,0.39,86610
CDV,20181207,0.39,0.395,0.39,0.395,17513
CDV,20181210,0.395,0.395,0.395,0.395,44009
CDV,20181211,0.397,0.4,0.397,0.4,142539
CDV,20181212,0.397,0.4,0.395,0.397,183358
CDV,20181213,0.397,0.397,0.38,0.39,924872
CDV,20181214,0.385,0.39,0.385,0.39,30141
CDV,20181217,0.39,0.39,0.39,0.39,35215
CDV,20181218,0.385,0.385,0.38,0.38,137532
CDV,20181219,0.38,0.385,0.38,0.385,34136
CDV,20181220,0.377,0.39,0.37,0.39,212749
CDV,20181221,0.38,0.38,0.38,0.38,1320
CDV,20181224,0.38,0.39,0.38,0.39,15996
CDV,20181227,0.39,0.39,0.375,0.385,47168
CDV,20181228,0.382,0.42,0.382,0.41,230965
CDV,20181231,0.41,0.43,0.41,0.43,59817
CDV,20190102,0.44,0.44,0.44,0.44,1210
CDV,20190103,0.435,0.442,0.435,0.44,198607
CDV,20190104,0.43,0.44,0.43,0.44,137433
CDV,20190107,0.44,0.44,0.435,0.44,65000
CDV,20190108,0.44,0.44,0.425,0.425,64321
CDV,20190109,0.42,0.425,0.42,0.425,88486
CDV,20190110,0.425,0.425,0.4,0.4,86119
CDV,20190111,0.4,0.4,0.38,0.38,122769
CDV,20190114,0.39,0.395,0.385,0.39,39927
CDV,20190115,0.38,0.38,0.375,0.375,95071
CDV,20190116,0.38,0.38,0.375,0.375,115304
CDV,20190117,0.375,0.375,0.37,0.372,145510
CDV,20190118,0.372,0.38,0.37,0.37,310017
CDV,20190121,0.38,0.412,0.38,0.405,43154
CDV,20190122,0.4,0.4,0.377,0.38,155978
CDV,20190123,0.385,0.385,0.345,0.375,423261
CDV,20190124,0.375,0.395,0.375,0.39,83875
CDV,20190125,0.39,0.39,0.38,0.38,23736
CDV,20190129,0.385,0.4,0.385,0.4,66107
CDV,20190130,0.41,0.425,0.41,0.425,99770
CDV,20190131,0.435,0.44,0.43,0.43,43214
CDV,20190201,0.425,0.44,0.42,0.435,692067
CDV,20190204,0.43,0.43,0.415,0.415,79567
CDV,20190205,0.415,0.43,0.415,0.42,29596
CDV,20190206,0.41,0.41,0.405,0.405,31638
CDV,20190207,0.41,0.425,0.41,0.42,290394
CDV,20190208,0.41,0.41,0.41,0.41,62605
CDV,20190211,0.405,0.415,0.405,0.41,31492
CDV,20190212,0.41,0.41,0.41,0.41,0
CDV,20190213,0.41,0.41,0.41,0.41,61717
CDV,20190214,0.405,0.405,0.405,0.405,8234
CDV,20190215,0.405,0.405,0.395,0.395,43875
CDV,20190218,0.4,0.4,0.4,0.4,788
CDV,20190219,0.39,0.41,0.385,0.39,265792
CDV,20190220,0.39,0.4,0.39,0.39,19566
CDV,20190221,0.385,0.385,0.385,0.385,13022
CDV,20190222,0.385,0.39,0.375,0.38,327673
CDV,20190225,0.38,0.395,0.38,0.39,495195
CDV,20190226,0.39,0.39,0.387,0.387,221880
CDV,20190227,0.39,0.39,0.387,0.39,163836
CDV,20190228,0.385,0.385,0.38,0.385,209058
CDV,20190301,0.39,0.39,0.375,0.375,413391
CDV,20190304,0.38,0.38,0.377,0.38,201354
CDV,20190305,0.38,0.38,0.38,0.38,119753
CDV,20190306,0.38,0.39,0.38,0.38,223197
CDV,20190307,0.377,0.377,0.375,0.375,206582
CDV,20190308,0.37,0.372,0.35,0.355,146075
CDV,20190311,0.36,0.36,0.35,0.36,56841
CDV,20190312,0.36,0.36,0.36,0.36,46406
CDV,20190313,0.35,0.36,0.35,0.36,165165
CDV,20190314,0.355,0.355,0.35,0.355,252903
CDV,20190315,0.355,0.36,0.355,0.36,55194
CDV,20190318,0.36,0.36,0.355,0.355,18421
CDV,20190319,0.355,0.365,0.355,0.36,77729
CDV,20190320,0.355,0.355,0.347,0.35,301947
CDV,20190321,0.35,0.35,0.35,0.35,129920
CDV,20190322,0.35,0.35,0.35,0.35,0
CDV,20190325,0.35,0.35,0.345,0.345,194264
CDV,20190326,0.34,0.34,0.335,0.335,32892
CDV,20190327,0.33,0.35,0.33,0.35,202319
CDV,20190328,0.35,0.35,0.34,0.34,126887
CDV,20190329,0.335,0.34,0.33,0.34,503820
CDV,20190401,0.34,0.34,0.32,0.34,323373
CDV,20190402,0.32,0.34,0.32,0.335,217645
CDV,20190403,0.35,0.35,0.35,0.35,7369
CDV,20190404,0.35,0.36,0.35,0.355,89743
CDV,20190405,0.355,0.355,0.35,0.355,146297
CDV,20190408,0.355,0.355,0.35,0.35,285747
CDV,20190409,0.36,0.36,0.355,0.36,9073
CDV,20190410,0.36,0.41,0.36,0.41,419051
CDV,20190411,0.41,0.41,0.4,0.405,113181
CDV,20190412,0.41,0.415,0.41,0.415,261227
CDV,20190415,0.415,0.42,0.415,0.42,267151
CDV,20190416,0.42,0.42,0.42,0.42,0
CDV,20190417,0.42,0.42,0.42,0.42,0
CDV,20190418,0.41,0.415,0.41,0.415,20420
CDV,20190423,0.42,0.425,0.36,0.385,1223939
CDV,20190424,0.38,0.385,0.38,0.385,81509
CDV,20190426,0.385,0.4,0.385,0.4,744552
CDV,20190429,0.4,0.41,0.4,0.41,265855
CDV,20190430,0.4,0.41,0.395,0.4,393235
CDV,20190501,0.4,0.4,0.38,0.385,264088
CDV,20190502,0.385,0.39,0.385,0.39,16271
CDV,20190503,0.39,0.395,0.39,0.395,22938
CDV,20190506,0.39,0.395,0.385,0.385,23410
CDV,20190507,0.385,0.385,0.38,0.385,43279
CDV,20190508,0.38,0.38,0.37,0.37,248946
CDV,20190509,0.365,0.375,0.365,0.375,157947
CDV,20190510,0.375,0.39,0.37,0.39,248306
CDV,20190513,0.385,0.395,0.38,0.39,274711
CDV,20190514,0.39,0.39,0.38,0.38,270709
CDV,20190515,0.38,0.38,0.365,0.37,215201
CDV,20190516,0.365,0.375,0.36,0.37,51947
CDV,20190517,0.37,0.37,0.37,0.37,96801
CDV,20190520,0.37,0.37,0.37,0.37,21031
CDV,20190521,0.365,0.365,0.365,0.365,37638
CDV,20190522,0.36,0.38,0.36,0.38,86761
CDV,20190523,0.37,0.37,0.36,0.37,46903
CDV,20190524,0.36,0.38,0.36,0.38,68845
CDV,20190527,0.38,0.38,0.375,0.38,46393
CDV,20190528,0.38,0.38,0.38,0.38,0
CDV,20190529,0.365,0.37,0.365,0.37,53645
CDV,20190530,0.37,0.37,0.365,0.37,35451
CDV,20190531,0.375,0.38,0.37,0.38,262406
CDV,20190603,0.37,0.375,0.37,0.37,149341
CDV,20190604,0.375,0.375,0.335,0.335,483741
CDV,20190605,0.335,0.335,0.33,0.33,220229
CDV,20190606,0.33,0.335,0.33,0.335,128700
CDV,20190607,0.335,0.335,0.32,0.32,10001995
CDV,20190611,0.32,0.32,0.315,0.315,93142
CDV,20190612,0.32,0.33,0.31,0.31,966393
CDV,20190613,0.31,0.31,0.3,0.3,811279
CDV,20190614,0.295,0.3,0.295,0.3,191514
CDV,20190617,0.3,0.32,0.295,0.3,885331
CDV,20190618,0.3,0.31,0.3,0.31,182289
CDV,20190619,0.32,0.32,0.305,0.315,113215
CDV,20190620,0.335,0.34,0.32,0.33,434144
CDV,20190621,0.33,0.34,0.32,0.335,445152
CDV,20190624,0.335,0.345,0.335,0.335,224731
CDV,20190625,0.34,0.34,0.325,0.33,528188
CDV,20190626,0.332,0.335,0.33,0.335,157049
CDV,20190627,0.34,0.35,0.34,0.35,270974
CDV,20190628,0.34,0.35,0.335,0.34,503632
CDV,20190701,0.34,0.35,0.335,0.335,171644
CDV,20190702,0.335,0.335,0.33,0.335,107799
CDV,20190703,0.33,0.345,0.33,0.335,613216
CDV,20190704,0.335,0.34,0.33,0.335,327429
CDV,20190705,0.33,0.345,0.327,0.335,738726
CDV,20190708,0.335,0.335,0.325,0.33,469449
CDV,20190709,0.34,0.34,0.325,0.335,153834
CDV,20190710,0.34,0.345,0.33,0.335,365177
CDV,20190711,0.335,0.35,0.335,0.35,3450174
CDV,20190712,0.34,0.345,0.335,0.335,92055
CDV,20190715,0.34,0.345,0.335,0.335,101241
CDV,20190716,0.345,0.345,0.34,0.34,94245
CDV,20190717,0.335,0.345,0.335,0.34,499353
CDV,20190718,0.345,0.35,0.34,0.34,1036714
CDV,20190719,0.35,0.36,0.345,0.35,1500266
CDV,20190722,0.35,0.37,0.35,0.37,766151
CDV,20190723,0.38,0.382,0.36,0.365,770690
CDV,20190724,0.365,0.365,0.345,0.35,1532441
CDV,20190725,0.35,0.36,0.35,0.355,623881
CDV,20190726,0.355,0.355,0.347,0.35,626134
CDV,20190729,0.35,0.375,0.35,0.375,472728
CDV,20190730,0.37,0.37,0.365,0.37,479263
CDV,20190731,0.375,0.375,0.36,0.36,820107
CDV,20190801,0.36,0.36,0.355,0.355,639258
CDV,20190802,0.36,0.375,0.36,0.365,1403481
CDV,20190805,0.37,0.38,0.365,0.375,487840
CDV,20190806,0.37,0.375,0.36,0.37,531982
CDV,20190807,0.37,0.37,0.36,0.37,756121
CDV,20190808,0.385,0.395,0.375,0.39,1543556
CDV,20190809,0.395,0.45,0.395,0.425,2021209
CDV,20190812,0.435,0.49,0.42,0.485,1931519
CDV,20190813,0.515,0.53,0.48,0.495,1347461
CDV,20190814,0.485,0.485,0.465,0.48,1050852
CDV,20190815,0.46,0.48,0.45,0.455,551815
CDV,20190816,0.45,0.45,0.435,0.445,330311
CDV,20190819,0.445,0.46,0.44,0.46,205428
CDV,20190820,0.465,0.465,0.447,0.447,400781
CDV,20190821,0.455,0.465,0.452,0.46,497639
CDV,20190822,0.46,0.47,0.455,0.465,287837
CDV,20190823,0.47,0.47,0.44,0.45,341579
CDV,20190826,0.475,0.49,0.465,0.475,966572
CDV,20190827,0.46,0.475,0.445,0.465,850422
CDV,20190828,0.47,0.495,0.465,0.495,951752
CDV,20190829,0.495,0.505,0.48,0.485,898473
CDV,20190830,0.485,0.485,0.47,0.48,433333
CDV,20190902,0.475,0.48,0.467,0.475,493562
CDV,20190903,0.475,0.485,0.465,0.485,535502
CDV,20190904,0.49,0.535,0.49,0.53,1588002
CDV,20190905,0.545,0.545,0.49,0.505,1085321
CDV,20190906,0.49,0.495,0.465,0.495,694067
CDV,20190909,0.495,0.495,0.48,0.485,234455
CDV,20190910,0.48,0.48,0.45,0.46,805426
CDV,20190911,0.45,0.485,0.45,0.485,365055
CDV,20190912,0.48,0.48,0.457,0.46,638169
CDV,20190913,0.465,0.475,0.46,0.47,120434
CDV,20190916,0.465,0.475,0.455,0.46,973865
CDV,20190917,0.47,0.485,0.46,0.475,640606
CDV,20190918,0.47,0.49,0.465,0.48,342790
CDV,20190919,0.465,0.465,0.455,0.46,243554
CDV,20190920,0.47,0.475,0.465,0.47,346430
CDV,20190923,0.48,0.485,0.475,0.475,825770
CDV,20190924,0.48,0.495,0.48,0.48,1112680
CDV,20190925,0.49,0.49,0.46,0.46,733408
CDV,20190926,0.455,0.465,0.45,0.45,783990
CDV,20190927,0.45,0.45,0.43,0.44,850553
CDV,20190930,0.45,0.45,0.425,0.425,561915
CDV,20191001,0.42,0.42,0.39,0.39,787331
CDV,20191002,0.4,0.43,0.395,0.395,520420
CDV,20191003,0.4,0.425,0.4,0.41,960765
CDV,20191004,0.41,0.43,0.41,0.41,824954
CDV,20191007,0.415,0.425,0.41,0.41,454759
CDV,20191008,0.405,0.405,0.39,0.39,301029
CDV,20191009,0.4,0.405,0.39,0.395,761846
CDV,20191010,0.4,0.405,0.39,0.39,356621
CDV,20191011,0.39,0.39,0.385,0.39,351826
CDV,20191014,0.385,0.385,0.365,0.37,412126
CDV,20191015,0.37,0.372,0.365,0.365,212256
CDV,20191016,0.365,0.395,0.365,0.39,1018659
CDV,20191017,0.39,0.39,0.38,0.38,311051
CDV,20191018,0.39,0.4,0.38,0.4,352093
CDV,20191021,0.41,0.41,0.39,0.39,442665
CDV,20191022,0.395,0.395,0.385,0.385,154434
CDV,20191023,0.39,0.39,0.385,0.39,284020
CDV,20191024,0.395,0.397,0.39,0.395,400148
CDV,20191025,0.395,0.395,0.395,0.395,0
CDV,20191028,0.405,0.415,0.35,0.365,2316940
CDV,20191029,0.365,0.382,0.365,0.38,807950
CDV,20191030,0.37,0.387,0.37,0.38,656271
CDV,20191031,0.37,0.385,0.37,0.37,488404
CDV,20191101,0.375,0.38,0.37,0.375,445698
CDV,20191104,0.375,0.375,0.37,0.375,102808
CDV,20191105,0.39,0.39,0.375,0.375,402791
CDV,20191106,0.37,0.37,0.365,0.365,464813
CDV,20191107,0.365,0.37,0.365,0.37,81202
CDV,20191108,0.36,0.362,0.352,0.355,471372
CDV,20191111,0.355,0.36,0.335,0.345,834507
CDV,20191112,0.345,0.35,0.32,0.32,1051065
CDV,20191113,0.32,0.325,0.3,0.325,476394
CDV,20191114,0.34,0.34,0.327,0.34,461271
CDV,20191115,0.335,0.335,0.32,0.32,356558
CDV,20191118,0.33,0.33,0.305,0.31,539726
CDV,20191119,0.315,0.335,0.315,0.335,292865
CDV,20191120,0.33,0.335,0.325,0.335,172014
CDV,20191121,0.33,0.33,0.32,0.32,519158
CDV,20191122,0.32,0.325,0.305,0.305,475383
CDV,20191125,0.31,0.31,0.29,0.295,484190
CDV,20191126,0.295,0.295,0.277,0.285,473395
CDV,20191127,0.29,0.3,0.29,0.3,446076
CDV,20191128,0.3,0.305,0.295,0.295,213390
CDV,20191129,0.305,0.315,0.305,0.31,66456
CDV,20191202,0.31,0.315,0.305,0.315,85747
CDV,20191203,0.31,0.31,0.295,0.3,246795
CDV,20191204,0.315,0.325,0.31,0.31,317103
CDV,20191205,0.32,0.33,0.315,0.32,421266
CDV,20191206,0.315,0.315,0.31,0.31,380793
CDV,20191209,0.31,0.31,0.29,0.29,373510
CDV,20191210,0.3,0.305,0.285,0.29,1078465
CDV,20191211,0.295,0.305,0.29,0.29,332052
CDV,20191212,0.292,0.3,0.292,0.3,353999
CDV,20191213,0.305,0.305,0.295,0.295,2703
CDV,20191216,0.3,0.3,0.28,0.29,194926
CDV,20191217,0.31,0.31,0.29,0.295,481787
CDV,20191218,0.295,0.305,0.295,0.3,202025
CDV,20191219,0.3,0.307,0.3,0.3,129702
CDV,20191220,0.305,0.305,0.287,0.3,206539
CDV,20191223,0.3,0.3,0.295,0.295,16502
CDV,20191224,0.295,0.3,0.295,0.3,53655
CDV,20191227,0.3,0.31,0.3,0.305,71968
CDV,20191230,0.315,0.315,0.29,0.29,285449
CDV,20191231,0.295,0.305,0.295,0.3,506442
CDV,20200102,0.3,0.315,0.3,0.315,465883
CDV,20200103,0.3,0.34,0.3,0.34,746596
CDV,20200106,0.355,0.37,0.345,0.35,486432
CDV,20200107,0.35,0.35,0.33,0.34,247943
CDV,20200108,0.34,0.37,0.34,0.365,630266
CDV,20200109,0.36,0.36,0.345,0.345,375442
CDV,20200113,0.345,0.355,0.345,0.35,171202
CDV,20200114,0.345,0.35,0.34,0.345,206791
CDV,20200115,0.355,0.37,0.355,0.37,215058
CDV,20200116,0.37,0.37,0.36,0.37,187233
CDV,20200117,0.375,0.42,0.365,0.38,450714
CDV,20200120,0.38,0.39,0.375,0.38,228974
CDV,20200121,0.38,0.39,0.375,0.38,224682
CDV,20200122,0.38,0.38,0.37,0.37,2334297
CDV,20200123,0.37,0.37,0.365,0.37,637707
CDV,20200124,0.37,0.37,0.365,0.37,5606970
CDV,20200128,0.37,0.375,0.35,0.355,356882
CDV,20200129,0.355,0.365,0.355,0.365,352266
CDV,20200130,0.365,0.37,0.365,0.37,124464
CDV,20200203,0.38,0.395,0.38,0.39,274669
CDV,20200204,0.38,0.385,0.365,0.385,202254
CDV,20200205,0.385,0.385,0.37,0.37,400488
CDV,20200210,0.37,0.375,0.365,0.375,2067666
CDV,20200211,0.375,0.377,0.365,0.37,132285
CDV,20200212,0.37,0.37,0.36,0.37,1766271
CDV,20200213,0.36,0.37,0.355,0.365,217488
CDV,20200214,0.362,0.375,0.36,0.375,1192695
CDV,20200217,0.375,0.375,0.36,0.36,63194
CDV,20200218,0.37,0.37,0.36,0.365,81801
CDV,20200219,0.365,0.37,0.365,0.365,918151
CDV,20200220,0.37,0.37,0.345,0.35,684561
CDV,20200221,0.34,0.35,0.33,0.345,1168241
CDV,20200224,0.345,0.37,0.345,0.37,1725130
CDV,20200225,0.355,0.365,0.35,0.365,652467
CDV,20200226,0.335,0.35,0.335,0.35,1775606
CDV,20200227,0.35,0.37,0.35,0.37,3362217
CDV,20200228,0.35,0.355,0.34,0.35,1584875
CDV,20200302,0.325,0.325,0.315,0.315,2025323
CDV,20200303,0.34,0.345,0.33,0.337,1301380
CDV,20200304,0.355,0.355,0.34,0.35,1733331
CDV,20200305,0.35,0.35,0.337,0.35,643904
CDV,20200306,0.34,0.345,0.335,0.34,838675
CDV,20200309,0.34,0.345,0.33,0.335,2890282
CDV,20200310,0.32,0.325,0.31,0.325,1021180
CDV,20200311,0.325,0.34,0.325,0.325,1031651
CDV,20200312,0.305,0.315,0.27,0.285,697571
CDV,20200313,0.255,0.255,0.23,0.25,383589
CDV,20200316,0.32,0.38,0.32,0.35,82236100
CDV,20200317,0.36,0.365,0.315,0.34,1843858
CDV,20200318,0.34,0.355,0.295,0.305,1657128
CDV,20200319,0.29,0.31,0.265,0.29,690793
CDV,20200320,0.29,0.31,0.285,0.295,695760
CDV,20200323,0.295,0.3,0.25,0.27,371119
CDV,20200324,0.305,0.315,0.275,0.285,725312
CDV,20200325,0.32,0.345,0.315,0.32,607605
CDV,20200326,0.325,0.36,0.32,0.36,818624
CDV,20200327,0.355,0.36,0.325,0.335,258309
CDV,20200330,0.32,0.355,0.315,0.35,723070
CDV,20200331,0.335,0.35,0.335,0.335,425819
CDV,20200401,0.33,0.33,0.325,0.325,117812
CDV,20200402,0.325,0.335,0.315,0.32,600447
CDV,20200403,0.33,0.335,0.32,0.325,289288
CDV,20200406,0.335,0.345,0.335,0.345,105194
CDV,20200407,0.35,0.37,0.35,0.36,734887
CDV,20200408,0.355,0.36,0.35,0.355,2146490
CDV,20200409,0.35,0.38,0.35,0.38,2115916
CDV,20200414,0.39,0.4,0.38,0.38,1301923
CDV,20200415,0.37,0.395,0.365,0.38,2902376
CDV,20200416,0.37,0.375,0.36,0.36,485994
CDV,20200417,0.36,0.38,0.36,0.375,327959
CDV,20200420,0.375,0.38,0.365,0.365,149481
CDV,20200421,0.37,0.37,0.355,0.355,867491
CDV,20200422,0.36,0.38,0.36,0.37,574814
CDV,20200423,0.39,0.395,0.375,0.38,317822
CDV,20200424,0.38,0.39,0.38,0.38,302312
CDV,20200427,0.385,0.395,0.38,0.39,325316
CDV,20200428,0.38,0.39,0.38,0.38,313634
CDV,20200429,0.38,0.385,0.38,0.385,80635
CDV,20200430,0.375,0.39,0.375,0.375,490784
CDV,20200501,0.37,0.37,0.355,0.355,245445
CDV,20200504,0.38,0.425,0.38,0.405,997458
CDV,20200505,0.41,0.415,0.405,0.415,792570
CDV,20200506,0.41,0.425,0.4,0.41,656209
CDV,20200507,0.4,0.43,0.4,0.43,527173
CDV,20200508,0.43,0.44,0.42,0.425,309577
CDV,20200511,0.43,0.43,0.42,0.425,628910
CDV,20200512,0.46,0.47,0.435,0.44,2015841
CDV,20200513,0.435,0.435,0.425,0.43,894716
CDV,20200514,0.435,0.44,0.425,0.44,1482133
CDV,20200515,0.43,0.44,0.417,0.43,1386214
CDV,20200518,0.435,0.45,0.43,0.44,2094609
CDV,20200519,0.435,0.435,0.425,0.425,1108256
CDV,20200520,0.41,0.435,0.41,0.43,1746473
CDV,20200521,0.42,0.42,0.41,0.42,695246
CDV,20200522,0.415,0.415,0.4,0.405,415631
CDV,20200525,0.415,0.415,0.405,0.415,146308
CDV,20200526,0.415,0.42,0.41,0.415,628534
CDV,20200527,0.405,0.405,0.4,0.4,304951
CDV,20200528,0.41,0.41,0.4,0.4,166511
CDV,20200529,0.405,0.42,0.4,0.41,252571
CDV,20200601,0.41,0.415,0.405,0.41,616327
CDV,20200602,0.41,0.42,0.41,0.42,458729
CDV,20200603,0.42,0.42,0.405,0.415,543516
CDV,20200604,0.41,0.415,0.405,0.415,1295919
CDV,20200605,0.415,0.43,0.415,0.415,2946845
CDV,20200609,0.42,0.43,0.415,0.42,769929
CDV,20200610,0.42,0.46,0.415,0.46,10183491
CDV,20200611,0.44,0.455,0.44,0.455,677856
CDV,20200612,0.43,0.445,0.425,0.43,320127
CDV,20200615,0.44,0.47,0.44,0.44,1113272
CDV,20200616,0.465,0.48,0.455,0.46,1445176
CDV,20200617,0.48,0.48,0.45,0.48,1164833
CDV,20200618,0.475,0.475,0.46,0.465,515571
CDV,20200619,0.58,0.6,0.575,0.595,7987322
CDV,20200622,0.595,0.6,0.595,0.6,7876258
CDV,20200623,0.61,0.635,0.605,0.625,2242053
CDV,20200624,0.62,0.625,0.617,0.625,1630672
CDV,20200625,0.62,0.63,0.612,0.62,2602289
CDV,20200626,0.62,0.635,0.61,0.61,1654657
CDV,20200629,0.62,0.63,0.615,0.62,1997039
CDV,20200630,0.62,0.625,0.615,0.62,2483428
CDV,20200701,0.62,0.625,0.62,0.62,2023499
CDV,20200702,0.62,0.63,0.62,0.625,1972929
CDV,20200703,0.62,0.62,0.612,0.62,3878693
CDV,20200706,0.615,0.625,0.615,0.625,7028970
CDV,20200707,0.62,0.63,0.615,0.62,4023867
CDV,20200708,0.615,0.615,0.56,0.59,8552628
CDV,20200709,0.595,0.605,0.59,0.59,3674324
CDV,20200710,0.59,0.592,0.59,0.59,5629233
CDV,20200713,0.595,0.595,0.59,0.59,4975579
CDV,20200714,0.59,0.59,0.59,0.59,6236696
CDV,20200715,0.68,0.7,0.68,0.69,10702692
CDV,20200716,0.69,0.69,0.685,0.685,3128171
CDV,20200717,0.69,0.69,0.685,0.69,1985536
CDV,20200720,0.69,0.695,0.685,0.695,5290200
CDV,20200721,0.695,0.72,0.695,0.71,3603589
CDV,20200722,0.71,0.727,0.7,0.725,1357563
CDV,20200723,0.725,0.735,0.725,0.73,1343348
CDV,20200724,0.73,0.745,0.73,0.745,885822
CDV,20200727,0.74,0.74,0.73,0.735,2161521
CDV,20200728,0.73,0.735,0.715,0.72,4614544
CDV,20200729,0.73,0.73,0.71,0.73,4395918
CDV,20200730,0.72,0.74,0.71,0.735,1672095
CDV,20200731,0.74,0.74,0.715,0.725,1346942
CDV,20200803,0.72,0.72,0.71,0.71,925065
CDV,20200804,0.71,0.715,0.71,0.715,1072895
CDV,20200805,0.72,0.72,0.71,0.715,1237291
CDV,20200806,0.72,0.73,0.72,0.72,1881248
CDV,20200807,0.72,0.725,0.72,0.72,1584808
CDV,20200810,0.72,0.725,0.72,0.72,1247858
CDV,20200811,0.72,0.73,0.72,0.73,287225
CDV,20200812,0.72,0.725,0.72,0.72,1126063
CDV,20200813,0.725,0.725,0.72,0.72,729698
CDV,20200814,0.72,0.725,0.72,0.725,444051
CDV,20200817,0.72,0.725,0.71,0.715,1254506
CDV,20200818,0.715,0.725,0.71,0.715,2015165
CDV,20200819,0.72,0.72,0.71,0.715,828483
CDV,20200820,0.72,0.732,0.72,0.72,2141501
CDV,20200821,0.72,0.725,0.72,0.72,378054
CDV,20200824,0.72,0.725,0.72,0.72,588763
CDV,20200825,0.72,0.73,0.72,0.725,3081267
CDV,20200826,0.72,0.725,0.72,0.72,4581919
CDV,20200827,0.725,0.725,0.72,0.72,236429
CDV,20200828,0.72,0.722,0.715,0.715,1276571
CDV,20200831,0.725,0.725,0.72,0.725,33262965
CDV,20200901,0.72,0.725,0.72,0.725,483794
CDV,20200902,0.92,0.925,0.9,0.92,69013992
CDV,20200903,0.93,0.935,0.92,0.93,3951071
CDV,20200904,0.925,0.935,0.925,0.93,1259405
CDV,20200907,0.935,1.03,0.935,1.02,2024305
CDV,20200908,1.025,1.05,1.02,1.05,1839693
CDV,20200909,1.03,1.045,1.02,1.025,1121419
CDV,20200910,1.03,1.04,1.025,1.03,3226107
CDV,20200911,1.035,1.065,1.035,1.05,636551
CDV,20200914,1.085,1.085,1.05,1.05,264269
CDV,20200915,1.05,1.05,1.035,1.04,521493
CDV,20200916,1.05,1.065,1.05,1.055,358606
CDV,20200917,1.055,1.06,1.045,1.05,233675
CDV,20200918,1.06,1.065,1.055,1.06,47312
CDV,20200921,1.065,1.07,1.055,1.07,653051
CDV,20200922,1.06,1.065,1.05,1.06,386712
CDV,20200923,1.06,1.07,1.05,1.055,843450
CDV,20200924,1.06,1.07,1.05,1.065,115396
CDV,20200925,1.06,1.065,1.055,1.065,217773
CDV,20200928,1.045,1.055,1.045,1.055,56977
CDV,20200929,1.045,1.055,1.045,1.045,263433
CDV,20200930,1.045,1.06,1.045,1.05,493055
CDV,20201001,1.05,1.07,1.05,1.055,571045
CDV,20201002,1.06,1.06,1.05,1.05,209943
CDV,20201005,1.05,1.065,1.02,1.055,2813574
CDV,20201006,1.03,1.045,1.03,1.035,361089
CDV,20201007,1.04,1.055,1.035,1.04,388269
CDV,20201008,1.045,1.06,1.045,1.05,523910
CDV,20201009,1.055,1.06,1.05,1.06,1191177
CDV,20201012,1.05,1.075,1.05,1.06,569594
CDV,20201013,1.05,1.095,1.05,1.075,443280
CDV,20201014,1.07,1.095,1.07,1.095,2494225
CDV,20201015,1.06,1.08,1.05,1.08,676707
CDV,20201016,1.06,1.1,1.06,1.09,1125289
CDV,20201019,1.09,1.095,1.075,1.095,1334271
CDV,20201020,1.04,1.065,1.02,1.05,3929647
CDV,20201021,1.025,1.05,1.02,1.045,5098015
CDV,20201022,1.03,1.045,1.03,1.04,2054218
CDV,20201023,1.04,1.045,1.005,1.03,2522179
CDV,20201026,1,1.02,1,1.015,3487946
CDV,20201027,1.015,1.02,1.005,1.015,560158
CDV,20201028,1.005,1.015,1.005,1.01,653654
CDV,20201029,1.01,1.015,1.01,1.01,128861
CDV,20201030,1.02,1.025,1.02,1.025,1557095
CDV,20201102,1.02,1.03,1.02,1.02,2615034
CDV,20201103,1.02,1.03,1.02,1.03,1538567
CDV,20201104,1.03,1.045,1.025,1.025,928899
CDV,20201105,1.035,1.04,1.03,1.03,201751
CDV,20201106,1.04,1.04,1.03,1.03,1446597
CDV,20201109,1.035,1.04,1.03,1.03,330753
CDV,20201110,1.03,1.035,1.025,1.025,679516
CDV,20201111,1.035,1.04,1.03,1.03,503969
CDV,20201112,1.03,1.04,1.03,1.03,301780
CDV,20201113,1.03,1.04,1.03,1.04,176980
CDV,20201116,1.035,1.04,1.03,1.035,16173
CDV,20201117,1.025,1.025,1.01,1.02,4073500
CDV,20201118,1.01,1.015,1.01,1.015,1312883
CDV,20201120,1.01,1.015,1.01,1.01,308669
CDV,20201123,1.01,1.015,1.01,1.01,235701
CDV,20201124,1.01,1.07,1.01,1.065,1602429
CDV,20201125,1.065,1.075,1.06,1.06,2965190
CDV,20201126,1.06,1.075,1.06,1.07,256593
CDV,20201127,1.075,1.08,1.07,1.08,422694
CDV,20201130,1.07,1.09,1.07,1.09,387547
CDV,20201201,1.08,1.08,1.07,1.075,421169
CDV,20201202,1.075,1.08,1.07,1.075,406226
CDV,20201203,1.08,1.08,1.075,1.075,155702
CDV,20201204,1.075,1.08,1.075,1.075,71517
CDV,20201207,1.08,1.085,1.07,1.08,290925
CDV,20201208,1.08,1.085,1.075,1.08,218909
CDV,20201209,1.08,1.085,1.075,1.085,751883
CDV,20201210,1.07,1.08,1.07,1.07,435675
CDV,20201211,1.08,1.09,1.08,1.085,650064
CDV,20201214,1.09,1.09,1.08,1.08,84871
CDV,20201215,1.08,1.085,1.08,1.08,1128804
CDV,20201216,1.08,1.08,1.07,1.08,406731
CDV,20201217,1.07,1.09,1.07,1.075,1096499
CDV,20201218,1.07,1.08,1.06,1.07,1824190
CDV,20201221,1.06,1.07,1.055,1.055,981911
CDV,20201222,1.06,1.077,1.055,1.075,2598089
CDV,20201224,1.07,1.07,1.07,1.07,0
CDV,20201229,1.07,1.075,1.07,1.075,660639
CDV,20201230,1.075,1.075,1.07,1.075,375062
CDV,20201231,1.07,1.075,1.07,1.075,1087525
CDV,20210104,1.07,1.075,1.07,1.07,1319368
CDV,20210105,1.07,1.075,1.07,1.075,714943
CDV,20210106,1.07,1.075,1.07,1.07,173298
CDV,20210107,1.07,1.075,1.07,1.075,120048
CDV,20210108,1.07,1.075,1.065,1.075,147694
CDV,20210111,1.07,1.07,1.045,1.05,387065
CDV,20210112,1.055,1.08,1.055,1.07,1127844
CDV,20210113,1.07,1.085,1.07,1.08,416543
CDV,20210114,1.075,1.08,1.07,1.07,27343
CDV,20210115,1.07,1.075,1.07,1.07,194204
CDV,20210118,1.07,1.075,1.07,1.07,387017
CDV,20210119,1.07,1.075,1.07,1.07,316658
CDV,20210120,1.07,1.07,1.065,1.065,96304
CDV,20210121,1.07,1.07,1.065,1.065,10274
CDV,20210122,1.07,1.075,1.065,1.065,25499
CDV,20210125,1.065,1.07,1.065,1.065,144638
CDV,20210127,1.065,1.07,1.065,1.065,28381
CDV,20210128,1.065,1.07,1.065,1.065,115074
CDV,20210129,1.065,1.075,1.065,1.065,92338
CDV,20210201,1.065,1.075,1.065,1.065,101888
CDV,20210203,1.065,1.075,1.065,1.075,175286
CDV,20210204,1.075,1.075,1.075,1.075,0
CDV,20210205,1.075,1.075,1.075,1.075,0
CDV,20210208,1.075,1.075,1.075,1.075,0
CDV,20210209,1.075,1.075,1.075,1.075,0
