CLX,20160212,1,1,1,1,0
CLX,20160215,1,1,1,1,0
CLX,20160216,1,1,1,1,2000
CLX,20160217,1,1,0.91,1,71625
CLX,20160218,1,1,0.95,0.95,17915
CLX,20160219,0.95,0.95,0.92,0.95,21065
CLX,20160222,0.965,0.99,0.965,0.99,57086
CLX,20160223,0.98,0.98,0.98,0.98,9081
CLX,20160224,0.98,0.98,0.98,0.98,0
CLX,20160225,0.94,0.945,0.93,0.93,43696
CLX,20160226,0.93,0.97,0.92,0.97,21665
CLX,20160229,0.96,0.96,0.96,0.96,10417
CLX,20160301,0.94,0.94,0.93,0.93,114655
CLX,20160302,0.94,0.94,0.92,0.92,24809
CLX,20160303,0.93,0.93,0.92,0.92,45028
CLX,20160304,0.92,0.92,0.89,0.89,76630
CLX,20160307,0.89,0.9,0.855,0.9,28230
CLX,20160308,0.915,0.915,0.915,0.915,264
CLX,20160309,0.915,0.915,0.915,0.915,0
CLX,20160310,0.89,0.92,0.89,0.92,11000
CLX,20160311,0.9,0.92,0.9,0.92,26000
CLX,20160314,0.92,0.92,0.92,0.92,0
CLX,20160315,0.91,0.91,0.895,0.895,24889
CLX,20160316,0.895,0.895,0.895,0.895,0
CLX,20160317,0.9,0.9,0.895,0.895,28933
CLX,20160318,0.9,0.905,0.895,0.9,18000
CLX,20160321,0.93,0.93,0.89,0.9,117842
CLX,20160322,0.9,0.92,0.9,0.92,45331
CLX,20160323,0.9,0.91,0.89,0.89,60002
CLX,20160324,0.895,0.895,0.85,0.895,96936
CLX,20160329,0.895,0.9,0.88,0.88,292322
CLX,20160330,0.88,0.91,0.88,0.91,231480
CLX,20160331,0.865,0.87,0.865,0.865,19538
CLX,20160401,0.865,0.865,0.865,0.865,9047
CLX,20160404,0.75,0.85,0.75,0.85,4820
CLX,20160405,0.85,0.85,0.85,0.85,551
CLX,20160406,0.85,0.85,0.825,0.825,4538
CLX,20160407,0.825,0.825,0.825,0.825,0
CLX,20160408,0.85,0.85,0.85,0.85,2500
CLX,20160411,0.835,0.835,0.835,0.835,875
CLX,20160412,0.845,0.845,0.845,0.845,2000
CLX,20160413,0.835,0.835,0.82,0.82,10000
CLX,20160414,0.82,0.82,0.82,0.82,2475
CLX,20160415,0.85,0.85,0.82,0.82,14000
CLX,20160418,0.82,0.86,0.82,0.82,7731
CLX,20160419,0.86,0.865,0.82,0.865,32549
CLX,20160420,0.865,0.915,0.865,0.915,120914
CLX,20160421,0.91,0.91,0.89,0.9,2465
CLX,20160422,0.9,0.9,0.89,0.89,9511
CLX,20160426,0.88,0.9,0.88,0.9,30451
CLX,20160427,0.895,0.9,0.89,0.89,27063
CLX,20160428,0.9,0.915,0.89,0.89,37626
CLX,20160429,0.805,0.805,0.705,0.8,104393
CLX,20160502,0.8,0.86,0.8,0.86,20659
CLX,20160503,0.86,0.86,0.86,0.86,0
CLX,20160504,0.86,0.86,0.86,0.86,0
CLX,20160505,0.86,0.86,0.86,0.86,0
CLX,20160506,0.785,0.81,0.785,0.81,8154
CLX,20160509,0.81,0.81,0.81,0.81,0
CLX,20160510,0.81,0.81,0.8,0.8,13788
CLX,20160511,0.82,0.82,0.8,0.8,12462
CLX,20160512,0.78,0.8,0.78,0.8,29000
CLX,20160513,0.8,0.8,0.8,0.8,0
CLX,20160516,0.8,0.8,0.8,0.8,4138
CLX,20160517,0.8,0.8,0.8,0.8,10862
CLX,20160518,0.8,0.8,0.8,0.8,3000
CLX,20160519,0.795,0.8,0.785,0.8,35007
CLX,20160520,0.82,0.82,0.81,0.82,28559
CLX,20160523,0.81,0.81,0.81,0.81,1500
CLX,20160524,0.82,0.82,0.81,0.81,15300
CLX,20160525,0.81,0.82,0.81,0.82,20000
CLX,20160526,0.8,0.8,0.8,0.8,6000
CLX,20160527,0.81,0.81,0.8,0.81,7190
CLX,20160530,0.805,0.805,0.8,0.8,30000
CLX,20160531,0.8,0.8,0.8,0.8,30000
CLX,20160601,0.81,0.81,0.8,0.8,9550
CLX,20160602,0.8,0.8,0.8,0.8,0
CLX,20160603,0.795,0.795,0.79,0.79,7725
CLX,20160606,0.78,0.78,0.78,0.78,3698
CLX,20160607,0.77,0.77,0.75,0.77,8031
CLX,20160608,0.75,0.755,0.75,0.755,26473
CLX,20160609,0.755,0.755,0.73,0.73,40454
CLX,20160610,0.73,0.755,0.73,0.74,21013
CLX,20160614,0.74,0.75,0.74,0.75,5429
CLX,20160615,0.755,0.755,0.755,0.755,2946
CLX,20160616,0.76,0.76,0.755,0.755,5367
CLX,20160617,0.755,0.755,0.755,0.755,0
CLX,20160620,0.755,0.755,0.755,0.755,0
CLX,20160621,0.755,0.755,0.755,0.755,2000
CLX,20160622,0.76,0.76,0.75,0.75,35000
CLX,20160623,0.755,0.78,0.755,0.78,5090
CLX,20160624,0.78,0.78,0.78,0.78,192
CLX,20160627,0.755,0.755,0.755,0.755,158
CLX,20160628,0.755,0.77,0.74,0.77,11023
CLX,20160629,0.75,0.75,0.75,0.75,8649
CLX,20160630,0.75,0.75,0.73,0.73,32228
CLX,20160701,0.735,0.735,0.735,0.735,10000
CLX,20160704,0.735,0.735,0.735,0.735,0
CLX,20160705,0.735,0.735,0.735,0.735,0
CLX,20160706,0.75,0.75,0.75,0.75,300
CLX,20160707,0.75,0.75,0.75,0.75,5400
CLX,20160708,0.75,0.75,0.75,0.75,2600
CLX,20160711,0.75,0.75,0.75,0.75,0
CLX,20160712,0.755,0.76,0.755,0.755,11256
CLX,20160713,0.755,0.755,0.755,0.755,0
CLX,20160714,0.755,0.755,0.755,0.755,0
CLX,20160715,0.755,0.78,0.755,0.78,6460
CLX,20160718,0.85,0.86,0.85,0.85,27781
CLX,20160719,0.85,0.85,0.84,0.84,10150
CLX,20160720,0.84,0.855,0.84,0.855,17200
CLX,20160721,0.87,0.87,0.84,0.84,52044
CLX,20160722,0.85,0.88,0.85,0.88,41149
CLX,20160725,0.89,0.895,0.87,0.87,21787
CLX,20160726,0.87,0.87,0.87,0.87,0
CLX,20160727,0.87,0.87,0.87,0.87,0
CLX,20160728,0.89,0.9,0.89,0.9,30250
CLX,20160729,0.9,0.9,0.9,0.9,0
CLX,20160801,0.93,0.93,0.93,0.93,795
CLX,20160802,0.9,0.9,0.9,0.9,16205
CLX,20160803,0.9,0.9,0.9,0.9,0
CLX,20160804,0.9,0.9,0.9,0.9,13800
CLX,20160805,0.9,0.9,0.9,0.9,0
CLX,20160808,0.9,0.9,0.9,0.9,17000
CLX,20160809,0.89,0.9,0.87,0.9,26112
CLX,20160810,0.88,0.88,0.88,0.88,10000
CLX,20160811,0.88,0.88,0.88,0.88,0
CLX,20160812,0.88,0.88,0.88,0.88,0
CLX,20160815,0.87,0.87,0.87,0.87,3698
CLX,20160816,0.87,0.89,0.87,0.89,22599
CLX,20160817,0.885,0.885,0.885,0.885,1000
CLX,20160818,0.885,0.89,0.885,0.89,35000
CLX,20160822,0.89,0.89,0.89,0.89,0
CLX,20160823,0.89,0.89,0.89,0.89,0
CLX,20160824,0.89,0.89,0.89,0.89,3090
CLX,20160825,0.89,0.89,0.89,0.89,1200
CLX,20160826,0.89,0.89,0.89,0.89,2000
CLX,20160829,0.89,0.89,0.89,0.89,1106
CLX,20160830,0.86,0.89,0.85,0.89,10590
CLX,20160831,0.85,0.85,0.84,0.84,5913
CLX,20160901,0.8,0.8,0.8,0.8,8000
CLX,20160902,0.8,0.8,0.8,0.8,41931
CLX,20160905,0.82,0.84,0.82,0.84,5440
CLX,20160906,0.84,0.84,0.84,0.84,0
CLX,20160907,0.82,0.83,0.81,0.83,40332
CLX,20160908,0.83,0.83,0.83,0.83,0
CLX,20160909,0.825,0.825,0.8,0.8,3729
CLX,20160912,0.825,0.84,0.8,0.8,7800
CLX,20160913,0.81,0.81,0.8,0.8,10642
CLX,20160914,0.8,0.8,0.8,0.8,0
CLX,20160915,0.8,0.8,0.8,0.8,0
CLX,20160916,0.8,0.8,0.8,0.8,0
CLX,20160919,0.84,0.84,0.84,0.84,1500
CLX,20160920,0.84,0.84,0.84,0.84,0
CLX,20160921,0.84,0.88,0.84,0.88,30000
CLX,20160922,0.88,0.88,0.88,0.88,0
CLX,20160923,0.81,0.81,0.8,0.8,11000
CLX,20160926,0.8,0.8,0.8,0.8,0
CLX,20160927,0.82,0.82,0.82,0.82,1140
CLX,20160928,0.83,0.83,0.83,0.83,8114
CLX,20160929,0.845,0.845,0.83,0.84,6000
CLX,20160930,0.83,0.83,0.83,0.83,3000
CLX,20161003,0.83,0.83,0.83,0.83,0
CLX,20161004,0.83,0.83,0.83,0.83,48500
CLX,20161005,0.83,0.83,0.83,0.83,40000
CLX,20161006,0.875,0.875,0.875,0.875,3500
CLX,20161007,0.83,0.83,0.83,0.83,16200
CLX,20161010,0.83,0.83,0.83,0.83,0
CLX,20161011,0.85,0.85,0.84,0.84,9700
CLX,20161012,0.83,0.83,0.83,0.83,1142
CLX,20161013,0.84,0.84,0.83,0.83,12725
CLX,20161014,0.805,0.805,0.805,0.805,777
CLX,20161017,0.82,0.82,0.82,0.82,14569
CLX,20161018,0.82,0.82,0.8,0.8,15552
CLX,20161019,0.79,0.79,0.79,0.79,6661
CLX,20161020,0.78,0.78,0.77,0.77,28948
CLX,20161021,0.75,0.78,0.725,0.78,39344
CLX,20161024,0.78,0.78,0.78,0.78,0
CLX,20161025,0.79,0.79,0.79,0.79,5800
CLX,20161026,0.79,0.8,0.79,0.8,10450
CLX,20161027,0.81,0.81,0.79,0.79,10000
CLX,20161028,0.8,0.8,0.8,0.8,5500
CLX,20161031,0.83,0.83,0.83,0.83,7000
CLX,20161101,0.82,0.82,0.8,0.8,15000
CLX,20161102,0.8,0.8,0.8,0.8,15000
CLX,20161103,0.83,0.87,0.83,0.87,7768
CLX,20161104,0.84,0.84,0.84,0.84,11200
CLX,20161107,0.84,0.84,0.84,0.84,0
CLX,20161108,0.8,0.8,0.8,0.8,500
CLX,20161109,0.85,0.85,0.85,0.85,600
CLX,20161110,0.85,0.86,0.85,0.86,10000
CLX,20161111,0.86,0.86,0.86,0.86,0
CLX,20161114,0.86,0.86,0.86,0.86,0
CLX,20161115,0.82,0.82,0.81,0.81,5000
CLX,20161116,0.81,0.81,0.81,0.81,0
CLX,20161117,0.84,0.84,0.84,0.84,11000
CLX,20161118,0.82,0.82,0.82,0.82,15000
CLX,20161121,0.82,0.82,0.82,0.82,0
CLX,20161122,0.82,0.82,0.81,0.81,6118
CLX,20161123,0.81,0.81,0.81,0.81,0
CLX,20161124,0.82,0.82,0.82,0.82,12000
CLX,20161125,0.82,0.82,0.82,0.82,13000
CLX,20161128,0.77,0.775,0.77,0.775,80000
CLX,20161129,0.82,0.82,0.82,0.82,4979
CLX,20161130,0.82,0.82,0.82,0.82,24000
CLX,20161201,0.82,0.82,0.81,0.81,12625
CLX,20161202,0.8,0.82,0.8,0.82,8001
CLX,20161205,0.8,0.82,0.8,0.82,7276
CLX,20161206,0.82,0.82,0.82,0.82,15343
CLX,20161207,0.82,0.82,0.82,0.82,0
CLX,20161208,0.84,0.845,0.84,0.845,20000
CLX,20161209,0.845,0.845,0.845,0.845,0
CLX,20161212,0.84,0.845,0.825,0.825,33000
CLX,20161213,0.82,0.82,0.82,0.82,1922
CLX,20161214,0.82,0.82,0.82,0.82,12183
CLX,20161215,0.83,0.83,0.81,0.81,7000
CLX,20161216,0.81,0.81,0.81,0.81,5646
CLX,20161219,0.81,0.81,0.81,0.81,0
CLX,20161220,0.81,0.81,0.81,0.81,9118
CLX,20161221,0.81,0.81,0.81,0.81,0
CLX,20161222,0.83,0.86,0.83,0.86,76731
CLX,20161223,0.85,0.85,0.85,0.85,6000
CLX,20161228,0.85,0.85,0.85,0.85,8300
CLX,20161229,0.855,0.88,0.85,0.88,28901
CLX,20161230,0.88,0.88,0.88,0.88,1000
CLX,20170103,0.88,0.89,0.88,0.89,20632
CLX,20170104,0.88,0.88,0.88,0.88,3355
CLX,20170105,0.91,0.91,0.89,0.89,2069
CLX,20170106,0.89,0.89,0.89,0.89,0
CLX,20170109,0.89,0.89,0.89,0.89,0
CLX,20170110,0.89,0.89,0.86,0.86,15870
CLX,20170111,0.85,0.85,0.85,0.85,10794
CLX,20170112,0.85,0.85,0.85,0.85,0
CLX,20170113,0.87,0.87,0.84,0.87,21147
CLX,20170116,0.9,0.9,0.87,0.87,40632
CLX,20170117,0.87,0.87,0.87,0.87,4508
CLX,20170118,0.87,0.87,0.87,0.87,0
CLX,20170119,0.88,0.88,0.88,0.88,5600
CLX,20170120,0.88,0.88,0.88,0.88,0
CLX,20170123,0.88,0.88,0.87,0.87,14000
CLX,20170124,0.85,0.86,0.85,0.86,8557
CLX,20170125,0.86,0.86,0.86,0.86,0
CLX,20170127,0.86,0.86,0.85,0.85,13954
CLX,20170130,0.85,0.85,0.85,0.85,4590
CLX,20170131,0.85,0.85,0.85,0.85,61
CLX,20170201,0.85,0.85,0.85,0.85,0
CLX,20170202,0.85,0.85,0.85,0.85,500
CLX,20170203,0.85,0.85,0.85,0.85,0
CLX,20170206,0.85,0.85,0.815,0.815,18358
CLX,20170207,0.815,0.85,0.815,0.85,12000
CLX,20170208,0.85,0.85,0.85,0.85,0
CLX,20170209,0.85,0.85,0.85,0.85,0
CLX,20170210,0.85,0.85,0.85,0.85,0
CLX,20170213,0.83,0.83,0.83,0.83,6892
CLX,20170214,0.83,0.83,0.83,0.83,0
CLX,20170215,0.825,0.825,0.825,0.825,2000
CLX,20170216,0.825,0.825,0.825,0.825,0
CLX,20170217,0.825,0.825,0.825,0.825,0
CLX,20170220,0.79,0.8,0.79,0.8,5406
CLX,20170221,0.8,0.805,0.8,0.805,3590
CLX,20170222,0.805,0.83,0.805,0.83,8085
CLX,20170223,0.835,0.9,0.83,0.86,48085
CLX,20170224,0.87,0.92,0.87,0.91,65841
CLX,20170227,0.91,0.91,0.91,0.91,25494
CLX,20170228,0.9,0.9,0.9,0.9,39912
CLX,20170301,0.86,0.86,0.86,0.86,60
CLX,20170302,0.86,0.86,0.86,0.86,0
CLX,20170303,0.86,0.86,0.85,0.86,20555
CLX,20170306,0.86,0.86,0.86,0.86,0
CLX,20170307,0.86,0.86,0.86,0.86,0
CLX,20170308,0.88,0.88,0.81,0.81,40182
CLX,20170309,0.84,0.84,0.8,0.8,8629
CLX,20170310,0.8,0.8,0.78,0.78,4508
CLX,20170313,0.82,0.82,0.78,0.78,66659
CLX,20170314,0.81,0.81,0.81,0.81,1900
CLX,20170315,0.82,0.82,0.785,0.785,32608
CLX,20170316,0.785,0.785,0.785,0.785,0
CLX,20170317,0.785,0.785,0.785,0.785,0
CLX,20170320,0.785,0.785,0.785,0.785,0
CLX,20170321,0.8,0.8,0.79,0.79,11301
CLX,20170322,0.79,0.79,0.79,0.79,0
CLX,20170323,0.79,0.82,0.785,0.82,13667
CLX,20170324,0.82,0.82,0.82,0.82,0
CLX,20170327,0.8,0.8,0.8,0.8,625
CLX,20170328,0.785,0.785,0.785,0.785,4500
CLX,20170329,0.79,0.8,0.79,0.8,21000
CLX,20170330,0.79,0.79,0.745,0.75,49377
CLX,20170331,0.75,0.75,0.75,0.75,6000
CLX,20170403,0.75,0.75,0.75,0.75,0
CLX,20170404,0.77,0.77,0.75,0.75,16613
CLX,20170405,0.75,0.75,0.75,0.75,21260
CLX,20170406,0.78,0.785,0.755,0.755,3735
CLX,20170407,0.76,0.765,0.76,0.76,10374
CLX,20170410,0.76,0.76,0.76,0.76,3652
CLX,20170411,0.755,0.755,0.755,0.755,730
CLX,20170412,0.755,0.755,0.75,0.75,22083
CLX,20170413,0.75,0.76,0.75,0.76,9220
CLX,20170418,0.72,0.72,0.72,0.72,1500
CLX,20170419,0.72,0.72,0.72,0.72,1000
CLX,20170420,0.75,0.75,0.75,0.75,1000
CLX,20170421,0.74,0.74,0.74,0.74,7000
CLX,20170424,0.74,0.74,0.73,0.74,10863
CLX,20170426,0.73,0.73,0.71,0.71,33264
CLX,20170427,0.71,0.71,0.7,0.7,32384
CLX,20170428,0.7,0.7,0.7,0.7,0
CLX,20170501,0.74,0.74,0.74,0.74,1086
CLX,20170502,0.71,0.71,0.71,0.71,4069
CLX,20170503,0.71,0.71,0.71,0.71,4414
CLX,20170504,0.71,0.71,0.71,0.71,0
CLX,20170505,0.71,0.71,0.71,0.71,0
CLX,20170508,0.71,0.71,0.71,0.71,0
CLX,20170509,0.72,0.73,0.71,0.73,13000
CLX,20170510,0.73,0.73,0.73,0.73,1000
CLX,20170511,0.71,0.71,0.71,0.71,4313
CLX,20170512,0.71,0.71,0.71,0.71,0
CLX,20170515,0.71,0.71,0.71,0.71,0
CLX,20170516,0.71,0.71,0.71,0.71,0
CLX,20170517,0.74,0.75,0.715,0.75,18395
CLX,20170518,0.75,0.75,0.75,0.75,0
CLX,20170519,0.75,0.75,0.75,0.75,0
CLX,20170522,0.75,0.75,0.75,0.75,0
CLX,20170523,0.77,0.77,0.75,0.75,5204
CLX,20170524,0.75,0.75,0.75,0.75,0
CLX,20170525,0.75,0.75,0.75,0.75,0
CLX,20170526,0.75,0.75,0.75,0.75,15000
CLX,20170529,0.75,0.77,0.75,0.77,2196023
CLX,20170530,0.77,0.83,0.77,0.785,155032
CLX,20170531,0.79,0.79,0.79,0.79,15323
CLX,20170601,0.81,0.845,0.8,0.845,99905
CLX,20170602,0.85,0.85,0.83,0.83,27560
CLX,20170605,0.83,0.83,0.83,0.83,2532
CLX,20170606,0.83,0.83,0.82,0.82,14939
CLX,20170607,0.83,0.83,0.83,0.83,24000
CLX,20170608,0.83,0.83,0.83,0.83,5300
CLX,20170609,0.83,0.83,0.83,0.83,3000
CLX,20170613,0.83,0.84,0.83,0.84,5224
CLX,20170614,0.84,0.84,0.84,0.84,0
CLX,20170615,0.83,0.84,0.83,0.84,35000
CLX,20170616,0.83,0.83,0.83,0.83,9758
CLX,20170619,0.81,0.81,0.8,0.8,19954
CLX,20170620,0.8,0.8,0.8,0.8,0
CLX,20170621,0.8,0.8,0.8,0.8,0
CLX,20170622,0.82,0.83,0.82,0.83,11000
CLX,20170623,0.81,0.83,0.81,0.83,37760
CLX,20170626,0.83,0.83,0.82,0.83,57789
CLX,20170627,0.83,0.83,0.83,0.83,0
CLX,20170628,0.815,0.84,0.815,0.84,78980
CLX,20170629,0.84,0.84,0.84,0.84,0
CLX,20170630,0.84,0.84,0.84,0.84,0
CLX,20170703,0.84,0.84,0.84,0.84,0
CLX,20170704,0.84,0.84,0.84,0.84,0
CLX,20170705,0.84,0.84,0.84,0.84,0
CLX,20170706,0.85,0.915,0.85,0.885,76319
CLX,20170707,0.885,0.9,0.885,0.89,33071
CLX,20170710,0.89,0.96,0.89,0.9,68768
CLX,20170711,0.9,0.92,0.9,0.91,27858
CLX,20170712,0.89,0.89,0.89,0.89,3200
CLX,20170713,0.9,0.91,0.9,0.91,12150
CLX,20170714,0.91,0.91,0.91,0.91,18750
CLX,20170717,0.91,0.94,0.91,0.93,94212
CLX,20170718,0.94,0.94,0.93,0.93,29817
CLX,20170719,0.96,0.96,0.93,0.93,35970
CLX,20170720,0.92,0.92,0.92,0.92,46200
CLX,20170721,0.92,0.92,0.91,0.91,9000
CLX,20170724,0.945,0.97,0.945,0.96,24495
CLX,20170725,0.955,0.955,0.955,0.955,3582
CLX,20170726,0.955,0.955,0.955,0.955,0
CLX,20170727,0.95,0.95,0.95,0.95,10080
CLX,20170728,0.915,0.95,0.915,0.95,22560
CLX,20170731,0.95,0.95,0.915,0.93,14803
CLX,20170801,0.95,0.97,0.95,0.97,25062
CLX,20170802,0.99,1,0.99,1,17611
CLX,20170803,1,1.02,0.99,0.99,19000
CLX,20170804,0.98,1,0.96,0.96,16863
CLX,20170807,0.98,0.98,0.965,0.965,7131
CLX,20170808,0.98,1,0.98,1,11100
CLX,20170809,1,1,0.96,0.96,21170
CLX,20170810,0.96,0.96,0.93,0.94,16340
CLX,20170811,0.94,0.94,0.94,0.94,8000
CLX,20170815,0.92,0.92,0.915,0.915,30651
CLX,20170816,0.925,0.925,0.91,0.91,2200
CLX,20170817,0.91,0.91,0.91,0.91,3000
CLX,20170818,0.91,0.91,0.89,0.89,22286
CLX,20170821,0.91,0.91,0.885,0.885,65445
CLX,20170822,0.885,0.885,0.885,0.885,0
CLX,20170823,0.89,0.89,0.89,0.89,23000
CLX,20170824,0.91,0.91,0.9,0.9,4292
CLX,20170825,0.9,0.9,0.9,0.9,0
CLX,20170828,0.91,0.91,0.91,0.91,2000
CLX,20170829,0.91,0.91,0.91,0.91,0
CLX,20170830,0.91,0.91,0.88,0.9,107517
CLX,20170831,0.945,0.95,0.945,0.95,10042
CLX,20170901,0.95,0.95,0.95,0.95,1000
CLX,20170904,0.94,0.94,0.94,0.94,1238155
CLX,20170905,0.94,0.94,0.94,0.94,0
CLX,20170906,0.94,0.94,0.94,0.94,0
CLX,20170907,0.96,0.96,0.95,0.95,14869
CLX,20170908,0.95,0.95,0.94,0.94,4732
CLX,20170911,0.96,0.965,0.96,0.965,2500
CLX,20170912,0.95,0.96,0.94,0.94,17708
CLX,20170913,0.94,0.94,0.94,0.94,0
CLX,20170914,0.95,0.955,0.95,0.955,36000
CLX,20170915,0.955,0.955,0.955,0.955,0
CLX,20170918,0.96,0.96,0.96,0.96,27052
CLX,20170919,0.96,0.96,0.96,0.96,589
CLX,20170920,0.96,0.96,0.945,0.945,7851
CLX,20170921,0.945,0.945,0.935,0.935,14314
CLX,20170922,0.92,0.935,0.92,0.935,9250
CLX,20170925,0.935,0.935,0.935,0.935,535
CLX,20170926,0.925,0.925,0.92,0.92,18300
CLX,20170927,0.92,0.92,0.9,0.9,112804
CLX,20170928,0.9,0.9,0.9,0.9,0
CLX,20170929,0.9,0.9,0.9,0.9,0
CLX,20171002,0.93,0.93,0.93,0.93,1000
CLX,20171003,0.94,0.94,0.935,0.935,5751
CLX,20171004,0.94,0.94,0.94,0.94,10000
CLX,20171005,0.94,0.965,0.94,0.95,178538
CLX,20171006,0.95,0.95,0.95,0.95,0
CLX,20171009,0.95,0.95,0.95,0.95,0
CLX,20171010,0.955,0.955,0.95,0.95,9785
CLX,20171011,0.97,0.975,0.97,0.975,6454
CLX,20171012,0.99,0.99,0.98,0.98,38707
CLX,20171013,0.98,0.985,0.98,0.985,23010
CLX,20171016,1,1,1,1,510000
CLX,20171017,0.98,1,0.975,1,3500
CLX,20171018,1,1,1,1,10000
CLX,20171019,1,1,1,1,23723
CLX,20171020,1,1,0.985,0.985,20394
CLX,20171023,1,1.04,1,1.04,21029
CLX,20171024,1.04,1.05,1.04,1.05,32014
CLX,20171025,1.05,1.05,1.05,1.05,0
CLX,20171026,1.06,1.1,1.06,1.1,27406
CLX,20171027,1.1,1.1,1.1,1.1,1361749
CLX,20171030,1.1,1.15,1.09,1.15,170281
CLX,20171031,1.16,1.16,1.12,1.12,28606
CLX,20171101,1.13,1.13,1.12,1.12,2000
CLX,20171102,1.15,1.155,1.15,1.155,10500
CLX,20171103,1.13,1.15,1.115,1.12,85718
CLX,20171106,1.12,1.12,1.055,1.075,23764
CLX,20171107,1.04,1.065,1.04,1.065,10605
CLX,20171108,1.065,1.085,1.065,1.085,7121
CLX,20171109,1.085,1.085,1.085,1.085,0
CLX,20171110,1.085,1.085,1.085,1.085,0
CLX,20171113,1.04,1.04,1.035,1.04,217294
CLX,20171114,1.04,1.04,1.04,1.04,6200
CLX,20171115,1.04,1.04,1.04,1.04,0
CLX,20171116,1.06,1.06,1.035,1.035,70666
CLX,20171117,1.095,1.1,1.095,1.1,51927
CLX,20171120,1.1,1.1,1.08,1.09,7200
CLX,20171121,1.09,1.09,1.08,1.08,516
CLX,20171122,1.08,1.08,1.05,1.05,12803
CLX,20171123,1.065,1.065,1.06,1.06,30200
CLX,20171124,1.07,1.1,1.07,1.1,108458
CLX,20171127,1.11,1.12,1.11,1.12,5880
CLX,20171128,1.1,1.1,1.085,1.09,26050
CLX,20171129,1.095,1.12,1.09,1.12,190234
CLX,20171130,1.12,1.12,1.12,1.12,0
CLX,20171201,1.105,1.105,1.1,1.1,3017
CLX,20171204,1.1,1.13,1.1,1.13,11132
CLX,20171205,1.13,1.14,1.13,1.14,56471
CLX,20171206,1.1,1.1,1.1,1.1,1200
CLX,20171207,1.1,1.105,1.1,1.105,12239
CLX,20171208,1.105,1.105,1.105,1.105,10000
CLX,20171211,1.12,1.12,1.12,1.12,6000
CLX,20171212,1.15,1.15,1.15,1.15,25485
CLX,20171213,1.16,1.16,1.155,1.16,27953
CLX,20171214,1.16,1.16,1.16,1.16,0
CLX,20171215,1.15,1.155,1.145,1.145,9054
CLX,20171218,1.145,1.145,1.145,1.145,0
CLX,20171219,1.155,1.16,1.145,1.15,21738
CLX,20171220,1.15,1.15,1.15,1.15,0
CLX,20171221,1.15,1.165,1.15,1.165,44371
CLX,20171222,1.175,1.175,1.175,1.175,2000
CLX,20171227,1.175,1.175,1.175,1.175,0
CLX,20171228,1.175,1.175,1.175,1.175,0
CLX,20171229,1.165,1.165,1.165,1.165,1301
CLX,20180102,1.19,1.195,1.18,1.18,13748
CLX,20180103,1.17,1.195,1.165,1.195,17837
CLX,20180104,1.175,1.175,1.17,1.17,10000
CLX,20180105,1.17,1.17,1.16,1.16,12261
CLX,20180108,1.16,1.16,1.1,1.14,69776
CLX,20180109,1.11,1.115,1.1,1.1,329916
CLX,20180110,1.1,1.1,1.1,1.1,0
CLX,20180111,1.1,1.1,1.1,1.1,0
CLX,20180112,1.115,1.14,1.115,1.14,113171
CLX,20180115,1.175,1.18,1.175,1.18,20837
CLX,20180116,1.18,1.18,1.18,1.18,0
CLX,20180117,1.18,1.18,1.18,1.18,0
CLX,20180118,1.17,1.17,1.16,1.16,5000
CLX,20180119,1.16,1.16,1.16,1.16,0
CLX,20180122,1.18,1.18,1.165,1.18,38077
CLX,20180123,1.18,1.18,1.175,1.175,80126
CLX,20180124,1.175,1.18,1.165,1.165,120000
CLX,20180125,1.165,1.165,1.165,1.165,0
CLX,20180129,1.165,1.165,1.165,1.165,0
CLX,20180130,1.16,1.16,1.15,1.15,7582
CLX,20180131,1.15,1.15,1.13,1.135,55100
CLX,20180201,1.16,1.16,1.16,1.16,19918
CLX,20180202,1.175,1.175,1.175,1.175,4500
CLX,20180205,1.175,1.175,1.105,1.125,119721
CLX,20180207,1.13,1.13,1.13,1.13,2740
CLX,20180208,1.13,1.13,1.13,1.13,0
CLX,20180209,1.12,1.12,1.12,1.12,830
CLX,20180212,1.12,1.13,1.12,1.13,7182
CLX,20180213,1.13,1.13,1.13,1.13,0
CLX,20180214,1.13,1.13,1.13,1.13,0
CLX,20180215,1.13,1.13,1.13,1.13,0
CLX,20180216,1.13,1.13,1.12,1.12,20600
CLX,20180219,1.12,1.12,1.1,1.12,20000
CLX,20180220,1.12,1.15,1.12,1.15,28374
CLX,20180221,1.155,1.155,1.1,1.11,34526
CLX,20180222,1.125,1.13,1.125,1.13,24974
CLX,20180223,1.13,1.135,1.12,1.135,38085
CLX,20180226,1.135,1.135,1.135,1.135,2670
CLX,20180227,1.135,1.135,1.12,1.135,26819
CLX,20180228,1.135,1.14,1.135,1.14,15692
CLX,20180301,1.12,1.14,1.12,1.14,10900
CLX,20180302,1.125,1.13,1.125,1.13,2201
CLX,20180305,1.115,1.115,1.095,1.1,51229
CLX,20180306,1.105,1.105,1.1,1.1,18000
CLX,20180307,1.11,1.11,1.11,1.11,6000
CLX,20180308,1.11,1.11,1.11,1.11,0
CLX,20180309,1.12,1.135,1.12,1.12,40257
CLX,20180312,1.12,1.12,1.12,1.12,10830
CLX,20180313,1.12,1.12,1.12,1.12,0
CLX,20180314,1.12,1.12,1.1,1.12,59830
CLX,20180315,1.13,1.13,1.105,1.105,310107
CLX,20180316,1.11,1.11,1.11,1.11,4000
CLX,20180319,1.11,1.11,1.11,1.11,1000
CLX,20180320,1.11,1.11,1.11,1.11,0
CLX,20180321,1.115,1.115,1.115,1.115,4500
CLX,20180322,1.115,1.115,1.115,1.115,0
CLX,20180323,1.115,1.12,1.115,1.115,22577
CLX,20180326,1.12,1.12,1.12,1.12,9065
CLX,20180327,1.12,1.12,1.12,1.12,0
CLX,20180328,1.12,1.12,1.12,1.12,0
CLX,20180329,1.12,1.12,1.12,1.12,3400
CLX,20180403,1.105,1.105,1.105,1.105,13651
CLX,20180404,1.11,1.11,1.11,1.11,6000
CLX,20180405,1.11,1.11,1.11,1.11,0
CLX,20180406,1.11,1.11,1.105,1.105,4440
CLX,20180409,1.105,1.105,1.105,1.105,0
CLX,20180410,1.1,1.1,1.1,1.1,13199
CLX,20180411,1.1,1.1,1.09,1.1,10275
CLX,20180412,1.1,1.1,1.1,1.1,7000
CLX,20180413,1.11,1.11,1.11,1.11,875
CLX,20180416,1.1,1.1,1.085,1.085,5600
CLX,20180417,1.085,1.085,1.08,1.08,6267
CLX,20180418,1.08,1.08,1.07,1.07,15000
CLX,20180419,1.08,1.08,1.07,1.07,31245
CLX,20180420,1.075,1.08,1.075,1.08,35385
CLX,20180423,1.095,1.095,1.095,1.095,976300
CLX,20180424,1.095,1.095,1.095,1.095,0
CLX,20180426,1.095,1.095,1.095,1.095,0
CLX,20180427,1.07,1.075,1.06,1.075,3943
CLX,20180430,1.06,1.06,1.06,1.06,3550
CLX,20180501,1.06,1.06,1.05,1.05,54413
CLX,20180502,1.025,1.03,1.01,1.03,11294
CLX,20180503,1.03,1.04,1.03,1.04,6206
CLX,20180504,1.04,1.04,1.04,1.04,0
CLX,20180507,1.03,1.04,1.01,1.01,10774
CLX,20180508,1.02,1.02,1,1.02,22818
CLX,20180509,1.02,1.02,1.02,1.02,0
CLX,20180510,1.02,1.02,1.01,1.01,33790
CLX,20180511,1.02,1.02,0.96,0.98,54661
CLX,20180514,0.96,1.02,0.96,1.02,23490
CLX,20180515,1.02,1.03,1.02,1.03,3500
CLX,20180516,1.03,1.03,1.03,1.03,0
CLX,20180517,1.03,1.03,1.03,1.03,2000
CLX,20180518,1.03,1.03,1.03,1.03,0
CLX,20180521,1.03,1.03,1.03,1.03,0
CLX,20180522,1.03,1.03,1,1,185729
CLX,20180523,1,1,1,1,0
CLX,20180524,1,1,1,1,21397
CLX,20180525,1.005,1.005,1,1,15000
CLX,20180528,1,1,1,1,0
CLX,20180529,0.975,1,0.975,1,53997
CLX,20180530,1,1,1,1,0
CLX,20180531,1,1,1,1,0
CLX,20180601,1.005,1.005,1.005,1.005,10000
CLX,20180604,1.005,1.005,1.005,1.005,0
CLX,20180605,1.06,1.06,1.06,1.06,2500
CLX,20180606,1.07,1.07,1.07,1.07,103
CLX,20180607,1.1,1.115,1.08,1.08,3617
CLX,20180608,1.08,1.08,1.08,1.08,0
CLX,20180612,1.035,1.035,1.035,1.035,500
CLX,20180613,1.035,1.035,1.03,1.03,5722
CLX,20180614,1.035,1.05,1.035,1.05,24382
CLX,20180615,1.05,1.05,1.05,1.05,0
CLX,20180618,1.05,1.05,1.05,1.05,50000
CLX,20180619,1.08,1.08,1.08,1.08,1200
CLX,20180620,1.08,1.08,1.08,1.08,0
CLX,20180621,1.09,1.09,1.09,1.09,1000
CLX,20180622,1.095,1.095,1.08,1.08,15049
CLX,20180625,1.05,1.08,1.05,1.08,10426
CLX,20180626,1.08,1.08,1.08,1.08,0
CLX,20180627,1.08,1.08,1.08,1.08,0
CLX,20180628,1.06,1.06,1.03,1.05,15647
CLX,20180629,1.05,1.05,1.05,1.05,770
CLX,20180702,1.07,1.09,1.07,1.09,5000
CLX,20180703,1.09,1.09,1.09,1.09,0
CLX,20180704,1.07,1.09,1.045,1.045,23521
CLX,20180705,1.045,1.045,1.045,1.045,0
CLX,20180706,1.045,1.05,1.045,1.05,1500
CLX,20180710,1.1,1.1,1.1,1.1,10555
CLX,20180711,1.12,1.14,1.12,1.14,18000
CLX,20180712,1.16,1.16,1.13,1.13,38611
CLX,20180713,1.145,1.145,1.145,1.145,15000
CLX,20180716,1.12,1.12,1.12,1.12,2500
CLX,20180717,1.12,1.12,1.12,1.12,7500
CLX,20180718,1.12,1.12,1.12,1.12,0
CLX,20180719,1.12,1.12,1.12,1.12,0
CLX,20180720,1.12,1.125,1.12,1.125,5940
CLX,20180723,1.125,1.125,1.12,1.12,1500
CLX,20180724,1.115,1.115,1.115,1.115,1000
CLX,20180725,1.115,1.115,1.115,1.115,0
CLX,20180726,1.06,1.06,1.06,1.06,5000
CLX,20180727,1.05,1.055,1.05,1.055,4876
CLX,20180730,1.05,1.05,1.04,1.04,15000
CLX,20180731,1.04,1.05,1.03,1.05,2482
CLX,20180801,1.05,1.07,1.05,1.07,2000
CLX,20180802,1.04,1.04,1.04,1.04,2508
CLX,20180803,1.04,1.04,1.04,1.04,2504
CLX,20180806,1.04,1.04,1.03,1.04,8191
CLX,20180807,1.04,1.04,1.015,1.015,60440
CLX,20180808,1.015,1.02,1.015,1.02,1478
CLX,20180809,1.05,1.065,1.05,1.065,12838
CLX,20180810,1.07,1.07,1.07,1.07,5000
CLX,20180813,1.07,1.09,1.07,1.09,5500
CLX,20180814,1.09,1.09,1.09,1.09,0
CLX,20180816,1.09,1.09,1.09,1.09,0
CLX,20180817,1.09,1.09,1.09,1.09,0
CLX,20180820,1.09,1.09,1.09,1.09,0
CLX,20180821,1.09,1.09,1.09,1.09,0
CLX,20180822,1.09,1.09,1.09,1.09,0
CLX,20180823,1.075,1.075,1.045,1.06,65586
CLX,20180824,1.05,1.055,1.05,1.05,24762
CLX,20180827,1.05,1.05,1.02,1.02,17348
CLX,20180828,1.025,1.025,1.025,1.025,3000
CLX,20180829,1.025,1.025,1.025,1.025,0
CLX,20180830,1.025,1.03,1.02,1.03,11763
CLX,20180831,1.05,1.05,1.05,1.05,6630
CLX,20180903,1.02,1.02,1.02,1.02,3094
CLX,20180904,1.02,1.05,1,1,25110
CLX,20180905,0.99,1.045,0.96,1.02,76279
CLX,20180906,1.02,1.02,1.02,1.02,1660
CLX,20180907,1.02,1.02,1.02,1.02,0
CLX,20180910,1.03,1.03,1.03,1.03,1000
CLX,20180913,1.035,1.035,1.035,1.035,0
CLX,20180914,1.035,1.035,1.035,1.035,0
CLX,20180917,1.04,1.04,1.03,1.03,46676
CLX,20180918,1.03,1.03,1.03,1.03,0
CLX,20180919,1.03,1.03,1.03,1.03,1000
CLX,20180920,1.03,1.03,1.03,1.03,0
CLX,20180921,1.035,1.035,1.03,1.03,10618
CLX,20180924,1.035,1.035,1.03,1.03,3109
CLX,20180925,1.03,1.03,1.03,1.03,0
CLX,20180926,1.04,1.04,1.03,1.03,15226
CLX,20180927,1.03,1.03,1.03,1.03,0
CLX,20180928,1.03,1.03,1.03,1.03,10000
CLX,20181001,1.03,1.03,1.03,1.03,5000
CLX,20181002,1.03,1.03,1.03,1.03,0
CLX,20181003,1.03,1.03,1.03,1.03,21814
CLX,20181004,1.03,1.03,1.03,1.03,4260
CLX,20181005,1.03,1.03,1.03,1.03,2760
CLX,20181008,1.04,1.04,1.015,1.015,73620
CLX,20181009,1.015,1.015,1.015,1.015,1000
CLX,20181010,1.015,1.015,1.015,1.015,16000
CLX,20181011,1.015,1.015,1.015,1.015,0
CLX,20181012,1.01,1.01,0.995,0.995,34312
CLX,20181015,0.98,0.98,0.98,0.98,470
CLX,20181016,0.98,0.98,0.97,0.97,10000
CLX,20181017,0.97,0.97,0.97,0.97,0
CLX,20181018,0.97,1,0.97,1,5531
CLX,20181019,0.995,1,0.995,1,27000
CLX,20181022,1,1,1,1,0
CLX,20181023,1,1,1,1,0
CLX,20181024,1,1,1,1,0
CLX,20181025,1,1,0.96,0.96,26750
CLX,20181026,1,1,1,1,5230
CLX,20181030,0.96,0.96,0.96,0.96,0
CLX,20181031,0.96,0.96,0.96,0.96,0
CLX,20181101,0.96,0.96,0.96,0.96,0
CLX,20181102,0.94,0.94,0.94,0.94,1000
CLX,20181105,0.94,0.94,0.94,0.94,0
CLX,20181106,0.94,0.94,0.94,0.94,486
CLX,20181107,0.94,0.95,0.91,0.91,29668
CLX,20181108,0.91,0.91,0.91,0.91,0
CLX,20181109,0.93,0.93,0.93,0.93,4000
CLX,20181112,0.91,0.92,0.91,0.92,13429
CLX,20181113,0.92,0.92,0.92,0.92,0
CLX,20181114,0.92,0.92,0.92,0.92,0
CLX,20181115,0.89,0.92,0.88,0.92,11500
CLX,20181116,0.92,0.92,0.91,0.91,9952
CLX,20181119,0.91,0.91,0.91,0.91,3276
CLX,20181120,0.9,0.9,0.9,0.9,12858
CLX,20181121,0.9,0.9,0.9,0.9,0
CLX,20181122,0.9,0.9,0.9,0.9,0
CLX,20181123,0.9,0.9,0.88,0.88,11142
CLX,20181126,0.885,0.9,0.885,0.9,3672
CLX,20181127,0.9,0.9,0.9,0.9,0
CLX,20181128,0.9,0.9,0.9,0.9,0
CLX,20181129,0.88,0.88,0.87,0.87,14368
CLX,20181130,0.87,0.87,0.87,0.87,0
CLX,20181203,0.87,0.87,0.87,0.87,230
CLX,20181204,0.87,0.87,0.87,0.87,0
CLX,20181205,0.87,0.87,0.87,0.87,0
CLX,20181206,0.87,0.905,0.87,0.9,39681
CLX,20181207,0.9,0.94,0.9,0.94,8900
CLX,20181210,0.94,0.94,0.94,0.94,0
CLX,20181211,0.94,0.94,0.94,0.94,3500
CLX,20181212,0.94,0.94,0.94,0.94,21683
CLX,20181213,0.94,0.94,0.94,0.94,0
CLX,20181214,0.9,0.9,0.9,0.9,999
CLX,20181217,0.835,0.835,0.835,0.835,854
CLX,20181218,0.855,0.9,0.855,0.9,2788
CLX,20181219,0.9,0.9,0.9,0.9,6252
CLX,20181220,0.905,0.905,0.85,0.85,20500
CLX,20181221,0.855,0.855,0.85,0.85,5225
CLX,20181224,0.85,0.85,0.85,0.85,0
CLX,20181227,0.85,0.85,0.85,0.85,300
CLX,20181228,0.85,0.85,0.85,0.85,0
CLX,20181231,0.85,0.85,0.85,0.85,0
CLX,20190102,0.85,0.85,0.85,0.85,0
CLX,20190103,0.85,0.85,0.85,0.85,0
CLX,20190104,0.85,0.85,0.85,0.85,0
CLX,20190107,0.85,0.85,0.85,0.85,0
CLX,20190108,0.85,0.85,0.85,0.85,0
CLX,20190109,0.875,0.875,0.875,0.875,1140
CLX,20190110,0.9,0.9,0.9,0.9,3116
CLX,20190111,0.9,0.9,0.9,0.9,0
CLX,20190114,0.9,0.9,0.9,0.9,5312
CLX,20190115,0.9,0.9,0.9,0.9,0
CLX,20190116,0.9,0.9,0.9,0.9,6572
CLX,20190117,0.9,0.9,0.9,0.9,21955
CLX,20190118,0.9,0.9,0.9,0.9,0
CLX,20190121,0.9,0.9,0.9,0.9,0
CLX,20190122,0.9,0.9,0.9,0.9,0
CLX,20190123,0.9,0.9,0.9,0.9,18967
CLX,20190124,0.9,0.95,0.9,0.95,4595
CLX,20190125,0.98,0.98,0.98,0.98,10638
CLX,20190129,0.98,0.98,0.98,0.98,0
CLX,20190130,0.98,0.98,0.98,0.98,0
CLX,20190131,0.98,0.98,0.98,0.98,0
CLX,20190201,0.98,0.98,0.98,0.98,0
CLX,20190204,0.99,0.99,0.99,0.99,310
CLX,20190205,0.98,0.98,0.98,0.98,20000
CLX,20190206,0.98,0.985,0.98,0.985,5190
CLX,20190207,0.985,0.985,0.985,0.985,0
CLX,20190208,0.925,0.925,0.905,0.905,25000
CLX,20190211,0.91,0.91,0.91,0.91,82
CLX,20190212,0.91,0.91,0.91,0.91,0
CLX,20190213,0.95,0.95,0.95,0.95,110
CLX,20190214,0.88,0.88,0.88,0.88,12000
CLX,20190215,0.88,0.88,0.88,0.88,1972
CLX,20190218,0.88,0.88,0.875,0.875,5092
CLX,20190219,0.875,0.875,0.86,0.86,1877
CLX,20190220,0.8,0.8,0.8,0.8,8123
CLX,20190221,0.8,0.8,0.8,0.8,0
CLX,20190222,0.815,0.82,0.815,0.815,12000
CLX,20190225,0.815,0.815,0.815,0.815,0
CLX,20190226,0.815,0.84,0.815,0.84,29744
CLX,20190227,0.84,0.9,0.84,0.85,41000
CLX,20190228,0.85,0.85,0.85,0.85,0
CLX,20190301,0.85,0.85,0.85,0.85,0
CLX,20190304,0.86,0.86,0.86,0.86,100
CLX,20190305,0.85,0.85,0.85,0.85,9471
CLX,20190306,0.825,0.825,0.81,0.81,5836
CLX,20190307,0.81,0.81,0.81,0.81,0
CLX,20190308,0.845,0.845,0.84,0.84,1300
CLX,20190311,0.84,0.84,0.84,0.84,0
CLX,20190312,0.84,0.84,0.84,0.84,0
CLX,20190313,0.84,0.84,0.84,0.84,0
CLX,20190314,0.82,0.82,0.82,0.82,8000
CLX,20190315,0.85,0.85,0.82,0.82,11274
CLX,20190318,0.82,0.82,0.82,0.82,0
CLX,20190319,0.82,0.82,0.82,0.82,0
CLX,20190320,0.83,0.83,0.83,0.83,2071
CLX,20190321,0.85,0.85,0.85,0.85,2346
CLX,20190322,0.85,0.85,0.83,0.83,4633
CLX,20190325,0.83,0.83,0.83,0.83,0
CLX,20190326,0.83,0.83,0.83,0.83,0
CLX,20190327,0.83,0.83,0.83,0.83,0
CLX,20190328,0.85,0.85,0.85,0.85,6200
CLX,20190329,0.83,0.85,0.83,0.83,9023
CLX,20190401,0.805,0.805,0.805,0.805,1630
CLX,20190402,0.805,0.805,0.805,0.805,0
CLX,20190403,0.805,0.805,0.805,0.805,0
CLX,20190404,0.805,0.805,0.805,0.805,0
CLX,20190405,0.805,0.805,0.805,0.805,0
CLX,20190408,0.815,0.815,0.815,0.815,3091
CLX,20190409,0.82,0.82,0.805,0.805,9300
CLX,20190410,0.81,0.815,0.81,0.815,3288
CLX,20190411,0.815,0.815,0.815,0.815,0
CLX,20190412,0.815,0.815,0.815,0.815,0
CLX,20190415,0.815,0.815,0.815,0.815,0
CLX,20190416,0.815,0.815,0.815,0.815,0
CLX,20190417,0.815,0.815,0.815,0.815,0
CLX,20190418,0.895,0.895,0.895,0.895,6200
CLX,20190423,0.895,0.895,0.895,0.895,0
CLX,20190424,0.895,0.895,0.895,0.895,0
CLX,20190426,0.895,0.895,0.895,0.895,0
CLX,20190429,0.825,0.825,0.825,0.825,627
CLX,20190430,0.845,0.845,0.825,0.825,4394
CLX,20190501,0.845,0.845,0.845,0.845,2939
CLX,20190502,0.83,0.83,0.83,0.83,996
CLX,20190503,0.83,0.83,0.825,0.825,2509
CLX,20190506,0.825,0.825,0.825,0.825,1704
CLX,20190507,0.825,0.825,0.825,0.825,0
CLX,20190508,0.825,0.825,0.81,0.81,10000
CLX,20190509,0.81,0.81,0.8,0.8,19125
CLX,20190510,0.8,0.8,0.8,0.8,0
CLX,20190513,0.8,0.8,0.8,0.8,2381
CLX,20190514,0.79,0.79,0.79,0.79,1225
CLX,20190515,0.79,0.79,0.79,0.79,0
CLX,20190516,0.795,0.81,0.795,0.81,4515
CLX,20190517,0.81,0.81,0.81,0.81,1006
CLX,20190520,0.835,0.845,0.835,0.84,12111
CLX,20190521,0.84,0.84,0.805,0.805,12374
CLX,20190522,0.805,0.805,0.805,0.805,0
CLX,20190523,0.805,0.805,0.79,0.79,9290
CLX,20190524,0.825,0.83,0.825,0.83,1200
CLX,20190527,0.83,0.83,0.83,0.83,0
CLX,20190528,0.83,0.83,0.83,0.83,0
CLX,20190529,0.805,0.805,0.805,0.805,4000
CLX,20190530,0.81,0.81,0.805,0.81,17428
CLX,20190531,0.81,0.81,0.81,0.81,13735
CLX,20190603,0.81,0.81,0.81,0.81,0
CLX,20190604,0.815,0.82,0.815,0.82,7100
CLX,20190605,0.825,0.825,0.82,0.82,8437
CLX,20190606,0.805,0.805,0.8,0.8,20263
CLX,20190607,0.8,0.8,0.8,0.8,0
CLX,20190611,0.8,0.8,0.8,0.8,1536
CLX,20190612,0.835,0.835,0.83,0.83,6693
CLX,20190613,0.83,0.83,0.83,0.83,0
CLX,20190614,0.8,0.8,0.795,0.795,17000
CLX,20190617,0.795,0.795,0.795,0.795,1835
CLX,20190618,0.795,0.795,0.795,0.795,0
CLX,20190619,0.795,0.795,0.795,0.795,0
CLX,20190620,0.8,0.8,0.795,0.795,2970
CLX,20190621,0.795,0.795,0.795,0.795,4500
CLX,20190624,0.795,0.795,0.795,0.795,0
CLX,20190625,0.795,0.795,0.795,0.795,0
CLX,20190626,0.8,0.8,0.8,0.8,5500
CLX,20190627,0.81,0.81,0.76,0.76,40248
CLX,20190628,0.765,0.8,0.765,0.8,14000
CLX,20190701,0.8,0.8,0.8,0.8,0
CLX,20190702,0.795,0.8,0.79,0.8,23139
CLX,20190703,0.8,0.8,0.795,0.795,3733
CLX,20190704,0.78,0.78,0.78,0.78,8311
CLX,20190705,0.785,0.79,0.77,0.77,7165
CLX,20190708,0.78,0.79,0.78,0.78,2706
CLX,20190709,0.78,0.78,0.78,0.78,0
CLX,20190710,0.78,0.79,0.78,0.79,4118
CLX,20190711,0.79,0.79,0.79,0.79,0
CLX,20190712,0.79,0.79,0.79,0.79,0
CLX,20190715,0.8,0.8,0.76,0.76,73212
CLX,20190716,0.76,0.76,0.76,0.76,4139
CLX,20190717,0.76,0.76,0.76,0.76,0
CLX,20190718,0.79,0.79,0.78,0.78,1954
CLX,20190719,0.78,0.78,0.78,0.78,0
CLX,20190722,0.775,0.775,0.775,0.775,8000
CLX,20190723,0.78,0.78,0.78,0.78,3142
CLX,20190724,0.8,0.835,0.8,0.82,75285
CLX,20190725,0.85,0.93,0.85,0.92,67546
CLX,20190726,0.905,0.93,0.9,0.93,48687
CLX,20190729,0.96,1.01,0.96,0.995,31387
CLX,20190730,1.03,1.03,0.995,1.025,93978
CLX,20190731,1.02,1.02,0.985,0.985,21788
CLX,20190801,0.99,0.99,0.985,0.985,30000
CLX,20190802,0.98,0.99,0.98,0.98,15478
CLX,20190805,0.905,0.905,0.9,0.905,19000
CLX,20190806,0.9,0.9,0.9,0.9,1000
CLX,20190807,0.9,0.9,0.86,0.86,4858
CLX,20190808,0.88,0.88,0.88,0.88,3047
CLX,20190809,0.9,0.905,0.9,0.905,30183
CLX,20190812,0.875,0.875,0.79,0.8,83938
CLX,20190813,0.81,0.81,0.81,0.81,23905
CLX,20190814,0.81,0.85,0.81,0.85,18350
CLX,20190815,0.85,0.9,0.85,0.9,27829
CLX,20190816,0.8,0.835,0.8,0.83,23409
CLX,20190819,0.805,0.805,0.805,0.805,1005
CLX,20190820,0.805,0.805,0.805,0.805,0
CLX,20190821,0.805,0.805,0.805,0.805,0
CLX,20190822,0.795,0.84,0.795,0.805,57851
CLX,20190823,0.805,0.85,0.8,0.85,18732
CLX,20190826,0.81,0.81,0.8,0.8,13348
CLX,20190827,0.8,0.8,0.8,0.8,0
CLX,20190828,0.8,0.8,0.8,0.8,0
CLX,20190829,0.8,0.8,0.8,0.8,0
CLX,20190830,0.805,0.85,0.805,0.85,8700
CLX,20190902,0.85,0.85,0.8,0.8,17140
CLX,20190903,0.79,0.795,0.79,0.79,47819
CLX,20190904,0.76,0.77,0.745,0.77,21233
CLX,20190905,0.77,0.78,0.77,0.775,18265
CLX,20190906,0.775,0.775,0.775,0.775,0
CLX,20190909,0.78,0.78,0.78,0.78,2000
CLX,20190910,0.76,0.765,0.76,0.765,7268
CLX,20190911,0.77,0.77,0.77,0.77,1200
CLX,20190912,0.77,0.775,0.77,0.77,9050
CLX,20190913,0.77,0.77,0.77,0.77,0
CLX,20190916,0.77,0.77,0.77,0.77,2000
CLX,20190917,0.77,0.77,0.77,0.77,4858
CLX,20190918,0.77,0.77,0.77,0.77,4287
CLX,20190919,0.765,0.765,0.765,0.765,828
CLX,20190920,0.78,0.81,0.78,0.81,7370
CLX,20190923,0.81,0.81,0.81,0.81,430
CLX,20190924,0.81,0.81,0.81,0.81,0
CLX,20190925,0.81,0.81,0.81,0.81,0
CLX,20190926,0.81,0.81,0.81,0.81,1000
CLX,20190927,0.81,0.81,0.81,0.81,240
CLX,20190930,0.81,0.81,0.81,0.81,0
CLX,20191001,0.81,0.81,0.81,0.81,0
CLX,20191002,0.805,0.805,0.8,0.8,10231
CLX,20191003,0.8,0.8,0.8,0.8,0
CLX,20191004,0.8,0.8,0.8,0.8,365
CLX,20191007,0.77,0.77,0.765,0.765,6000
CLX,20191008,0.765,0.765,0.765,0.765,2888
CLX,20191009,0.765,0.765,0.755,0.755,15000
CLX,20191010,0.76,0.76,0.76,0.76,625
CLX,20191011,0.76,0.76,0.76,0.76,2080
CLX,20191014,0.76,0.76,0.76,0.76,0
CLX,20191015,0.785,0.785,0.78,0.78,4567
CLX,20191016,0.78,0.78,0.78,0.78,3126
CLX,20191017,0.78,0.78,0.78,0.78,0
CLX,20191018,0.775,0.775,0.775,0.775,8000
CLX,20191021,0.76,0.76,0.76,0.76,10000
CLX,20191022,0.76,0.76,0.757,0.76,7495
CLX,20191023,0.755,0.755,0.715,0.715,24833
CLX,20191024,0.715,0.715,0.715,0.715,21736
CLX,20191025,0.715,0.715,0.715,0.715,0
CLX,20191028,0.715,0.715,0.715,0.715,0
CLX,20191029,0.72,0.74,0.715,0.74,31891
CLX,20191030,0.765,0.77,0.755,0.755,16000
CLX,20191031,0.755,0.755,0.755,0.755,0
CLX,20191101,0.755,0.755,0.755,0.755,0
CLX,20191104,0.77,0.775,0.77,0.775,5000
CLX,20191105,0.775,0.775,0.775,0.775,0
CLX,20191106,0.77,0.77,0.75,0.77,21273
CLX,20191107,0.77,0.77,0.77,0.77,0
CLX,20191108,0.775,0.775,0.775,0.775,626
CLX,20191111,0.77,0.77,0.77,0.77,2707
CLX,20191112,0.76,0.76,0.76,0.76,999
CLX,20191113,0.77,0.77,0.77,0.77,1800
CLX,20191114,0.76,0.77,0.755,0.77,20387
CLX,20191115,0.77,0.77,0.77,0.77,2915
CLX,20191118,0.76,0.76,0.745,0.75,71607
CLX,20191119,0.75,0.775,0.75,0.775,12835
CLX,20191120,0.775,0.775,0.775,0.775,0
CLX,20191121,0.775,0.775,0.775,0.775,650
CLX,20191122,0.775,0.775,0.775,0.775,0
CLX,20191125,0.775,0.78,0.775,0.78,10000
CLX,20191126,0.77,0.77,0.77,0.77,350
CLX,20191127,0.77,0.77,0.77,0.77,5210
CLX,20191128,0.77,0.77,0.77,0.77,2100
CLX,20191129,0.77,0.77,0.77,0.77,0
CLX,20191202,0.77,0.77,0.77,0.77,0
CLX,20191203,0.77,0.78,0.77,0.78,13424
CLX,20191204,0.78,0.78,0.78,0.78,0
CLX,20191205,0.78,0.78,0.755,0.755,1265
CLX,20191206,0.755,0.755,0.755,0.755,0
CLX,20191209,0.755,0.755,0.755,0.755,0
CLX,20191210,0.755,0.755,0.755,0.755,0
CLX,20191211,0.755,0.755,0.755,0.755,0
CLX,20191212,0.755,0.755,0.755,0.755,0
CLX,20191213,0.79,0.79,0.79,0.79,10289
CLX,20191216,0.8,0.8,0.8,0.8,1835
CLX,20191217,0.8,0.8,0.8,0.8,0
CLX,20191218,0.8,0.8,0.76,0.76,15535
CLX,20191219,0.78,0.78,0.78,0.78,2500
CLX,20191220,0.78,0.78,0.78,0.78,0
CLX,20191223,0.795,0.8,0.795,0.8,3753
CLX,20191224,0.8,0.8,0.8,0.8,0
CLX,20191227,0.8,0.8,0.8,0.8,0
CLX,20191230,0.76,0.76,0.755,0.755,7300
CLX,20191231,0.755,0.755,0.755,0.755,0
CLX,20200102,0.755,0.755,0.755,0.755,0
CLX,20200103,0.77,0.77,0.765,0.765,4748
CLX,20200106,0.765,0.765,0.765,0.765,0
CLX,20200107,0.765,0.765,0.765,0.765,0
CLX,20200108,0.765,0.765,0.765,0.765,0
CLX,20200109,0.765,0.765,0.75,0.75,38100
CLX,20200113,0.75,0.75,0.75,0.75,0
CLX,20200114,0.75,0.75,0.75,0.75,58717
CLX,20200115,0.75,0.75,0.75,0.75,0
CLX,20200116,0.77,0.77,0.77,0.77,6000
CLX,20200117,0.775,0.8,0.775,0.8,124561
CLX,20200120,0.8,0.8,0.8,0.8,0
CLX,20200121,0.79,0.8,0.79,0.8,31614
CLX,20200122,0.81,0.84,0.8,0.84,25619
CLX,20200123,0.805,0.805,0.795,0.8,30062
CLX,20200124,0.805,0.805,0.805,0.805,6913
CLX,20200128,0.805,0.805,0.8,0.8,11461
CLX,20200129,0.805,0.805,0.805,0.805,3920
CLX,20200130,0.8,0.805,0.8,0.8,37861
CLX,20200203,0.8,0.8,0.8,0.8,0
CLX,20200204,0.8,0.8,0.8,0.8,0
CLX,20200205,0.8,0.8,0.8,0.8,0
CLX,20200210,0.82,0.82,0.8,0.815,13235
CLX,20200211,0.82,0.82,0.82,0.82,16888
CLX,20200212,0.82,0.82,0.82,0.82,0
CLX,20200213,0.825,0.865,0.825,0.865,18918
CLX,20200214,0.865,0.865,0.86,0.86,10150
CLX,20200217,0.865,0.865,0.865,0.865,4680
CLX,20200218,0.865,0.865,0.865,0.865,15500
CLX,20200219,0.83,0.845,0.83,0.845,10400
CLX,20200220,0.865,0.865,0.865,0.865,3000
CLX,20200221,0.865,0.865,0.865,0.865,0
CLX,20200224,0.825,0.86,0.825,0.86,5224
CLX,20200225,0.825,0.825,0.825,0.825,18683
CLX,20200226,0.81,0.81,0.81,0.81,11060
CLX,20200227,0.8,0.8,0.78,0.78,23038
CLX,20200228,0.74,0.74,0.72,0.72,54761
CLX,20200302,0.72,0.72,0.72,0.72,0
CLX,20200303,0.72,0.76,0.72,0.76,4024
CLX,20200304,0.765,0.77,0.76,0.76,18000
CLX,20200305,0.74,0.74,0.735,0.74,13076
CLX,20200306,0.74,0.74,0.74,0.74,0
CLX,20200309,0.74,0.74,0.72,0.72,9800
CLX,20200310,0.71,0.715,0.71,0.715,20985
CLX,20200311,0.715,0.715,0.715,0.715,0
CLX,20200312,0.71,0.71,0.69,0.69,10542
CLX,20200313,0.615,0.69,0.61,0.69,33997
CLX,20200316,0.61,0.61,0.61,0.61,2160
CLX,20200317,0.61,0.61,0.61,0.61,1000
CLX,20200318,0.61,0.61,0.61,0.61,0
CLX,20200319,0.595,0.6,0.595,0.6,13000
CLX,20200320,0.5,0.6,0.46,0.56,61295
CLX,20200323,0.56,0.56,0.56,0.56,0
CLX,20200324,0.56,0.56,0.49,0.5,24092
CLX,20200325,0.5,0.5,0.5,0.5,0
CLX,20200326,0.525,0.525,0.525,0.525,1502
CLX,20200327,0.58,0.58,0.58,0.58,600
CLX,20200330,0.58,0.58,0.58,0.58,0
CLX,20200331,0.58,0.58,0.58,0.58,0
CLX,20200401,0.58,0.58,0.58,0.58,0
CLX,20200402,0.58,0.58,0.58,0.58,0
CLX,20200403,0.58,0.58,0.58,0.58,0
CLX,20200406,0.58,0.58,0.58,0.58,0
CLX,20200407,0.58,0.58,0.58,0.58,0
CLX,20200408,0.615,0.615,0.615,0.615,1000
CLX,20200409,0.615,0.615,0.61,0.61,12864
CLX,20200414,0.59,0.61,0.545,0.545,42580
CLX,20200415,0.545,0.545,0.545,0.545,0
CLX,20200416,0.545,0.545,0.545,0.545,0
CLX,20200417,0.54,0.56,0.54,0.56,7240
CLX,20200420,0.57,0.57,0.565,0.565,9310
CLX,20200421,0.565,0.565,0.565,0.565,0
CLX,20200422,0.565,0.565,0.565,0.565,0
CLX,20200423,0.605,0.615,0.575,0.575,29835
CLX,20200424,0.565,0.565,0.565,0.565,2350
CLX,20200427,0.57,0.585,0.57,0.57,18366
CLX,20200428,0.57,0.57,0.57,0.57,0
CLX,20200429,0.565,0.565,0.55,0.55,10082
CLX,20200430,0.585,0.6,0.585,0.595,7633
CLX,20200501,0.56,0.565,0.56,0.565,52093
CLX,20200504,0.56,0.56,0.56,0.56,14954
CLX,20200505,0.56,0.567,0.56,0.56,41938
CLX,20200506,0.56,0.56,0.555,0.555,15133
CLX,20200507,0.555,0.555,0.54,0.54,50619
CLX,20200508,0.55,0.55,0.52,0.52,12557
CLX,20200511,0.52,0.52,0.52,0.52,0
CLX,20200512,0.52,0.52,0.52,0.52,0
CLX,20200513,0.535,0.535,0.53,0.53,47269
CLX,20200514,0.53,0.53,0.53,0.53,0
CLX,20200515,0.53,0.53,0.53,0.53,0
CLX,20200518,0.515,0.515,0.49,0.49,23000
CLX,20200519,0.505,0.505,0.49,0.49,97972
CLX,20200520,0.49,0.49,0.49,0.49,0
CLX,20200521,0.485,0.485,0.485,0.485,1500
CLX,20200522,0.53,0.53,0.53,0.53,1040
CLX,20200525,0.51,0.51,0.5,0.51,29873
CLX,20200526,0.51,0.51,0.48,0.48,12683
CLX,20200527,0.485,0.5,0.48,0.48,15565
CLX,20200528,0.5,0.505,0.47,0.48,20189
CLX,20200529,0.48,0.48,0.46,0.46,24900
CLX,20200601,0.465,0.48,0.465,0.465,20699
CLX,20200602,0.465,0.465,0.465,0.465,0
CLX,20200603,0.465,0.465,0.46,0.46,92902
CLX,20200604,0.457,0.46,0.45,0.45,24945
CLX,20200605,0.45,0.455,0.44,0.44,118550
CLX,20200609,0.46,0.47,0.455,0.47,41011
CLX,20200610,0.475,0.475,0.475,0.475,3175
CLX,20200611,0.485,0.485,0.475,0.475,16501
CLX,20200612,0.475,0.475,0.45,0.45,120283
CLX,20200615,0.45,0.45,0.44,0.45,200204
CLX,20200616,0.455,0.465,0.455,0.465,3910
CLX,20200617,0.5,0.5,0.475,0.485,61980
CLX,20200618,0.485,0.485,0.485,0.485,0
CLX,20200619,0.52,0.52,0.52,0.52,1000
CLX,20200622,0.53,0.53,0.47,0.47,8362
CLX,20200623,0.475,0.475,0.47,0.47,28200
CLX,20200624,0.46,0.46,0.45,0.45,71000
CLX,20200625,0.45,0.45,0.45,0.45,0
CLX,20200626,0.45,0.45,0.45,0.45,0
CLX,20200629,0.45,0.45,0.44,0.44,49261
CLX,20200630,0.45,0.45,0.45,0.45,23101
CLX,20200701,0.45,0.45,0.45,0.45,2346
CLX,20200702,0.45,0.45,0.45,0.45,0
CLX,20200703,0.455,0.455,0.455,0.455,750
CLX,20200706,0.455,0.455,0.455,0.455,0
CLX,20200707,0.455,0.455,0.455,0.455,2741
CLX,20200708,0.455,0.455,0.455,0.455,0
CLX,20200709,0.45,0.45,0.45,0.45,14400
CLX,20200710,0.45,0.45,0.45,0.45,0
CLX,20200713,0.46,0.46,0.46,0.46,2200
CLX,20200714,0.455,0.5,0.455,0.455,40937
CLX,20200715,0.455,0.455,0.455,0.455,10000
CLX,20200716,0.455,0.475,0.455,0.475,8270
CLX,20200717,0.475,0.475,0.465,0.465,9270
CLX,20200720,0.465,0.465,0.465,0.465,0
CLX,20200721,0.465,0.465,0.465,0.465,0
CLX,20200722,0.47,0.47,0.47,0.47,1940
CLX,20200723,0.47,0.47,0.47,0.47,10668
CLX,20200724,0.47,0.47,0.47,0.47,0
CLX,20200727,0.47,0.47,0.47,0.47,154
CLX,20200728,0.47,0.47,0.465,0.465,10309
CLX,20200729,0.47,0.48,0.47,0.48,19076
CLX,20200730,0.49,0.49,0.475,0.475,12038
CLX,20200731,0.47,0.48,0.465,0.48,5272
CLX,20200803,0.48,0.48,0.48,0.48,0
CLX,20200804,0.48,0.48,0.48,0.48,0
CLX,20200805,0.472,0.505,0.472,0.5,40362
CLX,20200806,0.495,0.495,0.495,0.495,25209
CLX,20200807,0.495,0.495,0.495,0.495,11112
CLX,20200810,0.5,0.5,0.5,0.5,1000
CLX,20200811,0.5,0.5,0.495,0.495,40523
CLX,20200812,0.495,0.495,0.495,0.495,0
CLX,20200813,0.495,0.495,0.495,0.495,0
CLX,20200814,0.48,0.515,0.48,0.515,39019
CLX,20200817,0.54,0.54,0.54,0.54,3636
CLX,20200818,0.54,0.6,0.54,0.6,23897
CLX,20200819,0.6,0.6,0.6,0.6,0
CLX,20200820,0.6,0.6,0.6,0.6,0
CLX,20200821,0.605,0.605,0.56,0.56,29108
CLX,20200824,0.56,0.56,0.56,0.56,0
CLX,20200825,0.56,0.6,0.56,0.6,17076
CLX,20200826,0.6,0.6,0.6,0.6,0
CLX,20200827,0.6,0.6,0.6,0.6,0
CLX,20200828,0.545,0.545,0.545,0.545,1600
CLX,20200831,0.545,0.545,0.545,0.545,0
CLX,20200901,0.545,0.545,0.525,0.54,5300
CLX,20200902,0.54,0.54,0.53,0.53,4172
CLX,20200903,0.53,0.53,0.53,0.53,16528
CLX,20200904,0.585,0.585,0.545,0.545,76177
CLX,20200907,0.545,0.545,0.545,0.545,1296
CLX,20200908,0.525,0.545,0.5,0.545,7138
CLX,20200909,0.52,0.55,0.52,0.55,2118
CLX,20200910,0.55,0.55,0.55,0.55,0
CLX,20200911,0.55,0.56,0.55,0.56,8291
CLX,20200914,0.56,0.56,0.56,0.56,0
CLX,20200915,0.565,0.565,0.56,0.56,40798
CLX,20200916,0.56,0.56,0.56,0.56,0
CLX,20200917,0.56,0.56,0.56,0.56,6748
CLX,20200918,0.56,0.56,0.56,0.56,0
CLX,20200921,0.585,0.59,0.585,0.59,13000
CLX,20200922,0.59,0.59,0.59,0.59,0
CLX,20200923,0.59,0.605,0.59,0.605,5881
CLX,20200924,0.575,0.575,0.575,0.575,1000
CLX,20200925,0.6,0.6,0.6,0.6,16700
CLX,20200928,0.6,0.6,0.6,0.6,0
CLX,20200929,0.6,0.6,0.6,0.6,0
CLX,20200930,0.6,0.6,0.6,0.6,0
CLX,20201001,0.6,0.6,0.6,0.6,0
CLX,20201002,0.6,0.6,0.6,0.6,0
CLX,20201005,0.6,0.6,0.58,0.58,1750
CLX,20201006,0.58,0.58,0.58,0.58,0
CLX,20201007,0.575,0.575,0.575,0.575,20000
CLX,20201008,0.59,0.59,0.575,0.575,10000
CLX,20201009,0.575,0.575,0.575,0.575,3384
CLX,20201012,0.575,0.575,0.575,0.575,0
CLX,20201013,0.575,0.575,0.575,0.575,0
CLX,20201014,0.575,0.575,0.575,0.575,0
CLX,20201015,0.575,0.575,0.575,0.575,0
CLX,20201016,0.575,0.575,0.575,0.575,0
CLX,20201019,0.58,0.58,0.58,0.58,2400
CLX,20201020,0.58,0.58,0.58,0.58,0
CLX,20201021,0.58,0.58,0.58,0.58,0
CLX,20201022,0.58,0.58,0.58,0.58,435
CLX,20201023,0.58,0.58,0.58,0.58,3335
CLX,20201026,0.58,0.58,0.58,0.58,0
CLX,20201027,0.58,0.58,0.58,0.58,0
CLX,20201028,0.58,0.58,0.58,0.58,0
CLX,20201029,0.58,0.58,0.58,0.58,0
CLX,20201030,0.58,0.58,0.58,0.58,0
CLX,20201102,0.58,0.58,0.58,0.58,0
CLX,20201103,0.58,0.58,0.58,0.58,0
CLX,20201104,0.58,0.58,0.565,0.565,24490
CLX,20201105,0.565,0.565,0.565,0.565,0
CLX,20201106,0.565,0.565,0.565,0.565,0
CLX,20201109,0.565,0.565,0.565,0.565,0
CLX,20201110,0.565,0.565,0.565,0.565,0
CLX,20201111,0.565,0.565,0.565,0.565,0
CLX,20201112,0.565,0.565,0.565,0.565,0
CLX,20201113,0.565,0.565,0.565,0.565,0
CLX,20201116,0.565,0.565,0.565,0.565,0
CLX,20201117,0.565,0.565,0.565,0.565,4000
CLX,20201118,0.575,0.575,0.575,0.575,600
CLX,20201120,0.645,0.69,0.645,0.67,45911
CLX,20201123,0.72,0.735,0.71,0.71,18969
CLX,20201124,0.73,0.73,0.73,0.73,1936
CLX,20201125,0.747,0.76,0.72,0.72,9039
CLX,20201126,0.735,0.735,0.72,0.72,28913
CLX,20201127,0.72,0.73,0.72,0.73,522405
CLX,20201130,0.75,0.75,0.75,0.75,6895
CLX,20201201,0.75,0.75,0.75,0.75,3105
CLX,20201202,0.76,0.77,0.75,0.75,44364
CLX,20201203,0.75,0.75,0.75,0.75,0
CLX,20201204,0.75,0.75,0.75,0.75,1198
CLX,20201207,0.78,0.78,0.78,0.78,3100
CLX,20201208,0.77,0.77,0.75,0.75,4166
CLX,20201209,0.75,0.75,0.75,0.75,0
CLX,20201210,0.75,0.75,0.75,0.75,13190
CLX,20201211,0.75,0.75,0.75,0.75,6544
CLX,20201214,0.74,0.74,0.74,0.74,12000
CLX,20201215,0.71,0.71,0.71,0.71,3000
CLX,20201216,0.71,0.71,0.71,0.71,8000
CLX,20201217,0.71,0.71,0.71,0.71,65726
CLX,20201218,0.71,0.71,0.71,0.71,0
CLX,20201221,0.71,0.71,0.71,0.71,0
CLX,20201222,0.71,0.71,0.71,0.71,33312
CLX,20201224,0.73,0.73,0.73,0.73,0
CLX,20201229,0.73,0.73,0.73,0.73,25046
CLX,20201230,0.735,0.735,0.735,0.735,1315
CLX,20201231,0.735,0.735,0.735,0.735,8913
CLX,20210104,0.735,0.735,0.735,0.735,0
CLX,20210105,0.735,0.735,0.735,0.735,0
CLX,20210106,0.735,0.735,0.735,0.735,0
CLX,20210107,0.735,0.735,0.735,0.735,0
CLX,20210108,0.72,0.72,0.72,0.72,2500
CLX,20210111,0.74,0.74,0.74,0.74,5000
CLX,20210112,0.72,0.72,0.72,0.72,6000
CLX,20210113,0.72,0.72,0.72,0.72,0
CLX,20210114,0.72,0.72,0.72,0.72,1000
CLX,20210115,0.72,0.72,0.72,0.72,0
CLX,20210118,0.68,0.68,0.68,0.68,5898
CLX,20210119,0.665,0.68,0.66,0.68,1800
CLX,20210120,0.68,0.68,0.68,0.68,0
CLX,20210121,0.68,0.7,0.67,0.67,31686
CLX,20210122,0.67,0.67,0.67,0.67,0
CLX,20210125,0.68,0.68,0.68,0.68,7200
CLX,20210127,0.68,0.68,0.68,0.68,0
CLX,20210128,0.68,0.68,0.68,0.68,0
CLX,20210129,0.68,0.68,0.68,0.68,8000
CLX,20210201,0.68,0.68,0.68,0.68,0
CLX,20210203,0.7,0.7,0.7,0.7,4451
CLX,20210204,0.7,0.7,0.7,0.7,0
CLX,20210205,0.715,0.715,0.715,0.715,2514
CLX,20210208,0.68,0.68,0.68,0.68,1000
CLX,20210209,0.68,0.68,0.68,0.68,0
CLX,20210210,0.685,0.685,0.68,0.68,4300
CLX,20210211,0.71,0.71,0.685,0.685,5000
CLX,20210212,0.71,0.71,0.71,0.71,7746
CLX,20210215,0.72,0.72,0.72,0.72,130
CLX,20210216,0.73,0.76,0.73,0.76,4379
CLX,20210217,0.75,0.75,0.74,0.74,5171
CLX,20210218,0.7,0.7,0.7,0.7,240
CLX,20210219,0.7,0.7,0.7,0.7,0
CLX,20210222,0.7,0.7,0.68,0.7,37021
CLX,20210223,0.7,0.7,0.7,0.7,0
CLX,20210224,0.725,0.73,0.7,0.7,4729
CLX,20210225,0.69,0.7,0.69,0.7,8000
CLX,20210226,0.7,0.76,0.7,0.76,92503
CLX,20210301,0.8,0.84,0.8,0.82,8556
CLX,20210302,0.84,0.84,0.825,0.83,84353
CLX,20210303,0.83,0.83,0.825,0.825,2121
CLX,20210304,0.825,0.825,0.825,0.825,0
CLX,20210305,0.825,0.825,0.82,0.82,3719
CLX,20210308,0.8,0.8,0.8,0.8,4413
CLX,20210309,0.8,0.8,0.8,0.8,0
CLX,20210310,0.8,0.8,0.8,0.8,9310
CLX,20210311,0.8,0.8,0.8,0.8,9310
CLX,20210312,0.815,0.815,0.79,0.79,37432
CLX,20210315,0.79,0.79,0.79,0.79,0
CLX,20210316,0.79,0.79,0.79,0.79,5000
CLX,20210317,0.8,0.82,0.8,0.82,29786
CLX,20210318,0.83,0.83,0.79,0.79,23913
CLX,20210319,0.8,0.83,0.8,0.83,35398
CLX,20210322,0.835,0.85,0.835,0.85,19111
CLX,20210323,0.85,0.85,0.85,0.85,0
CLX,20210324,0.84,0.91,0.84,0.91,7247
CLX,20210325,0.895,0.895,0.895,0.895,1098
CLX,20210329,0.89,0.89,0.84,0.84,21279
CLX,20210330,0.845,0.85,0.845,0.85,13526
CLX,20210331,0.845,0.845,0.845,0.845,8000
CLX,20210401,0.845,0.85,0.8,0.85,7852
CLX,20210406,0.85,0.85,0.83,0.83,19244
CLX,20210407,0.83,0.83,0.83,0.83,0
CLX,20210408,0.83,0.83,0.83,0.83,0
CLX,20210409,0.86,0.86,0.86,0.86,2163
CLX,20210412,0.9,0.9,0.88,0.88,16333
CLX,20210413,0.9,0.9,0.9,0.9,7222
CLX,20210414,0.88,0.88,0.85,0.85,10117
CLX,20210415,0.85,0.85,0.85,0.85,0
CLX,20210416,0.85,0.85,0.83,0.83,1491
CLX,20210419,0.85,0.85,0.85,0.85,685
CLX,20210420,0.85,0.85,0.85,0.85,18263
CLX,20210421,0.85,0.88,0.85,0.88,31822
CLX,20210422,0.88,0.88,0.88,0.88,2
CLX,20210423,0.84,0.84,0.82,0.82,8556
CLX,20210426,0.82,0.82,0.82,0.82,2
CLX,20210427,0.81,0.81,0.81,0.81,30000
CLX,20210428,0.82,0.82,0.82,0.82,1
CLX,20210429,0.84,0.84,0.84,0.84,999
CLX,20210430,0.855,0.86,0.84,0.84,27077
CLX,20210503,0.84,0.87,0.84,0.87,9871
CLX,20210504,0.85,0.85,0.85,0.85,5003
CLX,20210505,0.85,0.85,0.85,0.85,0
CLX,20210506,0.85,0.85,0.85,0.85,0
CLX,20210507,0.865,0.865,0.815,0.815,5113
CLX,20210510,0.825,0.825,0.8,0.8,4947
CLX,20210511,0.82,0.83,0.8,0.8,5408
CLX,20210512,0.8,0.82,0.8,0.82,6000
CLX,20210513,0.82,0.82,0.82,0.82,6497
CLX,20210514,0.84,0.84,0.8,0.8,8533
CLX,20210517,0.75,0.75,0.75,0.75,13320
CLX,20210518,0.75,0.75,0.75,0.75,1930
CLX,20210519,0.75,0.75,0.75,0.75,0
CLX,20210520,0.77,0.8,0.76,0.8,3026
CLX,20210521,0.8,0.8,0.77,0.77,3007
CLX,20210524,0.77,0.77,0.77,0.77,1340
CLX,20210525,0.8,0.8,0.8,0.8,227
CLX,20210526,0.85,0.855,0.85,0.85,3787
CLX,20210527,0.85,0.85,0.85,0.85,11
CLX,20210528,0.85,0.85,0.85,0.85,6
CLX,20210531,0.85,0.85,0.85,0.85,0
CLX,20210601,0.84,0.84,0.84,0.84,15
CLX,20210602,0.84,0.84,0.8,0.8,129
CLX,20210603,0.8,0.8,0.8,0.8,0
CLX,20210604,0.82,0.82,0.805,0.82,28021
CLX,20210607,0.82,0.83,0.82,0.83,7706
CLX,20210609,0.83,0.83,0.83,0.83,6200
CLX,20210610,0.83,0.83,0.83,0.83,8177
CLX,20210611,0.83,0.83,0.83,0.83,0
CLX,20210615,0.84,0.85,0.83,0.85,12330
CLX,20210616,0.85,0.86,0.85,0.86,33896
CLX,20210617,0.86,0.86,0.85,0.85,18311
CLX,20210618,0.85,0.85,0.85,0.85,9000
CLX,20210621,0.83,0.85,0.83,0.85,2442
CLX,20210622,0.86,0.865,0.86,0.865,9362
CLX,20210623,0.865,0.865,0.865,0.865,5694809
CLX,20210625,0.855,0.87,0.855,0.87,65482
CLX,20210628,0.895,0.9,0.89,0.89,10209
CLX,20210629,0.905,0.915,0.905,0.915,25174
CLX,20210630,0.915,0.915,0.915,0.915,7220
CLX,20210701,0.91,0.91,0.91,0.91,8794
CLX,20210705,0.895,0.895,0.895,0.895,81201
CLX,20210706,0.895,0.895,0.895,0.895,69537
CLX,20210707,0.9,0.91,0.89,0.89,85968
CLX,20210708,0.905,0.905,0.905,0.905,580
CLX,20210709,0.9,0.9,0.885,0.885,2435
CLX,20210712,0.87,0.87,0.83,0.85,12767
CLX,20210714,0.89,0.89,0.8,0.8,26046
CLX,20210715,0.8,0.865,0.8,0.865,10443
CLX,20210716,0.86,0.875,0.86,0.865,294976
CLX,20210719,0.865,0.865,0.865,0.865,0
CLX,20210720,0.865,0.865,0.865,0.865,2100
CLX,20210723,0.865,0.865,0.86,0.86,48962
CLX,20210726,0.86,0.86,0.86,0.86,0
CLX,20210727,0.865,0.865,0.86,0.86,5000
CLX,20210728,0.86,0.875,0.81,0.875,62860
CLX,20210729,0.875,0.875,0.875,0.875,8000
CLX,20210730,0.89,0.9,0.89,0.9,30000
CLX,20210802,0.9,0.9,0.9,0.9,1
CLX,20210803,0.9,0.9,0.9,0.9,22000
CLX,20210804,0.835,0.895,0.83,0.875,15959
CLX,20210805,0.895,0.9,0.885,0.89,11667
CLX,20210806,0.89,0.89,0.865,0.865,4
CLX,20210809,0.82,0.82,0.785,0.785,37621
CLX,20210810,0.79,0.79,0.77,0.78,2733667
CLX,20210811,0.785,0.785,0.78,0.78,2874
CLX,20210812,0.8,0.8,0.78,0.78,3125
CLX,20210813,0.835,0.845,0.835,0.845,5012
CLX,20210819,0.86,0.86,0.86,0.86,581
CLX,20210820,0.86,0.86,0.86,0.86,0
CLX,20210823,0.835,0.86,0.835,0.86,21482
CLX,20210824,0.86,0.86,0.86,0.86,174
CLX,20210825,0.86,0.86,0.86,0.86,0
CLX,20210826,0.86,0.86,0.85,0.85,23698
CLX,20210827,0.85,0.85,0.85,0.85,0
CLX,20210830,0.85,0.85,0.835,0.835,4322
CLX,20210831,0.9,0.96,0.9,0.9,91580
CLX,20210901,0.9,0.9,0.9,0.9,4111
CLX,20210902,0.91,0.92,0.9,0.9,27320
CLX,20210903,0.92,0.93,0.92,0.93,1065
CLX,20210906,0.93,0.93,0.92,0.92,11175
CLX,20210907,0.915,0.915,0.9,0.9,12510
CLX,20210908,0.93,0.93,0.93,0.93,19054
CLX,20210909,0.93,0.93,0.93,0.93,7550
CLX,20210910,0.93,0.93,0.9,0.9,9050
CLX,20210913,0.9,0.9,0.9,0.9,0
CLX,20210914,0.93,0.93,0.93,0.93,2017
CLX,20210915,0.93,0.95,0.93,0.93,20948
CLX,20210916,0.95,0.95,0.93,0.95,9926
CLX,20210917,0.95,0.95,0.95,0.95,52736
CLX,20210920,0.95,0.95,0.94,0.95,79947
CLX,20210922,0.905,0.905,0.905,0.905,0
CLX,20210923,0.92,0.95,0.92,0.95,2842
CLX,20210924,0.95,0.95,0.94,0.94,11500
CLX,20210927,0.94,0.94,0.94,0.94,5490
CLX,20210928,0.94,0.94,0.935,0.94,13000
CLX,20210929,0.94,0.94,0.94,0.94,0
CLX,20210930,0.925,0.93,0.92,0.92,27817
CLX,20211001,0.92,0.92,0.92,0.92,0
CLX,20211004,0.925,0.925,0.92,0.92,9729
CLX,20211005,0.92,0.95,0.91,0.95,13300
CLX,20211006,0.95,0.95,0.95,0.95,35000
CLX,20211007,0.95,0.95,0.95,0.95,21
CLX,20211008,0.945,0.96,0.945,0.96,5714
CLX,20211011,0.96,0.96,0.96,0.96,104
CLX,20211012,0.96,0.96,0.96,0.96,104
CLX,20211013,0.96,0.98,0.96,0.975,12749
CLX,20211014,0.98,1.055,0.98,1.01,50013
CLX,20211019,1.03,1.03,1.03,1.03,4142
CLX,20211020,1.03,1.03,1.03,1.03,3003
CLX,20211021,1.03,1.03,1.03,1.03,7701
CLX,20211022,1.03,1.03,1,1.025,32032
CLX,20211025,1.03,1.03,1.02,1.02,22783
CLX,20211026,1.005,1.025,1.005,1.025,2959
CLX,20211028,0.98,0.98,0.965,0.965,6077
CLX,20211029,0.965,0.965,0.965,0.965,0
CLX,20211101,0.99,0.99,0.85,0.9,77640
CLX,20211102,0.925,0.925,0.9,0.9,11244
CLX,20211103,0.9,0.91,0.89,0.89,12827
CLX,20211104,0.91,0.91,0.855,0.865,43407
CLX,20211105,0.86,0.89,0.85,0.89,40111
CLX,20211109,0.89,0.89,0.89,0.89,809
CLX,20211110,0.89,0.89,0.855,0.855,12220
CLX,20211112,0.9,0.9,0.9,0.9,5920
CLX,20211115,0.91,0.91,0.905,0.91,10241
CLX,20211116,0.91,0.91,0.91,0.91,0
CLX,20211117,0.91,0.91,0.91,0.91,0
CLX,20211118,0.91,0.91,0.855,0.88,30116
CLX,20211119,0.9,0.9,0.86,0.86,12480
CLX,20211122,0.86,0.86,0.86,0.86,2950
CLX,20211123,0.86,0.86,0.86,0.86,0
CLX,20211124,0.86,0.86,0.86,0.86,0
CLX,20211125,0.86,0.86,0.86,0.86,0
CLX,20211126,0.86,0.86,0.86,0.86,0
CLX,20211129,0.86,0.87,0.86,0.87,2521
CLX,20211130,0.86,0.87,0.86,0.87,3468
CLX,20211201,0.86,0.87,0.86,0.87,6750
CLX,20211202,0.86,0.86,0.86,0.86,1000
CLX,20211203,0.87,0.87,0.86,0.86,11182
CLX,20211206,0.86,0.86,0.86,0.86,1
CLX,20211207,0.855,0.855,0.805,0.825,34507
CLX,20211208,0.82,0.85,0.82,0.85,12381
CLX,20211209,0.85,0.85,0.85,0.85,1751
CLX,20211210,0.82,0.82,0.82,0.82,2998
CLX,20211213,0.82,0.845,0.82,0.825,12757
CLX,20211214,0.82,0.825,0.82,0.825,17680
CLX,20211216,0.86,0.86,0.86,0.86,0
CLX,20211217,0.875,0.875,0.875,0.875,1000
CLX,20211220,0.9,0.935,0.9,0.935,11819
CLX,20211221,0.945,0.945,0.91,0.91,8570
CLX,20211222,0.91,0.91,0.91,0.91,0
CLX,20211223,0.91,0.91,0.91,0.91,440
CLX,20211224,0.945,0.95,0.945,0.95,9943
CLX,20211229,0.95,0.97,0.95,0.97,7624
CLX,20211230,0.97,0.97,0.95,0.95,6893
CLX,20211231,0.97,0.97,0.97,0.97,2362
CLX,20220104,0.985,1,0.98,0.99,10552
CLX,20220105,0.99,0.99,0.965,0.965,1063
CLX,20220106,0.965,0.965,0.95,0.95,43176
CLX,20220107,0.89,0.9,0.885,0.885,2112
CLX,20220110,0.91,0.92,0.91,0.92,9809
CLX,20220111,0.905,0.905,0.905,0.905,18
CLX,20220112,0.92,0.92,0.915,0.915,777
CLX,20220113,0.915,0.915,0.915,0.915,19758
CLX,20220114,0.915,0.915,0.915,0.915,0
CLX,20220117,0.94,0.94,0.92,0.92,5363
CLX,20220118,0.935,0.935,0.915,0.92,22000
CLX,20220119,0.92,0.92,0.92,0.92,5586
CLX,20220120,0.92,0.92,0.92,0.92,0
CLX,20220121,0.92,0.92,0.92,0.92,0
CLX,20220124,0.92,0.92,0.92,0.92,0
CLX,20220125,0.93,0.93,0.89,0.89,75651
CLX,20220127,0.945,0.945,0.945,0.945,1734
CLX,20220128,0.935,0.935,0.935,0.935,1100
CLX,20220131,0.945,0.95,0.935,0.935,12298
CLX,20220201,0.935,0.935,0.935,0.935,0
CLX,20220202,0.945,0.96,0.945,0.955,15501
CLX,20220203,0.96,0.96,0.955,0.955,7250
CLX,20220204,0.96,1.03,0.96,1.03,155461
CLX,20220207,1.05,1.08,1.05,1.08,30267
CLX,20220208,1.08,1.08,1.045,1.045,6905
CLX,20220209,1.05,1.05,1.04,1.04,12715
CLX,20220210,1.05,1.05,1.04,1.05,37289
CLX,20220211,1.097,1.1,1.06,1.06,23411
CLX,20220214,1.06,1.07,1.06,1.07,12875
CLX,20220215,1.08,1.08,1.06,1.07,27257
CLX,20220216,1.07,1.07,1.07,1.07,16042
CLX,20220217,1.05,1.07,1.05,1.07,1700
CLX,20220218,1.07,1.07,1.07,1.07,21360
CLX,20220221,1.06,1.06,1.05,1.05,7589
CLX,20220222,1.05,1.05,1.04,1.04,8511
CLX,20220223,1.017,1.04,0.975,0.975,7494
CLX,20220224,0.98,0.98,0.975,0.975,26552
CLX,20220225,0.96,1.005,0.96,0.96,17786
CLX,20220228,0.98,1.055,0.975,0.975,6444
CLX,20220301,0.975,0.975,0.975,0.975,0
CLX,20220302,0.975,0.975,0.975,0.975,0
CLX,20220303,1.05,1.05,1.035,1.04,8600
CLX,20220304,1.04,1.04,1.04,1.04,0
CLX,20220307,1.01,1.01,1.01,1.01,9518
CLX,20220308,1.03,1.03,1.03,1.03,1169
CLX,20220309,1.03,1.03,1.03,1.03,6743
CLX,20220310,1.065,1.065,1.065,1.065,375
CLX,20220311,1.05,1.05,1.05,1.05,1
CLX,20220314,1.05,1.05,1.05,1.05,0
CLX,20220315,1,1.025,0.99,1.025,3000
CLX,20220316,0,0,0,0,0
CLX,20220317,1.025,1.04,1.025,1.04,38914
CLX,20220318,1.05,1.05,1.05,1.05,1000
CLX,20220321,1.1,1.1,1.1,1.1,979
CLX,20220322,1.15,1.15,1.1,1.1,3860
CLX,20220323,1.08,1.08,1.08,1.08,2000
CLX,20220324,1.08,1.08,1.08,1.08,0
CLX,20220325,1.08,1.08,1.08,1.08,1000
CLX,20220328,1.03,1.03,1.03,1.03,900
CLX,20220329,1.045,1.045,1.045,1.045,1000
CLX,20220330,1.045,1.045,1.045,1.045,0
CLX,20220331,1.045,1.045,1.045,1.045,0
CLX,20220401,1.075,1.075,1.075,1.075,10
CLX,20220404,1.07,1.07,1.06,1.06,1537
CLX,20220405,1.06,1.06,1.06,1.06,9000
CLX,20220406,1.03,1.05,1.03,1.05,4733
CLX,20220407,1.05,1.055,1.05,1.055,10457
CLX,20220408,1.055,1.055,1.03,1.03,14062
CLX,20220411,1.03,1.03,1.03,1.03,0
CLX,20220412,1.03,1.03,1.03,1.03,0
CLX,20220413,1.03,1.03,1.03,1.03,0
CLX,20220414,1.045,1.045,1.03,1.03,5000
CLX,20220419,1.03,1.03,1.03,1.03,0
CLX,20220420,1.035,1.035,1.03,1.035,28786
CLX,20220421,1.035,1.035,1.03,1.035,28786
CLX,20220422,1.08,1.08,1.08,1.08,0
CLX,20220426,1.08,1.08,1.06,1.08,32717
CLX,20220427,1.075,1.075,1.075,1.075,2048
CLX,20220428,1.035,1.04,1.03,1.04,47060
CLX,20220429,1.03,1.03,1.005,1.025,6458
CLX,20220502,1.025,1.025,1.025,1.025,7859
CLX,20220503,1.04,1.055,1.04,1.055,25982
CLX,20220504,1.02,1.02,1.02,1.02,9803
CLX,20220505,1.02,1.02,1.02,1.02,1346
CLX,20220506,1.04,1.085,1.015,1.085,29143
CLX,20220509,1.05,1.05,1.03,1.03,880
CLX,20220510,1.02,1.03,1.005,1.005,28614
CLX,20220511,1.005,1.03,1,1.03,25996
CLX,20220512,1,1.03,0.99,1.03,25751
CLX,20220513,1.03,1.03,1.03,1.03,0
CLX,20220516,1.03,1.03,1.03,1.03,1942
CLX,20220517,1.03,1.03,1.03,1.03,0
CLX,20220518,1.03,1.03,1.03,1.03,10324
CLX,20220519,1.015,1.015,1.015,1.015,1595
CLX,20220520,1.045,1.045,1.045,1.045,180
CLX,20220523,1.05,1.05,1.05,1.05,12483
CLX,20220524,1.05,1.05,1,1,17515
CLX,20220525,1,1.03,1,1.03,28621
CLX,20220526,1.01,1.01,1.01,1.01,4090
CLX,20220527,1.01,1.01,1.01,1.01,2793
CLX,20220530,1.01,1.01,1.01,1.01,0
CLX,20220531,1.015,1.015,1.015,1.015,9000
CLX,20220601,1.015,1.025,1.01,1.01,16384
CLX,20220602,1.01,1.015,1.01,1.015,72824
CLX,20220603,1.01,1.025,1,1,39585
CLX,20220606,1,1,1,1,11422
CLX,20220607,1,1,0.99,1,17119
CLX,20220608,0.99,0.995,0.98,0.98,107725
CLX,20220609,0.98,0.98,0.98,0.98,5960
CLX,20220610,0.96,0.96,0.96,0.96,4544
CLX,20220614,0.98,1.05,0.86,1,122561
CLX,20220615,1.04,1.04,0.96,0.96,70589
CLX,20220616,0.99,1,0.98,0.98,10073
CLX,20220617,0.985,1,0.98,1,11002
CLX,20220620,1.01,1.01,0.95,0.95,35030
CLX,20220621,0.91,0.98,0.91,0.98,19950
CLX,20220622,0.98,0.98,0.98,0.98,0
CLX,20220623,0.98,0.98,0.98,0.98,0
CLX,20220624,1.005,1.005,0.95,0.95,15000
CLX,20220627,0.985,0.985,0.98,0.98,1000
CLX,20220628,0.98,0.98,0.98,0.98,0
CLX,20220629,0.98,0.98,0.98,0.98,0
CLX,20220630,0.99,0.99,0.99,0.99,4400
CLX,20220701,0.99,0.99,0.95,0.95,736
CLX,20220704,0.97,0.97,0.97,0.97,902
CLX,20220705,1,1,0.985,1,37010
CLX,20220706,1,1,0.985,0.985,28500
CLX,20220707,0.99,1,0.99,1,9128
CLX,20220708,1,1,1,1,2114
CLX,20220711,1.002,1.002,1,1,15980
CLX,20220712,1,1,1,1,85590
CLX,20220713,1,1,1,1,1776
CLX,20220714,1,1,1,1,0
CLX,20220715,1,1,1,1,0
CLX,20220718,1,1,1,1,0
CLX,20220719,1,1,1,1,0
CLX,20220720,1.03,1.03,1,1,25000
CLX,20220721,1,1,1,1,6000
CLX,20220722,1.055,1.055,1,1,8976
CLX,20220725,1,1,1,1,14
CLX,20220726,1,1,1,1,20000
CLX,20220727,1,1,1,1,0
CLX,20220728,1,1,1,1,0
CLX,20220729,1,1,1,1,460
CLX,20220801,1.01,1.02,1.01,1.02,1000
CLX,20220802,1.055,1.055,1.055,1.055,4519
CLX,20220803,1.055,1.19,1.055,1.19,126951
CLX,20220805,1.28,1.28,1.2,1.26,82491
CLX,20220808,1.27,1.27,1.21,1.21,4211
CLX,20220809,1.215,1.24,1.215,1.24,2800
CLX,20220810,1.24,1.24,1.24,1.24,15748
CLX,20220811,1.215,1.22,1.215,1.215,5480
CLX,20220812,1.22,1.22,1.19,1.2,116137
CLX,20220815,1.23,1.26,1.23,1.26,16752
CLX,20220816,1.265,1.28,1.265,1.275,39940
CLX,20220817,1.28,1.28,1.26,1.26,4780
CLX,20220818,1.28,1.28,1.26,1.26,1628
CLX,20220819,1.27,1.27,1.27,1.27,1557
CLX,20220822,1.27,1.28,1.27,1.28,6743
CLX,20220823,1.28,1.28,1.28,1.28,10594
CLX,20220824,1.26,1.26,1.24,1.24,4600
CLX,20220825,1.24,1.27,1.24,1.27,12857
CLX,20220826,1.27,1.27,1.27,1.27,1598
CLX,20220829,1.25,1.27,1.25,1.27,13612
CLX,20220830,1.27,1.27,1.27,1.27,632
CLX,20220831,1.27,1.28,1.25,1.28,39502
CLX,20220901,1.28,1.32,1.28,1.32,53100
CLX,20220902,1.32,1.5,1.32,1.45,71070
CLX,20220905,1.355,1.425,1.355,1.425,1174
CLX,20220906,1.45,1.45,1.445,1.45,5325
CLX,20220907,1.45,1.45,1.45,1.45,5000
CLX,20220909,1.35,1.35,1.28,1.315,16159
CLX,20220912,1.35,1.375,1.25,1.265,22597
CLX,20220913,1.255,1.31,1.255,1.31,58687
CLX,20220914,1.235,1.295,1.2,1.295,10581
CLX,20220915,1.26,1.26,1.21,1.21,33301
CLX,20220916,1.25,1.3,1.25,1.3,49162
CLX,20220919,1.3,1.3,1.28,1.28,154
CLX,20220920,1.295,1.335,1.28,1.3,19805
CLX,20220921,1.3,1.335,1.28,1.3,0
