COB,20170202,0.23,0.28,0.22,0.22,11166429
COB,20170203,0.225,0.225,0.18,0.18,4434899
COB,20170206,0.185,0.2,0.185,0.19,1134628
COB,20170207,0.19,0.21,0.185,0.185,2356509
COB,20170208,0.195,0.195,0.185,0.19,582980
COB,20170209,0.19,0.195,0.185,0.185,338939
COB,20170210,0.185,0.19,0.17,0.19,729482
COB,20170213,0.19,0.19,0.18,0.185,850341
COB,20170214,0.185,0.2,0.185,0.2,657423
COB,20170215,0.21,0.24,0.21,0.22,3377653
COB,20170216,0.22,0.225,0.205,0.21,1191915
COB,20170217,0.215,0.255,0.21,0.24,3705189
COB,20170220,0.25,0.25,0.23,0.23,3018995
COB,20170221,0.235,0.24,0.23,0.23,716932
COB,20170222,0.235,0.245,0.235,0.24,1539360
COB,20170223,0.24,0.295,0.235,0.275,10078628
COB,20170224,0.28,0.335,0.27,0.33,6316676
COB,20170227,0.36,0.395,0.325,0.335,11323050
COB,20170228,0.34,0.34,0.305,0.31,2591082
COB,20170301,0.32,0.33,0.305,0.31,1557707
COB,20170302,0.315,0.35,0.315,0.335,2614286
COB,20170303,0.33,0.33,0.305,0.315,921561
COB,20170306,0.315,0.35,0.315,0.325,1364356
COB,20170307,0.33,0.335,0.305,0.31,938726
COB,20170308,0.31,0.31,0.27,0.28,1763229
COB,20170309,0.275,0.275,0.26,0.265,945038
COB,20170310,0.265,0.285,0.255,0.28,1220708
COB,20170313,0.305,0.315,0.295,0.31,997211
COB,20170314,0.31,0.32,0.29,0.32,988265
COB,20170315,0.315,0.315,0.295,0.31,1581385
COB,20170316,0.31,0.33,0.305,0.325,492044
COB,20170317,0.325,0.33,0.3,0.3,775804
COB,20170320,0.3,0.31,0.29,0.29,570092
COB,20170321,0.295,0.305,0.29,0.29,322559
COB,20170322,0.285,0.285,0.275,0.275,587961
COB,20170323,0.275,0.28,0.275,0.28,223422
COB,20170324,0.285,0.285,0.275,0.28,300888
COB,20170327,0.275,0.28,0.27,0.275,557965
COB,20170328,0.3,0.31,0.27,0.27,1796968
COB,20170329,0.27,0.27,0.255,0.27,1015587
COB,20170330,0.26,0.26,0.255,0.26,278662
COB,20170331,0.255,0.27,0.25,0.25,337904
COB,20170403,0.25,0.26,0.24,0.245,551317
COB,20170404,0.245,0.275,0.235,0.27,1153036
COB,20170405,0.27,0.28,0.265,0.27,614832
COB,20170406,0.27,0.27,0.255,0.26,180874
COB,20170407,0.26,0.275,0.25,0.255,389378
COB,20170410,0.25,0.26,0.25,0.26,52243
COB,20170411,0.25,0.265,0.25,0.265,161555
COB,20170412,0.255,0.27,0.245,0.26,165885
COB,20170413,0.26,0.285,0.26,0.285,1272436
COB,20170418,0.275,0.275,0.25,0.255,655999
COB,20170419,0.25,0.255,0.25,0.25,285020
COB,20170420,0.25,0.25,0.24,0.24,649913
COB,20170421,0.25,0.255,0.24,0.24,160625
COB,20170424,0.245,0.25,0.235,0.24,157536
COB,20170426,0.245,0.26,0.24,0.25,579331
COB,20170427,0.25,0.25,0.245,0.245,202138
COB,20170428,0.24,0.245,0.235,0.245,77615
COB,20170501,0.25,0.25,0.235,0.235,242046
COB,20170502,0.245,0.245,0.22,0.22,503062
COB,20170503,0.225,0.225,0.21,0.21,353244
COB,20170504,0.225,0.23,0.22,0.225,362777
COB,20170505,0.225,0.225,0.215,0.215,150870
COB,20170508,0.22,0.23,0.215,0.215,42313
COB,20170509,0.215,0.215,0.205,0.21,387383
COB,20170510,0.22,0.225,0.22,0.225,47473
COB,20170511,0.215,0.225,0.215,0.22,202144
COB,20170512,0.22,0.22,0.21,0.22,203425
COB,20170515,0.22,0.22,0.2,0.2,513558
COB,20170516,0.2,0.205,0.195,0.205,436721
COB,20170517,0.21,0.21,0.2,0.2,178204
COB,20170518,0.195,0.205,0.195,0.205,20365
COB,20170519,0.205,0.205,0.2,0.205,45632
COB,20170522,0.205,0.205,0.2,0.2,247759
COB,20170523,0.2,0.21,0.2,0.21,188971
COB,20170524,0.21,0.225,0.195,0.195,1359597
COB,20170525,0.21,0.21,0.18,0.18,551431
COB,20170526,0.19,0.195,0.19,0.19,99206
COB,20170529,0.19,0.2,0.19,0.2,135714
COB,20170530,0.2,0.205,0.2,0.205,134991
COB,20170531,0.205,0.205,0.195,0.195,214062
COB,20170601,0.195,0.2,0.19,0.2,53928
COB,20170602,0.2,0.22,0.195,0.22,541890
COB,20170605,0.22,0.22,0.19,0.19,920443
COB,20170606,0.19,0.2,0.19,0.195,359119
COB,20170607,0.19,0.195,0.19,0.19,27514
COB,20170608,0.195,0.195,0.19,0.195,60918
COB,20170609,0.195,0.195,0.195,0.195,7500
COB,20170613,0.195,0.195,0.17,0.17,745128
COB,20170614,0.175,0.18,0.17,0.18,116086
COB,20170615,0.18,0.18,0.175,0.175,176365
COB,20170616,0.18,0.19,0.18,0.19,153940
COB,20170619,0.19,0.19,0.175,0.18,229428
COB,20170620,0.19,0.195,0.19,0.19,87689
COB,20170621,0.185,0.185,0.18,0.18,52800
COB,20170622,0.175,0.18,0.175,0.18,120453
COB,20170623,0.18,0.18,0.175,0.175,104812
COB,20170626,0.18,0.18,0.175,0.175,188386
COB,20170627,0.175,0.18,0.175,0.18,29069
COB,20170628,0.175,0.18,0.175,0.18,61008
COB,20170629,0.18,0.18,0.175,0.175,287925
COB,20170630,0.175,0.175,0.165,0.175,410330
COB,20170703,0.175,0.18,0.17,0.18,259390
COB,20170704,0.175,0.175,0.15,0.15,780482
COB,20170705,0.16,0.16,0.14,0.145,612588
COB,20170706,0.145,0.16,0.145,0.155,191424
COB,20170707,0.16,0.16,0.15,0.16,124300
COB,20170710,0.16,0.165,0.16,0.165,168815
COB,20170711,0.165,0.175,0.165,0.175,135739
COB,20170712,0.175,0.175,0.15,0.155,770504
COB,20170713,0.16,0.16,0.155,0.16,190066
COB,20170714,0.16,0.16,0.15,0.155,68269
COB,20170717,0.155,0.155,0.15,0.15,33340
COB,20170718,0.155,0.17,0.155,0.17,366254
COB,20170719,0.17,0.18,0.17,0.175,383107
COB,20170720,0.175,0.185,0.17,0.18,223995
COB,20170721,0.18,0.185,0.17,0.17,316489
COB,20170724,0.17,0.17,0.17,0.17,156690
COB,20170725,0.175,0.175,0.17,0.17,135635
COB,20170726,0.17,0.175,0.165,0.17,55921
COB,20170727,0.17,0.17,0.165,0.17,141086
COB,20170728,0.17,0.17,0.17,0.17,139675
COB,20170731,0.175,0.21,0.175,0.19,1355163
COB,20170801,0.2,0.2,0.18,0.18,448574
COB,20170802,0.185,0.2,0.185,0.2,314816
COB,20170803,0.2,0.2,0.19,0.19,408150
COB,20170804,0.19,0.19,0.18,0.18,306003
COB,20170807,0.195,0.195,0.185,0.19,216678
COB,20170808,0.195,0.21,0.19,0.21,628999
COB,20170809,0.215,0.215,0.2,0.21,268449
COB,20170810,0.21,0.21,0.195,0.205,208696
COB,20170811,0.195,0.195,0.18,0.185,442859
COB,20170815,0.185,0.19,0.18,0.19,158134
COB,20170816,0.19,0.19,0.18,0.19,167468
COB,20170817,0.18,0.19,0.18,0.18,80120
COB,20170818,0.19,0.19,0.185,0.19,86250
COB,20170821,0.19,0.19,0.18,0.185,258764
COB,20170822,0.18,0.18,0.175,0.175,134207
COB,20170823,0.18,0.19,0.175,0.175,301822
COB,20170824,0.18,0.19,0.18,0.19,128600
COB,20170825,0.19,0.19,0.18,0.19,58956
COB,20170828,0.19,0.19,0.19,0.19,59400
COB,20170829,0.195,0.195,0.19,0.19,121000
COB,20170830,0.19,0.195,0.185,0.195,270050
COB,20170831,0.195,0.195,0.185,0.19,87543
COB,20170901,0.185,0.19,0.185,0.19,126508
COB,20170904,0.19,0.19,0.185,0.185,211836
COB,20170905,0.185,0.19,0.185,0.19,13759
COB,20170906,0.185,0.185,0.175,0.18,197877
COB,20170907,0.18,0.18,0.175,0.175,26962
COB,20170908,0.175,0.18,0.175,0.175,97093
COB,20170911,0.175,0.175,0.165,0.17,651124
COB,20170912,0.165,0.165,0.145,0.165,431173
COB,20170913,0.165,0.175,0.16,0.175,480936
COB,20170914,0.175,0.18,0.175,0.175,89286
COB,20170915,0.195,0.2,0.17,0.195,1348106
COB,20170918,0.2,0.21,0.195,0.2,572988
COB,20170919,0.2,0.2,0.195,0.195,120990
COB,20170920,0.2,0.205,0.18,0.185,306121
COB,20170921,0.19,0.19,0.185,0.19,50402
COB,20170922,0.19,0.19,0.17,0.17,292090
COB,20170925,0.18,0.185,0.18,0.185,24732
COB,20170926,0.185,0.185,0.18,0.185,124433
COB,20170927,0.185,0.185,0.18,0.18,182617
COB,20170928,0.18,0.185,0.175,0.175,142513
COB,20170929,0.175,0.18,0.16,0.165,457977
COB,20171002,0.17,0.18,0.17,0.18,274470
COB,20171003,0.18,0.18,0.17,0.175,166948
COB,20171004,0.17,0.175,0.165,0.165,378450
COB,20171005,0.165,0.17,0.165,0.165,636890
COB,20171006,0.17,0.185,0.17,0.18,150163
COB,20171009,0.18,0.2,0.18,0.19,967101
COB,20171010,0.19,0.19,0.18,0.18,126162
COB,20171011,0.18,0.18,0.18,0.18,57008
COB,20171012,0.18,0.18,0.175,0.18,93215
COB,20171013,0.175,0.18,0.175,0.175,48444
COB,20171016,0.175,0.18,0.175,0.175,286701
COB,20171017,0.17,0.175,0.17,0.175,436347
COB,20171018,0.175,0.175,0.17,0.17,254092
COB,20171019,0.175,0.18,0.175,0.18,362097
COB,20171020,0.18,0.19,0.175,0.19,229726
COB,20171023,0.195,0.195,0.18,0.19,234633
COB,20171024,0.195,0.195,0.18,0.185,399730
COB,20171025,0.185,0.185,0.18,0.18,143178
COB,20171026,0.185,0.215,0.185,0.195,3902836
COB,20171027,0.195,0.21,0.19,0.19,1120199
COB,20171030,0.19,0.195,0.185,0.19,430865
COB,20171031,0.195,0.24,0.19,0.24,2471929
COB,20171101,0.24,0.24,0.215,0.23,2256366
COB,20171102,0.23,0.26,0.23,0.26,1893117
COB,20171103,0.27,0.285,0.26,0.285,2043351
COB,20171106,0.29,0.29,0.265,0.275,1506766
COB,20171107,0.275,0.31,0.275,0.305,2372542
COB,20171108,0.31,0.32,0.28,0.285,1297631
COB,20171109,0.29,0.31,0.285,0.285,1424277
COB,20171110,0.29,0.31,0.285,0.285,1424277
COB,20171113,0.28,0.285,0.25,0.275,1762252
COB,20171114,0.27,0.275,0.255,0.255,1321534
COB,20171115,0.25,0.25,0.235,0.235,927989
COB,20171116,0.235,0.25,0.23,0.24,646535
COB,20171117,0.25,0.255,0.235,0.235,414826
COB,20171120,0.24,0.245,0.23,0.235,397096
COB,20171121,0.25,0.272,0.245,0.265,2169187
COB,20171122,0.27,0.285,0.255,0.285,1612045
COB,20171123,0.285,0.285,0.285,0.285,0
COB,20171124,0.285,0.285,0.285,0.285,0
COB,20171127,0.275,0.34,0.26,0.34,3835271
COB,20171128,0.35,0.355,0.315,0.337,2019637
COB,20171129,0.345,0.4,0.345,0.38,2680498
COB,20171130,0.385,0.45,0.375,0.375,3299712
COB,20171201,0.38,0.42,0.375,0.42,1859538
COB,20171204,0.43,0.6,0.425,0.595,5490582
COB,20171205,0.635,0.715,0.525,0.525,5672063
COB,20171206,0.52,0.525,0.465,0.48,3017576
COB,20171207,0.48,0.58,0.47,0.55,3019701
COB,20171208,0.56,0.61,0.555,0.57,2079881
COB,20171211,0.625,0.7,0.615,0.675,4132726
COB,20171212,0.68,0.69,0.565,0.61,2909354
COB,20171213,0.61,0.64,0.545,0.56,1609227
COB,20171214,0.585,0.615,0.57,0.61,1028503
COB,20171215,0.62,0.62,0.59,0.605,641808
COB,20171218,0.625,0.69,0.625,0.68,1815034
COB,20171219,0.68,0.77,0.645,0.71,2954332
COB,20171220,0.71,0.75,0.7,0.745,1580404
COB,20171221,0.755,0.82,0.75,0.81,1949525
COB,20171222,0.855,0.89,0.82,0.845,2153055
COB,20171227,0.85,0.875,0.815,0.84,1119622
COB,20171228,0.815,0.835,0.72,0.74,1950371
COB,20171229,0.765,0.795,0.76,0.795,778341
COB,20180102,0.8,0.81,0.775,0.795,768652
COB,20180103,0.82,0.83,0.805,0.83,651029
COB,20180104,0.84,0.84,0.78,0.785,781249
COB,20180105,0.79,0.79,0.71,0.745,1195000
COB,20180108,0.745,0.75,0.63,0.7,2214065
COB,20180109,0.715,0.715,0.66,0.665,880635
COB,20180110,0.69,0.725,0.685,0.72,877636
COB,20180111,0.76,0.795,0.755,0.78,1377532
COB,20180112,0.8,0.82,0.795,0.815,864697
COB,20180115,0.82,0.845,0.815,0.845,1385279
COB,20180116,0.855,0.855,0.8,0.8,856641
COB,20180117,0.825,0.825,0.755,0.795,857998
COB,20180118,0.825,0.825,0.77,0.8,561094
COB,20180119,0.81,0.81,0.75,0.78,563553
COB,20180122,0.8,0.8,0.74,0.74,678436
COB,20180123,0.77,0.78,0.74,0.77,444258
COB,20180124,0.785,0.805,0.745,0.75,851860
COB,20180125,0.78,0.785,0.71,0.74,773703
COB,20180129,0.75,0.775,0.705,0.725,739376
COB,20180130,0.7,0.7,0.67,0.67,828832
COB,20180131,0.66,0.66,0.59,0.645,2740926
COB,20180201,0.64,0.69,0.64,0.68,848992
COB,20180202,0.68,0.685,0.645,0.655,362505
COB,20180205,0.615,0.64,0.59,0.6,1317387
COB,20180207,0.595,0.64,0.595,0.6,506867
COB,20180208,0.635,0.635,0.595,0.605,275109
COB,20180209,0.59,0.625,0.56,0.605,636858
COB,20180212,0.61,0.645,0.6,0.62,521851
COB,20180213,0.65,0.69,0.63,0.69,1046978
COB,20180214,0.7,0.7,0.645,0.68,439675
COB,20180215,0.69,0.7,0.655,0.69,284647
COB,20180216,0.69,0.69,0.67,0.67,171594
COB,20180219,0.695,0.695,0.665,0.685,542099
COB,20180220,0.68,0.68,0.65,0.67,80378
COB,20180221,0.655,0.66,0.63,0.64,118578
COB,20180222,0.65,0.68,0.635,0.68,448097
COB,20180223,0.68,0.685,0.66,0.67,317294
COB,20180226,0.68,0.685,0.655,0.67,412686
COB,20180227,0.68,0.68,0.66,0.67,212584
COB,20180228,0.68,0.68,0.665,0.68,252137
COB,20180301,0.68,0.69,0.66,0.66,443281
COB,20180302,0.68,0.68,0.655,0.66,183422
COB,20180305,0.665,0.7,0.66,0.66,140362
COB,20180306,0.675,0.74,0.67,0.73,809750
COB,20180307,0.75,0.76,0.68,0.685,890142
COB,20180308,0.69,0.72,0.68,0.72,522900
COB,20180309,0.73,0.74,0.715,0.73,224231
COB,20180312,0.75,0.85,0.75,0.815,1418060
COB,20180313,0.84,0.865,0.795,0.84,1939776
COB,20180314,0.88,1.01,0.87,1.01,2106079
COB,20180315,1.01,1.01,1.01,1.01,0
COB,20180316,1.01,1.01,1.01,1.01,0
COB,20180319,1.145,1.235,1.025,1.04,2359645
COB,20180320,1.05,1.11,1.04,1.07,1438760
COB,20180321,1.09,1.24,1.07,1.24,2020994
COB,20180322,1.27,1.31,1.17,1.25,2138181
COB,20180323,1.25,1.395,1.25,1.38,2225350
COB,20180326,1.445,1.5,1.37,1.385,2288262
COB,20180327,1.41,1.43,1.23,1.305,1602393
COB,20180328,1.28,1.36,1.24,1.315,695493
COB,20180329,1.36,1.37,1.29,1.33,826890
COB,20180403,1.305,1.45,1.3,1.4,1216268
COB,20180404,1.445,1.6,1.445,1.57,1335820
COB,20180405,1.59,1.67,1.47,1.53,1194887
COB,20180406,1.535,1.535,1.305,1.4,1383906
COB,20180409,1.4,1.4,1.26,1.39,868299
COB,20180410,1.41,1.465,1.405,1.46,444921
COB,20180411,1.47,1.47,1.36,1.38,291350
COB,20180412,1.395,1.395,1.28,1.315,541106
COB,20180413,1.32,1.4,1.32,1.33,418613
COB,20180416,1.35,1.37,1.29,1.315,256214
COB,20180417,1.315,1.315,1.165,1.255,729576
COB,20180418,1.25,1.31,1.23,1.23,260261
COB,20180419,1.23,1.295,1.225,1.285,276059
COB,20180420,1.27,1.285,1.255,1.255,185428
COB,20180423,1.27,1.345,1.27,1.345,532712
COB,20180424,1.34,1.405,1.3,1.32,365041
COB,20180426,1.32,1.345,1.31,1.33,222952
COB,20180427,1.35,1.38,1.315,1.325,247125
COB,20180430,1.33,1.335,1.285,1.285,239330
COB,20180501,1.305,1.305,1.2,1.24,356437
COB,20180502,1.27,1.335,1.27,1.33,464564
COB,20180503,1.315,1.315,1.245,1.245,291489
COB,20180504,1.25,1.265,1.02,1.04,2213062
COB,20180507,1.09,1.17,1.05,1.13,1786258
COB,20180508,1.12,1.2,1.1,1.195,576635
COB,20180509,1.23,1.23,1.16,1.22,498550
COB,20180510,1.205,1.28,1.2,1.265,751095
COB,20180511,1.265,1.32,1.265,1.27,482950
COB,20180514,1.27,1.31,1.22,1.26,442485
COB,20180515,1.26,1.29,1.23,1.25,236023
COB,20180516,1.25,1.25,1.185,1.2,151771
COB,20180517,1.2,1.2,1.12,1.15,403860
COB,20180518,1.16,1.2,1.14,1.16,247762
COB,20180521,1.185,1.26,1.185,1.25,375573
COB,20180522,1.28,1.29,1.23,1.255,557611
COB,20180523,1.26,1.26,1.2,1.22,182283
COB,20180524,1.22,1.22,1.17,1.18,243945
COB,20180525,1.2,1.205,1.145,1.16,346253
COB,20180528,1.16,1.21,1.15,1.2,216262
COB,20180529,1.205,1.27,1.2,1.27,385031
COB,20180530,1.25,1.25,1.205,1.225,106005
COB,20180531,1.27,1.27,1.195,1.2,312812
COB,20180601,1.19,1.19,1.13,1.145,561758
COB,20180604,1.17,1.2,1.155,1.195,154835
COB,20180605,1.185,1.2,1.18,1.18,129667
COB,20180606,1.185,1.195,1.165,1.185,227800
COB,20180607,1.19,1.2,1.145,1.155,302749
COB,20180608,1.16,1.175,1.125,1.142,204105
COB,20180612,1.13,1.18,1.1,1.1,371073
COB,20180613,1.105,1.13,1.06,1.06,275233
COB,20180614,1.06,1.12,1.06,1.115,249421
COB,20180615,1.12,1.125,1.055,1.09,240681
COB,20180618,1.09,1.09,1.04,1.05,212055
COB,20180619,1.05,1.05,0.95,0.96,580861
COB,20180620,0.93,0.985,0.91,0.96,511004
COB,20180621,0.98,1.05,0.97,1.05,295251
COB,20180622,1.045,1.09,0.97,1.03,523971
COB,20180625,1.025,1.025,0.99,0.99,236377
COB,20180626,0.965,1,0.935,0.975,337141
COB,20180627,0.95,0.985,0.92,0.92,390762
COB,20180628,0.92,0.965,0.91,0.93,495475
COB,20180629,0.96,0.975,0.94,0.96,366141
COB,20180702,0.96,0.96,0.96,0.96,0
COB,20180703,0.96,0.96,0.96,0.96,0
COB,20180704,0.88,0.88,0.65,0.735,3733086
COB,20180705,0.72,0.72,0.59,0.595,2732801
COB,20180706,0.63,0.66,0.63,0.64,1092044
COB,20180710,0.72,0.72,0.69,0.715,627365
COB,20180711,0.73,0.73,0.695,0.695,579097
COB,20180712,0.7,0.71,0.69,0.695,350949
COB,20180713,0.7,0.71,0.69,0.695,255422
COB,20180716,0.695,0.695,0.665,0.675,273208
COB,20180717,0.67,0.695,0.645,0.645,454851
COB,20180718,0.66,0.66,0.59,0.59,1219521
COB,20180719,0.61,0.645,0.595,0.61,470376
COB,20180720,0.625,0.64,0.6,0.6,275641
COB,20180723,0.62,0.62,0.59,0.59,369543
COB,20180724,0.6,0.6,0.55,0.55,443969
COB,20180725,0.555,0.555,0.475,0.53,1957082
COB,20180726,0.525,0.55,0.515,0.535,705337
COB,20180727,0.55,0.56,0.51,0.515,456069
COB,20180730,0.52,0.535,0.515,0.53,202167
COB,20180731,0.54,0.54,0.51,0.515,251233
COB,20180801,0.54,0.625,0.505,0.615,1584516
COB,20180802,0.615,0.615,0.56,0.565,748355
COB,20180803,0.57,0.58,0.56,0.57,360598
COB,20180806,0.585,0.625,0.585,0.6,892177
COB,20180807,0.595,0.595,0.565,0.58,194144
COB,20180808,0.59,0.595,0.58,0.595,183791
COB,20180809,0.595,0.595,0.575,0.58,175393
COB,20180810,0.58,0.59,0.57,0.59,104488
COB,20180813,0.59,0.59,0.56,0.565,317309
COB,20180814,0.57,0.57,0.555,0.56,188108
COB,20180816,0.555,0.555,0.52,0.52,316984
COB,20180817,0.53,0.565,0.525,0.565,143239
COB,20180820,0.54,0.565,0.535,0.535,67748
COB,20180821,0.54,0.57,0.54,0.555,119689
COB,20180822,0.555,0.57,0.555,0.56,301587
COB,20180823,0.57,0.57,0.555,0.56,116575
COB,20180824,0.56,0.57,0.535,0.535,120256
COB,20180827,0.535,0.545,0.525,0.54,204171
COB,20180828,0.53,0.535,0.527,0.53,119389
COB,20180829,0.53,0.532,0.51,0.515,267194
COB,20180830,0.5,0.51,0.475,0.48,501839
COB,20180831,0.485,0.49,0.45,0.465,264940
COB,20180903,0.46,0.46,0.45,0.455,170769
COB,20180904,0.46,0.48,0.45,0.45,277848
COB,20180905,0.45,0.47,0.44,0.455,146063
COB,20180906,0.445,0.445,0.41,0.415,233575
COB,20180907,0.415,0.425,0.385,0.42,996584
COB,20180910,0.41,0.415,0.405,0.405,190479
COB,20180913,0.435,0.44,0.425,0.435,66099
COB,20180914,0.45,0.495,0.45,0.47,276688
COB,20180917,0.46,0.47,0.45,0.45,144983
COB,20180918,0.395,0.395,0.34,0.36,1757231
COB,20180919,0.355,0.355,0.285,0.295,2614544
COB,20180920,0.3,0.33,0.3,0.32,715443
COB,20180921,0.315,0.345,0.31,0.33,623606
COB,20180924,0.34,0.36,0.31,0.31,743381
COB,20180925,0.32,0.325,0.31,0.32,149049
COB,20180926,0.32,0.335,0.32,0.33,242110
COB,20180927,0.335,0.335,0.315,0.315,77470
COB,20180928,0.325,0.33,0.32,0.32,99777
COB,20181001,0.32,0.325,0.315,0.32,99997
COB,20181002,0.325,0.35,0.325,0.34,236229
COB,20181003,0.34,0.34,0.325,0.325,140213
COB,20181004,0.325,0.335,0.32,0.32,475464
COB,20181005,0.325,0.325,0.32,0.32,872763
COB,20181008,0.325,0.325,0.3,0.3,416803
COB,20181009,0.3,0.31,0.3,0.3,359164
COB,20181010,0.305,0.31,0.305,0.305,34801
COB,20181011,0.3,0.3,0.29,0.29,175417
COB,20181012,0.29,0.29,0.28,0.285,250120
COB,20181015,0.285,0.285,0.26,0.28,207683
COB,20181016,0.27,0.275,0.27,0.275,19842
COB,20181017,0.27,0.3,0.27,0.3,194868
COB,20181018,0.3,0.33,0.3,0.32,426965
COB,20181019,0.32,0.32,0.3,0.3,306264
COB,20181022,0.31,0.315,0.3,0.3,153936
COB,20181023,0.305,0.31,0.305,0.31,76768
COB,20181024,0.305,0.315,0.3,0.3,97982
COB,20181025,0.25,0.25,0.2,0.22,1890539
COB,20181026,0.225,0.24,0.21,0.21,379653
COB,20181030,0.22,0.23,0.22,0.22,129871
COB,20181031,0.22,0.235,0.22,0.225,275714
COB,20181101,0.22,0.23,0.215,0.23,101887
COB,20181102,0.22,0.24,0.22,0.23,249325
COB,20181105,0.24,0.24,0.23,0.23,313087
COB,20181106,0.23,0.23,0.22,0.22,130882
COB,20181107,0.23,0.255,0.23,0.25,1545708
COB,20181108,0.255,0.255,0.24,0.245,281334
COB,20181109,0.24,0.24,0.235,0.235,192822
COB,20181112,0.235,0.245,0.23,0.23,234261
COB,20181113,0.23,0.23,0.22,0.22,181910
COB,20181114,0.22,0.225,0.215,0.215,323917
COB,20181115,0.225,0.23,0.22,0.22,378338
COB,20181116,0.23,0.245,0.225,0.245,389550
COB,20181119,0.245,0.245,0.225,0.225,209337
COB,20181120,0.235,0.235,0.225,0.225,74451
COB,20181121,0.22,0.23,0.21,0.21,230883
COB,20181122,0.21,0.23,0.21,0.23,503627
COB,20181123,0.23,0.23,0.22,0.23,43403
COB,20181126,0.22,0.23,0.215,0.215,39632
COB,20181127,0.22,0.225,0.215,0.215,92429
COB,20181128,0.215,0.225,0.215,0.215,34540
COB,20181129,0.225,0.235,0.225,0.235,251864
COB,20181130,0.235,0.235,0.215,0.22,104360
COB,20181203,0.22,0.225,0.215,0.215,69454
COB,20181204,0.235,0.235,0.225,0.23,423527
COB,20181205,0.23,0.23,0.22,0.225,86988
COB,20181206,0.225,0.225,0.225,0.225,0
COB,20181207,0.23,0.235,0.22,0.225,264716
COB,20181210,0.22,0.23,0.215,0.215,238235
COB,20181211,0.225,0.23,0.22,0.22,83234
COB,20181212,0.22,0.225,0.215,0.225,92376
COB,20181213,0.22,0.23,0.22,0.22,66113
COB,20181214,0.22,0.22,0.215,0.215,85134
COB,20181217,0.215,0.215,0.2,0.21,499083
COB,20181218,0.21,0.21,0.21,0.21,4545
COB,20181219,0.205,0.205,0.195,0.205,205687
COB,20181220,0.195,0.2,0.195,0.195,23436
COB,20181221,0.195,0.195,0.195,0.195,8733
COB,20181224,0.195,0.2,0.195,0.2,42797
COB,20181227,0.2,0.2,0.195,0.2,167048
COB,20181228,0.2,0.2,0.195,0.195,10475
COB,20181231,0.2,0.21,0.19,0.205,35906
COB,20190102,0.22,0.22,0.21,0.21,40719
COB,20190103,0.21,0.21,0.205,0.205,38692
COB,20190104,0.205,0.21,0.205,0.205,104711
COB,20190107,0.21,0.21,0.2,0.205,67893
COB,20190108,0.205,0.205,0.205,0.205,71500
COB,20190109,0.2,0.2,0.2,0.2,131349
COB,20190110,0.2,0.2,0.195,0.195,96337
COB,20190111,0.2,0.2,0.19,0.19,11813
COB,20190114,0.19,0.19,0.185,0.185,85524
COB,20190115,0.19,0.19,0.18,0.18,113085
COB,20190116,0.18,0.19,0.18,0.19,11066
COB,20190117,0.185,0.19,0.175,0.175,82112
COB,20190118,0.18,0.185,0.18,0.18,241788
COB,20190121,0.18,0.18,0.165,0.175,437468
COB,20190122,0.175,0.175,0.175,0.175,0
COB,20190123,0.17,0.175,0.17,0.175,162277
COB,20190124,0.17,0.17,0.17,0.17,33249
COB,20190125,0.17,0.17,0.165,0.165,126958
COB,20190129,0.17,0.175,0.17,0.17,116298
COB,20190130,0.17,0.17,0.165,0.165,82720
COB,20190131,0.165,0.165,0.165,0.165,160159
COB,20190201,0.165,0.165,0.16,0.165,113076
COB,20190204,0.17,0.17,0.165,0.165,45088
COB,20190205,0.17,0.175,0.16,0.17,327482
COB,20190206,0.175,0.195,0.17,0.19,406448
COB,20190207,0.185,0.19,0.165,0.165,387241
COB,20190208,0.17,0.17,0.165,0.17,142491
COB,20190211,0.17,0.175,0.17,0.175,33081
COB,20190212,0.17,0.18,0.17,0.18,148420
COB,20190213,0.18,0.18,0.17,0.175,120053
COB,20190214,0.165,0.17,0.16,0.165,826441
COB,20190215,0.165,0.165,0.155,0.155,341565
COB,20190218,0.16,0.17,0.145,0.145,728355
COB,20190219,0.145,0.155,0.145,0.145,384629
COB,20190220,0.15,0.155,0.145,0.145,174150
COB,20190221,0.155,0.155,0.14,0.14,151280
COB,20190222,0.145,0.15,0.14,0.145,264221
COB,20190225,0.15,0.155,0.15,0.155,31981
COB,20190226,0.155,0.155,0.15,0.15,267591
COB,20190227,0.155,0.165,0.155,0.16,718835
COB,20190228,0.165,0.17,0.16,0.165,225687
COB,20190301,0.165,0.165,0.15,0.15,744782
COB,20190304,0.15,0.16,0.15,0.16,420015
COB,20190305,0.16,0.165,0.16,0.165,237198
COB,20190306,0.165,0.17,0.16,0.16,36827
COB,20190307,0.16,0.165,0.16,0.165,414775
COB,20190308,0.165,0.165,0.16,0.16,449557
COB,20190311,0.165,0.165,0.16,0.16,94145
COB,20190312,0.155,0.155,0.15,0.155,83251
COB,20190313,0.155,0.155,0.155,0.155,7217
COB,20190314,0.15,0.15,0.15,0.15,210000
COB,20190315,0.15,0.15,0.14,0.145,255464
COB,20190318,0.145,0.145,0.145,0.145,27673
COB,20190319,0.145,0.15,0.145,0.15,50000
COB,20190320,0.14,0.145,0.14,0.145,89000
COB,20190321,0.145,0.145,0.145,0.145,46200
COB,20190322,0.15,0.15,0.14,0.145,2026
COB,20190325,0.145,0.145,0.14,0.14,46241
COB,20190326,0.145,0.15,0.145,0.145,93878
COB,20190327,0.145,0.145,0.145,0.145,32000
COB,20190328,0.145,0.145,0.14,0.145,32750
COB,20190329,0.14,0.145,0.14,0.145,16585
COB,20190401,0.15,0.15,0.15,0.15,16550
COB,20190402,0.15,0.15,0.145,0.15,64852
COB,20190403,0.15,0.15,0.15,0.15,36850
COB,20190404,0.15,0.165,0.15,0.15,558649
COB,20190405,0.15,0.15,0.145,0.15,146182
COB,20190408,0.15,0.15,0.145,0.145,43826
COB,20190409,0.15,0.165,0.145,0.15,203530
COB,20190410,0.155,0.155,0.145,0.15,148770
COB,20190411,0.15,0.15,0.145,0.145,30052
COB,20190412,0.145,0.145,0.145,0.145,3775
COB,20190415,0.145,0.155,0.145,0.15,109561
COB,20190416,0.15,0.15,0.15,0.15,121323
COB,20190417,0.15,0.15,0.15,0.15,1500
COB,20190418,0.155,0.155,0.15,0.15,73282
COB,20190423,0.155,0.155,0.155,0.155,62223
COB,20190424,0.15,0.15,0.145,0.15,45820
COB,20190426,0.145,0.15,0.145,0.145,147970
COB,20190429,0.145,0.145,0.14,0.14,317548
COB,20190430,0.145,0.145,0.14,0.14,67059
COB,20190501,0.14,0.145,0.14,0.145,37274
COB,20190502,0.14,0.145,0.14,0.14,52206
COB,20190503,0.145,0.15,0.145,0.15,77445
COB,20190506,0.15,0.15,0.145,0.15,171480
COB,20190507,0.15,0.15,0.135,0.135,514848
COB,20190508,0.14,0.14,0.135,0.135,182459
COB,20190509,0.145,0.145,0.145,0.145,39500
COB,20190510,0.14,0.145,0.14,0.14,18076
COB,20190513,0.14,0.145,0.13,0.145,331274
COB,20190514,0.145,0.15,0.13,0.13,468856
COB,20190515,0.145,0.155,0.145,0.155,277531
COB,20190516,0.15,0.17,0.15,0.15,276425
COB,20190517,0.15,0.155,0.135,0.14,343219
COB,20190520,0.14,0.145,0.13,0.13,227172
COB,20190521,0.13,0.13,0.125,0.13,176332
COB,20190522,0.125,0.14,0.125,0.14,333419
COB,20190523,0.14,0.14,0.13,0.14,194458
COB,20190524,0.13,0.14,0.125,0.14,167282
COB,20190527,0.14,0.14,0.13,0.13,73725
COB,20190528,0.135,0.14,0.135,0.14,136214
COB,20190529,0.135,0.135,0.13,0.13,113175
COB,20190530,0.13,0.132,0.13,0.132,28050
COB,20190531,0.13,0.24,0.13,0.17,8039927
COB,20190603,0.17,0.175,0.145,0.145,2088632
COB,20190604,0.15,0.18,0.145,0.175,2063711
COB,20190605,0.18,0.18,0.165,0.165,262286
COB,20190606,0.165,0.165,0.16,0.16,318013
COB,20190607,0.16,0.16,0.155,0.155,703658
COB,20190611,0.15,0.15,0.145,0.145,389905
COB,20190612,0.145,0.145,0.135,0.135,548019
COB,20190613,0.14,0.16,0.14,0.14,622463
COB,20190614,0.145,0.15,0.145,0.145,102459
COB,20190617,0.155,0.155,0.15,0.15,67501
COB,20190618,0.15,0.15,0.145,0.145,156876
COB,20190619,0.15,0.15,0.145,0.145,58369
COB,20190620,0.145,0.145,0.13,0.13,1417518
COB,20190621,0.13,0.14,0.13,0.135,156163
COB,20190624,0.14,0.15,0.13,0.145,651882
COB,20190625,0.14,0.145,0.135,0.145,171061
COB,20190626,0.135,0.145,0.135,0.145,146881
COB,20190627,0.14,0.14,0.135,0.14,200684
COB,20190628,0.14,0.14,0.125,0.13,1481038
COB,20190701,0.135,0.137,0.135,0.135,27571
COB,20190702,0.13,0.13,0.13,0.13,97169
COB,20190703,0.13,0.135,0.13,0.135,15143
COB,20190704,0.135,0.135,0.135,0.135,14876
COB,20190705,0.13,0.13,0.13,0.13,268745
COB,20190708,0.135,0.137,0.125,0.125,287904
COB,20190709,0.135,0.135,0.135,0.135,30102
COB,20190710,0.14,0.14,0.135,0.14,155615
COB,20190711,0.14,0.155,0.14,0.145,158010
COB,20190712,0.145,0.145,0.145,0.145,13141
COB,20190715,0.15,0.155,0.145,0.145,285343
COB,20190716,0.145,0.145,0.145,0.145,51515
COB,20190717,0.14,0.14,0.14,0.14,50000
COB,20190718,0.145,0.145,0.14,0.145,235052
COB,20190719,0.145,0.145,0.14,0.14,228535
COB,20190722,0.145,0.145,0.14,0.14,509613
COB,20190723,0.145,0.145,0.145,0.145,193399
COB,20190724,0.145,0.145,0.14,0.14,641432
COB,20190725,0.14,0.14,0.135,0.135,545869
COB,20190726,0.135,0.135,0.13,0.13,608513
COB,20190729,0.13,0.14,0.13,0.135,401638
COB,20190730,0.135,0.135,0.13,0.13,202676
COB,20190731,0.13,0.13,0.12,0.12,2410352
COB,20190801,0.12,0.125,0.12,0.125,399347
COB,20190802,0.12,0.12,0.115,0.115,527469
COB,20190805,0.115,0.125,0.11,0.11,827276
COB,20190806,0.105,0.115,0.097,0.11,1052850
COB,20190807,0.11,0.12,0.11,0.12,236043
COB,20190808,0.12,0.12,0.115,0.115,72157
COB,20190809,0.115,0.12,0.115,0.12,283601
COB,20190812,0.12,0.125,0.12,0.125,508984
COB,20190813,0.12,0.125,0.12,0.125,133842
COB,20190814,0.12,0.13,0.12,0.13,163500
COB,20190815,0.125,0.13,0.125,0.125,94051
COB,20190816,0.125,0.125,0.12,0.12,14207
COB,20190819,0.12,0.125,0.12,0.125,35000
COB,20190820,0.125,0.125,0.125,0.125,264313
COB,20190821,0.13,0.13,0.125,0.125,144617
COB,20190822,0.13,0.14,0.125,0.14,596648
COB,20190823,0.14,0.145,0.14,0.145,418643
COB,20190826,0.14,0.145,0.14,0.145,337762
COB,20190827,0.15,0.15,0.14,0.14,317136
COB,20190828,0.15,0.15,0.14,0.14,309027
COB,20190829,0.14,0.15,0.14,0.145,185767
COB,20190830,0.15,0.15,0.145,0.145,288676
COB,20190902,0.15,0.155,0.145,0.155,420186
COB,20190903,0.15,0.155,0.15,0.155,130567
COB,20190904,0.16,0.185,0.15,0.175,986356
COB,20190905,0.185,0.2,0.18,0.18,880087
COB,20190906,0.185,0.195,0.185,0.185,369316
COB,20190909,0.19,0.195,0.185,0.185,307950
COB,20190910,0.195,0.195,0.175,0.175,337800
COB,20190911,0.175,0.175,0.155,0.175,321402
COB,20190912,0.175,0.18,0.17,0.175,199569
COB,20190913,0.18,0.18,0.17,0.17,47597
COB,20190916,0.17,0.175,0.17,0.175,67201
COB,20190917,0.17,0.175,0.17,0.17,41093
COB,20190918,0.175,0.175,0.16,0.17,170990
COB,20190919,0.165,0.17,0.16,0.16,329149
COB,20190920,0.16,0.165,0.16,0.16,300141
COB,20190923,0.16,0.16,0.15,0.15,408266
COB,20190924,0.165,0.165,0.15,0.15,300774
COB,20190925,0.15,0.15,0.15,0.15,190302
COB,20190926,0.15,0.155,0.145,0.155,185964
COB,20190927,0.155,0.165,0.15,0.15,131572
COB,20190930,0.15,0.15,0.15,0.15,3010
COB,20191001,0.15,0.15,0.15,0.15,35000
COB,20191002,0.15,0.15,0.145,0.15,132754
COB,20191003,0.15,0.15,0.145,0.145,171368
COB,20191004,0.145,0.145,0.14,0.14,213498
COB,20191007,0.145,0.145,0.145,0.145,53290
COB,20191008,0.145,0.145,0.14,0.14,132149
COB,20191009,0.145,0.145,0.14,0.14,138214
COB,20191010,0.14,0.14,0.14,0.14,32412
COB,20191011,0.15,0.15,0.14,0.14,202637
COB,20191014,0.14,0.14,0.135,0.135,90164
COB,20191015,0.135,0.14,0.135,0.14,297106
COB,20191016,0.135,0.135,0.135,0.135,16676
COB,20191017,0.135,0.135,0.13,0.135,73866
COB,20191018,0.135,0.135,0.13,0.13,64395
COB,20191021,0.14,0.14,0.14,0.14,39576
COB,20191022,0.14,0.14,0.14,0.14,15000
COB,20191023,0.14,0.14,0.13,0.14,63005
COB,20191024,0.135,0.135,0.135,0.135,3838
COB,20191025,0.135,0.14,0.13,0.13,39684
COB,20191028,0.13,0.14,0.13,0.14,70860
COB,20191029,0.15,0.15,0.135,0.135,40609
COB,20191030,0.135,0.135,0.135,0.135,64573
COB,20191031,0.135,0.135,0.135,0.135,8300
COB,20191101,0.135,0.14,0.135,0.14,34370
COB,20191104,0.14,0.14,0.14,0.14,43748
COB,20191105,0.135,0.14,0.135,0.14,68013
COB,20191106,0.135,0.14,0.135,0.135,113872
COB,20191107,0.135,0.135,0.135,0.135,20926
COB,20191108,0.13,0.145,0.13,0.145,138719
COB,20191111,0.14,0.14,0.135,0.14,167505
COB,20191112,0.14,0.14,0.135,0.135,27453
COB,20191113,0.135,0.145,0.135,0.14,10036
COB,20191114,0.145,0.15,0.14,0.14,109170
COB,20191115,0.14,0.14,0.14,0.14,29100
COB,20191118,0.14,0.142,0.135,0.142,85184
COB,20191119,0.14,0.14,0.135,0.135,73678
COB,20191120,0.135,0.135,0.135,0.135,194549
COB,20191121,0.13,0.13,0.13,0.13,1250
COB,20191122,0.13,0.137,0.13,0.137,108930
COB,20191125,0.14,0.14,0.135,0.135,189309
COB,20191126,0.135,0.14,0.135,0.135,486749
COB,20191127,0.135,0.135,0.13,0.135,350849
COB,20191128,0.14,0.14,0.14,0.14,5000
COB,20191129,0.14,0.14,0.14,0.14,0
COB,20191202,0.14,0.14,0.14,0.14,0
COB,20191203,0.14,0.14,0.14,0.14,0
COB,20191204,0.115,0.17,0.115,0.145,500568
COB,20191205,0.15,0.15,0.135,0.135,370502
COB,20191206,0.135,0.135,0.13,0.13,6423
COB,20191209,0.13,0.135,0.125,0.135,50159
COB,20191210,0.135,0.145,0.135,0.135,68118
COB,20191211,0.135,0.135,0.13,0.13,22539
COB,20191212,0.14,0.14,0.125,0.125,65544
COB,20191213,0.13,0.13,0.13,0.13,9500
COB,20191216,0.13,0.13,0.125,0.13,127745
COB,20191217,0.13,0.13,0.125,0.125,156703
COB,20191218,0.13,0.13,0.13,0.13,18500
COB,20191219,0.135,0.135,0.13,0.13,23763
COB,20191220,0.14,0.14,0.14,0.14,145400
COB,20191223,0.135,0.135,0.13,0.135,39725
COB,20191224,0.14,0.14,0.135,0.135,135505
COB,20191227,0.14,0.14,0.14,0.14,37371
COB,20191230,0.14,0.14,0.135,0.135,12268
COB,20191231,0.14,0.14,0.135,0.14,174209
COB,20200102,0.135,0.145,0.135,0.14,67846
COB,20200103,0.135,0.145,0.135,0.145,22400
COB,20200106,0.14,0.14,0.135,0.14,108909
COB,20200107,0.14,0.145,0.14,0.145,104394
COB,20200108,0.14,0.145,0.14,0.145,15222
COB,20200109,0.145,0.145,0.14,0.145,45739
COB,20200113,0.135,0.135,0.135,0.135,15184
COB,20200114,0.137,0.145,0.137,0.14,264886
COB,20200115,0.14,0.14,0.14,0.14,35122
COB,20200116,0.14,0.145,0.14,0.145,9165
COB,20200117,0.15,0.165,0.15,0.155,1356058
COB,20200120,0.16,0.17,0.16,0.165,529006
COB,20200121,0.17,0.17,0.165,0.165,154786
COB,20200122,0.17,0.17,0.165,0.165,85359
COB,20200123,0.17,0.175,0.165,0.175,164459
COB,20200124,0.175,0.175,0.165,0.165,187318
COB,20200128,0.16,0.16,0.15,0.15,143073
COB,20200129,0.15,0.15,0.15,0.15,92898
COB,20200130,0.155,0.155,0.15,0.15,97024
COB,20200203,0.14,0.14,0.125,0.135,604609
COB,20200204,0.135,0.14,0.135,0.14,80903
COB,20200205,0.135,0.145,0.135,0.14,184576
COB,20200210,0.13,0.135,0.13,0.13,147980
COB,20200211,0.13,0.13,0.13,0.13,15693
COB,20200212,0.13,0.14,0.13,0.135,48999
COB,20200213,0.135,0.135,0.135,0.135,101000
COB,20200214,0.135,0.135,0.135,0.135,38946
COB,20200217,0.135,0.135,0.13,0.13,21634
COB,20200218,0.13,0.13,0.13,0.13,0
COB,20200219,0.13,0.13,0.13,0.13,203621
COB,20200220,0.13,0.13,0.125,0.13,195181
COB,20200221,0.13,0.135,0.13,0.135,23511
COB,20200224,0.13,0.13,0.125,0.125,92679
COB,20200225,0.125,0.125,0.115,0.115,1120170
COB,20200226,0.115,0.115,0.115,0.115,100494
COB,20200227,0.115,0.12,0.115,0.12,288475
COB,20200228,0.12,0.12,0.09,0.1,644079
COB,20200302,0.11,0.11,0.1,0.1,238969
COB,20200303,0.11,0.125,0.11,0.12,295760
COB,20200304,0.12,0.12,0.12,0.12,32858
COB,20200305,0.115,0.12,0.115,0.12,155419
COB,20200306,0.12,0.12,0.115,0.115,187318
COB,20200309,0.115,0.115,0.1,0.105,172993
COB,20200310,0.105,0.105,0.1,0.105,45715
COB,20200311,0.11,0.12,0.11,0.11,67200
COB,20200312,0.11,0.115,0.1,0.11,43959
COB,20200313,0.105,0.105,0.096,0.1,276897
COB,20200316,0.11,0.11,0.091,0.1,253940
COB,20200317,0.091,0.095,0.091,0.095,316746
COB,20200318,0.098,0.098,0.092,0.095,53639
COB,20200319,0.09,0.09,0.081,0.083,374770
COB,20200320,0.085,0.092,0.085,0.085,196942
COB,20200323,0.085,0.085,0.08,0.08,125796
COB,20200324,0.079,0.079,0.077,0.079,357551
COB,20200325,0.079,0.084,0.076,0.078,277551
COB,20200326,0.078,0.085,0.077,0.085,105000
COB,20200327,0.081,0.09,0.079,0.085,330083
COB,20200330,0.086,0.086,0.083,0.083,81443
COB,20200331,0.085,0.09,0.083,0.09,183406
COB,20200401,0.09,0.095,0.09,0.09,85493
COB,20200402,0.092,0.092,0.089,0.09,43000
COB,20200403,0.09,0.095,0.089,0.09,40701
COB,20200406,0.09,0.095,0.088,0.09,214692
COB,20200407,0.1,0.1,0.095,0.099,142152
COB,20200408,0.105,0.105,0.091,0.096,18941
COB,20200409,0.091,0.094,0.091,0.094,32294
COB,20200414,0.098,0.107,0.098,0.105,274935
COB,20200415,0.11,0.145,0.11,0.145,506579
COB,20200416,0.125,0.13,0.125,0.13,71648
COB,20200417,0.13,0.13,0.13,0.13,26250
COB,20200420,0.125,0.125,0.11,0.11,241677
COB,20200421,0.12,0.12,0.12,0.12,5366
COB,20200422,0.11,0.11,0.1,0.1,90240
COB,20200423,0.1,0.11,0.1,0.11,274604
COB,20200424,0.11,0.11,0.11,0.11,83491
COB,20200427,0.105,0.105,0.105,0.105,5
COB,20200428,0.11,0.135,0.11,0.13,346256
COB,20200429,0.135,0.135,0.125,0.13,102590
COB,20200430,0.135,0.14,0.135,0.14,611911
COB,20200501,0.14,0.14,0.12,0.12,554517
COB,20200504,0.12,0.125,0.115,0.125,32500
COB,20200505,0.125,0.13,0.125,0.125,37769
COB,20200506,0.125,0.125,0.11,0.11,522333
COB,20200507,0.12,0.12,0.115,0.115,31515
COB,20200508,0.125,0.125,0.11,0.11,216228
COB,20200511,0.115,0.12,0.11,0.115,100354
COB,20200512,0.12,0.13,0.115,0.115,209378
COB,20200513,0.115,0.12,0.11,0.115,296160
COB,20200514,0.115,0.115,0.11,0.11,170053
COB,20200515,0.105,0.11,0.1,0.11,266839
COB,20200518,0.11,0.112,0.105,0.105,31667
COB,20200519,0.11,0.11,0.105,0.105,119327
COB,20200520,0.105,0.105,0.105,0.105,7144
COB,20200521,0.11,0.12,0.11,0.115,90539
COB,20200522,0.115,0.115,0.105,0.115,96068
COB,20200525,0.1,0.11,0.1,0.11,303315
COB,20200526,0.11,0.115,0.11,0.115,136167
COB,20200527,0.115,0.125,0.115,0.125,424850
COB,20200528,0.125,0.125,0.12,0.12,55780
COB,20200529,0.115,0.12,0.115,0.12,115699
COB,20200601,0.125,0.125,0.125,0.125,16000
COB,20200602,0.12,0.12,0.115,0.115,86055
COB,20200603,0.12,0.125,0.12,0.125,68932
COB,20200604,0.125,0.125,0.12,0.12,79500
COB,20200605,0.125,0.125,0.12,0.12,31281
COB,20200609,0.125,0.13,0.125,0.13,393514
COB,20200610,0.125,0.125,0.11,0.12,274215
COB,20200611,0.115,0.117,0.115,0.115,46126
COB,20200612,0.11,0.115,0.11,0.11,200500
COB,20200615,0.11,0.11,0.11,0.11,303338
COB,20200616,0.11,0.11,0.105,0.11,168169
COB,20200617,0.105,0.105,0.105,0.105,297455
COB,20200618,0.105,0.105,0.1,0.1,166734
COB,20200619,0.105,0.105,0.1,0.1,49080
COB,20200622,0.1,0.11,0.1,0.1,539828
COB,20200623,0.11,0.11,0.099,0.1,601248
COB,20200624,0.1,0.1,0.096,0.096,199693
COB,20200625,0.097,0.099,0.096,0.096,106168
COB,20200626,0.099,0.1,0.095,0.095,205772
COB,20200629,0.099,0.099,0.09,0.09,258897
COB,20200630,0.091,0.098,0.091,0.095,389946
COB,20200701,0.096,0.1,0.095,0.095,1053435
COB,20200702,0.095,0.105,0.095,0.099,474268
COB,20200703,0.099,0.11,0.099,0.1,178300
COB,20200706,0.11,0.11,0.105,0.105,84198
COB,20200707,0.105,0.11,0.1,0.11,396774
COB,20200708,0.11,0.11,0.1,0.1,163985
COB,20200709,0.1,0.11,0.1,0.1,38242
COB,20200710,0.1,0.11,0.1,0.1,524797
COB,20200713,0.1,0.11,0.1,0.1,58051
COB,20200714,0.1,0.11,0.1,0.11,97588
COB,20200715,0.11,0.11,0.105,0.105,96060
COB,20200716,0.11,0.12,0.105,0.115,649710
COB,20200717,0.11,0.115,0.105,0.105,269392
COB,20200720,0.11,0.11,0.105,0.11,112424
COB,20200721,0.115,0.115,0.11,0.11,225930
COB,20200722,0.11,0.115,0.11,0.115,89434
COB,20200723,0.115,0.115,0.11,0.11,109277
COB,20200724,0.12,0.125,0.12,0.125,270900
COB,20200727,0.125,0.14,0.12,0.135,485041
COB,20200728,0.14,0.14,0.125,0.125,192736
COB,20200729,0.125,0.125,0.125,0.125,0
COB,20200730,0.125,0.125,0.125,0.125,0
COB,20200731,0.105,0.115,0.105,0.105,764337
COB,20200803,0.11,0.115,0.105,0.115,629851
COB,20200804,0.11,0.12,0.105,0.105,34905
COB,20200805,0.115,0.115,0.105,0.105,63703
COB,20200806,0.105,0.11,0.105,0.11,722896
COB,20200807,0.105,0.105,0.097,0.1,3845405
COB,20200810,0.1,0.105,0.1,0.105,126153
COB,20200811,0.105,0.105,0.1,0.1,1360035
COB,20200812,0.105,0.105,0.105,0.105,1258014
COB,20200813,0.105,0.125,0.105,0.12,2957474
COB,20200814,0.11,0.115,0.105,0.105,819771
COB,20200817,0.105,0.105,0.105,0.105,506521
COB,20200818,0.105,0.11,0.1,0.105,638548
COB,20200819,0.105,0.105,0.1,0.1,1391638
COB,20200820,0.105,0.105,0.1,0.1,1352272
COB,20200821,0.105,0.105,0.099,0.102,912350
COB,20200824,0.105,0.105,0.105,0.105,402195
COB,20200825,0.105,0.11,0.1,0.1,695211
COB,20200826,0.105,0.105,0.097,0.097,989265
COB,20200827,0.097,0.098,0.096,0.098,134921
COB,20200828,0.098,0.105,0.098,0.105,369326
COB,20200831,0.105,0.105,0.097,0.097,547386
COB,20200901,0.099,0.1,0.095,0.098,347559
COB,20200902,0.097,0.099,0.096,0.098,178127
COB,20200903,0.097,0.098,0.097,0.098,91202
COB,20200904,0.098,0.098,0.093,0.095,769457
COB,20200907,0.096,0.098,0.094,0.094,261793
COB,20200908,0.096,0.1,0.096,0.096,573692
COB,20200909,0.097,0.097,0.095,0.095,300465
COB,20200910,0.096,0.096,0.094,0.095,681262
COB,20200911,0.095,0.095,0.094,0.094,165353
COB,20200914,0.095,0.097,0.094,0.097,114039
COB,20200915,0.097,0.097,0.095,0.097,334990
COB,20200916,0.097,0.097,0.094,0.096,175919
COB,20200917,0.096,0.096,0.094,0.094,306180
COB,20200918,0.095,0.097,0.094,0.096,971486
COB,20200921,0.096,0.096,0.095,0.095,404899
COB,20200922,0.095,0.095,0.091,0.091,1810694
COB,20200923,0.091,0.091,0.083,0.083,2682129
COB,20200924,0.083,0.085,0.083,0.084,3107329
COB,20200925,0.084,0.089,0.084,0.087,810896
COB,20200928,0.09,0.091,0.087,0.087,842483
COB,20200929,0.088,0.09,0.088,0.088,497082
COB,20200930,0.089,0.09,0.088,0.09,320856
COB,20201001,0.09,0.09,0.087,0.087,257517
COB,20201002,0.09,0.09,0.083,0.085,1134807
COB,20201005,0.089,0.089,0.086,0.086,396874
COB,20201006,0.088,0.089,0.085,0.089,298486
COB,20201007,0.089,0.09,0.089,0.09,195323
COB,20201008,0.091,0.094,0.089,0.092,743109
COB,20201009,0.095,0.095,0.09,0.09,517508
COB,20201012,0.09,0.094,0.088,0.094,599682
COB,20201013,0.094,0.095,0.092,0.092,211044
COB,20201014,0.092,0.092,0.091,0.092,158096
COB,20201015,0.093,0.098,0.092,0.098,849222
COB,20201016,0.099,0.1,0.098,0.098,854817
COB,20201019,0.099,0.105,0.099,0.105,1636026
COB,20201020,0.11,0.11,0.105,0.105,567153
COB,20201021,0.1,0.11,0.1,0.105,620315
COB,20201022,0.11,0.11,0.105,0.11,118202
COB,20201023,0.11,0.11,0.105,0.105,339476
COB,20201026,0.11,0.11,0.1,0.1,973071
COB,20201027,0.1,0.105,0.097,0.1,833831
COB,20201028,0.105,0.105,0.096,0.096,221862
COB,20201029,0.098,0.098,0.095,0.095,72500
COB,20201030,0.099,0.105,0.099,0.105,310771
COB,20201102,0.105,0.105,0.096,0.1,112968
COB,20201103,0.1,0.1,0.096,0.099,110586
COB,20201104,0.099,0.099,0.099,0.099,12914
COB,20201105,0.1,0.1,0.099,0.1,20587
COB,20201106,0.097,0.105,0.097,0.105,347143
COB,20201109,0.105,0.105,0.1,0.1,210368
COB,20201110,0.105,0.105,0.1,0.1,272393
COB,20201111,0.098,0.1,0.098,0.1,230289
COB,20201112,0.105,0.105,0.097,0.097,525497
COB,20201113,0.097,0.098,0.097,0.098,124850
COB,20201116,0.1,0.1,0.1,0.1,124758
COB,20201117,0.1,0.1,0.097,0.097,461780
COB,20201118,0.1,0.105,0.097,0.097,433459
COB,20201120,0.098,0.105,0.098,0.1,78730
COB,20201123,0.1,0.105,0.1,0.105,257262
COB,20201124,0.105,0.105,0.1,0.1,115539
COB,20201125,0.105,0.105,0.099,0.099,796217
COB,20201126,0.1,0.1,0.099,0.099,129257
COB,20201127,0.1,0.1,0.099,0.1,118366
COB,20201130,0.1,0.1,0.098,0.098,342792
COB,20201201,0.1,0.1,0.099,0.099,129224
COB,20201202,0.1,0.105,0.1,0.105,1250885
COB,20201203,0.105,0.13,0.105,0.125,2460007
COB,20201204,0.12,0.125,0.115,0.125,802584
COB,20201207,0.125,0.125,0.11,0.11,611540
COB,20201208,0.115,0.125,0.11,0.125,484773
COB,20201209,0.13,0.14,0.12,0.125,1089988
COB,20201210,0.125,0.125,0.115,0.12,92208
COB,20201211,0.125,0.125,0.12,0.12,206589
COB,20201214,0.125,0.125,0.115,0.12,298259
COB,20201215,0.115,0.12,0.105,0.12,934119
COB,20201216,0.12,0.12,0.115,0.115,170509
COB,20201217,0.115,0.125,0.115,0.115,100996
COB,20201218,0.12,0.12,0.115,0.115,249785
COB,20201221,0.12,0.12,0.115,0.115,248969
COB,20201222,0.12,0.135,0.12,0.135,800463
COB,20201224,0.145,0.145,0.145,0.145,0
COB,20201229,0.135,0.15,0.135,0.15,546361
COB,20201230,0.15,0.17,0.145,0.17,990452
COB,20201231,0.17,0.18,0.165,0.18,983406
COB,20210104,0.18,0.235,0.17,0.23,2204828
COB,20210105,0.22,0.245,0.2,0.205,3324401
COB,20210106,0.2,0.21,0.19,0.21,1499867
COB,20210107,0.2,0.22,0.2,0.22,1193941
COB,20210108,0.24,0.295,0.24,0.25,7999695
COB,20210111,0.26,0.355,0.255,0.34,7313204
COB,20210112,0.31,0.33,0.295,0.315,4377226
COB,20210113,0.315,0.34,0.315,0.315,3212383
COB,20210114,0.33,0.34,0.32,0.33,1920666
COB,20210115,0.34,0.39,0.34,0.385,5345678
COB,20210118,0.39,0.47,0.385,0.44,7545202
COB,20210119,0.44,0.44,0.355,0.39,6606831
COB,20210120,0.385,0.395,0.355,0.37,3113438
COB,20210121,0.355,0.43,0.355,0.405,4217300
COB,20210122,0.405,0.415,0.38,0.385,1719375
COB,20210125,0.385,0.415,0.385,0.41,2376888
COB,20210127,0.4,0.405,0.385,0.39,2466560
COB,20210128,0.385,0.39,0.355,0.36,2846865
COB,20210129,0.38,0.38,0.325,0.325,2855924
COB,20210201,0.31,0.35,0.26,0.34,4583700
COB,20210203,0.3,0.33,0.295,0.325,1990228
COB,20210204,0.33,0.36,0.33,0.337,1854965
COB,20210205,0.34,0.345,0.315,0.32,1340611
COB,20210208,0.33,0.39,0.325,0.375,3135500
COB,20210209,0.4,0.405,0.375,0.38,3024955
COB,20210210,0.395,0.395,0.35,0.355,1269555
COB,20210211,0.36,0.375,0.345,0.355,1241488
COB,20210212,0.36,0.36,0.33,0.335,1103481
COB,20210215,0.345,0.36,0.34,0.36,1436476
COB,20210216,0.35,0.355,0.33,0.33,1294236
COB,20210217,0.34,0.355,0.34,0.35,758547
COB,20210218,0.36,0.36,0.347,0.35,462162
COB,20210219,0.345,0.37,0.345,0.36,772980
COB,20210222,0.38,0.45,0.38,0.45,5498979
COB,20210223,0.435,0.435,0.4,0.425,1541625
COB,20210224,0.425,0.445,0.415,0.43,1039673
COB,20210225,0.435,0.515,0.435,0.505,3599808
COB,20210226,0.445,0.475,0.425,0.455,2121045
COB,20210301,0.5,0.5,0.425,0.43,1828406
COB,20210302,0.43,0.43,0.395,0.405,1440952
COB,20210303,0.395,0.42,0.39,0.415,696978
COB,20210304,0.42,0.42,0.385,0.385,854208
COB,20210305,0.38,0.395,0.355,0.395,1869668
COB,20210308,0.4,0.45,0.38,0.41,2312864
COB,20210309,0.4,0.4,0.36,0.38,1848263
COB,20210310,0.385,0.4,0.38,0.38,284757
COB,20210311,0.385,0.4,0.38,0.38,284757
COB,20210312,0.38,0.4,0.34,0.36,1908828
COB,20210315,0.365,0.385,0.365,0.38,453498
COB,20210316,0.39,0.39,0.38,0.39,433228
COB,20210317,0.39,0.42,0.38,0.405,792405
COB,20210318,0.41,0.42,0.4,0.42,580478
COB,20210319,0.42,0.42,0.39,0.4,668479
COB,20210322,0.405,0.415,0.39,0.395,395001
COB,20210323,0.38,0.395,0.375,0.395,545089
COB,20210324,0.395,0.395,0.38,0.38,508005
COB,20210325,0.38,0.38,0.375,0.38,337210
COB,20210329,0.39,0.395,0.37,0.37,552107
COB,20210330,0.37,0.39,0.37,0.375,282031
COB,20210331,0.38,0.39,0.37,0.375,434015
COB,20210401,0.375,0.38,0.37,0.38,324565
COB,20210406,0.38,0.38,0.36,0.36,577668
COB,20210407,0.36,0.375,0.36,0.37,363109
COB,20210408,0.38,0.39,0.37,0.385,537094
COB,20210409,0.39,0.39,0.375,0.38,162777
COB,20210412,0.38,0.38,0.36,0.37,555701
COB,20210413,0.37,0.375,0.365,0.375,265620
COB,20210414,0.37,0.385,0.365,0.385,732581
COB,20210415,0.395,0.4,0.385,0.4,497963
COB,20210416,0.42,0.425,0.405,0.425,1386014
COB,20210419,0.43,0.435,0.41,0.415,848792
COB,20210420,0.405,0.405,0.385,0.39,354300
COB,20210421,0.38,0.385,0.375,0.38,369116
COB,20210422,0.39,0.395,0.385,0.385,401910
COB,20210423,0.38,0.4,0.38,0.395,340755
COB,20210426,0.395,0.415,0.395,0.395,559326
COB,20210427,0.4,0.41,0.4,0.4,124900
COB,20210428,0.395,0.395,0.365,0.375,1029546
COB,20210429,0.38,0.395,0.37,0.375,518856
COB,20210430,0.375,0.38,0.365,0.365,508762
COB,20210503,0.37,0.375,0.365,0.37,210329
COB,20210504,0.37,0.375,0.355,0.37,849380
COB,20210505,0.375,0.375,0.35,0.35,806145
COB,20210506,0.35,0.365,0.315,0.34,1261838
COB,20210507,0.335,0.345,0.335,0.345,439484
COB,20210510,0.345,0.345,0.315,0.32,1031700
COB,20210511,0.325,0.34,0.29,0.34,1390735
COB,20210512,0.335,0.335,0.32,0.33,358116
COB,20210513,0.33,0.33,0.315,0.315,173489
COB,20210514,0.315,0.33,0.31,0.33,190477
COB,20210517,0.32,0.34,0.32,0.33,777032
COB,20210518,0.345,0.355,0.335,0.355,282254
COB,20210519,0.36,0.36,0.345,0.345,300645
COB,20210520,0.345,0.35,0.34,0.34,234470
COB,20210521,0.34,0.34,0.32,0.32,430824
COB,20210524,0.325,0.34,0.325,0.325,224255
COB,20210525,0.345,0.35,0.325,0.325,190408
COB,20210526,0.33,0.345,0.33,0.345,100592
COB,20210527,0.345,0.355,0.34,0.345,201933
COB,20210528,0.37,0.39,0.365,0.39,1624393
COB,20210531,0.38,0.39,0.365,0.38,356921
COB,20210601,0.38,0.38,0.355,0.36,526064
COB,20210602,0.365,0.367,0.355,0.36,587472
COB,20210603,0.36,0.36,0.35,0.35,524729
COB,20210604,0.345,0.36,0.345,0.355,375296
COB,20210607,0.37,0.38,0.355,0.37,324163
COB,20210609,0.375,0.375,0.36,0.36,368658
COB,20210610,0.36,0.36,0.36,0.36,0
COB,20210611,0.36,0.36,0.36,0.36,0
COB,20210615,0.35,0.36,0.33,0.335,1081516
COB,20210616,0.34,0.345,0.335,0.34,320272
COB,20210617,0.34,0.34,0.315,0.32,2006436
COB,20210618,0.33,0.33,0.315,0.315,694307
COB,20210621,0.315,0.32,0.29,0.29,3109838
COB,20210622,0.29,0.3,0.28,0.28,1490761
COB,20210623,0.29,0.3,0.28,0.28,803111
COB,20210625,0.275,0.28,0.27,0.275,392916
COB,20210628,0.275,0.285,0.275,0.275,348265
COB,20210629,0.285,0.287,0.27,0.27,692008
COB,20210630,0.275,0.28,0.265,0.27,1253008
COB,20210701,0.28,0.295,0.28,0.285,669305
COB,20210705,0.3,0.305,0.285,0.285,528802
COB,20210706,0.29,0.297,0.29,0.29,138380
COB,20210707,0.295,0.3,0.285,0.285,498432
COB,20210708,0.29,0.3,0.285,0.3,263188
COB,20210709,0.3,0.3,0.285,0.285,106610
COB,20210712,0.29,0.295,0.29,0.295,88909
COB,20210714,0.295,0.3,0.29,0.295,490610
COB,20210715,0.3,0.307,0.29,0.29,779514
COB,20210716,0.3,0.3,0.285,0.285,414331
COB,20210719,0.285,0.29,0.285,0.29,206832
COB,20210720,0.28,0.29,0.28,0.28,329698
COB,20210723,0.27,0.27,0.26,0.265,750489
COB,20210726,0.27,0.285,0.27,0.28,480607
COB,20210727,0.29,0.29,0.27,0.27,484082
COB,20210728,0.28,0.28,0.275,0.275,39203
COB,20210729,0.28,0.285,0.275,0.275,287449
COB,20210730,0.29,0.3,0.285,0.3,1190711
COB,20210802,0.295,0.3,0.285,0.29,450487
COB,20210803,0.295,0.295,0.285,0.29,215006
COB,20210804,0.295,0.295,0.275,0.285,641455
COB,20210805,0.285,0.285,0.28,0.285,168372
COB,20210806,0.28,0.285,0.275,0.28,459024
COB,20210809,0.28,0.28,0.265,0.265,1354556
COB,20210810,0.265,0.27,0.26,0.265,899425
COB,20210811,0.27,0.27,0.255,0.255,1195819
COB,20210812,0.255,0.275,0.255,0.27,1413090
COB,20210813,0.275,0.275,0.26,0.26,801511
COB,20210819,0.265,0.265,0.26,0.262,193087
COB,20210820,0.26,0.265,0.23,0.235,1544719
COB,20210823,0.24,0.25,0.235,0.235,654035
COB,20210824,0.245,0.25,0.24,0.24,474137
COB,20210825,0.255,0.255,0.245,0.255,233845
COB,20210826,0.255,0.265,0.255,0.255,336970
COB,20210827,0.255,0.27,0.255,0.27,288886
COB,20210830,0.28,0.29,0.27,0.29,856459
COB,20210831,0.295,0.3,0.275,0.275,817680
COB,20210901,0.275,0.285,0.275,0.275,573461
COB,20210902,0.275,0.275,0.265,0.27,576306
COB,20210903,0.275,0.285,0.27,0.275,996482
COB,20210906,0.28,0.285,0.28,0.285,252391
COB,20210907,0.285,0.29,0.28,0.28,345007
COB,20210908,0.285,0.325,0.285,0.315,2546712
COB,20210909,0.32,0.32,0.305,0.315,1333039
COB,20210910,0.315,0.33,0.305,0.325,1058482
COB,20210913,0.33,0.35,0.33,0.35,854597
COB,20210914,0.345,0.345,0.33,0.33,1147387
COB,20210915,0.335,0.335,0.317,0.335,826299
COB,20210916,0.335,0.355,0.33,0.33,1094692
COB,20210917,0.335,0.35,0.325,0.35,657531
COB,20210920,0.33,0.35,0.32,0.32,936717
COB,20210922,0.34,0.345,0.31,0.32,572115
COB,20210923,0.315,0.325,0.305,0.32,304531
COB,20210924,0.32,0.34,0.32,0.33,490677
COB,20210927,0.335,0.335,0.32,0.33,464721
COB,20210928,0.33,0.335,0.325,0.33,288051
COB,20210929,0.335,0.335,0.32,0.32,545781
COB,20210930,0.32,0.33,0.32,0.325,558793
COB,20211001,0.33,0.33,0.32,0.325,364525
COB,20211004,0.33,0.33,0.32,0.33,147537
COB,20211005,0.33,0.33,0.305,0.305,662870
COB,20211006,0.305,0.312,0.29,0.29,860020
COB,20211007,0.29,0.295,0.28,0.29,836858
COB,20211008,0.295,0.32,0.29,0.29,659221
COB,20211011,0.3,0.33,0.3,0.32,662504
COB,20211012,0.3,0.33,0.3,0.32,662588
COB,20211013,0.32,0.355,0.315,0.35,1371133
COB,20211014,0.35,0.38,0.35,0.38,2409270
COB,20211019,0.435,0.435,0.4,0.43,1209173
COB,20211020,0.45,0.475,0.41,0.42,2143501
COB,20211021,0.43,0.445,0.415,0.42,555805
COB,20211022,0.42,0.43,0.41,0.41,583501
COB,20211025,0.41,0.44,0.41,0.43,278273
COB,20211026,0.435,0.47,0.43,0.455,1146096
COB,20211028,0.44,0.47,0.44,0.44,792503
COB,20211029,0.455,0.455,0.435,0.435,424939
COB,20211101,0.445,0.445,0.425,0.435,386077
COB,20211102,0.455,0.455,0.435,0.44,290912
COB,20211103,0.45,0.45,0.41,0.41,779515
COB,20211104,0.42,0.425,0.405,0.405,427960
COB,20211105,0.41,0.435,0.41,0.42,725697
COB,20211109,0.415,0.43,0.412,0.43,703257
COB,20211110,0.45,0.45,0.41,0.41,612370
COB,20211112,0.41,0.425,0.41,0.41,247796
COB,20211115,0.415,0.43,0.415,0.42,500125
COB,20211116,0.43,0.43,0.4,0.4,379951
COB,20211117,0.41,0.41,0.36,0.375,1339675
COB,20211118,0.37,0.39,0.36,0.365,672636
COB,20211119,0.37,0.38,0.365,0.375,217327
COB,20211122,0.375,0.415,0.375,0.4,541966
COB,20211123,0.395,0.4,0.385,0.39,307146
COB,20211124,0.39,0.4,0.385,0.4,291512
COB,20211125,0.4,0.405,0.39,0.4,224442
COB,20211126,0.4,0.4,0.375,0.38,565920
COB,20211129,0.37,0.395,0.35,0.39,992298
COB,20211130,0.39,0.395,0.38,0.38,252620
COB,20211201,0.375,0.385,0.365,0.375,281565
COB,20211202,0.385,0.385,0.365,0.365,354893
COB,20211203,0.37,0.38,0.37,0.375,112119
COB,20211206,0.38,0.38,0.35,0.355,556332
COB,20211207,0.355,0.36,0.34,0.34,1011627
COB,20211208,0.36,0.36,0.34,0.35,268307
COB,20211209,0.35,0.36,0.345,0.355,142537
COB,20211210,0.355,0.37,0.355,0.37,202289
COB,20211213,0.37,0.39,0.365,0.39,450197
COB,20211214,0.43,0.43,0.4,0.41,1166786
COB,20211216,0.405,0.41,0.38,0.39,569459
COB,20211217,0.4,0.4,0.37,0.38,439486
COB,20211220,0.392,0.392,0.375,0.375,184662
COB,20211221,0.385,0.385,0.37,0.38,197458
COB,20211222,0.385,0.39,0.38,0.39,140562
COB,20211223,0.385,0.41,0.385,0.4,421351
COB,20211224,0.4,0.415,0.4,0.415,421068
COB,20211229,0.415,0.465,0.415,0.445,1164235
COB,20211230,0.455,0.475,0.445,0.475,709933
COB,20211231,0.5,0.5,0.48,0.495,714200
COB,20220104,0.505,0.53,0.49,0.495,1903042
COB,20220105,0.5,0.515,0.48,0.48,936712
COB,20220106,0.48,0.495,0.48,0.49,576164
COB,20220107,0.49,0.5,0.48,0.48,539346
COB,20220110,0.485,0.5,0.485,0.495,372908
COB,20220111,0.495,0.51,0.485,0.49,535029
COB,20220112,0.48,0.5,0.48,0.48,427455
COB,20220113,0.48,0.5,0.48,0.495,761410
COB,20220114,0.5,0.505,0.48,0.505,836679
COB,20220117,0.515,0.65,0.515,0.645,4047938
COB,20220118,0.65,0.69,0.555,0.58,2746381
COB,20220119,0.56,0.585,0.545,0.55,2316399
COB,20220120,0.55,0.605,0.55,0.59,841415
COB,20220121,0.58,0.58,0.5,0.515,2117141
COB,20220124,0.5,0.505,0.47,0.505,1329732
COB,20220125,0.505,0.505,0.42,0.435,2520715
COB,20220127,0.465,0.53,0.455,0.495,2560577
COB,20220128,0.51,0.52,0.475,0.49,788141
COB,20220131,0.515,0.585,0.515,0.58,2787057
COB,20220201,0.6,0.635,0.59,0.59,2499948
COB,20220202,0.595,0.63,0.58,0.6,1730465
COB,20220203,0.6,0.6,0.54,0.555,1193429
COB,20220204,0.55,0.57,0.55,0.57,299640
COB,20220207,0.575,0.58,0.56,0.57,375105
COB,20220208,0.57,0.59,0.555,0.575,452111
COB,20220209,0.59,0.64,0.58,0.605,1705313
COB,20220210,0.605,0.635,0.585,0.6,1619335
COB,20220211,0.59,0.59,0.55,0.575,1469837
COB,20220214,0.56,0.56,0.515,0.54,1521646
COB,20220215,0.525,0.535,0.5,0.505,1503723
COB,20220216,0.525,0.555,0.525,0.55,1010438
COB,20220217,0.545,0.545,0.505,0.51,929175
COB,20220218,0.5,0.53,0.49,0.505,1390493
COB,20220221,0.505,0.51,0.48,0.485,935767
COB,20220222,0.475,0.48,0.45,0.45,1776487
COB,20220223,0.445,0.485,0.445,0.48,619690
COB,20220224,0.47,0.48,0.425,0.43,2072966
COB,20220225,0.46,0.475,0.45,0.465,611454
COB,20220228,0.47,0.475,0.43,0.435,1795835
COB,20220301,0.445,0.485,0.445,0.46,1080957
COB,20220302,0.55,0.59,0.52,0.555,6290266
COB,20220303,0.57,0.6,0.555,0.56,4334611
COB,20220304,0.57,0.58,0.525,0.545,2547971
COB,20220307,0.59,0.665,0.59,0.645,5518340
COB,20220308,0.64,0.64,0.58,0.595,2166625
COB,20220309,0.61,0.72,0.61,0.69,4795398
COB,20220310,0.695,0.725,0.67,0.695,1867165
COB,20220311,0.71,0.745,0.69,0.72,2346778
COB,20220314,0.72,0.745,0.66,0.685,2642753
COB,20220315,0.685,0.685,0.64,0.655,720489
COB,20220316,0,0,0,0,0
COB,20220317,0.69,0.715,0.675,0.695,1880121
COB,20220318,0.7,0.71,0.675,0.68,1444462
COB,20220321,0.695,0.79,0.685,0.78,4186247
COB,20220322,0.78,0.815,0.765,0.78,2513789
COB,20220323,0.8,0.9,0.8,0.85,3915874
COB,20220324,0.87,0.87,0.81,0.835,2979996
COB,20220325,0.87,0.88,0.8,0.82,2467923
COB,20220328,0.83,0.83,0.77,0.775,2539292
COB,20220329,0.77,0.81,0.745,0.785,2418425
COB,20220330,0.8,0.825,0.75,0.76,1919751
COB,20220331,0.77,0.845,0.77,0.82,2283083
COB,20220401,0.84,0.96,0.83,0.95,5906274
COB,20220404,0.985,1.065,0.955,1.03,6008004
COB,20220405,1.06,1.07,0.965,0.995,4146714
COB,20220406,1,1.005,0.95,0.95,1595543
COB,20220407,0.965,0.995,0.935,0.95,1429714
COB,20220408,0.97,0.975,0.935,0.935,1396435
COB,20220411,0.96,0.965,0.895,0.91,1421698
COB,20220412,0.925,0.925,0.86,0.86,1817504
COB,20220413,0.86,0.915,0.855,0.905,1998919
COB,20220414,0.93,0.955,0.9,0.92,1440289
COB,20220419,0.93,0.955,0.91,0.93,1665436
COB,20220420,0.95,0.95,0.915,0.93,713082
COB,20220421,0.95,0.95,0.915,0.93,713082
COB,20220422,0.91,0.91,0.85,0.865,1610248
COB,20220426,0.855,0.86,0.815,0.83,1632823
COB,20220427,0.805,0.855,0.8,0.83,1916045
COB,20220428,0.83,0.865,0.82,0.825,1085899
COB,20220429,0.83,0.865,0.83,0.855,706731
COB,20220502,0.835,0.845,0.8,0.81,1401704
COB,20220503,0.805,0.84,0.8,0.8,558166
COB,20220504,0.815,0.83,0.745,0.75,1653662
COB,20220505,0.78,0.82,0.77,0.81,1529174
COB,20220506,0.765,0.78,0.735,0.77,1069894
COB,20220509,0.75,0.765,0.69,0.715,1988261
COB,20220510,0.72,0.82,0.715,0.81,4424745
COB,20220511,0.84,0.945,0.81,0.92,4077168
COB,20220512,0.925,0.96,0.815,0.815,3649269
COB,20220513,0.83,0.85,0.8,0.8,1701569
COB,20220516,0.815,0.84,0.8,0.83,1490886
COB,20220517,0.84,0.88,0.83,0.875,1494788
COB,20220518,0.865,0.89,0.855,0.87,1136652
COB,20220519,0.845,0.845,0.815,0.82,1163169
COB,20220520,0.845,0.875,0.83,0.87,1507999
COB,20220523,0.86,0.9,0.83,0.85,1485751
COB,20220524,0.87,0.89,0.82,0.82,1506658
COB,20220525,0.825,0.835,0.805,0.805,755425
COB,20220526,0.81,0.825,0.79,0.805,917182
COB,20220527,0.83,0.845,0.815,0.825,705829
COB,20220530,0.83,0.89,0.83,0.89,1521739
COB,20220531,0.9,0.94,0.865,0.925,2498333
COB,20220601,0.92,0.92,0.795,0.815,3692253
COB,20220602,0.795,0.81,0.77,0.79,1784633
COB,20220603,0.795,0.83,0.795,0.81,920346
COB,20220606,0.82,0.82,0.77,0.77,938179
COB,20220607,0.79,0.795,0.74,0.76,1402130
COB,20220608,0.76,0.78,0.73,0.75,632449
COB,20220609,0.735,0.74,0.7,0.71,2535099
COB,20220610,0.7,0.72,0.7,0.71,1419445
COB,20220614,0.67,0.67,0.625,0.66,1972081
COB,20220615,0.66,0.66,0.61,0.61,1353649
COB,20220616,0.615,0.665,0.615,0.64,1442528
COB,20220617,0.605,0.64,0.6,0.62,949195
COB,20220620,0.63,0.635,0.58,0.595,1619653
COB,20220621,0.61,0.655,0.6,0.65,1549199
COB,20220622,0.66,0.67,0.605,0.605,753057
COB,20220623,0.61,0.625,0.57,0.585,1631397
COB,20220624,0.59,0.64,0.575,0.635,996324
COB,20220627,0.645,0.675,0.64,0.66,1250405
COB,20220628,0.66,0.66,0.62,0.625,562197
COB,20220629,0.62,0.62,0.595,0.605,721676
COB,20220630,0.605,0.63,0.605,0.62,594856
COB,20220701,0.615,0.65,0.615,0.635,443006
COB,20220704,0.65,0.69,0.65,0.665,864615
COB,20220705,0.68,0.695,0.665,0.695,435032
COB,20220706,0.685,0.695,0.67,0.68,778384
COB,20220707,0.68,0.68,0.64,0.66,621621
COB,20220708,0.67,0.715,0.665,0.7,665966
COB,20220711,0.705,0.715,0.65,0.65,1070543
COB,20220712,0.66,0.67,0.615,0.62,645521
COB,20220713,0.615,0.622,0.6,0.62,395968
COB,20220714,0.62,0.64,0.615,0.625,263501
COB,20220715,0.645,0.645,0.61,0.62,360207
COB,20220718,0.625,0.67,0.625,0.67,462018
COB,20220719,0.675,0.68,0.66,0.67,302345
COB,20220720,0.68,0.71,0.68,0.68,536069
COB,20220721,0.7,0.72,0.685,0.685,1030826
COB,20220722,0.705,0.77,0.705,0.76,1349319
COB,20220725,0.755,0.81,0.73,0.78,1178842
COB,20220726,0.78,0.82,0.76,0.815,1430160
COB,20220727,0.805,0.835,0.77,0.835,1243984
COB,20220728,0.82,0.87,0.82,0.835,1377461
COB,20220729,0.84,0.855,0.8,0.82,841711
COB,20220801,0.835,0.85,0.785,0.785,589741
COB,20220802,0.825,0.835,0.765,0.785,793094
COB,20220803,0.785,0.805,0.76,0.8,675088
COB,20220805,0.8,0.825,0.79,0.8,830371
COB,20220808,0.82,0.9,0.81,0.88,2270377
COB,20220809,0.885,0.93,0.87,0.9,1995828
COB,20220810,0.91,0.915,0.86,0.86,658643
COB,20220811,0.875,0.905,0.875,0.905,1029400
COB,20220812,0.9,0.905,0.87,0.87,684905
COB,20220815,0.88,0.91,0.87,0.87,926209
COB,20220816,0.895,0.97,0.885,0.945,3066705
COB,20220817,0.94,0.94,0.84,0.865,2164607
COB,20220818,0.86,0.86,0.81,0.82,1212159
COB,20220819,0.84,0.845,0.81,0.815,965546
COB,20220822,0.8,0.845,0.79,0.82,1142842
COB,20220823,0.8,0.82,0.77,0.775,1210711
COB,20220824,0.79,0.82,0.775,0.8,926164
COB,20220825,0.815,0.845,0.805,0.805,905130
COB,20220826,0.82,0.83,0.79,0.8,743531
COB,20220829,0.79,0.795,0.76,0.795,994924
COB,20220830,0.785,0.82,0.785,0.81,691758
COB,20220831,0.8,0.8,0.78,0.8,471464
COB,20220901,0.8,0.8,0.775,0.775,361830
COB,20220902,0.785,0.795,0.765,0.77,498456
COB,20220905,0.77,0.785,0.76,0.76,484699
COB,20220906,0.765,0.805,0.765,0.805,487938
COB,20220907,0.79,0.82,0.79,0.81,789488
COB,20220909,0.88,0.88,0.84,0.855,766328
COB,20220912,0.855,0.875,0.815,0.83,990325
COB,20220913,0.83,0.87,0.83,0.865,1012118
COB,20220914,0.82,0.85,0.795,0.815,1302990
COB,20220915,0.84,0.92,0.84,0.92,2814745
COB,20220916,0.89,0.895,0.825,0.85,1479126
