CRN,20181023,3.8,3.84,3.49,3.6,14722080
CRN,20181024,3.64,3.73,3.485,3.63,4054815
CRN,20181025,3.49,3.52,3.35,3.4,1582001
CRN,20181026,3.5,3.5,3.05,3.35,4187421
CRN,20181030,3.5,3.53,3.4,3.41,810936
CRN,20181031,3.43,3.43,3.2,3.4,1111192
CRN,20181101,3.4,3.45,3.31,3.32,181336
CRN,20181102,3.34,3.48,3.34,3.39,746610
CRN,20181105,3.35,3.4,3.16,3.17,643846
CRN,20181106,3.28,3.44,3.22,3.26,414841
CRN,20181107,3.28,3.45,3.26,3.41,372720
CRN,20181108,3.46,3.46,3.32,3.35,149750
CRN,20181109,3.36,3.455,3.36,3.41,585762
CRN,20181112,3.41,3.44,3.36,3.37,621213
CRN,20181113,3.36,3.43,3.36,3.41,848606
CRN,20181114,3.37,3.38,3.31,3.37,119169
CRN,20181115,3.37,3.4,3.235,3.3,212640
CRN,20181116,3.34,3.39,3.28,3.31,181672
CRN,20181119,3.32,3.38,3.32,3.36,977702
CRN,20181120,3.36,3.36,3.31,3.31,163948
CRN,20181121,3.31,3.31,3.22,3.23,237820
CRN,20181122,3.22,3.33,3.22,3.3,539890
CRN,20181123,3.315,3.37,3.28,3.28,156145
CRN,20181126,3.3,3.31,3.16,3.18,302907
CRN,20181127,3.2,3.2,3.15,3.18,117546
CRN,20181128,3.18,3.18,3.02,3.06,542939
CRN,20181129,3.15,3.19,3.05,3.05,4433641
CRN,20181130,3.09,3.19,3.05,3.07,1043434
CRN,20181203,3.13,3.18,3.07,3.13,5108379
CRN,20181204,3.14,3.18,3.08,3.13,338218
CRN,20181205,3.09,3.12,3.05,3.08,203190
CRN,20181206,3.13,3.17,3.02,3.05,196972
CRN,20181207,3.05,3.05,2.85,2.96,1140071
CRN,20181210,2.9,2.95,2.89,2.91,294829
CRN,20181211,2.96,3,2.89,3,132392
CRN,20181212,3.04,3.04,2.88,2.9,2265341
CRN,20181213,2.9,2.98,2.9,2.9,979017
CRN,20181214,2.97,3.08,2.92,2.92,2162746
CRN,20181217,2.94,3,2.9,2.92,439267
CRN,20181218,2.93,2.98,2.9,2.97,359089
CRN,20181219,2.95,2.99,2.92,2.96,139284
CRN,20181220,2.95,3,2.75,2.9,604150
CRN,20181221,2.93,3.19,2.795,2.93,970220
CRN,20181224,2.99,3.07,2.96,3,36699
CRN,20181227,3.04,3.05,2.9,3,190578
CRN,20181228,2.9,3.05,2.9,3.04,293892
CRN,20181231,2.98,3.12,2.98,3.06,286079
CRN,20190102,3.06,3.07,2.9,3.05,125062
CRN,20190103,2.96,2.99,2.95,2.95,84094
CRN,20190104,2.95,2.95,2.88,2.91,110261
CRN,20190107,2.91,3,2.91,2.92,735300
CRN,20190108,2.95,2.96,2.93,2.94,334063
CRN,20190109,2.94,2.98,2.92,2.96,170094
CRN,20190110,2.95,2.95,2.92,2.95,47519
CRN,20190111,2.95,2.98,2.94,2.96,204321
CRN,20190114,2.97,2.99,2.93,2.93,80075
CRN,20190115,2.95,3,2.93,2.97,889823
CRN,20190116,3,3.11,2.98,3.08,205785
CRN,20190117,3.06,3.08,2.98,3,387573
CRN,20190118,3.03,3.05,2.93,2.93,413333
CRN,20190121,3,3.07,2.95,3,361312
CRN,20190122,3,3.04,2.96,2.98,284614
CRN,20190123,2.99,3.02,2.92,2.92,355982
CRN,20190124,2.93,3,2.9,2.94,178280
CRN,20190125,2.97,3.06,2.91,2.97,1025430
CRN,20190129,3,3.02,2.95,3,605858
CRN,20190130,3.01,3.08,3.01,3.06,179781
CRN,20190131,3.1,3.22,3.08,3.17,1213507
CRN,20190201,3.18,3.36,3.17,3.3,2224047
CRN,20190204,3.3,3.35,3.23,3.3,889836
CRN,20190205,3.3,3.33,3.27,3.29,320992
CRN,20190206,3.29,3.31,3.25,3.29,486550
CRN,20190207,3.3,3.39,3.27,3.31,376564
CRN,20190208,3.3,3.31,3.25,3.3,4525574
CRN,20190211,3.34,3.38,3.25,3.25,2493119
CRN,20190212,3.33,3.36,3.15,3.18,896121
CRN,20190213,3.24,3.26,3.12,3.22,1450963
CRN,20190214,3.26,3.31,3.23,3.28,246989
CRN,20190215,3.31,3.37,3.27,3.35,1060058
CRN,20190218,3.35,3.41,3.32,3.39,978002
CRN,20190219,3.39,3.64,3.36,3.59,1885065
CRN,20190220,3.65,3.69,3.55,3.65,3677372
CRN,20190221,3.63,3.65,3.52,3.55,3250692
CRN,20190222,3.46,3.59,3.33,3.45,1031174
CRN,20190225,3.48,3.58,3.45,3.51,391022
CRN,20190226,3.5,3.53,3.48,3.53,316979
CRN,20190227,3.5,3.53,3.43,3.45,631915
CRN,20190228,3.43,3.54,3.39,3.51,1981321
CRN,20190301,3.53,3.53,3.38,3.4,7313553
CRN,20190304,3.08,3.17,2.99,3.07,515105
CRN,20190305,3.07,3.07,2.97,3.06,1729864
CRN,20190306,3,3.07,3,3.03,947418
CRN,20190307,3.03,3.06,3.01,3.05,2449235
CRN,20190308,3.09,3.09,2.88,2.94,849578
CRN,20190311,2.94,3.05,2.9,2.94,926884
CRN,20190312,2.95,3,2.89,3,2471439
CRN,20190313,2.99,2.99,2.91,2.92,202644
CRN,20190314,2.92,3,2.92,3,410705
CRN,20190315,2.98,3.06,2.98,3.05,1031787
CRN,20190318,3.02,3.07,3.01,3.05,1430248
CRN,20190319,3.04,3.04,2.91,2.94,310446
CRN,20190320,2.94,2.99,2.9,2.94,206632
CRN,20190321,2.93,2.95,2.9,2.91,104905
CRN,20190322,2.95,3.04,2.91,2.95,355711
CRN,20190325,2.95,2.99,2.91,2.94,165781
CRN,20190326,2.92,2.955,2.91,2.91,67639
CRN,20190327,2.9,2.92,2.89,2.9,99073
CRN,20190328,2.92,2.94,2.89,2.91,163390
CRN,20190329,2.95,2.97,2.77,2.88,384956
CRN,20190401,2.85,2.96,2.85,2.86,2478982
CRN,20190402,2.9,3.04,2.88,3,251263
CRN,20190403,3.04,3.06,2.99,3.05,455567
CRN,20190404,2.92,3.05,2.92,3.04,167604
CRN,20190405,3.04,3.05,2.97,2.97,323060
CRN,20190408,2.94,3,2.935,2.99,160190
CRN,20190409,3,3.05,2.96,3,394431
CRN,20190410,3,3,2.93,2.96,281775
CRN,20190411,2.94,2.95,2.92,2.95,47392
CRN,20190412,2.93,2.96,2.89,2.91,376238
CRN,20190415,2.94,2.94,2.86,2.87,142047
CRN,20190416,2.85,2.88,2.8,2.84,513635
CRN,20190417,2.85,2.95,2.82,2.92,117036
CRN,20190418,2.88,2.92,2.86,2.9,92732
CRN,20190423,2.93,2.93,2.86,2.87,217279
CRN,20190424,2.9,2.91,2.86,2.89,229998
CRN,20190426,2.92,2.92,2.85,2.85,211388
CRN,20190429,2.85,2.9,2.83,2.87,130099
CRN,20190430,2.9,2.93,2.87,2.93,362473
CRN,20190501,2.93,2.95,2.9,2.91,507050
CRN,20190502,2.9,2.95,2.85,2.93,209929
CRN,20190503,2.9,2.93,2.87,2.91,128045
CRN,20190506,2.86,2.92,2.85,2.9,480551
CRN,20190507,2.84,2.92,2.84,2.9,489382
CRN,20190508,2.88,2.94,2.88,2.9,5948173
CRN,20190509,2.9,2.92,2.88,2.9,777273
CRN,20190510,2.92,2.92,2.86,2.9,195233
CRN,20190513,2.89,2.89,2.85,2.88,269288
CRN,20190514,2.86,2.95,2.86,2.93,337466
CRN,20190515,2.95,2.98,2.91,2.91,414801
CRN,20190516,2.93,3.05,2.92,3.04,2977770
CRN,20190517,3.05,3.18,3.04,3.18,782216
CRN,20190520,3.19,3.32,3.18,3.25,708980
CRN,20190521,3.24,3.3,3.22,3.25,510203
CRN,20190522,3.27,3.39,3.27,3.38,984403
CRN,20190523,3.42,3.45,3.34,3.38,544189
CRN,20190524,3.35,3.37,3.25,3.34,787482
CRN,20190527,3.22,3.37,3.22,3.35,1094048
CRN,20190528,3.37,3.39,3.26,3.34,5465321
CRN,20190529,3.3,3.37,3.275,3.3,447427
CRN,20190530,3.25,3.325,3.25,3.25,353439
CRN,20190531,3.25,3.255,3.15,3.19,438798
CRN,20190603,3.12,3.235,3.09,3.12,508185
CRN,20190604,3.1,3.14,3,3.06,285040
CRN,20190605,3.14,3.16,3.05,3.06,283996
CRN,20190606,3.06,3.14,3.01,3.08,357120
CRN,20190607,3.06,3.2,3.04,3.2,2379385
CRN,20190611,3.24,3.315,3.18,3.2,2097959
CRN,20190612,3.16,3.28,3.15,3.17,505113
CRN,20190613,3.16,3.23,3.02,3.06,453268
CRN,20190614,3.15,3.25,3.1,3.2,978665
CRN,20190617,3.18,3.31,3.17,3.25,1891745
CRN,20190618,3.22,3.32,3.22,3.3,5452658
CRN,20190619,3.3,3.39,3.27,3.33,657162
CRN,20190620,3.36,3.4,3.32,3.36,1719450
CRN,20190621,3.34,3.4,3.27,3.33,10108149
CRN,20190624,3.3,3.615,3.27,3.54,4143721
CRN,20190625,3.5,3.5,3.43,3.48,797897
CRN,20190626,3.45,3.49,3.44,3.45,3981301
CRN,20190627,3.41,3.6,3.4,3.54,1318712
CRN,20190628,3.54,3.69,3.505,3.63,1464290
CRN,20190701,3.67,3.67,3.57,3.61,1291109
CRN,20190702,3.59,3.59,3.54,3.54,1884553
CRN,20190703,3.46,3.55,3.455,3.51,1550372
CRN,20190704,3.54,3.58,3.48,3.56,585452
CRN,20190705,3.56,3.66,3.55,3.6,1553298
CRN,20190708,3.6,3.63,3.46,3.55,368432
CRN,20190709,3.52,3.53,3.42,3.45,604669
CRN,20190710,3.4,3.43,3.31,3.35,1743071
CRN,20190711,3.44,3.54,3.35,3.48,694031
CRN,20190712,3.53,3.66,3.51,3.64,1023774
CRN,20190715,3.6,3.69,3.56,3.63,782801
CRN,20190716,3.59,3.59,3.46,3.49,353256
CRN,20190717,3.56,3.6,3.52,3.59,701614
CRN,20190718,3.55,3.64,3.45,3.48,638682
CRN,20190719,3.44,3.6,3.44,3.55,236197
CRN,20190722,3.6,3.65,3.6,3.6,459589
CRN,20190723,3.61,3.65,3.54,3.58,348553
CRN,20190724,3.55,3.57,3.48,3.48,482898
CRN,20190725,3.55,3.55,3.49,3.54,277867
CRN,20190726,3.55,3.55,3.47,3.55,484999
CRN,20190729,3.57,3.57,3.425,3.45,706432
CRN,20190730,3.42,3.45,3.26,3.3,894856
CRN,20190731,3.21,3.28,3.21,3.24,303398
CRN,20190801,3.2,3.2,3.11,3.17,1416750
CRN,20190802,3.11,3.33,3.11,3.29,601773
CRN,20190805,3.5,3.55,3.2,3.2,1986542
CRN,20190806,3.12,3.15,3.05,3.11,1047450
CRN,20190807,3.19,3.26,3.14,3.16,855643
CRN,20190808,3.19,3.2,3.14,3.14,421694
CRN,20190809,3.17,3.22,3.14,3.14,755664
CRN,20190812,3.18,3.22,3.13,3.19,882695
CRN,20190813,3.17,3.2,3.12,3.12,672070
CRN,20190814,3.18,3.22,3.1,3.13,1646340
CRN,20190815,3.09,3.14,3.07,3.1,791001
CRN,20190816,3.05,3.1,3.05,3.08,553030
CRN,20190819,3.07,3.1,3,3.01,936879
CRN,20190820,3.02,3.12,3.02,3.09,1805014
CRN,20190821,3.11,3.15,3.07,3.08,835450
CRN,20190822,3.1,3.12,3.07,3.08,1327096
CRN,20190823,2.6,2.71,2.53,2.65,809721
CRN,20190826,2.61,2.61,2.54,2.55,784883
CRN,20190827,2.6,2.6,2.48,2.52,720289
CRN,20190828,2.54,2.57,2.5,2.57,456121
CRN,20190829,2.58,2.69,2.53,2.65,1189481
CRN,20190830,2.64,2.68,2.56,2.66,1329614
CRN,20190902,2.62,2.68,2.58,2.61,237401
CRN,20190903,2.65,2.76,2.65,2.73,891217
CRN,20190904,2.65,2.79,2.65,2.74,619487
CRN,20190905,2.76,2.85,2.71,2.76,1212889
CRN,20190906,2.76,2.76,2.65,2.66,306092
CRN,20190909,2.7,2.7,2.52,2.53,957999
CRN,20190910,2.55,2.6,2.52,2.55,392043
CRN,20190911,2.62,2.73,2.59,2.64,630975
CRN,20190912,2.57,2.63,2.53,2.55,543854
CRN,20190913,2.6,2.6,2.535,2.55,430196
CRN,20190916,2.56,2.59,2.52,2.53,172621
CRN,20190917,2.55,2.58,2.5,2.52,516054
CRN,20190918,2.55,2.55,2.47,2.49,679113
CRN,20190919,2.49,2.52,2.44,2.45,586651
CRN,20190920,2.45,2.48,2.43,2.44,412245
CRN,20190923,2.47,2.5,2.44,2.45,414903
CRN,20190924,2.47,2.5,2.4,2.43,779461
CRN,20190925,2.25,2.38,2.11,2.31,1384756
CRN,20190926,2.24,2.29,2.24,2.25,717205
CRN,20190927,2.25,2.28,2.22,2.23,427103
CRN,20190930,2.24,2.35,2.23,2.31,425725
CRN,20191001,2.35,2.36,2.28,2.31,394459
CRN,20191002,2.3,2.3,2.27,2.29,270497
CRN,20191003,2.27,2.34,2.26,2.31,950891
CRN,20191004,2.3,2.36,2.3,2.34,398807
CRN,20191007,2.35,2.38,2.34,2.36,225308
CRN,20191008,2.36,2.38,2.33,2.38,1234185
CRN,20191009,2.35,2.37,2.31,2.32,316375
CRN,20191010,2.35,2.37,2.3,2.3,165605
CRN,20191011,2.31,2.38,2.31,2.36,311988
CRN,20191014,2.38,2.45,2.36,2.38,903144
CRN,20191015,2.38,2.41,2.33,2.34,227172
CRN,20191016,2.38,2.38,2.34,2.34,198527
CRN,20191017,2.34,2.45,2.34,2.45,380841
CRN,20191018,2.45,2.45,2.37,2.42,225854
CRN,20191021,2.45,2.45,2.35,2.37,304426
CRN,20191022,2.37,2.44,2.34,2.4,805674
CRN,20191023,2.39,2.46,2.39,2.44,663946
CRN,20191024,2.44,2.46,2.4,2.46,523931
CRN,20191025,2.42,2.46,2.395,2.44,715549
CRN,20191028,2.45,2.45,2.38,2.4,608925
CRN,20191029,2.42,2.45,2.39,2.41,447331
CRN,20191030,2.43,2.43,2.4,2.43,532017
CRN,20191031,2.4,2.44,2.39,2.4,866215
CRN,20191101,2.43,2.44,2.38,2.4,823902
CRN,20191104,2.41,2.44,2.36,2.39,460495
CRN,20191105,2.43,2.43,2.37,2.42,159029
CRN,20191106,2.42,2.43,2.36,2.37,321474
CRN,20191107,2.37,2.37,2.27,2.3,3323077
CRN,20191108,2.3,2.32,2.26,2.31,267300
CRN,20191111,2.34,2.34,2.235,2.25,445177
CRN,20191112,2.29,2.29,2.19,2.21,249781
CRN,20191113,2.23,2.33,2.23,2.24,196946
CRN,20191114,2.3,2.31,2.2,2.2,491515
CRN,20191115,2.24,2.31,2.21,2.28,174496
CRN,20191118,2.26,2.26,2.1,2.1,1032075
CRN,20191119,2.1,2.11,2.01,2.01,861440
CRN,20191120,2.01,2.12,1.995,2.09,726767
CRN,20191121,2.11,2.125,2.05,2.08,503775
CRN,20191122,2.08,2.12,2.04,2.08,377378
CRN,20191125,2.09,2.09,2.03,2.04,398612
CRN,20191126,2.04,2.06,2.02,2.05,576020
CRN,20191127,2.05,2.05,2,2.01,399117
CRN,20191128,2.01,2.04,2,2,124717
CRN,20191129,2.02,2.02,1.96,1.98,426286
CRN,20191202,1.96,2.05,1.91,1.955,703542
CRN,20191203,1.91,1.96,1.907,1.935,777212
CRN,20191204,1.93,1.94,1.9,1.94,186140
CRN,20191205,1.93,2,1.92,1.97,397692
CRN,20191206,1.95,2.03,1.94,2,233435
CRN,20191209,2.03,2.03,1.99,1.99,181416
CRN,20191210,2.01,2.02,1.96,1.985,132216
CRN,20191211,1.98,2.02,1.965,2.02,3506651
CRN,20191212,2.01,2.05,2.01,2.01,130522
CRN,20191213,2.03,2.14,2.02,2.14,418749
CRN,20191216,2.16,2.17,2.05,2.13,338617
CRN,20191217,2.11,2.17,2.07,2.14,266441
CRN,20191218,2.14,2.3,2.13,2.28,862371
CRN,20191219,2.28,2.28,2.16,2.19,620174
CRN,20191220,2.2,2.25,2.16,2.18,842425
CRN,20191223,2.15,2.22,2.11,2.11,471342
CRN,20191224,2.13,2.2,2.13,2.15,84471
CRN,20191227,2.2,2.24,2.17,2.2,94130
CRN,20191230,2.25,2.28,2.21,2.26,268058
CRN,20191231,2.25,2.25,2.21,2.21,38204
CRN,20200102,2.24,2.26,2.2,2.25,158191
CRN,20200103,2.23,2.25,2.23,2.25,165370
CRN,20200106,2.22,2.23,2.19,2.21,192769
CRN,20200107,2.15,2.25,2.15,2.25,160026
CRN,20200108,2.25,2.25,2.21,2.25,266863
CRN,20200109,2.23,2.31,2.23,2.3,425385
CRN,20200113,2.28,2.32,2.24,2.26,238596
CRN,20200114,2.27,2.35,2.27,2.3,517418
CRN,20200115,2.28,2.29,2.25,2.28,228092
CRN,20200116,2.27,2.28,2.24,2.27,268046
CRN,20200117,2.25,2.25,2.15,2.19,554751
CRN,20200120,2.19,2.2,2.15,2.16,600160
CRN,20200121,2.18,2.2,2.15,2.16,149905
CRN,20200122,2.16,2.2,2.16,2.2,106562
CRN,20200123,2.22,2.24,2.14,2.15,378813
CRN,20200124,2.1,2.19,2.08,2.15,278368
CRN,20200128,2.09,2.13,2.025,2.06,454584
CRN,20200129,2.07,2.16,2.06,2.12,102910
CRN,20200130,2.12,2.12,2.08,2.11,175467
CRN,20200203,2.01,2.05,1.97,2.02,275881
CRN,20200204,2.01,2.06,2,2.02,160506
CRN,20200205,2.06,2.07,2,2.01,398109
CRN,20200210,1.97,1.99,1.96,1.98,378916
CRN,20200211,1.97,1.985,1.96,1.96,186151
CRN,20200212,1.99,2,1.98,1.99,366905
CRN,20200213,2.01,2.02,1.97,2.01,272008
CRN,20200214,1.98,2,1.98,1.98,319475
CRN,20200217,1.985,1.995,1.95,1.95,245975
CRN,20200218,1.97,1.99,1.95,1.96,159069
CRN,20200219,1.965,1.98,1.93,1.93,787763
CRN,20200220,1.93,1.95,1.865,1.915,482661
CRN,20200221,1.9,1.92,1.85,1.875,409015
CRN,20200224,1.85,1.89,1.795,1.815,458238
CRN,20200225,1.78,1.885,1.7,1.77,2343426
CRN,20200226,1.725,1.765,1.705,1.71,449797
CRN,20200227,1.7,1.745,1.65,1.68,1077682
CRN,20200228,1.575,1.63,1.555,1.61,439700
CRN,20200302,1.55,1.71,1.535,1.69,794074
CRN,20200303,1.8,1.805,1.685,1.69,728276
CRN,20200304,1.69,1.69,1.625,1.65,408857
CRN,20200305,1.7,1.72,1.66,1.675,411414
CRN,20200306,1.67,1.685,1.605,1.62,371588
CRN,20200309,1.61,1.67,1.38,1.55,1459207
CRN,20200310,1.44,1.52,1.425,1.5,628335
CRN,20200311,1.555,1.555,1.37,1.385,1137345
CRN,20200312,1.37,1.43,1.3,1.36,1204486
CRN,20200313,1.25,1.345,1.145,1.325,832017
CRN,20200316,1.28,1.305,1.23,1.27,1059090
CRN,20200317,1.215,1.45,1.2,1.385,878009
CRN,20200318,1.35,1.45,1.21,1.23,290984
CRN,20200319,1.23,1.275,1.15,1.22,362400
CRN,20200320,1.2,1.215,1.14,1.17,740586
CRN,20200323,1.13,1.13,0.96,0.99,839916
CRN,20200324,0.98,1.025,0.935,1,863999
CRN,20200325,1.05,1.15,1.04,1.07,896449
CRN,20200326,1.1,1.175,1.1,1.12,1293159
CRN,20200327,1.17,1.17,1.02,1.04,1149179
CRN,20200330,1.03,1.06,0.97,1.06,817921
CRN,20200331,1.1,1.18,1.1,1.155,1305121
CRN,20200401,1.125,1.28,1.12,1.275,735188
CRN,20200402,1.23,1.345,1.2,1.315,658318
CRN,20200403,1.32,1.36,1.3,1.34,627922
CRN,20200406,1.355,1.37,1.32,1.35,458953
CRN,20200407,1.36,1.37,1.29,1.35,274962
CRN,20200408,1.36,1.37,1.3,1.33,754950
CRN,20200409,1.34,1.35,1.28,1.3,313075
CRN,20200414,1.35,1.36,1.295,1.305,985525
CRN,20200415,1.37,1.435,1.33,1.41,536595
CRN,20200416,1.38,1.38,1.285,1.37,637884
CRN,20200417,1.365,1.4,1.31,1.345,326415
CRN,20200420,1.325,1.385,1.26,1.26,598413
CRN,20200421,1.265,1.29,1.17,1.19,485526
CRN,20200422,1.18,1.215,1.125,1.16,273805
CRN,20200423,1.18,1.18,1.125,1.17,263517
CRN,20200424,1.17,1.205,1.16,1.18,85275
CRN,20200427,1.19,1.225,1.18,1.215,92075
CRN,20200428,1.19,1.28,1.17,1.245,203959
CRN,20200429,1.26,1.285,1.185,1.22,434381
CRN,20200430,1.22,1.25,1.185,1.19,717594
CRN,20200501,1.215,1.22,1.12,1.15,547910
CRN,20200504,1.13,1.17,1.12,1.145,299756
CRN,20200505,1.175,1.18,1.092,1.125,295184
CRN,20200506,1.13,1.145,1.065,1.08,579707
CRN,20200507,1.145,1.145,1.055,1.1,314402
CRN,20200508,1.11,1.14,1.11,1.13,370161
CRN,20200511,1.13,1.155,1.11,1.13,1094228
CRN,20200512,1.13,1.145,1.11,1.13,343770
CRN,20200513,1.11,1.125,1.035,1.07,996878
CRN,20200514,1.04,1.075,1.02,1.07,398693
CRN,20200515,1.06,1.085,1.05,1.07,378444
CRN,20200518,1.085,1.115,1.085,1.105,349490
CRN,20200519,1.11,1.12,1.065,1.08,742437
CRN,20200520,1.105,1.12,1.055,1.055,570447
CRN,20200521,1.075,1.095,1.02,1.02,873473
CRN,20200522,1.032,1.035,0.99,1,824708
CRN,20200525,1.005,1.015,0.99,0.995,325288
CRN,20200526,1.055,1.11,1.03,1.03,1647676
CRN,20200527,1.055,1.1,1.01,1.08,1860401
CRN,20200528,1.09,1.15,1.075,1.15,2302208
CRN,20200529,1.155,1.185,1.13,1.185,1077833
CRN,20200601,1.195,1.195,1.14,1.17,663242
CRN,20200602,1.16,1.17,1.14,1.16,413306
CRN,20200603,1.16,1.175,1.15,1.16,622074
CRN,20200604,1.165,1.17,1.1,1.12,2298991
CRN,20200605,1.13,1.15,1.07,1.075,1482169
CRN,20200609,1.12,1.25,1.12,1.25,2118043
CRN,20200610,1.25,1.28,1.22,1.25,1297558
CRN,20200611,1.26,1.26,1.165,1.175,1075816
CRN,20200612,1.095,1.11,1.06,1.085,2158687
CRN,20200615,1.12,1.125,1,1.01,1690803
CRN,20200616,1.07,1.1,1.065,1.09,644627
CRN,20200617,1.095,1.1,1.045,1.06,583607
CRN,20200618,1.065,1.075,1.03,1.07,786545
CRN,20200619,1.055,1.07,1.04,1.06,523605
CRN,20200622,1.05,1.05,1.02,1.045,884600
CRN,20200623,1.025,1.05,1.01,1.04,729191
CRN,20200624,1.04,1.1,1.015,1.025,934754
CRN,20200625,1.01,1.025,0.98,0.985,1184403
CRN,20200626,1.005,1.01,0.975,0.985,1047095
CRN,20200629,0.985,0.99,0.945,0.945,944988
CRN,20200630,0.96,0.99,0.92,0.925,1741569
CRN,20200701,0.935,0.97,0.93,0.95,572922
CRN,20200702,0.96,1.01,0.955,1.005,586917
CRN,20200703,1.02,1.03,0.975,1,348292
CRN,20200706,1.01,1.065,1,1.065,1079785
CRN,20200707,1.06,1.085,1.02,1.02,481229
CRN,20200708,1.015,1.027,0.99,1.005,393491
CRN,20200709,1,1.027,1,1.01,893406
CRN,20200710,1.005,1.01,0.95,0.97,480758
CRN,20200713,0.98,0.98,0.95,0.96,711919
CRN,20200714,0.945,0.955,0.91,0.91,1230713
CRN,20200715,0.92,0.945,0.92,0.925,601230
CRN,20200716,0.945,0.96,0.925,0.93,302181
CRN,20200717,0.955,0.96,0.925,0.94,288995
CRN,20200720,0.95,0.95,0.915,0.93,619220
CRN,20200721,0.935,0.94,0.915,0.93,390215
CRN,20200722,0.93,0.93,0.915,0.915,269898
CRN,20200723,0.92,0.93,0.9,0.93,2595968
CRN,20200724,0.93,0.93,0.895,0.92,962290
CRN,20200727,0.91,0.92,0.9,0.91,197761
CRN,20200728,0.91,0.915,0.905,0.905,583329
CRN,20200729,0.91,0.91,0.89,0.895,480879
CRN,20200730,0.905,0.905,0.865,0.88,831013
CRN,20200731,0.875,0.88,0.86,0.875,773413
CRN,20200803,0.86,0.87,0.82,0.83,898480
CRN,20200804,0.835,0.85,0.82,0.825,727761
CRN,20200805,0.825,0.825,0.78,0.82,1160905
CRN,20200806,0.82,0.825,0.805,0.825,667914
CRN,20200807,0.825,0.9,0.825,0.85,1445764
CRN,20200810,0.86,0.895,0.835,0.835,7766627
CRN,20200811,0.87,0.89,0.825,0.825,897474
CRN,20200812,0.825,0.825,0.825,0.825,0
CRN,20200813,0.825,0.825,0.825,0.825,0
CRN,20200814,0.825,0.825,0.825,0.825,0
CRN,20200817,0.825,0.825,0.825,0.825,0
CRN,20200818,0.825,0.825,0.825,0.825,0
CRN,20200819,0.69,0.72,0.63,0.685,11576203
CRN,20200820,0.71,0.71,0.665,0.695,3248260
CRN,20200821,0.695,0.702,0.685,0.7,2968871
CRN,20200824,0.69,0.695,0.665,0.67,1598833
CRN,20200825,0.665,0.67,0.64,0.645,3453349
CRN,20200826,0.63,0.635,0.605,0.625,6278569
CRN,20200827,0.605,0.61,0.585,0.585,13466623
CRN,20200828,0.58,0.605,0.58,0.6,5564609
CRN,20200831,0.59,0.62,0.585,0.62,14277575
CRN,20200901,0.615,0.62,0.592,0.605,2706427
CRN,20200902,0.62,0.64,0.615,0.64,5795077
CRN,20200903,0.64,0.65,0.63,0.645,4759018
CRN,20200904,0.62,0.635,0.615,0.63,2522345
CRN,20200907,0.635,0.66,0.632,0.65,3533373
CRN,20200908,0.655,0.687,0.65,0.68,4981502
CRN,20200909,0.66,0.697,0.655,0.69,2487720
CRN,20200910,0.72,0.74,0.7,0.74,3299527
CRN,20200911,0.745,0.76,0.725,0.735,9552966
CRN,20200914,0.76,0.842,0.75,0.82,4830562
CRN,20200915,0.87,0.91,0.835,0.905,19269967
CRN,20200916,0.925,0.98,0.89,0.98,10109429
CRN,20200917,1.02,1.02,0.9,0.92,10332152
CRN,20200918,0.935,0.955,0.92,0.955,11483106
CRN,20200921,0.93,0.97,0.925,0.945,10101275
CRN,20200922,0.9,0.945,0.88,0.885,2390222
CRN,20200923,0.895,0.91,0.87,0.9,2020257
CRN,20200924,0.875,0.89,0.847,0.89,2361280
CRN,20200925,0.88,0.93,0.88,0.925,1357449
CRN,20200928,0.945,0.95,0.935,0.935,2763491
CRN,20200929,0.96,0.975,0.93,0.94,1576200
CRN,20200930,0.94,0.96,0.91,0.955,1622453
CRN,20201001,0.96,0.965,0.94,0.95,1325866
CRN,20201002,0.95,0.955,0.89,0.915,2432673
CRN,20201005,0.905,0.95,0.905,0.92,978158
CRN,20201006,0.93,0.945,0.92,0.92,1307043
CRN,20201007,0.92,0.94,0.905,0.91,1666205
CRN,20201008,0.925,0.925,0.84,0.84,4523524
CRN,20201009,0.845,0.89,0.825,0.86,2577485
CRN,20201012,0.85,0.897,0.83,0.895,1969518
CRN,20201013,0.825,0.845,0.8,0.825,5093908
CRN,20201014,0.82,0.825,0.775,0.775,4162203
CRN,20201015,0.775,0.8,0.77,0.8,3121071
CRN,20201016,0.79,0.83,0.785,0.815,6244016
CRN,20201019,0.82,0.832,0.795,0.825,1268427
CRN,20201020,0.805,0.87,0.8,0.87,4416349
CRN,20201021,0.87,0.91,0.85,0.85,3234499
CRN,20201022,0.86,0.875,0.84,0.84,8485183
CRN,20201023,0.84,0.86,0.835,0.845,1173848
CRN,20201026,0.835,0.855,0.83,0.835,955039
CRN,20201027,0.83,0.835,0.782,0.79,2050042
CRN,20201028,0.79,0.8,0.772,0.775,1698780
CRN,20201029,0.77,0.775,0.76,0.77,1162598
CRN,20201030,0.77,0.785,0.74,0.745,1732630
CRN,20201102,0.745,0.747,0.705,0.705,1560502
CRN,20201103,0.72,0.77,0.72,0.77,5430925
CRN,20201104,0.76,0.785,0.75,0.785,1183426
CRN,20201105,0.78,0.78,0.745,0.765,848600
CRN,20201106,0.78,0.83,0.77,0.815,2581888
CRN,20201109,0.82,0.83,0.775,0.8,2260308
CRN,20201110,0.83,0.84,0.8,0.835,6830224
CRN,20201111,0.81,0.845,0.805,0.845,2253765
CRN,20201112,0.84,0.842,0.825,0.84,754843
CRN,20201113,0.84,0.85,0.83,0.84,2570679
CRN,20201116,0.85,0.86,0.85,0.86,131138
CRN,20201117,0.875,0.925,0.875,0.915,3546262
CRN,20201118,0.92,0.945,0.915,0.94,3360642
CRN,20201120,0.91,0.925,0.9,0.905,795872
CRN,20201123,0.91,0.94,0.9,0.94,2967586
CRN,20201124,0.945,0.98,0.935,0.97,2508023
CRN,20201125,0.99,1.085,0.98,1.08,16133044
CRN,20201126,1.085,1.09,1.05,1.065,4129140
CRN,20201127,1.065,1.115,1.065,1.11,1978975
CRN,20201130,1.12,1.12,1.03,1.05,3722588
CRN,20201201,1.05,1.057,1,1.025,3495860
CRN,20201202,1.035,1.045,1.015,1.045,2651672
CRN,20201203,1.045,1.09,1.04,1.07,2549822
CRN,20201204,1.06,1.125,1.06,1.11,3126621
CRN,20201207,1.15,1.17,1.09,1.125,2415099
CRN,20201208,1.115,1.147,1.11,1.135,1306704
CRN,20201209,1.135,1.17,1.127,1.165,1540200
CRN,20201210,1.16,1.16,1.125,1.14,885417
CRN,20201211,1.14,1.17,1.125,1.17,1223553
CRN,20201214,1.15,1.175,1.135,1.145,1848183
CRN,20201215,1.08,1.08,0.97,1.03,6442576
CRN,20201216,1.04,1.06,1.025,1.025,3919768
CRN,20201217,1.05,1.125,1.04,1.105,2695394
CRN,20201218,1.105,1.14,1.09,1.09,6004258
CRN,20201221,1.085,1.11,1.03,1.04,1084030
CRN,20201222,1.04,1.055,1.03,1.03,1054159
CRN,20201224,1.045,1.045,1.045,1.045,0
CRN,20201229,1.075,1.1,1.055,1.09,1341372
CRN,20201230,1.08,1.08,1.055,1.06,631815
CRN,20201231,1.09,1.14,1.075,1.135,1435936
CRN,20210104,1.12,1.135,1.11,1.13,324570
CRN,20210105,1.12,1.145,1.11,1.13,840119
CRN,20210106,1.125,1.16,1.12,1.12,785033
CRN,20210107,1.105,1.13,1.09,1.105,1234553
CRN,20210108,1.115,1.15,1.095,1.12,1340378
CRN,20210111,1.12,1.15,1.105,1.14,861491
CRN,20210112,1.13,1.185,1.125,1.155,1790295
CRN,20210113,1.145,1.18,1.125,1.18,1445293
CRN,20210114,1.195,1.25,1.18,1.19,3451427
CRN,20210115,1.19,1.27,1.185,1.255,3055398
CRN,20210118,1.245,1.247,1.215,1.22,1200216
CRN,20210119,1.23,1.26,1.23,1.245,842992
CRN,20210120,1.255,1.335,1.24,1.32,3717533
CRN,20210121,1.285,1.335,1.26,1.32,3097199
CRN,20210122,1.32,1.32,1.26,1.28,3571883
CRN,20210125,1.27,1.31,1.26,1.28,887480
CRN,20210127,1.29,1.32,1.285,1.3,1972494
CRN,20210128,1.3,1.3,1.23,1.275,1676040
CRN,20210129,1.285,1.315,1.275,1.31,1460221
CRN,20210201,1.295,1.3,1.275,1.3,1554034
CRN,20210203,1.305,1.305,1.262,1.28,1105618
CRN,20210204,1.29,1.295,1.25,1.26,1064759
CRN,20210205,1.255,1.275,1.195,1.22,2794144
CRN,20210208,1.225,1.25,1.205,1.245,1525694
CRN,20210209,1.235,1.265,1.21,1.22,1132905
CRN,20210210,1.22,1.28,1.22,1.265,1078164
CRN,20210211,1.265,1.265,1.235,1.26,482018
CRN,20210212,1.25,1.275,1.23,1.26,1011735
CRN,20210215,1.26,1.26,1.21,1.21,1684820
CRN,20210216,1.23,1.255,1.202,1.205,1624110
CRN,20210217,1.21,1.25,1.18,1.23,955111
CRN,20210218,1.24,1.285,1.205,1.27,1639911
CRN,20210219,1.275,1.295,1.215,1.235,2606038
CRN,20210222,1.23,1.26,1.22,1.25,1395173
CRN,20210223,1.245,1.255,1.225,1.235,1670823
CRN,20210224,1.22,1.235,1.19,1.215,1836151
CRN,20210225,1.185,1.25,1.185,1.215,679579
CRN,20210226,1.2,1.2,0.972,1.085,7803494
CRN,20210301,1.06,1.075,1.02,1.025,2614676
CRN,20210302,1.025,1.047,1.01,1.02,2543696
CRN,20210303,1.03,1.045,1.015,1.03,7203144
CRN,20210304,1.03,1.045,0.995,1.02,3174371
CRN,20210305,1,1.01,0.97,1,3529186
CRN,20210308,1.01,1.065,1.01,1.045,1446263
CRN,20210309,1.045,1.085,1.045,1.085,1565118
CRN,20210310,1.08,1.12,1.065,1.08,1946693
CRN,20210311,1.08,1.12,1.065,1.08,1946693
CRN,20210312,1.105,1.115,1.065,1.08,3197266
CRN,20210315,1.075,1.097,1.065,1.08,2791989
CRN,20210316,1.07,1.08,1.05,1.06,1592773
CRN,20210317,1.065,1.075,1.045,1.06,2927445
CRN,20210318,1.06,1.08,1.055,1.065,3228419
CRN,20210319,1.05,1.06,1.02,1.035,17099315
CRN,20210322,1.035,1.045,1.022,1.035,1417964
CRN,20210323,1.025,1.035,1.01,1.015,943409
CRN,20210324,1.005,1.01,0.96,0.96,2357584
CRN,20210325,0.96,0.98,0.94,0.955,1896254
CRN,20210329,0.98,0.99,0.955,0.955,1009548
CRN,20210330,0.95,0.955,0.865,0.88,4973086
CRN,20210331,0.88,0.905,0.835,0.9,4179366
CRN,20210401,0.905,0.905,0.885,0.895,1347182
CRN,20210406,0.9,0.96,0.89,0.925,2567473
CRN,20210407,0.945,0.95,0.92,0.925,857410
CRN,20210408,0.95,0.952,0.91,0.91,888356
CRN,20210409,0.92,0.925,0.9,0.9,1269216
CRN,20210412,0.895,0.925,0.89,0.91,2234438
CRN,20210413,0.92,0.925,0.87,0.87,1100558
CRN,20210414,0.88,0.89,0.865,0.865,1451413
CRN,20210415,0.87,0.885,0.845,0.86,2149376
CRN,20210416,0.86,0.865,0.83,0.845,1268445
CRN,20210419,0.845,0.85,0.822,0.84,964334
CRN,20210420,0.8,0.82,0.745,0.775,7404487
CRN,20210421,0.75,0.76,0.685,0.685,8800499
CRN,20210422,0.7,0.705,0.657,0.67,7915093
CRN,20210423,0.675,0.695,0.64,0.69,4757246
CRN,20210426,0.695,0.695,0.635,0.635,5411306
CRN,20210427,0.635,0.64,0.62,0.625,3876353
CRN,20210428,0.62,0.63,0.59,0.595,8515095
CRN,20210429,0.595,0.595,0.595,0.595,0
CRN,20210430,0.595,0.595,0.595,0.595,0
CRN,20210503,0.595,0.595,0.595,0.595,0
CRN,20210504,0.595,0.595,0.595,0.595,0
CRN,20210505,0.595,0.595,0.595,0.595,0
CRN,20210506,0.56,0.63,0.497,0.525,21290525
CRN,20210507,0.54,0.542,0.515,0.52,6492991
CRN,20210510,0.53,0.54,0.515,0.53,7722619
CRN,20210511,0.53,0.58,0.52,0.58,10630811
CRN,20210512,0.58,0.665,0.575,0.665,10196409
CRN,20210513,0.635,0.645,0.615,0.625,4352296
CRN,20210514,0.64,0.645,0.62,0.625,2880654
CRN,20210517,0.62,0.64,0.59,0.61,4080896
CRN,20210518,0.63,0.68,0.61,0.68,5388179
CRN,20210519,0.67,0.67,0.625,0.63,3461416
CRN,20210520,0.63,0.64,0.625,0.625,1546151
CRN,20210521,0.64,0.655,0.625,0.64,1506597
CRN,20210524,0.66,0.67,0.632,0.64,2508153
CRN,20210525,0.64,0.665,0.635,0.665,2202654
CRN,20210526,0.665,0.67,0.65,0.65,1545823
CRN,20210527,0.655,0.68,0.65,0.65,2452670
CRN,20210528,0.67,0.712,0.655,0.695,5062826
CRN,20210531,0.715,0.72,0.65,0.685,5481479
CRN,20210601,0.685,0.735,0.685,0.7,8849798
CRN,20210602,0.72,0.75,0.71,0.74,3466990
CRN,20210603,0.75,0.79,0.75,0.755,3124145
CRN,20210604,0.755,0.785,0.74,0.78,3339856
CRN,20210607,0.785,0.8,0.765,0.772,1495806
CRN,20210609,0.79,0.805,0.78,0.8,12220193
CRN,20210610,0.815,0.845,0.8,0.83,14609329
CRN,20210611,0.84,0.87,0.825,0.85,17842483
CRN,20210615,0.865,0.89,0.83,0.83,3684648
CRN,20210616,0.83,0.832,0.785,0.79,3540761
CRN,20210617,0.785,0.785,0.755,0.77,2313382
CRN,20210618,0.77,0.81,0.77,0.81,2273334
CRN,20210621,0.78,0.78,0.755,0.755,1735607
CRN,20210622,0.765,0.81,0.765,0.8,3317067
CRN,20210623,0.78,0.81,0.775,0.79,612596
CRN,20210625,0.82,0.85,0.795,0.84,2986149
CRN,20210628,0.84,0.87,0.82,0.835,2072113
CRN,20210629,0.83,0.84,0.795,0.815,2080817
CRN,20210630,0.82,0.84,0.81,0.84,2511778
CRN,20210701,0.825,0.875,0.825,0.87,2377916
CRN,20210705,0.895,0.915,0.89,0.9,1990411
CRN,20210706,0.91,0.945,0.905,0.915,4066522
CRN,20210707,0.915,0.92,0.89,0.905,2171720
CRN,20210708,0.92,0.945,0.915,0.92,1881359
CRN,20210709,0.91,0.955,0.91,0.955,2930604
CRN,20210712,0.97,0.98,0.95,0.95,1560736
CRN,20210714,0.96,0.96,0.925,0.94,3045204
CRN,20210715,0.94,0.952,0.915,0.92,2001908
CRN,20210716,0.93,0.93,0.89,0.92,3323522
CRN,20210719,0.905,0.91,0.89,0.91,1319396
CRN,20210720,0.895,0.905,0.87,0.9,2885017
CRN,20210723,0.995,1.005,0.975,0.995,2503890
CRN,20210726,1,1.015,0.985,1.01,3807618
CRN,20210727,1.015,1.04,1,1.01,4533639
CRN,20210728,1.01,1.022,0.99,1.015,3107263
CRN,20210729,1.02,1.03,0.99,0.995,1515302
CRN,20210730,0.995,1.005,0.965,0.99,4123805
CRN,20210802,1.01,1.015,0.98,0.995,1958309
CRN,20210803,0.995,0.995,0.97,0.985,1217645
CRN,20210804,0.97,0.98,0.94,0.945,2359479
CRN,20210805,0.945,0.95,0.885,0.9,4330508
CRN,20210806,0.9,0.945,0.9,0.945,2297695
CRN,20210809,0.925,0.96,0.92,0.96,2029141
CRN,20210810,0.925,0.965,0.925,0.965,2464735
CRN,20210811,0.975,1.045,0.975,1.01,17008912
CRN,20210812,1.015,1.09,1.015,1.09,6505674
CRN,20210813,1.09,1.105,1.065,1.08,4181569
CRN,20210819,1.025,1.025,0.955,0.965,4873690
CRN,20210820,0.95,0.965,0.915,0.95,2774308
CRN,20210823,0.96,0.99,0.95,0.98,2745855
CRN,20210824,0.99,1.005,0.98,0.99,2856470
CRN,20210825,1,1.015,0.99,1.005,1614760
CRN,20210826,1,1.035,0.99,1,3148442
CRN,20210827,1.02,1.027,1.005,1.02,2229562
CRN,20210830,1.04,1.13,1.04,1.13,6042976
CRN,20210831,1.12,1.12,1.08,1.11,4681232
CRN,20210901,1.11,1.125,1.085,1.105,4117095
CRN,20210902,1.115,1.185,1.115,1.18,7292095
CRN,20210903,1.205,1.232,1.195,1.2,8182933
CRN,20210906,1.225,1.27,1.18,1.27,7241927
CRN,20210907,1.27,1.295,1.26,1.27,6555069
CRN,20210908,1.28,1.28,1.217,1.225,5201321
CRN,20210909,1.235,1.26,1.2,1.205,8606292
CRN,20210910,1.22,1.277,1.215,1.245,4567792
CRN,20210913,1.29,1.29,1.23,1.24,4149131
CRN,20210914,1.255,1.27,1.21,1.225,6506589
CRN,20210915,1.255,1.305,1.25,1.305,5520137
CRN,20210916,1.315,1.375,1.315,1.37,6724124
CRN,20210917,1.375,1.39,1.32,1.34,9427867
CRN,20210920,1.32,1.34,1.225,1.235,5270869
CRN,20210922,1.23,1.31,1.205,1.295,3736569
CRN,20210923,1.34,1.365,1.305,1.365,3443399
CRN,20210924,1.42,1.44,1.385,1.395,8716214
CRN,20210927,1.41,1.415,1.31,1.345,4407693
CRN,20210928,1.37,1.385,1.305,1.37,4094574
CRN,20210929,1.36,1.425,1.34,1.35,6432035
CRN,20210930,1.355,1.357,1.26,1.29,7370426
CRN,20211001,1.305,1.355,1.3,1.355,3441839
CRN,20211004,1.395,1.485,1.39,1.435,5226115
CRN,20211005,1.43,1.465,1.41,1.465,6831905
CRN,20211006,1.49,1.535,1.475,1.485,7393442
CRN,20211007,1.43,1.465,1.405,1.455,3269953
CRN,20211008,1.455,1.52,1.45,1.52,3862707
CRN,20211011,1.53,1.61,1.525,1.595,6316721
CRN,20211012,1.53,1.61,1.525,1.61,6483309
CRN,20211013,1.595,1.6,1.53,1.545,3523942
CRN,20211014,1.52,1.52,1.387,1.44,7085490
CRN,20211019,1.51,1.545,1.51,1.52,1747777
CRN,20211020,1.47,1.495,1.415,1.475,3453443
CRN,20211021,1.49,1.5,1.39,1.48,6105956
CRN,20211022,1.435,1.455,1.375,1.405,4716955
CRN,20211025,1.425,1.43,1.392,1.395,3979841
CRN,20211026,1.4,1.405,1.34,1.345,3792033
CRN,20211028,1.335,1.395,1.285,1.38,5534985
CRN,20211029,1.37,1.415,1.34,1.365,3540460
CRN,20211101,1.345,1.397,1.335,1.345,2359147
CRN,20211102,1.315,1.315,1.26,1.28,4895417
CRN,20211103,1.23,1.29,1.215,1.245,10349004
CRN,20211104,1.28,1.31,1.265,1.29,6546114
CRN,20211105,1.29,1.31,1.265,1.29,3870758
CRN,20211109,1.32,1.365,1.31,1.345,2938495
CRN,20211110,1.35,1.36,1.277,1.29,1650251
CRN,20211112,1.275,1.32,1.275,1.285,2603588
CRN,20211115,1.29,1.3,1.227,1.235,1715790
CRN,20211116,1.24,1.285,1.225,1.23,4900741
CRN,20211117,1.235,1.24,1.17,1.17,5861120
CRN,20211118,1.18,1.205,1.14,1.155,4854453
CRN,20211119,1.16,1.17,1.135,1.15,1864231
CRN,20211122,1.08,1.135,1.05,1.135,4986876
CRN,20211123,1.135,1.16,1.12,1.145,3144830
CRN,20211124,1.16,1.195,1.15,1.165,3265381
CRN,20211125,1.175,1.195,1.165,1.175,1843569
CRN,20211126,1.18,1.18,1.09,1.115,2176165
CRN,20211129,1.055,1.125,1.055,1.105,4515437
CRN,20211130,1.13,1.145,1.1,1.1,3426360
CRN,20211201,1.115,1.14,1.1,1.135,1774519
CRN,20211202,1.135,1.14,1.1,1.115,1950823
CRN,20211203,1.12,1.13,1.095,1.13,3505050
CRN,20211206,1.1,1.115,1.08,1.09,6367280
CRN,20211207,1.11,1.15,1.102,1.15,2304265
CRN,20211208,1.15,1.205,1.147,1.185,3236611
CRN,20211209,1.205,1.22,1.19,1.205,4169840
CRN,20211210,1.205,1.21,1.155,1.195,2397528
CRN,20211213,1.2,1.205,1.165,1.2,1630698
CRN,20211214,1.17,1.18,1.155,1.175,1035361
CRN,20211216,1.125,1.137,1.08,1.135,2034190
CRN,20211217,1.13,1.19,1.125,1.19,2304956
CRN,20211220,1.165,1.18,1.155,1.155,1701576
CRN,20211221,1.145,1.17,1.145,1.16,1086834
CRN,20211222,1.17,1.195,1.17,1.19,1826514
CRN,20211223,1.2,1.21,1.185,1.21,1515630
CRN,20211224,1.21,1.24,1.21,1.24,889036
CRN,20211229,1.25,1.275,1.225,1.245,1442811
CRN,20211230,1.235,1.255,1.235,1.255,697853
CRN,20211231,1.255,1.28,1.24,1.24,2312278
CRN,20220104,1.275,1.29,1.26,1.29,2250109
CRN,20220105,1.3,1.34,1.295,1.34,1936243
CRN,20220106,1.33,1.33,1.31,1.325,1189516
CRN,20220107,1.33,1.34,1.3,1.305,994035
CRN,20220110,1.32,1.35,1.3,1.35,931855
CRN,20220111,1.335,1.36,1.33,1.345,772716
CRN,20220112,1.375,1.39,1.365,1.37,1094918
CRN,20220113,1.38,1.39,1.365,1.37,1012646
CRN,20220114,1.38,1.415,1.37,1.39,2299112
CRN,20220117,1.405,1.425,1.365,1.365,1335208
CRN,20220118,1.37,1.41,1.37,1.38,923952
CRN,20220119,1.41,1.43,1.375,1.43,1202582
CRN,20220120,1.46,1.525,1.45,1.515,3309820
CRN,20220121,1.47,1.48,1.38,1.402,4014710
CRN,20220124,1.4,1.415,1.36,1.405,2254132
CRN,20220125,1.41,1.42,1.305,1.315,3117619
CRN,20220127,1.34,1.385,1.27,1.315,4231009
CRN,20220128,1.37,1.375,1.315,1.35,2677608
CRN,20220131,1.35,1.36,1.325,1.36,1753735
CRN,20220201,1.36,1.385,1.33,1.36,1230681
CRN,20220202,1.39,1.42,1.38,1.395,1994706
CRN,20220203,1.39,1.39,1.36,1.37,1012802
CRN,20220204,1.385,1.4,1.375,1.39,1493490
CRN,20220207,1.4,1.5,1.38,1.495,3446921
CRN,20220208,1.49,1.505,1.455,1.46,2495647
CRN,20220209,1.475,1.51,1.47,1.5,1562251
CRN,20220210,1.505,1.555,1.505,1.515,4205460
CRN,20220211,1.52,1.535,1.505,1.51,1888925
CRN,20220214,1.5,1.54,1.495,1.535,1820508
CRN,20220215,1.52,1.525,1.455,1.465,2419579
CRN,20220216,1.505,1.52,1.48,1.505,1795613
CRN,20220217,1.485,1.505,1.455,1.505,2291666
CRN,20220218,1.5,1.51,1.475,1.49,1747599
CRN,20220221,1.5,1.54,1.477,1.52,3723474
CRN,20220222,1.495,1.5,1.467,1.5,2392580
CRN,20220223,1.57,1.575,1.48,1.56,7210791
CRN,20220224,1.56,1.6,1.525,1.585,5469345
CRN,20220225,1.6,1.64,1.57,1.61,39306280
CRN,20220228,1.635,1.65,1.595,1.63,4721558
CRN,20220301,1.65,1.7,1.62,1.7,7983213
CRN,20220302,1.745,1.88,1.735,1.85,11884172
CRN,20220303,2.03,2.075,1.88,1.88,14129104
CRN,20220304,1.89,1.91,1.83,1.835,6613110
CRN,20220307,1.9,2.1,1.89,2.06,17281653
CRN,20220308,2.04,2.04,1.91,1.975,26152848
CRN,20220309,1.95,2.05,1.93,2.03,5767223
CRN,20220310,1.92,1.995,1.92,1.96,5987194
CRN,20220311,1.99,2.02,1.965,2.01,5855503
CRN,20220314,2.01,2.07,1.99,2,4645274
CRN,20220315,1.92,1.965,1.885,1.885,7539960
CRN,20220316,0,0,0,0,0
CRN,20220317,1.86,1.89,1.81,1.82,2682392
CRN,20220318,1.955,1.98,1.91,1.975,10484263
CRN,20220321,1.975,1.975,1.9,1.905,2652619
CRN,20220322,1.94,2,1.925,1.93,5941206
CRN,20220323,1.93,1.94,1.885,1.925,3330873
CRN,20220324,1.915,1.985,1.9,1.955,5756259
CRN,20220325,1.96,2.15,1.96,2.13,5921019
CRN,20220328,2.22,2.25,2.12,2.14,7777006
CRN,20220329,2.09,2.12,1.98,2.08,4245466
CRN,20220330,2.11,2.11,1.99,2,12004130
CRN,20220331,2.05,2.065,1.99,1.995,3295598
CRN,20220401,2.04,2.05,1.985,2,2109958
CRN,20220404,2.02,2.05,2,2.02,5595329
CRN,20220405,2.03,2.09,1.997,2,3579082
CRN,20220406,2.07,2.1,2.03,2.04,3751574
CRN,20220407,2.07,2.08,2.01,2.07,3126631
CRN,20220408,2.1,2.18,2.09,2.11,4141968
CRN,20220411,2.17,2.23,2.12,2.14,3658738
CRN,20220412,2.13,2.17,2.09,2.1,2968010
CRN,20220413,2.18,2.28,2.145,2.28,5663984
CRN,20220414,2.27,2.34,2.23,2.34,5015662
CRN,20220419,2.35,2.38,2.31,2.32,3546743
CRN,20220420,2.34,2.37,2.28,2.33,2931243
CRN,20220421,2.34,2.37,2.28,2.33,2931243
CRN,20220422,2.2,2.26,2.15,2.24,3590941
CRN,20220426,2.13,2.18,2.07,2.14,5140440
CRN,20220427,2.07,2.235,2.05,2.21,4053893
CRN,20220428,2.29,2.36,2.25,2.31,4353025
CRN,20220429,2.3,2.35,2.28,2.31,2618195
CRN,20220502,2.31,2.345,2.27,2.29,1690272
CRN,20220503,2.31,2.41,2.31,2.37,4187131
CRN,20220504,2.4,2.43,2.36,2.38,2614726
CRN,20220505,2.43,2.49,2.43,2.46,3707122
CRN,20220506,2.43,2.43,2.24,2.26,6884644
CRN,20220509,2.24,2.27,2.18,2.23,4863088
CRN,20220510,2.18,2.225,2.03,2.17,7432424
CRN,20220511,2.17,2.21,2.15,2.19,3015577
CRN,20220512,2.24,2.28,2.15,2.15,5312419
CRN,20220513,2.15,2.245,2.14,2.21,3241842
CRN,20220516,2.2,2.25,2.18,2.18,2091548
CRN,20220517,2.23,2.31,2.21,2.29,4540479
CRN,20220518,2.36,2.4,2.33,2.39,2845799
CRN,20220519,2.31,2.35,2.27,2.33,1974015
CRN,20220520,2.33,2.375,2.295,2.3,2534692
CRN,20220523,2.28,2.29,2.24,2.27,3237329
CRN,20220524,2.33,2.33,2.28,2.32,3273761
CRN,20220525,2.34,2.34,2.3,2.32,3586278
CRN,20220526,2.35,2.35,2.2,2.2,4007568
CRN,20220527,2.26,2.29,2.22,2.22,4348301
CRN,20220530,2.11,2.19,2.09,2.11,4192510
CRN,20220531,2.13,2.17,2.11,2.14,8385157
CRN,20220601,2.06,2.11,2.03,2.1,5058901
CRN,20220602,2.12,2.125,2.04,2.06,3934971
CRN,20220603,2.13,2.15,2.09,2.14,5156845
CRN,20220606,2.12,2.19,2.105,2.12,6559378
CRN,20220607,2.12,2.14,2.05,2.07,3084270
CRN,20220608,2.11,2.18,2.1,2.14,7045193
CRN,20220609,2.12,2.16,1.97,1.97,9191150
CRN,20220610,1.91,1.935,1.865,1.885,6393231
CRN,20220614,1.73,1.775,1.705,1.765,9901107
CRN,20220615,1.74,1.81,1.74,1.8,5253904
CRN,20220616,1.88,1.93,1.85,1.91,7515138
CRN,20220617,1.79,1.92,1.75,1.825,33151610
CRN,20220620,1.75,1.79,1.565,1.645,18257298
CRN,20220621,1.7,1.8,1.4,1.53,28303275
CRN,20220622,1.56,1.665,1.465,1.645,14832141
CRN,20220623,1.59,1.64,1.565,1.625,8207275
CRN,20220624,1.605,1.67,1.59,1.67,5288490
CRN,20220627,1.685,1.77,1.685,1.73,5441091
CRN,20220628,1.75,1.795,1.74,1.78,4467018
CRN,20220629,1.77,1.805,1.742,1.78,3062960
CRN,20220630,1.745,1.75,1.655,1.655,4004649
CRN,20220701,1.67,1.715,1.6,1.61,5402162
CRN,20220704,1.645,1.655,1.6,1.655,4657043
CRN,20220705,1.655,1.675,1.625,1.635,3895256
CRN,20220706,1.56,1.58,1.46,1.48,8380007
CRN,20220707,1.51,1.51,1.45,1.45,4842136
CRN,20220708,1.495,1.525,1.485,1.505,3255489
CRN,20220711,1.5,1.535,1.495,1.515,2890386
CRN,20220712,1.52,1.572,1.51,1.545,4890963
CRN,20220713,1.575,1.63,1.555,1.61,8759731
CRN,20220714,1.635,1.75,1.61,1.74,7777253
CRN,20220715,1.67,1.785,1.62,1.66,9479672
CRN,20220718,1.745,1.765,1.66,1.67,6201444
CRN,20220719,1.685,1.72,1.652,1.66,3773844
CRN,20220720,1.665,1.675,1.63,1.655,7197581
CRN,20220721,1.625,1.665,1.57,1.6,7090401
CRN,20220722,1.48,1.515,1.45,1.47,9708119
CRN,20220725,1.46,1.46,1.385,1.39,8333414
CRN,20220726,1.445,1.47,1.41,1.43,4329447
CRN,20220727,1.45,1.475,1.44,1.455,4223996
CRN,20220728,1.475,1.48,1.435,1.45,3466671
CRN,20220729,1.45,1.465,1.41,1.41,3619226
CRN,20220801,1.445,1.45,1.415,1.435,2692604
CRN,20220802,1.43,1.43,1.385,1.42,3672392
CRN,20220803,1.395,1.41,1.385,1.41,3494608
CRN,20220805,1.415,1.48,1.4,1.475,5825461
CRN,20220808,1.48,1.52,1.44,1.515,5478020
CRN,20220809,1.58,1.63,1.54,1.6,10374424
CRN,20220810,1.62,1.725,1.595,1.7,8797413
CRN,20220811,1.73,1.77,1.72,1.75,6350093
CRN,20220812,1.72,1.78,1.7,1.78,6466341
CRN,20220815,1.805,1.82,1.73,1.745,4638311
CRN,20220816,1.765,1.77,1.705,1.745,7848004
CRN,20220817,1.75,1.755,1.7,1.715,3700146
CRN,20220818,1.73,1.76,1.725,1.755,4054262
CRN,20220819,1.785,1.85,1.775,1.845,7431771
CRN,20220822,1.85,1.85,1.775,1.775,4235036
CRN,20220823,1.8,1.835,1.76,1.8,4660606
CRN,20220824,1.82,1.83,1.77,1.825,3781431
CRN,20220825,1.845,1.85,1.805,1.815,2618392
CRN,20220826,1.82,1.84,1.785,1.835,4500328
CRN,20220829,1.685,1.715,1.605,1.65,5511336
CRN,20220830,1.65,1.69,1.64,1.65,3611822
CRN,20220831,1.62,1.64,1.59,1.635,6907100
CRN,20220901,1.62,1.63,1.605,1.605,2856305
CRN,20220902,1.595,1.615,1.585,1.61,2571518
CRN,20220905,1.65,1.735,1.645,1.73,3824809
CRN,20220906,1.76,1.79,1.72,1.73,3609645
CRN,20220907,1.73,1.74,1.645,1.645,6298724
CRN,20220909,1.665,1.69,1.63,1.64,3564143
CRN,20220912,1.68,1.68,1.62,1.63,2729640
CRN,20220913,1.655,1.695,1.635,1.68,4128838
CRN,20220914,1.64,1.695,1.63,1.695,6203489
CRN,20220915,1.715,1.87,1.71,1.85,7771917
CRN,20220916,1.8,1.82,1.745,1.785,9617218
