CRO,20171127,0.066,0.066,0.065,0.066,140067
CRO,20171128,0.066,0.066,0.065,0.065,24633
CRO,20171129,0.065,0.065,0.065,0.065,0
CRO,20171130,0.064,0.064,0.061,0.063,234580
CRO,20171201,0.061,0.066,0.06,0.066,169987
CRO,20171204,0.065,0.066,0.06,0.065,45889
CRO,20171205,0.064,0.066,0.064,0.066,10000
CRO,20171206,0.066,0.066,0.066,0.066,0
CRO,20171207,0.065,0.065,0.065,0.065,60000
CRO,20171208,0.065,0.065,0.065,0.065,0
CRO,20171211,0.063,0.063,0.06,0.062,184481
CRO,20171212,0.061,0.061,0.061,0.061,100000
CRO,20171213,0.057,0.058,0.052,0.058,186858
CRO,20171214,0.059,0.059,0.059,0.059,37001
CRO,20171215,0.059,0.059,0.059,0.059,12999
CRO,20171218,0.059,0.059,0.059,0.059,0
CRO,20171219,0.059,0.059,0.059,0.059,0
CRO,20171220,0.059,0.059,0.059,0.059,0
CRO,20171221,0.055,0.07,0.055,0.07,1840218
CRO,20171222,0.072,0.072,0.063,0.068,1036260
CRO,20171227,0.07,0.07,0.07,0.07,326356
CRO,20171228,0.071,0.08,0.071,0.08,997000
CRO,20171229,0.081,0.081,0.069,0.078,1484354
CRO,20180102,0.078,0.078,0.071,0.071,104946
CRO,20180103,0.071,0.073,0.07,0.07,398949
CRO,20180104,0.07,0.076,0.07,0.075,537833
CRO,20180105,0.075,0.077,0.074,0.075,494578
CRO,20180108,0.076,0.085,0.076,0.083,1765351
CRO,20180109,0.086,0.087,0.081,0.083,1054227
CRO,20180110,0.084,0.084,0.079,0.08,727701
CRO,20180111,0.079,0.079,0.079,0.079,20000
CRO,20180112,0.08,0.086,0.08,0.086,536825
CRO,20180115,0.084,0.084,0.079,0.082,600170
CRO,20180116,0.08,0.085,0.079,0.085,208086
CRO,20180117,0.084,0.084,0.081,0.081,233686
CRO,20180118,0.08,0.08,0.079,0.079,243417
CRO,20180119,0.08,0.081,0.079,0.081,175549
CRO,20180122,0.081,0.082,0.081,0.082,567415
CRO,20180123,0.08,0.08,0.08,0.08,182
CRO,20180124,0.082,0.085,0.082,0.085,474791
CRO,20180125,0.085,0.085,0.08,0.08,148215
CRO,20180129,0.08,0.082,0.08,0.081,267252
CRO,20180130,0.083,0.083,0.079,0.079,315811
CRO,20180131,0.079,0.083,0.075,0.075,396166
CRO,20180201,0.075,0.08,0.075,0.078,173710
CRO,20180202,0.08,0.08,0.077,0.077,96114
CRO,20180205,0.077,0.077,0.077,0.077,0
CRO,20180207,0.072,0.075,0.07,0.07,1194166
CRO,20180208,0.07,0.07,0.07,0.07,1254413
CRO,20180209,0.067,0.071,0.065,0.07,321559
CRO,20180212,0.07,0.07,0.07,0.07,1873
CRO,20180213,0.07,0.07,0.07,0.07,0
CRO,20180214,0.07,0.071,0.07,0.071,100000
CRO,20180215,0.071,0.071,0.071,0.071,5000
CRO,20180216,0.071,0.071,0.071,0.071,0
CRO,20180219,0.071,0.071,0.065,0.065,624708
CRO,20180220,0.068,0.07,0.068,0.07,770905
CRO,20180221,0.068,0.07,0.068,0.07,1091460
CRO,20180222,0.07,0.07,0.07,0.07,0
CRO,20180223,0.073,0.074,0.063,0.069,1888857
CRO,20180226,0.072,0.073,0.069,0.069,706148
CRO,20180227,0.069,0.07,0.069,0.07,210000
CRO,20180228,0.073,0.073,0.068,0.068,985000
CRO,20180301,0.068,0.068,0.064,0.064,1059366
CRO,20180302,0.068,0.068,0.068,0.068,386000
CRO,20180305,0.069,0.069,0.064,0.069,1346668
CRO,20180306,0.067,0.067,0.067,0.067,2485
CRO,20180307,0.067,0.067,0.064,0.064,316321
CRO,20180308,0.065,0.068,0.065,0.068,726682
CRO,20180309,0.07,0.07,0.069,0.07,365799
CRO,20180312,0.07,0.074,0.07,0.074,438920
CRO,20180313,0.074,0.074,0.073,0.073,259476
CRO,20180314,0.073,0.075,0.073,0.075,15256
CRO,20180315,0.07,0.072,0.07,0.072,70000
CRO,20180316,0.072,0.072,0.072,0.072,0
CRO,20180319,0.069,0.072,0.068,0.069,396937
CRO,20180320,0.069,0.07,0.068,0.07,1357216
CRO,20180321,0.074,0.081,0.073,0.081,1893699
CRO,20180322,0.079,0.086,0.079,0.085,4434004
CRO,20180323,0.082,0.092,0.082,0.089,4825701
CRO,20180326,0.089,0.089,0.086,0.086,514253
CRO,20180327,0.088,0.089,0.086,0.086,1595881
CRO,20180328,0.085,0.086,0.083,0.086,1932035
CRO,20180329,0.088,0.088,0.086,0.086,22000
CRO,20180403,0.083,0.083,0.083,0.083,107640
CRO,20180404,0.083,0.083,0.076,0.077,979060
CRO,20180405,0.077,0.082,0.076,0.082,1394832
CRO,20180406,0.077,0.08,0.076,0.076,516908
CRO,20180409,0.077,0.083,0.076,0.076,1328803
CRO,20180410,0.076,0.076,0.076,0.076,55634
CRO,20180411,0.079,0.082,0.079,0.082,545748
CRO,20180412,0.08,0.082,0.079,0.08,1465302
CRO,20180413,0.078,0.08,0.077,0.079,1578365
CRO,20180416,0.079,0.079,0.076,0.076,440094
CRO,20180417,0.077,0.077,0.074,0.075,253199
CRO,20180418,0.077,0.078,0.077,0.078,398031
CRO,20180419,0.078,0.079,0.075,0.079,1154156
CRO,20180420,0.077,0.077,0.075,0.075,1973047
CRO,20180423,0.073,0.075,0.068,0.075,1282649
CRO,20180424,0.074,0.079,0.074,0.077,625000
CRO,20180426,0.077,0.078,0.071,0.071,537049
CRO,20180427,0.071,0.075,0.071,0.075,146787
CRO,20180430,0.072,0.072,0.07,0.07,430783
CRO,20180501,0.067,0.067,0.056,0.06,1741245
CRO,20180502,0.06,0.063,0.058,0.063,1179248
CRO,20180503,0.06,0.065,0.06,0.061,2946775
CRO,20180504,0.061,0.063,0.061,0.061,1040758
CRO,20180507,0.062,0.064,0.062,0.063,659196
CRO,20180508,0.063,0.069,0.063,0.068,1733669
CRO,20180509,0.067,0.071,0.067,0.071,544204
CRO,20180510,0.071,0.076,0.071,0.075,1886858
CRO,20180511,0.074,0.074,0.071,0.071,143612
CRO,20180514,0.068,0.071,0.068,0.07,499025
CRO,20180515,0.069,0.069,0.068,0.068,271864
CRO,20180516,0.072,0.072,0.067,0.069,480692
CRO,20180517,0.066,0.066,0.066,0.066,620
CRO,20180518,0.068,0.068,0.066,0.067,400926
CRO,20180521,0.062,0.066,0.062,0.066,16815
CRO,20180522,0.062,0.062,0.061,0.062,272400
CRO,20180523,0.062,0.062,0.062,0.062,0
CRO,20180524,0.065,0.067,0.065,0.067,826732
CRO,20180525,0.067,0.072,0.065,0.07,1627904
CRO,20180528,0.071,0.071,0.07,0.07,228574
CRO,20180529,0.07,0.07,0.069,0.069,148986
CRO,20180530,0.067,0.067,0.067,0.067,728481
CRO,20180531,0.067,0.067,0.067,0.067,117531
CRO,20180601,0.067,0.067,0.067,0.067,98209
CRO,20180604,0.068,0.068,0.068,0.068,27426
CRO,20180605,0.067,0.067,0.067,0.067,11000
CRO,20180606,0.067,0.075,0.067,0.075,1153741
CRO,20180607,0.071,0.071,0.071,0.071,67945
CRO,20180608,0.069,0.069,0.066,0.066,82180
CRO,20180612,0.066,0.071,0.062,0.071,1458367
CRO,20180613,0.066,0.066,0.065,0.065,140903
CRO,20180614,0.065,0.073,0.065,0.071,1527057
CRO,20180615,0.071,0.071,0.069,0.071,979974
CRO,20180618,0.067,0.067,0.066,0.066,109468
CRO,20180619,0.065,0.065,0.064,0.064,196680
CRO,20180620,0.065,0.065,0.061,0.061,319401
CRO,20180621,0.06,0.06,0.06,0.06,920196
CRO,20180622,0.06,0.06,0.057,0.057,536810
CRO,20180625,0.058,0.059,0.058,0.059,102628
CRO,20180626,0.058,0.058,0.058,0.058,115664
CRO,20180627,0.06,0.061,0.059,0.059,238568
CRO,20180628,0.059,0.059,0.059,0.059,0
CRO,20180629,0.056,0.057,0.056,0.057,218501
CRO,20180702,0.059,0.059,0.056,0.056,70000
CRO,20180703,0.056,0.056,0.056,0.056,0
CRO,20180704,0.056,0.056,0.056,0.056,0
CRO,20180705,0.056,0.056,0.056,0.056,0
CRO,20180706,0.051,0.051,0.051,0.051,100000
CRO,20180710,0.048,0.048,0.048,0.048,2342
CRO,20180711,0.045,0.045,0.045,0.045,80878
CRO,20180712,0.049,0.05,0.049,0.05,168357
CRO,20180713,0.05,0.05,0.05,0.05,32719
CRO,20180716,0.05,0.05,0.05,0.05,200000
CRO,20180717,0.05,0.05,0.045,0.045,63903
CRO,20180718,0.041,0.05,0.041,0.046,316201
CRO,20180719,0.048,0.048,0.046,0.046,131485
CRO,20180720,0.045,0.046,0.045,0.046,725
CRO,20180723,0.045,0.045,0.042,0.042,697643
CRO,20180724,0.042,0.042,0.04,0.041,660166
CRO,20180725,0.042,0.042,0.039,0.04,685911
CRO,20180726,0.04,0.04,0.04,0.04,0
CRO,20180727,0.042,0.044,0.038,0.044,1231324
CRO,20180730,0.044,0.045,0.041,0.041,1996916
CRO,20180731,0.038,0.038,0.03,0.033,6053542
CRO,20180801,0.032,0.032,0.028,0.03,3804020
CRO,20180802,0.03,0.03,0.028,0.028,1766644
CRO,20180803,0.03,0.031,0.029,0.029,2651702
CRO,20180806,0.03,0.03,0.03,0.03,1320000
CRO,20180807,0.03,0.03,0.03,0.03,256315
CRO,20180808,0.031,0.034,0.031,0.032,751869
CRO,20180809,0.034,0.037,0.033,0.035,1203338
CRO,20180810,0.037,0.04,0.037,0.04,832731
CRO,20180813,0.038,0.038,0.035,0.035,659642
CRO,20180814,0.035,0.035,0.035,0.035,0
CRO,20180816,0.034,0.034,0.028,0.032,1539008
CRO,20180817,0.031,0.033,0.031,0.033,312931
CRO,20180820,0.032,0.032,0.032,0.032,4307
CRO,20180821,0.032,0.032,0.032,0.032,0
CRO,20180822,0.03,0.03,0.028,0.028,413394
CRO,20180823,0.028,0.028,0.028,0.028,100000
CRO,20180824,0.028,0.028,0.028,0.028,256103
CRO,20180827,0.028,0.028,0.027,0.028,186783
CRO,20180828,0.028,0.028,0.028,0.028,0
CRO,20180829,0.028,0.028,0.028,0.028,0
CRO,20180830,0.027,0.027,0.026,0.027,321195
CRO,20180831,0.027,0.027,0.027,0.027,0
CRO,20180903,0.027,0.027,0.027,0.027,0
CRO,20180904,0.025,0.025,0.025,0.025,8026
CRO,20180905,0.025,0.026,0.025,0.026,268160
CRO,20180906,0.025,0.025,0.025,0.025,549942
CRO,20180907,0.026,0.026,0.024,0.024,169913
CRO,20180910,0.024,0.025,0.022,0.024,1725447
CRO,20180913,0.021,0.021,0.019,0.019,499942
CRO,20180914,0.022,0.024,0.02,0.02,1626733
CRO,20180917,0.021,0.022,0.02,0.022,412662
CRO,20180918,0.022,0.022,0.022,0.022,200000
CRO,20180919,0.02,0.021,0.02,0.021,350000
CRO,20180920,0.02,0.02,0.019,0.019,449919
CRO,20180921,0.019,0.019,0.018,0.019,839751
CRO,20180924,0.019,0.019,0.019,0.019,33830
CRO,20180925,0.019,0.019,0.019,0.019,0
CRO,20180926,0.019,0.019,0.019,0.019,22500
CRO,20180927,0.019,0.019,0.019,0.019,259948
CRO,20180928,0.017,0.017,0.017,0.017,265520
CRO,20181001,0.018,0.018,0.018,0.018,332990
CRO,20181002,0.019,0.02,0.019,0.02,26748
CRO,20181003,0.019,0.019,0.019,0.019,20
CRO,20181004,0.019,0.019,0.019,0.019,62422
CRO,20181005,0.019,0.019,0.019,0.019,0
CRO,20181008,0.019,0.019,0.018,0.018,485046
CRO,20181009,0.018,0.018,0.018,0.018,550
CRO,20181010,0.018,0.018,0.018,0.018,0
CRO,20181011,0.018,0.018,0.018,0.018,0
CRO,20181012,0.018,0.018,0.018,0.018,0
CRO,20181015,0.019,0.02,0.018,0.018,1005000
CRO,20181016,0.018,0.018,0.018,0.018,38434
CRO,20181017,0.018,0.018,0.018,0.018,36528
CRO,20181018,0.019,0.019,0.018,0.018,192105
CRO,20181019,0.018,0.018,0.018,0.018,55555
CRO,20181022,0.018,0.018,0.018,0.018,160384
CRO,20181023,0.018,0.018,0.018,0.018,0
CRO,20181024,0.017,0.017,0.017,0.017,117
CRO,20181025,0.017,0.017,0.017,0.017,4516
CRO,20181026,0.018,0.02,0.018,0.02,304300
CRO,20181030,0.019,0.019,0.019,0.019,25000
CRO,20181031,0.019,0.019,0.019,0.019,0
CRO,20181101,0.017,0.017,0.016,0.016,1340602
CRO,20181102,0.018,0.018,0.015,0.017,630000
CRO,20181105,0.015,0.017,0.015,0.017,14808
CRO,20181106,0.017,0.02,0.017,0.02,500000
CRO,20181107,0.018,0.018,0.018,0.018,50000
CRO,20181108,0.017,0.017,0.015,0.015,52500
CRO,20181109,0.015,0.016,0.015,0.015,350000
CRO,20181112,0.016,0.017,0.014,0.014,635796
CRO,20181113,0.015,0.017,0.015,0.017,180375
CRO,20181114,0.018,0.018,0.016,0.016,61111
CRO,20181115,0.016,0.016,0.016,0.016,0
CRO,20181116,0.016,0.016,0.016,0.016,0
CRO,20181119,0.016,0.016,0.016,0.016,50000
CRO,20181120,0.016,0.016,0.016,0.016,0
CRO,20181121,0.016,0.016,0.016,0.016,0
CRO,20181122,0.015,0.015,0.015,0.015,50000
CRO,20181123,0.015,0.015,0.013,0.013,410384
CRO,20181126,0.013,0.013,0.013,0.013,0
CRO,20181127,0.012,0.012,0.011,0.012,2350754
CRO,20181128,0.012,0.012,0.012,0.012,376414
CRO,20181129,0.012,0.013,0.012,0.013,394052
CRO,20181130,0.014,0.015,0.013,0.015,519352
CRO,20181203,0.015,0.015,0.015,0.015,0
CRO,20181204,0.015,0.015,0.014,0.014,353310
CRO,20181205,0.015,0.017,0.015,0.017,1510000
CRO,20181206,0.017,0.017,0.017,0.017,0
CRO,20181207,0.018,0.018,0.018,0.018,151939
CRO,20181210,0.019,0.019,0.019,0.019,26800
CRO,20181211,0.018,0.018,0.018,0.018,25000
CRO,20181212,0.016,0.016,0.015,0.015,139700
CRO,20181213,0.015,0.015,0.015,0.015,0
CRO,20181214,0.015,0.015,0.015,0.015,190300
CRO,20181217,0.015,0.015,0.015,0.015,0
CRO,20181218,0.015,0.015,0.015,0.015,0
CRO,20181219,0.015,0.015,0.015,0.015,0
CRO,20181220,0.014,0.014,0.014,0.014,175000
CRO,20181221,0.014,0.014,0.014,0.014,100000
CRO,20181224,0.014,0.014,0.014,0.014,85738
CRO,20181227,0.014,0.014,0.014,0.014,0
CRO,20181228,0.014,0.014,0.014,0.014,0
CRO,20181231,0.014,0.014,0.014,0.014,0
CRO,20190102,0.012,0.012,0.012,0.012,250000
CRO,20190103,0.013,0.013,0.013,0.013,60066
CRO,20190104,0.013,0.013,0.013,0.013,449196
CRO,20190107,0.013,0.013,0.013,0.013,49801
CRO,20190108,0.013,0.013,0.013,0.013,482724
CRO,20190109,0.013,0.013,0.013,0.013,0
CRO,20190110,0.013,0.013,0.013,0.013,0
CRO,20190111,0.013,0.013,0.013,0.013,0
CRO,20190114,0.013,0.013,0.013,0.013,0
CRO,20190115,0.013,0.013,0.013,0.013,573
CRO,20190116,0.013,0.013,0.013,0.013,236140
CRO,20190117,0.013,0.013,0.013,0.013,0
CRO,20190118,0.012,0.012,0.012,0.012,250000
CRO,20190121,0.013,0.013,0.013,0.013,50000
CRO,20190122,0.013,0.013,0.013,0.013,0
CRO,20190123,0.013,0.013,0.013,0.013,0
CRO,20190124,0.013,0.013,0.013,0.013,0
CRO,20190125,0.013,0.013,0.013,0.013,0
CRO,20190129,0.013,0.013,0.013,0.013,0
CRO,20190130,0.01,0.013,0.01,0.013,658302
CRO,20190131,0.013,0.013,0.013,0.013,250000
CRO,20190201,0.013,0.013,0.01,0.013,719702
CRO,20190204,0.013,0.013,0.013,0.013,0
CRO,20190205,0.013,0.013,0.013,0.013,0
CRO,20190206,0.01,0.01,0.01,0.01,700000
CRO,20190207,0.01,0.01,0.01,0.01,1143834
CRO,20190208,0.01,0.01,0.01,0.01,0
CRO,20190211,0.011,0.012,0.011,0.012,777182
CRO,20190212,0.012,0.012,0.012,0.012,0
CRO,20190213,0.012,0.012,0.012,0.012,0
CRO,20190214,0.011,0.011,0.01,0.01,5232769
CRO,20190215,0.01,0.011,0.01,0.011,1467056
CRO,20190218,0.011,0.011,0.011,0.011,284210
CRO,20190219,0.011,0.011,0.011,0.011,225000
CRO,20190220,0.01,0.01,0.01,0.01,1766780
CRO,20190221,0.01,0.01,0.01,0.01,1326466
CRO,20190222,0.01,0.01,0.01,0.01,280218
CRO,20190225,0.01,0.01,0.01,0.01,1435578
CRO,20190226,0.009,0.009,0.009,0.009,7518316
CRO,20190227,0.009,0.009,0.009,0.009,500000
CRO,20190228,0.009,0.009,0.009,0.009,0
CRO,20190301,0.009,0.009,0.009,0.009,0
CRO,20190304,0.009,0.009,0.009,0.009,18000
CRO,20190305,0.009,0.009,0.009,0.009,0
CRO,20190306,0.01,0.01,0.009,0.009,803708
CRO,20190307,0.009,0.009,0.009,0.009,1336292
CRO,20190308,0.009,0.01,0.009,0.01,90419
CRO,20190311,0.01,0.013,0.01,0.012,12611235
CRO,20190312,0.011,0.011,0.01,0.01,4250853
CRO,20190313,0.01,0.01,0.01,0.01,238604
CRO,20190314,0.009,0.009,0.009,0.009,1156452
CRO,20190315,0.009,0.009,0.009,0.009,286117
CRO,20190318,0.009,0.009,0.009,0.009,3714777
CRO,20190319,0.009,0.009,0.009,0.009,1868109
CRO,20190320,0.009,0.009,0.009,0.009,8500
CRO,20190321,0.009,0.009,0.009,0.009,35000
CRO,20190322,0.009,0.009,0.009,0.009,769671
CRO,20190325,0.009,0.009,0.009,0.009,967099
CRO,20190326,0.008,0.009,0.008,0.009,1587848
CRO,20190327,0.009,0.009,0.009,0.009,1000000
CRO,20190328,0.009,0.009,0.009,0.009,1892973
CRO,20190329,0.009,0.009,0.009,0.009,158730
CRO,20190401,0.009,0.009,0.009,0.009,0
CRO,20190402,0.008,0.009,0.008,0.009,844471
CRO,20190403,0.009,0.01,0.009,0.009,2057967
CRO,20190404,0.009,0.009,0.009,0.009,105000
CRO,20190405,0.009,0.009,0.009,0.009,2614736
CRO,20190408,0.009,0.009,0.009,0.009,974924
CRO,20190409,0.008,0.008,0.008,0.008,3657950
CRO,20190410,0.008,0.009,0.008,0.009,340000
CRO,20190411,0.009,0.009,0.009,0.009,0
CRO,20190412,0.009,0.009,0.009,0.009,2042027
CRO,20190415,0.009,0.009,0.009,0.009,1497582
CRO,20190416,0.009,0.009,0.009,0.009,0
CRO,20190417,0.008,0.008,0.008,0.008,2708897
CRO,20190418,0.008,0.008,0.008,0.008,1159059
CRO,20190423,0.009,0.009,0.008,0.008,4555223
CRO,20190424,0.008,0.008,0.008,0.008,0
CRO,20190426,0.008,0.008,0.008,0.008,87351
CRO,20190429,0.009,0.009,0.009,0.009,102170
CRO,20190430,0.009,0.01,0.009,0.01,2625833
CRO,20190501,0.009,0.009,0.009,0.009,1500000
CRO,20190502,0.009,0.009,0.008,0.008,1610000
CRO,20190503,0.008,0.008,0.008,0.008,0
CRO,20190506,0.008,0.008,0.008,0.008,2802111
CRO,20190507,0.008,0.008,0.008,0.008,757106
CRO,20190508,0.008,0.008,0.008,0.008,502953
CRO,20190509,0.008,0.008,0.008,0.008,2414425
CRO,20190510,0.008,0.008,0.008,0.008,1519562
CRO,20190513,0.009,0.009,0.008,0.008,1183135
CRO,20190514,0.008,0.009,0.008,0.008,187502
CRO,20190515,0.008,0.008,0.008,0.008,4386931
CRO,20190516,0.009,0.01,0.008,0.008,3241491
CRO,20190517,0.009,0.009,0.008,0.008,2950000
CRO,20190520,0.009,0.009,0.009,0.009,2732036
CRO,20190521,0.01,0.01,0.009,0.009,1550000
CRO,20190522,0.009,0.009,0.009,0.009,1154067
CRO,20190523,0.009,0.009,0.009,0.009,0
CRO,20190524,0.009,0.009,0.009,0.009,627138
CRO,20190527,0.01,0.01,0.01,0.01,3024257
CRO,20190528,0.01,0.01,0.01,0.01,3191770
CRO,20190529,0.011,0.011,0.011,0.011,877
CRO,20190530,0.01,0.01,0.01,0.01,4647225
CRO,20190531,0.01,0.01,0.01,0.01,0
CRO,20190603,0.011,0.011,0.011,0.011,11311
CRO,20190604,0.011,0.011,0.011,0.011,0
CRO,20190605,0.011,0.011,0.011,0.011,1932181
CRO,20190606,0.011,0.011,0.011,0.011,533224
CRO,20190607,0.011,0.011,0.011,0.011,3414997
CRO,20190611,0.011,0.011,0.01,0.011,5239122
CRO,20190612,0.011,0.011,0.011,0.011,5469736
CRO,20190613,0.011,0.011,0.011,0.011,1200000
CRO,20190614,0.011,0.011,0.011,0.011,1396030
CRO,20190617,0.011,0.012,0.011,0.011,3540459
CRO,20190618,0.011,0.011,0.011,0.011,1792610
CRO,20190619,0.011,0.011,0.011,0.011,3707389
CRO,20190620,0.01,0.012,0.01,0.012,2509299
CRO,20190621,0.011,0.011,0.011,0.011,4367107
CRO,20190624,0.011,0.011,0.011,0.011,755790
CRO,20190625,0.011,0.011,0.011,0.011,1027311
CRO,20190626,0.011,0.011,0.011,0.011,0
CRO,20190627,0.011,0.012,0.011,0.011,936311
CRO,20190628,0.011,0.011,0.011,0.011,693438
CRO,20190701,0.011,0.011,0.011,0.011,550
CRO,20190702,0.011,0.011,0.011,0.011,1363906
CRO,20190703,0.011,0.011,0.011,0.011,658000
CRO,20190704,0.011,0.011,0.011,0.011,0
CRO,20190705,0.011,0.011,0.011,0.011,190855
CRO,20190708,0.011,0.011,0.011,0.011,0
CRO,20190709,0.011,0.011,0.011,0.011,250000
CRO,20190710,0.011,0.011,0.011,0.011,1133005
CRO,20190711,0.011,0.011,0.011,0.011,0
CRO,20190712,0.011,0.011,0.011,0.011,100000
CRO,20190715,0.01,0.011,0.01,0.011,2759715
CRO,20190716,0.009,0.011,0.009,0.011,1373974
CRO,20190717,0.011,0.011,0.011,0.011,652999
CRO,20190718,0.011,0.011,0.011,0.011,38523
CRO,20190719,0.011,0.011,0.011,0.011,0
CRO,20190722,0.01,0.011,0.01,0.011,195000
CRO,20190723,0.01,0.011,0.01,0.011,125000
CRO,20190724,0.011,0.011,0.011,0.011,1360432
CRO,20190725,0.011,0.011,0.011,0.011,0
CRO,20190726,0.012,0.014,0.011,0.014,11441524
CRO,20190729,0.014,0.014,0.012,0.012,5912448
CRO,20190730,0.013,0.013,0.012,0.013,7306599
CRO,20190731,0.013,0.015,0.013,0.015,11922069
CRO,20190801,0.017,0.017,0.013,0.013,37103260
CRO,20190802,0.013,0.013,0.012,0.013,9896049
CRO,20190805,0.012,0.012,0.012,0.012,4861978
CRO,20190806,0.011,0.012,0.011,0.011,5103603
CRO,20190807,0.012,0.012,0.011,0.011,1037236
CRO,20190808,0.011,0.012,0.011,0.011,3172958
CRO,20190809,0.011,0.011,0.011,0.011,97042
CRO,20190812,0.01,0.011,0.01,0.011,2374458
CRO,20190813,0.011,0.011,0.01,0.011,2809787
CRO,20190814,0.011,0.011,0.011,0.011,732375
CRO,20190815,0.011,0.011,0.011,0.011,3758654
CRO,20190816,0.011,0.011,0.011,0.011,1681002
CRO,20190819,0.011,0.012,0.011,0.011,2516795
CRO,20190820,0.011,0.011,0.011,0.011,1485604
CRO,20190821,0.011,0.011,0.011,0.011,0
CRO,20190822,0.011,0.011,0.011,0.011,668548
CRO,20190823,0.011,0.011,0.011,0.011,183000
CRO,20190826,0.011,0.011,0.011,0.011,0
CRO,20190827,0.011,0.011,0.011,0.011,588094
CRO,20190828,0.011,0.011,0.011,0.011,0
CRO,20190829,0.011,0.011,0.011,0.011,0
CRO,20190830,0.011,0.011,0.011,0.011,0
CRO,20190902,0.01,0.01,0.009,0.009,7934443
CRO,20190903,0.009,0.009,0.009,0.009,5360019
CRO,20190904,0.008,0.009,0.008,0.009,1689844
CRO,20190905,0.009,0.009,0.009,0.009,0
CRO,20190906,0.009,0.009,0.009,0.009,0
CRO,20190909,0.008,0.009,0.008,0.009,2188044
CRO,20190910,0.009,0.01,0.009,0.009,5942824
CRO,20190911,0.009,0.009,0.009,0.009,850000
CRO,20190912,0.009,0.009,0.009,0.009,0
CRO,20190913,0.008,0.009,0.008,0.009,134355
CRO,20190916,0.009,0.009,0.008,0.009,1682634
CRO,20190917,0.008,0.008,0.008,0.008,770789
CRO,20190918,0.008,0.008,0.008,0.008,1714846
CRO,20190919,0.008,0.008,0.008,0.008,0
CRO,20190920,0.007,0.008,0.007,0.008,978923
CRO,20190923,0.007,0.007,0.007,0.007,737824
CRO,20190924,0.007,0.007,0.007,0.007,0
CRO,20190925,0.008,0.008,0.008,0.008,300000
CRO,20190926,0.008,0.008,0.008,0.008,0
CRO,20190927,0.008,0.008,0.008,0.008,0
CRO,20190930,0.008,0.008,0.008,0.008,5066097
CRO,20191001,0.008,0.008,0.008,0.008,5100
CRO,20191002,0.008,0.009,0.008,0.009,1433333
CRO,20191003,0.009,0.009,0.009,0.009,1278634
CRO,20191004,0.009,0.009,0.009,0.009,0
CRO,20191007,0.009,0.009,0.009,0.009,271490
CRO,20191008,0.009,0.009,0.009,0.009,38510
CRO,20191009,0.009,0.009,0.009,0.009,145151
CRO,20191010,0.008,0.009,0.008,0.009,208452
CRO,20191011,0.009,0.01,0.009,0.009,398455
CRO,20191014,0.009,0.009,0.009,0.009,1750966
CRO,20191015,0.009,0.009,0.009,0.009,0
CRO,20191016,0.009,0.009,0.009,0.009,0
CRO,20191017,0.008,0.009,0.008,0.009,1189564
CRO,20191018,0.009,0.009,0.009,0.009,616917
CRO,20191021,0.01,0.01,0.01,0.01,23083
CRO,20191022,0.009,0.009,0.009,0.009,70000
CRO,20191023,0.009,0.009,0.008,0.009,2770000
CRO,20191024,0.009,0.009,0.009,0.009,0
CRO,20191025,0.009,0.009,0.009,0.009,0
CRO,20191028,0.008,0.008,0.008,0.008,10000
CRO,20191029,0.008,0.008,0.008,0.008,480324
CRO,20191030,0.008,0.008,0.008,0.008,0
CRO,20191031,0.008,0.008,0.008,0.008,0
CRO,20191101,0.008,0.008,0.008,0.008,0
CRO,20191104,0.008,0.008,0.008,0.008,0
CRO,20191105,0.008,0.008,0.008,0.008,0
CRO,20191106,0.008,0.008,0.008,0.008,0
CRO,20191107,0.008,0.008,0.008,0.008,0
CRO,20191108,0.008,0.008,0.008,0.008,500000
CRO,20191111,0.008,0.008,0.008,0.008,0
CRO,20191112,0.008,0.008,0.007,0.007,546725
CRO,20191113,0.006,0.007,0.006,0.007,3150000
CRO,20191114,0,0,0,0.007,67000
CRO,20191115,0.006,0.006,0.006,0.006,67000
CRO,20191118,0.006,0.006,0.006,0.006,0
CRO,20191119,0.007,0.008,0.007,0.008,2989983
CRO,20191120,0.008,0.008,0.008,0.008,295598
CRO,20191121,0.008,0.008,0.008,0.008,0
CRO,20191122,0.008,0.008,0.008,0.008,625000
CRO,20191125,0.007,0.008,0.007,0.008,680000
CRO,20191126,0.008,0.008,0.008,0.008,1400364
CRO,20191127,0.008,0.009,0.008,0.008,4186089
CRO,20191128,0.008,0.008,0.008,0.008,0
CRO,20191129,0.008,0.008,0.008,0.008,800000
CRO,20191202,0.008,0.008,0.008,0.008,160000
CRO,20191203,0.008,0.008,0.007,0.007,1094743
CRO,20191204,0.007,0.007,0.007,0.007,0
CRO,20191205,0.007,0.007,0.007,0.007,0
CRO,20191206,0.007,0.008,0.007,0.008,471047
CRO,20191209,0.008,0.008,0.008,0.008,622505
CRO,20191210,0.008,0.008,0.008,0.008,0
CRO,20191211,0.007,0.008,0.007,0.008,3105000
CRO,20191212,0.008,0.008,0.008,0.008,800000
CRO,20191213,0.008,0.008,0.008,0.008,0
CRO,20191216,0.008,0.008,0.008,0.008,0
CRO,20191217,0.008,0.008,0.008,0.008,0
CRO,20191218,0.008,0.008,0.008,0.008,0
CRO,20191219,0.008,0.008,0.008,0.008,0
CRO,20191220,0.007,0.007,0.007,0.007,87500
CRO,20191223,0.007,0.007,0.007,0.007,0
CRO,20191224,0.007,0.007,0.007,0.007,0
CRO,20191227,0.008,0.008,0.008,0.008,399400
CRO,20191230,0.008,0.008,0.008,0.008,0
CRO,20191231,0.007,0.007,0.007,0.007,1382314
CRO,20200102,0.007,0.007,0.007,0.007,500000
CRO,20200103,0.007,0.007,0.007,0.007,0
CRO,20200106,0.007,0.007,0.007,0.007,38538
CRO,20200107,0.007,0.007,0.007,0.007,116648
CRO,20200108,0.007,0.007,0.007,0.007,99999
CRO,20200109,0.007,0.007,0.007,0.007,0
CRO,20200113,0.007,0.007,0.007,0.007,259100
CRO,20200114,0.007,0.007,0.007,0.007,25300
CRO,20200115,0.007,0.007,0.007,0.007,111700
CRO,20200116,0.007,0.007,0.007,0.007,1310000
CRO,20200117,0.007,0.007,0.007,0.007,250000
CRO,20200120,0.007,0.007,0.007,0.007,123300
CRO,20200121,0.007,0.007,0.006,0.007,2933939
CRO,20200122,0.008,0.008,0.008,0.008,2316000
CRO,20200123,0.008,0.008,0.008,0.008,315200
CRO,20200124,0.007,0.008,0.007,0.007,11753214
CRO,20200128,0.007,0.007,0.006,0.006,2057864
CRO,20200129,0.007,0.007,0.006,0.006,16511521
CRO,20200130,0.006,0.006,0.006,0.006,0
CRO,20200203,0.005,0.005,0.005,0.005,1100000
CRO,20200204,0.005,0.005,0.005,0.005,89000
CRO,20200205,0.005,0.005,0.005,0.005,3807374
CRO,20200210,0.005,0.005,0.005,0.005,50000
CRO,20200211,0.005,0.005,0.005,0.005,350000
CRO,20200212,0.005,0.005,0.005,0.005,1200000
CRO,20200213,0.005,0.005,0.005,0.005,813000
CRO,20200214,0.005,0.005,0.005,0.005,0
CRO,20200217,0.005,0.005,0.005,0.005,0
CRO,20200218,0.005,0.005,0.005,0.005,110000
CRO,20200219,0.005,0.005,0.005,0.005,0
CRO,20200220,0.005,0.005,0.005,0.005,0
CRO,20200221,0.005,0.005,0.005,0.005,0
CRO,20200224,0.004,0.005,0.004,0.005,363158
CRO,20200225,0.005,0.005,0.005,0.005,0
CRO,20200226,0.005,0.005,0.005,0.005,0
CRO,20200227,0.005,0.005,0.005,0.005,951367
CRO,20200228,0.004,0.005,0.004,0.005,705065
CRO,20200302,0.005,0.005,0.004,0.005,707087
CRO,20200303,0.004,0.005,0.004,0.005,1886842
CRO,20200304,0.005,0.005,0.005,0.005,0
CRO,20200305,0.005,0.005,0.005,0.005,100000
CRO,20200306,0.004,0.004,0.004,0.004,7939515
CRO,20200309,0.003,0.003,0.003,0.003,12283171
CRO,20200310,0.003,0.003,0.003,0.003,0
CRO,20200311,0.003,0.003,0.003,0.003,11208533
CRO,20200312,0.003,0.003,0.003,0.003,3471467
CRO,20200313,0.003,0.003,0.003,0.003,0
CRO,20200316,0.003,0.003,0.003,0.003,0
CRO,20200317,0.003,0.003,0.003,0.003,416666
CRO,20200318,0.003,0.003,0.003,0.003,0
CRO,20200319,0.003,0.003,0.003,0.003,0
CRO,20200320,0.003,0.003,0.003,0.003,0
CRO,20200323,0.002,0.002,0.002,0.002,6810000
CRO,20200324,0.002,0.002,0.002,0.002,210000
CRO,20200325,0.002,0.002,0.002,0.002,0
CRO,20200326,0.002,0.002,0.002,0.002,851811
CRO,20200327,0.002,0.002,0.002,0.002,0
CRO,20200330,0.002,0.002,0.002,0.002,0
CRO,20200331,0.002,0.002,0.002,0.002,0
CRO,20200401,0.002,0.002,0.002,0.002,53402
CRO,20200402,0.002,0.002,0.002,0.002,0
CRO,20200403,0.002,0.002,0.002,0.002,3719677
CRO,20200406,0.002,0.002,0.002,0.002,0
CRO,20200407,0.003,0.003,0.003,0.003,3800380
CRO,20200408,0.003,0.003,0.003,0.003,2009666
CRO,20200409,0.003,0.003,0.003,0.003,840334
CRO,20200414,0.003,0.003,0.003,0.003,2290380
CRO,20200415,0.003,0.003,0.003,0.003,0
CRO,20200416,0.003,0.003,0.003,0.003,4631
CRO,20200417,0.003,0.003,0.003,0.003,2195369
CRO,20200420,0.004,0.004,0.004,0.004,11936355
CRO,20200421,0.003,0.003,0.003,0.003,483333
CRO,20200422,0.003,0.003,0.003,0.003,300000
CRO,20200423,0.003,0.003,0.003,0.003,0
CRO,20200424,0.003,0.003,0.003,0.003,0
CRO,20200427,0.003,0.003,0.003,0.003,0
CRO,20200428,0.003,0.003,0.003,0.003,0
CRO,20200429,0.003,0.003,0.003,0.003,0
CRO,20200430,0.003,0.003,0.003,0.003,0
CRO,20200501,0.003,0.003,0.003,0.003,0
CRO,20200504,0.002,0.003,0.002,0.003,11224013
CRO,20200505,0.003,0.003,0.003,0.003,0
CRO,20200506,0.002,0.002,0.002,0.002,1360000
CRO,20200507,0.002,0.002,0.002,0.002,0
CRO,20200508,0.002,0.002,0.002,0.002,0
CRO,20200511,0.003,0.003,0.003,0.003,500000
CRO,20200512,0.003,0.003,0.003,0.003,0
CRO,20200513,0.003,0.003,0.003,0.003,0
CRO,20200514,0.003,0.003,0.003,0.003,0
CRO,20200515,0.003,0.003,0.003,0.003,1000000
CRO,20200518,0.003,0.003,0.003,0.003,0
CRO,20200519,0.003,0.003,0.003,0.003,300000
CRO,20200520,0.003,0.003,0.003,0.003,5900000
CRO,20200521,0.004,0.004,0.003,0.003,400000
CRO,20200522,0.003,0.003,0.003,0.003,3560000
CRO,20200525,0.003,0.003,0.003,0.003,1794349
CRO,20200526,0.003,0.003,0.003,0.003,2020000
CRO,20200527,0.003,0.003,0.003,0.003,1960483
CRO,20200528,0.003,0.003,0.003,0.003,1000000
CRO,20200529,0.004,0.004,0.004,0.004,7816666
CRO,20200601,0.004,0.004,0.004,0.004,2850000
CRO,20200602,0.004,0.004,0.004,0.004,352869
CRO,20200603,0.004,0.004,0.004,0.004,2842999
CRO,20200604,0.004,0.006,0.004,0.006,22999869
CRO,20200605,0.008,0.008,0.006,0.006,70076322
CRO,20200609,0.006,0.006,0.006,0.006,0
CRO,20200610,0.006,0.006,0.006,0.006,0
CRO,20200611,0.006,0.006,0.006,0.006,0
CRO,20200612,0.006,0.006,0.006,0.006,0
CRO,20200615,0.005,0.005,0.005,0.005,17871349
CRO,20200616,0.005,0.005,0.005,0.005,2955512
CRO,20200617,0.005,0.005,0.005,0.005,3328012
CRO,20200618,0.006,0.007,0.005,0.007,8112788
CRO,20200619,0.007,0.007,0.006,0.007,26208680
CRO,20200622,0.007,0.007,0.007,0.007,1054285
CRO,20200623,0.007,0.007,0.007,0.007,1401428
CRO,20200624,0.007,0.007,0.006,0.006,2614307
CRO,20200625,0.006,0.007,0.006,0.006,6198668
CRO,20200626,0.006,0.006,0.006,0.006,476191
CRO,20200629,0.005,0.005,0.004,0.004,11239532
CRO,20200630,0.004,0.006,0.004,0.006,7030000
CRO,20200701,0.005,0.005,0.005,0.005,1757142
CRO,20200702,0.005,0.005,0.005,0.005,0
CRO,20200703,0.005,0.005,0.005,0.005,0
CRO,20200706,0.006,0.006,0.006,0.006,6270260
CRO,20200707,0.006,0.006,0.006,0.006,2059167
CRO,20200708,0.006,0.007,0.006,0.006,3855007
CRO,20200709,0.006,0.009,0.006,0.009,84186596
CRO,20200710,0.011,0.012,0.01,0.012,157732813
CRO,20200713,0.017,0.018,0.014,0.015,291138852
CRO,20200714,0.014,0.015,0.012,0.013,70055055
CRO,20200715,0.014,0.014,0.011,0.013,48131399
CRO,20200716,0.014,0.014,0.012,0.012,38393542
CRO,20200717,0.012,0.012,0.011,0.012,20222667
CRO,20200720,0.011,0.012,0.01,0.011,33869828
CRO,20200721,0.011,0.013,0.011,0.011,30631756
CRO,20200722,0.012,0.012,0.011,0.011,17140231
CRO,20200723,0.01,0.011,0.009,0.01,46756679
CRO,20200724,0.01,0.01,0.009,0.009,29087352
CRO,20200727,0.01,0.014,0.009,0.013,66148390
CRO,20200728,0.012,0.012,0.01,0.01,31620140
CRO,20200729,0.01,0.011,0.01,0.011,18401224
CRO,20200730,0.011,0.012,0.011,0.011,35018874
CRO,20200731,0.011,0.011,0.01,0.011,20097053
CRO,20200803,0.011,0.013,0.011,0.012,49754791
CRO,20200804,0.012,0.013,0.011,0.013,72507320
CRO,20200805,0.013,0.013,0.011,0.013,36303105
CRO,20200806,0.012,0.012,0.012,0.012,16999078
CRO,20200807,0.012,0.014,0.012,0.013,64618829
CRO,20200810,0.013,0.013,0.013,0.013,0
CRO,20200811,0.013,0.013,0.013,0.013,0
CRO,20200812,0.013,0.013,0.013,0.013,0
CRO,20200813,0.013,0.013,0.013,0.013,0
CRO,20200814,0.012,0.014,0.011,0.014,91336182
CRO,20200817,0.014,0.018,0.014,0.017,87879342
CRO,20200818,0.018,0.019,0.016,0.017,61545657
CRO,20200819,0.017,0.021,0.015,0.021,115918132
CRO,20200820,0.023,0.03,0.022,0.027,330885644
CRO,20200821,0.027,0.032,0.026,0.027,137743925
CRO,20200824,0.028,0.028,0.023,0.026,62597142
CRO,20200825,0.025,0.027,0.025,0.025,44936756
CRO,20200826,0.025,0.031,0.024,0.03,108083226
CRO,20200827,0.033,0.035,0.031,0.032,130479874
CRO,20200828,0.032,0.042,0.032,0.042,200010063
CRO,20200831,0.046,0.051,0.042,0.043,266047623
CRO,20200901,0.04,0.041,0.036,0.037,87264411
CRO,20200902,0.037,0.037,0.033,0.035,88006531
CRO,20200903,0.036,0.043,0.036,0.043,88763024
CRO,20200904,0.036,0.041,0.036,0.039,67526459
CRO,20200907,0.039,0.044,0.039,0.04,62858266
CRO,20200908,0.042,0.044,0.039,0.041,62274664
CRO,20200909,0.04,0.041,0.038,0.038,57808172
CRO,20200910,0.035,0.037,0.032,0.034,62055110
CRO,20200911,0.035,0.037,0.035,0.036,32003957
CRO,20200914,0.038,0.04,0.036,0.036,39054859
CRO,20200915,0.036,0.036,0.033,0.034,20298003
CRO,20200916,0.034,0.034,0.032,0.033,13895793
CRO,20200917,0.033,0.033,0.029,0.029,28839288
CRO,20200918,0.029,0.034,0.029,0.032,34798209
CRO,20200921,0.033,0.033,0.031,0.031,11969529
CRO,20200922,0.031,0.032,0.03,0.031,13055463
CRO,20200923,0.031,0.033,0.031,0.031,12918015
CRO,20200924,0.033,0.035,0.032,0.033,30360912
CRO,20200925,0.034,0.04,0.033,0.039,91788993
CRO,20200928,0.042,0.042,0.037,0.037,50438527
CRO,20200929,0.037,0.038,0.036,0.038,17094736
CRO,20200930,0.038,0.04,0.035,0.035,22942698
CRO,20201001,0.035,0.035,0.035,0.035,0
CRO,20201002,0.035,0.035,0.035,0.035,0
CRO,20201005,0.035,0.035,0.035,0.035,0
CRO,20201006,0.035,0.035,0.035,0.035,0
CRO,20201007,0.035,0.035,0.035,0.035,0
CRO,20201008,0.035,0.035,0.035,0.035,0
CRO,20201009,0.035,0.035,0.035,0.035,0
CRO,20201012,0.035,0.035,0.035,0.035,0
CRO,20201013,0.034,0.036,0.032,0.033,41837271
CRO,20201014,0.034,0.044,0.033,0.043,60249601
CRO,20201015,0.043,0.045,0.038,0.04,50668733
CRO,20201016,0.04,0.042,0.038,0.039,18342385
CRO,20201019,0.038,0.038,0.033,0.036,47171112
CRO,20201020,0.036,0.039,0.035,0.036,18226061
CRO,20201021,0.037,0.046,0.037,0.04,97375515
CRO,20201022,0.04,0.04,0.038,0.039,30815528
CRO,20201023,0.04,0.041,0.039,0.04,16015401
CRO,20201026,0.04,0.044,0.04,0.044,35520380
CRO,20201027,0.042,0.043,0.041,0.042,18874024
CRO,20201028,0.041,0.049,0.041,0.049,83035334
CRO,20201029,0.044,0.053,0.044,0.051,87349212
CRO,20201030,0.052,0.055,0.039,0.04,166166341
CRO,20201102,0.037,0.04,0.032,0.032,54601682
CRO,20201103,0.035,0.037,0.035,0.035,24144737
CRO,20201104,0.037,0.038,0.036,0.036,17230827
CRO,20201105,0.036,0.037,0.035,0.036,9079978
CRO,20201106,0.036,0.036,0.034,0.035,12608101
CRO,20201109,0.035,0.036,0.033,0.035,12842077
CRO,20201110,0.035,0.037,0.035,0.036,11042298
CRO,20201111,0.036,0.036,0.034,0.034,8563371
CRO,20201112,0.035,0.036,0.034,0.035,8397151
CRO,20201113,0.036,0.036,0.035,0.035,4865398
CRO,20201116,0.036,0.036,0.036,0.036,1982702
CRO,20201117,0.037,0.037,0.035,0.036,9207266
CRO,20201118,0.036,0.036,0.033,0.034,18764504
CRO,20201120,0.034,0.034,0.033,0.033,6017394
CRO,20201123,0.034,0.034,0.032,0.033,7925681
CRO,20201124,0.033,0.033,0.032,0.032,5209175
CRO,20201125,0.032,0.032,0.029,0.03,28172415
CRO,20201126,0.03,0.03,0.03,0.03,0
CRO,20201127,0.03,0.03,0.03,0.03,0
CRO,20201130,0.03,0.03,0.03,0.03,0
CRO,20201201,0.03,0.03,0.03,0.03,0
CRO,20201202,0.03,0.03,0.03,0.03,0
CRO,20201203,0.03,0.03,0.03,0.03,0
CRO,20201204,0.03,0.03,0.03,0.03,0
CRO,20201207,0.046,0.046,0.038,0.038,103672858
CRO,20201208,0.039,0.039,0.034,0.036,75933474
CRO,20201209,0.036,0.037,0.034,0.036,22889074
CRO,20201210,0.036,0.036,0.034,0.034,12548513
CRO,20201211,0.035,0.037,0.035,0.036,15385034
CRO,20201214,0.038,0.042,0.037,0.042,116767709
CRO,20201215,0.042,0.043,0.038,0.039,37673869
CRO,20201216,0.04,0.041,0.037,0.038,42213536
CRO,20201217,0.038,0.04,0.037,0.038,16622156
CRO,20201218,0.04,0.042,0.035,0.036,46922158
CRO,20201221,0.037,0.037,0.034,0.036,15688597
CRO,20201222,0.036,0.036,0.034,0.035,15773395
CRO,20201224,0.035,0.035,0.035,0.035,0
CRO,20201229,0.036,0.04,0.036,0.038,28929667
CRO,20201230,0.039,0.039,0.037,0.038,13129821
CRO,20201231,0.039,0.04,0.038,0.038,4473132
CRO,20210104,0.041,0.042,0.039,0.04,34292964
CRO,20210105,0.041,0.042,0.039,0.04,11546456
CRO,20210106,0.041,0.042,0.04,0.04,14209637
CRO,20210107,0.041,0.044,0.04,0.043,20281617
CRO,20210108,0.044,0.046,0.044,0.044,21269650
CRO,20210111,0.046,0.053,0.046,0.053,71096541
CRO,20210112,0.054,0.054,0.047,0.049,41166382
CRO,20210113,0.05,0.053,0.049,0.05,20256204
CRO,20210114,0.051,0.064,0.051,0.058,120319927
CRO,20210115,0.061,0.066,0.058,0.064,106559147
CRO,20210118,0.068,0.074,0.067,0.072,120962316
CRO,20210119,0.074,0.074,0.066,0.069,44621781
CRO,20210120,0.069,0.069,0.063,0.066,34179376
CRO,20210121,0.066,0.08,0.065,0.074,120715955
CRO,20210122,0.074,0.076,0.07,0.072,39352824
CRO,20210125,0.073,0.074,0.068,0.069,35133248
CRO,20210127,0.07,0.073,0.069,0.07,29112119
CRO,20210128,0.07,0.071,0.067,0.069,20552987
CRO,20210129,0.071,0.071,0.06,0.063,40811439
CRO,20210201,0.061,0.063,0.055,0.061,33173500
CRO,20210203,0.061,0.062,0.059,0.059,7520670
CRO,20210204,0.06,0.062,0.06,0.06,9471363
CRO,20210205,0.06,0.062,0.059,0.062,13275633
CRO,20210208,0.066,0.07,0.065,0.069,23213877
CRO,20210209,0.071,0.071,0.067,0.067,15737465
CRO,20210210,0.068,0.07,0.068,0.068,7447235
CRO,20210211,0.069,0.07,0.066,0.066,13720148
CRO,20210212,0.066,0.069,0.064,0.065,17470918
CRO,20210215,0.066,0.068,0.063,0.067,21825430
CRO,20210216,0.068,0.1,0.068,0.099,352513386
CRO,20210217,0.155,0.21,0.11,0.115,311952689
CRO,20210218,0.115,0.115,0.115,0.115,0
CRO,20210219,0.115,0.115,0.115,0.115,0
CRO,20210222,0.135,0.14,0.115,0.125,54247679
CRO,20210223,0.125,0.13,0.12,0.125,24965006
CRO,20210224,0.125,0.125,0.107,0.11,31181471
CRO,20210225,0.115,0.125,0.105,0.11,39299421
CRO,20210226,0.105,0.115,0.1,0.11,29466046
CRO,20210301,0.11,0.112,0.09,0.095,101785969
CRO,20210302,0.094,0.098,0.083,0.084,71719299
CRO,20210303,0.085,0.092,0.08,0.082,56244769
CRO,20210304,0.082,0.082,0.072,0.076,63893278
CRO,20210305,0.074,0.083,0.072,0.082,46307003
CRO,20210308,0.085,0.086,0.076,0.076,35376445
CRO,20210309,0.077,0.081,0.073,0.077,38402923
CRO,20210310,0.079,0.081,0.077,0.078,24177530
CRO,20210311,0.079,0.081,0.077,0.078,24177530
CRO,20210312,0.079,0.083,0.078,0.081,18300224
CRO,20210315,0.083,0.084,0.078,0.081,21755248
CRO,20210316,0.083,0.105,0.08,0.105,61926182
CRO,20210317,0.097,0.102,0.093,0.097,82151825
CRO,20210318,0.097,0.098,0.091,0.092,34404736
CRO,20210319,0.091,0.102,0.09,0.098,45446630
CRO,20210322,0.1,0.105,0.096,0.097,30690443
CRO,20210323,0.099,0.1,0.092,0.092,45554637
CRO,20210324,0.092,0.093,0.088,0.09,37844690
CRO,20210325,0.09,0.093,0.088,0.091,15156485
CRO,20210329,0.091,0.091,0.088,0.088,12874970
CRO,20210330,0.088,0.089,0.084,0.084,12765376
CRO,20210331,0.084,0.087,0.083,0.085,9343373
CRO,20210401,0.085,0.087,0.083,0.085,13033447
CRO,20210406,0.087,0.092,0.087,0.087,17949324
CRO,20210407,0.087,0.089,0.084,0.084,10199481
CRO,20210408,0.084,0.087,0.084,0.085,6795876
CRO,20210409,0.086,0.091,0.086,0.088,10206525
CRO,20210412,0.088,0.088,0.085,0.086,8772243
CRO,20210413,0.087,0.098,0.087,0.096,37831701
CRO,20210414,0.096,0.1,0.094,0.096,45002236
CRO,20210415,0.096,0.097,0.092,0.093,24079517
CRO,20210416,0.093,0.096,0.091,0.092,12021386
CRO,20210419,0.094,0.095,0.088,0.089,17056046
CRO,20210420,0.088,0.091,0.087,0.087,13399382
CRO,20210421,0.087,0.087,0.085,0.086,9263808
CRO,20210422,0.087,0.089,0.086,0.086,9273963
CRO,20210423,0.087,0.088,0.085,0.085,11993352
CRO,20210426,0.086,0.089,0.084,0.085,10775099
CRO,20210427,0.084,0.085,0.081,0.082,16984488
CRO,20210428,0.083,0.083,0.08,0.08,11971663
CRO,20210429,0.081,0.082,0.08,0.081,9458518
CRO,20210430,0.082,0.086,0.082,0.084,15858574
CRO,20210503,0.086,0.091,0.082,0.082,24414030
CRO,20210504,0.082,0.084,0.078,0.078,16931069
CRO,20210505,0.078,0.078,0.074,0.077,14079198
CRO,20210506,0.076,0.077,0.067,0.068,36350308
CRO,20210507,0.069,0.072,0.063,0.063,39506440
CRO,20210510,0.062,0.064,0.057,0.057,65021252
CRO,20210511,0.057,0.06,0.055,0.056,34646088
CRO,20210512,0.057,0.065,0.057,0.063,32017811
CRO,20210513,0.062,0.064,0.06,0.061,16599982
CRO,20210514,0.064,0.069,0.064,0.067,23991729
CRO,20210517,0.069,0.071,0.067,0.067,16361594
CRO,20210518,0.068,0.068,0.064,0.064,8582348
CRO,20210519,0.065,0.065,0.062,0.063,6970172
CRO,20210520,0.063,0.066,0.063,0.064,6554102
CRO,20210521,0.067,0.069,0.066,0.066,11378170
CRO,20210524,0.068,0.069,0.064,0.064,10425046
CRO,20210525,0.065,0.066,0.063,0.063,5729966
CRO,20210526,0.063,0.065,0.062,0.063,6628808
CRO,20210527,0.063,0.065,0.063,0.063,2943492
CRO,20210528,0.064,0.068,0.064,0.067,6007588
CRO,20210531,0.067,0.067,0.064,0.064,6889122
CRO,20210601,0.064,0.066,0.062,0.063,7008903
CRO,20210602,0.063,0.064,0.06,0.062,7377831
CRO,20210603,0.06,0.061,0.057,0.059,29835819
CRO,20210604,0.059,0.065,0.059,0.061,21562566
CRO,20210607,0.062,0.063,0.06,0.06,6808805
CRO,20210609,0.059,0.061,0.058,0.06,6090890
CRO,20210610,0.06,0.06,0.058,0.059,4816670
CRO,20210611,0.06,0.061,0.059,0.059,3780878
CRO,20210615,0.06,0.061,0.057,0.057,11709930
CRO,20210616,0.058,0.058,0.056,0.056,5586893
CRO,20210617,0.056,0.056,0.052,0.054,17570542
CRO,20210618,0.054,0.06,0.053,0.06,15905266
CRO,20210621,0.057,0.059,0.056,0.056,9223050
CRO,20210622,0.056,0.057,0.053,0.054,7463450
CRO,20210623,0.053,0.056,0.053,0.053,4809392
CRO,20210625,0.054,0.054,0.052,0.053,9289202
CRO,20210628,0.053,0.053,0.051,0.051,12591105
CRO,20210629,0.052,0.052,0.05,0.05,9414128
CRO,20210630,0.051,0.051,0.049,0.049,21010595
CRO,20210701,0.05,0.057,0.05,0.056,24581208
CRO,20210705,0.055,0.055,0.053,0.054,2176853
CRO,20210706,0.061,0.061,0.056,0.056,14132155
CRO,20210707,0.056,0.056,0.056,0.056,0
CRO,20210708,0.068,0.07,0.061,0.064,71080884
CRO,20210709,0.063,0.063,0.061,0.061,15826917
CRO,20210712,0.061,0.061,0.061,0.061,0
CRO,20210714,0.061,0.061,0.061,0.061,0
CRO,20210715,0.061,0.061,0.061,0.061,0
CRO,20210716,0.061,0.061,0.061,0.061,0
CRO,20210719,0.061,0.061,0.061,0.061,0
CRO,20210720,0.061,0.061,0.061,0.061,0
CRO,20210723,0.06,0.062,0.06,0.062,8162047
CRO,20210726,0.063,0.064,0.062,0.063,8783880
CRO,20210727,0.064,0.064,0.061,0.062,6590122
CRO,20210728,0.062,0.062,0.06,0.06,7586612
CRO,20210729,0.06,0.063,0.06,0.06,6907475
CRO,20210730,0.061,0.062,0.06,0.06,5773951
CRO,20210802,0.061,0.063,0.058,0.061,20767931
CRO,20210803,0.062,0.07,0.062,0.069,32604258
CRO,20210804,0.07,0.073,0.067,0.069,35171401
CRO,20210805,0.069,0.07,0.065,0.066,11118643
CRO,20210806,0.067,0.068,0.066,0.068,5670462
CRO,20210809,0.069,0.073,0.069,0.072,20850708
CRO,20210810,0.074,0.08,0.074,0.079,35838382
CRO,20210811,0.08,0.081,0.074,0.074,20204806
CRO,20210812,0.075,0.076,0.071,0.073,16223345
CRO,20210813,0.073,0.074,0.071,0.073,7025479
CRO,20210819,0.069,0.069,0.067,0.068,5691694
CRO,20210820,0.068,0.069,0.066,0.066,11679877
CRO,20210823,0.066,0.067,0.063,0.063,8067008
CRO,20210824,0.064,0.066,0.063,0.064,8191491
CRO,20210825,0.066,0.067,0.065,0.065,5375314
CRO,20210826,0.066,0.067,0.065,0.066,7056098
CRO,20210827,0.067,0.068,0.066,0.067,7281352
CRO,20210830,0.067,0.073,0.067,0.072,18375157
CRO,20210831,0.072,0.074,0.069,0.069,11889616
CRO,20210901,0.069,0.069,0.067,0.068,9640709
CRO,20210902,0.069,0.071,0.068,0.068,7812597
CRO,20210903,0.068,0.069,0.067,0.067,8913480
CRO,20210906,0.068,0.07,0.067,0.067,9096367
CRO,20210907,0.068,0.068,0.066,0.067,12940179
CRO,20210908,0.067,0.067,0.066,0.067,4027357
CRO,20210909,0.066,0.066,0.064,0.064,9931861
CRO,20210910,0.065,0.065,0.064,0.064,4826485
CRO,20210913,0.064,0.066,0.064,0.064,7629913
CRO,20210914,0.067,0.067,0.063,0.065,13281436
CRO,20210915,0.065,0.065,0.062,0.062,8147135
CRO,20210916,0.062,0.063,0.062,0.062,2172180
CRO,20210917,0.062,0.062,0.059,0.061,17566778
CRO,20210920,0.06,0.06,0.058,0.058,7456802
CRO,20210922,0.057,0.058,0.056,0.056,5617911
CRO,20210923,0.057,0.059,0.057,0.057,7458619
CRO,20210924,0.058,0.059,0.056,0.056,4641611
CRO,20210927,0.057,0.057,0.055,0.055,8496234
CRO,20210928,0.055,0.055,0.053,0.053,9895402
CRO,20210929,0.054,0.056,0.053,0.054,10219850
CRO,20210930,0.055,0.058,0.055,0.056,8778842
CRO,20211001,0.056,0.056,0.054,0.055,5483277
CRO,20211004,0.055,0.057,0.053,0.053,10972477
CRO,20211005,0.053,0.054,0.052,0.052,6729031
CRO,20211006,0.053,0.056,0.053,0.053,5598356
CRO,20211007,0.054,0.057,0.054,0.057,9751957
CRO,20211008,0.059,0.061,0.057,0.057,15037695
CRO,20211011,0.059,0.059,0.057,0.057,2695666
CRO,20211012,0.059,0.059,0.057,0.057,4247222
CRO,20211013,0.058,0.06,0.057,0.059,6257490
CRO,20211014,0.06,0.062,0.06,0.06,5140168
CRO,20211019,0.058,0.06,0.058,0.059,6556819
CRO,20211020,0.06,0.062,0.059,0.06,9273236
CRO,20211021,0.06,0.063,0.06,0.061,18438670
CRO,20211022,0.062,0.064,0.061,0.064,14558962
CRO,20211025,0.065,0.066,0.063,0.063,10872889
CRO,20211026,0.063,0.063,0.057,0.058,31255757
CRO,20211028,0.054,0.056,0.054,0.055,9877996
CRO,20211029,0.057,0.057,0.055,0.055,5566527
CRO,20211101,0.057,0.06,0.056,0.06,13020472
CRO,20211102,0.062,0.064,0.06,0.06,9891478
CRO,20211103,0.062,0.062,0.06,0.061,4856738
CRO,20211104,0.062,0.063,0.058,0.058,12269692
CRO,20211105,0.058,0.059,0.057,0.057,7047229
CRO,20211109,0.056,0.057,0.055,0.055,6381543
CRO,20211110,0.055,0.057,0.055,0.056,5630085
CRO,20211112,0.056,0.058,0.056,0.056,4641448
CRO,20211115,0.056,0.057,0.055,0.056,5745771
CRO,20211116,0.056,0.057,0.055,0.055,4699773
CRO,20211117,0.056,0.056,0.054,0.054,6470267
CRO,20211118,0.055,0.056,0.055,0.055,4675828
CRO,20211119,0.056,0.057,0.055,0.057,5991662
CRO,20211122,0.057,0.06,0.056,0.057,12995302
CRO,20211123,0.057,0.057,0.055,0.055,8055884
CRO,20211124,0.055,0.055,0.054,0.054,6289299
CRO,20211125,0.055,0.055,0.052,0.053,11338540
CRO,20211126,0.054,0.054,0.051,0.051,13815401
CRO,20211129,0.052,0.052,0.049,0.05,10308753
CRO,20211130,0.051,0.051,0.049,0.05,6062860
CRO,20211201,0.05,0.05,0.049,0.049,6497847
CRO,20211202,0.049,0.049,0.049,0.049,3039695
CRO,20211203,0.05,0.05,0.049,0.05,4980856
CRO,20211206,0.05,0.05,0.046,0.046,10828144
CRO,20211207,0.046,0.05,0.046,0.046,9164801
CRO,20211208,0.047,0.047,0.046,0.046,5908236
CRO,20211209,0.047,0.048,0.047,0.047,3593548
CRO,20211210,0.047,0.047,0.046,0.047,2810750
CRO,20211213,0.047,0.051,0.047,0.048,8440496
CRO,20211214,0.049,0.05,0.048,0.049,3078994
CRO,20211216,0.046,0.046,0.043,0.044,14230065
CRO,20211217,0.045,0.047,0.043,0.047,5808772
CRO,20211220,0.046,0.05,0.046,0.049,6206744
CRO,20211221,0.048,0.048,0.047,0.047,1685438
CRO,20211222,0.048,0.048,0.046,0.046,4514452
CRO,20211223,0.047,0.048,0.046,0.046,6239288
CRO,20211224,0.046,0.047,0.046,0.046,2909763
CRO,20211229,0.046,0.049,0.046,0.048,4561243
CRO,20211230,0.048,0.052,0.048,0.052,6893406
CRO,20211231,0.052,0.056,0.051,0.052,12379332
CRO,20220104,0.053,0.053,0.051,0.053,4983659
CRO,20220105,0.053,0.055,0.052,0.053,4594652
CRO,20220106,0.054,0.054,0.051,0.051,4477931
CRO,20220107,0.051,0.052,0.05,0.051,4589171
CRO,20220110,0.052,0.053,0.05,0.053,5042178
CRO,20220111,0.053,0.053,0.051,0.052,3341269
CRO,20220112,0.053,0.055,0.053,0.053,6600492
CRO,20220113,0.053,0.056,0.053,0.053,3305148
CRO,20220114,0.053,0.054,0.052,0.054,4195497
CRO,20220117,0.055,0.055,0.052,0.052,4940809
CRO,20220118,0.053,0.053,0.05,0.052,8841750
CRO,20220119,0.052,0.053,0.051,0.051,4037402
CRO,20220120,0.052,0.053,0.05,0.052,9637410
CRO,20220121,0.051,0.051,0.05,0.05,3296648
CRO,20220124,0.049,0.049,0.048,0.049,8983915
CRO,20220125,0.049,0.049,0.046,0.047,12143482
CRO,20220127,0.047,0.048,0.045,0.045,6040419
CRO,20220128,0.046,0.047,0.044,0.046,6127883
CRO,20220131,0.046,0.046,0.038,0.04,33426865
CRO,20220201,0.041,0.041,0.038,0.039,13841676
CRO,20220202,0.039,0.041,0.038,0.038,13845761
CRO,20220203,0.037,0.037,0.032,0.034,24768403
CRO,20220204,0.033,0.036,0.033,0.036,17784680
CRO,20220207,0.034,0.036,0.034,0.035,6504905
CRO,20220208,0.035,0.035,0.035,0.035,0
CRO,20220304,0.035,0.035,0.035,0.035,0
CRO,20220401,0.035,0.035,0.035,0.035,0
