CUL,20160212,0.003,0.003,0.003,0.003,594738
CUL,20160215,0.003,0.003,0.003,0.003,400000
CUL,20160216,0.003,0.003,0.003,0.003,0
CUL,20160217,0.003,0.003,0.003,0.003,1000000
CUL,20160218,0.002,0.002,0.002,0.002,98402
CUL,20160219,0.002,0.002,0.002,0.002,0
CUL,20160222,0.003,0.003,0.003,0.003,1133333
CUL,20160223,0.003,0.003,0.003,0.003,2000000
CUL,20160224,0.003,0.003,0.003,0.003,750000
CUL,20160225,0.003,0.003,0.003,0.003,100000
CUL,20160226,0.003,0.003,0.003,0.003,1000
CUL,20160229,0.003,0.003,0.003,0.003,37000
CUL,20160301,0.003,0.003,0.002,0.002,693562
CUL,20160302,0.003,0.003,0.003,0.003,377558
CUL,20160303,0.003,0.003,0.003,0.003,763000
CUL,20160304,0.003,0.003,0.003,0.003,70000
CUL,20160307,0.003,0.003,0.003,0.003,800000
CUL,20160308,0.003,0.003,0.003,0.003,0
CUL,20160309,0.003,0.003,0.003,0.003,0
CUL,20160310,0.003,0.003,0.003,0.003,4469700
CUL,20160311,0.003,0.003,0.002,0.002,1560300
CUL,20160314,0.003,0.003,0.003,0.003,573033
CUL,20160315,0.003,0.003,0.003,0.003,0
CUL,20160316,0.003,0.003,0.003,0.003,1226967
CUL,20160317,0.003,0.003,0.003,0.003,394742
CUL,20160318,0.002,0.002,0.002,0.002,110000
CUL,20160321,0.003,0.003,0.003,0.003,100000
CUL,20160322,0.003,0.003,0.003,0.003,0
CUL,20160323,0.003,0.003,0.003,0.003,0
CUL,20160324,0.003,0.003,0.003,0.003,0
CUL,20160329,0.003,0.003,0.003,0.003,875000
CUL,20160330,0.003,0.003,0.003,0.003,0
CUL,20160331,0.003,0.003,0.003,0.003,0
CUL,20160401,0.003,0.003,0.003,0.003,130000
CUL,20160404,0.003,0.003,0.003,0.003,0
CUL,20160405,0.003,0.003,0.003,0.003,7227216
CUL,20160406,0.004,0.004,0.004,0.004,17137675
CUL,20160407,0.004,0.004,0.003,0.003,2650000
CUL,20160408,0.003,0.003,0.003,0.003,4675000
CUL,20160411,0.004,0.004,0.003,0.003,17950000
CUL,20160412,0.004,0.004,0.003,0.004,18230187
CUL,20160413,0.004,0.006,0.004,0.005,124294543
CUL,20160414,0.005,0.005,0.004,0.004,10958849
CUL,20160415,0.005,0.005,0.004,0.004,10065270
CUL,20160418,0.004,0.004,0.004,0.004,9831951
CUL,20160419,0.004,0.004,0.004,0.004,3875000
CUL,20160420,0.005,0.005,0.004,0.004,6889996
CUL,20160421,0.005,0.006,0.004,0.005,56421267
CUL,20160422,0.005,0.005,0.005,0.005,20596719
CUL,20160426,0.006,0.006,0.005,0.005,13560412
CUL,20160427,0.005,0.005,0.004,0.005,2562126
CUL,20160428,0.004,0.005,0.004,0.005,1600000
CUL,20160429,0.005,0.005,0.004,0.004,1845834
CUL,20160502,0.004,0.004,0.004,0.004,3900000
CUL,20160503,0.004,0.004,0.004,0.004,3141677
CUL,20160504,0.005,0.005,0.004,0.004,6460500
CUL,20160505,0.004,0.004,0.004,0.004,1805612
CUL,20160506,0.004,0.004,0.004,0.004,379564
CUL,20160509,0.004,0.004,0.004,0.004,11003376
CUL,20160510,0.004,0.004,0.004,0.004,649998
CUL,20160511,0.004,0.004,0.004,0.004,11315811
CUL,20160512,0.004,0.004,0.004,0.004,5164343
CUL,20160513,0.004,0.004,0.004,0.004,1335000
CUL,20160516,0.004,0.004,0.004,0.004,0
CUL,20160517,0.005,0.006,0.005,0.005,17906235
CUL,20160518,0.005,0.005,0.005,0.005,3525188
CUL,20160519,0.005,0.005,0.005,0.005,5241609
CUL,20160520,0.005,0.005,0.005,0.005,3890000
CUL,20160523,0.004,0.004,0.004,0.004,339010
CUL,20160524,0.004,0.004,0.004,0.004,10880199
CUL,20160525,0.004,0.004,0.003,0.003,1839333
CUL,20160526,0.004,0.004,0.004,0.004,1195750
CUL,20160527,0.004,0.004,0.003,0.003,874174
CUL,20160530,0.003,0.003,0.003,0.003,0
CUL,20160531,0.004,0.004,0.004,0.004,15306190
CUL,20160601,0.004,0.004,0.004,0.004,2300000
CUL,20160602,0.004,0.004,0.003,0.003,1100000
CUL,20160603,0.004,0.004,0.004,0.004,1714193
CUL,20160606,0.004,0.004,0.004,0.004,3386262
CUL,20160607,0.004,0.004,0.004,0.004,9718000
CUL,20160608,0.004,0.004,0.004,0.004,4500000
CUL,20160609,0.004,0.004,0.004,0.004,1487228
CUL,20160610,0.004,0.004,0.004,0.004,745012
CUL,20160614,0.004,0.004,0.004,0.004,0
CUL,20160615,0.004,0.004,0.004,0.004,21961731
CUL,20160616,0.004,0.004,0.004,0.004,7122000
CUL,20160617,0.003,0.003,0.003,0.003,4494999
CUL,20160620,0.003,0.003,0.003,0.003,293480
CUL,20160621,0.004,0.004,0.003,0.003,631000
CUL,20160622,0.003,0.003,0.003,0.003,626000
CUL,20160623,0.003,0.003,0.003,0.003,156833
CUL,20160624,0.003,0.003,0.003,0.003,1000000
CUL,20160627,0.003,0.003,0.003,0.003,400000
CUL,20160628,0.003,0.003,0.003,0.003,3074893
CUL,20160629,0.003,0.003,0.003,0.003,0
CUL,20160630,0.004,0.004,0.003,0.003,450001
CUL,20160701,0.004,0.004,0.004,0.004,100000
CUL,20160704,0.004,0.004,0.004,0.004,0
CUL,20160705,0.004,0.004,0.003,0.003,3550000
CUL,20160706,0.003,0.003,0.003,0.003,200000
CUL,20160707,0.004,0.004,0.004,0.004,140000
CUL,20160708,0.004,0.004,0.003,0.003,4800000
CUL,20160711,0.003,0.003,0.003,0.003,996262
CUL,20160712,0.004,0.004,0.003,0.003,832800
CUL,20160713,0.004,0.004,0.004,0.004,500000
CUL,20160714,0.004,0.004,0.004,0.004,600000
CUL,20160715,0.004,0.004,0.004,0.004,0
CUL,20160718,0.004,0.004,0.004,0.004,0
CUL,20160719,0.003,0.003,0.003,0.003,247000
CUL,20160720,0.003,0.003,0.003,0.003,0
CUL,20160721,0.004,0.004,0.004,0.004,6287774
CUL,20160722,0.005,0.005,0.004,0.004,23400000
CUL,20160725,0.005,0.005,0.004,0.004,3524000
CUL,20160726,0.004,0.004,0.004,0.004,0
CUL,20160727,0.005,0.005,0.004,0.004,390010
CUL,20160728,0.004,0.004,0.004,0.004,100000
CUL,20160729,0.005,0.005,0.004,0.004,2359990
CUL,20160801,0.004,0.005,0.004,0.005,42067353
CUL,20160802,0.006,0.006,0.005,0.005,1380000
CUL,20160803,0.005,0.005,0.004,0.004,11286465
CUL,20160804,0.005,0.005,0.005,0.005,12564916
CUL,20160805,0.005,0.005,0.005,0.005,2460000
CUL,20160808,0.005,0.005,0.004,0.004,32752525
CUL,20160809,0.004,0.004,0.004,0.004,5319772
CUL,20160810,0.004,0.004,0.004,0.004,750000
CUL,20160811,0.004,0.004,0.004,0.004,2468647
CUL,20160812,0.004,0.004,0.004,0.004,726340
CUL,20160815,0.004,0.004,0.004,0.004,0
CUL,20160816,0.004,0.004,0.004,0.004,13174
CUL,20160817,0.003,0.003,0.003,0.003,5495000
CUL,20160818,0.003,0.004,0.003,0.004,1083570
CUL,20160822,0.003,0.003,0.003,0.003,600
CUL,20160823,0.003,0.003,0.003,0.003,0
CUL,20160824,0.003,0.004,0.003,0.004,2400000
CUL,20160825,0.004,0.004,0.004,0.004,0
CUL,20160826,0.004,0.004,0.004,0.004,0
CUL,20160829,0.004,0.004,0.004,0.004,319999
CUL,20160830,0.003,0.003,0.003,0.003,250000
CUL,20160831,0.003,0.003,0.003,0.003,0
CUL,20160901,0.003,0.003,0.003,0.003,882512
CUL,20160902,0.003,0.003,0.003,0.003,399262
CUL,20160905,0.003,0.003,0.003,0.003,200000
CUL,20160906,0.003,0.003,0.003,0.003,0
CUL,20160907,0.003,0.003,0.003,0.003,275000
CUL,20160908,0.003,0.003,0.003,0.003,0
CUL,20160909,0.003,0.003,0.003,0.003,0
CUL,20160912,0.003,0.003,0.003,0.003,18967251
CUL,20160913,0.003,0.003,0.003,0.003,1203340
CUL,20160914,0.004,0.004,0.003,0.003,375000
CUL,20160915,0.003,0.003,0.003,0.003,125000
CUL,20160916,0.003,0.003,0.003,0.003,0
CUL,20160919,0.003,0.003,0.003,0.003,0
CUL,20160920,0.003,0.003,0.003,0.003,0
CUL,20160921,0.003,0.003,0.003,0.003,0
CUL,20160922,0.003,0.003,0.003,0.003,0
CUL,20160923,0.003,0.003,0.003,0.003,899680
CUL,20160926,0.003,0.003,0.003,0.003,190964
CUL,20160927,0.003,0.003,0.003,0.003,733333
CUL,20160928,0.003,0.003,0.003,0.003,239036
CUL,20160929,0.003,0.003,0.003,0.003,0
CUL,20160930,0.003,0.003,0.003,0.003,250000
CUL,20161003,0.003,0.003,0.003,0.003,400000
CUL,20161004,0.003,0.003,0.003,0.003,200000
CUL,20161005,0.004,0.004,0.003,0.003,275000
CUL,20161006,0.003,0.003,0.003,0.003,1900000
CUL,20161007,0.003,0.003,0.003,0.003,0
CUL,20161010,0.003,0.003,0.003,0.003,0
CUL,20161011,0.003,0.003,0.003,0.003,463000
CUL,20161012,0.003,0.003,0.003,0.003,0
CUL,20161013,0.003,0.003,0.003,0.003,0
CUL,20161014,0.003,0.003,0.003,0.003,500000
CUL,20161017,0.003,0.003,0.003,0.003,9812843
CUL,20161018,0.003,0.003,0.003,0.003,209338
CUL,20161019,0.003,0.003,0.003,0.003,1670659
CUL,20161020,0.003,0.003,0.003,0.003,292952
CUL,20161021,0.003,0.003,0.003,0.003,0
CUL,20161024,0.003,0.003,0.003,0.003,1000000
CUL,20161025,0.003,0.003,0.003,0.003,0
CUL,20161026,0.003,0.003,0.003,0.003,0
CUL,20161027,0.003,0.003,0.003,0.003,0
CUL,20161028,0.002,0.003,0.002,0.003,540000
CUL,20161031,0.002,0.003,0.002,0.003,3318000
CUL,20161101,0.003,0.003,0.003,0.003,250000
CUL,20161102,0.002,0.002,0.002,0.002,133904
CUL,20161103,0.002,0.002,0.002,0.002,360000
CUL,20161104,0.003,0.003,0.002,0.002,2279183
CUL,20161107,0.002,0.003,0.002,0.003,2500000
CUL,20161108,0.003,0.003,0.003,0.003,0
CUL,20161109,0.003,0.003,0.003,0.003,0
CUL,20161110,0.003,0.003,0.003,0.003,170000
CUL,20161111,0.003,0.003,0.003,0.003,0
CUL,20161114,0.002,0.002,0.002,0.002,4171392
CUL,20161115,0.002,0.002,0.002,0.002,648000
CUL,20161116,0.002,0.002,0.002,0.002,0
CUL,20161117,0.002,0.002,0.002,0.002,0
CUL,20161118,0.002,0.002,0.002,0.002,0
CUL,20161121,0.003,0.003,0.003,0.003,3500000
CUL,20161122,0.003,0.003,0.003,0.003,500000
CUL,20161123,0.002,0.002,0.002,0.002,9142
CUL,20161124,0.002,0.002,0.002,0.002,400000
CUL,20161125,0.002,0.002,0.002,0.002,750000
CUL,20161128,0.002,0.002,0.002,0.002,3035000
CUL,20161129,0.002,0.002,0.002,0.002,0
CUL,20161130,0.002,0.002,0.002,0.002,300000
CUL,20161201,0.002,0.002,0.002,0.002,300000
CUL,20161202,0.002,0.002,0.002,0.002,0
CUL,20161205,0.002,0.002,0.002,0.002,0
CUL,20161206,0.002,0.002,0.002,0.002,0
CUL,20161207,0.002,0.002,0.002,0.002,150000
CUL,20161208,0.002,0.002,0.002,0.002,19918219
CUL,20161209,0.002,0.002,0.002,0.002,3167000
CUL,20161212,0.002,0.002,0.002,0.002,462786
CUL,20161213,0.002,0.002,0.002,0.002,0
CUL,20161214,0.002,0.002,0.002,0.002,72857
CUL,20161215,0.002,0.002,0.002,0.002,3366666
CUL,20161216,0.002,0.002,0.002,0.002,0
CUL,20161219,0.002,0.002,0.002,0.002,30000
CUL,20161220,0.002,0.002,0.002,0.002,300000
CUL,20161221,0.002,0.002,0.002,0.002,4266334
CUL,20161222,0.002,0.002,0.002,0.002,2500001
CUL,20161223,0.002,0.002,0.002,0.002,0
CUL,20161228,0.002,0.002,0.002,0.002,26133665
CUL,20161229,0.002,0.003,0.002,0.003,3256135
CUL,20161230,0.002,0.002,0.002,0.002,500000
CUL,20170103,0.002,0.002,0.002,0.002,0
CUL,20170104,0.002,0.002,0.002,0.002,0
CUL,20170105,0.002,0.002,0.002,0.002,0
CUL,20170106,0.002,0.002,0.002,0.002,0
CUL,20170109,0.002,0.002,0.002,0.002,100000
CUL,20170110,0.002,0.002,0.002,0.002,80000
CUL,20170111,0.002,0.002,0.002,0.002,0
CUL,20170112,0.002,0.002,0.002,0.002,3500
CUL,20170113,0.002,0.002,0.002,0.002,0
CUL,20170116,0.002,0.002,0.002,0.002,76571
CUL,20170117,0.002,0.002,0.002,0.002,0
CUL,20170118,0.002,0.002,0.002,0.002,0
CUL,20170119,0.002,0.002,0.002,0.002,0
CUL,20170120,0.002,0.002,0.002,0.002,0
CUL,20170123,0.002,0.002,0.002,0.002,828158
CUL,20170124,0.002,0.002,0.002,0.002,0
CUL,20170125,0.002,0.002,0.002,0.002,750000
CUL,20170127,0.002,0.002,0.002,0.002,391581
CUL,20170130,0.002,0.002,0.002,0.002,0
CUL,20170131,0.002,0.002,0.002,0.002,30000
CUL,20170201,0.002,0.002,0.002,0.002,0
CUL,20170202,0.002,0.002,0.002,0.002,0
CUL,20170203,0.003,0.003,0.003,0.003,23109340
CUL,20170206,0.003,0.003,0.002,0.003,7394957
CUL,20170207,0.003,0.003,0.003,0.003,1475057
CUL,20170208,0.003,0.003,0.003,0.003,909069
CUL,20170209,0.003,0.003,0.003,0.003,2000000
CUL,20170210,0.003,0.004,0.003,0.003,3014957
CUL,20170213,0.003,0.003,0.003,0.003,131422
CUL,20170214,0.003,0.003,0.003,0.003,1971504
CUL,20170215,0.003,0.003,0.003,0.003,1000000
CUL,20170216,0.003,0.003,0.003,0.003,400000
CUL,20170217,0.003,0.003,0.003,0.003,600000
CUL,20170220,0.003,0.003,0.003,0.003,4231924
CUL,20170221,0.003,0.003,0.003,0.003,300000
CUL,20170222,0.002,0.003,0.002,0.003,3400001
CUL,20170223,0.003,0.003,0.003,0.003,0
CUL,20170224,0.003,0.003,0.003,0.003,1065010
CUL,20170227,0.003,0.003,0.003,0.003,0
CUL,20170228,0.003,0.003,0.003,0.003,703528
CUL,20170301,0.003,0.003,0.002,0.002,1340000
CUL,20170302,0.003,0.003,0.003,0.003,1000000
CUL,20170303,0.003,0.003,0.003,0.003,3000000
CUL,20170306,0.003,0.003,0.003,0.003,100000
CUL,20170307,0.003,0.003,0.002,0.002,650000
CUL,20170308,0.002,0.002,0.002,0.002,500000
CUL,20170309,0.002,0.002,0.002,0.002,1000000
CUL,20170310,0.002,0.002,0.002,0.002,99999
CUL,20170313,0.002,0.002,0.002,0.002,0
CUL,20170314,0.002,0.002,0.002,0.002,0
CUL,20170315,0.002,0.002,0.002,0.002,0
CUL,20170316,0.002,0.002,0.002,0.002,350000
CUL,20170317,0.002,0.002,0.002,0.002,3500000
CUL,20170320,0.002,0.002,0.002,0.002,0
CUL,20170321,0.002,0.002,0.002,0.002,1000000
CUL,20170322,0.002,0.002,0.002,0.002,0
CUL,20170323,0.002,0.002,0.002,0.002,500000
CUL,20170324,0.003,0.003,0.002,0.002,204949
CUL,20170327,0.002,0.002,0.002,0.002,600000
CUL,20170328,0.002,0.002,0.002,0.002,0
CUL,20170329,0.002,0.002,0.002,0.002,0
CUL,20170330,0.002,0.002,0.002,0.002,0
CUL,20170331,0.002,0.002,0.002,0.002,245011
CUL,20170403,0.002,0.002,0.002,0.002,0
CUL,20170404,0.003,0.003,0.002,0.002,1033000
CUL,20170405,0.002,0.002,0.002,0.002,0
CUL,20170406,0.002,0.002,0.002,0.002,1132887
CUL,20170407,0.002,0.002,0.002,0.002,0
CUL,20170410,0.002,0.002,0.002,0.002,0
CUL,20170411,0.002,0.002,0.002,0.002,0
CUL,20170412,0.002,0.002,0.002,0.002,0
CUL,20170413,0.002,0.002,0.002,0.002,31000
CUL,20170418,0.002,0.002,0.002,0.002,0
CUL,20170419,0.002,0.002,0.002,0.002,0
CUL,20170420,0.002,0.002,0.002,0.002,0
CUL,20170421,0.002,0.002,0.002,0.002,0
CUL,20170424,0.002,0.002,0.002,0.002,402168
CUL,20170426,0.002,0.002,0.002,0.002,1539476
CUL,20170427,0.002,0.002,0.002,0.002,300000
CUL,20170428,0.002,0.002,0.002,0.002,0
CUL,20170501,0.002,0.002,0.002,0.002,0
CUL,20170502,0.002,0.002,0.002,0.002,15639970
CUL,20170503,0.002,0.002,0.002,0.002,0
CUL,20170504,0.002,0.002,0.002,0.002,0
CUL,20170505,0.002,0.002,0.002,0.002,0
CUL,20170508,0.002,0.002,0.002,0.002,632011
CUL,20170509,0.002,0.002,0.002,0.002,400000
CUL,20170510,0.002,0.002,0.002,0.002,971086
CUL,20170511,0.002,0.002,0.002,0.002,2956086
CUL,20170512,0.002,0.002,0.002,0.002,0
CUL,20170515,0.002,0.002,0.002,0.002,3642984
CUL,20170516,0.002,0.002,0.002,0.002,5264038
CUL,20170517,0.002,0.002,0.002,0.002,3234
CUL,20170518,0.002,0.002,0.002,0.002,400000
CUL,20170519,0.002,0.002,0.002,0.002,370000
CUL,20170522,0.002,0.002,0.002,0.002,1529291
CUL,20170523,0.002,0.002,0.002,0.002,74145
CUL,20170524,0.002,0.002,0.002,0.002,0
CUL,20170525,0.002,0.002,0.002,0.002,2000000
CUL,20170526,0.002,0.002,0.002,0.002,0
CUL,20170529,0.002,0.002,0.002,0.002,0
CUL,20170530,0.002,0.002,0.002,0.002,976038
CUL,20170531,0.002,0.002,0.002,0.002,12
CUL,20170601,0.002,0.002,0.002,0.002,0
CUL,20170602,0.002,0.002,0.002,0.002,0
CUL,20170605,0.002,0.002,0.002,0.002,0
CUL,20170606,0.002,0.002,0.002,0.002,1000000
CUL,20170607,0.001,0.002,0.001,0.002,535000
CUL,20170608,0.002,0.002,0.002,0.002,0
CUL,20170609,0.002,0.002,0.002,0.002,0
CUL,20170613,0.002,0.002,0.002,0.002,0
CUL,20170614,0.002,0.002,0.001,0.002,2901766
CUL,20170615,0.001,0.001,0.001,0.001,20000
CUL,20170616,0.002,0.002,0.002,0.002,2961949
CUL,20170619,0.002,0.002,0.002,0.002,1092085
CUL,20170620,0.002,0.002,0.002,0.002,147915
CUL,20170621,0.001,0.002,0.001,0.001,757147
CUL,20170622,0.002,0.002,0.002,0.002,1000000
CUL,20170623,0.001,0.002,0.001,0.002,1166667
CUL,20170626,0.001,0.001,0.001,0.001,661666
CUL,20170627,0.001,0.001,0.001,0.001,295000
CUL,20170628,0.001,0.001,0.001,0.001,683325
CUL,20170629,0.001,0.001,0.001,0.001,156130
CUL,20170630,0.002,0.002,0.001,0.001,1200025
CUL,20170703,0.001,0.001,0.001,0.001,0
CUL,20170704,0.001,0.001,0.001,0.001,0
CUL,20170705,0.001,0.001,0.001,0.001,0
CUL,20170706,0.001,0.001,0.001,0.001,0
CUL,20170707,0.001,0.001,0.001,0.001,440000
CUL,20170710,0.001,0.001,0.001,0.001,50000
CUL,20170711,0.001,0.001,0.001,0.001,1714974
CUL,20170712,0.001,0.001,0.001,0.001,0
CUL,20170713,0.001,0.001,0.001,0.001,0
CUL,20170714,0.001,0.001,0.001,0.001,0
CUL,20170717,0.001,0.001,0.001,0.001,1000000
CUL,20170718,0.001,0.001,0.001,0.001,2000000
CUL,20170719,0.001,0.001,0.001,0.001,40000
CUL,20170720,0.001,0.001,0.001,0.001,0
CUL,20170721,0.001,0.001,0.001,0.001,0
CUL,20170724,0.001,0.001,0.001,0.001,0
CUL,20170725,0.001,0.001,0.001,0.001,0
CUL,20170726,0.001,0.001,0.001,0.001,8000000
CUL,20170727,0.001,0.001,0.001,0.001,0
CUL,20170728,0.001,0.001,0.001,0.001,0
CUL,20170731,0.001,0.001,0.001,0.001,0
CUL,20170801,0.002,0.002,0.002,0.002,750000
CUL,20170802,0.002,0.002,0.002,0.002,1250000
CUL,20170803,0.002,0.002,0.002,0.002,0
CUL,20170804,0.002,0.002,0.002,0.002,0
CUL,20170807,0.002,0.002,0.002,0.002,0
CUL,20170808,0.002,0.002,0.002,0.002,0
CUL,20170809,0.002,0.002,0.002,0.002,0
CUL,20170810,0.002,0.002,0.002,0.002,0
CUL,20170811,0.002,0.002,0.002,0.002,0
CUL,20170815,0.002,0.002,0.002,0.002,0
CUL,20170816,0.002,0.002,0.002,0.002,0
CUL,20170817,0.002,0.002,0.002,0.002,0
CUL,20170818,0.001,0.001,0.001,0.001,66500
CUL,20170821,0.001,0.001,0.001,0.001,0
CUL,20170822,0.001,0.001,0.001,0.001,0
CUL,20170823,0.001,0.001,0.001,0.001,0
CUL,20170824,0.001,0.001,0.001,0.001,0
CUL,20170825,0.001,0.001,0.001,0.001,5000
CUL,20170828,0.001,0.001,0.001,0.001,0
CUL,20170829,0.001,0.001,0.001,0.001,500000
CUL,20170830,0.001,0.001,0.001,0.001,0
CUL,20170831,0.001,0.001,0.001,0.001,0
CUL,20170901,0.001,0.001,0.001,0.001,0
CUL,20170904,0.001,0.001,0.001,0.001,0
CUL,20170905,0.001,0.001,0.001,0.001,0
CUL,20170906,0.001,0.001,0.001,0.001,0
CUL,20170907,0.001,0.001,0.001,0.001,0
CUL,20170908,0.001,0.001,0.001,0.001,0
CUL,20170911,0.001,0.001,0.001,0.001,0
CUL,20170912,0.001,0.001,0.001,0.001,0
CUL,20170913,0.001,0.001,0.001,0.001,0
CUL,20170914,0.001,0.001,0.001,0.001,0
CUL,20170915,0.001,0.001,0.001,0.001,0
CUL,20170918,0.001,0.001,0.001,0.001,0
CUL,20170919,0.001,0.001,0.001,0.001,0
CUL,20170920,0.001,0.001,0.001,0.001,0
CUL,20170921,0.001,0.001,0.001,0.001,0
CUL,20170922,0.001,0.001,0.001,0.001,0
CUL,20170925,0.001,0.001,0.001,0.001,0
CUL,20170926,0.001,0.001,0.001,0.001,0
CUL,20170927,0.001,0.001,0.001,0.001,2516334
CUL,20170928,0.001,0.001,0.001,0.001,0
CUL,20170929,0.001,0.002,0.001,0.001,8476104
CUL,20171002,0.001,0.001,0.001,0.001,0
CUL,20171003,0.001,0.001,0.001,0.001,0
CUL,20171004,0.002,0.002,0.002,0.002,250000
CUL,20171005,0.002,0.002,0.002,0.002,0
CUL,20171006,0.001,0.001,0.001,0.001,1249988
CUL,20171009,0.001,0.001,0.001,0.001,0
CUL,20171010,0.001,0.001,0.001,0.001,0
CUL,20171011,0.001,0.001,0.001,0.001,239739
CUL,20171012,0.001,0.001,0.001,0.001,130000
CUL,20171013,0.001,0.001,0.001,0.001,264738
CUL,20171016,0.001,0.001,0.001,0.001,0
CUL,20171017,0.001,0.001,0.001,0.001,444612
CUL,20171018,0.001,0.001,0.001,0.001,0
CUL,20171019,0.001,0.001,0.001,0.001,0
CUL,20171020,0.001,0.001,0.001,0.001,50822699
CUL,20171023,0.002,0.002,0.002,0.002,1500000
CUL,20171024,0.001,0.001,0.001,0.001,250000
CUL,20171025,0.002,0.002,0.002,0.002,5500000
CUL,20171026,0.002,0.002,0.002,0.002,0
CUL,20171027,0.002,0.002,0.002,0.002,505050
CUL,20171030,0.001,0.001,0.001,0.001,1000000
CUL,20171031,0.001,0.001,0.001,0.001,1000000
CUL,20171101,0.001,0.001,0.001,0.001,167000
CUL,20171102,0.001,0.002,0.001,0.001,850000
CUL,20171103,0.001,0.001,0.001,0.001,1820350
CUL,20171106,0.002,0.002,0.001,0.001,2296000
CUL,20171107,0.001,0.001,0.001,0.001,0
CUL,20171108,0.002,0.002,0.002,0.002,800000
CUL,20171109,0.002,0.002,0.002,0.002,883950
CUL,20171110,0.002,0.002,0.002,0.002,883950
CUL,20171113,0.001,0.001,0.001,0.001,500000
CUL,20171114,0.001,0.002,0.001,0.001,1800000
CUL,20171115,0.001,0.002,0.001,0.001,405025
CUL,20171116,0.001,0.001,0.001,0.001,0
CUL,20171117,0.001,0.001,0.001,0.001,0
CUL,20171120,0.001,0.001,0.001,0.001,0
CUL,20171121,0.001,0.001,0.001,0.001,0
CUL,20171122,0.002,0.002,0.001,0.001,1300025
CUL,20171123,0.002,0.002,0.001,0.002,2352647
CUL,20171124,0.002,0.002,0.002,0.002,100083368
CUL,20171127,0.002,0.002,0.002,0.002,6593333
CUL,20171128,0.003,0.003,0.002,0.002,17761584
CUL,20171129,0.002,0.002,0.002,0.002,16333000
CUL,20171130,0.002,0.002,0.002,0.002,13420003
CUL,20171201,0.002,0.002,0.002,0.002,2000000
CUL,20171204,0.002,0.002,0.002,0.002,181985
CUL,20171205,0.002,0.002,0.002,0.002,0
CUL,20171206,0.002,0.002,0.002,0.002,6779142
CUL,20171207,0.003,0.003,0.003,0.003,183333
CUL,20171208,0.002,0.002,0.002,0.002,1000000
CUL,20171211,0.002,0.002,0.002,0.002,0
CUL,20171212,0.002,0.002,0.002,0.002,19720559
CUL,20171213,0.002,0.002,0.002,0.002,15345516
CUL,20171214,0.002,0.002,0.002,0.002,0
CUL,20171215,0.002,0.002,0.002,0.002,0
CUL,20171218,0.002,0.002,0.002,0.002,3000000
CUL,20171219,0.002,0.002,0.002,0.002,2257176
CUL,20171220,0.002,0.002,0.002,0.002,70000
CUL,20171221,0.003,0.003,0.002,0.002,360016
CUL,20171222,0.002,0.002,0.002,0.002,152000
CUL,20171227,0.002,0.002,0.002,0.002,142758
CUL,20171228,0.002,0.002,0.002,0.002,2389341
CUL,20171229,0.002,0.002,0.002,0.002,100
CUL,20180102,0.002,0.002,0.002,0.002,0
CUL,20180103,0.002,0.002,0.002,0.002,271489
CUL,20180104,0.002,0.002,0.002,0.002,3068054
CUL,20180105,0.002,0.002,0.002,0.002,1321966
CUL,20180108,0.002,0.002,0.002,0.002,1000000
CUL,20180109,0.002,0.003,0.002,0.002,58137442
CUL,20180110,0.002,0.002,0.002,0.002,1545016
CUL,20180111,0.002,0.002,0.002,0.002,900000
CUL,20180112,0.002,0.002,0.002,0.002,2118275
CUL,20180115,0.002,0.002,0.002,0.002,200000
CUL,20180116,0.002,0.002,0.002,0.002,350000
CUL,20180117,0.002,0.002,0.002,0.002,3680936
CUL,20180118,0.002,0.002,0.002,0.002,300000
CUL,20180119,0.002,0.002,0.002,0.002,0
CUL,20180122,0.002,0.002,0.002,0.002,4000000
CUL,20180123,0.002,0.002,0.002,0.002,493350
CUL,20180124,0.002,0.002,0.002,0.002,3965739
CUL,20180125,0.002,0.002,0.002,0.002,12066826
CUL,20180129,0.003,0.003,0.002,0.002,2000000
CUL,20180130,0.002,0.002,0.002,0.002,0
CUL,20180131,0.002,0.002,0.002,0.002,250000
CUL,20180201,0.002,0.002,0.002,0.002,1199999
CUL,20180202,0.002,0.002,0.002,0.002,0
CUL,20180205,0.002,0.002,0.002,0.002,60775254
CUL,20180207,0.002,0.002,0.002,0.002,0
CUL,20180208,0.002,0.002,0.002,0.002,2189892
CUL,20180209,0.001,0.001,0.001,0.001,170000
CUL,20180212,0.001,0.002,0.001,0.002,6250000
CUL,20180213,0.001,0.002,0.001,0.002,1700001
CUL,20180214,0.002,0.002,0.002,0.002,0
CUL,20180215,0.002,0.002,0.001,0.001,560000
CUL,20180216,0.002,0.002,0.002,0.002,940000
CUL,20180219,0.002,0.002,0.002,0.002,4980000
CUL,20180220,0.002,0.002,0.001,0.001,327000
CUL,20180221,0.002,0.002,0.001,0.001,1280000
CUL,20180222,0.002,0.002,0.001,0.001,1210000
CUL,20180223,0.002,0.002,0.001,0.001,2250000
CUL,20180226,0.001,0.001,0.001,0.001,0
CUL,20180227,0.001,0.001,0.001,0.001,0
CUL,20180228,0.001,0.001,0.001,0.001,1758757
CUL,20180301,0.002,0.002,0.001,0.001,19500000
CUL,20180302,0.001,0.001,0.001,0.001,0
CUL,20180305,0.001,0.001,0.001,0.001,0
CUL,20180306,0.001,0.001,0.001,0.001,0
CUL,20180307,0.001,0.001,0.001,0.001,600229
CUL,20180308,0.001,0.001,0.001,0.001,30000
CUL,20180309,0.001,0.001,0.001,0.001,0
CUL,20180312,0.001,0.001,0.001,0.001,0
CUL,20180313,0.001,0.001,0.001,0.001,0
CUL,20180314,0.001,0.001,0.001,0.001,70000
CUL,20180315,0.002,0.002,0.002,0.002,496999
CUL,20180316,0.002,0.002,0.002,0.002,0
CUL,20180319,0.002,0.002,0.002,0.002,0
CUL,20180320,0.002,0.002,0.002,0.002,0
CUL,20180321,0.002,0.002,0.002,0.002,0
CUL,20180322,0.002,0.002,0.002,0.002,0
CUL,20180323,0.002,0.002,0.002,0.002,0
CUL,20180326,0.001,0.001,0.001,0.001,1360000
CUL,20180327,0.001,0.001,0.001,0.001,0
CUL,20180328,0.001,0.001,0.001,0.001,1000000
CUL,20180329,0.001,0.001,0.001,0.001,22820
CUL,20180403,0.002,0.002,0.001,0.001,3040000
CUL,20180404,0.001,0.001,0.001,0.001,0
CUL,20180405,0.001,0.001,0.001,0.001,0
CUL,20180406,0.001,0.001,0.001,0.001,0
CUL,20180409,0.001,0.001,0.001,0.001,0
CUL,20180410,0.001,0.001,0.001,0.001,0
CUL,20180411,0.001,0.001,0.001,0.001,0
CUL,20180412,0.001,0.001,0.001,0.001,0
CUL,20180413,0.001,0.001,0.001,0.001,0
CUL,20180416,0.001,0.001,0.001,0.001,0
CUL,20180417,0.001,0.001,0.001,0.001,0
CUL,20180418,0.001,0.001,0.001,0.001,500000
CUL,20180419,0.001,0.001,0.001,0.001,849460
CUL,20180420,0.001,0.001,0.001,0.001,999998
CUL,20180423,0.001,0.001,0.001,0.001,450000
CUL,20180424,0.001,0.001,0.001,0.001,4939500
CUL,20180426,0.002,0.002,0.002,0.002,30452180
CUL,20180427,0.002,0.002,0.002,0.002,41969976
CUL,20180430,0.002,0.002,0.002,0.002,2000000
CUL,20180501,0.002,0.002,0.002,0.002,46841523
CUL,20180502,0.002,0.002,0.002,0.002,1265590
CUL,20180503,0.002,0.002,0.002,0.002,11311485
CUL,20180504,0.002,0.002,0.002,0.002,3567524
CUL,20180507,0.002,0.002,0.002,0.002,250000
CUL,20180508,0.002,0.002,0.002,0.002,1455991
CUL,20180509,0.002,0.002,0.002,0.002,0
CUL,20180510,0.003,0.003,0.002,0.002,6270000
CUL,20180511,0.002,0.002,0.002,0.002,55000
CUL,20180514,0.002,0.002,0.002,0.002,3969001
CUL,20180515,0.002,0.002,0.002,0.002,2071612
CUL,20180516,0.002,0.002,0.002,0.002,470000
CUL,20180517,0.002,0.002,0.002,0.002,855000
CUL,20180518,0.002,0.002,0.002,0.002,0
CUL,20180521,0.002,0.002,0.002,0.002,0
CUL,20180522,0.002,0.002,0.002,0.002,831219
CUL,20180523,0.002,0.002,0.002,0.002,800000
CUL,20180524,0.002,0.002,0.002,0.002,343781
CUL,20180525,0.002,0.002,0.002,0.002,0
CUL,20180528,0.002,0.002,0.002,0.002,144741
CUL,20180529,0.002,0.002,0.002,0.002,0
CUL,20180530,0.002,0.002,0.002,0.002,0
CUL,20180531,0.002,0.002,0.002,0.002,6200000
CUL,20180601,0.002,0.002,0.002,0.002,721478
CUL,20180604,0.001,0.001,0.001,0.001,85000
CUL,20180605,0.001,0.002,0.001,0.002,8709835
CUL,20180606,0.001,0.001,0.001,0.001,4426151
CUL,20180607,0.001,0.001,0.001,0.001,374540
CUL,20180608,0.001,0.001,0.001,0.001,0
CUL,20180612,0.002,0.002,0.001,0.001,750000
CUL,20180613,0.001,0.001,0.001,0.001,0
CUL,20180614,0.001,0.001,0.001,0.001,7350
CUL,20180615,0.001,0.001,0.001,0.001,0
CUL,20180618,0.002,0.002,0.001,0.001,12110000
CUL,20180619,0.001,0.001,0.001,0.001,6000000
CUL,20180620,0.001,0.001,0.001,0.001,0
CUL,20180621,0.002,0.002,0.001,0.001,52500000
CUL,20180622,0.001,0.001,0.001,0.001,1800000
CUL,20180625,0.001,0.001,0.001,0.001,1831759
CUL,20180626,0.001,0.001,0.001,0.001,570000
CUL,20180627,0.001,0.001,0.001,0.001,400000
CUL,20180628,0.001,0.001,0.001,0.001,0
CUL,20180629,0.001,0.001,0.001,0.001,1487500
CUL,20180702,0.001,0.001,0.001,0.001,550000
CUL,20180703,0.001,0.001,0.001,0.001,0
CUL,20180704,0.001,0.001,0.001,0.001,340000
CUL,20180705,0.001,0.001,0.001,0.001,660000
CUL,20180706,0.001,0.001,0.001,0.001,5941058
CUL,20180710,0.001,0.001,0.001,0.001,0
CUL,20180711,0.002,0.002,0.001,0.001,8272000
CUL,20180712,0.001,0.001,0.001,0.001,0
CUL,20180713,0.001,0.001,0.001,0.001,0
CUL,20180716,0.001,0.001,0.001,0.001,0
CUL,20180717,0.001,0.001,0.001,0.001,0
CUL,20180718,0.001,0.001,0.001,0.001,0
CUL,20180719,0.001,0.001,0.001,0.001,0
CUL,20180720,0.001,0.001,0.001,0.001,0
CUL,20180723,0.001,0.001,0.001,0.001,0
CUL,20180724,0.001,0.001,0.001,0.001,0
CUL,20180725,0.001,0.001,0.001,0.001,0
CUL,20180726,0.001,0.001,0.001,0.001,100000
CUL,20180727,0.001,0.001,0.001,0.001,0
CUL,20180730,0.001,0.001,0.001,0.001,0
CUL,20180731,0.001,0.001,0.001,0.001,850
CUL,20180801,0.001,0.001,0.001,0.001,0
CUL,20180802,0.001,0.001,0.001,0.001,0
CUL,20180803,0.001,0.001,0.001,0.001,0
CUL,20180806,0.001,0.001,0.001,0.001,5849000
CUL,20180807,0.001,0.001,0.001,0.001,0
CUL,20180808,0.001,0.001,0.001,0.001,0
CUL,20180809,0.001,0.001,0.001,0.001,0
CUL,20180810,0.001,0.001,0.001,0.001,0
CUL,20180813,0.001,0.001,0.001,0.001,10000
CUL,20180814,0.001,0.001,0.001,0.001,2482575
CUL,20180816,0.002,0.002,0.001,0.001,1299000
CUL,20180817,0.001,0.001,0.001,0.001,250025
CUL,20180820,0.001,0.001,0.001,0.001,0
CUL,20180821,0.001,0.001,0.001,0.001,0
CUL,20180822,0.001,0.001,0.001,0.001,0
CUL,20180823,0.001,0.001,0.001,0.001,0
CUL,20180824,0.001,0.001,0.001,0.001,0
CUL,20180827,0.001,0.001,0.001,0.001,0
CUL,20180828,0.001,0.001,0.001,0.001,50000
CUL,20180829,0.001,0.001,0.001,0.001,0
CUL,20180830,0.001,0.001,0.001,0.001,0
CUL,20180831,0.001,0.001,0.001,0.001,12000
CUL,20180903,0.001,0.001,0.001,0.001,0
CUL,20180904,0.001,0.001,0.001,0.001,0
CUL,20180905,0.001,0.001,0.001,0.001,0
CUL,20180906,0.001,0.001,0.001,0.001,0
CUL,20180907,0.001,0.001,0.001,0.001,4000000
CUL,20180910,0.001,0.001,0.001,0.001,0
CUL,20180913,0.001,0.001,0.001,0.001,0
CUL,20180914,0.001,0.001,0.001,0.001,0
CUL,20180917,0.001,0.001,0.001,0.001,0
CUL,20180918,0.001,0.001,0.001,0.001,249000
CUL,20180919,0.001,0.001,0.001,0.001,3917639
CUL,20180920,0.001,0.001,0.001,0.001,1436000
CUL,20180921,0.001,0.001,0.001,0.001,1999999
CUL,20180924,0.001,0.001,0.001,0.001,5999992
CUL,20180925,0.001,0.001,0.001,0.001,0
CUL,20180926,0.001,0.001,0.001,0.001,1575461
CUL,20180927,0.001,0.001,0.001,0.001,9294071
CUL,20180928,0.001,0.001,0.001,0.001,7944000
CUL,20181001,0.001,0.001,0.001,0.001,51075999
CUL,20181002,0.001,0.001,0.001,0.001,3000000
CUL,20181003,0.001,0.001,0.001,0.001,1500000
CUL,20181004,0.001,0.001,0.001,0.001,9023248
CUL,20181005,0.001,0.001,0.001,0.001,6050500
CUL,20181008,0.001,0.001,0.001,0.001,11525835
CUL,20181009,0.001,0.001,0.001,0.001,1591174
CUL,20181010,0.001,0.001,0.001,0.001,7430000
CUL,20181011,0.001,0.001,0.001,0.001,1000000
CUL,20181012,0.001,0.001,0.001,0.001,500000
CUL,20181015,0.001,0.001,0.001,0.001,200000
CUL,20181016,0.001,0.001,0.001,0.001,7728574
CUL,20181017,0.001,0.001,0.001,0.001,3200000
CUL,20181018,0.001,0.001,0.001,0.001,0
CUL,20181019,0.001,0.001,0.001,0.001,600000
CUL,20181022,0.001,0.001,0.001,0.001,249090
CUL,20181023,0.001,0.001,0.001,0.001,0
CUL,20181024,0.001,0.001,0.001,0.001,609524
CUL,20181105,0.015,0.015,0.015,0.015,45454
CUL,20181106,0.016,0.016,0.015,0.015,180454
CUL,20181107,0.018,0.023,0.018,0.023,484207
CUL,20181108,0.022,0.022,0.022,0.022,2857
CUL,20181109,0.022,0.022,0.022,0.022,31817
CUL,20181112,0.022,0.022,0.021,0.021,229544
CUL,20181113,0.021,0.021,0.021,0.021,290908
CUL,20181114,0.021,0.021,0.021,0.021,0
CUL,20181115,0.022,0.024,0.022,0.024,553490
CUL,20181116,0.023,0.025,0.023,0.025,437376
CUL,20181119,0.025,0.029,0.025,0.027,231557
CUL,20181120,0.026,0.027,0.026,0.027,195454
CUL,20181121,0.026,0.026,0.026,0.026,3
CUL,20181122,0.025,0.025,0.023,0.023,472177
CUL,20181123,0.023,0.025,0.023,0.024,76307
CUL,20181126,0.024,0.024,0.024,0.024,0
CUL,20181127,0.024,0.024,0.024,0.024,0
CUL,20181128,0.02,0.02,0.02,0.02,34090
CUL,20181129,0.02,0.02,0.02,0.02,0
CUL,20181130,0.021,0.022,0.02,0.022,174581
CUL,20181203,0.022,0.022,0.021,0.021,55000
CUL,20181204,0.021,0.021,0.021,0.021,36673
CUL,20181205,0.021,0.021,0.021,0.021,29580
CUL,20181206,0.021,0.021,0.021,0.021,0
CUL,20181207,0.021,0.021,0.021,0.021,163326
CUL,20181210,0.021,0.021,0.021,0.021,0
CUL,20181211,0.021,0.021,0.021,0.021,0
CUL,20181212,0.021,0.021,0.021,0.021,78106
CUL,20181213,0.022,0.022,0.022,0.022,21894
CUL,20181214,0.022,0.022,0.022,0.022,0
CUL,20181217,0.021,0.021,0.021,0.021,249976
CUL,20181218,0.021,0.021,0.02,0.021,417545
CUL,20181219,0.021,0.021,0.02,0.02,113636
CUL,20181220,0.02,0.02,0.02,0.02,0
CUL,20181221,0.02,0.02,0.02,0.02,0
CUL,20181224,0.02,0.02,0.02,0.02,20000
CUL,20181227,0.02,0.02,0.02,0.02,0
CUL,20181228,0.02,0.02,0.02,0.02,0
CUL,20181231,0.02,0.02,0.02,0.02,22493
CUL,20190102,0.02,0.02,0.02,0.02,22727
CUL,20190103,0.02,0.02,0.02,0.02,0
CUL,20190104,0.02,0.02,0.02,0.02,0
CUL,20190107,0.02,0.02,0.02,0.02,0
CUL,20190108,0.02,0.02,0.02,0.02,0
CUL,20190109,0.02,0.02,0.02,0.02,100001
CUL,20190110,0.02,0.02,0.02,0.02,0
CUL,20190111,0.02,0.02,0.02,0.02,0
CUL,20190114,0.019,0.02,0.019,0.019,41019
CUL,20190115,0.019,0.019,0.019,0.019,0
CUL,20190116,0.019,0.019,0.018,0.018,22727
CUL,20190117,0.018,0.02,0.018,0.02,131725
CUL,20190118,0.02,0.021,0.02,0.021,21058
CUL,20190121,0.021,0.021,0.021,0.021,0
CUL,20190122,0.02,0.02,0.02,0.02,5720
CUL,20190123,0.02,0.02,0.02,0.02,0
CUL,20190124,0.02,0.02,0.02,0.02,2519
CUL,20190125,0.02,0.02,0.02,0.02,5391
CUL,20190129,0.02,0.02,0.02,0.02,0
CUL,20190130,0.019,0.019,0.018,0.018,22728
CUL,20190131,0.018,0.018,0.018,0.018,41856
CUL,20190201,0.018,0.018,0.018,0.018,22727
CUL,20190204,0.019,0.019,0.019,0.019,7045
CUL,20190205,0.018,0.018,0.017,0.017,225672
CUL,20190206,0.017,0.017,0.017,0.017,0
CUL,20190207,0.017,0.017,0.017,0.017,35992
CUL,20190208,0.017,0.017,0.017,0.017,54546
CUL,20190211,0.016,0.017,0.016,0.017,38478
CUL,20190212,0.017,0.017,0.016,0.016,472869
CUL,20190213,0.016,0.016,0.016,0.016,0
CUL,20190214,0.016,0.016,0.016,0.016,0
CUL,20190215,0.016,0.016,0.015,0.015,157798
CUL,20190218,0.015,0.015,0.013,0.013,1399252
CUL,20190219,0.013,0.013,0.012,0.012,800000
CUL,20190220,0.012,0.012,0.012,0.012,113907
CUL,20190221,0.012,0.012,0.012,0.012,0
CUL,20190222,0.012,0.012,0.012,0.012,0
CUL,20190225,0.013,0.013,0.013,0.013,2765
CUL,20190226,0.013,0.013,0.013,0.013,18181
CUL,20190227,0.013,0.013,0.013,0.013,90727
CUL,20190228,0.013,0.013,0.013,0.013,140000
CUL,20190301,0.013,0.013,0.013,0.013,0
CUL,20190304,0.013,0.013,0.013,0.013,0
CUL,20190305,0.013,0.013,0.013,0.013,0
CUL,20190306,0.013,0.013,0.013,0.013,0
CUL,20190307,0.013,0.013,0.013,0.013,0
CUL,20190308,0.012,0.012,0.012,0.012,4713
CUL,20190311,0.012,0.012,0.012,0.012,14090
CUL,20190312,0.013,0.013,0.012,0.012,13847
CUL,20190313,0.012,0.012,0.012,0.012,15757
CUL,20190314,0.013,0.013,0.012,0.012,13847
CUL,20190315,0.012,0.012,0.012,0.012,0
CUL,20190318,0.012,0.012,0.012,0.012,0
CUL,20190319,0.012,0.012,0.012,0.012,0
CUL,20190320,0.013,0.013,0.013,0.013,167926
CUL,20190321,0.014,0.014,0.014,0.014,273620
CUL,20190322,0.014,0.014,0.014,0.014,11692
CUL,20190325,0.013,0.013,0.013,0.013,23000
CUL,20190326,0.012,0.012,0.012,0.012,316470
CUL,20190327,0.012,0.012,0.012,0.012,0
CUL,20190328,0.012,0.012,0.012,0.012,0
CUL,20190329,0.012,0.012,0.012,0.012,5073
CUL,20190401,0.012,0.012,0.012,0.012,0
CUL,20190402,0.012,0.012,0.012,0.012,0
CUL,20190403,0.012,0.012,0.012,0.012,0
CUL,20190404,0.012,0.012,0.012,0.012,0
CUL,20190405,0.012,0.012,0.012,0.012,0
CUL,20190408,0.012,0.012,0.012,0.012,0
CUL,20190409,0.012,0.012,0.012,0.012,10870
CUL,20190410,0.012,0.012,0.012,0.012,0
CUL,20190411,0.012,0.012,0.012,0.012,4944
CUL,20190412,0.012,0.012,0.012,0.012,0
CUL,20190415,0.012,0.012,0.012,0.012,0
CUL,20190416,0.012,0.012,0.012,0.012,0
CUL,20190417,0.013,0.013,0.013,0.013,5409
CUL,20190418,0.013,0.014,0.013,0.014,465679
CUL,20190423,0.013,0.014,0.013,0.014,361462
CUL,20190424,0.014,0.014,0.014,0.014,149924
CUL,20190426,0.014,0.014,0.014,0.014,0
CUL,20190429,0.012,0.012,0.012,0.012,22727
CUL,20190430,0.012,0.012,0.012,0.012,0
CUL,20190501,0.012,0.012,0.012,0.012,37121
CUL,20190502,0.012,0.012,0.012,0.012,40652
CUL,20190503,0.011,0.011,0.01,0.01,529821
CUL,20190506,0.01,0.013,0.01,0.013,61663
CUL,20190507,0.013,0.014,0.012,0.012,83473
CUL,20190508,0.012,0.012,0.012,0.012,0
CUL,20190509,0.012,0.012,0.012,0.012,0
CUL,20190510,0.012,0.012,0.012,0.012,0
CUL,20190513,0.012,0.012,0.012,0.012,0
CUL,20190514,0.012,0.012,0.012,0.012,0
CUL,20190515,0.012,0.012,0.012,0.012,0
CUL,20190516,0.012,0.012,0.012,0.012,0
CUL,20190517,0.012,0.012,0.012,0.012,0
CUL,20190520,0.012,0.012,0.012,0.012,2272
CUL,20190521,0.012,0.012,0.012,0.012,0
CUL,20190522,0.012,0.012,0.012,0.012,0
CUL,20190523,0.012,0.012,0.012,0.012,0
CUL,20190524,0.013,0.013,0.012,0.012,127273
CUL,20190527,0.012,0.012,0.012,0.012,0
CUL,20190528,0.012,0.012,0.012,0.012,0
CUL,20190529,0.012,0.012,0.012,0.012,0
CUL,20190530,0.012,0.012,0.01,0.011,1601856
CUL,20190531,0.011,0.011,0.01,0.01,988921
CUL,20190603,0.01,0.01,0.01,0.01,0
CUL,20190604,0.01,0.01,0.01,0.01,13635
CUL,20190605,0.01,0.011,0.01,0.011,192771
CUL,20190606,0.011,0.011,0.011,0.011,0
CUL,20190607,0.011,0.011,0.011,0.011,35023
CUL,20190611,0.011,0.011,0.009,0.009,4308155
CUL,20190612,0.009,0.009,0.009,0.009,1011363
CUL,20190613,0.009,0.009,0.009,0.009,1818
CUL,20190614,0.009,0.009,0.009,0.009,0
CUL,20190617,0.009,0.009,0.008,0.008,348942
CUL,20190618,0.009,0.009,0.009,0.009,160000
CUL,20190619,0.009,0.009,0.009,0.009,77846
CUL,20190620,0.009,0.009,0.009,0.009,0
CUL,20190621,0.009,0.009,0.009,0.009,0
CUL,20190624,0.009,0.009,0.009,0.009,200000
CUL,20190625,0.009,0.009,0.009,0.009,0
CUL,20190626,0.009,0.009,0.009,0.009,211673
CUL,20190627,0.009,0.009,0.009,0.009,0
CUL,20190628,0.009,0.009,0.009,0.009,1363
CUL,20190701,0.009,0.009,0.009,0.009,0
CUL,20190702,0.009,0.009,0.009,0.009,0
CUL,20190703,0.009,0.009,0.009,0.009,0
CUL,20190704,0.009,0.009,0.009,0.009,0
CUL,20190705,0.009,0.009,0.009,0.009,1704
CUL,20190708,0.009,0.009,0.009,0.009,0
CUL,20190709,0.01,0.01,0.01,0.01,119480
CUL,20190710,0.01,0.01,0.01,0.01,0
CUL,20190711,0.01,0.01,0.01,0.01,0
CUL,20190712,0.01,0.01,0.01,0.01,10226
CUL,20190715,0.01,0.01,0.01,0.01,0
CUL,20190716,0.01,0.01,0.01,0.01,0
CUL,20190717,0.01,0.01,0.01,0.01,0
CUL,20190718,0.011,0.014,0.011,0.013,595455
CUL,20190719,0.013,0.013,0.013,0.013,0
CUL,20190722,0.012,0.012,0.012,0.012,75757
CUL,20190723,0.011,0.013,0.011,0.013,86364
CUL,20190724,0.013,0.013,0.013,0.013,0
CUL,20190725,0.013,0.013,0.013,0.013,0
CUL,20190726,0.013,0.013,0.013,0.013,0
CUL,20190729,0.012,0.012,0.012,0.012,386443
CUL,20190730,0.012,0.012,0.012,0.012,50000
CUL,20190731,0.012,0.012,0.011,0.011,516431
CUL,20190801,0.011,0.012,0.011,0.012,236548
CUL,20190802,0.012,0.012,0.012,0.012,0
CUL,20190805,0.012,0.012,0.012,0.012,0
CUL,20190806,0.011,0.011,0.011,0.011,4545
CUL,20190807,0.011,0.011,0.011,0.011,0
CUL,20190808,0.011,0.011,0.011,0.011,5974
CUL,20190809,0.012,0.012,0.012,0.012,286036
CUL,20190812,0.012,0.014,0.012,0.013,1289065
CUL,20190813,0.013,0.013,0.013,0.013,220631
CUL,20190814,0.013,0.014,0.013,0.013,1048500
CUL,20190815,0.013,0.013,0.013,0.013,56625
CUL,20190816,0.014,0.015,0.014,0.015,552965
CUL,20190819,0.015,0.015,0.015,0.015,0
CUL,20190820,0.015,0.015,0.015,0.015,0
CUL,20190821,0.017,0.018,0.015,0.018,3896525
CUL,20190822,0.016,0.018,0.016,0.018,1148257
CUL,20190823,0.018,0.018,0.016,0.017,1449339
CUL,20190826,0.017,0.019,0.017,0.018,2836138
CUL,20190827,0.017,0.017,0.016,0.016,1450067
CUL,20190828,0.016,0.016,0.016,0.016,9000
CUL,20190829,0.016,0.016,0.016,0.016,0
CUL,20190830,0.016,0.016,0.016,0.016,0
CUL,20190902,0.015,0.015,0.015,0.015,150000
CUL,20190903,0.015,0.015,0.015,0.015,0
CUL,20190904,0.015,0.015,0.014,0.014,504545
CUL,20190905,0.014,0.015,0.014,0.015,1004545
CUL,20190906,0.017,0.017,0.016,0.016,550497
CUL,20190909,0.016,0.016,0.016,0.016,0
CUL,20190910,0.016,0.016,0.016,0.016,0
CUL,20190911,0.015,0.015,0.015,0.015,44979
CUL,20190912,0.015,0.015,0.015,0.015,0
CUL,20190913,0.015,0.015,0.015,0.015,0
CUL,20190916,0.015,0.015,0.015,0.015,0
CUL,20190917,0.015,0.015,0.015,0.015,0
CUL,20190918,0.016,0.016,0.016,0.016,66666
CUL,20190919,0.016,0.016,0.016,0.016,33750
CUL,20190920,0.015,0.015,0.014,0.014,153822
CUL,20190923,0.014,0.014,0.014,0.014,12160
CUL,20190924,0.014,0.014,0.014,0.014,0
CUL,20190925,0.015,0.015,0.015,0.015,62709
CUL,20190926,0.015,0.015,0.015,0.015,0
CUL,20190927,0.015,0.015,0.015,0.015,0
CUL,20190930,0.015,0.015,0.015,0.015,0
CUL,20191001,0.014,0.014,0.014,0.014,54545
CUL,20191002,0.014,0.014,0.014,0.014,0
CUL,20191003,0.014,0.014,0.014,0.014,876583
CUL,20191004,0.015,0.015,0.014,0.014,106984
CUL,20191007,0.014,0.014,0.014,0.014,40927
CUL,20191008,0.013,0.014,0.013,0.014,58527
CUL,20191009,0.014,0.014,0.014,0.014,0
CUL,20191010,0.013,0.013,0.013,0.013,479193
CUL,20191011,0.012,0.014,0.012,0.014,396259
CUL,20191014,0.014,0.014,0.014,0.014,0
CUL,20191015,0.014,0.014,0.014,0.014,0
CUL,20191016,0.013,0.013,0.013,0.013,9090
CUL,20191017,0.013,0.013,0.013,0.013,0
CUL,20191018,0.013,0.013,0.013,0.013,0
CUL,20191021,0.013,0.013,0.013,0.013,0
CUL,20191022,0.013,0.013,0.013,0.013,2697
CUL,20191023,0.013,0.013,0.013,0.013,454562
CUL,20191024,0.013,0.013,0.013,0.013,373689
CUL,20191025,0.012,0.012,0.012,0.012,926311
CUL,20191028,0.012,0.012,0.012,0.012,0
CUL,20191029,0.012,0.012,0.012,0.012,0
CUL,20191030,0.012,0.013,0.012,0.013,516308
CUL,20191031,0.013,0.013,0.013,0.013,219370
CUL,20191101,0.012,0.012,0.012,0.012,4545
CUL,20191104,0.013,0.013,0.013,0.013,5
CUL,20191105,0.013,0.013,0.013,0.013,117294
CUL,20191106,0.013,0.013,0.013,0.013,0
CUL,20191107,0.013,0.013,0.013,0.013,0
CUL,20191108,0.013,0.013,0.013,0.013,0
CUL,20191111,0.013,0.013,0.013,0.013,0
CUL,20191112,0.014,0.014,0.014,0.014,820370
CUL,20191113,0.014,0.014,0.014,0.014,0
CUL,20191114,0.013,0.013,0.013,0.013,22273
CUL,20191115,0.013,0.013,0.013,0.013,1364
CUL,20191118,0.013,0.013,0.013,0.013,0
CUL,20191119,0.015,0.015,0.015,0.015,4545
CUL,20191120,0.015,0.015,0.015,0.015,0
CUL,20191121,0.015,0.015,0.015,0.015,0
CUL,20191122,0.015,0.015,0.015,0.015,0
CUL,20191125,0.013,0.013,0.013,0.013,180813
CUL,20191126,0.013,0.013,0.013,0.013,106012
CUL,20191127,0.013,0.013,0.013,0.013,659
CUL,20191128,0.013,0.013,0.013,0.013,0
CUL,20191129,0.013,0.013,0.013,0.013,0
CUL,20191202,0.013,0.013,0.013,0.013,0
CUL,20191203,0.013,0.013,0.013,0.013,0
CUL,20191204,0.013,0.013,0.013,0.013,0
CUL,20191205,0.013,0.013,0.013,0.013,0
CUL,20191206,0.013,0.013,0.013,0.013,0
CUL,20191209,0.013,0.013,0.013,0.013,0
CUL,20191210,0.013,0.013,0.013,0.013,0
CUL,20191211,0.013,0.013,0.012,0.012,264545
CUL,20191212,0.012,0.012,0.012,0.012,0
CUL,20191213,0.012,0.012,0.012,0.012,0
CUL,20191216,0.012,0.012,0.012,0.012,66363
CUL,20191217,0.012,0.012,0.012,0.012,0
CUL,20191218,0.012,0.012,0.012,0.012,50377
CUL,20191219,0.013,0.013,0.013,0.013,210800
CUL,20191220,0.013,0.013,0.013,0.013,320318
CUL,20191223,0.013,0.013,0.013,0.013,0
CUL,20191224,0.013,0.013,0.013,0.013,0
CUL,20191227,0.013,0.013,0.013,0.013,0
CUL,20191230,0.013,0.013,0.013,0.013,0
CUL,20191231,0.013,0.013,0.013,0.013,0
CUL,20200102,0.013,0.013,0.013,0.013,0
CUL,20200103,0.012,0.012,0.012,0.012,6818
CUL,20200106,0.012,0.012,0.012,0.012,0
CUL,20200107,0.012,0.012,0.012,0.012,6818
CUL,20200108,0.013,0.013,0.013,0.013,11363
CUL,20200109,0.012,0.012,0.012,0.012,94275
CUL,20200113,0.012,0.012,0.012,0.012,909
CUL,20200114,0.012,0.012,0.012,0.012,0
CUL,20200115,0.012,0.012,0.012,0.012,0
CUL,20200116,0.013,0.014,0.013,0.014,59098
CUL,20200117,0.014,0.014,0.014,0.014,0
CUL,20200120,0.014,0.014,0.014,0.014,0
CUL,20200121,0.014,0.014,0.014,0.014,0
CUL,20200122,0.014,0.015,0.014,0.014,300000
CUL,20200123,0.014,0.014,0.014,0.014,0
CUL,20200124,0.014,0.014,0.014,0.014,0
CUL,20200128,0.012,0.012,0.012,0.012,200000
CUL,20200129,0.013,0.013,0.013,0.013,75454
CUL,20200130,0.012,0.012,0.012,0.012,169676
CUL,20200203,0.012,0.012,0.012,0.012,0
CUL,20200204,0.012,0.012,0.012,0.012,0
CUL,20200205,0.012,0.012,0.012,0.012,0
CUL,20200210,0.012,0.012,0.011,0.011,82727
CUL,20200211,0.011,0.011,0.011,0.011,0
CUL,20200212,0.011,0.013,0.011,0.013,532623
CUL,20200213,0.012,0.012,0.012,0.012,574684
CUL,20200214,0.012,0.012,0.012,0.012,157693
CUL,20200217,0.013,0.013,0.013,0.013,12045
CUL,20200218,0.013,0.013,0.013,0.013,0
CUL,20200219,0.012,0.012,0.012,0.012,13636
CUL,20200220,0.012,0.012,0.012,0.012,428944
CUL,20200221,0.012,0.012,0.012,0.012,0
CUL,20200224,0.012,0.012,0.012,0.012,250000
CUL,20200225,0.011,0.012,0.011,0.012,6623
CUL,20200226,0.012,0.012,0.012,0.012,0
CUL,20200227,0.012,0.012,0.012,0.012,0
CUL,20200228,0.011,0.011,0.011,0.011,150000
CUL,20200302,0.01,0.01,0.01,0.01,681477
CUL,20200303,0.011,0.011,0.011,0.011,250000
CUL,20200304,0.011,0.011,0.01,0.01,46684
CUL,20200305,0.01,0.01,0.01,0.01,0
CUL,20200306,0.01,0.01,0.01,0.01,31818
CUL,20200309,0.01,0.01,0.01,0.01,645143
CUL,20200310,0.01,0.01,0.01,0.01,0
CUL,20200311,0.01,0.01,0.01,0.01,0
CUL,20200312,0.01,0.01,0.01,0.01,250000
CUL,20200313,0.01,0.01,0.01,0.01,0
CUL,20200316,0.01,0.01,0.01,0.01,34243
CUL,20200317,0.01,0.01,0.01,0.01,74131
CUL,20200318,0.01,0.01,0.01,0.01,0
CUL,20200319,0.009,0.009,0.008,0.008,1713636
CUL,20200320,0.008,0.008,0.008,0.008,24327
CUL,20200323,0.008,0.008,0.008,0.008,11363
CUL,20200324,0.008,0.008,0.008,0.008,0
CUL,20200325,0.008,0.008,0.008,0.008,181818
CUL,20200326,0.008,0.008,0.008,0.008,57363
CUL,20200327,0.008,0.008,0.008,0.008,17120
CUL,20200330,0.008,0.008,0.008,0.008,0
CUL,20200331,0.008,0.008,0.008,0.008,0
CUL,20200401,0.008,0.008,0.008,0.008,0
CUL,20200402,0.008,0.008,0.008,0.008,0
CUL,20200403,0.008,0.008,0.008,0.008,0
CUL,20200406,0.008,0.008,0.008,0.008,0
CUL,20200407,0.009,0.01,0.009,0.01,300000
CUL,20200408,0.01,0.01,0.01,0.01,0
CUL,20200409,0.01,0.01,0.01,0.01,0
CUL,20200414,0.01,0.01,0.01,0.01,0
CUL,20200415,0.01,0.01,0.01,0.01,0
CUL,20200416,0.009,0.009,0.009,0.009,70000
CUL,20200417,0.009,0.009,0.009,0.009,454
CUL,20200420,0.009,0.009,0.009,0.009,0
CUL,20200421,0.009,0.009,0.009,0.009,0
CUL,20200422,0.007,0.009,0.007,0.009,1009102
CUL,20200423,0.009,0.009,0.009,0.009,0
CUL,20200424,0.009,0.009,0.009,0.009,0
CUL,20200427,0.009,0.009,0.009,0.009,0
CUL,20200428,0.009,0.009,0.009,0.009,0
CUL,20200429,0.009,0.009,0.009,0.009,0
CUL,20200430,0.009,0.009,0.009,0.009,0
CUL,20200501,0.009,0.009,0.009,0.009,0
CUL,20200504,0.008,0.008,0.008,0.008,13636
CUL,20200505,0.008,0.008,0.008,0.008,0
CUL,20200506,0.008,0.008,0.008,0.008,0
CUL,20200507,0.008,0.008,0.008,0.008,13636
CUL,20200508,0.008,0.008,0.008,0.008,0
CUL,20200511,0.009,0.009,0.009,0.009,90200
CUL,20200512,0.009,0.009,0.009,0.009,0
CUL,20200513,0.009,0.009,0.009,0.009,0
CUL,20200514,0.009,0.01,0.009,0.01,250000
CUL,20200515,0.008,0.01,0.008,0.01,39999
CUL,20200518,0.011,0.011,0.009,0.01,240567
CUL,20200519,0.009,0.009,0.009,0.009,150000
CUL,20200520,0.009,0.01,0.009,0.009,1200377
CUL,20200521,0.009,0.009,0.009,0.009,0
CUL,20200522,0.009,0.009,0.009,0.009,519
CUL,20200525,0.009,0.009,0.009,0.009,1364
CUL,20200526,0.009,0.009,0.009,0.009,46500
CUL,20200527,0.009,0.009,0.009,0.009,0
CUL,20200528,0.009,0.009,0.009,0.009,0
CUL,20200529,0.011,0.012,0.011,0.012,594683
CUL,20200601,0.012,0.014,0.012,0.014,1422773
CUL,20200602,0.015,0.015,0.013,0.013,1279377
CUL,20200603,0.014,0.014,0.013,0.013,1255000
CUL,20200604,0.013,0.013,0.012,0.012,569526
CUL,20200605,0.012,0.012,0.012,0.012,172728
CUL,20200609,0.012,0.012,0.012,0.012,24950
CUL,20200610,0.012,0.012,0.012,0.012,153077
CUL,20200611,0.012,0.012,0.012,0.012,387882
CUL,20200612,0.011,0.011,0.01,0.01,980674
CUL,20200615,0.01,0.01,0.009,0.009,1981281
CUL,20200616,0.01,0.023,0.01,0.022,12521498
CUL,20200617,0.021,0.021,0.014,0.016,7422199
CUL,20200618,0.016,0.02,0.016,0.016,3209097
CUL,20200619,0.017,0.02,0.016,0.016,1767299
CUL,20200622,0.016,0.022,0.016,0.018,2843838
CUL,20200623,0.019,0.02,0.016,0.016,1474099
CUL,20200624,0.016,0.018,0.016,0.016,779436
CUL,20200625,0.016,0.016,0.015,0.016,935456
CUL,20200626,0.015,0.015,0.015,0.015,1358868
CUL,20200629,0.015,0.015,0.014,0.014,675330
CUL,20200630,0.014,0.018,0.014,0.015,635022
CUL,20200701,0.017,0.018,0.014,0.016,909103
CUL,20200702,0.014,0.016,0.013,0.016,192947
CUL,20200703,0.016,0.017,0.015,0.015,850000
CUL,20200706,0.015,0.017,0.015,0.017,119157
CUL,20200707,0.015,0.015,0.015,0.015,206224
CUL,20200708,0.015,0.015,0.014,0.015,316096
CUL,20200709,0.016,0.016,0.016,0.016,303721
CUL,20200710,0.017,0.017,0.016,0.017,450000
CUL,20200713,0.017,0.017,0.017,0.017,43647
CUL,20200714,0.015,0.015,0.015,0.015,378750
CUL,20200715,0.017,0.017,0.014,0.014,188750
CUL,20200716,0.015,0.015,0.015,0.015,150000
CUL,20200717,0.015,0.015,0.015,0.015,29000
CUL,20200720,0.015,0.015,0.015,0.015,100000
CUL,20200721,0.015,0.016,0.015,0.016,426511
CUL,20200722,0.018,0.018,0.018,0.018,584613
CUL,20200723,0.017,0.018,0.017,0.018,390000
CUL,20200724,0.019,0.019,0.019,0.019,250000
CUL,20200727,0.019,0.019,0.018,0.018,458292
CUL,20200728,0.018,0.018,0.018,0.018,0
CUL,20200729,0.018,0.018,0.016,0.017,376569
CUL,20200730,0.017,0.017,0.017,0.017,45000
CUL,20200731,0.017,0.017,0.017,0.017,0
CUL,20200803,0.017,0.017,0.017,0.017,317226
CUL,20200804,0.017,0.017,0.016,0.016,23484
CUL,20200805,0.017,0.019,0.016,0.016,2438002
CUL,20200806,0.016,0.016,0.015,0.015,841609
CUL,20200807,0.016,0.017,0.016,0.016,146964
CUL,20200810,0.016,0.017,0.015,0.016,1220747
CUL,20200811,0.017,0.02,0.017,0.02,1875504
CUL,20200812,0.019,0.019,0.015,0.018,3245466
CUL,20200813,0.018,0.018,0.017,0.018,301756
CUL,20200814,0.017,0.017,0.017,0.017,308054
CUL,20200817,0.017,0.017,0.017,0.017,0
CUL,20200818,0.017,0.017,0.017,0.017,1102156
CUL,20200819,0.017,0.019,0.017,0.017,713062
CUL,20200820,0.018,0.022,0.017,0.022,5288135
CUL,20200821,0.023,0.023,0.021,0.022,2548978
CUL,20200824,0.022,0.022,0.021,0.022,1600660
CUL,20200825,0.022,0.022,0.021,0.021,562900
CUL,20200826,0.021,0.021,0.02,0.02,1162549
CUL,20200827,0.02,0.02,0.019,0.019,538276
CUL,20200828,0.02,0.02,0.019,0.019,904449
CUL,20200831,0.021,0.021,0.019,0.019,1022772
CUL,20200901,0.02,0.02,0.02,0.02,306418
CUL,20200902,0.019,0.02,0.019,0.019,1311287
CUL,20200903,0.019,0.025,0.019,0.024,5896369
CUL,20200904,0.023,0.023,0.021,0.021,4126218
CUL,20200907,0.022,0.031,0.022,0.03,9718754
CUL,20200908,0.035,0.051,0.032,0.033,22952901
CUL,20200909,0.032,0.033,0.028,0.03,5175216
CUL,20200910,0.033,0.035,0.031,0.033,3491186
CUL,20200911,0.032,0.032,0.025,0.028,5639290
CUL,20200914,0.03,0.033,0.029,0.029,2371967
CUL,20200915,0.03,0.03,0.027,0.028,2192836
CUL,20200916,0.028,0.028,0.025,0.026,2090431
CUL,20200917,0.026,0.028,0.025,0.028,1434511
CUL,20200918,0.028,0.03,0.027,0.03,1074977
CUL,20200921,0.03,0.03,0.028,0.029,435746
CUL,20200922,0.029,0.033,0.028,0.033,2027635
CUL,20200923,0.033,0.033,0.029,0.03,1807371
CUL,20200924,0.029,0.029,0.027,0.027,186925
CUL,20200925,0.028,0.03,0.028,0.03,127999
CUL,20200928,0.03,0.03,0.028,0.028,1000580
CUL,20200929,0.029,0.031,0.029,0.031,860696
CUL,20200930,0.031,0.031,0.028,0.028,1518252
CUL,20201001,0.028,0.028,0.028,0.028,652961
CUL,20201002,0.028,0.028,0.026,0.026,519228
CUL,20201005,0.027,0.027,0.025,0.026,445381
CUL,20201006,0.026,0.026,0.026,0.026,0
CUL,20201007,0.026,0.026,0.025,0.025,258143
CUL,20201008,0.025,0.028,0.025,0.028,511531
CUL,20201009,0.027,0.027,0.027,0.027,90370
CUL,20201012,0.027,0.035,0.027,0.032,5034714
CUL,20201013,0.032,0.032,0.031,0.032,330703
CUL,20201014,0.031,0.031,0.027,0.03,797007
CUL,20201015,0.029,0.029,0.029,0.029,518928
CUL,20201016,0.03,0.03,0.029,0.03,617956
CUL,20201019,0.029,0.029,0.027,0.028,675021
CUL,20201020,0.028,0.028,0.025,0.025,1174209
CUL,20201021,0.026,0.028,0.026,0.028,610832
CUL,20201022,0.028,0.028,0.025,0.028,1787331
CUL,20201023,0.027,0.027,0.025,0.025,420000
CUL,20201026,0.026,0.03,0.026,0.029,947150
CUL,20201027,0.028,0.028,0.026,0.027,702616
CUL,20201028,0.026,0.026,0.025,0.026,320458
CUL,20201029,0.026,0.026,0.026,0.026,76923
CUL,20201030,0.026,0.026,0.025,0.025,214614
CUL,20201102,0.024,0.024,0.02,0.02,1378481
CUL,20201103,0.021,0.021,0.02,0.021,442954
CUL,20201104,0.021,0.021,0.021,0.021,0
CUL,20201105,0.021,0.021,0.021,0.021,0
CUL,20201106,0.023,0.023,0.023,0.023,8415
CUL,20201109,0.025,0.025,0.024,0.024,241085
CUL,20201110,0.023,0.023,0.022,0.022,158296
CUL,20201111,0.022,0.022,0.022,0.022,878833
CUL,20201112,0.022,0.022,0.022,0.022,0
CUL,20201113,0.023,0.023,0.023,0.023,19631
CUL,20201116,0.023,0.023,0.023,0.023,0
CUL,20201117,0.022,0.023,0.022,0.023,5397
CUL,20201118,0.022,0.022,0.022,0.022,79431
CUL,20201120,0.022,0.022,0.022,0.022,340000
CUL,20201123,0.022,0.022,0.022,0.022,90000
CUL,20201124,0.023,0.026,0.023,0.023,724721
CUL,20201125,0.023,0.023,0.023,0.023,0
CUL,20201126,0.024,0.024,0.021,0.021,468594
CUL,20201127,0.022,0.022,0.022,0.022,49663
CUL,20201130,0.022,0.022,0.022,0.022,850337
CUL,20201201,0.022,0.022,0.022,0.022,0
CUL,20201202,0.022,0.022,0.022,0.022,154297
CUL,20201203,0.022,0.025,0.022,0.024,611575
CUL,20201204,0.024,0.024,0.024,0.024,21742
CUL,20201207,0.023,0.023,0.022,0.022,241008
CUL,20201208,0.022,0.022,0.022,0.022,52000
CUL,20201209,0.023,0.026,0.021,0.021,921360
CUL,20201210,0.021,0.021,0.021,0.021,0
CUL,20201211,0.021,0.021,0.021,0.021,0
CUL,20201214,0.022,0.022,0.022,0.022,113514
CUL,20201215,0.022,0.022,0.02,0.02,2535641
CUL,20201216,0.02,0.02,0.02,0.02,316134
CUL,20201217,0.019,0.019,0.019,0.019,100000
CUL,20201218,0.016,0.018,0.016,0.018,487544
CUL,20201221,0.018,0.018,0.018,0.018,27000
CUL,20201222,0.019,0.024,0.019,0.021,603210
CUL,20201224,0.022,0.022,0.022,0.022,0
CUL,20201229,0.023,0.023,0.023,0.023,0
CUL,20201230,0.023,0.024,0.023,0.024,41086
CUL,20201231,0.022,0.022,0.022,0.022,80000
CUL,20210104,0.022,0.022,0.022,0.022,0
CUL,20210105,0.021,0.023,0.021,0.023,55689
CUL,20210106,0.024,0.024,0.023,0.023,609723
CUL,20210107,0.023,0.024,0.022,0.023,522746
CUL,20210108,0.025,0.025,0.025,0.025,121448
CUL,20210111,0.025,0.025,0.025,0.025,40000
CUL,20210112,0.025,0.025,0.025,0.025,0
CUL,20210113,0.024,0.024,0.024,0.024,41250
CUL,20210114,0.023,0.023,0.023,0.023,321998
CUL,20210115,0.023,0.023,0.023,0.023,53000
CUL,20210118,0.023,0.023,0.021,0.021,414886
CUL,20210119,0.02,0.02,0.02,0.02,25301
CUL,20210120,0.024,0.029,0.022,0.028,3662787
CUL,20210121,0.029,0.029,0.025,0.027,1973206
CUL,20210122,0.024,0.026,0.024,0.026,940757
CUL,20210125,0.026,0.026,0.026,0.026,511287
CUL,20210127,0.025,0.025,0.024,0.024,546977
CUL,20210128,0.023,0.023,0.023,0.023,2279359
CUL,20210129,0.023,0.024,0.022,0.022,376270
CUL,20210201,0.022,0.024,0.02,0.021,1269774
CUL,20210203,0.024,0.029,0.024,0.027,2169387
CUL,20210204,0.026,0.026,0.023,0.024,1612866
CUL,20210205,0.023,0.024,0.023,0.024,288691
CUL,20210208,0.024,0.024,0.021,0.021,1010490
CUL,20210209,0.022,0.023,0.022,0.022,718773
CUL,20210210,0.022,0.022,0.022,0.022,516722
CUL,20210211,0.022,0.022,0.022,0.022,265732
CUL,20210212,0.022,0.022,0.022,0.022,367922
CUL,20210215,0.021,0.021,0.02,0.02,2275868
CUL,20210216,0.02,0.02,0.02,0.02,844043
CUL,20210217,0.019,0.02,0.019,0.02,118800
CUL,20210218,0.021,0.021,0.021,0.021,120000
CUL,20210219,0.02,0.027,0.02,0.023,12097306
CUL,20210222,0.023,0.026,0.022,0.022,3090270
CUL,20210223,0.023,0.026,0.023,0.026,1313211
CUL,20210224,0.026,0.027,0.025,0.027,158081
CUL,20210225,0.028,0.028,0.023,0.023,2201968
CUL,20210226,0.023,0.025,0.023,0.025,1210974
CUL,20210301,0.026,0.026,0.024,0.024,1719816
CUL,20210302,0.023,0.023,0.021,0.021,2230635
CUL,20210303,0.021,0.023,0.021,0.021,2645035
CUL,20210304,0.021,0.021,0.021,0.021,200000
CUL,20210305,0.02,0.02,0.019,0.02,379764
CUL,20210308,0.02,0.021,0.02,0.02,181151
CUL,20210309,0.02,0.02,0.019,0.019,990323
CUL,20210310,0.019,0.019,0.019,0.019,1171806
CUL,20210311,0.019,0.019,0.019,0.019,1171806
CUL,20210312,0.019,0.02,0.019,0.02,260000
CUL,20210315,0.019,0.021,0.019,0.021,1789085
CUL,20210316,0.021,0.023,0.021,0.022,701792
CUL,20210317,0.022,0.022,0.022,0.022,12274
CUL,20210318,0.022,0.022,0.022,0.022,0
CUL,20210319,0.023,0.023,0.02,0.02,874982
CUL,20210322,0.021,0.023,0.021,0.023,840738
CUL,20210323,0.021,0.022,0.021,0.022,549999
CUL,20210324,0.022,0.022,0.022,0.022,135743
CUL,20210325,0.022,0.022,0.02,0.021,879063
CUL,20210329,0.022,0.022,0.022,0.022,0
CUL,20210330,0.021,0.021,0.02,0.02,753464
CUL,20210331,0.02,0.02,0.02,0.02,593076
CUL,20210401,0.019,0.027,0.019,0.023,3968654
CUL,20210406,0.023,0.024,0.023,0.024,649709
CUL,20210407,0.024,0.024,0.024,0.024,0
CUL,20210408,0.024,0.024,0.024,0.024,0
CUL,20210409,0.026,0.029,0.025,0.027,20205162
CUL,20210412,0.027,0.031,0.026,0.031,7172685
CUL,20210413,0.028,0.031,0.027,0.03,8993076
CUL,20210414,0.028,0.03,0.027,0.028,10288886
CUL,20210415,0.027,0.03,0.027,0.029,8342460
CUL,20210416,0.028,0.028,0.026,0.026,3560372
CUL,20210419,0.026,0.027,0.026,0.026,1779426
CUL,20210420,0.026,0.026,0.026,0.026,277530
CUL,20210421,0.026,0.026,0.024,0.024,3275375
CUL,20210422,0.024,0.024,0.022,0.023,2866340
CUL,20210423,0.023,0.023,0.023,0.023,17678
CUL,20210426,0.023,0.023,0.022,0.023,2190901
CUL,20210427,0.024,0.03,0.024,0.028,19931269
CUL,20210428,0.03,0.035,0.03,0.032,18107829
CUL,20210429,0.032,0.032,0.029,0.03,10142498
CUL,20210430,0.03,0.039,0.03,0.037,17223640
CUL,20210503,0.038,0.038,0.035,0.035,7138669
CUL,20210504,0.034,0.042,0.034,0.04,19707601
CUL,20210505,0.039,0.041,0.037,0.038,3943407
CUL,20210506,0.04,0.041,0.032,0.033,11742583
CUL,20210507,0.034,0.036,0.032,0.036,3402748
CUL,20210510,0.036,0.036,0.033,0.034,1613862
CUL,20210511,0.034,0.034,0.031,0.032,3026654
CUL,20210512,0.032,0.033,0.03,0.03,4397177
CUL,20210513,0.03,0.03,0.028,0.028,4354365
CUL,20210514,0.027,0.027,0.021,0.022,17027454
CUL,20210517,0.021,0.021,0.02,0.02,5102760
CUL,20210518,0.021,0.023,0.021,0.023,3399352
CUL,20210519,0.022,0.022,0.021,0.022,1233410
CUL,20210520,0.022,0.022,0.021,0.021,578979
CUL,20210521,0.021,0.022,0.021,0.021,1497054
CUL,20210524,0.021,0.024,0.021,0.024,4209660
CUL,20210525,0.023,0.023,0.023,0.023,637766
CUL,20210526,0.022,0.023,0.022,0.023,1226654
CUL,20210527,0.023,0.025,0.023,0.025,3347710
CUL,20210528,0.025,0.026,0.025,0.026,625012
CUL,20210531,0.026,0.026,0.025,0.025,1514740
CUL,20210601,0.025,0.025,0.024,0.024,270080
CUL,20210602,0.024,0.027,0.024,0.027,3856274
CUL,20210603,0.026,0.026,0.024,0.024,1454467
CUL,20210604,0.025,0.027,0.024,0.026,3846900
CUL,20210607,0.026,0.026,0.025,0.025,641303
CUL,20210609,0.023,0.023,0.023,0.023,377816
CUL,20210610,0.023,0.026,0.023,0.024,2485305
CUL,20210611,0.024,0.026,0.024,0.025,3661855
CUL,20210615,0.025,0.029,0.025,0.027,9260393
CUL,20210616,0.028,0.03,0.026,0.026,2946951
CUL,20210617,0.026,0.026,0.024,0.024,2358402
CUL,20210618,0.024,0.024,0.023,0.024,2377383
CUL,20210621,0.024,0.024,0.023,0.023,1954800
CUL,20210622,0.024,0.026,0.024,0.025,1622499
CUL,20210623,0.025,0.025,0.024,0.024,1643496
CUL,20210625,0.025,0.026,0.024,0.026,3038606
CUL,20210628,0.025,0.028,0.025,0.026,7723963
CUL,20210629,0.026,0.026,0.024,0.024,525753
CUL,20210630,0.025,0.027,0.024,0.026,2135700
CUL,20210701,0.025,0.026,0.025,0.026,516790
CUL,20210705,0.025,0.026,0.025,0.026,470096
CUL,20210706,0.026,0.026,0.025,0.025,854024
CUL,20210707,0.026,0.026,0.025,0.025,431200
CUL,20210708,0.025,0.025,0.023,0.023,2519335
CUL,20210709,0.024,0.024,0.023,0.023,1894622
CUL,20210712,0.023,0.024,0.023,0.024,863107
CUL,20210714,0.024,0.025,0.024,0.024,614562
CUL,20210715,0.023,0.023,0.022,0.022,2227046
CUL,20210716,0.023,0.023,0.022,0.022,708919
CUL,20210719,0.022,0.022,0.022,0.022,422467
CUL,20210720,0.022,0.022,0.022,0.022,3204245
CUL,20210723,0.023,0.024,0.023,0.023,1615219
CUL,20210726,0.023,0.023,0.022,0.022,800000
CUL,20210727,0.022,0.022,0.021,0.021,2444351
CUL,20210728,0.022,0.023,0.022,0.022,1714807
CUL,20210729,0.022,0.022,0.021,0.021,1077499
CUL,20210730,0.022,0.022,0.021,0.022,1322817
CUL,20210802,0.022,0.024,0.022,0.023,5051121
CUL,20210803,0.022,0.022,0.022,0.022,1247245
CUL,20210804,0.022,0.022,0.022,0.022,100000
CUL,20210805,0.022,0.022,0.022,0.022,150000
CUL,20210806,0.022,0.022,0.021,0.022,523455
CUL,20210809,0.021,0.021,0.02,0.02,5320451
CUL,20210810,0.02,0.02,0.02,0.02,423986
CUL,20210811,0.02,0.02,0.019,0.02,2411107
CUL,20210812,0.019,0.019,0.018,0.019,3582562
CUL,20210813,0.02,0.02,0.02,0.02,890902
CUL,20210819,0.019,0.019,0.019,0.019,52366
CUL,20210820,0.019,0.019,0.018,0.018,2129514
CUL,20210823,0.019,0.019,0.018,0.018,350200
CUL,20210824,0.018,0.018,0.018,0.018,500000
CUL,20210825,0.018,0.018,0.017,0.017,4148111
CUL,20210826,0.017,0.017,0.017,0.017,1364488
CUL,20210827,0.016,0.016,0.016,0.016,553041
CUL,20210830,0.017,0.017,0.016,0.017,1862000
CUL,20210831,0.017,0.017,0.017,0.017,475000
CUL,20210901,0.016,0.016,0.016,0.016,464083
CUL,20210902,0.016,0.016,0.016,0.016,0
CUL,20210903,0.016,0.016,0.016,0.016,45742
CUL,20210906,0.016,0.017,0.016,0.017,695959
CUL,20210907,0.017,0.017,0.016,0.016,13562
CUL,20210908,0.016,0.017,0.016,0.017,579145
CUL,20210909,0.017,0.017,0.016,0.016,190785
CUL,20210910,0.016,0.017,0.016,0.017,1321885
CUL,20210913,0.017,0.017,0.017,0.017,0
CUL,20210914,0.017,0.017,0.017,0.017,0
CUL,20210915,0.017,0.017,0.017,0.017,0
CUL,20210916,0.023,0.026,0.019,0.022,22793391
CUL,20210917,0.022,0.022,0.02,0.021,6043917
CUL,20210920,0.02,0.021,0.018,0.018,5983542
CUL,20210922,0.02,0.021,0.02,0.021,1435354
CUL,20210923,0.021,0.022,0.02,0.02,855364
CUL,20210924,0.02,0.021,0.02,0.021,952524
CUL,20210927,0.02,0.02,0.018,0.02,2718921
CUL,20210928,0.019,0.019,0.019,0.019,803960
CUL,20210929,0.019,0.019,0.017,0.017,5013962
CUL,20210930,0.018,0.018,0.017,0.017,328100
CUL,20211001,0.018,0.018,0.017,0.017,1676343
CUL,20211004,0.018,0.019,0.018,0.019,530391
CUL,20211005,0.019,0.019,0.018,0.018,942324
CUL,20211006,0.018,0.018,0.018,0.018,515496
CUL,20211007,0.018,0.018,0.018,0.018,17303
CUL,20211008,0.018,0.018,0.018,0.018,518036
CUL,20211011,0.018,0.018,0.018,0.018,213203
CUL,20211012,0.018,0.018,0.018,0.018,213203
CUL,20211013,0.018,0.018,0.018,0.018,1784273
CUL,20211014,0.018,0.018,0.018,0.018,119322
CUL,20211019,0.018,0.018,0.018,0.018,2370
CUL,20211020,0.018,0.018,0.018,0.018,376760
CUL,20211021,0.019,0.019,0.019,0.019,455253
CUL,20211022,0.019,0.019,0.019,0.019,40261
CUL,20211025,0.019,0.019,0.019,0.019,100000
CUL,20211026,0.019,0.019,0.019,0.019,124721
CUL,20211028,0.019,0.019,0.019,0.019,16000
CUL,20211029,0.019,0.019,0.019,0.019,0
CUL,20211101,0.02,0.02,0.019,0.019,70354
CUL,20211102,0.019,0.019,0.018,0.019,1091674
CUL,20211103,0.019,0.019,0.019,0.019,0
CUL,20211104,0.018,0.019,0.018,0.019,36379
CUL,20211105,0.018,0.018,0.018,0.018,16667
CUL,20211109,0.02,0.02,0.019,0.02,401514
CUL,20211110,0.019,0.019,0.019,0.019,158000
CUL,20211112,0.019,0.019,0.019,0.019,1
CUL,20211115,0.019,0.019,0.019,0.019,78077
CUL,20211116,0.019,0.019,0.019,0.019,0
CUL,20211117,0.018,0.018,0.018,0.018,240000
CUL,20211118,0.019,0.019,0.019,0.019,100000
CUL,20211119,0.019,0.019,0.019,0.019,0
CUL,20211122,0.018,0.018,0.017,0.017,3384030
CUL,20211123,0.018,0.018,0.018,0.018,28
CUL,20211124,0.018,0.018,0.018,0.018,0
CUL,20211125,0.017,0.017,0.017,0.017,1363
CUL,20211126,0.017,0.017,0.017,0.017,18181
CUL,20211129,0.017,0.017,0.017,0.017,583962
CUL,20211130,0.017,0.017,0.017,0.017,64989
CUL,20211201,0.017,0.017,0.017,0.017,311155
CUL,20211202,0.017,0.017,0.016,0.016,1427983
CUL,20211203,0.016,0.016,0.016,0.016,1133399
CUL,20211206,0.016,0.016,0.016,0.016,18576
CUL,20211207,0.016,0.016,0.016,0.016,148659
CUL,20211208,0.016,0.016,0.016,0.016,0
CUL,20211209,0.016,0.017,0.016,0.017,1581320
CUL,20211210,0.017,0.017,0.017,0.017,29429
CUL,20211213,0.017,0.017,0.017,0.017,0
CUL,20211214,0.016,0.016,0.016,0.016,160590
CUL,20211216,0.016,0.016,0.016,0.016,332727
CUL,20211217,0.017,0.017,0.017,0.017,25266
CUL,20211220,0.016,0.016,0.016,0.016,325500
CUL,20211221,0.016,0.016,0.016,0.016,100000
CUL,20211222,0.016,0.016,0.016,0.016,152454
CUL,20211223,0.016,0.016,0.016,0.016,0
CUL,20211224,0.017,0.017,0.017,0.017,281939
CUL,20211229,0.017,0.017,0.017,0.017,0
CUL,20211230,0.017,0.017,0.017,0.017,0
CUL,20211231,0.017,0.017,0.016,0.016,993984
CUL,20220104,0.016,0.017,0.016,0.017,435384
CUL,20220105,0.016,0.016,0.016,0.016,127829
CUL,20220106,0.016,0.016,0.016,0.016,100000
CUL,20220107,0.017,0.017,0.016,0.016,707822
CUL,20220110,0.016,0.018,0.016,0.018,2010108
CUL,20220111,0.018,0.018,0.018,0.018,120526
CUL,20220112,0.018,0.019,0.018,0.018,312478
CUL,20220113,0.018,0.018,0.018,0.018,700000
CUL,20220114,0.018,0.018,0.018,0.018,873382
CUL,20220117,0.018,0.019,0.018,0.019,546641
CUL,20220118,0.019,0.019,0.018,0.018,1085065
CUL,20220119,0.018,0.018,0.018,0.018,0
CUL,20220120,0.018,0.018,0.018,0.018,380517
CUL,20220121,0.019,0.019,0.019,0.019,788230
CUL,20220124,0.019,0.019,0.019,0.019,0
CUL,20220125,0.018,0.018,0.017,0.017,2314196
CUL,20220127,0.017,0.017,0.015,0.015,2442382
CUL,20220128,0.015,0.015,0.015,0.015,0
CUL,20220131,0.016,0.016,0.016,0.016,6
CUL,20220201,0.016,0.016,0.016,0.016,100000
CUL,20220202,0.017,0.017,0.016,0.016,343032
CUL,20220203,0.016,0.016,0.016,0.016,0
CUL,20220204,0.016,0.016,0.016,0.016,9545
CUL,20220207,0.016,0.016,0.016,0.016,10000
CUL,20220208,0.016,0.016,0.016,0.016,100000
CUL,20220209,0.016,0.016,0.014,0.014,3254052
CUL,20220210,0.015,0.015,0.015,0.015,541689
CUL,20220211,0.015,0.015,0.015,0.015,109378
CUL,20220214,0.015,0.015,0.015,0.015,0
CUL,20220215,0.015,0.015,0.015,0.015,0
CUL,20220216,0.016,0.016,0.014,0.014,2360475
CUL,20220217,0.014,0.014,0.014,0.014,910000
CUL,20220218,0.015,0.015,0.014,0.014,943617
CUL,20220221,0.015,0.015,0.015,0.015,11418
CUL,20220222,0.014,0.014,0.014,0.014,250000
CUL,20220223,0.014,0.014,0.014,0.014,0
CUL,20220224,0.014,0.014,0.014,0.014,700000
CUL,20220225,0.014,0.014,0.014,0.014,675954
CUL,20220228,0.014,0.014,0.014,0.014,112682
CUL,20220301,0.013,0.014,0.013,0.013,431506
CUL,20220302,0.013,0.013,0.013,0.013,11000
CUL,20220303,0.013,0.013,0.013,0.013,909
CUL,20220304,0.013,0.013,0.013,0.013,1938154
CUL,20220307,0.013,0.013,0.013,0.013,145901
CUL,20220308,0.013,0.013,0.013,0.013,0
CUL,20220309,0.013,0.013,0.013,0.013,0
CUL,20220310,0.012,0.012,0.012,0.012,92424
CUL,20220311,0.012,0.012,0.012,0.012,7407
CUL,20220314,0.012,0.012,0.012,0.012,0
CUL,20220315,0.013,0.013,0.013,0.013,245476
CUL,20220316,0,0,0,0,0
CUL,20220317,0.013,0.013,0.013,0.013,0
CUL,20220318,0.013,0.013,0.013,0.013,0
CUL,20220321,0.013,0.014,0.013,0.013,188714
CUL,20220322,0.014,0.014,0.013,0.013,70356
CUL,20220323,0.014,0.014,0.014,0.014,37000
CUL,20220324,0.013,0.013,0.013,0.013,897649
CUL,20220325,0.013,0.013,0.013,0.013,0
CUL,20220328,0.013,0.013,0.013,0.013,1133334
CUL,20220329,0.014,0.016,0.014,0.016,4661316
CUL,20220330,0.016,0.016,0.014,0.014,1966965
CUL,20220331,0.015,0.016,0.015,0.016,2060132
CUL,20220401,0.015,0.016,0.015,0.016,1350564
CUL,20220404,0.016,0.016,0.015,0.016,2827358
CUL,20220405,0.017,0.017,0.016,0.017,637200
CUL,20220406,0.017,0.018,0.017,0.018,4101453
CUL,20220407,0.02,0.022,0.02,0.02,3072307
CUL,20220408,0.021,0.021,0.019,0.019,2007919
CUL,20220411,0.019,0.019,0.017,0.017,771324
CUL,20220412,0.018,0.019,0.018,0.019,1184912
CUL,20220413,0.017,0.018,0.017,0.018,204450
CUL,20220414,0.018,0.018,0.018,0.018,0
CUL,20220419,0.019,0.019,0.019,0.019,52632
CUL,20220420,0.021,0.021,0.019,0.019,59450
CUL,20220421,0.021,0.021,0.019,0.019,59450
CUL,20220422,0.017,0.018,0.017,0.018,721212
CUL,20220426,0.019,0.019,0.018,0.018,11479
CUL,20220427,0.021,0.021,0.019,0.019,6058230
CUL,20220428,0.019,0.022,0.019,0.022,5084874
CUL,20220429,0.022,0.022,0.019,0.019,2056605
CUL,20220502,0.02,0.02,0.019,0.019,1785666
CUL,20220503,0.019,0.019,0.017,0.017,1515941
CUL,20220504,0.018,0.019,0.017,0.017,831387
CUL,20220505,0.018,0.018,0.018,0.018,407250
CUL,20220506,0.017,0.018,0.017,0.017,1963257
CUL,20220509,0.017,0.018,0.017,0.018,1751928
CUL,20220510,0.016,0.016,0.016,0.016,338628
CUL,20220511,0.017,0.017,0.017,0.017,1400249
CUL,20220512,0.017,0.017,0.017,0.017,143000
CUL,20220513,0.017,0.017,0.017,0.017,6751
CUL,20220516,0.017,0.017,0.017,0.017,388405
CUL,20220517,0.017,0.017,0.017,0.017,502727
CUL,20220518,0.017,0.018,0.017,0.018,972753
CUL,20220519,0.018,0.019,0.017,0.018,1923751
CUL,20220520,0.018,0.018,0.018,0.018,607444
CUL,20220523,0.019,0.019,0.018,0.018,446279
CUL,20220524,0.018,0.018,0.018,0.018,140802
CUL,20220525,0.017,0.017,0.017,0.017,946872
CUL,20220526,0.017,0.017,0.017,0.017,0
CUL,20220527,0.018,0.018,0.017,0.017,130529
CUL,20220530,0.017,0.017,0.016,0.017,120663
CUL,20220531,0.017,0.017,0.017,0.017,58602
CUL,20220601,0.016,0.017,0.016,0.016,218376
CUL,20220602,0.017,0.018,0.017,0.018,104467
CUL,20220603,0.017,0.017,0.017,0.017,104277
CUL,20220606,0.017,0.017,0.017,0.017,301515
CUL,20220607,0.017,0.017,0.015,0.015,1530996
CUL,20220608,0.015,0.015,0.015,0.015,1086672
CUL,20220609,0.015,0.016,0.015,0.016,424960
CUL,20220610,0.016,0.016,0.015,0.015,917330
CUL,20220614,0.015,0.015,0.014,0.014,657104
CUL,20220615,0.014,0.015,0.014,0.015,150395
CUL,20220616,0.015,0.015,0.015,0.015,205399
CUL,20220617,0.015,0.015,0.015,0.015,100681
CUL,20220620,0.014,0.014,0.014,0.014,55555
CUL,20220621,0.014,0.014,0.014,0.014,0
CUL,20220622,0.014,0.014,0.013,0.013,106045
CUL,20220623,0.013,0.013,0.012,0.012,792649
CUL,20220624,0.012,0.013,0.012,0.013,477041
CUL,20220627,0.013,0.013,0.013,0.013,113636
CUL,20220628,0.013,0.013,0.013,0.013,680909
CUL,20220629,0.013,0.013,0.013,0.013,659454
CUL,20220630,0.013,0.013,0.012,0.012,1200704
CUL,20220701,0.012,0.012,0.012,0.012,14234
CUL,20220704,0.012,0.012,0.012,0.012,0
CUL,20220705,0.012,0.012,0.012,0.012,0
CUL,20220706,0.013,0.013,0.013,0.013,43377
CUL,20220707,0.013,0.013,0.013,0.013,5000
CUL,20220708,0.013,0.013,0.013,0.013,173700
CUL,20220711,0.013,0.013,0.013,0.013,0
CUL,20220712,0.013,0.013,0.013,0.013,0
CUL,20220713,0.013,0.013,0.013,0.013,10762
CUL,20220714,0.013,0.013,0.013,0.013,0
CUL,20220715,0.014,0.014,0.014,0.014,42899
CUL,20220718,0.013,0.013,0.013,0.013,50000
CUL,20220719,0.014,0.014,0.014,0.014,207101
CUL,20220720,0.015,0.015,0.015,0.015,33352
CUL,20220721,0.014,0.014,0.013,0.014,50000
CUL,20220722,0.014,0.014,0.014,0.014,0
CUL,20220725,0.014,0.014,0.014,0.014,0
CUL,20220726,0.014,0.014,0.014,0.014,0
CUL,20220727,0.014,0.014,0.014,0.014,60732
CUL,20220728,0.014,0.014,0.014,0.014,70000
CUL,20220729,0.014,0.014,0.014,0.014,2141679
CUL,20220801,0.014,0.014,0.014,0.014,90908
CUL,20220802,0.014,0.015,0.014,0.015,489931
CUL,20220803,0.014,0.014,0.014,0.014,260606
CUL,20220805,0.014,0.014,0.014,0.014,53828
CUL,20220808,0.014,0.014,0.014,0.014,112500
CUL,20220809,0.014,0.015,0.015,0.014,33337
CUL,20220810,0.014,0.014,0.014,0.014,108824
CUL,20220811,0.014,0.014,0.014,0.014,24848
CUL,20220812,0.014,0.015,0.013,0.013,282000
CUL,20220815,0.014,0.014,0.014,0.014,503427
CUL,20220816,0.014,0.014,0.014,0.014,302300
CUL,20220817,0.014,0.014,0.014,0.014,367221
CUL,20220818,0.014,0.014,0.014,0.014,18478
CUL,20220819,0.014,0.014,0.014,0.014,0
CUL,20220822,0.014,0.015,0.015,0.014,100000
CUL,20220823,0.014,0.015,0.015,0.014,0
CUL,20220824,0.015,0.015,0.015,0.015,343222
CUL,20220825,0.014,0.014,0.014,0.014,10227
CUL,20220826,0.014,0.015,0.014,0.015,170000
CUL,20220829,0.013,0.013,0.013,0.013,45454
CUL,20220830,0.013,0.013,0.013,0.013,0
CUL,20220831,0.013,0.013,0.013,0.013,0
CUL,20220901,0.014,0.014,0.014,0.014,170273
CUL,20220902,0.014,0.014,0.014,0.014,473014
CUL,20220905,0.014,0.015,0.014,0.014,197147
CUL,20220906,0.014,0.014,0.014,0.014,472635
CUL,20220907,0.014,0.014,0.014,0.014,0
CUL,20220909,0.014,0.014,0.014,0.014,0
CUL,20220912,0.014,0.016,0.014,0.016,204544
CUL,20220913,0.016,0.017,0.014,0.014,1040181
CUL,20220914,0.015,0.015,0.015,0.015,100000
CUL,20220915,0.016,0.016,0.016,0.016,113637
CUL,20220916,0.016,0.016,0.016,0.016,0
