DCN,20160212,1.25,1.27,1.22,1.26,1629947
DCN,20160215,1.27,1.28,1.18,1.18,287947
DCN,20160216,1.14,1.19,1.08,1.16,394337
DCN,20160217,1.18,1.25,1.17,1.2,147188
DCN,20160218,1.25,1.33,1.25,1.31,335701
DCN,20160219,1.36,1.5,1.36,1.43,938786
DCN,20160222,1.43,1.495,1.43,1.485,443726
DCN,20160223,1.495,1.5,1.44,1.48,1071534
DCN,20160224,1.5,1.62,1.48,1.605,1008020
DCN,20160225,1.67,1.67,1.55,1.6,338044
DCN,20160226,1.62,1.64,1.57,1.58,205690
DCN,20160229,1.58,1.59,1.535,1.58,194102
DCN,20160301,1.58,1.6,1.55,1.6,144537
DCN,20160302,1.6,1.6,1.55,1.555,149890
DCN,20160303,1.56,1.6,1.55,1.59,285642
DCN,20160304,1.62,1.74,1.62,1.74,651511
DCN,20160307,1.74,1.74,1.68,1.71,249953
DCN,20160308,1.72,1.73,1.65,1.65,116994
DCN,20160309,1.68,1.68,1.61,1.61,156701
DCN,20160310,1.59,1.6,1.555,1.6,233245
DCN,20160311,1.65,1.7,1.65,1.655,668549
DCN,20160314,1.655,1.69,1.6,1.69,298182
DCN,20160315,1.6,1.625,1.59,1.59,78357
DCN,20160316,1.6,1.65,1.6,1.61,40432
DCN,20160317,1.65,1.71,1.65,1.71,638398
DCN,20160318,1.7,1.77,1.7,1.75,1168947
DCN,20160321,1.73,1.74,1.64,1.705,47633
DCN,20160322,1.73,1.8,1.71,1.77,643235
DCN,20160323,1.8,1.9,1.69,1.75,276451
DCN,20160324,1.685,1.71,1.63,1.65,202527
DCN,20160329,1.6,1.6,1.525,1.6,397112
DCN,20160330,1.63,1.69,1.605,1.655,56950
DCN,20160331,1.62,1.68,1.62,1.68,534800
DCN,20160401,1.68,1.75,1.68,1.73,209569
DCN,20160404,1.73,1.76,1.695,1.75,86650
DCN,20160405,1.77,1.795,1.715,1.745,302760
DCN,20160406,1.725,1.77,1.725,1.765,577062
DCN,20160407,1.75,1.85,1.75,1.82,195313
DCN,20160408,1.845,1.85,1.78,1.78,127767
DCN,20160411,1.8,1.86,1.79,1.85,266507
DCN,20160412,1.9,2.08,1.9,1.99,380621
DCN,20160413,2.02,2.09,1.97,1.98,316715
DCN,20160414,1.96,1.995,1.92,1.95,124380
DCN,20160415,1.95,1.95,1.9,1.94,78907
DCN,20160418,1.95,2.01,1.95,2,361136
DCN,20160419,2,2,1.86,1.92,191342
DCN,20160420,1.95,1.98,1.875,1.895,151548
DCN,20160421,1.9,1.95,1.9,1.945,11672
DCN,20160422,1.95,1.97,1.94,1.94,279555
DCN,20160426,1.96,1.97,1.79,1.91,138223
DCN,20160427,1.92,1.925,1.88,1.88,31106
DCN,20160428,1.91,1.96,1.91,1.945,606445
DCN,20160429,1.97,1.975,1.945,1.95,299522
DCN,20160502,2,2.08,2,2.05,428171
DCN,20160503,2.06,2.1,2.02,2.06,338526
DCN,20160504,2.06,2.06,2.01,2.01,199567
DCN,20160505,2,2.04,1.96,2.01,93360
DCN,20160506,2.08,2.15,2.04,2.1,608880
DCN,20160509,2.1,2.1,2.05,2.08,397841
DCN,20160510,2.06,2.1,1.99,2.03,96564
DCN,20160511,2.03,2.04,2,2,82003
DCN,20160512,2.01,2.09,2,2.08,1537494
DCN,20160513,2.08,2.13,2.05,2.08,171275
DCN,20160516,2.12,2.18,2.09,2.16,82003
DCN,20160517,2.2,2.25,2.17,2.21,203549
DCN,20160518,2.18,2.22,2.14,2.22,58257
DCN,20160519,2.17,2.18,2.09,2.12,94812
DCN,20160520,2.14,2.2,2.09,2.16,62966
DCN,20160523,2.17,2.19,2.13,2.14,68519
DCN,20160524,2.15,2.16,2.05,2.07,222849
DCN,20160525,2.04,2.09,1.96,2.08,419378
DCN,20160526,2.05,2.07,1.91,1.98,844621
DCN,20160527,1.97,1.98,1.93,1.96,175513
DCN,20160530,1.96,1.985,1.84,1.91,334602
DCN,20160531,1.825,1.88,1.825,1.86,354584
DCN,20160601,1.93,2.05,1.93,2.02,580581
DCN,20160602,1.98,2.02,1.975,2,241295
DCN,20160603,1.99,2.1,1.99,2.07,213628
DCN,20160606,2.16,2.23,2.16,2.22,355474
DCN,20160607,2.23,2.45,2.23,2.37,284314
DCN,20160608,2.37,2.39,2.35,2.39,105510
DCN,20160609,2.39,2.62,2.39,2.45,292002
DCN,20160610,2.47,2.5,2.41,2.42,36754
DCN,20160614,2.45,2.56,2.45,2.55,119924
DCN,20160615,2.52,2.57,2.45,2.5,123410
DCN,20160616,2.57,2.63,2.49,2.52,727933
DCN,20160617,2.51,2.62,2.46,2.57,346603
DCN,20160620,2.57,2.57,2.37,2.45,194475
DCN,20160621,2.4,2.475,2.36,2.45,311839
DCN,20160622,2.37,2.4,2.25,2.35,197989
DCN,20160623,2.25,2.4,2.25,2.35,83470
DCN,20160624,2.32,2.69,2.32,2.56,228798
DCN,20160627,2.63,2.78,2.6,2.69,554035
DCN,20160628,2.75,3.05,2.75,2.83,746503
DCN,20160629,2.93,3,2.9,2.96,232854
DCN,20160630,2.95,2.95,2.85,2.9,281613
DCN,20160701,2.93,3.05,2.92,3.04,367827
DCN,20160704,3.05,3.2,3.05,3.12,1369230
DCN,20160705,3.16,3.3,3.15,3.22,608601
DCN,20160706,3.26,3.38,3.26,3.3,534293
DCN,20160707,3.42,3.55,3.42,3.49,308792
DCN,20160708,3.55,3.65,3.5,3.54,530796
DCN,20160711,3.56,3.59,3.49,3.5,426793
DCN,20160712,3.5,3.55,3.36,3.45,226945
DCN,20160713,3.49,3.59,3.32,3.55,446801
DCN,20160714,3.64,3.65,3.535,3.57,642710
DCN,20160715,3.55,3.55,3.37,3.43,334146
DCN,20160718,3.38,3.43,3.38,3.41,349226
DCN,20160719,3.4,3.49,3.38,3.42,264035
DCN,20160720,3.42,3.49,3.35,3.37,228055
DCN,20160721,3.37,3.37,3.22,3.28,729414
DCN,20160722,3.3,3.35,3.23,3.28,198976
DCN,20160725,3.12,3.43,3.11,3.38,158200
DCN,20160726,3.39,3.64,3.27,3.6,178254
DCN,20160727,3.67,3.72,3.57,3.58,423138
DCN,20160728,3.64,3.7,3.55,3.64,416328
DCN,20160729,3.64,3.83,3.64,3.83,348455
DCN,20160801,3.89,4,3.83,3.95,257154
DCN,20160802,3.98,4,3.75,3.75,249131
DCN,20160803,3.79,3.9,3.78,3.85,214914
DCN,20160804,3.85,3.88,3.75,3.83,154052
DCN,20160805,3.83,3.94,3.805,3.89,223165
DCN,20160808,3.85,3.85,3.69,3.74,162165
DCN,20160809,3.74,3.75,3.68,3.72,135591
DCN,20160810,3.74,3.79,3.72,3.75,351925
DCN,20160811,3.75,3.75,3.63,3.69,296170
DCN,20160812,3.68,3.68,3.57,3.62,400882
DCN,20160815,3.57,3.57,3.44,3.48,333820
DCN,20160816,3.45,3.45,3.28,3.36,482819
DCN,20160817,3.35,3.45,3.32,3.39,279217
DCN,20160818,3.39,3.67,3.38,3.65,370589
DCN,20160822,3.52,3.66,3.44,3.63,225905
DCN,20160823,3.6,3.6,3.52,3.56,119316
DCN,20160824,3.58,3.59,3.49,3.53,81292
DCN,20160825,3.44,3.47,3.37,3.38,201026
DCN,20160826,3.37,3.41,3.31,3.38,242685
DCN,20160829,3.38,3.41,3.19,3.26,251176
DCN,20160830,3.25,3.34,3.22,3.31,232739
DCN,20160831,3.19,3.35,3.09,3.3,157551
DCN,20160901,3.24,3.415,3.24,3.37,148104
DCN,20160902,3.42,3.56,3.37,3.43,515166
DCN,20160905,3.46,3.7,3.46,3.54,307874
DCN,20160906,3.61,3.7,3.54,3.64,142023
DCN,20160907,3.79,3.93,3.78,3.79,461023
DCN,20160908,3.79,3.82,3.69,3.76,1074309
DCN,20160909,3.68,3.69,3.61,3.68,124195
DCN,20160912,3.5,3.59,3.5,3.55,85325
DCN,20160913,3.6,3.73,3.6,3.69,417482
DCN,20160914,3.67,3.75,3.63,3.72,275513
DCN,20160915,3.76,3.95,3.76,3.94,1340550
DCN,20160916,3.9,3.91,3.79,3.8,2560499
DCN,20160919,3.75,3.75,3.64,3.64,71534
DCN,20160920,3.6,3.61,3.32,3.42,348534
DCN,20160921,3.44,3.44,3.24,3.24,347239
DCN,20160922,3.35,3.44,3.34,3.39,162336
DCN,20160923,3.39,3.48,3.28,3.31,176019
DCN,20160926,3.25,3.3,3.25,3.25,108900
DCN,20160927,3.35,3.45,3.26,3.35,200706
DCN,20160928,3.25,3.37,3.24,3.33,237821
DCN,20160929,3.36,3.45,3.34,3.44,546832
DCN,20160930,3.46,3.58,3.43,3.57,155675
DCN,20161003,3.58,3.66,3.57,3.62,125101
DCN,20161004,3.55,3.55,3.38,3.47,985104
DCN,20161005,3.24,3.26,3.15,3.15,1053326
DCN,20161006,3.25,3.25,3.17,3.24,323427
DCN,20161007,3.23,3.23,3.145,3.17,565763
DCN,20161010,3.16,3.37,3.16,3.31,1033385
DCN,20161011,3.31,3.36,3.26,3.29,179551
DCN,20161012,3.29,3.34,3.19,3.26,113248
DCN,20161013,3.25,3.35,3.18,3.33,96789
DCN,20161014,3.3,3.35,3.295,3.3,231676
DCN,20161017,3.3,3.355,3.27,3.3,113503
DCN,20161018,3.27,3.33,3.27,3.3,122150
DCN,20161019,3.31,3.4,3.31,3.31,89872
DCN,20161020,3.32,3.39,3.31,3.33,99193
DCN,20161021,3.33,3.51,3.32,3.51,207010
DCN,20161024,3.56,3.56,3.36,3.44,352283
DCN,20161025,3.48,3.49,3.35,3.4,209992
DCN,20161026,3.4,3.42,3.225,3.29,428858
DCN,20161027,3.29,3.48,3.22,3.37,411007
DCN,20161028,3.43,3.43,3.32,3.39,220276
DCN,20161031,3.4,3.46,3.37,3.44,121108
DCN,20161101,3.46,3.49,3.4,3.42,93110
DCN,20161102,3.46,3.51,3.38,3.46,312915
DCN,20161103,3.43,3.46,3.41,3.42,177131
DCN,20161104,3.46,3.46,3.38,3.4,192893
DCN,20161107,3.4,3.44,3.1,3.2,441286
DCN,20161108,3.2,3.285,3.14,3.16,171067
DCN,20161109,3.22,3.5,3.15,3.45,976805
DCN,20161110,3.38,3.58,3.2,3.54,387942
DCN,20161111,3.53,3.53,3.16,3.24,420211
DCN,20161114,3.15,3.21,3.04,3.17,496464
DCN,20161115,3.15,3.21,3.14,3.17,311154
DCN,20161116,3.28,3.285,3.2,3.25,287541
DCN,20161117,3.27,3.3,3.17,3.25,189065
DCN,20161118,3.22,3.24,3.11,3.15,310531
DCN,20161121,3.13,3.15,2.97,3.07,1272257
DCN,20161122,3.06,3.1,2.915,2.96,467317
DCN,20161123,3,3.08,2.96,3.07,891343
DCN,20161124,2.9,2.95,2.75,2.8,424165
DCN,20161125,2.76,2.84,2.56,2.77,517939
DCN,20161128,2.77,2.97,2.77,2.97,316449
DCN,20161129,2.97,2.97,2.97,2.97,0
DCN,20161130,2.97,2.97,2.97,2.97,0
DCN,20161201,2.97,2.97,2.97,2.97,0
DCN,20161202,2.97,2.97,2.97,2.97,0
DCN,20161205,2.97,2.97,2.97,2.97,0
DCN,20161206,2.3,2.3,2.11,2.21,1739097
DCN,20161207,2.22,2.38,2.22,2.31,637997
DCN,20161208,2.39,2.41,2.28,2.37,410615
DCN,20161209,2.37,2.45,2.36,2.42,192805
DCN,20161212,2.41,2.44,2.22,2.23,359353
DCN,20161213,2.3,2.37,2.28,2.32,99631
DCN,20161214,2.34,2.34,2.15,2.18,253791
DCN,20161215,2.16,2.17,1.935,1.94,629951
DCN,20161216,1.935,1.935,1.825,1.855,313569
DCN,20161219,1.985,1.985,1.915,1.945,443377
DCN,20161220,1.95,1.995,1.95,1.96,103187
DCN,20161221,2.02,2.15,2.02,2.04,439049
DCN,20161222,2.03,2.06,1.885,1.92,313119
DCN,20161223,1.92,1.94,1.885,1.9,120321
DCN,20161228,1.945,2,1.92,1.945,97347
DCN,20161229,1.92,2.03,1.92,2,227847
DCN,20161230,2.08,2.13,2.04,2.06,271710
DCN,20170103,2.07,2.2,2.07,2.18,237818
DCN,20170104,2.21,2.44,2.21,2.36,564673
DCN,20170105,2.45,2.555,2.37,2.46,490857
DCN,20170106,2.53,2.57,2.47,2.49,371493
DCN,20170109,2.49,2.55,2.45,2.47,202088
DCN,20170110,2.48,2.52,2.4,2.42,178346
DCN,20170111,2.43,2.46,2.3,2.36,257453
DCN,20170112,2.32,2.39,2.26,2.33,249819
DCN,20170113,2.26,2.37,2.22,2.27,213217
DCN,20170116,2.26,2.45,2.26,2.45,239818
DCN,20170117,2.4,2.59,2.4,2.57,378797
DCN,20170118,2.6,2.65,2.59,2.63,378202
DCN,20170119,2.59,2.63,2.55,2.57,241571
DCN,20170120,2.55,2.64,2.55,2.61,280024
DCN,20170123,2.61,2.63,2.58,2.61,330278
DCN,20170124,2.62,2.63,2.49,2.6,430694
DCN,20170125,2.6,2.6,2.41,2.5,115921
DCN,20170127,2.45,2.48,2.35,2.4,172091
DCN,20170130,2.41,2.46,2.36,2.41,152674
DCN,20170131,2.42,2.42,2.26,2.33,203880
DCN,20170201,2.41,2.42,2.33,2.4,348341
DCN,20170202,2.42,2.5,2.29,2.39,379763
DCN,20170203,2.4,2.44,2.3,2.36,327147
DCN,20170206,2.39,2.48,2.26,2.3,487863
DCN,20170207,2.33,2.5,2.33,2.48,533673
DCN,20170208,2.49,2.51,2.39,2.47,1193873
DCN,20170209,2.52,2.6,2.47,2.48,374567
DCN,20170210,2.45,2.52,2.41,2.47,482966
DCN,20170213,2.48,2.49,2.36,2.39,349553
DCN,20170214,2.39,2.45,2.33,2.33,783858
DCN,20170215,2.33,2.39,2.29,2.3,267343
DCN,20170216,2.3,2.3,2.23,2.25,268591
DCN,20170217,2.25,2.32,2.25,2.3,405086
DCN,20170220,2.27,2.33,2.22,2.23,537013
DCN,20170221,2.23,2.32,2.22,2.27,154321
DCN,20170222,2.27,2.27,2.27,2.27,0
DCN,20170223,2.27,2.27,2.27,2.27,0
DCN,20170224,2.2,2.235,2.11,2.12,1160193
DCN,20170227,2.12,2.12,2.03,2.05,628220
DCN,20170228,2.05,2.06,1.98,2,766138
DCN,20170301,2,2.005,1.95,1.95,645463
DCN,20170302,1.98,2.04,1.97,2,626751
DCN,20170303,1.98,1.98,1.902,1.94,784813
DCN,20170306,1.94,1.955,1.9,1.9,1554573
DCN,20170307,1.91,1.91,1.805,1.865,736602
DCN,20170308,1.9,1.94,1.89,1.89,906095
DCN,20170309,1.94,1.94,1.87,1.885,536287
DCN,20170310,1.9,1.9,1.84,1.855,585200
DCN,20170313,1.935,1.94,1.865,1.935,555774
DCN,20170314,1.945,1.96,1.885,1.9,232990
DCN,20170315,1.885,1.91,1.83,1.855,339730
DCN,20170316,1.91,1.94,1.9,1.925,668429
DCN,20170317,1.925,1.99,1.925,1.99,611101
DCN,20170320,2,2.05,1.985,2.04,579638
DCN,20170321,2.05,2.1,2,2.04,2625752
DCN,20170322,2.03,2.07,1.935,1.99,969588
DCN,20170323,1.96,2.01,1.89,1.95,1343761
DCN,20170324,1.98,1.98,1.915,1.94,94954
DCN,20170327,1.965,2.01,1.965,2,964573
DCN,20170328,2,2.005,1.91,1.92,186545
DCN,20170329,1.95,1.99,1.915,1.975,225807
DCN,20170330,1.98,1.985,1.93,1.93,249665
DCN,20170331,1.95,1.99,1.93,1.98,221595
DCN,20170403,1.99,2.01,1.96,1.995,190459
DCN,20170404,1.985,2.01,1.955,1.97,537716
DCN,20170405,1.975,2.01,1.96,1.97,572762
DCN,20170406,1.975,1.99,1.92,1.93,668735
DCN,20170407,1.925,2.04,1.915,2.01,803103
DCN,20170410,1.99,2.01,1.96,1.98,161072
DCN,20170411,1.98,1.985,1.94,1.965,217919
DCN,20170412,1.98,2.01,1.955,1.98,561627
DCN,20170413,1.985,2.03,1.975,2.01,377581
DCN,20170418,2.01,2.04,1.925,1.955,222372
DCN,20170419,1.95,1.955,1.77,1.835,1886065
DCN,20170420,1.85,1.875,1.8,1.805,382280
DCN,20170421,1.82,1.845,1.742,1.79,554990
DCN,20170424,1.79,1.82,1.745,1.79,227582
DCN,20170426,1.76,1.79,1.67,1.685,439020
DCN,20170427,1.69,1.785,1.69,1.74,356136
DCN,20170428,1.74,1.74,1.68,1.68,608049
DCN,20170501,1.69,1.75,1.685,1.7,5392468
DCN,20170502,1.67,1.685,1.53,1.55,1054580
DCN,20170503,1.575,1.62,1.505,1.52,542187
DCN,20170504,1.52,1.555,1.5,1.53,681972
DCN,20170505,1.55,1.56,1.5,1.545,663295
DCN,20170508,1.555,1.58,1.55,1.56,171090
DCN,20170509,1.595,1.605,1.55,1.605,290256
DCN,20170510,1.58,1.63,1.575,1.605,545754
DCN,20170511,1.61,1.64,1.562,1.58,734454
DCN,20170512,1.58,1.68,1.58,1.64,223057
DCN,20170515,1.705,1.73,1.655,1.695,602762
DCN,20170516,1.725,1.75,1.695,1.7,1656635
DCN,20170517,1.75,1.8,1.732,1.765,854091
DCN,20170518,1.82,1.83,1.775,1.79,735971
DCN,20170519,1.79,1.8,1.76,1.79,340218
DCN,20170522,1.81,1.92,1.81,1.88,612349
DCN,20170523,1.93,1.97,1.91,1.94,793561
DCN,20170524,1.93,1.945,1.827,1.85,840533
DCN,20170525,1.87,1.915,1.825,1.85,775332
DCN,20170526,1.89,1.9,1.845,1.85,477104
DCN,20170529,1.9,1.97,1.88,1.9,372000
DCN,20170530,1.9,1.94,1.88,1.9,349506
DCN,20170531,1.92,1.95,1.885,1.93,263013
DCN,20170601,1.91,1.935,1.885,1.885,572283
DCN,20170602,1.915,1.915,1.865,1.89,108762
DCN,20170605,1.9,2.05,1.9,2.04,663761
DCN,20170606,2.05,2.1,2,2.02,340551
DCN,20170607,2.09,2.22,2.06,2.11,786447
DCN,20170608,2.1,2.12,2.02,2.02,455154
DCN,20170609,2.05,2.05,1.96,1.965,321124
DCN,20170613,1.975,1.975,1.87,1.88,383660
DCN,20170614,1.95,1.95,1.89,1.905,257874
DCN,20170615,1.89,1.905,1.832,1.85,520779
DCN,20170616,1.85,1.915,1.82,1.86,757239
DCN,20170619,1.87,1.87,1.82,1.83,136674
DCN,20170620,1.82,1.84,1.805,1.82,597150
DCN,20170621,1.82,1.895,1.817,1.84,733602
DCN,20170622,1.865,1.925,1.85,1.925,394192
DCN,20170623,1.94,1.94,1.86,1.89,254778
DCN,20170626,1.91,1.94,1.89,1.925,212477
DCN,20170627,1.93,1.93,1.885,1.93,210291
DCN,20170628,1.89,2,1.89,1.96,304474
DCN,20170629,1.95,2.03,1.95,1.99,385680
DCN,20170630,2,2.05,1.955,1.98,426489
DCN,20170703,1.99,2.01,1.957,1.97,548483
DCN,20170704,1.94,1.97,1.88,1.905,343747
DCN,20170705,1.915,1.995,1.9,1.965,209350
DCN,20170706,1.965,1.99,1.95,1.98,226617
DCN,20170707,1.95,1.965,1.902,1.915,140509
DCN,20170710,1.9,1.9,1.86,1.865,181343
DCN,20170711,1.87,1.9,1.85,1.85,213022
DCN,20170712,1.86,1.89,1.84,1.89,301521
DCN,20170713,1.9,1.955,1.9,1.94,224493
DCN,20170714,1.95,1.975,1.92,1.965,189817
DCN,20170717,1.97,1.98,1.91,1.91,82126
DCN,20170718,1.92,1.955,1.88,1.94,137245
DCN,20170719,1.93,1.96,1.88,1.94,321800
DCN,20170720,1.92,1.92,1.9,1.91,54634
DCN,20170721,1.905,1.93,1.895,1.905,76572
DCN,20170724,1.93,1.97,1.91,1.92,65495
DCN,20170725,1.9,1.94,1.89,1.9,63676
DCN,20170726,1.915,1.97,1.905,1.955,156808
DCN,20170727,1.965,1.98,1.9,1.97,114341
DCN,20170728,1.95,1.99,1.945,1.975,205774
DCN,20170731,1.97,2.01,1.96,1.965,153759
DCN,20170801,1.99,2.1,1.97,2.1,213567
DCN,20170802,2.1,2.1,1.99,2.03,373157
DCN,20170803,2.03,2.05,2.015,2.05,244084
DCN,20170804,2.06,2.08,2.02,2.07,300050
DCN,20170807,2.08,2.15,2.06,2.12,193743
DCN,20170808,2.16,2.26,2.13,2.18,695230
DCN,20170809,2.18,2.2,2.1,2.13,474417
DCN,20170810,2.15,2.22,2.13,2.14,3545522
DCN,20170811,2.17,2.2,2.13,2.17,271000
DCN,20170815,2.13,2.18,2.11,2.14,431533
DCN,20170816,2.13,2.14,2.1,2.11,152143
DCN,20170817,2.14,2.15,2.095,2.13,181826
DCN,20170818,2.13,2.18,2.1,2.18,169864
DCN,20170821,2.17,2.19,2.1,2.1,462426
DCN,20170822,2.14,2.15,2.07,2.08,291487
DCN,20170823,2.08,2.11,2.06,2.08,115727
DCN,20170824,2.07,2.15,2.05,2.11,545823
DCN,20170825,2.11,2.15,2.09,2.13,127637
DCN,20170828,2.13,2.28,2.12,2.27,240142
DCN,20170829,2.3,2.38,2.3,2.33,397286
DCN,20170830,2.32,2.33,2.24,2.29,310924
DCN,20170831,2.28,2.28,2.205,2.23,235471
DCN,20170901,2.25,2.29,2.24,2.27,209380
DCN,20170904,2.32,2.35,2.27,2.32,266898
DCN,20170905,2.34,2.34,2.3,2.31,75798
DCN,20170906,2.31,2.365,2.3,2.35,207258
DCN,20170907,2.35,2.35,2.25,2.28,163332
DCN,20170908,2.29,2.33,2.17,2.21,299778
DCN,20170911,2.21,2.25,2.16,2.18,251762
DCN,20170912,2.16,2.19,2.13,2.13,237472
DCN,20170913,2.13,2.17,2.13,2.14,181729
DCN,20170914,2.17,2.17,2.12,2.14,196147
DCN,20170915,2.15,2.25,2.14,2.23,561685
DCN,20170918,2.26,2.28,2.18,2.2,250115
DCN,20170919,2.2,2.25,2.18,2.24,333164
DCN,20170920,2.23,2.27,2.19,2.19,430961
DCN,20170921,2.18,2.19,2.12,2.14,808542
DCN,20170922,2.16,2.18,2.11,2.13,424093
DCN,20170925,2.14,2.17,2.13,2.15,2132368
DCN,20170926,2.19,2.19,2.14,2.15,115663
DCN,20170927,2.15,2.19,2.05,2.06,307190
DCN,20170928,2.12,2.12,2.02,2.03,229606
DCN,20170929,2.05,2.1,1.985,2,163458
DCN,20171002,2,2,1.95,1.98,206329
DCN,20171003,2,2.02,1.95,1.97,195428
DCN,20171004,1.99,2.03,1.975,2.01,461617
DCN,20171005,2,2.04,1.99,1.995,218626
DCN,20171006,2.01,2.03,2,2.01,836933
DCN,20171009,2.04,2.12,2.02,2.1,695215
DCN,20171010,2.09,2.11,2.07,2.1,186016
DCN,20171011,2.1,2.12,2.06,2.12,449314
DCN,20171012,2.1,2.13,2.1,2.1,180430
DCN,20171013,2.14,2.16,2.12,2.16,264593
DCN,20171016,2.16,2.16,2.1,2.12,131632
DCN,20171017,2.1,2.14,2.1,2.11,199526
DCN,20171018,2.11,2.15,2.095,2.12,213287
DCN,20171019,2.12,2.16,2,2.03,589807
DCN,20171020,2.07,2.1,2.04,2.09,66360
DCN,20171023,2.1,2.12,2.06,2.08,1544273
DCN,20171024,2.07,2.09,2.05,2.08,1006873
DCN,20171025,2.09,2.1,2.06,2.06,226186
DCN,20171026,2.06,2.1,2.05,2.06,301359
DCN,20171027,2.06,2.07,2.01,2.05,1524668
DCN,20171030,2.07,2.12,2.025,2.05,162037
DCN,20171031,2.08,2.14,2.08,2.1,145340
DCN,20171101,2.09,2.11,2.05,2.08,241453
DCN,20171102,2.12,2.12,2.06,2.06,105468
DCN,20171103,2.1,2.17,2.06,2.16,151137
DCN,20171106,2.16,2.16,2.08,2.08,76160
DCN,20171107,2.13,2.16,2.12,2.12,200337
DCN,20171108,2.14,2.19,2.1,2.12,174426
DCN,20171109,2.13,2.16,2.12,2.13,844307
DCN,20171110,2.13,2.16,2.12,2.13,844307
DCN,20171113,2.18,2.22,2.15,2.18,1260623
DCN,20171114,2.22,2.25,2.21,2.24,801443
DCN,20171115,2.24,2.27,2.23,2.24,206017
DCN,20171116,2.27,2.35,2.25,2.35,986416
DCN,20171117,2.36,2.36,2.28,2.28,440725
DCN,20171120,2.31,2.38,2.22,2.27,525911
DCN,20171121,2.25,2.29,2.2,2.25,798859
DCN,20171122,2.28,2.36,2.26,2.31,352174
DCN,20171123,2.36,2.45,2.36,2.38,610284
DCN,20171124,2.45,2.54,2.445,2.51,685090
DCN,20171127,2.57,2.66,2.5,2.64,514909
DCN,20171128,2.67,2.69,2.47,2.48,597883
DCN,20171129,2.51,2.53,2.47,2.53,260220
DCN,20171130,2.52,2.54,2.44,2.45,281137
DCN,20171201,2.44,2.55,2.43,2.52,151823
DCN,20171204,2.56,2.68,2.56,2.59,414665
DCN,20171205,2.58,2.65,2.52,2.54,249764
DCN,20171206,2.57,2.62,2.51,2.54,521560
DCN,20171207,2.53,2.54,2.49,2.49,130061
DCN,20171208,2.48,2.57,2.465,2.51,375039
DCN,20171211,2.51,2.51,2.48,2.48,140338
DCN,20171212,2.51,2.51,2.47,2.47,94426
DCN,20171213,2.47,2.51,2.47,2.51,83881
DCN,20171214,2.51,2.62,2.49,2.62,215527
DCN,20171215,2.63,2.66,2.55,2.56,292690
DCN,20171218,2.58,2.67,2.58,2.6,635875
DCN,20171219,2.63,2.66,2.59,2.63,362856
DCN,20171220,2.63,2.65,2.56,2.62,311295
DCN,20171221,2.62,2.65,2.6,2.63,461177
DCN,20171222,2.63,2.65,2.62,2.62,423204
DCN,20171227,2.66,2.86,2.66,2.86,402297
DCN,20171228,2.85,2.87,2.79,2.8,307599
DCN,20171229,2.83,2.835,2.77,2.8,93855
DCN,20180102,2.83,3.06,2.83,3.06,346624
DCN,20180103,3.15,3.18,3.02,3.04,438268
DCN,20180104,3.02,3.03,2.92,2.99,403664
DCN,20180105,2.99,2.99,2.95,2.96,289675
DCN,20180108,2.96,3,2.95,2.98,215710
DCN,20180109,3,3,2.96,2.98,229598
DCN,20180110,2.96,3,2.95,2.96,175640
DCN,20180111,3.01,3.02,2.91,2.92,516796
DCN,20180112,2.95,3.01,2.94,3,431409
DCN,20180115,3.05,3.07,2.98,3,368432
DCN,20180116,2.99,3.01,2.94,2.99,606373
DCN,20180117,3,3,2.82,2.89,239106
DCN,20180118,2.89,3.05,2.87,2.97,245874
DCN,20180119,2.95,2.98,2.86,2.93,159993
DCN,20180122,2.93,2.96,2.845,2.86,328629
DCN,20180123,2.86,2.93,2.81,2.91,178242
DCN,20180124,2.89,2.92,2.83,2.83,102216
DCN,20180125,2.89,3,2.87,3,251637
DCN,20180129,3,3.01,2.88,2.89,189089
DCN,20180130,2.87,2.87,2.71,2.83,445908
DCN,20180131,2.82,2.85,2.71,2.74,326507
DCN,20180201,2.8,2.86,2.77,2.78,262961
DCN,20180202,2.78,2.9,2.77,2.8,347676
DCN,20180205,2.73,2.74,2.66,2.68,363381
DCN,20180207,2.6,2.75,2.6,2.71,292394
DCN,20180208,2.73,2.76,2.65,2.69,148444
DCN,20180209,2.66,2.76,2.65,2.7,323562
DCN,20180212,2.66,2.7,2.645,2.65,192082
DCN,20180213,2.68,2.76,2.68,2.76,100375
DCN,20180214,2.86,2.95,2.79,2.82,613702
DCN,20180215,2.9,2.95,2.82,2.83,306256
DCN,20180216,2.91,2.91,2.82,2.86,231465
DCN,20180219,2.86,2.9,2.835,2.84,124985
DCN,20180220,2.83,2.83,2.7,2.75,307129
DCN,20180221,2.71,2.815,2.68,2.68,232541
DCN,20180222,2.7,2.73,2.61,2.61,172997
DCN,20180223,2.63,2.73,2.63,2.68,84409
DCN,20180226,2.71,2.74,2.66,2.68,182971
DCN,20180227,2.7,2.74,2.68,2.68,143602
DCN,20180228,2.67,2.69,2.63,2.63,181132
DCN,20180301,2.68,2.79,2.63,2.78,363521
DCN,20180302,2.78,2.9,2.7,2.86,317983
DCN,20180305,2.86,3.05,2.82,3.05,474826
DCN,20180306,3.03,3.13,2.91,3.09,545431
DCN,20180307,3.1,3.18,3,3,477262
DCN,20180308,3.01,3.14,2.92,3.04,521180
DCN,20180309,3.04,3.04,2.93,2.95,292150
DCN,20180312,3,3.02,2.93,3,240757
DCN,20180313,2.98,2.98,2.88,2.94,899007
DCN,20180314,2.97,3.05,2.92,3.05,663940
DCN,20180315,3.05,3.1,3.01,3.09,1672554
DCN,20180316,3.09,3.09,3.01,3.06,3863799
DCN,20180319,3.07,3.09,3.03,3.06,249617
DCN,20180320,3.05,3.2,3.05,3.15,607874
DCN,20180321,3.15,3.15,3.05,3.07,130735
DCN,20180322,3.1,3.12,3.06,3.06,159269
DCN,20180323,3.06,3.14,3.04,3.13,598530
DCN,20180326,3.13,3.2,3.13,3.15,254461
DCN,20180327,3.15,3.19,3.08,3.12,311356
DCN,20180328,3.1,3.1,3.03,3.05,282256
DCN,20180329,3.03,3.04,2.91,2.94,357860
DCN,20180403,3.09,3.11,3,3.09,628343
DCN,20180404,3.09,3.17,3.07,3.1,217213
DCN,20180405,3.09,3.15,3.06,3.1,455699
DCN,20180406,3.15,3.185,3.11,3.17,729865
DCN,20180409,3.19,3.19,3.14,3.15,540113
DCN,20180410,3.16,3.18,3.09,3.1,647046
DCN,20180411,3.06,3.1,3.03,3.04,475805
DCN,20180412,3.01,3.08,2.97,3,1055673
DCN,20180413,3,3.015,2.95,2.98,1002443
DCN,20180416,3.01,3.05,2.95,2.95,209772
DCN,20180417,2.95,2.98,2.91,2.92,369463
DCN,20180418,2.92,2.94,2.84,2.87,818753
DCN,20180419,2.96,2.96,2.9,2.94,175629
DCN,20180420,2.95,2.97,2.84,2.84,771988
DCN,20180423,2.84,2.9,2.83,2.85,180563
DCN,20180424,2.82,2.83,2.74,2.77,282010
DCN,20180426,2.76,2.87,2.76,2.84,114228
DCN,20180427,2.84,2.89,2.82,2.86,138535
DCN,20180430,2.87,2.87,2.83,2.85,125169
DCN,20180501,2.81,2.9,2.795,2.83,314156
DCN,20180502,2.82,2.9,2.8,2.89,112105
DCN,20180503,2.9,2.98,2.9,2.98,201677
DCN,20180504,3,3.02,2.94,2.98,505916
DCN,20180507,2.98,3,2.94,2.96,1257859
DCN,20180508,2.95,3,2.86,2.86,238114
DCN,20180509,2.92,3,2.92,2.99,321132
DCN,20180510,2.94,2.98,2.93,2.97,203422
DCN,20180511,2.95,3,2.93,3,173312
DCN,20180514,2.99,2.99,2.86,2.95,145867
DCN,20180515,2.96,2.97,2.86,2.93,120778
DCN,20180516,2.9,2.9,2.84,2.89,141151
DCN,20180517,2.91,2.93,2.8,2.81,133581
DCN,20180518,2.83,2.88,2.79,2.81,90638
DCN,20180521,2.8,2.875,2.765,2.8,298794
DCN,20180522,2.79,2.84,2.79,2.8,165708
DCN,20180523,2.8,2.89,2.8,2.88,118095
DCN,20180524,2.88,2.89,2.86,2.86,60862
DCN,20180525,2.86,2.96,2.85,2.86,141127
DCN,20180528,2.9,2.9,2.78,2.78,104160
DCN,20180529,2.79,2.8,2.72,2.75,126561
DCN,20180530,2.79,2.88,2.79,2.83,104848
DCN,20180531,2.85,2.88,2.82,2.88,86037
DCN,20180601,2.9,2.94,2.87,2.9,80875
DCN,20180604,2.88,2.93,2.83,2.86,117864
DCN,20180605,2.87,2.9,2.84,2.87,20328
DCN,20180606,2.87,2.92,2.86,2.87,102514
DCN,20180607,2.88,2.96,2.88,2.93,229425
DCN,20180608,2.88,2.92,2.85,2.86,63644
DCN,20180612,2.86,2.9,2.79,2.8,226877
DCN,20180613,2.79,2.81,2.76,2.76,148458
DCN,20180614,2.76,2.775,2.72,2.76,195883
DCN,20180615,2.79,2.845,2.78,2.78,189286
DCN,20180618,2.73,2.77,2.67,2.73,192737
DCN,20180619,2.73,2.75,2.67,2.67,61917
DCN,20180620,2.68,2.73,2.62,2.64,67516
DCN,20180621,2.65,2.68,2.51,2.53,544401
DCN,20180622,2.55,2.61,2.55,2.55,170626
DCN,20180625,2.6,2.66,2.6,2.64,235907
DCN,20180626,2.67,2.69,2.65,2.68,119416
DCN,20180627,2.69,2.74,2.65,2.66,119330
DCN,20180628,2.7,2.74,2.67,2.74,82787
DCN,20180629,2.79,2.88,2.75,2.85,133078
DCN,20180702,2.9,2.9,2.85,2.87,144755
DCN,20180703,2.87,2.91,2.78,2.78,226882
DCN,20180704,2.83,2.85,2.76,2.76,177461
DCN,20180705,2.75,2.77,2.67,2.74,166911
DCN,20180706,2.76,2.96,2.76,2.93,278574
DCN,20180710,3,3.06,2.99,3.01,602344
DCN,20180711,3.01,3.01,3.01,3.01,0
DCN,20180712,3.01,3.01,3.01,3.01,0
DCN,20180713,2.88,2.95,2.83,2.9,1501970
DCN,20180716,2.92,2.95,2.84,2.87,594090
DCN,20180717,2.87,2.89,2.85,2.85,56384
DCN,20180718,2.85,2.9,2.85,2.88,717336
DCN,20180719,2.88,2.92,2.855,2.87,659624
DCN,20180720,2.89,2.9,2.86,2.89,180803
DCN,20180723,2.86,2.9,2.835,2.84,122803
DCN,20180724,2.84,2.85,2.76,2.76,286941
DCN,20180725,2.76,2.77,2.74,2.76,364203
DCN,20180726,2.75,2.81,2.72,2.78,680579
DCN,20180727,2.77,2.87,2.77,2.82,304594
DCN,20180730,2.86,2.91,2.83,2.86,80243
DCN,20180731,2.91,2.98,2.87,2.94,177286
DCN,20180801,2.96,3.01,2.88,2.89,591392
DCN,20180802,2.85,2.89,2.81,2.85,521203
DCN,20180803,2.81,2.85,2.76,2.8,340997
DCN,20180806,2.74,2.78,2.72,2.73,246441
DCN,20180807,2.73,2.75,2.7,2.72,639337
DCN,20180808,2.74,2.74,2.65,2.7,317967
DCN,20180809,2.69,2.735,2.64,2.68,130986
DCN,20180810,2.68,2.76,2.655,2.71,123224
DCN,20180813,2.72,2.74,2.68,2.72,215954
DCN,20180814,2.74,2.74,2.63,2.64,261753
DCN,20180816,2.49,2.49,2.35,2.38,655633
DCN,20180817,2.38,2.39,2.27,2.31,300634
DCN,20180820,2.35,2.46,2.35,2.4,1857970
DCN,20180821,2.42,2.45,2.36,2.38,379427
DCN,20180822,2.38,2.4,2.34,2.35,318340
DCN,20180823,2.4,2.4,2.34,2.36,449687
DCN,20180824,2.36,2.39,2.34,2.36,205614
DCN,20180827,2.37,2.4,2.36,2.37,275985
DCN,20180828,2.39,2.39,2.31,2.37,166365
DCN,20180829,2.38,2.43,2.36,2.41,393406
DCN,20180830,2.41,2.43,2.37,2.4,532726
DCN,20180831,2.4,2.4,2.33,2.33,119757
DCN,20180903,2.39,2.39,2.33,2.36,197256
DCN,20180904,2.36,2.38,2.32,2.34,218706
DCN,20180905,2.4,2.4,2.3,2.31,140058
DCN,20180906,2.31,2.34,2.27,2.31,293472
DCN,20180907,2.3,2.32,2.14,2.25,473349
DCN,20180910,2.25,2.34,2.245,2.34,156722
DCN,20180913,2.25,2.295,2.24,2.28,130692
DCN,20180914,2.26,2.33,2.23,2.32,193278
DCN,20180917,2.3,2.34,2.23,2.3,66978
DCN,20180918,2.35,2.38,2.26,2.32,83346
DCN,20180919,2.3,2.3,2.25,2.25,110655
DCN,20180920,2.31,2.345,2.27,2.3,249125
DCN,20180921,2.28,2.38,2.26,2.35,602389
DCN,20180924,2.39,2.39,2.29,2.31,74396
DCN,20180925,2.35,2.35,2.3,2.31,238484
DCN,20180926,2.35,2.4,2.3,2.37,217018
DCN,20180927,2.38,2.39,2.28,2.28,163237
DCN,20180928,2.28,2.29,2.22,2.23,171289
DCN,20181001,2.24,2.27,2.21,2.25,147862
DCN,20181002,2.25,2.28,2.23,2.23,81866
DCN,20181003,2.3,2.34,2.27,2.32,148840
DCN,20181004,2.31,2.31,2.26,2.26,377672
DCN,20181005,2.28,2.29,2.24,2.26,283736
DCN,20181008,2.27,2.39,2.25,2.26,560251
DCN,20181009,2.28,2.28,2.2,2.21,145514
DCN,20181010,2.24,2.24,2.12,2.15,203479
DCN,20181011,2.13,2.17,2.1,2.15,604242
DCN,20181012,2.18,2.3,2.16,2.19,583848
DCN,20181015,2.21,2.22,2.11,2.14,2095417
DCN,20181016,2.16,2.37,2.16,2.26,750707
DCN,20181017,2.28,2.29,2.24,2.26,664232
DCN,20181018,2.28,2.34,2.24,2.3,525359
DCN,20181019,2.3,2.47,2.29,2.47,251474
DCN,20181022,2.48,2.51,2.42,2.45,1128827
DCN,20181023,2.44,2.46,2.42,2.44,456846
DCN,20181024,2.45,2.5,2.39,2.4,604714
DCN,20181025,2.4,2.41,2.35,2.4,518384
DCN,20181026,2.42,2.48,2.35,2.48,378793
DCN,20181030,2.38,2.405,2.33,2.36,424459
DCN,20181031,2.35,2.42,2.29,2.39,220447
DCN,20181101,2.36,2.41,2.33,2.41,170703
DCN,20181102,2.45,2.46,2.4,2.45,146160
DCN,20181105,2.44,2.44,2.4,2.43,85701
DCN,20181106,2.43,2.43,2.4,2.41,894600
DCN,20181107,2.4,2.42,2.35,2.42,293614
DCN,20181108,2.41,2.44,2.38,2.4,124001
DCN,20181109,2.41,2.48,2.4,2.48,171677
DCN,20181112,2.45,2.45,2.4,2.42,153490
DCN,20181113,2.4,2.41,2.3,2.31,302711
DCN,20181114,2.29,2.3,2.2,2.24,288571
DCN,20181115,2.29,2.31,2.2,2.22,136361
DCN,20181116,2.25,2.32,2.21,2.27,181688
DCN,20181119,2.33,2.34,2.25,2.26,129770
DCN,20181120,2.25,2.3,2.245,2.25,779784
DCN,20181121,2.24,2.28,2.235,2.25,249861
DCN,20181122,2.27,2.27,2.18,2.24,201390
DCN,20181123,2.25,2.26,2.18,2.18,365369
DCN,20181126,2.21,2.26,2.14,2.14,246394
DCN,20181127,2.19,2.19,2.09,2.11,251404
DCN,20181128,2.12,2.12,1.965,2.05,859583
DCN,20181129,2.04,2.06,1.99,2.01,219363
DCN,20181130,2.03,2.08,2.01,2.08,799025
DCN,20181203,2.07,2.07,2,2,327236
DCN,20181204,2.05,2.08,2.01,2.03,691606
DCN,20181205,2.05,2.12,2.03,2.06,656409
DCN,20181206,2.04,2.04,1.955,2,782763
DCN,20181207,2,2.01,1.965,1.985,533226
DCN,20181210,2.04,2.12,2.02,2.04,1250174
DCN,20181211,2.04,2.04,2,2.02,291536
DCN,20181212,2.01,2.04,1.99,2.01,1667161
DCN,20181213,2.03,2.06,2,2,1181693
DCN,20181214,2,2.05,1.995,2.01,561450
DCN,20181217,2.01,2.14,2.01,2.09,1633911
DCN,20181218,2.15,2.17,2.06,2.12,1919800
DCN,20181219,2.18,2.25,2.16,2.22,520573
DCN,20181220,2.2,2.23,2.15,2.17,885048
DCN,20181221,2.21,2.33,2.21,2.32,617025
DCN,20181224,2.32,2.33,2.26,2.29,112633
DCN,20181227,2.33,2.35,2.26,2.29,236110
DCN,20181228,2.32,2.47,2.31,2.47,279797
DCN,20181231,2.47,2.5,2.43,2.5,332570
DCN,20190102,2.52,2.55,2.52,2.54,154548
DCN,20190103,2.54,2.7,2.54,2.7,691477
DCN,20190104,2.72,2.82,2.66,2.72,877846
DCN,20190107,2.6,2.645,2.53,2.61,205199
DCN,20190108,2.64,2.64,2.5,2.54,293518
DCN,20190109,2.56,2.56,2.35,2.44,327161
DCN,20190110,2.5,2.55,2.46,2.51,373182
DCN,20190111,2.5,2.52,2.48,2.5,227165
DCN,20190114,2.51,2.54,2.45,2.47,243200
DCN,20190115,2.5,2.53,2.46,2.52,151121
DCN,20190116,2.52,2.52,2.43,2.45,118145
DCN,20190117,2.47,2.47,2.42,2.42,89015
DCN,20190118,2.44,2.44,2.39,2.39,732692
DCN,20190121,2.37,2.38,2.31,2.32,430353
DCN,20190122,2.31,2.345,2.3,2.3,4900970
DCN,20190123,2.33,2.35,2.27,2.31,2874793
DCN,20190124,2.35,2.35,2.29,2.33,183548
DCN,20190125,2.34,2.35,2.28,2.35,169380
DCN,20190129,2.5,2.55,2.42,2.51,414709
DCN,20190130,2.58,2.65,2.46,2.57,1235284
DCN,20190131,2.61,2.62,2.54,2.6,462348
DCN,20190201,2.62,2.62,2.53,2.54,817514
DCN,20190204,2.55,2.57,2.51,2.53,163994
DCN,20190205,2.54,2.55,2.505,2.51,148162
DCN,20190206,2.52,2.52,2.495,2.52,167918
DCN,20190207,2.52,2.6,2.515,2.58,450146
DCN,20190208,2.59,2.62,2.55,2.56,445357
DCN,20190211,2.55,2.59,2.55,2.57,132387
DCN,20190212,2.57,2.575,2.54,2.55,477908
DCN,20190213,2.59,2.6,2.55,2.6,253751
DCN,20190214,2.59,2.61,2.555,2.6,1694419
DCN,20190215,2.61,2.705,2.6,2.7,978137
DCN,20190218,2.74,2.79,2.72,2.73,503486
DCN,20190219,2.7,2.73,2.61,2.67,527088
DCN,20190220,2.74,2.8,2.72,2.78,428895
DCN,20190221,2.79,2.805,2.68,2.73,422165
DCN,20190222,2.72,2.8,2.66,2.74,233989
DCN,20190225,2.75,2.83,2.74,2.81,219603
DCN,20190226,2.8,2.83,2.75,2.83,299320
DCN,20190227,2.8,2.88,2.8,2.81,287062
DCN,20190228,2.81,2.83,2.775,2.82,264661
DCN,20190301,2.82,2.82,2.76,2.78,452441
DCN,20190304,2.65,2.65,2.57,2.6,534483
DCN,20190305,2.58,2.58,2.51,2.51,398456
DCN,20190306,2.53,2.59,2.53,2.57,221865
DCN,20190307,2.56,2.59,2.545,2.56,181826
DCN,20190308,2.55,2.61,2.55,2.6,144226
DCN,20190311,2.65,2.75,2.65,2.72,607580
DCN,20190312,2.72,2.75,2.7,2.75,328707
DCN,20190313,2.78,2.79,2.71,2.73,290070
DCN,20190314,2.73,2.78,2.73,2.74,1028529
DCN,20190315,2.71,2.72,2.54,2.56,859869
DCN,20190318,2.58,2.59,2.52,2.54,377614
DCN,20190319,2.52,2.53,2.41,2.47,962977
DCN,20190320,2.52,2.52,2.42,2.45,296586
DCN,20190321,2.45,2.45,2.45,2.45,0
DCN,20190322,2.45,2.45,2.45,2.45,0
DCN,20190325,2.15,2.33,2.05,2.27,3918069
DCN,20190326,2.29,2.37,2.255,2.28,932319
DCN,20190327,2.28,2.43,2.28,2.43,849352
DCN,20190328,2.43,2.61,2.425,2.58,1169555
DCN,20190329,2.52,2.52,2.42,2.43,664947
DCN,20190401,2.45,2.45,2.37,2.42,420373
DCN,20190402,2.38,2.38,2.29,2.31,558777
DCN,20190403,2.3,2.3,2.255,2.28,561209
DCN,20190404,2.33,2.34,2.28,2.33,270037
DCN,20190405,2.34,2.36,2.28,2.31,546283
DCN,20190408,2.31,2.33,2.29,2.31,129429
DCN,20190409,2.33,2.33,2.24,2.28,286155
DCN,20190410,2.3,2.38,2.3,2.35,418956
DCN,20190411,2.39,2.41,2.33,2.35,639081
DCN,20190412,2.3,2.335,2.24,2.32,349022
DCN,20190415,2.3,2.3,2.24,2.24,440783
DCN,20190416,2.26,2.26,2.22,2.24,406261
DCN,20190417,2.18,2.18,2.13,2.18,532386
DCN,20190418,2.15,2.17,2.1,2.1,278674
DCN,20190423,2.1,2.1,2.04,2.06,596278
DCN,20190424,2.07,2.17,2.045,2.15,1372307
DCN,20190426,2.17,2.18,2.1,2.1,351325
DCN,20190429,2.11,2.16,2.04,2.07,1772338
DCN,20190430,2.06,2.06,1.955,1.97,1936026
DCN,20190501,1.97,2,1.95,1.95,604326
DCN,20190502,1.94,1.952,1.91,1.95,319080
DCN,20190503,1.95,1.95,1.84,1.9,645417
DCN,20190506,1.95,1.975,1.91,1.92,398903
DCN,20190507,1.88,1.9,1.84,1.85,1479563
DCN,20190508,1.84,1.85,1.765,1.83,2379542
DCN,20190509,1.825,1.83,1.77,1.79,929484
DCN,20190510,1.79,1.79,1.745,1.755,1076426
DCN,20190513,1.77,1.795,1.752,1.77,654362
DCN,20190514,1.82,1.875,1.8,1.81,1016255
DCN,20190515,1.83,1.855,1.79,1.825,1140185
DCN,20190516,1.84,1.84,1.78,1.785,399991
DCN,20190517,1.765,1.765,1.695,1.695,990557
DCN,20190520,1.69,1.7,1.615,1.67,1656511
DCN,20190521,1.665,1.665,1.615,1.62,893263
DCN,20190522,1.62,1.71,1.62,1.68,1978930
DCN,20190523,1.675,1.68,1.635,1.65,444824
DCN,20190524,1.68,1.725,1.67,1.69,565140
DCN,20190527,1.72,1.73,1.64,1.655,761384
DCN,20190528,1.65,1.655,1.61,1.62,409685
DCN,20190529,1.62,1.62,1.55,1.555,564634
DCN,20190530,1.55,1.59,1.53,1.545,1164731
DCN,20190531,1.575,1.61,1.56,1.585,1527873
DCN,20190603,1.585,1.585,1.585,1.585,0
DCN,20190604,1.585,1.585,1.585,1.585,0
DCN,20190605,1,1.05,0.515,0.515,44275007
DCN,20190606,0.505,0.56,0.42,0.44,25644832
DCN,20190607,0.45,0.455,0.375,0.38,28890418
DCN,20190611,0.405,0.507,0.39,0.49,17841906
DCN,20190612,0.515,0.515,0.425,0.445,7356838
DCN,20190613,0.455,0.49,0.455,0.455,4007094
DCN,20190614,0.465,0.47,0.44,0.445,2548507
DCN,20190617,0.455,0.55,0.45,0.55,6024943
DCN,20190618,0.565,0.565,0.51,0.535,4207011
DCN,20190619,0.54,0.56,0.52,0.545,2532165
DCN,20190620,0.62,0.65,0.59,0.59,6477380
DCN,20190621,0.625,0.64,0.59,0.59,6905878
DCN,20190624,0.615,0.625,0.6,0.6,3860156
DCN,20190625,0.61,0.615,0.565,0.565,4524600
DCN,20190626,0.565,0.575,0.525,0.55,7039997
DCN,20190627,0.545,0.555,0.53,0.545,2513172
DCN,20190628,0.545,0.56,0.52,0.53,1959580
DCN,20190701,0.525,0.53,0.5,0.505,1984237
DCN,20190702,0.5,0.53,0.5,0.53,3621102
DCN,20190703,0.54,0.55,0.49,0.5,4128590
DCN,20190704,0.51,0.51,0.485,0.49,1383308
DCN,20190705,0.495,0.555,0.485,0.525,4175888
DCN,20190708,0.525,0.525,0.525,0.525,0
DCN,20190709,0.525,0.525,0.525,0.525,0
DCN,20190710,0.63,0.67,0.555,0.64,19387677
DCN,20190711,0.66,0.68,0.59,0.59,8377692
DCN,20190712,0.6,0.615,0.575,0.605,4515101
DCN,20190715,0.63,0.645,0.617,0.63,3285185
DCN,20190716,0.63,0.655,0.627,0.635,1588007
DCN,20190717,0.66,0.66,0.63,0.64,2747236
DCN,20190718,0.665,0.76,0.665,0.75,7297113
DCN,20190719,0.8,0.845,0.77,0.775,7820379
DCN,20190722,0.785,0.965,0.78,0.95,7221770
DCN,20190723,0.965,1.135,0.965,1.09,11552863
DCN,20190724,1.095,1.1,1.005,1.045,5874208
DCN,20190725,1.065,1.105,1.01,1.03,3654149
DCN,20190726,1,1.07,0.97,1.03,3586240
DCN,20190729,1.03,1.05,0.935,0.94,5663597
DCN,20190730,0.95,0.965,0.815,0.835,9050567
DCN,20190731,0.85,0.89,0.805,0.835,7059963
DCN,20190801,0.825,0.88,0.815,0.85,2371111
DCN,20190802,0.94,0.975,0.9,0.955,4768027
DCN,20190805,1.03,1.055,0.985,1.025,6282800
DCN,20190806,1.08,1.095,0.98,0.98,5502480
DCN,20190807,1,1.065,0.97,1.04,4521026
DCN,20190808,1.075,1.095,1.03,1.08,4278555
DCN,20190809,1.08,1.145,1.05,1.125,5445282
DCN,20190812,1.195,1.315,1.18,1.315,7678800
DCN,20190813,1.37,1.43,1.265,1.28,7266309
DCN,20190814,1.25,1.265,1.2,1.22,3292649
DCN,20190815,1.265,1.345,1.23,1.24,5936917
DCN,20190816,1.28,1.285,1.16,1.22,3010834
DCN,20190819,1.22,1.23,1.125,1.16,2935310
DCN,20190820,1.115,1.115,1.055,1.095,3051816
DCN,20190821,1.14,1.175,1.12,1.125,2603001
DCN,20190822,1.13,1.135,1.07,1.09,2159950
DCN,20190823,1.08,1.125,1.065,1.12,1337265
DCN,20190826,1.23,1.25,1.18,1.24,4301861
DCN,20190827,1.205,1.21,1.17,1.185,1591803
DCN,20190828,1.23,1.235,1.185,1.2,1616866
DCN,20190829,1.215,1.215,1.17,1.185,1247123
DCN,20190830,1.15,1.16,1.1,1.115,3155320
DCN,20190902,1.12,1.165,1.105,1.15,1320464
DCN,20190903,1.16,1.245,1.135,1.22,2847345
DCN,20190904,1.27,1.33,1.265,1.31,5742605
DCN,20190905,1.32,1.325,1.25,1.27,2979838
DCN,20190906,1.215,1.317,1.21,1.285,2644624
DCN,20190909,1.24,1.26,1.17,1.17,2969487
DCN,20190910,1.17,1.18,1.115,1.125,2572240
DCN,20190911,1.11,1.205,1.11,1.19,2735370
DCN,20190912,1.2,1.235,1.145,1.165,2411476
DCN,20190913,1.16,1.24,1.155,1.23,3172033
DCN,20190916,1.23,1.315,1.22,1.3,4154796
DCN,20190917,1.3,1.33,1.24,1.3,3268135
DCN,20190918,1.3,1.41,1.295,1.36,5417629
DCN,20190919,1.37,1.41,1.295,1.39,4927982
DCN,20190920,1.39,1.47,1.365,1.46,14871620
DCN,20190923,1.49,1.655,1.49,1.585,7571170
DCN,20190924,1.57,1.62,1.5,1.535,4085942
DCN,20190925,1.55,1.605,1.51,1.58,3753182
DCN,20190926,1.54,1.54,1.49,1.505,1360549
DCN,20190927,1.51,1.54,1.435,1.465,1190975
DCN,20190930,1.445,1.52,1.38,1.38,2419557
DCN,20191001,1.36,1.36,1.305,1.33,1864289
DCN,20191002,1.345,1.47,1.345,1.425,1954948
DCN,20191003,1.55,1.56,1.47,1.47,3019530
DCN,20191004,1.485,1.52,1.43,1.445,897643
DCN,20191007,1.445,1.495,1.41,1.445,812092
DCN,20191008,1.405,1.43,1.38,1.38,1067673
DCN,20191009,1.455,1.56,1.44,1.495,3576738
DCN,20191010,1.53,1.535,1.45,1.49,1554192
DCN,20191011,1.46,1.54,1.445,1.52,1395745
DCN,20191014,1.5,1.5,1.43,1.455,1550413
DCN,20191015,1.46,1.517,1.46,1.51,1294841
DCN,20191016,1.47,1.54,1.465,1.485,1508956
DCN,20191017,1.5,1.52,1.485,1.5,705393
DCN,20191018,1.51,1.585,1.495,1.505,2274986
DCN,20191021,1.515,1.57,1.515,1.545,1595075
DCN,20191022,1.53,1.545,1.48,1.52,1605694
DCN,20191023,1.51,1.61,1.51,1.585,2613061
DCN,20191024,1.6,1.62,1.48,1.51,3198614
DCN,20191025,1.54,1.57,1.51,1.53,1634490
DCN,20191028,1.58,1.585,1.52,1.53,1597553
DCN,20191029,1.52,1.535,1.485,1.505,1557214
DCN,20191030,1.5,1.555,1.49,1.51,1658382
DCN,20191031,1.51,1.51,1.442,1.46,2413057
DCN,20191101,1.5,1.52,1.462,1.465,1146001
DCN,20191104,1.46,1.52,1.455,1.5,1215766
DCN,20191105,1.495,1.55,1.46,1.53,2039070
DCN,20191106,1.48,1.495,1.45,1.465,1563006
DCN,20191107,1.46,1.515,1.46,1.515,1397384
DCN,20191108,1.45,1.465,1.39,1.415,2910954
DCN,20191111,1.39,1.44,1.36,1.38,2025515
DCN,20191112,1.37,1.4,1.36,1.38,960516
DCN,20191113,1.38,1.43,1.365,1.385,1692874
DCN,20191114,1.395,1.4,1.355,1.37,1494568
DCN,20191115,1.38,1.46,1.38,1.43,1530677
DCN,20191118,1.4,1.41,1.37,1.39,900030
DCN,20191119,1.395,1.445,1.395,1.43,967639
DCN,20191120,1.42,1.425,1.38,1.395,673058
DCN,20191121,1.39,1.415,1.375,1.385,711755
DCN,20191122,1.38,1.395,1.36,1.375,709267
DCN,20191125,1.39,1.43,1.375,1.41,1523719
DCN,20191126,1.405,1.415,1.38,1.415,667881
DCN,20191127,1.42,1.44,1.397,1.41,870145
DCN,20191128,1.4,1.43,1.39,1.39,623188
DCN,20191129,1.4,1.405,1.375,1.38,652680
DCN,20191202,1.4,1.41,1.37,1.41,2052125
DCN,20191203,1.4,1.43,1.38,1.39,976079
DCN,20191204,1.41,1.43,1.38,1.38,1328775
DCN,20191205,1.38,1.4,1.365,1.4,676759
DCN,20191206,1.4,1.405,1.375,1.38,453224
DCN,20191209,1.37,1.375,1.34,1.36,1017811
DCN,20191210,1.36,1.36,1.34,1.35,601966
DCN,20191211,1.355,1.44,1.35,1.435,2198774
DCN,20191212,1.44,1.515,1.405,1.49,2286130
DCN,20191213,1.45,1.465,1.405,1.44,1076967
DCN,20191216,1.47,1.492,1.45,1.46,687533
DCN,20191217,1.45,1.465,1.415,1.45,661535
DCN,20191218,1.45,1.455,1.42,1.445,555683
DCN,20191219,1.44,1.465,1.415,1.45,783028
DCN,20191220,1.44,1.445,1.375,1.4,2397268
DCN,20191223,1.415,1.42,1.395,1.4,1366695
DCN,20191224,1.41,1.425,1.395,1.42,826480
DCN,20191227,1.455,1.53,1.445,1.515,2940679
DCN,20191230,1.515,1.555,1.49,1.53,1394985
DCN,20191231,1.545,1.59,1.525,1.59,1411985
DCN,20200102,1.57,1.6,1.52,1.595,1083607
DCN,20200103,1.61,1.645,1.575,1.63,2310893
DCN,20200106,1.65,1.755,1.65,1.725,3348602
DCN,20200107,1.7,1.7,1.635,1.65,1879948
DCN,20200108,1.68,1.755,1.68,1.695,2695777
DCN,20200109,1.63,1.63,1.545,1.575,2439717
DCN,20200113,1.54,1.55,1.475,1.49,1623202
DCN,20200114,1.46,1.475,1.42,1.42,2673684
DCN,20200115,1.43,1.48,1.415,1.45,1959904
DCN,20200116,1.47,1.475,1.435,1.44,1396294
DCN,20200117,1.445,1.46,1.44,1.445,799170
DCN,20200120,1.445,1.465,1.405,1.415,1577275
DCN,20200121,1.43,1.47,1.405,1.445,1581302
DCN,20200122,1.445,1.465,1.395,1.41,2084157
DCN,20200123,1.405,1.445,1.4,1.41,1053251
DCN,20200124,1.42,1.425,1.395,1.4,951398
DCN,20200128,1.445,1.45,1.42,1.43,1117547
DCN,20200129,1.425,1.425,1.38,1.4,2128235
DCN,20200130,1.405,1.41,1.355,1.405,3524253
DCN,20200203,1.4,1.4,1.4,1.4,0
DCN,20200204,1.4,1.4,1.4,1.4,0
DCN,20200205,1.4,1.4,1.4,1.4,0
DCN,20200210,1.4,1.4,1.4,1.4,0
DCN,20200211,1.4,1.4,1.4,1.4,0
DCN,20200212,1.4,1.4,1.4,1.4,0
DCN,20200213,1.4,1.4,1.4,1.4,0
DCN,20200214,1.4,1.4,1.4,1.4,0
DCN,20200217,1.4,1.4,1.4,1.4,0
DCN,20200218,1.4,1.4,1.4,1.4,0
DCN,20200219,1.4,1.4,1.4,1.4,0
DCN,20200220,1.4,1.4,1.4,1.4,0
DCN,20200221,1.4,1.4,1.4,1.4,0
DCN,20200224,1.4,1.4,1.4,1.4,0
DCN,20200225,1.4,1.4,1.4,1.4,0
DCN,20200226,1.4,1.4,1.4,1.4,0
DCN,20200227,1.4,1.4,1.4,1.4,0
DCN,20200228,1.4,1.4,1.4,1.4,0
DCN,20200302,1.4,1.4,1.4,1.4,0
DCN,20200303,1.4,1.4,1.4,1.4,0
DCN,20200304,1.4,1.4,1.4,1.4,0
DCN,20200305,1.4,1.4,1.4,1.4,0
DCN,20200306,1.4,1.4,1.4,1.4,0
DCN,20200309,1.4,1.4,1.4,1.4,0
DCN,20200310,1.4,1.4,1.4,1.4,0
DCN,20200311,1.4,1.4,1.4,1.4,0
DCN,20200312,1.4,1.4,1.4,1.4,0
DCN,20200313,1.4,1.4,1.4,1.4,0
DCN,20200316,1.4,1.4,1.4,1.4,0
DCN,20200317,1.4,1.4,1.4,1.4,0
DCN,20200318,1.4,1.4,1.4,1.4,0
DCN,20200319,1.4,1.4,1.4,1.4,0
DCN,20200320,1.4,1.4,1.4,1.4,0
DCN,20200323,1.4,1.4,1.4,1.4,0
DCN,20200324,1.4,1.4,1.4,1.4,0
DCN,20200325,1.4,1.4,1.4,1.4,0
DCN,20200326,1.4,1.4,1.4,1.4,0
DCN,20200327,1.4,1.4,1.4,1.4,0
DCN,20200330,1.4,1.4,1.4,1.4,0
DCN,20200331,1.4,1.4,1.4,1.4,0
DCN,20200401,1.4,1.4,1.4,1.4,0
DCN,20200402,1.4,1.4,1.4,1.4,0
DCN,20200403,1.4,1.4,1.4,1.4,0
DCN,20200406,1.4,1.4,1.4,1.4,0
DCN,20200407,1.4,1.4,1.4,1.4,0
DCN,20200408,1.4,1.4,1.4,1.4,0
DCN,20200409,1.4,1.4,1.4,1.4,0
DCN,20200414,0.43,0.59,0.38,0.45,29095703
DCN,20200415,0.465,0.48,0.39,0.4,10094921
DCN,20200416,0.38,0.4,0.365,0.365,8617707
DCN,20200417,0.36,0.4,0.36,0.375,8693006
DCN,20200420,0.37,0.385,0.35,0.355,8881580
DCN,20200421,0.35,0.365,0.335,0.355,7727481
DCN,20200422,0.35,0.365,0.34,0.345,7526723
DCN,20200423,0.36,0.375,0.355,0.375,6936352
DCN,20200424,0.385,0.395,0.365,0.365,6726922
DCN,20200427,0.375,0.385,0.37,0.37,3691767
DCN,20200428,0.375,0.38,0.37,0.37,3852932
DCN,20200429,0.37,0.385,0.36,0.37,4966849
DCN,20200430,0.38,0.39,0.36,0.36,8322206
DCN,20200501,0.36,0.36,0.35,0.35,3907986
DCN,20200504,0.36,0.387,0.36,0.38,6606925
DCN,20200505,0.385,0.43,0.38,0.43,9066410
DCN,20200506,0.435,0.445,0.405,0.405,8305007
DCN,20200507,0.395,0.405,0.38,0.38,7460909
DCN,20200508,0.385,0.405,0.38,0.385,8113520
DCN,20200511,0.39,0.395,0.37,0.38,10538373
DCN,20200512,0.38,0.39,0.37,0.385,6043581
DCN,20200513,0.38,0.395,0.375,0.39,6035384
DCN,20200514,0.385,0.41,0.385,0.4,10540929
DCN,20200515,0.415,0.42,0.405,0.415,7771861
DCN,20200518,0.43,0.455,0.43,0.43,11548225
DCN,20200519,0.425,0.445,0.415,0.435,6185618
DCN,20200520,0.44,0.46,0.437,0.46,7115894
DCN,20200521,0.46,0.47,0.445,0.455,5623462
DCN,20200522,0.445,0.475,0.445,0.46,5927438
DCN,20200525,0.465,0.485,0.46,0.465,6856877
DCN,20200526,0.47,0.475,0.455,0.47,4737159
DCN,20200527,0.45,0.455,0.43,0.44,8147474
DCN,20200528,0.44,0.465,0.435,0.455,7579884
DCN,20200529,0.46,0.465,0.435,0.435,7253727
DCN,20200601,0.45,0.46,0.445,0.46,6935028
DCN,20200602,0.465,0.495,0.465,0.485,9968993
DCN,20200603,0.48,0.5,0.465,0.485,8083444
DCN,20200604,0.475,0.48,0.46,0.475,9559092
DCN,20200605,0.47,0.48,0.465,0.48,3307483
DCN,20200609,0.475,0.48,0.45,0.46,7757626
DCN,20200610,0.46,0.48,0.46,0.475,3568249
DCN,20200611,0.48,0.5,0.475,0.485,10298690
DCN,20200612,0.465,0.485,0.455,0.48,5507619
DCN,20200615,0.48,0.485,0.455,0.465,11220858
DCN,20200616,0.465,0.485,0.465,0.475,5716946
DCN,20200617,0.47,0.47,0.445,0.45,6688666
DCN,20200618,0.45,0.452,0.435,0.44,4566707
DCN,20200619,0.44,0.445,0.43,0.44,12816573
DCN,20200622,0.45,0.48,0.445,0.475,8521214
DCN,20200623,0.475,0.475,0.45,0.455,7208911
DCN,20200624,0.465,0.472,0.46,0.46,4934795
DCN,20200625,0.455,0.457,0.43,0.435,4554307
DCN,20200626,0.445,0.455,0.43,0.44,2192407
DCN,20200629,0.445,0.46,0.425,0.43,4427622
DCN,20200630,0.435,0.447,0.41,0.445,7803494
DCN,20200701,0.455,0.465,0.445,0.46,6520977
DCN,20200702,0.45,0.455,0.435,0.445,2594417
DCN,20200703,0.44,0.44,0.42,0.425,7812251
DCN,20200706,0.43,0.43,0.415,0.42,1784866
DCN,20200707,0.425,0.425,0.395,0.41,5382922
DCN,20200708,0.41,0.425,0.405,0.41,4889731
DCN,20200709,0.425,0.435,0.405,0.42,6583309
DCN,20200710,0.42,0.42,0.385,0.395,6560326
DCN,20200713,0.36,0.36,0.3,0.32,30778119
DCN,20200714,0.315,0.325,0.29,0.32,14713947
DCN,20200715,0.325,0.34,0.315,0.33,9184731
DCN,20200716,0.33,0.33,0.305,0.31,7390764
DCN,20200717,0.31,0.315,0.305,0.305,2118867
DCN,20200720,0.31,0.315,0.305,0.305,3276562
DCN,20200721,0.31,0.315,0.3,0.3,8214269
DCN,20200722,0.305,0.315,0.295,0.315,9352592
DCN,20200723,0.32,0.32,0.31,0.315,6095798
DCN,20200724,0.33,0.34,0.325,0.335,9978549
DCN,20200727,0.345,0.36,0.335,0.355,12964763
DCN,20200728,0.355,0.365,0.335,0.345,14192445
DCN,20200729,0.34,0.345,0.34,0.34,3307831
DCN,20200730,0.34,0.355,0.33,0.33,4039468
DCN,20200731,0.33,0.335,0.32,0.325,4564991
DCN,20200803,0.335,0.355,0.325,0.35,9222673
DCN,20200804,0.35,0.36,0.34,0.35,4305161
DCN,20200805,0.36,0.385,0.355,0.38,10775123
DCN,20200806,0.39,0.4,0.37,0.38,6593959
DCN,20200807,0.38,0.385,0.37,0.37,1600816
DCN,20200810,0.37,0.375,0.365,0.365,3046450
DCN,20200811,0.37,0.372,0.35,0.35,4600240
DCN,20200812,0.335,0.345,0.32,0.345,5803609
DCN,20200813,0.34,0.347,0.335,0.34,1725678
DCN,20200814,0.35,0.35,0.33,0.335,20513036
DCN,20200817,0.34,0.36,0.33,0.36,4499239
DCN,20200818,0.36,0.38,0.36,0.375,3661865
DCN,20200819,0.38,0.38,0.35,0.355,4627483
DCN,20200820,0.35,0.355,0.34,0.355,2100632
DCN,20200821,0.35,0.355,0.34,0.34,1227539
DCN,20200824,0.345,0.345,0.335,0.34,2654011
DCN,20200825,0.34,0.345,0.33,0.335,3687761
DCN,20200826,0.335,0.335,0.32,0.33,3385839
DCN,20200827,0.325,0.34,0.325,0.335,2320736
DCN,20200828,0.335,0.34,0.33,0.33,1678523
DCN,20200831,0.335,0.35,0.335,0.335,3430232
DCN,20200901,0.34,0.345,0.335,0.34,1266298
DCN,20200902,0.345,0.345,0.335,0.335,1331607
DCN,20200903,0.335,0.345,0.335,0.335,2042884
DCN,20200904,0.33,0.335,0.325,0.33,2767685
DCN,20200907,0.335,0.335,0.33,0.33,965116
DCN,20200908,0.33,0.335,0.325,0.325,1694617
DCN,20200909,0.325,0.335,0.325,0.325,2553073
DCN,20200910,0.335,0.35,0.335,0.335,4121300
DCN,20200911,0.335,0.335,0.32,0.325,6253364
DCN,20200914,0.325,0.33,0.32,0.325,2560626
DCN,20200915,0.325,0.34,0.32,0.34,2946251
DCN,20200916,0.34,0.345,0.335,0.34,1811390
DCN,20200917,0.34,0.36,0.335,0.35,3310654
DCN,20200918,0.35,0.365,0.34,0.34,3880167
DCN,20200921,0.35,0.36,0.345,0.345,2154555
DCN,20200922,0.335,0.345,0.335,0.335,4664145
DCN,20200923,0.335,0.34,0.33,0.335,2339444
DCN,20200924,0.33,0.33,0.315,0.325,4821847
DCN,20200925,0.33,0.335,0.32,0.33,1872741
DCN,20200928,0.325,0.33,0.325,0.33,1095803
DCN,20200929,0.335,0.335,0.325,0.325,1262007
DCN,20200930,0.33,0.34,0.33,0.34,1194227
DCN,20201001,0.34,0.34,0.33,0.33,450645
DCN,20201002,0.33,0.335,0.325,0.335,1072908
DCN,20201005,0.33,0.335,0.33,0.33,509490
DCN,20201006,0.35,0.395,0.345,0.385,14764233
DCN,20201007,0.385,0.385,0.37,0.38,3955523
DCN,20201008,0.38,0.415,0.38,0.41,5884043
DCN,20201009,0.41,0.415,0.4,0.4,2579689
DCN,20201012,0.405,0.42,0.405,0.41,2799706
DCN,20201013,0.41,0.415,0.395,0.395,2063366
DCN,20201014,0.395,0.395,0.38,0.38,2718914
DCN,20201015,0.385,0.392,0.375,0.38,4100916
DCN,20201016,0.38,0.4,0.38,0.39,1840744
DCN,20201019,0.39,0.395,0.385,0.39,1190510
DCN,20201020,0.395,0.4,0.39,0.395,1627936
DCN,20201021,0.395,0.42,0.39,0.41,3144495
DCN,20201022,0.41,0.41,0.385,0.39,2062531
DCN,20201023,0.41,0.42,0.39,0.395,2500634
DCN,20201026,0.395,0.4,0.385,0.385,2764065
DCN,20201027,0.39,0.395,0.37,0.385,2775123
DCN,20201028,0.38,0.38,0.365,0.37,1859638
DCN,20201029,0.365,0.365,0.345,0.355,2875224
DCN,20201030,0.36,0.36,0.345,0.355,2141471
DCN,20201102,0.36,0.37,0.355,0.355,1486984
DCN,20201103,0.36,0.375,0.36,0.375,736264
DCN,20201104,0.375,0.382,0.365,0.365,1450111
DCN,20201105,0.365,0.375,0.365,0.37,341363
DCN,20201106,0.39,0.395,0.38,0.38,1579071
DCN,20201109,0.385,0.405,0.385,0.395,2762366
DCN,20201110,0.37,0.38,0.365,0.365,5191126
DCN,20201111,0.37,0.372,0.355,0.355,2487175
DCN,20201112,0.355,0.355,0.345,0.35,2863519
DCN,20201113,0.35,0.355,0.345,0.35,4315689
DCN,20201116,0.35,0.355,0.345,0.345,874620
DCN,20201117,0.35,0.35,0.325,0.33,11516231
DCN,20201118,0.33,0.36,0.33,0.355,7307933
DCN,20201120,0.36,0.375,0.355,0.36,4012983
DCN,20201123,0.365,0.37,0.35,0.36,2191256
DCN,20201124,0.35,0.36,0.335,0.345,3640551
DCN,20201125,0.34,0.34,0.33,0.335,2872994
DCN,20201126,0.335,0.35,0.335,0.34,2703772
DCN,20201127,0.345,0.35,0.34,0.34,1227485
DCN,20201130,0.34,0.345,0.335,0.335,1861554
DCN,20201201,0.335,0.34,0.33,0.335,1910798
DCN,20201202,0.34,0.355,0.34,0.35,4100166
DCN,20201203,0.36,0.36,0.345,0.355,2755283
DCN,20201204,0.35,0.36,0.345,0.345,1995100
DCN,20201207,0.35,0.37,0.345,0.36,4469344
DCN,20201208,0.365,0.365,0.36,0.36,1750076
DCN,20201209,0.365,0.365,0.352,0.355,1925744
DCN,20201210,0.35,0.355,0.34,0.345,2457806
DCN,20201211,0.35,0.35,0.335,0.345,2465271
DCN,20201214,0.345,0.355,0.34,0.345,3086870
DCN,20201215,0.345,0.355,0.34,0.345,1072516
DCN,20201216,0.355,0.38,0.35,0.37,7077058
DCN,20201217,0.375,0.385,0.37,0.37,2676871
DCN,20201218,0.37,0.39,0.37,0.385,3903858
DCN,20201221,0.385,0.4,0.385,0.39,3011013
DCN,20201222,0.39,0.39,0.37,0.38,1881487
DCN,20201224,0.375,0.375,0.375,0.375,0
DCN,20201229,0.375,0.385,0.37,0.375,1806175
DCN,20201230,0.385,0.39,0.37,0.39,1465301
DCN,20201231,0.39,0.42,0.39,0.41,4313919
DCN,20210104,0.41,0.46,0.41,0.46,5716737
DCN,20210105,0.47,0.48,0.45,0.46,4508020
DCN,20210106,0.465,0.49,0.465,0.485,3183107
DCN,20210107,0.485,0.525,0.475,0.525,6275072
DCN,20210108,0.53,0.565,0.525,0.545,6551029
DCN,20210111,0.505,0.515,0.49,0.515,5199262
DCN,20210112,0.505,0.505,0.482,0.485,4079830
DCN,20210113,0.485,0.5,0.47,0.5,3181256
DCN,20210114,0.495,0.5,0.47,0.47,2327508
DCN,20210115,0.475,0.49,0.475,0.485,1586967
DCN,20210118,0.485,0.495,0.465,0.48,5079194
DCN,20210119,0.485,0.515,0.485,0.495,3773846
DCN,20210120,0.5,0.515,0.485,0.51,3004124
DCN,20210121,0.525,0.54,0.52,0.535,3094018
DCN,20210122,0.53,0.535,0.505,0.51,2910680
DCN,20210125,0.52,0.525,0.505,0.515,1762209
DCN,20210127,0.515,0.515,0.495,0.495,1900611
DCN,20210128,0.495,0.5,0.47,0.475,3216558
DCN,20210129,0.475,0.49,0.465,0.48,2364838
DCN,20210201,0.48,0.485,0.46,0.47,3122371
DCN,20210203,0.475,0.495,0.475,0.485,1935862
DCN,20210204,0.485,0.485,0.465,0.465,2265395
DCN,20210205,0.465,0.475,0.46,0.47,2205636
DCN,20210208,0.47,0.475,0.46,0.46,1672852
DCN,20210209,0.47,0.472,0.46,0.47,1151538
DCN,20210210,0.47,0.47,0.46,0.47,1816734
DCN,20210211,0.46,0.48,0.46,0.47,1753220
DCN,20210212,0.465,0.465,0.43,0.445,2734296
DCN,20210215,0.45,0.45,0.435,0.435,1347745
DCN,20210216,0.445,0.465,0.435,0.435,2773561
DCN,20210217,0.435,0.44,0.405,0.405,3325875
DCN,20210218,0.405,0.405,0.385,0.39,4151403
DCN,20210219,0.395,0.405,0.365,0.385,6750120
DCN,20210222,0.39,0.395,0.362,0.37,4767001
DCN,20210223,0.39,0.39,0.37,0.375,6139907
DCN,20210224,0.37,0.38,0.365,0.375,2968730
DCN,20210225,0.37,0.38,0.365,0.37,2872448
DCN,20210226,0.375,0.38,0.365,0.375,4254693
DCN,20210301,0.37,0.37,0.36,0.365,3616806
DCN,20210302,0.36,0.365,0.355,0.355,2601946
DCN,20210303,0.355,0.36,0.35,0.355,5517258
DCN,20210304,0.35,0.36,0.345,0.35,3869401
DCN,20210305,0.34,0.36,0.33,0.36,6193663
DCN,20210308,0.365,0.385,0.362,0.37,4581354
DCN,20210309,0.375,0.385,0.365,0.385,1783316
DCN,20210310,0.39,0.4,0.385,0.395,1999339
DCN,20210311,0.39,0.4,0.385,0.395,1999339
DCN,20210312,0.405,0.425,0.397,0.425,2997766
DCN,20210315,0.42,0.42,0.405,0.41,3828677
DCN,20210316,0.395,0.405,0.385,0.405,4119853
DCN,20210317,0.395,0.395,0.38,0.38,3226246
DCN,20210318,0.38,0.395,0.38,0.39,4817229
DCN,20210319,0.385,0.405,0.38,0.405,8778831
DCN,20210322,0.4,0.405,0.385,0.395,2924061
DCN,20210323,0.39,0.395,0.375,0.38,2916761
DCN,20210324,0.38,0.38,0.36,0.365,2414986
DCN,20210325,0.365,0.365,0.355,0.355,2083915
DCN,20210329,0.36,0.36,0.345,0.35,3131412
DCN,20210330,0.355,0.355,0.335,0.34,2563910
DCN,20210331,0.335,0.34,0.33,0.33,2640780
DCN,20210401,0.34,0.345,0.335,0.34,1252165
DCN,20210406,0.35,0.355,0.34,0.35,1718780
DCN,20210407,0.35,0.37,0.345,0.355,1762262
DCN,20210408,0.355,0.365,0.355,0.36,801148
DCN,20210409,0.37,0.382,0.365,0.37,3816290
DCN,20210412,0.37,0.375,0.35,0.35,5455190
DCN,20210413,0.355,0.365,0.35,0.35,1301202
DCN,20210414,0.36,0.38,0.355,0.365,2079443
DCN,20210415,0.37,0.385,0.37,0.38,2971760
DCN,20210416,0.385,0.395,0.38,0.385,1792264
DCN,20210419,0.39,0.4,0.385,0.4,2267003
DCN,20210420,0.395,0.41,0.39,0.41,5266030
DCN,20210421,0.395,0.405,0.39,0.4,1672197
DCN,20210422,0.405,0.415,0.4,0.415,1317724
DCN,20210423,0.41,0.41,0.405,0.41,508457
DCN,20210426,0.405,0.405,0.39,0.39,1094925
DCN,20210427,0.39,0.395,0.385,0.39,316791
DCN,20210428,0.385,0.39,0.37,0.37,1146028
DCN,20210429,0.355,0.372,0.345,0.365,3304311
DCN,20210430,0.36,0.365,0.35,0.355,1374093
DCN,20210503,0.355,0.36,0.34,0.34,1207641
DCN,20210504,0.35,0.355,0.34,0.35,1747947
DCN,20210505,0.35,0.35,0.34,0.345,1366634
DCN,20210506,0.34,0.345,0.33,0.33,1956936
DCN,20210507,0.345,0.345,0.34,0.34,1101852
DCN,20210510,0.35,0.355,0.345,0.345,803461
DCN,20210511,0.345,0.352,0.335,0.345,1770100
DCN,20210512,0.34,0.35,0.335,0.335,1681108
DCN,20210513,0.335,0.337,0.33,0.335,1431112
DCN,20210514,0.335,0.345,0.33,0.335,1196660
DCN,20210517,0.34,0.345,0.335,0.335,1770169
DCN,20210518,0.34,0.355,0.335,0.34,3228290
DCN,20210519,0.34,0.345,0.335,0.335,1179867
DCN,20210520,0.335,0.34,0.33,0.335,1534308
DCN,20210521,0.33,0.347,0.33,0.335,2355730
DCN,20210524,0.34,0.34,0.31,0.32,4704430
DCN,20210525,0.32,0.32,0.3,0.305,5729388
DCN,20210526,0.305,0.305,0.305,0.305,0
DCN,20210527,0.285,0.295,0.285,0.29,8883821
DCN,20210528,0.29,0.29,0.275,0.285,11847190
DCN,20210531,0.285,0.305,0.285,0.295,5910647
DCN,20210601,0.3,0.305,0.285,0.295,3148330
DCN,20210602,0.29,0.295,0.27,0.29,11558158
DCN,20210603,0.29,0.29,0.28,0.28,1544651
DCN,20210604,0.28,0.28,0.275,0.275,2866904
DCN,20210607,0.28,0.285,0.275,0.275,4654555
DCN,20210609,0.28,0.295,0.275,0.285,4872460
DCN,20210610,0.29,0.29,0.28,0.28,3628651
DCN,20210611,0.28,0.29,0.28,0.285,4534629
DCN,20210615,0.285,0.29,0.28,0.28,3704463
DCN,20210616,0.28,0.285,0.28,0.28,1577303
DCN,20210617,0.28,0.28,0.275,0.275,3681744
DCN,20210618,0.27,0.295,0.27,0.295,13756482
DCN,20210621,0.285,0.295,0.277,0.29,4221684
DCN,20210622,0.29,0.29,0.28,0.28,2144997
DCN,20210623,0.28,0.29,0.28,0.29,2264704
DCN,20210625,0.27,0.28,0.265,0.265,4813571
DCN,20210628,0.27,0.285,0.265,0.28,4856415
DCN,20210629,0.28,0.28,0.262,0.265,5171033
DCN,20210630,0.26,0.265,0.255,0.26,3472374
DCN,20210701,0.265,0.275,0.265,0.27,1814024
DCN,20210705,0.285,0.285,0.28,0.28,1923844
DCN,20210706,0.28,0.285,0.275,0.275,968903
DCN,20210707,0.275,0.28,0.275,0.28,1688511
DCN,20210708,0.28,0.295,0.275,0.295,4453531
DCN,20210709,0.285,0.295,0.285,0.29,1451938
DCN,20210712,0.29,0.305,0.29,0.29,2158217
DCN,20210714,0.305,0.31,0.3,0.31,2420842
DCN,20210715,0.3,0.305,0.28,0.3,12810821
DCN,20210716,0.3,0.305,0.295,0.305,3289242
DCN,20210719,0.3,0.3,0.277,0.285,4832057
DCN,20210720,0.28,0.28,0.27,0.275,5258825
DCN,20210723,0.275,0.275,0.265,0.265,567296
DCN,20210726,0.27,0.27,0.257,0.26,3449368
DCN,20210727,0.26,0.265,0.25,0.25,3444090
DCN,20210728,0.25,0.255,0.245,0.245,2208258
DCN,20210729,0.25,0.255,0.242,0.255,2813178
DCN,20210730,0.26,0.26,0.24,0.25,1967919
DCN,20210802,0.245,0.25,0.24,0.24,2064717
DCN,20210803,0.24,0.245,0.235,0.24,1865059
DCN,20210804,0.235,0.245,0.235,0.245,758039
DCN,20210805,0.24,0.245,0.235,0.235,1857563
DCN,20210806,0.24,0.245,0.235,0.245,1438711
DCN,20210809,0.235,0.24,0.232,0.235,2460267
DCN,20210810,0.235,0.24,0.235,0.235,671299
DCN,20210811,0.235,0.24,0.23,0.23,4234583
DCN,20210812,0.24,0.24,0.235,0.24,875046
DCN,20210813,0.24,0.245,0.235,0.24,2440641
DCN,20210819,0.235,0.24,0.225,0.225,2071891
DCN,20210820,0.225,0.23,0.22,0.225,3611338
DCN,20210823,0.22,0.23,0.22,0.225,938812
DCN,20210824,0.23,0.245,0.23,0.245,3047848
DCN,20210825,0.24,0.25,0.235,0.245,1190395
DCN,20210826,0.245,0.25,0.24,0.24,1288686
DCN,20210827,0.245,0.245,0.235,0.24,1683629
DCN,20210830,0.245,0.26,0.245,0.25,1900268
DCN,20210831,0.26,0.265,0.23,0.24,4513315
DCN,20210901,0.235,0.235,0.22,0.225,2363722
DCN,20210902,0.225,0.23,0.215,0.215,25286410
DCN,20210903,0.215,0.22,0.21,0.215,3364855
DCN,20210906,0.22,0.225,0.21,0.22,2727514
DCN,20210907,0.22,0.225,0.215,0.225,1904327
DCN,20210908,0.22,0.22,0.2,0.21,9434870
DCN,20210909,0.21,0.21,0.195,0.2,3563955
DCN,20210910,0.2,0.207,0.195,0.2,4819047
DCN,20210913,0.2,0.215,0.2,0.215,2862943
DCN,20210914,0.215,0.23,0.215,0.225,5149947
DCN,20210915,0.22,0.225,0.21,0.21,1513333
DCN,20210916,0.21,0.215,0.2,0.207,2908252
DCN,20210917,0.2,0.215,0.195,0.215,6928031
DCN,20210920,0.205,0.21,0.195,0.2,5071918
DCN,20210922,0.195,0.21,0.195,0.21,2069045
DCN,20210923,0.21,0.215,0.202,0.21,2172457
DCN,20210924,0.205,0.21,0.202,0.205,498799
DCN,20210927,0.205,0.21,0.2,0.21,819160
DCN,20210928,0.2,0.205,0.2,0.205,1380521
DCN,20210929,0.2,0.205,0.2,0.2,1477085
DCN,20210930,0.2,0.2,0.195,0.195,2276828
DCN,20211001,0.2,0.2,0.195,0.2,559166
DCN,20211004,0.195,0.205,0.195,0.205,3609342
DCN,20211005,0.205,0.21,0.2,0.2,1277796
DCN,20211006,0.205,0.205,0.195,0.195,616755
DCN,20211007,0.2,0.212,0.2,0.21,1691379
DCN,20211008,0.21,0.215,0.21,0.21,1788069
DCN,20211011,0.21,0.21,0.205,0.21,826094
DCN,20211012,0.21,0.21,0.205,0.21,879962
DCN,20211013,0.205,0.21,0.205,0.205,3572952
DCN,20211014,0.21,0.23,0.21,0.22,5390421
DCN,20211019,0.24,0.245,0.235,0.24,2747928
DCN,20211020,0.24,0.24,0.23,0.24,2190396
DCN,20211021,0.24,0.245,0.235,0.235,1429721
DCN,20211022,0.235,0.235,0.225,0.225,2667137
DCN,20211025,0.235,0.255,0.235,0.25,4491836
DCN,20211026,0.25,0.262,0.25,0.255,3725950
DCN,20211028,0.25,0.255,0.235,0.235,1941204
DCN,20211029,0.225,0.23,0.22,0.23,3419086
DCN,20211101,0.225,0.23,0.22,0.22,2079736
DCN,20211102,0.22,0.225,0.21,0.225,1198522
DCN,20211103,0.225,0.225,0.215,0.215,1175097
DCN,20211104,0.22,0.22,0.21,0.215,4116522
DCN,20211105,0.215,0.22,0.21,0.21,3847296
DCN,20211109,0.225,0.23,0.225,0.225,1967678
DCN,20211110,0.23,0.235,0.225,0.23,755845
DCN,20211112,0.25,0.255,0.24,0.245,3078641
DCN,20211115,0.245,0.245,0.235,0.235,2542339
DCN,20211116,0.235,0.245,0.235,0.245,869430
DCN,20211117,0.24,0.24,0.23,0.23,2119497
DCN,20211118,0.235,0.24,0.23,0.23,803860
DCN,20211119,0.232,0.245,0.232,0.235,1108381
DCN,20211122,0.235,0.235,0.225,0.225,883439
DCN,20211123,0.22,0.225,0.215,0.22,1416621
DCN,20211124,0.215,0.22,0.21,0.215,1381373
DCN,20211125,0.215,0.215,0.21,0.21,478306
DCN,20211126,0.21,0.215,0.205,0.215,2107440
DCN,20211129,0.21,0.215,0.205,0.215,698780
DCN,20211130,0.21,0.215,0.205,0.205,591427
DCN,20211201,0.21,0.21,0.202,0.205,1151309
DCN,20211202,0.205,0.205,0.205,0.205,0
DCN,20211203,0.205,0.205,0.205,0.205,0
DCN,20211206,0.18,0.195,0.167,0.17,14861107
DCN,20211207,0.175,0.18,0.165,0.17,7708464
DCN,20211208,0.17,0.18,0.17,0.18,5158171
DCN,20211209,0.18,0.18,0.165,0.165,5825164
DCN,20211210,0.165,0.172,0.165,0.17,2344124
DCN,20211213,0.17,0.17,0.165,0.165,3742514
DCN,20211214,0.165,0.17,0.16,0.165,6258373
DCN,20211216,0.165,0.165,0.155,0.16,3489464
DCN,20211217,0.165,0.175,0.162,0.165,7118642
DCN,20211220,0.17,0.175,0.165,0.165,1627357
DCN,20211221,0.165,0.175,0.165,0.17,5805837
DCN,20211222,0.17,0.18,0.17,0.175,3145687
DCN,20211223,0.175,0.195,0.175,0.19,3503875
DCN,20211224,0.19,0.2,0.185,0.19,3863444
DCN,20211229,0.19,0.195,0.185,0.185,2369065
DCN,20211230,0.19,0.195,0.185,0.19,1645569
DCN,20211231,0.19,0.195,0.19,0.19,767103
DCN,20220104,0.19,0.2,0.19,0.195,2521347
DCN,20220105,0.2,0.21,0.2,0.21,2464098
DCN,20220106,0.205,0.205,0.195,0.195,1949519
DCN,20220107,0.195,0.205,0.195,0.2,2946669
DCN,20220110,0.2,0.21,0.197,0.205,1982065
DCN,20220111,0.205,0.21,0.205,0.21,612946
DCN,20220112,0.215,0.22,0.2,0.2,2738069
DCN,20220113,0.21,0.21,0.2,0.205,1366005
DCN,20220114,0.205,0.21,0.2,0.205,1361526
DCN,20220117,0.205,0.21,0.205,0.205,226254
DCN,20220118,0.21,0.21,0.195,0.195,4534753
DCN,20220119,0.2,0.205,0.195,0.195,1058083
DCN,20220120,0.205,0.22,0.205,0.21,4522866
DCN,20220121,0.21,0.21,0.205,0.205,2188349
DCN,20220124,0.205,0.21,0.2,0.202,1177220
DCN,20220125,0.2,0.205,0.18,0.18,3623080
DCN,20220127,0.18,0.185,0.175,0.175,4092996
DCN,20220128,0.17,0.182,0.17,0.175,1550992
DCN,20220131,0.175,0.18,0.175,0.175,1063317
DCN,20220201,0.175,0.185,0.175,0.18,1782889
DCN,20220202,0.18,0.187,0.18,0.18,1325313
DCN,20220203,0.18,0.19,0.18,0.18,482197
DCN,20220204,0.18,0.185,0.18,0.185,208025
DCN,20220207,0.18,0.185,0.18,0.18,1077917
DCN,20220208,0.185,0.19,0.17,0.18,4935272
DCN,20220209,0.175,0.182,0.175,0.175,4760486
DCN,20220210,0.18,0.185,0.18,0.18,2108239
DCN,20220211,0.175,0.185,0.175,0.18,1425144
DCN,20220214,0.19,0.21,0.19,0.195,4804035
DCN,20220215,0.205,0.205,0.19,0.195,2543571
DCN,20220216,0.195,0.2,0.185,0.2,2270641
DCN,20220217,0.2,0.202,0.195,0.195,1482989
DCN,20220218,0.205,0.22,0.2,0.205,7368446
DCN,20220221,0.205,0.22,0.205,0.22,4585530
DCN,20220222,0.22,0.225,0.21,0.22,4605821
DCN,20220223,0.22,0.22,0.205,0.21,3705497
DCN,20220224,0.215,0.22,0.21,0.22,1712479
DCN,20220225,0.215,0.22,0.21,0.22,1967875
DCN,20220228,0.205,0.215,0.2,0.21,2622278
DCN,20220301,0.21,0.22,0.205,0.21,3408933
DCN,20220302,0.215,0.22,0.21,0.21,1314840
DCN,20220303,0.21,0.22,0.21,0.215,1288655
DCN,20220304,0.215,0.23,0.21,0.23,4056710
DCN,20220307,0.23,0.245,0.225,0.245,5700092
DCN,20220308,0.245,0.265,0.245,0.265,5942331
DCN,20220309,0.27,0.275,0.255,0.275,4827171
DCN,20220310,0.26,0.265,0.25,0.25,2760902
DCN,20220311,0.255,0.255,0.24,0.24,2243979
DCN,20220314,0.25,0.265,0.245,0.26,2484369
DCN,20220315,0.25,0.25,0.23,0.23,1877554
DCN,20220316,0,0,0,0,0
DCN,20220317,0.24,0.255,0.24,0.24,3151624
DCN,20220318,0.24,0.26,0.237,0.26,7055878
DCN,20220321,0.27,0.27,0.25,0.25,4203861
DCN,20220322,0.25,0.26,0.25,0.255,1442772
DCN,20220323,0.25,0.255,0.245,0.245,1429708
DCN,20220324,0.25,0.255,0.24,0.24,1535571
DCN,20220325,0.24,0.245,0.235,0.242,1353707
DCN,20220328,0.24,0.245,0.235,0.235,1163988
DCN,20220329,0.235,0.235,0.22,0.22,3756977
DCN,20220330,0.225,0.235,0.225,0.235,2144135
DCN,20220331,0.225,0.235,0.225,0.225,494049
DCN,20220401,0.23,0.235,0.225,0.23,1317852
DCN,20220404,0.23,0.26,0.23,0.26,7589336
DCN,20220405,0.255,0.26,0.25,0.26,3655286
DCN,20220406,0.255,0.255,0.24,0.245,1582449
DCN,20220407,0.25,0.285,0.25,0.275,12158972
DCN,20220408,0.265,0.275,0.26,0.265,1501157
DCN,20220411,0.265,0.275,0.265,0.265,1382750
DCN,20220412,0.27,0.275,0.265,0.275,3042489
DCN,20220413,0.29,0.312,0.28,0.307,9307212
DCN,20220414,0.305,0.32,0.295,0.295,4712204
DCN,20220419,0.3,0.315,0.295,0.3,4223544
DCN,20220420,0.285,0.295,0.275,0.28,5156754
DCN,20220421,0.285,0.295,0.275,0.28,5156754
DCN,20220422,0.275,0.275,0.26,0.27,7384563
DCN,20220426,0.26,0.26,0.245,0.255,3681219
DCN,20220427,0.245,0.245,0.23,0.23,2799478
DCN,20220428,0.23,0.235,0.225,0.23,1756162
DCN,20220429,0.23,0.24,0.225,0.23,2275529
DCN,20220502,0.23,0.235,0.22,0.23,2871796
DCN,20220503,0.23,0.23,0.22,0.22,1453946
DCN,20220504,0.22,0.225,0.21,0.215,2869179
DCN,20220505,0.22,0.225,0.215,0.22,599225
DCN,20220506,0.215,0.22,0.205,0.21,2363437
DCN,20220509,0.21,0.21,0.195,0.195,3547127
DCN,20220510,0.195,0.195,0.185,0.185,2324328
DCN,20220511,0.185,0.19,0.18,0.185,1422438
DCN,20220512,0.185,0.195,0.175,0.19,3163436
DCN,20220513,0.18,0.19,0.18,0.185,2199973
DCN,20220516,0.19,0.19,0.18,0.185,1546826
DCN,20220517,0.195,0.195,0.185,0.185,826985
DCN,20220518,0.19,0.195,0.187,0.19,1235017
DCN,20220519,0.19,0.2,0.185,0.2,1628052
DCN,20220520,0.2,0.22,0.195,0.22,3483055
DCN,20220523,0.215,0.215,0.205,0.215,1118419
DCN,20220524,0.21,0.21,0.205,0.205,873603
DCN,20220525,0.205,0.215,0.205,0.215,2159249
DCN,20220526,0.215,0.215,0.19,0.19,6259506
DCN,20220527,0.195,0.195,0.18,0.185,3664557
DCN,20220530,0.18,0.19,0.18,0.19,1081446
DCN,20220531,0.19,0.19,0.185,0.19,176741
DCN,20220601,0.185,0.185,0.18,0.18,1495980
DCN,20220602,0.185,0.187,0.175,0.175,1971298
DCN,20220603,0.18,0.195,0.175,0.195,3094063
DCN,20220606,0.19,0.19,0.18,0.19,804988
DCN,20220607,0.185,0.185,0.18,0.18,1150468
DCN,20220608,0.18,0.19,0.18,0.19,874316
DCN,20220609,0.185,0.19,0.18,0.18,1892377
DCN,20220610,0.175,0.18,0.165,0.17,8215384
DCN,20220614,0.165,0.17,0.162,0.17,1838855
DCN,20220615,0.17,0.17,0.17,0.17,0
DCN,20220616,0.17,0.17,0.17,0.17,0
DCN,20220617,0.135,0.135,0.1,0.115,26701931
DCN,20220620,0.11,0.11,0.094,0.096,15634682
DCN,20220621,0.098,0.1,0.08,0.081,13212594
DCN,20220622,0.079,0.083,0.078,0.081,7518456
DCN,20220623,0.081,0.085,0.081,0.082,5275411
DCN,20220624,0.084,0.087,0.08,0.08,5384913
DCN,20220627,0.086,0.086,0.078,0.079,8660870
DCN,20220628,0.079,0.085,0.079,0.081,4426275
DCN,20220629,0.082,0.082,0.077,0.078,6968274
DCN,20220630,0.078,0.083,0.077,0.082,5354316
DCN,20220701,0.082,0.093,0.082,0.092,6273609
DCN,20220704,0.092,0.092,0.092,0.092,0
DCN,20220705,0.105,0.105,0.093,0.095,22095668
DCN,20220706,0.092,0.105,0.087,0.1,23682281
DCN,20220707,0.1,0.1,0.095,0.096,4910620
DCN,20220708,0.096,0.1,0.096,0.098,2118053
DCN,20220711,0.098,0.098,0.095,0.097,1064929
DCN,20220712,0.096,0.097,0.094,0.095,4573082
DCN,20220713,0.095,0.096,0.094,0.094,610618
DCN,20220714,0.093,0.099,0.093,0.098,1312383
DCN,20220715,0.098,0.098,0.092,0.094,2626301
DCN,20220718,0.094,0.1,0.094,0.094,2011511
DCN,20220719,0.098,0.099,0.095,0.098,1071705
DCN,20220720,0.098,0.105,0.098,0.1,2584189
DCN,20220721,0.099,0.105,0.098,0.099,2706945
DCN,20220722,0.1,0.105,0.099,0.1,2099280
DCN,20220725,0.105,0.105,0.098,0.098,2233510
DCN,20220726,0.098,0.105,0.098,0.1,1849067
DCN,20220727,0.1,0.107,0.099,0.105,11578038
DCN,20220728,0.105,0.11,0.1,0.11,2547871
DCN,20220729,0.11,0.115,0.105,0.115,3589453
DCN,20220801,0.11,0.115,0.11,0.11,5365325
DCN,20220802,0.11,0.125,0.11,0.115,4502207
DCN,20220803,0.115,0.12,0.115,0.115,323436
DCN,20220805,0.125,0.125,0.118,0.12,2383856
DCN,20220808,0.115,0.125,0.115,0.12,4859185
DCN,20220809,0.12,0.12,0.115,0.115,431526
DCN,20220810,0.115,0.12,0.11,0.12,2323869
DCN,20220811,0.115,0.12,0.11,0.115,2846506
DCN,20220812,0.11,0.115,0.11,0.115,3244737
DCN,20220815,0.11,0.115,0.108,0.115,3696884
DCN,20220816,0.11,0.115,0.105,0.11,2618548
DCN,20220817,0.105,0.113,0.105,0.11,3253621
DCN,20220818,0.105,0.11,0.105,0.105,1071382
DCN,20220819,0.105,0.11,0.105,0.11,3217739
DCN,20220822,0.105,0.11,0.103,0.105,5661534
DCN,20220823,0.1,0.11,0.1,0.1,4380639
DCN,20220824,0.1,0.105,0.1,0.1,1057227
DCN,20220825,0.105,0.105,0.097,0.1,3622377
DCN,20220826,0.099,0.105,0.099,0.1,2629448
DCN,20220829,0.1,0.105,0.098,0.098,1807556
DCN,20220830,0.098,0.105,0.097,0.098,2198442
DCN,20220831,0.105,0.105,0.099,0.1,2081077
DCN,20220901,0.1,0.105,0.095,0.097,20121552
DCN,20220902,0.1,0.105,0.096,0.1,4726580
DCN,20220905,0.097,0.1,0.097,0.1,1687191
DCN,20220906,0.098,0.1,0.098,0.1,842040
DCN,20220907,0.098,0.1,0.097,0.1,2587521
DCN,20220909,0.099,0.1,0.094,0.094,2698301
DCN,20220912,0.094,0.095,0.087,0.087,3733192
DCN,20220913,0.087,0.094,0.087,0.093,3289968
DCN,20220914,0.088,0.094,0.088,0.092,2243359
DCN,20220915,0.091,0.094,0.089,0.094,1831058
DCN,20220916,0.09,0.092,0.084,0.088,34200348
