DRO,20160622,0.32,0.385,0.295,0.3,2099099
DRO,20160623,0.31,0.315,0.23,0.24,2871870
DRO,20160624,0.24,0.24,0.215,0.23,896121
DRO,20160627,0.235,0.27,0.235,0.245,313554
DRO,20160628,0.24,0.26,0.235,0.26,100950
DRO,20160629,0.26,0.26,0.24,0.24,125258
DRO,20160630,0.25,0.255,0.245,0.255,254368
DRO,20160701,0.255,0.255,0.24,0.255,124669
DRO,20160704,0.26,0.265,0.25,0.25,138000
DRO,20160705,0.245,0.255,0.245,0.255,44000
DRO,20160706,0.25,0.25,0.24,0.245,122021
DRO,20160707,0.245,0.245,0.24,0.24,34100
DRO,20160708,0.24,0.245,0.24,0.245,64498
DRO,20160711,0.235,0.24,0.235,0.235,78170
DRO,20160712,0.235,0.24,0.235,0.24,37698
DRO,20160713,0.24,0.24,0.225,0.225,191402
DRO,20160714,0.225,0.225,0.215,0.215,359504
DRO,20160715,0.225,0.23,0.225,0.23,33394
DRO,20160718,0.235,0.255,0.235,0.24,131564
DRO,20160719,0.245,0.25,0.24,0.24,96273
DRO,20160720,0.24,0.24,0.22,0.22,68681
DRO,20160721,0.225,0.23,0.225,0.225,93075
DRO,20160722,0.23,0.235,0.23,0.23,30000
DRO,20160725,0.24,0.24,0.23,0.235,36753
DRO,20160726,0.235,0.235,0.235,0.235,91996
DRO,20160727,0.235,0.235,0.235,0.235,0
DRO,20160728,0.235,0.235,0.23,0.23,20000
DRO,20160729,0.235,0.24,0.23,0.23,55261
DRO,20160801,0.23,0.23,0.23,0.23,18689
DRO,20160802,0.23,0.23,0.225,0.23,69968
DRO,20160803,0.23,0.23,0.215,0.215,33737
DRO,20160804,0.215,0.215,0.195,0.2,138607
DRO,20160805,0.21,0.215,0.195,0.21,283978
DRO,20160808,0.235,0.235,0.225,0.23,158944
DRO,20160809,0.23,0.23,0.215,0.215,18650
DRO,20160810,0.225,0.225,0.225,0.225,26400
DRO,20160811,0.22,0.235,0.21,0.22,169600
DRO,20160812,0.22,0.23,0.22,0.225,17627
DRO,20160815,0.23,0.235,0.23,0.235,95000
DRO,20160816,0.225,0.225,0.22,0.22,93080
DRO,20160817,0.23,0.23,0.225,0.225,27500
DRO,20160818,0.225,0.225,0.22,0.225,32644
DRO,20160822,0.22,0.22,0.22,0.22,49000
DRO,20160823,0.22,0.23,0.21,0.23,56959
DRO,20160824,0.23,0.23,0.225,0.225,7908
DRO,20160825,0.215,0.215,0.21,0.215,32600
DRO,20160826,0.215,0.215,0.21,0.215,60000
DRO,20160829,0.22,0.22,0.215,0.215,18940
DRO,20160830,0.22,0.22,0.215,0.215,32500
DRO,20160831,0.21,0.22,0.21,0.22,119232
DRO,20160901,0.215,0.215,0.215,0.215,24993
DRO,20160902,0.21,0.22,0.195,0.22,129295
DRO,20160905,0.21,0.21,0.17,0.2,78955
DRO,20160906,0.2,0.2,0.19,0.19,16526
DRO,20160907,0.19,0.205,0.19,0.205,75939
DRO,20160908,0.205,0.205,0.205,0.205,0
DRO,20160909,0.2,0.205,0.2,0.205,77858
DRO,20160912,0.205,0.205,0.205,0.205,0
DRO,20160913,0.205,0.205,0.205,0.205,0
DRO,20160914,0.205,0.205,0.2,0.2,2315
DRO,20160915,0.205,0.21,0.205,0.21,10000
DRO,20160916,0.2,0.2,0.2,0.2,4000
DRO,20160919,0.205,0.21,0.205,0.21,72727
DRO,20160920,0.215,0.215,0.21,0.21,125000
DRO,20160921,0.21,0.21,0.21,0.21,50000
DRO,20160922,0.21,0.215,0.21,0.215,80100
DRO,20160923,0.21,0.22,0.2,0.22,117531
DRO,20160926,0.215,0.22,0.2,0.21,14818
DRO,20160927,0.21,0.21,0.21,0.21,2092
DRO,20160928,0.205,0.205,0.205,0.205,6000
DRO,20160929,0.215,0.215,0.215,0.215,89996
DRO,20160930,0.215,0.22,0.215,0.22,27000
DRO,20161003,0.21,0.21,0.2,0.2,80000
DRO,20161004,0.2,0.2,0.19,0.19,24000
DRO,20161005,0.2,0.2,0.2,0.2,39078
DRO,20161006,0.2,0.2,0.2,0.2,0
DRO,20161007,0.205,0.205,0.19,0.205,20000
DRO,20161010,0.205,0.205,0.205,0.205,0
DRO,20161011,0.19,0.205,0.19,0.205,18900
DRO,20161012,0.2,0.2,0.2,0.2,19756
DRO,20161013,0.2,0.2,0.195,0.195,33487
DRO,20161014,0.195,0.195,0.195,0.195,244
DRO,20161017,0.2,0.2,0.195,0.195,26719
DRO,20161018,0.195,0.2,0.195,0.2,12030
DRO,20161019,0.2,0.2,0.19,0.19,46798
DRO,20161020,0.19,0.19,0.19,0.19,0
DRO,20161021,0.19,0.19,0.19,0.19,16541
DRO,20161024,0.2,0.2,0.2,0.2,27400
DRO,20161025,0.2,0.2,0.2,0.2,25000
DRO,20161026,0.2,0.205,0.2,0.205,80000
DRO,20161027,0.205,0.205,0.2,0.2,30500
DRO,20161028,0.2,0.2,0.2,0.2,145720
DRO,20161031,0.19,0.2,0.19,0.2,46600
DRO,20161101,0.2,0.2,0.2,0.2,0
DRO,20161102,0.2,0.2,0.2,0.2,0
DRO,20161103,0.2,0.2,0.2,0.2,50000
DRO,20161104,0.195,0.2,0.195,0.2,25000
DRO,20161107,0.2,0.2,0.2,0.2,9622
DRO,20161108,0.2,0.2,0.19,0.2,31879
DRO,20161109,0.195,0.2,0.195,0.2,10750
DRO,20161110,0.19,0.195,0.18,0.195,40598
DRO,20161111,0.195,0.2,0.195,0.2,63338
DRO,20161114,0.2,0.2,0.195,0.195,4030
DRO,20161115,0.195,0.195,0.195,0.195,17500
DRO,20161116,0.195,0.195,0.195,0.195,0
DRO,20161117,0.195,0.195,0.195,0.195,10070
DRO,20161118,0.195,0.195,0.195,0.195,0
DRO,20161121,0.195,0.2,0.195,0.2,40000
DRO,20161122,0.2,0.2,0.2,0.2,3800
DRO,20161123,0.19,0.19,0.19,0.19,3000
DRO,20161124,0.19,0.19,0.19,0.19,0
DRO,20161125,0.19,0.195,0.19,0.195,9390
DRO,20161128,0.2,0.21,0.2,0.2,233548
DRO,20161129,0.215,0.215,0.205,0.205,76300
DRO,20161130,0.205,0.24,0.205,0.24,186820
DRO,20161201,0.24,0.24,0.21,0.23,109460
DRO,20161202,0.22,0.22,0.22,0.22,15000
DRO,20161205,0.235,0.25,0.235,0.24,224620
DRO,20161206,0.25,0.27,0.245,0.25,201907
DRO,20161207,0.25,0.25,0.25,0.25,9650
DRO,20161208,0.25,0.25,0.25,0.25,75450
DRO,20161209,0.25,0.26,0.25,0.25,115050
DRO,20161212,0.26,0.275,0.26,0.27,143810
DRO,20161213,0.27,0.27,0.25,0.25,47605
DRO,20161214,0.27,0.27,0.25,0.25,94583
DRO,20161215,0.25,0.25,0.245,0.245,55742
DRO,20161216,0.24,0.24,0.24,0.24,19500
DRO,20161219,0.23,0.23,0.23,0.23,100000
DRO,20161220,0.24,0.25,0.24,0.25,58287
DRO,20161221,0.255,0.272,0.255,0.27,355840
DRO,20161222,0.275,0.28,0.26,0.27,246422
DRO,20161223,0.28,0.285,0.28,0.28,316999
DRO,20161228,0.285,0.285,0.28,0.28,360157
DRO,20161229,0.28,0.29,0.275,0.275,324300
DRO,20161230,0.275,0.28,0.275,0.28,14500
DRO,20170103,0.29,0.3,0.28,0.285,116366
DRO,20170104,0.285,0.29,0.285,0.29,210980
DRO,20170105,0.295,0.3,0.295,0.295,166700
DRO,20170106,0.3,0.33,0.3,0.3,294948
DRO,20170109,0.32,0.335,0.31,0.31,84011
DRO,20170110,0.34,0.39,0.34,0.375,868178
DRO,20170111,0.385,0.52,0.385,0.43,950784
DRO,20170112,0.45,0.46,0.4,0.41,382306
DRO,20170113,0.405,0.43,0.38,0.43,223950
DRO,20170116,0.415,0.425,0.4,0.4,289255
DRO,20170117,0.4,0.41,0.4,0.41,53777
DRO,20170118,0.41,0.415,0.39,0.415,53394
DRO,20170119,0.415,0.45,0.415,0.43,147086
DRO,20170120,0.45,0.455,0.44,0.45,102390
DRO,20170123,0.425,0.43,0.405,0.415,333057
DRO,20170124,0.41,0.41,0.395,0.41,153822
DRO,20170125,0.4,0.42,0.39,0.415,287118
DRO,20170127,0.415,0.44,0.41,0.43,164094
DRO,20170130,0.43,0.45,0.43,0.45,293648
DRO,20170131,0.45,0.45,0.43,0.43,119013
DRO,20170201,0.43,0.485,0.43,0.475,416417
DRO,20170202,0.485,0.52,0.48,0.485,847392
DRO,20170203,0.495,0.495,0.46,0.46,305602
DRO,20170206,0.465,0.47,0.44,0.44,108691
DRO,20170207,0.455,0.48,0.45,0.46,99139
DRO,20170208,0.46,0.49,0.46,0.49,284816
DRO,20170209,0.49,0.495,0.49,0.495,206035
DRO,20170210,0.49,0.49,0.465,0.49,93526
DRO,20170213,0.475,0.48,0.465,0.48,130000
DRO,20170214,0.485,0.485,0.46,0.465,167363
DRO,20170215,0.465,0.47,0.465,0.47,176698
DRO,20170216,0.47,0.47,0.45,0.46,92927
DRO,20170217,0.46,0.46,0.45,0.46,42268
DRO,20170220,0.46,0.47,0.44,0.45,175343
DRO,20170221,0.44,0.47,0.43,0.47,102247
DRO,20170222,0.46,0.46,0.44,0.45,61744
DRO,20170223,0.45,0.465,0.44,0.455,69070
DRO,20170224,0.46,0.46,0.445,0.445,69240
DRO,20170227,0.45,0.46,0.445,0.46,20361
DRO,20170228,0.455,0.455,0.435,0.445,52445
DRO,20170301,0.445,0.45,0.41,0.415,44605
DRO,20170302,0.41,0.42,0.33,0.42,541000
DRO,20170303,0.425,0.425,0.41,0.425,43320
DRO,20170306,0.41,0.42,0.405,0.415,46343
DRO,20170307,0.41,0.41,0.36,0.4,233772
DRO,20170308,0.39,0.39,0.375,0.375,10678
DRO,20170309,0.37,0.37,0.31,0.37,805657
DRO,20170310,0.37,0.4,0.37,0.38,67250
DRO,20170313,0.38,0.38,0.35,0.38,18349
DRO,20170314,0.385,0.39,0.385,0.39,30501
DRO,20170315,0.395,0.395,0.36,0.39,27239
DRO,20170316,0.39,0.39,0.37,0.37,58685
DRO,20170317,0.37,0.39,0.355,0.39,42479
DRO,20170320,0.39,0.39,0.345,0.365,83991
DRO,20170321,0.38,0.38,0.355,0.365,16600
DRO,20170322,0.365,0.365,0.35,0.365,89712
DRO,20170323,0.37,0.385,0.37,0.385,48160
DRO,20170324,0.39,0.39,0.39,0.39,18514
DRO,20170327,0.39,0.39,0.365,0.39,17127
DRO,20170328,0.38,0.38,0.365,0.375,49958
DRO,20170329,0.37,0.375,0.355,0.355,120029
DRO,20170330,0.37,0.38,0.37,0.37,40000
DRO,20170331,0.385,0.385,0.37,0.375,49535
DRO,20170403,0.375,0.375,0.35,0.35,3184
DRO,20170404,0.355,0.355,0.355,0.355,15278
DRO,20170405,0.37,0.37,0.365,0.365,32100
DRO,20170406,0.37,0.37,0.35,0.35,58205
DRO,20170407,0.36,0.365,0.35,0.36,55837
DRO,20170410,0.36,0.365,0.35,0.35,67811
DRO,20170411,0.36,0.36,0.36,0.36,99790
DRO,20170412,0.365,0.37,0.34,0.37,120639
DRO,20170413,0.37,0.37,0.37,0.37,43300
DRO,20170418,0.37,0.37,0.345,0.345,21750
DRO,20170419,0.345,0.345,0.345,0.345,17570
DRO,20170420,0.345,0.345,0.34,0.34,36100
DRO,20170421,0.345,0.345,0.34,0.34,45730
DRO,20170424,0.35,0.35,0.34,0.345,73959
DRO,20170426,0.35,0.41,0.35,0.395,426175
DRO,20170427,0.395,0.4,0.38,0.395,244369
DRO,20170428,0.395,0.395,0.375,0.375,63713
DRO,20170501,0.37,0.37,0.36,0.36,23519
DRO,20170502,0.345,0.345,0.335,0.34,108625
DRO,20170503,0.34,0.34,0.31,0.315,179991
DRO,20170504,0.32,0.33,0.315,0.33,31041
DRO,20170505,0.33,0.33,0.325,0.33,31280
DRO,20170508,0.33,0.33,0.315,0.33,42246
DRO,20170509,0.335,0.335,0.325,0.33,84550
DRO,20170510,0.33,0.33,0.32,0.32,5854
DRO,20170511,0.32,0.34,0.32,0.335,236239
DRO,20170512,0.34,0.345,0.34,0.345,101190
DRO,20170515,0.345,0.35,0.345,0.345,41470
DRO,20170516,0.35,0.35,0.345,0.345,81300
DRO,20170517,0.345,0.345,0.345,0.345,29034
DRO,20170518,0.34,0.345,0.34,0.34,62641
DRO,20170519,0.34,0.34,0.34,0.34,48547
DRO,20170522,0.34,0.34,0.325,0.325,26520
DRO,20170523,0.325,0.325,0.32,0.325,54450
DRO,20170524,0.33,0.33,0.32,0.32,27416
DRO,20170525,0.32,0.32,0.31,0.31,41409
DRO,20170526,0.32,0.33,0.32,0.33,182212
DRO,20170529,0.33,0.33,0.33,0.33,31500
DRO,20170530,0.33,0.33,0.33,0.33,0
DRO,20170531,0.33,0.33,0.33,0.33,0
DRO,20170601,0.33,0.33,0.275,0.275,163296
DRO,20170602,0.275,0.275,0.275,0.275,30987
DRO,20170605,0.275,0.3,0.275,0.3,159245
DRO,20170606,0.3,0.3,0.28,0.3,23513
DRO,20170607,0.3,0.31,0.3,0.31,9666
DRO,20170608,0.3,0.3,0.3,0.3,58602
DRO,20170609,0.29,0.29,0.29,0.29,3751
DRO,20170613,0.3,0.3,0.295,0.295,18686
DRO,20170614,0.295,0.3,0.265,0.29,146822
DRO,20170615,0.295,0.3,0.29,0.3,96697
DRO,20170616,0.3,0.3,0.3,0.3,28645
DRO,20170619,0.3,0.3,0.285,0.3,53358
DRO,20170620,0.3,0.3,0.3,0.3,1800
DRO,20170621,0.28,0.3,0.275,0.3,221894
DRO,20170622,0.245,0.27,0.24,0.27,289542
DRO,20170623,0.265,0.265,0.26,0.26,45094
DRO,20170626,0.26,0.265,0.245,0.245,38302
DRO,20170627,0.25,0.25,0.245,0.245,6035
DRO,20170628,0.25,0.255,0.25,0.255,38422
DRO,20170629,0.255,0.255,0.245,0.25,118079
DRO,20170630,0.25,0.25,0.25,0.25,4864
DRO,20170703,0.25,0.25,0.24,0.24,94718
DRO,20170704,0.23,0.23,0.21,0.225,130022
DRO,20170705,0.225,0.24,0.21,0.21,25978
DRO,20170706,0.23,0.23,0.225,0.23,44972
DRO,20170707,0.23,0.23,0.23,0.23,0
DRO,20170710,0.24,0.24,0.23,0.23,101300
DRO,20170711,0.24,0.24,0.24,0.24,19700
DRO,20170712,0.235,0.235,0.235,0.235,44250
DRO,20170713,0.23,0.23,0.23,0.23,1787
DRO,20170714,0.23,0.23,0.22,0.22,69025
DRO,20170717,0.23,0.23,0.23,0.23,38819
DRO,20170718,0.225,0.225,0.225,0.225,65513
DRO,20170719,0.23,0.23,0.23,0.23,13585
DRO,20170720,0.225,0.225,0.22,0.22,85008
DRO,20170721,0.225,0.23,0.225,0.23,631780
DRO,20170724,0.23,0.235,0.23,0.23,210051
DRO,20170725,0.23,0.235,0.23,0.23,158946
DRO,20170726,0.23,0.235,0.23,0.235,71504
DRO,20170727,0.235,0.25,0.235,0.25,356967
DRO,20170728,0.265,0.265,0.26,0.26,74815
DRO,20170731,0.26,0.26,0.252,0.26,92946
DRO,20170801,0.26,0.26,0.245,0.245,30632
DRO,20170802,0.245,0.245,0.245,0.245,0
DRO,20170803,0.23,0.24,0.23,0.24,14812
DRO,20170804,0.24,0.24,0.23,0.23,9634
DRO,20170807,0.23,0.235,0.23,0.235,13022
DRO,20170808,0.24,0.24,0.235,0.24,38906
DRO,20170809,0.24,0.25,0.235,0.25,11346
DRO,20170810,0.25,0.25,0.245,0.245,14101
DRO,20170811,0.24,0.24,0.23,0.23,60737
DRO,20170815,0.24,0.24,0.24,0.24,0
DRO,20170816,0.235,0.235,0.225,0.225,66773
DRO,20170817,0.23,0.23,0.22,0.22,64500
DRO,20170818,0.225,0.225,0.225,0.225,11000
DRO,20170821,0.235,0.235,0.22,0.23,29248
DRO,20170822,0.23,0.23,0.23,0.23,0
DRO,20170823,0.22,0.23,0.22,0.23,45092
DRO,20170824,0.23,0.23,0.23,0.23,26662
DRO,20170825,0.22,0.22,0.22,0.22,25540
DRO,20170828,0.22,0.225,0.22,0.225,103519
DRO,20170829,0.22,0.22,0.22,0.22,72789
DRO,20170830,0.22,0.22,0.22,0.22,25851
DRO,20170831,0.22,0.22,0.22,0.22,0
DRO,20170901,0.215,0.215,0.215,0.215,10000
DRO,20170904,0.21,0.21,0.2,0.2,104248
DRO,20170905,0.19,0.19,0.185,0.19,41993
DRO,20170906,0.2,0.2,0.2,0.2,4500
DRO,20170907,0.2,0.2,0.185,0.185,7743
DRO,20170908,0.19,0.19,0.185,0.185,5263
DRO,20170911,0.19,0.2,0.19,0.2,63183
DRO,20170912,0.2,0.2,0.19,0.19,76004
DRO,20170913,0.19,0.19,0.19,0.19,0
DRO,20170914,0.19,0.19,0.19,0.19,0
DRO,20170915,0.19,0.19,0.19,0.19,0
DRO,20170918,0.2,0.2,0.2,0.2,13121
DRO,20170919,0.2,0.2,0.2,0.2,2999
DRO,20170920,0.195,0.195,0.195,0.195,42436
DRO,20170921,0.2,0.2,0.2,0.2,29380
DRO,20170922,0.205,0.21,0.205,0.21,133000
DRO,20170925,0.2,0.2,0.2,0.2,14443
DRO,20170926,0.195,0.195,0.195,0.195,49925
DRO,20170927,0.195,0.2,0.18,0.2,224717
DRO,20170928,0.2,0.2,0.2,0.2,6271
DRO,20170929,0.2,0.205,0.2,0.205,59117
DRO,20171002,0.205,0.205,0.205,0.205,520
DRO,20171003,0.205,0.205,0.205,0.205,9898
DRO,20171004,0.205,0.205,0.205,0.205,4963
DRO,20171005,0.205,0.205,0.19,0.19,13942
DRO,20171006,0.2,0.2,0.195,0.195,94594
DRO,20171009,0.195,0.195,0.195,0.195,0
DRO,20171010,0.195,0.195,0.19,0.195,61781
DRO,20171011,0.2,0.205,0.2,0.205,168827
DRO,20171012,0.205,0.24,0.205,0.24,187124
DRO,20171013,0.24,0.29,0.24,0.27,496374
DRO,20171016,0.27,0.295,0.24,0.275,615777
DRO,20171017,0.275,0.275,0.255,0.255,31486
DRO,20171018,0.26,0.275,0.26,0.26,76120
DRO,20171019,0.27,0.27,0.27,0.27,28008
DRO,20171020,0.27,0.27,0.25,0.25,138047
DRO,20171023,0.24,0.24,0.22,0.23,248419
DRO,20171024,0.23,0.23,0.23,0.23,0
DRO,20171025,0.23,0.23,0.23,0.23,0
DRO,20171026,0.23,0.23,0.23,0.23,0
DRO,20171027,0.21,0.235,0.2,0.235,119036
DRO,20171030,0.235,0.235,0.215,0.215,74433
DRO,20171031,0.215,0.215,0.21,0.21,25381
DRO,20171101,0.21,0.21,0.205,0.21,174400
DRO,20171102,0.21,0.215,0.195,0.195,789851
DRO,20171103,0.205,0.205,0.2,0.2,49015
DRO,20171106,0.2,0.2,0.19,0.2,259328
DRO,20171107,0.2,0.2,0.195,0.195,100500
DRO,20171108,0.195,0.195,0.195,0.195,28183
DRO,20171109,0.195,0.195,0.19,0.195,202936
DRO,20171110,0.195,0.195,0.19,0.195,202936
DRO,20171113,0.19,0.19,0.19,0.19,0
DRO,20171114,0.18,0.195,0.18,0.185,96410
DRO,20171115,0.19,0.19,0.185,0.185,127444
DRO,20171116,0.185,0.19,0.18,0.19,20929
DRO,20171117,0.19,0.205,0.19,0.2,156874
DRO,20171120,0.21,0.21,0.185,0.195,113210
DRO,20171121,0.2,0.2,0.19,0.19,34211
DRO,20171122,0.19,0.2,0.19,0.19,77747
DRO,20171123,0.2,0.2,0.19,0.19,33428
DRO,20171124,0.2,0.2,0.19,0.19,79439
DRO,20171127,0.2,0.2,0.2,0.2,35000
DRO,20171128,0.19,0.19,0.185,0.185,6966
DRO,20171129,0.195,0.195,0.19,0.195,53675
DRO,20171130,0.195,0.195,0.19,0.19,25342
DRO,20171201,0.19,0.19,0.185,0.185,15784
DRO,20171204,0.185,0.185,0.185,0.185,3000
DRO,20171205,0.185,0.185,0.185,0.185,6944
DRO,20171206,0.185,0.185,0.185,0.185,17439
DRO,20171207,0.19,0.19,0.19,0.19,80425
DRO,20171208,0.185,0.185,0.185,0.185,81581
DRO,20171211,0.185,0.185,0.18,0.18,11714
DRO,20171212,0.18,0.19,0.18,0.19,53600
DRO,20171213,0.19,0.19,0.19,0.19,20000
DRO,20171214,0.185,0.185,0.175,0.175,58692
DRO,20171215,0.165,0.175,0.165,0.175,222152
DRO,20171218,0.18,0.18,0.165,0.175,265135
DRO,20171219,0.175,0.175,0.17,0.17,99431
DRO,20171220,0.17,0.17,0.17,0.17,60344
DRO,20171221,0.175,0.175,0.17,0.175,112095
DRO,20171222,0.175,0.18,0.175,0.18,162214
DRO,20171227,0.19,0.19,0.18,0.19,93640
DRO,20171228,0.19,0.19,0.17,0.19,80964
DRO,20171229,0.19,0.19,0.19,0.19,400
DRO,20180102,0.185,0.19,0.185,0.19,144478
DRO,20180103,0.195,0.2,0.195,0.2,145117
DRO,20180104,0.2,0.21,0.19,0.21,552023
DRO,20180105,0.21,0.21,0.2,0.21,138648
DRO,20180108,0.21,0.21,0.2,0.2,143202
DRO,20180109,0.2,0.205,0.195,0.2,98777
DRO,20180110,0.2,0.2,0.19,0.19,77825
DRO,20180111,0.195,0.195,0.195,0.195,10000
DRO,20180112,0.195,0.195,0.175,0.175,48293
DRO,20180115,0.2,0.2,0.2,0.2,79783
DRO,20180116,0.2,0.2,0.18,0.19,40452
DRO,20180117,0.19,0.19,0.185,0.19,37169
DRO,20180118,0.2,0.21,0.195,0.21,76663
DRO,20180119,0.21,0.21,0.2,0.2,57768
DRO,20180122,0.205,0.205,0.205,0.205,10000
DRO,20180123,0.2,0.21,0.2,0.21,222278
DRO,20180124,0.21,0.21,0.2,0.21,82500
DRO,20180125,0.21,0.22,0.195,0.2,238344
DRO,20180129,0.2,0.225,0.2,0.225,217961
DRO,20180130,0.23,0.23,0.22,0.225,203082
DRO,20180131,0.23,0.23,0.22,0.23,245450
DRO,20180201,0.235,0.25,0.23,0.235,326918
DRO,20180202,0.24,0.25,0.235,0.245,223567
DRO,20180205,0.24,0.24,0.22,0.24,92781
DRO,20180207,0.215,0.22,0.215,0.215,290750
DRO,20180208,0.22,0.22,0.21,0.21,98548
DRO,20180209,0.21,0.21,0.21,0.21,53742
DRO,20180212,0.205,0.215,0.205,0.215,110092
DRO,20180213,0.215,0.215,0.205,0.215,78533
DRO,20180214,0.225,0.23,0.215,0.23,423925
DRO,20180215,0.235,0.245,0.235,0.235,301115
DRO,20180216,0.25,0.265,0.25,0.255,2759575
DRO,20180219,0.26,0.26,0.25,0.25,408000
DRO,20180220,0.255,0.26,0.245,0.245,302157
DRO,20180221,0.25,0.25,0.245,0.245,50466
DRO,20180222,0.255,0.26,0.25,0.255,206003
DRO,20180223,0.26,0.265,0.25,0.25,305208
DRO,20180226,0.255,0.26,0.25,0.25,121285
DRO,20180227,0.255,0.255,0.25,0.255,22366
DRO,20180228,0.255,0.26,0.25,0.26,298773
DRO,20180301,0.26,0.26,0.255,0.26,174212
DRO,20180302,0.26,0.26,0.245,0.245,108526
DRO,20180305,0.25,0.285,0.25,0.265,1414843
DRO,20180306,0.275,0.275,0.255,0.255,383063
DRO,20180307,0.26,0.265,0.26,0.26,88214
DRO,20180308,0.27,0.275,0.255,0.27,155278
DRO,20180309,0.275,0.275,0.26,0.26,37211
DRO,20180312,0.27,0.27,0.265,0.27,44025
DRO,20180313,0.27,0.285,0.27,0.275,517599
DRO,20180314,0.285,0.29,0.285,0.285,295043
DRO,20180315,0.29,0.29,0.28,0.28,156756
DRO,20180316,0.28,0.28,0.28,0.28,22766
DRO,20180319,0.275,0.275,0.26,0.265,278561
DRO,20180320,0.265,0.265,0.265,0.265,0
DRO,20180321,0.265,0.265,0.265,0.265,0
DRO,20180322,0.265,0.265,0.265,0.265,0
DRO,20180323,0.23,0.24,0.22,0.23,433875
DRO,20180326,0.24,0.25,0.235,0.24,270834
DRO,20180327,0.24,0.24,0.22,0.225,470972
DRO,20180328,0.23,0.23,0.225,0.225,659303
DRO,20180329,0.225,0.23,0.2,0.23,760246
DRO,20180403,0.21,0.21,0.185,0.195,618352
DRO,20180404,0.2,0.2,0.19,0.19,300137
DRO,20180405,0.195,0.195,0.19,0.19,277566
DRO,20180406,0.2,0.2,0.19,0.2,86680
DRO,20180409,0.195,0.2,0.19,0.19,293987
DRO,20180410,0.195,0.195,0.19,0.19,339593
DRO,20180411,0.19,0.19,0.185,0.185,174697
DRO,20180412,0.19,0.2,0.185,0.2,306324
DRO,20180413,0.2,0.205,0.195,0.205,80815
DRO,20180416,0.205,0.205,0.195,0.195,20516
DRO,20180417,0.205,0.205,0.2,0.2,88603
DRO,20180418,0.2,0.205,0.2,0.205,247967
DRO,20180419,0.205,0.205,0.195,0.195,206202
DRO,20180420,0.205,0.21,0.205,0.21,103932
DRO,20180423,0.215,0.215,0.215,0.215,47803
DRO,20180424,0.215,0.215,0.195,0.205,283069
DRO,20180426,0.205,0.205,0.2,0.2,30094
DRO,20180427,0.205,0.205,0.2,0.2,53463
DRO,20180430,0.205,0.205,0.2,0.205,66631
DRO,20180501,0.205,0.205,0.195,0.195,371604
DRO,20180502,0.195,0.195,0.195,0.195,1023
DRO,20180503,0.19,0.195,0.19,0.195,224485
DRO,20180504,0.2,0.2,0.2,0.2,10000
DRO,20180507,0.2,0.2,0.19,0.195,103543
DRO,20180508,0.2,0.2,0.19,0.19,70000
DRO,20180509,0.18,0.19,0.18,0.19,231378
DRO,20180510,0.19,0.19,0.19,0.19,0
DRO,20180511,0.195,0.195,0.195,0.195,44371
DRO,20180514,0.2,0.2,0.19,0.19,138740
DRO,20180515,0.2,0.205,0.19,0.195,88161
DRO,20180516,0.195,0.2,0.19,0.2,85137
DRO,20180517,0.195,0.195,0.19,0.195,52500
DRO,20180518,0.195,0.195,0.19,0.19,49187
DRO,20180521,0.195,0.195,0.19,0.195,24028
DRO,20180522,0.195,0.195,0.19,0.195,89974
DRO,20180523,0.19,0.19,0.19,0.19,3635
DRO,20180524,0.185,0.185,0.18,0.18,65966
DRO,20180525,0.175,0.185,0.175,0.185,270719
DRO,20180528,0.19,0.19,0.185,0.19,107535
DRO,20180529,0.19,0.195,0.185,0.19,91836
DRO,20180530,0.195,0.195,0.19,0.195,221222
DRO,20180531,0.19,0.2,0.19,0.2,137111
DRO,20180601,0.2,0.2,0.2,0.2,0
DRO,20180604,0.2,0.2,0.19,0.19,12227
DRO,20180605,0.19,0.19,0.185,0.19,190891
DRO,20180606,0.19,0.19,0.185,0.19,140767
DRO,20180607,0.18,0.185,0.18,0.18,54369
DRO,20180608,0.18,0.18,0.18,0.18,71344
DRO,20180612,0.185,0.185,0.185,0.185,30162
DRO,20180613,0.185,0.185,0.18,0.18,11047
DRO,20180614,0.225,0.225,0.205,0.205,2056715
DRO,20180615,0.215,0.23,0.215,0.225,1402007
DRO,20180618,0.23,0.23,0.205,0.205,534243
DRO,20180619,0.21,0.215,0.21,0.21,112045
DRO,20180620,0.215,0.215,0.205,0.21,277011
DRO,20180621,0.215,0.215,0.205,0.205,105196
DRO,20180622,0.21,0.21,0.205,0.21,187235
DRO,20180625,0.21,0.21,0.21,0.21,557873
DRO,20180626,0.21,0.21,0.2,0.21,131631
DRO,20180627,0.21,0.215,0.21,0.21,60717
DRO,20180628,0.21,0.215,0.2,0.21,281149
DRO,20180629,0.215,0.22,0.2,0.215,293074
DRO,20180702,0.215,0.215,0.205,0.21,85146
DRO,20180703,0.21,0.21,0.21,0.21,43888
DRO,20180704,0.205,0.205,0.2,0.2,171542
DRO,20180705,0.2,0.2,0.195,0.195,24000
DRO,20180706,0.2,0.2,0.195,0.195,48223
DRO,20180710,0.2,0.2,0.19,0.195,28475
DRO,20180711,0.2,0.205,0.2,0.205,55438
DRO,20180712,0.2,0.2,0.185,0.19,331593
DRO,20180713,0.185,0.19,0.185,0.19,89149
DRO,20180716,0.19,0.2,0.19,0.19,18700
DRO,20180717,0.2,0.2,0.19,0.19,44983
DRO,20180718,0.195,0.195,0.185,0.185,6000
DRO,20180719,0.195,0.2,0.19,0.19,63944
DRO,20180720,0.19,0.19,0.19,0.19,44544
DRO,20180723,0.195,0.195,0.19,0.19,4750
DRO,20180724,0.195,0.2,0.185,0.185,265809
DRO,20180725,0.195,0.197,0.195,0.197,157345
DRO,20180726,0.19,0.19,0.19,0.19,7371
DRO,20180727,0.195,0.2,0.19,0.19,42753
DRO,20180730,0.19,0.19,0.185,0.19,117714
DRO,20180731,0.195,0.2,0.17,0.17,556223
DRO,20180801,0.175,0.185,0.175,0.18,12000
DRO,20180802,0.185,0.185,0.165,0.175,209796
DRO,20180803,0.175,0.175,0.17,0.17,526049
DRO,20180806,0.18,0.185,0.17,0.17,529064
DRO,20180807,0.17,0.185,0.17,0.18,189190
DRO,20180808,0.18,0.185,0.175,0.175,101000
DRO,20180809,0.175,0.175,0.165,0.165,525806
DRO,20180810,0.165,0.165,0.15,0.155,398053
DRO,20180813,0.155,0.155,0.15,0.155,190239
DRO,20180814,0.15,0.16,0.15,0.16,80098
DRO,20180816,0.16,0.16,0.155,0.155,119776
DRO,20180817,0.155,0.155,0.155,0.155,69306
DRO,20180820,0.16,0.162,0.16,0.16,183427
DRO,20180821,0.165,0.185,0.165,0.17,179757
DRO,20180822,0.18,0.18,0.17,0.175,86983
DRO,20180823,0.17,0.175,0.165,0.175,73974
DRO,20180824,0.175,0.185,0.175,0.185,74898
DRO,20180827,0.18,0.18,0.16,0.16,322777
DRO,20180828,0.16,0.17,0.16,0.165,44885
DRO,20180829,0.165,0.165,0.165,0.165,60610
DRO,20180830,0.16,0.165,0.155,0.165,135682
DRO,20180831,0.16,0.17,0.16,0.17,185465
DRO,20180903,0.16,0.16,0.15,0.15,418218
DRO,20180904,0.165,0.175,0.165,0.17,153842
DRO,20180905,0.17,0.17,0.165,0.165,19740
DRO,20180906,0.165,0.165,0.155,0.155,66501
DRO,20180907,0.155,0.16,0.15,0.15,107841
DRO,20180910,0.155,0.155,0.15,0.155,56480
DRO,20180913,0.16,0.16,0.16,0.16,16000
DRO,20180914,0.16,0.16,0.15,0.16,94444
DRO,20180917,0.16,0.16,0.16,0.16,620
DRO,20180918,0.17,0.17,0.155,0.16,199462
DRO,20180919,0.17,0.17,0.16,0.16,125726
DRO,20180920,0.185,0.19,0.155,0.16,786816
DRO,20180921,0.17,0.17,0.165,0.165,168625
DRO,20180924,0.165,0.17,0.16,0.17,136628
DRO,20180925,0.17,0.17,0.165,0.17,56257
DRO,20180926,0.175,0.175,0.17,0.17,52028
DRO,20180927,0.17,0.18,0.165,0.17,108929
DRO,20180928,0.17,0.17,0.17,0.17,37215
DRO,20181001,0.175,0.175,0.17,0.17,21455
DRO,20181002,0.175,0.18,0.175,0.18,116329
DRO,20181003,0.185,0.19,0.185,0.185,197270
DRO,20181004,0.19,0.19,0.185,0.19,14941
DRO,20181005,0.19,0.19,0.19,0.19,48816
DRO,20181008,0.19,0.19,0.17,0.175,273780
DRO,20181009,0.17,0.17,0.165,0.17,114800
DRO,20181010,0.165,0.17,0.165,0.165,64332
DRO,20181011,0.165,0.165,0.16,0.16,61958
DRO,20181012,0.16,0.16,0.16,0.16,900
DRO,20181015,0.165,0.17,0.165,0.165,22028
DRO,20181016,0.17,0.17,0.17,0.17,64961
DRO,20181017,0.16,0.16,0.15,0.155,373661
DRO,20181018,0.155,0.155,0.155,0.155,1161
DRO,20181019,0.155,0.155,0.155,0.155,6950
DRO,20181022,0.155,0.155,0.15,0.155,45939
DRO,20181023,0.15,0.15,0.15,0.15,2000
DRO,20181024,0.155,0.17,0.15,0.17,574306
DRO,20181025,0.175,0.175,0.16,0.16,877671
DRO,20181026,0.16,0.16,0.16,0.16,101866
DRO,20181030,0.155,0.155,0.155,0.155,125191
DRO,20181031,0.155,0.16,0.155,0.16,515195
DRO,20181101,0.16,0.165,0.16,0.16,123691
DRO,20181102,0.155,0.155,0.155,0.155,21417
DRO,20181105,0.16,0.16,0.16,0.16,33656
DRO,20181106,0.155,0.155,0.155,0.155,112794
DRO,20181107,0.16,0.16,0.15,0.15,47383
DRO,20181108,0.155,0.155,0.145,0.145,631866
DRO,20181109,0.145,0.145,0.14,0.14,307606
DRO,20181112,0.14,0.14,0.14,0.14,42000
DRO,20181113,0.14,0.14,0.135,0.135,109294
DRO,20181114,0.14,0.14,0.135,0.135,19567
DRO,20181115,0.135,0.14,0.135,0.14,184872
DRO,20181116,0.14,0.14,0.13,0.135,187606
DRO,20181119,0.135,0.135,0.135,0.135,40597
DRO,20181120,0.135,0.135,0.135,0.135,0
DRO,20181121,0.135,0.135,0.135,0.135,0
DRO,20181122,0.13,0.135,0.13,0.135,7930
DRO,20181123,0.13,0.135,0.13,0.135,100963
DRO,20181126,0.135,0.135,0.13,0.135,107184
DRO,20181127,0.13,0.135,0.13,0.135,29900
DRO,20181128,0.135,0.135,0.135,0.135,0
DRO,20181129,0.135,0.135,0.125,0.13,103065
DRO,20181130,0.13,0.13,0.125,0.13,23141
DRO,20181203,0.13,0.13,0.125,0.13,45562
DRO,20181204,0.13,0.13,0.125,0.125,16281
DRO,20181205,0.13,0.135,0.13,0.135,107493
DRO,20181206,0.135,0.14,0.135,0.14,28958
DRO,20181207,0.14,0.14,0.14,0.14,20713
DRO,20181210,0.14,0.14,0.135,0.14,36098
DRO,20181211,0.14,0.14,0.13,0.13,49102
DRO,20181212,0.13,0.13,0.125,0.13,65909
DRO,20181213,0.13,0.13,0.13,0.13,0
DRO,20181214,0.125,0.125,0.125,0.125,65654
DRO,20181217,0.125,0.125,0.12,0.12,52858
DRO,20181218,0.12,0.12,0.115,0.12,232581
DRO,20181219,0.12,0.12,0.115,0.115,26298
DRO,20181220,0.11,0.11,0.1,0.105,374490
DRO,20181221,0.11,0.135,0.11,0.135,1328861
DRO,20181224,0.15,0.155,0.14,0.145,1083335
DRO,20181227,0.16,0.185,0.155,0.18,2459635
DRO,20181228,0.19,0.2,0.17,0.175,1475509
DRO,20181231,0.175,0.19,0.175,0.19,674615
DRO,20190102,0.19,0.19,0.165,0.17,695719
DRO,20190103,0.17,0.175,0.16,0.165,262330
DRO,20190104,0.16,0.16,0.155,0.16,119554
DRO,20190107,0.16,0.165,0.135,0.135,971641
DRO,20190108,0.14,0.14,0.135,0.14,108381
DRO,20190109,0.15,0.16,0.14,0.14,968496
DRO,20190110,0.15,0.155,0.14,0.155,268790
DRO,20190111,0.15,0.15,0.14,0.14,88851
DRO,20190114,0.14,0.14,0.14,0.14,151553
DRO,20190115,0.135,0.135,0.135,0.135,4041
DRO,20190116,0.14,0.145,0.14,0.14,99112
DRO,20190117,0.14,0.14,0.135,0.135,33115
DRO,20190118,0.135,0.14,0.135,0.14,52363
DRO,20190121,0.14,0.14,0.14,0.14,10663
DRO,20190122,0.135,0.14,0.135,0.14,86865
DRO,20190123,0.14,0.145,0.135,0.14,46963
DRO,20190124,0.14,0.16,0.14,0.145,732610
DRO,20190125,0.145,0.155,0.145,0.15,310710
DRO,20190129,0.155,0.165,0.14,0.14,77638
DRO,20190130,0.15,0.16,0.15,0.15,111514
DRO,20190131,0.155,0.155,0.15,0.15,39677
DRO,20190201,0.15,0.155,0.15,0.155,83765
DRO,20190204,0.15,0.15,0.15,0.15,109046
DRO,20190205,0.16,0.16,0.15,0.15,213655
DRO,20190206,0.15,0.15,0.15,0.15,0
DRO,20190207,0.15,0.15,0.14,0.145,162439
DRO,20190208,0.145,0.145,0.14,0.14,179136
DRO,20190211,0.15,0.15,0.135,0.14,107597
DRO,20190212,0.145,0.145,0.14,0.145,36537
DRO,20190213,0.145,0.145,0.145,0.145,0
DRO,20190214,0.145,0.145,0.145,0.145,0
DRO,20190215,0.13,0.14,0.13,0.135,1036050
DRO,20190218,0.135,0.135,0.125,0.13,412545
DRO,20190219,0.125,0.125,0.12,0.125,304356
DRO,20190220,0.125,0.125,0.115,0.115,288434
DRO,20190221,0.115,0.12,0.115,0.12,389861
DRO,20190222,0.12,0.12,0.115,0.115,303635
DRO,20190225,0.115,0.12,0.115,0.115,395770
DRO,20190226,0.115,0.115,0.11,0.11,455091
DRO,20190227,0.11,0.115,0.11,0.11,85598
DRO,20190228,0.11,0.11,0.11,0.11,62825
DRO,20190301,0.105,0.112,0.105,0.112,39776
DRO,20190304,0.11,0.11,0.105,0.107,27000
DRO,20190305,0.107,0.107,0.107,0.107,2000
DRO,20190306,0.11,0.11,0.105,0.107,88114
DRO,20190307,0.105,0.107,0.1,0.1,296267
DRO,20190308,0.1,0.1,0.1,0.1,0
DRO,20190311,0.1,0.1,0.1,0.1,0
DRO,20190312,0.1,0.105,0.1,0.105,422325
DRO,20190313,0.105,0.11,0.105,0.11,172522
DRO,20190314,0.11,0.11,0.105,0.105,48318
DRO,20190315,0.11,0.11,0.105,0.11,162445
DRO,20190318,0.11,0.11,0.11,0.11,64264
DRO,20190319,0.11,0.11,0.105,0.105,441618
DRO,20190320,0.105,0.11,0.105,0.11,20768
DRO,20190321,0.11,0.115,0.105,0.11,86708
DRO,20190322,0.115,0.115,0.105,0.11,84814
DRO,20190325,0.11,0.11,0.11,0.11,184470
DRO,20190326,0.11,0.115,0.11,0.11,212203
DRO,20190327,0.11,0.11,0.11,0.11,97643
DRO,20190328,0.105,0.115,0.105,0.11,32913
DRO,20190329,0.11,0.11,0.11,0.11,13938
DRO,20190401,0.11,0.11,0.1,0.1,924787
DRO,20190402,0.097,0.097,0.09,0.093,590254
DRO,20190403,0.095,0.096,0.095,0.095,68631
DRO,20190404,0.095,0.1,0.095,0.1,231867
DRO,20190405,0.099,0.1,0.093,0.1,483711
DRO,20190408,0.105,0.13,0.105,0.13,5353429
DRO,20190409,0.13,0.135,0.125,0.13,1215372
DRO,20190410,0.125,0.13,0.125,0.13,219338
DRO,20190411,0.127,0.135,0.127,0.13,343856
DRO,20190412,0.135,0.135,0.13,0.13,7984
DRO,20190415,0.135,0.14,0.135,0.14,475396
DRO,20190416,0.14,0.145,0.14,0.14,3322531
DRO,20190417,0.14,0.14,0.14,0.14,679398
DRO,20190418,0.14,0.14,0.14,0.14,121000
DRO,20190423,0.14,0.14,0.13,0.13,74889
DRO,20190424,0.13,0.13,0.13,0.13,10683
DRO,20190426,0.13,0.13,0.13,0.13,10317
DRO,20190429,0.13,0.135,0.13,0.135,65502
DRO,20190430,0.135,0.14,0.13,0.13,185699
DRO,20190501,0.135,0.135,0.13,0.13,72658
DRO,20190502,0.13,0.14,0.13,0.14,812112
DRO,20190503,0.145,0.15,0.14,0.145,1801933
DRO,20190506,0.15,0.15,0.13,0.13,708456
DRO,20190507,0.13,0.135,0.13,0.135,282180
DRO,20190508,0.13,0.135,0.13,0.135,331952
DRO,20190509,0.14,0.14,0.13,0.13,160453
DRO,20190510,0.13,0.13,0.13,0.13,52000
DRO,20190513,0.13,0.135,0.13,0.13,209164
DRO,20190514,0.125,0.125,0.125,0.125,135299
DRO,20190515,0.125,0.125,0.12,0.125,45000
DRO,20190516,0.125,0.125,0.125,0.125,0
DRO,20190517,0.125,0.125,0.125,0.125,51713
DRO,20190520,0.12,0.125,0.12,0.125,104966
DRO,20190521,0.13,0.13,0.13,0.13,14902
DRO,20190522,0.14,0.155,0.14,0.145,3336934
DRO,20190523,0.15,0.15,0.14,0.14,1585276
DRO,20190524,0.14,0.145,0.14,0.145,258070
DRO,20190527,0.145,0.15,0.145,0.145,352314
DRO,20190528,0.145,0.15,0.145,0.15,212061
DRO,20190529,0.15,0.15,0.14,0.145,769656
DRO,20190530,0.15,0.15,0.145,0.145,376177
DRO,20190531,0.145,0.145,0.145,0.145,29129
DRO,20190603,0.145,0.145,0.135,0.135,578685
DRO,20190604,0.14,0.14,0.135,0.135,85267
DRO,20190605,0.14,0.14,0.14,0.14,191279
DRO,20190606,0.15,0.15,0.145,0.145,364645
DRO,20190607,0.15,0.155,0.14,0.14,1435889
DRO,20190611,0.14,0.15,0.14,0.145,127724
DRO,20190612,0.145,0.147,0.145,0.147,173651
DRO,20190613,0.15,0.155,0.14,0.14,847418
DRO,20190614,0.14,0.145,0.14,0.14,191131
DRO,20190617,0.14,0.14,0.14,0.14,76031
DRO,20190618,0.14,0.14,0.14,0.14,195325
DRO,20190619,0.135,0.14,0.135,0.14,132752
DRO,20190620,0.14,0.15,0.14,0.14,400568
DRO,20190621,0.14,0.14,0.14,0.14,341267
DRO,20190624,0.14,0.145,0.135,0.135,364838
DRO,20190625,0.14,0.14,0.14,0.14,54483
DRO,20190626,0.135,0.145,0.135,0.14,201114
DRO,20190627,0.145,0.15,0.14,0.15,209652
DRO,20190628,0.145,0.145,0.135,0.135,529853
DRO,20190701,0.135,0.135,0.135,0.135,78766
DRO,20190702,0.13,0.135,0.13,0.13,82408
DRO,20190703,0.13,0.13,0.13,0.13,174000
DRO,20190704,0.14,0.145,0.13,0.13,197330
DRO,20190705,0.135,0.14,0.13,0.13,110057
DRO,20190708,0.13,0.13,0.13,0.13,0
DRO,20190709,0.14,0.14,0.13,0.13,145149
DRO,20190710,0.14,0.145,0.135,0.145,1130500
DRO,20190711,0.145,0.16,0.145,0.155,4898093
DRO,20190712,0.16,0.165,0.15,0.155,3536982
DRO,20190715,0.16,0.16,0.145,0.15,1818892
DRO,20190716,0.15,0.155,0.15,0.15,495402
DRO,20190717,0.155,0.16,0.155,0.157,368298
DRO,20190718,0.16,0.16,0.145,0.15,1115619
DRO,20190719,0.15,0.155,0.15,0.155,728103
DRO,20190722,0.16,0.165,0.155,0.155,2289356
DRO,20190723,0.155,0.19,0.155,0.19,2751325
DRO,20190724,0.215,0.27,0.215,0.27,11003949
DRO,20190725,0.285,0.295,0.235,0.245,8039830
DRO,20190726,0.24,0.26,0.23,0.24,4011600
DRO,20190729,0.255,0.32,0.255,0.32,4632288
DRO,20190730,0.325,0.355,0.29,0.3,4723496
DRO,20190731,0.3,0.3,0.3,0.3,0
DRO,20190801,0.3,0.3,0.3,0.3,0
DRO,20190802,0.275,0.32,0.26,0.31,7329988
DRO,20190805,0.32,0.345,0.27,0.27,3003590
DRO,20190806,0.265,0.265,0.25,0.26,4687475
DRO,20190807,0.265,0.275,0.255,0.26,1675878
DRO,20190808,0.245,0.26,0.24,0.255,4841229
DRO,20190809,0.265,0.28,0.26,0.275,1732962
DRO,20190812,0.28,0.35,0.277,0.345,6327293
DRO,20190813,0.34,0.345,0.325,0.33,2554658
DRO,20190814,0.335,0.365,0.305,0.305,3496712
DRO,20190815,0.285,0.3,0.27,0.29,1732713
DRO,20190816,0.29,0.3,0.285,0.295,404424
DRO,20190819,0.295,0.32,0.285,0.295,1113339
DRO,20190820,0.295,0.3,0.28,0.28,451161
DRO,20190821,0.295,0.305,0.28,0.28,523192
DRO,20190822,0.28,0.28,0.255,0.26,622571
DRO,20190823,0.26,0.28,0.26,0.275,634212
DRO,20190826,0.27,0.27,0.26,0.265,292597
DRO,20190827,0.265,0.28,0.265,0.27,886877
DRO,20190828,0.275,0.275,0.255,0.265,401530
DRO,20190829,0.265,0.265,0.24,0.24,1161009
DRO,20190830,0.25,0.28,0.25,0.28,925567
DRO,20190902,0.28,0.3,0.275,0.29,763828
DRO,20190903,0.295,0.295,0.275,0.275,883377
DRO,20190904,0.27,0.275,0.265,0.27,369803
DRO,20190905,0.275,0.28,0.27,0.28,175463
DRO,20190906,0.28,0.29,0.275,0.29,540880
DRO,20190909,0.3,0.31,0.285,0.31,1102319
DRO,20190910,0.302,0.31,0.285,0.31,993190
DRO,20190911,0.35,0.36,0.325,0.335,5000002
DRO,20190912,0.33,0.34,0.32,0.32,1728312
DRO,20190913,0.325,0.33,0.32,0.32,892124
DRO,20190916,0.37,0.427,0.365,0.395,15568712
DRO,20190917,0.41,0.43,0.37,0.37,11023185
DRO,20190918,0.38,0.4,0.37,0.385,4281126
DRO,20190919,0.39,0.405,0.38,0.385,3838889
DRO,20190920,0.39,0.415,0.39,0.4,2376158
DRO,20190923,0.4,0.41,0.385,0.385,8807763
DRO,20190924,0.385,0.385,0.36,0.375,2291339
DRO,20190925,0.375,0.39,0.345,0.35,2817911
DRO,20190926,0.345,0.36,0.33,0.35,1651471
DRO,20190927,0.34,0.36,0.335,0.35,1830495
DRO,20190930,0.36,0.385,0.35,0.365,3051148
DRO,20191001,0.37,0.39,0.347,0.36,4168949
DRO,20191002,0.365,0.365,0.335,0.335,2270883
DRO,20191003,0.33,0.35,0.325,0.335,2680780
DRO,20191004,0.335,0.355,0.33,0.355,1399556
DRO,20191007,0.365,0.37,0.355,0.37,705779
DRO,20191008,0.37,0.37,0.345,0.345,834013
DRO,20191009,0.345,0.345,0.325,0.335,1057221
DRO,20191010,0.34,0.34,0.325,0.34,570334
DRO,20191011,0.34,0.345,0.335,0.34,419332
DRO,20191014,0.35,0.35,0.335,0.335,860383
DRO,20191015,0.345,0.345,0.335,0.34,358681
DRO,20191016,0.345,0.4,0.345,0.395,4140925
DRO,20191017,0.39,0.39,0.36,0.365,2107793
DRO,20191018,0.365,0.395,0.365,0.38,1114921
DRO,20191021,0.38,0.385,0.365,0.37,1028760
DRO,20191022,0.375,0.375,0.365,0.375,434711
DRO,20191023,0.38,0.46,0.38,0.43,7241041
DRO,20191024,0.425,0.465,0.415,0.44,3550371
DRO,20191025,0.445,0.445,0.415,0.415,1277777
DRO,20191028,0.42,0.42,0.38,0.38,1866068
DRO,20191029,0.38,0.39,0.36,0.385,941542
DRO,20191030,0.43,0.45,0.39,0.405,5419074
DRO,20191031,0.405,0.417,0.375,0.375,1947664
DRO,20191101,0.375,0.405,0.36,0.4,1995138
DRO,20191104,0.4,0.42,0.385,0.395,1195922
DRO,20191105,0.4,0.405,0.38,0.38,1594762
DRO,20191106,0.38,0.395,0.375,0.395,413986
DRO,20191107,0.39,0.395,0.385,0.385,719093
DRO,20191108,0.4,0.4,0.375,0.38,1194131
DRO,20191111,0.375,0.39,0.375,0.385,668769
DRO,20191112,0.375,0.385,0.375,0.38,686759
DRO,20191113,0.38,0.39,0.36,0.36,1693218
DRO,20191114,0.37,0.37,0.36,0.365,560697
DRO,20191115,0.37,0.37,0.32,0.325,2540104
DRO,20191118,0.325,0.34,0.325,0.33,1146858
DRO,20191119,0.34,0.355,0.33,0.335,965369
DRO,20191120,0.34,0.34,0.295,0.31,2436180
DRO,20191121,0.295,0.305,0.275,0.28,1692874
DRO,20191122,0.285,0.31,0.28,0.29,1931338
DRO,20191125,0.285,0.3,0.28,0.285,1208551
DRO,20191126,0.285,0.3,0.285,0.295,422106
DRO,20191127,0.295,0.32,0.295,0.315,864332
DRO,20191128,0.315,0.335,0.31,0.32,1092340
DRO,20191129,0.315,0.32,0.295,0.295,555805
DRO,20191202,0.295,0.3,0.295,0.295,397850
DRO,20191203,0.295,0.295,0.28,0.28,643062
DRO,20191204,0.285,0.29,0.275,0.28,731433
DRO,20191205,0.28,0.3,0.265,0.27,1487442
DRO,20191206,0.28,0.28,0.27,0.27,535782
DRO,20191209,0.265,0.27,0.245,0.245,1341079
DRO,20191210,0.245,0.27,0.24,0.255,1007696
DRO,20191211,0.26,0.28,0.26,0.26,296602
DRO,20191212,0.27,0.27,0.245,0.255,642460
DRO,20191213,0.25,0.275,0.25,0.27,458878
DRO,20191216,0.28,0.305,0.275,0.285,971216
DRO,20191217,0.29,0.29,0.26,0.265,804277
DRO,20191218,0.27,0.27,0.255,0.26,240666
DRO,20191219,0.255,0.26,0.255,0.255,27959
DRO,20191220,0.255,0.26,0.255,0.26,30808
DRO,20191223,0.26,0.26,0.255,0.255,50965
DRO,20191224,0.26,0.27,0.26,0.265,175693
DRO,20191227,0.27,0.272,0.26,0.272,126464
DRO,20191230,0.275,0.29,0.275,0.29,294305
DRO,20191231,0.29,0.295,0.275,0.275,97897
DRO,20200102,0.28,0.285,0.265,0.265,218978
DRO,20200103,0.265,0.275,0.265,0.265,211993
DRO,20200106,0.27,0.3,0.265,0.27,1274688
DRO,20200107,0.28,0.28,0.27,0.28,436261
DRO,20200108,0.285,0.285,0.27,0.285,560940
DRO,20200109,0.285,0.3,0.285,0.29,712676
DRO,20200113,0.28,0.28,0.27,0.275,208253
DRO,20200114,0.28,0.285,0.26,0.27,727826
DRO,20200115,0.26,0.265,0.26,0.265,243538
DRO,20200116,0.265,0.275,0.255,0.265,1016158
DRO,20200117,0.26,0.26,0.225,0.235,2929874
DRO,20200120,0.225,0.225,0.195,0.225,6003930
DRO,20200121,0.23,0.235,0.205,0.205,1263159
DRO,20200122,0.21,0.212,0.2,0.2,1472615
DRO,20200123,0.205,0.21,0.2,0.2,1037360
DRO,20200124,0.21,0.23,0.205,0.225,1016630
DRO,20200128,0.225,0.25,0.22,0.25,1446807
DRO,20200129,0.25,0.25,0.23,0.24,449899
DRO,20200130,0.24,0.24,0.22,0.222,227701
DRO,20200203,0.215,0.23,0.215,0.23,507024
DRO,20200204,0.22,0.235,0.22,0.23,211221
DRO,20200205,0.225,0.235,0.225,0.235,397669
DRO,20200210,0.22,0.225,0.215,0.217,252868
DRO,20200211,0.22,0.22,0.2,0.205,1356208
DRO,20200212,0.205,0.205,0.195,0.2,669215
DRO,20200213,0.205,0.205,0.2,0.2,157151
DRO,20200214,0.205,0.235,0.2,0.235,1061205
DRO,20200217,0.23,0.23,0.22,0.22,114594
DRO,20200218,0.235,0.235,0.21,0.21,274525
DRO,20200219,0.215,0.215,0.205,0.205,201232
DRO,20200220,0.21,0.212,0.21,0.21,129231
DRO,20200221,0.22,0.22,0.19,0.195,1471278
DRO,20200224,0.19,0.205,0.19,0.19,727256
DRO,20200225,0.19,0.19,0.175,0.175,579053
DRO,20200226,0.18,0.185,0.165,0.17,755937
DRO,20200227,0.17,0.17,0.16,0.16,618485
DRO,20200228,0.15,0.16,0.125,0.145,876467
DRO,20200302,0.16,0.165,0.145,0.16,1408623
DRO,20200303,0.17,0.18,0.17,0.17,867142
DRO,20200304,0.175,0.18,0.17,0.175,370414
DRO,20200305,0.18,0.185,0.165,0.165,408356
DRO,20200306,0.165,0.17,0.16,0.165,640964
DRO,20200309,0.17,0.17,0.15,0.16,706660
DRO,20200310,0.15,0.155,0.142,0.15,977710
DRO,20200311,0.16,0.16,0.142,0.145,441260
DRO,20200312,0.14,0.14,0.099,0.11,3068058
DRO,20200313,0.1,0.135,0.095,0.135,1271973
DRO,20200316,0.13,0.135,0.12,0.12,1079952
DRO,20200317,0.12,0.12,0.115,0.115,404804
DRO,20200318,0.115,0.12,0.105,0.105,203025
DRO,20200319,0.12,0.12,0.105,0.105,449595
DRO,20200320,0.11,0.12,0.11,0.12,365196
DRO,20200323,0.115,0.115,0.096,0.1,686107
DRO,20200324,0.1,0.102,0.099,0.1,356611
DRO,20200325,0.115,0.12,0.1,0.1,503959
DRO,20200326,0.1,0.105,0.1,0.1,560786
DRO,20200327,0.105,0.11,0.097,0.098,450458
DRO,20200330,0.1,0.105,0.098,0.102,602212
DRO,20200331,0.105,0.11,0.1,0.1,675311
DRO,20200401,0.105,0.11,0.1,0.1,651099
DRO,20200402,0.105,0.105,0.1,0.1,454034
DRO,20200403,0.1,0.11,0.099,0.1,614890
DRO,20200406,0.105,0.105,0.1,0.1,485484
DRO,20200407,0.11,0.115,0.1,0.107,916642
DRO,20200408,0.11,0.11,0.105,0.11,237837
DRO,20200409,0.11,0.11,0.1,0.1,504737
DRO,20200414,0.105,0.11,0.105,0.11,974716
DRO,20200415,0.115,0.12,0.115,0.115,2274738
DRO,20200416,0.115,0.115,0.099,0.1,2080364
DRO,20200417,0.1,0.115,0.099,0.1,3845255
DRO,20200420,0.105,0.105,0.093,0.094,2362957
DRO,20200421,0.095,0.095,0.085,0.093,2265375
DRO,20200422,0.095,0.095,0.087,0.089,523323
DRO,20200423,0.09,0.092,0.086,0.086,418006
DRO,20200424,0.087,0.09,0.084,0.09,726811
DRO,20200427,0.099,0.099,0.089,0.089,660053
DRO,20200428,0.092,0.105,0.09,0.1,1461879
DRO,20200429,0.105,0.115,0.1,0.105,2467734
DRO,20200430,0.115,0.12,0.11,0.11,1292466
DRO,20200501,0.11,0.11,0.105,0.105,991381
DRO,20200504,0.11,0.115,0.105,0.11,642793
DRO,20200505,0.115,0.115,0.105,0.11,644264
DRO,20200506,0.105,0.105,0.1,0.1,519471
DRO,20200507,0.1,0.105,0.1,0.105,371958
DRO,20200508,0.105,0.105,0.1,0.1,659093
DRO,20200511,0.1,0.115,0.1,0.11,1589541
DRO,20200512,0.11,0.115,0.11,0.11,1221506
DRO,20200513,0.105,0.112,0.105,0.11,972684
DRO,20200514,0.11,0.115,0.105,0.105,570426
DRO,20200515,0.11,0.11,0.095,0.097,2986695
DRO,20200518,0.1,0.102,0.099,0.1,466613
DRO,20200519,0.1,0.11,0.1,0.11,1056690
DRO,20200520,0.11,0.11,0.105,0.105,418213
DRO,20200521,0.11,0.19,0.11,0.17,15474656
DRO,20200522,0.175,0.19,0.165,0.165,7272563
DRO,20200525,0.17,0.175,0.155,0.16,2952925
DRO,20200526,0.16,0.165,0.155,0.155,1764892
DRO,20200527,0.16,0.175,0.16,0.16,3061226
DRO,20200528,0.16,0.165,0.14,0.15,5835556
DRO,20200529,0.15,0.15,0.14,0.14,2062821
DRO,20200601,0.135,0.145,0.135,0.145,738598
DRO,20200602,0.145,0.145,0.14,0.14,789842
DRO,20200603,0.145,0.145,0.135,0.14,764111
DRO,20200604,0.14,0.145,0.135,0.14,1069318
DRO,20200605,0.145,0.145,0.13,0.135,1791495
DRO,20200609,0.145,0.145,0.135,0.135,625798
DRO,20200610,0.135,0.14,0.13,0.14,891490
DRO,20200611,0.14,0.14,0.13,0.13,581443
DRO,20200612,0.125,0.125,0.115,0.12,2262212
DRO,20200615,0.125,0.125,0.11,0.11,1162078
DRO,20200616,0.115,0.12,0.115,0.115,1360996
DRO,20200617,0.12,0.12,0.115,0.115,1041137
DRO,20200618,0.12,0.12,0.115,0.115,140667
DRO,20200619,0.12,0.14,0.115,0.135,3237829
DRO,20200622,0.13,0.135,0.125,0.125,582188
DRO,20200623,0.13,0.135,0.13,0.135,291864
DRO,20200624,0.14,0.145,0.125,0.125,1746644
DRO,20200625,0.125,0.125,0.115,0.115,1328998
DRO,20200626,0.12,0.13,0.12,0.125,701500
DRO,20200629,0.125,0.125,0.115,0.12,797279
DRO,20200630,0.12,0.13,0.12,0.12,2002484
DRO,20200701,0.125,0.135,0.125,0.135,1416465
DRO,20200702,0.14,0.14,0.135,0.14,1153022
DRO,20200703,0.145,0.145,0.13,0.13,2026175
DRO,20200706,0.13,0.14,0.13,0.13,1580692
DRO,20200707,0.135,0.14,0.12,0.12,1211911
DRO,20200708,0.12,0.125,0.12,0.12,1455244
DRO,20200709,0.125,0.125,0.105,0.115,4458786
DRO,20200710,0.12,0.12,0.105,0.11,4385552
DRO,20200713,0.115,0.115,0.11,0.11,1351813
DRO,20200714,0.11,0.112,0.105,0.11,1158158
DRO,20200715,0.11,0.11,0.105,0.11,474433
DRO,20200716,0.11,0.115,0.11,0.115,1121757
DRO,20200717,0.11,0.115,0.11,0.115,311632
DRO,20200720,0.115,0.115,0.105,0.11,3685577
DRO,20200721,0.11,0.11,0.1,0.11,2361352
DRO,20200722,0.11,0.122,0.11,0.115,5129616
DRO,20200723,0.12,0.16,0.12,0.155,18842993
DRO,20200724,0.18,0.195,0.155,0.16,18422940
DRO,20200727,0.16,0.185,0.16,0.18,11469894
DRO,20200728,0.175,0.175,0.165,0.17,4718051
DRO,20200729,0.17,0.17,0.165,0.17,2163210
DRO,20200730,0.17,0.175,0.16,0.165,2126640
DRO,20200731,0.165,0.165,0.15,0.15,2341049
DRO,20200803,0.15,0.15,0.15,0.15,0
DRO,20200804,0.15,0.15,0.15,0.15,0
DRO,20200805,0.15,0.15,0.15,0.15,0
DRO,20200806,0.145,0.145,0.132,0.135,5691719
DRO,20200807,0.14,0.145,0.135,0.14,2195457
DRO,20200810,0.14,0.15,0.14,0.145,1677319
DRO,20200811,0.145,0.145,0.135,0.135,2324652
DRO,20200812,0.135,0.14,0.132,0.135,2113470
DRO,20200813,0.13,0.135,0.13,0.135,2180871
DRO,20200814,0.13,0.135,0.13,0.135,2576173
DRO,20200817,0.135,0.14,0.13,0.135,1216790
DRO,20200818,0.135,0.155,0.135,0.155,8766952
DRO,20200819,0.155,0.155,0.14,0.14,2706271
DRO,20200820,0.14,0.15,0.14,0.14,1362293
DRO,20200821,0.145,0.145,0.135,0.14,2213453
DRO,20200824,0.14,0.145,0.135,0.14,1560263
DRO,20200825,0.14,0.14,0.135,0.135,592238
DRO,20200826,0.135,0.14,0.135,0.14,210130
DRO,20200827,0.135,0.14,0.13,0.13,3126815
DRO,20200828,0.135,0.14,0.13,0.14,1086635
DRO,20200831,0.15,0.16,0.14,0.145,7522595
DRO,20200901,0.14,0.145,0.135,0.14,3955507
DRO,20200902,0.135,0.14,0.135,0.135,552517
DRO,20200903,0.135,0.18,0.135,0.175,29473924
DRO,20200904,0.16,0.17,0.155,0.165,6143910
DRO,20200907,0.165,0.18,0.16,0.17,4892980
DRO,20200908,0.17,0.17,0.15,0.15,7147945
DRO,20200909,0.15,0.16,0.145,0.15,3440222
DRO,20200910,0.14,0.22,0.135,0.205,70824470
DRO,20200911,0.23,0.25,0.205,0.205,61031700
DRO,20200914,0.215,0.22,0.192,0.2,12272367
DRO,20200915,0.2,0.205,0.18,0.18,8063827
DRO,20200916,0.19,0.22,0.19,0.2,15577738
DRO,20200917,0.205,0.22,0.195,0.195,9266803
DRO,20200918,0.2,0.21,0.2,0.21,3786974
DRO,20200921,0.215,0.23,0.215,0.23,10193916
DRO,20200922,0.22,0.225,0.215,0.215,5207551
DRO,20200923,0.225,0.23,0.21,0.215,4765853
DRO,20200924,0.21,0.215,0.205,0.205,2213464
DRO,20200925,0.21,0.22,0.21,0.21,2166175
DRO,20200928,0.21,0.22,0.205,0.21,3012729
DRO,20200929,0.21,0.21,0.195,0.2,3996080
DRO,20200930,0.2,0.2,0.19,0.2,3473052
DRO,20201001,0.225,0.23,0.21,0.215,6682192
DRO,20201002,0.215,0.22,0.2,0.205,4314501
DRO,20201005,0.205,0.205,0.2,0.2,2062711
DRO,20201006,0.205,0.215,0.2,0.21,2582925
DRO,20201007,0.21,0.21,0.2,0.205,1111785
DRO,20201008,0.21,0.215,0.205,0.21,2477430
DRO,20201009,0.21,0.215,0.2,0.2,2064606
DRO,20201012,0.205,0.21,0.2,0.205,1935442
DRO,20201013,0.205,0.205,0.2,0.205,1488300
DRO,20201014,0.205,0.205,0.2,0.2,1346574
DRO,20201015,0.205,0.205,0.19,0.19,4053594
DRO,20201016,0.195,0.197,0.19,0.195,1553056
DRO,20201019,0.195,0.195,0.19,0.19,2237437
DRO,20201020,0.19,0.19,0.18,0.185,3746939
DRO,20201021,0.19,0.19,0.18,0.18,2547203
DRO,20201022,0.18,0.185,0.18,0.18,1145406
DRO,20201023,0.185,0.185,0.18,0.18,1454034
DRO,20201026,0.18,0.185,0.175,0.18,2387683
DRO,20201027,0.175,0.175,0.165,0.17,2725087
DRO,20201028,0.175,0.175,0.165,0.17,1942126
DRO,20201029,0.165,0.2,0.16,0.195,8850628
DRO,20201030,0.195,0.195,0.18,0.18,3853113
DRO,20201102,0.18,0.185,0.175,0.175,1329414
DRO,20201103,0.18,0.19,0.18,0.185,315622
DRO,20201104,0.185,0.19,0.185,0.185,506779
DRO,20201105,0.19,0.19,0.18,0.19,890523
DRO,20201106,0.19,0.2,0.185,0.195,1615583
DRO,20201109,0.195,0.195,0.185,0.185,1068999
DRO,20201110,0.19,0.19,0.185,0.185,1248868
DRO,20201111,0.19,0.21,0.19,0.2,6439058
DRO,20201112,0.205,0.205,0.19,0.19,2588982
DRO,20201113,0.205,0.225,0.195,0.195,12284414
DRO,20201116,0.2,0.205,0.2,0.2,1147969
DRO,20201117,0.205,0.205,0.19,0.19,2430554
DRO,20201118,0.195,0.2,0.19,0.195,782337
DRO,20201120,0.195,0.195,0.19,0.19,1486055
DRO,20201123,0.195,0.195,0.19,0.19,664925
DRO,20201124,0.195,0.195,0.19,0.19,875372
DRO,20201125,0.19,0.195,0.185,0.185,2964394
DRO,20201126,0.185,0.187,0.185,0.185,1347347
DRO,20201127,0.185,0.187,0.18,0.18,878346
DRO,20201130,0.185,0.19,0.18,0.185,715187
DRO,20201201,0.18,0.185,0.18,0.185,756623
DRO,20201202,0.19,0.19,0.18,0.18,1262577
DRO,20201203,0.18,0.195,0.18,0.195,2475717
DRO,20201204,0.19,0.192,0.185,0.185,564536
DRO,20201207,0.19,0.19,0.185,0.185,965184
DRO,20201208,0.185,0.185,0.18,0.18,2189835
DRO,20201209,0.18,0.185,0.18,0.18,855431
DRO,20201210,0.18,0.185,0.18,0.18,1700414
DRO,20201211,0.18,0.185,0.175,0.175,1593397
DRO,20201214,0.18,0.185,0.175,0.175,682803
DRO,20201215,0.18,0.19,0.18,0.18,2688072
DRO,20201216,0.185,0.185,0.175,0.18,1700914
DRO,20201217,0.18,0.18,0.175,0.175,302845
DRO,20201218,0.18,0.18,0.175,0.175,346546
DRO,20201221,0.18,0.18,0.17,0.17,1543704
DRO,20201222,0.175,0.175,0.17,0.17,516854
DRO,20201224,0.17,0.17,0.17,0.17,0
DRO,20201229,0.175,0.18,0.175,0.18,1373986
DRO,20201230,0.18,0.18,0.175,0.18,816325
DRO,20201231,0.18,0.18,0.17,0.17,1255589
DRO,20210104,0.18,0.185,0.18,0.18,1998889
DRO,20210105,0.185,0.19,0.18,0.19,2033378
DRO,20210106,0.185,0.185,0.18,0.18,527896
DRO,20210107,0.185,0.19,0.18,0.185,982182
DRO,20210108,0.185,0.185,0.18,0.18,789218
DRO,20210111,0.18,0.185,0.175,0.175,1902187
DRO,20210112,0.18,0.18,0.175,0.175,342940
DRO,20210113,0.18,0.18,0.17,0.17,731268
DRO,20210114,0.175,0.18,0.175,0.18,374394
DRO,20210115,0.18,0.18,0.17,0.175,1021465
DRO,20210118,0.18,0.185,0.175,0.18,1341129
DRO,20210119,0.18,0.185,0.175,0.18,585533
DRO,20210120,0.18,0.185,0.175,0.175,580170
DRO,20210121,0.18,0.185,0.175,0.18,1593242
DRO,20210122,0.175,0.18,0.175,0.175,1504859
DRO,20210125,0.18,0.18,0.175,0.175,1327449
DRO,20210127,0.185,0.185,0.17,0.17,3298422
DRO,20210128,0.175,0.175,0.17,0.17,531958
DRO,20210129,0.175,0.175,0.17,0.175,420094
DRO,20210201,0.175,0.18,0.17,0.17,1205086
DRO,20210203,0.175,0.175,0.17,0.175,1748226
DRO,20210204,0.18,0.18,0.17,0.17,566885
DRO,20210205,0.17,0.175,0.17,0.17,1164968
DRO,20210208,0.175,0.18,0.17,0.175,1691777
DRO,20210209,0.175,0.182,0.175,0.18,2482144
DRO,20210210,0.18,0.19,0.18,0.19,2940512
DRO,20210211,0.19,0.195,0.18,0.18,2945709
DRO,20210212,0.185,0.19,0.18,0.18,1102760
DRO,20210215,0.18,0.19,0.18,0.18,856137
DRO,20210216,0.18,0.18,0.175,0.175,1139655
DRO,20210217,0.175,0.177,0.175,0.175,540693
DRO,20210218,0.18,0.18,0.175,0.175,1398925
DRO,20210219,0.17,0.175,0.17,0.17,3037697
DRO,20210222,0.17,0.17,0.165,0.165,1654093
DRO,20210223,0.17,0.17,0.165,0.165,537298
DRO,20210224,0.175,0.18,0.17,0.17,2596551
DRO,20210225,0.17,0.175,0.17,0.17,1553994
DRO,20210226,0.175,0.175,0.165,0.17,1300879
DRO,20210301,0.175,0.175,0.17,0.17,601108
DRO,20210302,0.175,0.175,0.145,0.155,5481185
DRO,20210303,0.155,0.165,0.155,0.165,2057364
DRO,20210304,0.165,0.165,0.15,0.15,1443900
DRO,20210305,0.15,0.155,0.15,0.15,774146
DRO,20210308,0.155,0.155,0.15,0.15,745389
DRO,20210309,0.15,0.155,0.15,0.15,372758
DRO,20210310,0.155,0.16,0.155,0.16,560542
DRO,20210311,0.155,0.16,0.155,0.16,560542
DRO,20210312,0.155,0.155,0.155,0.155,469063
DRO,20210315,0.16,0.17,0.16,0.165,1714465
DRO,20210316,0.165,0.17,0.16,0.16,613084
DRO,20210317,0.16,0.165,0.16,0.16,300788
DRO,20210318,0.16,0.165,0.15,0.15,2300836
DRO,20210319,0.15,0.155,0.15,0.15,2199322
DRO,20210322,0.155,0.155,0.15,0.155,764141
DRO,20210323,0.155,0.165,0.15,0.16,2015131
DRO,20210324,0.165,0.17,0.165,0.165,1900986
DRO,20210325,0.17,0.17,0.165,0.165,267508
DRO,20210329,0.165,0.17,0.16,0.16,478654
DRO,20210330,0.165,0.165,0.155,0.155,836486
DRO,20210331,0.16,0.16,0.155,0.155,413266
DRO,20210401,0.16,0.16,0.155,0.16,331977
DRO,20210406,0.165,0.165,0.16,0.16,1043975
DRO,20210407,0.17,0.175,0.165,0.17,2449711
DRO,20210408,0.17,0.175,0.17,0.17,866571
DRO,20210409,0.175,0.175,0.17,0.17,223019
DRO,20210412,0.175,0.175,0.165,0.17,1474996
DRO,20210413,0.175,0.195,0.175,0.185,8905300
DRO,20210414,0.18,0.18,0.175,0.175,1317470
DRO,20210415,0.175,0.18,0.175,0.18,913934
DRO,20210416,0.185,0.19,0.185,0.185,1807636
DRO,20210419,0.19,0.19,0.185,0.185,1126941
DRO,20210420,0.185,0.19,0.185,0.185,599520
DRO,20210421,0.185,0.185,0.17,0.17,1959346
DRO,20210422,0.175,0.185,0.175,0.18,750565
DRO,20210423,0.18,0.185,0.172,0.175,1171246
DRO,20210426,0.175,0.18,0.175,0.175,474964
DRO,20210427,0.175,0.195,0.175,0.19,5550749
DRO,20210428,0.195,0.195,0.18,0.18,1330641
DRO,20210429,0.185,0.185,0.175,0.18,1338214
DRO,20210430,0.18,0.185,0.175,0.175,836460
DRO,20210503,0.18,0.185,0.175,0.175,986599
DRO,20210504,0.185,0.19,0.185,0.19,1697184
DRO,20210505,0.19,0.19,0.18,0.18,815124
DRO,20210506,0.185,0.185,0.175,0.175,1317489
DRO,20210507,0.18,0.18,0.175,0.175,359564
DRO,20210510,0.175,0.177,0.17,0.17,1164344
DRO,20210511,0.17,0.175,0.17,0.17,482732
DRO,20210512,0.175,0.175,0.17,0.17,945800
DRO,20210513,0.17,0.17,0.165,0.165,607313
DRO,20210514,0.165,0.17,0.165,0.165,585208
DRO,20210517,0.17,0.17,0.165,0.165,368434
DRO,20210518,0.165,0.175,0.165,0.175,708112
DRO,20210519,0.17,0.175,0.165,0.17,830921
DRO,20210520,0.17,0.172,0.17,0.17,296385
DRO,20210521,0.17,0.175,0.17,0.17,722406
DRO,20210524,0.175,0.175,0.17,0.17,693345
DRO,20210525,0.17,0.18,0.17,0.18,1046239
DRO,20210526,0.175,0.18,0.175,0.18,411570
DRO,20210527,0.175,0.177,0.17,0.17,267251
DRO,20210528,0.175,0.175,0.17,0.175,1244806
DRO,20210531,0.175,0.177,0.17,0.17,304490
DRO,20210601,0.17,0.17,0.165,0.165,1980489
DRO,20210602,0.165,0.165,0.16,0.165,548168
DRO,20210603,0.165,0.165,0.16,0.165,672303
DRO,20210604,0.185,0.185,0.17,0.17,2842771
DRO,20210607,0.175,0.175,0.17,0.17,304241
DRO,20210609,0.17,0.17,0.165,0.165,206253
DRO,20210610,0.165,0.17,0.165,0.165,219215
DRO,20210611,0.165,0.17,0.165,0.165,425196
DRO,20210615,0.17,0.17,0.165,0.165,544493
DRO,20210616,0.165,0.165,0.162,0.165,764609
DRO,20210617,0.165,0.165,0.16,0.165,285226
DRO,20210618,0.16,0.165,0.16,0.165,317213
DRO,20210621,0.16,0.165,0.155,0.155,1367974
DRO,20210622,0.16,0.16,0.155,0.16,649006
DRO,20210623,0.16,0.165,0.16,0.165,771761
DRO,20210625,0.165,0.165,0.16,0.16,339798
DRO,20210628,0.16,0.16,0.155,0.155,890528
DRO,20210629,0.155,0.16,0.155,0.155,1009367
DRO,20210630,0.155,0.157,0.147,0.15,3133426
DRO,20210701,0.15,0.155,0.15,0.15,693239
DRO,20210705,0.155,0.155,0.15,0.15,153052
DRO,20210706,0.155,0.155,0.15,0.155,386170
DRO,20210707,0.155,0.155,0.152,0.155,139221
DRO,20210708,0.155,0.16,0.15,0.16,578230
DRO,20210709,0.16,0.17,0.16,0.165,2233406
DRO,20210712,0.175,0.18,0.167,0.17,2643975
DRO,20210714,0.175,0.175,0.165,0.17,1352470
DRO,20210715,0.17,0.175,0.165,0.17,1056661
DRO,20210716,0.17,0.177,0.17,0.175,1225258
DRO,20210719,0.18,0.18,0.172,0.18,931487
DRO,20210720,0.175,0.175,0.17,0.17,720576
DRO,20210723,0.165,0.17,0.16,0.165,1146060
DRO,20210726,0.16,0.165,0.16,0.16,1239406
DRO,20210727,0.17,0.18,0.17,0.175,3804678
DRO,20210728,0.18,0.18,0.175,0.18,954544
DRO,20210729,0.18,0.18,0.175,0.175,505048
DRO,20210730,0.175,0.182,0.175,0.18,1637756
DRO,20210802,0.18,0.185,0.18,0.185,1608632
DRO,20210803,0.185,0.202,0.185,0.2,7052940
DRO,20210804,0.2,0.2,0.19,0.195,2585356
DRO,20210805,0.2,0.205,0.195,0.195,1560409
DRO,20210806,0.2,0.205,0.195,0.2,920936
DRO,20210809,0.205,0.205,0.2,0.205,2128591
DRO,20210810,0.205,0.205,0.195,0.195,530137
DRO,20210811,0.2,0.21,0.195,0.205,2130600
DRO,20210812,0.21,0.225,0.205,0.205,7133415
DRO,20210813,0.205,0.21,0.19,0.21,3371861
DRO,20210819,0.195,0.2,0.195,0.2,508646
DRO,20210820,0.2,0.2,0.195,0.195,389851
DRO,20210823,0.2,0.21,0.2,0.21,1092983
DRO,20210824,0.21,0.21,0.207,0.21,397806
DRO,20210825,0.21,0.215,0.21,0.21,1231155
DRO,20210826,0.21,0.21,0.2,0.202,692151
DRO,20210827,0.2,0.205,0.195,0.195,1124051
DRO,20210830,0.2,0.2,0.195,0.2,276789
DRO,20210831,0.205,0.205,0.2,0.205,675581
DRO,20210901,0.21,0.21,0.205,0.205,432584
DRO,20210902,0.21,0.215,0.205,0.215,1374583
DRO,20210903,0.22,0.22,0.215,0.22,1239346
DRO,20210906,0.22,0.22,0.215,0.215,955181
DRO,20210907,0.215,0.22,0.21,0.21,475584
DRO,20210908,0.21,0.215,0.21,0.21,245301
DRO,20210909,0.215,0.215,0.195,0.195,1685650
DRO,20210910,0.195,0.205,0.195,0.2,687665
DRO,20210913,0.205,0.205,0.195,0.2,961260
DRO,20210914,0.2,0.2,0.195,0.2,814707
DRO,20210915,0.2,0.2,0.19,0.19,942491
DRO,20210916,0.19,0.192,0.18,0.18,2955452
DRO,20210917,0.185,0.185,0.175,0.175,921631
DRO,20210920,0.175,0.18,0.17,0.17,961418
DRO,20210922,0.175,0.175,0.17,0.17,802631
DRO,20210923,0.17,0.18,0.17,0.18,1279040
DRO,20210924,0.18,0.18,0.175,0.175,818468
DRO,20210927,0.185,0.185,0.177,0.185,479359
DRO,20210928,0.185,0.19,0.18,0.18,862850
DRO,20210929,0.185,0.185,0.175,0.175,507654
DRO,20210930,0.175,0.185,0.175,0.175,530651
DRO,20211001,0.18,0.185,0.175,0.185,227475
DRO,20211004,0.185,0.185,0.175,0.175,573870
DRO,20211005,0.18,0.18,0.175,0.175,284148
DRO,20211006,0.18,0.18,0.172,0.175,342230
DRO,20211007,0.175,0.185,0.175,0.18,985957
DRO,20211008,0.185,0.185,0.18,0.18,113406
DRO,20211011,0.185,0.185,0.175,0.18,569229
DRO,20211012,0.185,0.185,0.175,0.18,569229
DRO,20211013,0.18,0.182,0.177,0.18,678443
DRO,20211014,0.18,0.18,0.175,0.18,273191
DRO,20211019,0.175,0.175,0.17,0.172,44562
DRO,20211020,0.17,0.175,0.17,0.175,568906
DRO,20211021,0.175,0.18,0.172,0.175,682068
DRO,20211022,0.175,0.185,0.175,0.185,542310
DRO,20211025,0.18,0.185,0.175,0.18,331477
DRO,20211026,0.18,0.18,0.172,0.172,1851346
DRO,20211028,0.17,0.175,0.17,0.17,1159149
DRO,20211029,0.17,0.17,0.165,0.165,761044
DRO,20211101,0.18,0.185,0.175,0.175,2605040
DRO,20211102,0.175,0.18,0.175,0.18,623886
DRO,20211103,0.18,0.18,0.175,0.175,423758
DRO,20211104,0.18,0.18,0.175,0.175,347605
DRO,20211105,0.175,0.18,0.175,0.177,309375
DRO,20211109,0.18,0.18,0.175,0.175,390722
DRO,20211110,0.18,0.19,0.18,0.19,1673372
DRO,20211112,0.19,0.192,0.185,0.185,1154292
DRO,20211115,0.19,0.195,0.19,0.19,1208361
DRO,20211116,0.195,0.195,0.185,0.185,1216418
DRO,20211117,0.19,0.19,0.182,0.185,609881
DRO,20211118,0.185,0.19,0.18,0.18,353297
DRO,20211119,0.19,0.19,0.182,0.185,955344
DRO,20211122,0.185,0.19,0.185,0.185,424787
DRO,20211123,0.18,0.18,0.175,0.175,962832
DRO,20211124,0.175,0.18,0.175,0.177,84829
DRO,20211125,0.18,0.18,0.175,0.18,307721
DRO,20211126,0.18,0.18,0.175,0.175,693730
DRO,20211129,0.175,0.175,0.17,0.175,1143650
DRO,20211130,0.175,0.175,0.172,0.175,98616
DRO,20211201,0.17,0.172,0.17,0.17,767198
DRO,20211202,0.17,0.17,0.165,0.17,1230361
DRO,20211203,0.175,0.175,0.167,0.17,271775
DRO,20211206,0.165,0.17,0.165,0.165,537072
DRO,20211207,0.17,0.17,0.165,0.17,285127
DRO,20211208,0.17,0.172,0.167,0.17,368024
DRO,20211209,0.175,0.175,0.17,0.17,59678
DRO,20211210,0.17,0.17,0.165,0.165,254011
DRO,20211213,0.17,0.175,0.17,0.17,805003
DRO,20211214,0.175,0.175,0.17,0.175,361441
DRO,20211216,0.18,0.18,0.175,0.18,813725
DRO,20211217,0.18,0.18,0.175,0.175,327298
DRO,20211220,0.18,0.18,0.175,0.18,182338
DRO,20211221,0.18,0.18,0.175,0.18,142443
DRO,20211222,0.18,0.18,0.175,0.18,188873
DRO,20211223,0.18,0.185,0.175,0.175,983881
DRO,20211224,0.18,0.18,0.177,0.18,80602
DRO,20211229,0.18,0.185,0.18,0.18,543368
DRO,20211230,0.185,0.185,0.175,0.18,207927
DRO,20211231,0.18,0.18,0.175,0.175,152845
DRO,20220104,0.18,0.18,0.175,0.175,379449
DRO,20220105,0.175,0.18,0.175,0.18,383574
DRO,20220106,0.175,0.18,0.175,0.18,120367
DRO,20220107,0.18,0.18,0.175,0.175,288793
DRO,20220110,0.175,0.185,0.175,0.18,1472378
DRO,20220111,0.18,0.185,0.18,0.185,556656
DRO,20220112,0.19,0.19,0.18,0.185,456853
DRO,20220113,0.19,0.19,0.182,0.185,326251
DRO,20220114,0.18,0.185,0.18,0.185,120454
DRO,20220117,0.18,0.19,0.18,0.18,883209
DRO,20220118,0.185,0.185,0.18,0.182,268699
DRO,20220119,0.185,0.185,0.18,0.18,476977
DRO,20220120,0.185,0.185,0.18,0.185,891270
DRO,20220121,0.18,0.185,0.18,0.18,311944
DRO,20220124,0.175,0.177,0.17,0.172,1376386
DRO,20220125,0.17,0.172,0.165,0.165,679884
DRO,20220127,0.165,0.167,0.165,0.165,730126
DRO,20220128,0.165,0.17,0.165,0.17,365878
DRO,20220131,0.167,0.172,0.167,0.172,148581
DRO,20220201,0.17,0.175,0.17,0.17,199794
DRO,20220202,0.17,0.17,0.165,0.165,690707
DRO,20220203,0.175,0.175,0.165,0.17,281629
DRO,20220204,0.165,0.17,0.165,0.17,26668
DRO,20220207,0.17,0.17,0.165,0.165,19036
DRO,20220208,0.17,0.17,0.165,0.165,184829
DRO,20220209,0.17,0.17,0.167,0.17,49100
DRO,20220210,0.17,0.18,0.167,0.175,1009431
DRO,20220211,0.17,0.175,0.17,0.17,73673
DRO,20220214,0.17,0.172,0.17,0.17,567948
DRO,20220215,0.175,0.175,0.165,0.165,486632
DRO,20220216,0.17,0.17,0.167,0.17,515341
DRO,20220217,0.17,0.17,0.167,0.17,126524
DRO,20220218,0.17,0.17,0.162,0.165,707570
DRO,20220221,0.165,0.165,0.16,0.16,676787
DRO,20220222,0.162,0.175,0.16,0.175,1150565
DRO,20220223,0.17,0.175,0.17,0.175,604892
DRO,20220224,0.175,0.175,0.165,0.17,630148
DRO,20220225,0.165,0.18,0.165,0.175,890515
DRO,20220228,0.175,0.175,0.17,0.17,527054
DRO,20220301,0.175,0.18,0.175,0.175,899716
DRO,20220302,0.175,0.18,0.175,0.18,456442
DRO,20220303,0.18,0.18,0.17,0.175,402827
DRO,20220304,0.175,0.175,0.17,0.17,71455
DRO,20220307,0.17,0.175,0.17,0.175,141068
DRO,20220308,0.17,0.175,0.17,0.172,686643
DRO,20220309,0.175,0.177,0.175,0.175,483821
DRO,20220310,0.175,0.185,0.175,0.175,907788
DRO,20220311,0.18,0.18,0.175,0.175,285029
DRO,20220314,0.18,0.18,0.17,0.18,321140
DRO,20220315,0.18,0.18,0.17,0.17,157856
DRO,20220316,0,0,0,0,0
DRO,20220317,0.175,0.175,0.172,0.175,119440
DRO,20220318,0.175,0.175,0.17,0.17,328223
DRO,20220321,0.175,0.185,0.175,0.18,1124544
DRO,20220322,0.185,0.185,0.18,0.182,312487
DRO,20220323,0.185,0.195,0.185,0.195,2469026
DRO,20220324,0.19,0.195,0.19,0.19,691915
DRO,20220325,0.195,0.2,0.19,0.195,885011
DRO,20220328,0.195,0.2,0.185,0.185,907180
DRO,20220329,0.2,0.2,0.195,0.2,521869
DRO,20220330,0.2,0.2,0.195,0.195,277527
DRO,20220331,0.2,0.2,0.195,0.2,375110
DRO,20220401,0.2,0.205,0.195,0.2,1160902
DRO,20220404,0.205,0.205,0.2,0.205,649427
DRO,20220405,0.215,0.22,0.21,0.21,2427837
DRO,20220406,0.22,0.232,0.205,0.205,5156595
DRO,20220407,0.21,0.215,0.205,0.21,890869
DRO,20220408,0.21,0.215,0.21,0.215,249242
DRO,20220411,0.215,0.225,0.205,0.215,830899
DRO,20220412,0.22,0.22,0.21,0.22,427419
DRO,20220413,0.225,0.225,0.215,0.22,1275205
DRO,20220414,0.22,0.225,0.22,0.225,796107
DRO,20220419,0.22,0.23,0.22,0.23,1750780
DRO,20220420,0.23,0.23,0.22,0.225,1402292
DRO,20220421,0.23,0.23,0.22,0.225,1402292
DRO,20220422,0.225,0.225,0.22,0.225,341560
DRO,20220426,0.225,0.235,0.22,0.235,1531291
DRO,20220427,0.235,0.24,0.232,0.235,1252054
DRO,20220428,0.235,0.24,0.235,0.235,516463
DRO,20220429,0.245,0.267,0.242,0.26,4567127
DRO,20220502,0.265,0.28,0.25,0.25,2633203
DRO,20220503,0.255,0.3,0.255,0.295,4438957
DRO,20220504,0.295,0.3,0.247,0.25,4684151
DRO,20220505,0.26,0.275,0.26,0.265,1524182
DRO,20220506,0.25,0.26,0.24,0.255,1288264
DRO,20220509,0.25,0.255,0.24,0.255,1235825
DRO,20220510,0.23,0.24,0.225,0.225,1844851
DRO,20220511,0.23,0.235,0.22,0.22,1504232
DRO,20220512,0.21,0.215,0.2,0.2,1247727
DRO,20220513,0.205,0.215,0.205,0.205,612458
DRO,20220516,0.215,0.235,0.212,0.22,1586193
DRO,20220517,0.22,0.25,0.22,0.245,1492576
DRO,20220518,0.255,0.255,0.235,0.24,480153
DRO,20220519,0.22,0.23,0.215,0.22,1913093
DRO,20220520,0.225,0.23,0.22,0.225,670049
DRO,20220523,0.22,0.227,0.22,0.22,258181
DRO,20220524,0.225,0.225,0.22,0.22,295249
DRO,20220525,0.23,0.23,0.217,0.217,127036
DRO,20220526,0.215,0.215,0.21,0.215,422290
DRO,20220527,0.21,0.22,0.205,0.22,1329270
DRO,20220530,0.22,0.22,0.21,0.21,673489
DRO,20220531,0.21,0.22,0.21,0.22,227966
DRO,20220601,0.22,0.235,0.215,0.23,1892749
DRO,20220602,0.24,0.24,0.23,0.23,731450
DRO,20220603,0.235,0.245,0.225,0.235,918179
DRO,20220606,0.23,0.235,0.215,0.22,1387448
DRO,20220607,0.225,0.23,0.215,0.23,69580
DRO,20220608,0.225,0.225,0.21,0.22,482574
DRO,20220609,0.22,0.22,0.205,0.205,727658
DRO,20220610,0.205,0.205,0.195,0.195,1052125
DRO,20220614,0.185,0.19,0.17,0.18,2393222
DRO,20220615,0.175,0.185,0.175,0.18,772020
DRO,20220616,0.175,0.19,0.175,0.19,279897
DRO,20220617,0.185,0.19,0.18,0.18,563259
DRO,20220620,0.195,0.205,0.18,0.18,1965738
DRO,20220621,0.19,0.195,0.185,0.19,338421
DRO,20220622,0.19,0.19,0.18,0.18,388424
DRO,20220623,0.18,0.195,0.18,0.19,1410106
DRO,20220624,0.19,0.19,0.19,0.19,196768
DRO,20220627,0.195,0.195,0.18,0.185,333646
DRO,20220628,0.185,0.19,0.185,0.185,258565
DRO,20220629,0.185,0.185,0.185,0.185,82539
DRO,20220630,0.19,0.195,0.19,0.195,441409
DRO,20220701,0.19,0.2,0.19,0.195,65792
DRO,20220704,0.2,0.2,0.195,0.2,108915
DRO,20220705,0.2,0.2,0.19,0.19,198237
DRO,20220706,0.192,0.192,0.19,0.19,63487
DRO,20220707,0.19,0.195,0.19,0.195,237370
DRO,20220708,0.19,0.19,0.19,0.19,95575
DRO,20220711,0.19,0.192,0.185,0.185,197057
DRO,20220712,0.185,0.185,0.18,0.182,301298
DRO,20220713,0.185,0.19,0.185,0.19,143382
DRO,20220714,0.19,0.19,0.19,0.19,46282
DRO,20220715,0.195,0.195,0.185,0.185,216568
DRO,20220718,0.19,0.195,0.185,0.195,263362
DRO,20220719,0.195,0.195,0.185,0.19,143848
DRO,20220720,0.19,0.19,0.19,0.19,169925
DRO,20220721,0.19,0.2,0.19,0.19,526864
DRO,20220722,0.195,0.195,0.19,0.19,173495
DRO,20220725,0.185,0.185,0.18,0.18,241898
DRO,20220726,0.185,0.185,0.182,0.182,5028
DRO,20220727,0.19,0.2,0.185,0.195,883320
DRO,20220728,0.205,0.205,0.19,0.195,1390029
DRO,20220729,0.195,0.2,0.19,0.19,787851
DRO,20220801,0.19,0.195,0.18,0.18,1176487
DRO,20220802,0.185,0.195,0.185,0.19,618839
DRO,20220803,0.195,0.195,0.19,0.19,146765
DRO,20220805,0.195,0.215,0.195,0.21,786853
DRO,20220808,0.21,0.213,0.2,0.21,414645
DRO,20220809,0.21,0.215,0.205,0.21,425064
DRO,20220810,0.21,0.21,0.195,0.2,482147
DRO,20220811,0.195,0.2,0.195,0.2,145630
DRO,20220812,0.21,0.21,0.19,0.195,397823
DRO,20220815,0.195,0.195,0.195,0.195,64778
DRO,20220816,0.195,0.2,0.195,0.195,70058
DRO,20220817,0.2,0.205,0.2,0.2,297143
DRO,20220818,0.2,0.2,0.19,0.19,290663
DRO,20220819,0.195,0.205,0.19,0.19,305479
DRO,20220822,0.195,0.195,0.19,0.19,435901
DRO,20220823,0.195,0.195,0.185,0.185,334494
DRO,20220824,0.185,0.195,0.185,0.19,405685
DRO,20220825,0.195,0.203,0.195,0.2,341325
DRO,20220826,0.205,0.21,0.205,0.207,439365
DRO,20220829,0.205,0.21,0.205,0.21,678237
DRO,20220830,0.215,0.215,0.2,0.205,639523
DRO,20220831,0.185,0.185,0.165,0.165,5887154
DRO,20220901,0.175,0.18,0.17,0.18,2250037
DRO,20220902,0.18,0.18,0.17,0.17,530219
DRO,20220905,0.175,0.175,0.17,0.175,428603
DRO,20220906,0.175,0.175,0.165,0.165,831293
DRO,20220907,0.17,0.173,0.168,0.17,765470
DRO,20220909,0.175,0.175,0.17,0.17,236503
DRO,20220912,0.175,0.18,0.17,0.175,207174
DRO,20220913,0.18,0.18,0.17,0.17,210592
DRO,20220914,0.17,0.175,0.165,0.165,408656
DRO,20220915,0.17,0.175,0.168,0.175,90846
DRO,20220916,0.175,0.175,0.17,0.175,149930
