EBO,20160212,12.8,12.8,12.8,12.8,0
EBO,20160215,12.8,12.8,12.8,12.8,0
EBO,20160216,12.75,12.75,12.2,12.2,300
EBO,20160217,12.2,12.2,12.2,12.2,0
EBO,20160218,12.2,12.2,12.2,12.2,0
EBO,20160219,12.4,12.4,12.4,12.4,377
EBO,20160222,12.4,12.4,12.4,12.4,0
EBO,20160223,12.6,12.6,12.6,12.6,260
EBO,20160224,13.2,13.5,13.2,13.3,2720
EBO,20160225,0,0,0,13.3,4800
EBO,20160226,14.1,14.2,14.1,14.2,289186
EBO,20160229,14.8,14.8,14.8,14.8,13373
EBO,20160301,14.8,15.1,14.8,14.81,15808
EBO,20160302,14.81,14.85,14.51,14.85,1852
EBO,20160303,14.86,14.86,14.85,14.85,13274
EBO,20160304,14.85,14.85,14.85,14.85,0
EBO,20160307,15,15,15,15,27966
EBO,20160308,15,15,15,15,13570
EBO,20160309,15,15,15,15,2000
EBO,20160310,15,15,15,15,0
EBO,20160311,15,15,15,15,1320
EBO,20160314,15,15,15,15,0
EBO,20160315,15,15,15,15,0
EBO,20160316,15,15,15,15,0
EBO,20160317,15,15,15,15,0
EBO,20160318,15,15,15,15,0
EBO,20160321,14.5,14.5,14.5,14.5,98305
EBO,20160322,14.5,14.5,14.5,14.5,22494
EBO,20160323,14.5,14.5,14.5,14.5,30184
EBO,20160324,14.5,15,14.5,15,140
EBO,20160329,15,15,15,15,360
EBO,20160330,15,15,15,15,0
EBO,20160331,15,15,15,15,0
EBO,20160401,15,15,15,15,0
EBO,20160404,15,15,15,15,0
EBO,20160405,15,15,15,15,0
EBO,20160406,15,15,15,15,0
EBO,20160407,15,15,15,15,0
EBO,20160408,14.75,14.75,14.75,14.75,1600
EBO,20160411,14.75,14.75,14.75,14.75,0
EBO,20160412,14.75,14.75,14.75,14.75,0
EBO,20160413,0,0,0,14.75,83818
EBO,20160414,14.75,14.75,14.75,14.75,0
EBO,20160415,14.75,14.75,14.75,14.75,0
EBO,20160418,14.75,14.75,14.75,14.75,0
EBO,20160419,14.75,14.75,14.75,14.75,0
EBO,20160420,14.75,14.75,14.75,14.75,0
EBO,20160421,14.75,14.75,14.75,14.75,0
EBO,20160422,14.75,14.75,14.75,14.75,0
EBO,20160426,14.75,14.75,14.75,14.75,0
EBO,20160427,14.75,14.75,14.75,14.75,0
EBO,20160428,14.75,14.75,14.75,14.75,0
EBO,20160429,15,15,15,15,140
EBO,20160502,15,15,15,15,0
EBO,20160503,15,15,15,15,0
EBO,20160504,15,15,15,15,0
EBO,20160505,14.7,14.7,14.7,14.7,501
EBO,20160506,14.7,14.7,14.7,14.7,0
EBO,20160509,14.7,14.7,14.7,14.7,0
EBO,20160510,0,0,0,14.7,7500
EBO,20160511,14.7,14.7,14.7,14.7,0
EBO,20160512,14.7,14.7,14.7,14.7,0
EBO,20160513,14.7,14.7,14.7,14.7,0
EBO,20160516,14.52,14.52,14.52,14.52,300
EBO,20160517,14.52,14.52,14.52,14.52,0
EBO,20160518,14.52,14.52,14.52,14.52,0
EBO,20160519,14.52,14.52,14.52,14.52,0
EBO,20160520,14.52,14.52,14.52,14.52,0
EBO,20160523,14.52,14.52,14.52,14.52,0
EBO,20160524,14.52,14.52,14.52,14.52,0
EBO,20160525,0,0,0,14.52,1443
EBO,20160526,14.9,14.9,14.9,14.9,19343
EBO,20160527,14.9,14.9,14.9,14.9,0
EBO,20160530,15,15,15,15,200
EBO,20160531,15,15,15,15,0
EBO,20160601,15.1,15.1,15.1,15.1,50
EBO,20160602,15.1,15.1,15.1,15.1,0
EBO,20160603,15.1,15.1,15.1,15.1,0
EBO,20160606,0,0,0,15.1,9255
EBO,20160607,15.1,15.1,15.1,15.1,0
EBO,20160608,15.5,15.5,15.5,15.5,130
EBO,20160609,15.5,15.5,15.5,15.5,0
EBO,20160610,15.5,15.5,15.5,15.5,0
EBO,20160614,15.7,15.7,15.7,15.7,1950
EBO,20160615,15.28,15.28,15.28,15.28,1000
EBO,20160616,15.28,15.28,15.28,15.28,0
EBO,20160617,15.28,15.28,15.28,15.28,0
EBO,20160620,15.28,15.28,15.28,15.28,0
EBO,20160621,15.28,15.28,15.28,15.28,0
EBO,20160622,15.28,15.28,15.28,15.28,0
EBO,20160623,15.28,15.28,15.28,15.28,1500
EBO,20160624,15.28,15.28,15.13,15.13,2345
EBO,20160627,15.13,15.13,15.13,15.13,0
EBO,20160628,14.88,14.88,14.88,14.88,2000
EBO,20160629,14.88,14.88,14.88,14.88,312
EBO,20160630,15.4,15.63,15.4,15.63,2354
EBO,20160701,15.63,15.63,15.63,15.63,0
EBO,20160704,15.4,15.4,15.4,15.4,1247
EBO,20160705,15.4,15.4,15.4,15.4,0
EBO,20160706,15.4,15.4,15.4,15.4,0
EBO,20160707,0,0,0,15.4,2609
EBO,20160708,15.4,15.4,15.4,15.4,0
EBO,20160711,15.4,15.4,15.4,15.4,0
EBO,20160712,15.6,15.6,15.4,15.6,2450
EBO,20160713,15.6,15.6,15.6,15.6,0
EBO,20160714,15.7,15.7,15.7,15.7,10000
EBO,20160715,15.7,15.7,15.31,15.31,9667
EBO,20160718,15.4,15.4,15.4,15.4,250
EBO,20160719,15.38,15.38,15.38,15.38,8069
EBO,20160720,0,0,0,15.38,20000
EBO,20160721,15.38,15.38,15.38,15.38,0
EBO,20160722,0,0,0,15.38,25000
EBO,20160725,15.6,16,15.6,16,10701
EBO,20160726,16,16,16,16,32
EBO,20160727,16,16,16,16,0
EBO,20160728,15.9,15.9,15.75,15.75,1032
EBO,20160729,15.75,15.75,15.75,15.75,0
EBO,20160801,15.75,15.75,15.75,15.75,835
EBO,20160802,15.55,16,15.55,16,3141
EBO,20160803,16,16,15.55,15.55,6877
EBO,20160804,15.58,15.8,15.58,15.58,12608
EBO,20160805,15.58,15.58,15.58,15.58,0
EBO,20160808,15.97,15.97,15.97,15.97,2000
EBO,20160809,16.33,16.53,16.33,16.53,149676
EBO,20160810,16.6,16.7,16.5,16.5,6821
EBO,20160811,16.66,16.67,16.5,16.5,7570
EBO,20160812,16,16.25,16,16.25,850
EBO,20160815,16.25,16.25,16.25,16.25,0
EBO,20160816,16.25,16.25,16.25,16.25,0
EBO,20160817,16.25,16.25,16.25,16.25,0
EBO,20160818,16.28,16.28,16.28,16.28,1000
EBO,20160822,16.28,16.28,16.28,16.28,0
EBO,20160823,16.28,16.28,16.28,16.28,0
EBO,20160824,16.28,16.28,16.28,16.28,0
EBO,20160825,16.28,16.28,16.28,16.28,0
EBO,20160826,16.55,17.2,16.55,17.2,105850
EBO,20160829,17.1,17.1,17.01,17.01,895
EBO,20160830,16.65,16.65,16.65,16.65,300
EBO,20160831,17,17.3,17,17.3,1438
EBO,20160901,17.45,17.45,17.45,17.45,685
EBO,20160902,17.48,17.48,17.48,17.48,1000
EBO,20160905,17.9,18.01,17.9,18.01,4393
EBO,20160906,18.55,18.55,18.55,18.55,110
EBO,20160907,19,19,19,19,1119
EBO,20160908,19.1,19.1,18.5,18.5,6250
EBO,20160909,18.13,18.13,17.7,17.7,4859
EBO,20160912,17.5,17.5,17,17,346642
EBO,20160913,17,17,17,17,0
EBO,20160914,17,17,17,17,0
EBO,20160915,18,18,18,18,125
EBO,20160916,18,18,18,18,0
EBO,20160919,17.15,17.41,17.15,17.41,695
EBO,20160920,17.41,17.41,17.41,17.41,0
EBO,20160921,17.64,17.64,17.64,17.64,4422
EBO,20160922,18.05,18.05,18.04,18.04,1090
EBO,20160923,18.05,18.05,18.04,18.05,1939
EBO,20160926,18,18,18,18,277
EBO,20160927,18,18,18,18,57618
EBO,20160928,18,18,18,18,5000
EBO,20160929,17.84,17.84,17.84,17.84,1400
EBO,20160930,17.84,17.84,17.84,17.84,0
EBO,20161003,17.67,17.98,17.67,17.98,700
EBO,20161004,17.99,17.99,17.99,17.99,115
EBO,20161005,17.99,17.99,17.99,17.99,0
EBO,20161006,17.99,17.99,17.99,17.99,0
EBO,20161007,17.31,17.31,17.31,17.31,450
EBO,20161010,17.31,17.31,17.31,17.31,0
EBO,20161011,17.31,17.31,17.31,17.31,0
EBO,20161012,17.46,17.46,17.3,17.3,1800
EBO,20161013,17.34,17.34,17.27,17.27,900
EBO,20161014,17.44,17.44,17.1,17.1,900
EBO,20161017,17.14,17.14,17.06,17.06,9
EBO,20161018,16.86,16.86,16.8,16.8,227
EBO,20161019,16.62,16.76,16.62,16.76,1496
EBO,20161020,16.76,16.76,16.76,16.76,0
EBO,20161021,16.48,16.48,16.48,16.48,9
EBO,20161024,16.48,16.48,16.48,16.48,0
EBO,20161025,16.57,16.57,16.49,16.49,65
EBO,20161026,16,16,16,16,575
EBO,20161027,16,16,16,16,0
EBO,20161028,16,16,16,16,0
EBO,20161031,16,16,16,16,0
EBO,20161101,16,16,16,16,6500
EBO,20161102,15.8,15.81,15.8,15.8,1600
EBO,20161103,16,16,16,16,38
EBO,20161104,15.75,15.75,15.75,15.75,1390
EBO,20161107,15.65,15.71,15.65,15.71,6620
EBO,20161108,15.71,15.71,15.71,15.71,0
EBO,20161109,15.71,15.71,15.71,15.71,0
EBO,20161110,15.71,15.71,15.71,15.71,0
EBO,20161111,15.71,15.72,15.71,15.72,200
EBO,20161114,15.72,15.72,15.5,15.5,4045
EBO,20161115,15.47,15.47,15.47,15.47,55
EBO,20161116,15.47,15.47,15.47,15.47,0
EBO,20161117,15.47,15.47,15.47,15.47,0
EBO,20161118,15.97,15.97,15.95,15.95,500
EBO,20161121,16,16,15.98,15.98,16
EBO,20161122,15.97,15.97,15.97,15.97,50
EBO,20161123,15.79,15.79,15.79,15.79,100
EBO,20161124,15.78,15.78,15.78,15.78,1267
EBO,20161125,15.42,15.42,15.42,15.42,50
EBO,20161128,15.42,15.42,15.42,15.42,0
EBO,20161129,15.44,15.44,15.44,15.44,38
EBO,20161130,15.44,15.44,15.44,15.44,0
EBO,20161201,15.74,15.79,15.74,15.79,16
EBO,20161202,15.79,15.79,15.79,15.79,0
EBO,20161205,15.79,15.79,15.79,15.79,0
EBO,20161206,15.79,15.79,15.79,15.79,0
EBO,20161207,15.72,15.72,15.72,15.72,95
EBO,20161208,15.82,15.88,15.82,15.86,300
EBO,20161209,15.86,15.86,15.86,15.86,0
EBO,20161212,15.7,15.7,15.7,15.7,53
EBO,20161213,15.72,15.72,15.72,15.72,100
EBO,20161214,15.72,15.72,15.72,15.72,0
EBO,20161215,15.84,15.84,15.75,15.75,200
EBO,20161216,15.91,15.91,15.91,15.91,38
EBO,20161219,15.91,15.91,15.91,15.91,35
EBO,20161220,15.91,15.91,15.91,15.91,0
EBO,20161221,15.91,15.91,15.91,15.91,0
EBO,20161222,15.91,15.91,15.91,15.91,0
EBO,20161223,15.91,15.91,15.91,15.91,0
EBO,20161228,15.91,15.91,15.91,15.91,0
EBO,20161229,15.91,15.91,15.91,15.91,0
EBO,20161230,15.91,15.91,15.91,15.91,0
EBO,20170103,15.91,15.91,15.91,15.91,0
EBO,20170104,15.91,15.91,15.91,15.91,0
EBO,20170105,15.5,15.5,15.5,15.5,1000
EBO,20170106,15.8,15.8,15.8,15.8,450
EBO,20170109,15.8,15.8,15.8,15.8,0
EBO,20170110,15.8,15.8,15.8,15.8,0
EBO,20170111,15.8,15.8,15.8,15.8,0
EBO,20170112,15.9,15.91,15.9,15.9,640
EBO,20170113,15.9,15.9,15.9,15.9,0
EBO,20170116,15.9,15.9,15.9,15.9,0
EBO,20170117,15.9,15.9,15.9,15.9,0
EBO,20170118,15.9,15.9,15.9,15.9,0
EBO,20170119,15.9,15.9,15.9,15.9,0
EBO,20170120,16.45,16.45,16.45,16.45,750
EBO,20170123,16.45,16.45,16.45,16.45,0
EBO,20170124,16.45,16.45,15.8,15.8,375
EBO,20170125,16,17.59,16,17.59,2708
EBO,20170127,17.59,17.59,17.59,17.59,0
EBO,20170130,16.5,16.5,16.5,16.5,300
EBO,20170131,16.5,16.5,16.5,16.5,0
EBO,20170201,16.32,16.32,16.32,16.32,31
EBO,20170202,16.32,16.32,16.32,16.32,600
EBO,20170203,16.12,16.12,16.12,16.12,75
EBO,20170206,16.12,16.12,16.12,16.12,0
EBO,20170207,16.12,16.12,16.12,16.12,0
EBO,20170208,16.12,16.12,16.12,16.12,0
EBO,20170209,16.45,16.45,16.45,16.45,585
EBO,20170210,16.35,16.35,16.35,16.35,35
EBO,20170213,16.35,16.35,16.35,16.35,0
EBO,20170214,16.99,16.99,16.99,16.99,490
EBO,20170215,16.99,16.99,16.99,16.99,0
EBO,20170216,17,17,17,17,28
EBO,20170217,17,17,17,17,0
EBO,20170220,17,17,17,17,0
EBO,20170221,17,17,16.99,16.99,1300
EBO,20170222,17.33,17.33,17.33,17.33,600
EBO,20170223,17.33,17.33,17.33,17.33,0
EBO,20170224,17.32,17.33,17.32,17.33,4500
EBO,20170227,17.33,17.33,17.33,17.33,0
EBO,20170228,17.33,17.33,17.33,17.33,115
EBO,20170301,17.13,17.13,17.13,17.13,50
EBO,20170302,17.35,17.35,17.35,17.35,581
EBO,20170303,17.3,17.3,17.3,17.3,2320
EBO,20170306,17.3,17.3,17.3,17.3,1280
EBO,20170307,17.3,17.3,17.3,17.3,0
EBO,20170308,17.12,17.12,17,17,28977
EBO,20170309,17,17,17,17,0
EBO,20170310,17.11,17.11,17.1,17.1,5096
EBO,20170313,17.1,17.1,17.1,17.1,0
EBO,20170314,16.71,17.1,16.71,17.1,2639
EBO,20170315,17,17.1,17,17.09,2032
EBO,20170316,17.09,17.09,17.09,17.09,0
EBO,20170317,16.7,16.7,16.7,16.7,625
EBO,20170320,16.7,16.7,16.7,16.7,0
EBO,20170321,16.7,16.7,16.7,16.7,0
EBO,20170322,0,0,0,16.7,28968
EBO,20170323,16.7,16.7,16.7,16.7,0
EBO,20170324,16.7,16.7,16.7,16.7,0
EBO,20170327,16.7,16.7,16.7,16.7,0
EBO,20170328,16.7,16.7,16.7,16.7,0
EBO,20170329,16.7,16.7,16.7,16.7,0
EBO,20170330,16.7,16.7,16.7,16.7,0
EBO,20170331,16.7,16.7,16.7,16.7,0
EBO,20170403,16.7,16.7,16.7,16.7,0
EBO,20170404,16.7,16.7,16.7,16.7,0
EBO,20170405,16.83,16.87,16.83,16.83,245
EBO,20170406,16.83,16.83,16.83,16.83,200
EBO,20170407,16.89,16.89,16.87,16.87,4
EBO,20170410,16.7,16.87,16.7,16.87,36
EBO,20170411,16.8,16.8,16.8,16.8,3
EBO,20170412,16.8,16.8,16.8,16.8,70
EBO,20170413,16.7,16.7,16.65,16.65,2078
EBO,20170418,16.7,16.74,16.7,16.74,838
EBO,20170419,16.78,16.79,16.7,16.78,1470
EBO,20170420,16.78,16.78,16.78,16.78,0
EBO,20170421,16.77,16.77,16.77,16.77,240
EBO,20170424,16.88,16.9,16.88,16.9,501
EBO,20170426,16.7,16.95,16.7,16.95,3000
EBO,20170427,16.95,16.95,16.95,16.95,0
EBO,20170428,16.95,16.95,16.95,16.95,0
EBO,20170501,16.95,16.95,16.95,16.95,0
EBO,20170502,16.95,16.95,16.95,16.95,0
EBO,20170503,16.76,16.96,16.5,16.96,531
EBO,20170504,16.97,16.97,16.97,16.97,36
EBO,20170505,17,17,17,17,670
EBO,20170508,17,17,17,17,0
EBO,20170509,17,17,17,17,545
EBO,20170510,17,17,17,17,0
EBO,20170511,16.9,16.9,16.9,16.9,85370
EBO,20170512,16.9,16.9,16.9,16.9,0
EBO,20170515,16.87,16.87,16.87,16.87,7
EBO,20170516,17.01,17.01,17,17.01,800
EBO,20170517,17.01,17.01,17.01,17.01,0
EBO,20170518,0,0,0,17.01,17460
EBO,20170519,17.01,17.01,17.01,17.01,0
EBO,20170522,17.01,17.01,17.01,17.01,52
EBO,20170523,17.01,17.01,17.01,17.01,0
EBO,20170524,17.24,17.24,17.24,17.24,1000
EBO,20170525,17.2,17.2,16.83,16.89,4462
EBO,20170526,16.75,16.75,16.75,16.75,500
EBO,20170529,16.73,16.73,16.72,16.72,10045
EBO,20170530,16.71,16.71,16.65,16.65,50
EBO,20170531,16.5,16.64,16.4,16.64,3365
EBO,20170601,16.61,16.63,16.49,16.63,124
EBO,20170602,16.54,16.54,16.53,16.53,3
EBO,20170605,16.53,16.53,16.53,16.53,0
EBO,20170606,16.44,16.5,16.44,16.5,3552
EBO,20170607,16.13,16.13,16.11,16.11,2830
EBO,20170608,16.12,16.2,16.11,16.2,5382
EBO,20170609,16.49,16.5,16.49,16.5,220
EBO,20170613,16.12,16.47,16,16,350
EBO,20170614,16.02,16.1,16.02,16.1,1000
EBO,20170615,16.25,16.35,16.25,16.3,76549
EBO,20170616,16.35,16.35,16.35,16.35,6000
EBO,20170619,16.5,16.6,16.5,16.6,11888
EBO,20170620,16.74,16.74,16.4,16.4,240
EBO,20170621,16.4,16.4,16.4,16.4,0
EBO,20170622,16.4,16.4,16.4,16.4,0
EBO,20170623,16.4,16.4,16.4,16.4,0
EBO,20170626,17,17,17,17,100
EBO,20170627,17,17,17,17,0
EBO,20170628,16.94,16.94,16.9,16.94,17145
EBO,20170629,16.95,16.95,16.95,16.95,320
EBO,20170630,16.8,16.8,16.8,16.8,4720
EBO,20170703,16.82,16.85,16.8,16.85,740
EBO,20170704,16.85,16.85,16.85,16.85,0
EBO,20170705,16.85,16.85,16.85,16.85,0
EBO,20170706,16.6,16.6,16.5,16.5,1340
EBO,20170707,16.5,16.5,16.5,16.5,0
EBO,20170710,16.64,16.76,16.5,16.65,1635
EBO,20170711,16.65,16.65,16.65,16.65,0
EBO,20170712,16.5,16.5,16.5,16.5,220
EBO,20170713,16.56,16.56,16.56,16.56,50
EBO,20170714,16.77,16.77,16.77,16.77,1455
EBO,20170717,16.85,16.85,16.84,16.84,600
EBO,20170718,16.71,16.71,16.71,16.71,800
EBO,20170719,16.71,16.71,16.71,16.71,0
EBO,20170720,16.71,16.71,16.71,16.71,0
EBO,20170721,16.71,16.71,16.71,16.71,0
EBO,20170724,16.9,17,16.9,16.99,1596
EBO,20170725,16.99,16.99,16.99,16.99,0
EBO,20170726,17,17,17,17,20
EBO,20170727,17.03,17.03,17.03,17.03,58
EBO,20170728,17.03,17.03,17.03,17.03,0
EBO,20170731,17.03,17.03,17.03,17.03,0
EBO,20170801,17.03,17.03,17.03,17.03,0
EBO,20170802,16.84,16.84,16.84,16.84,30
EBO,20170803,16.62,16.7,16.62,16.64,28466
EBO,20170804,16.5,16.5,16.5,16.5,24466
EBO,20170807,16.5,16.5,16.46,16.46,30006
EBO,20170808,16.46,16.46,16.46,16.46,0
EBO,20170809,16.61,16.61,16.61,16.61,927
EBO,20170810,16.31,16.31,16.3,16.3,195
EBO,20170811,16.3,16.3,16.3,16.3,0
EBO,20170815,16.3,16.3,16.25,16.25,2725
EBO,20170816,16.18,16.18,16.15,16.15,510
EBO,20170817,16.15,16.15,16.15,16.15,100
EBO,20170818,16.15,16.15,16.15,16.15,100
EBO,20170821,15.98,15.98,15.88,15.88,1030
EBO,20170822,15.88,15.88,15.88,15.88,0
EBO,20170823,15.88,15.88,15.88,15.88,0
EBO,20170824,16.3,16.3,16.29,16.3,2060
EBO,20170825,16.3,16.3,16.25,16.25,1715
EBO,20170828,16.15,16.15,16,16.03,1897
EBO,20170829,15.9,15.9,15.88,15.88,1649
EBO,20170830,15.7,15.7,15.5,15.5,4283
EBO,20170831,15.5,15.5,15.5,15.5,0
EBO,20170901,15.5,15.5,15.5,15.5,0
EBO,20170904,15.5,15.5,15.5,15.5,0
EBO,20170905,15.5,15.5,15.5,15.5,0
EBO,20170906,15.6,15.6,15.6,15.6,400
EBO,20170907,15.6,15.6,15.55,15.6,7080
EBO,20170908,15.61,15.61,15.6,15.6,992
EBO,20170911,15.61,15.61,15.6,15.61,401
EBO,20170912,15.61,15.61,15.61,15.61,0
EBO,20170913,17.94,17.94,16.5,16.5,830
EBO,20170914,16.5,16.5,16.5,16.5,0
EBO,20170915,16.5,16.5,16.5,16.5,0
EBO,20170918,15.9,16,15.9,16,1242
EBO,20170919,0,0,0,16,168761
EBO,20170920,16,16,16,16,450
EBO,20170921,15.81,15.81,15.8,15.8,300
EBO,20170922,16.02,16.02,16.02,16.02,45
EBO,20170925,16.02,16.02,16.02,16.02,110
EBO,20170926,16.02,16.02,16.02,16.02,0
EBO,20170927,15.81,15.81,15.81,15.81,750
EBO,20170928,15.88,15.88,15.87,15.87,1500
EBO,20170929,15.87,15.87,15.87,15.87,0
EBO,20171002,15.85,15.85,15.85,15.85,1575
EBO,20171003,15.85,15.85,15.85,15.85,0
EBO,20171004,15.85,15.85,15.85,15.85,0
EBO,20171005,15.95,15.95,15.95,15.95,115
EBO,20171006,15.95,15.95,15.95,15.95,0
EBO,20171009,16,16,15.99,16,6214
EBO,20171010,15.86,15.86,15.86,15.86,194
EBO,20171011,15.86,15.86,15.86,15.86,0
EBO,20171012,15.85,15.99,15.85,15.99,502
EBO,20171013,15.89,15.9,15.89,15.9,195
EBO,20171016,15.85,15.85,15.65,15.85,1553
EBO,20171017,15.9,15.9,15.9,15.9,1372
EBO,20171018,16,16.04,16,16.04,150
EBO,20171019,16.04,16.04,16.04,16.04,0
EBO,20171020,15.59,15.62,15.59,15.62,1080
EBO,20171023,15.62,15.62,15.62,15.62,0
EBO,20171024,15.9,15.9,15.9,15.9,2000
EBO,20171025,15.95,15.96,15.9,15.95,24259
EBO,20171026,15.94,15.95,15.94,15.95,520
EBO,20171027,15.64,15.64,15.64,15.64,1000
EBO,20171030,15.89,15.89,15.85,15.85,2300
EBO,20171031,15.85,15.85,15.85,15.85,0
EBO,20171101,15.85,15.85,15.85,15.85,0
EBO,20171102,15.85,15.85,15.85,15.85,0
EBO,20171103,15.89,15.9,15.89,15.9,35
EBO,20171106,15.9,15.9,15.9,15.9,0
EBO,20171107,15.9,15.9,15.9,15.9,0
EBO,20171108,15.8,15.8,15.8,15.8,500
EBO,20171109,15.45,15.45,15.45,15.45,164
EBO,20171110,15.45,15.45,15.45,15.45,164
EBO,20171113,15.6,15.6,15.51,15.51,341
EBO,20171114,15.66,15.66,15.66,15.66,120
EBO,20171115,15.7,15.7,15.7,15.7,178
EBO,20171116,16,16,16,16,1000
EBO,20171117,15.99,15.99,15.99,15.99,115
EBO,20171120,15.99,15.99,15.99,15.99,0
EBO,20171121,15.71,15.75,15.6,15.75,1414
EBO,20171122,15.98,16,15.98,16,1000
EBO,20171123,16,16,16,16,0
EBO,20171124,16,16,16,16,0
EBO,20171127,16,16,16,16,0
EBO,20171128,15.96,15.96,15.96,15.96,1073
EBO,20171129,15.96,15.96,15.96,15.96,0
EBO,20171130,15.96,15.96,15.96,15.96,0
EBO,20171201,15.96,15.96,15.96,15.96,0
EBO,20171204,15.96,15.96,15.96,15.96,0
EBO,20171205,15.96,15.96,15.96,15.96,0
EBO,20171206,15.99,15.99,15.99,15.99,41
EBO,20171207,16.09,16.09,16.09,16.09,247
EBO,20171208,16.09,16.09,16.09,16.09,0
EBO,20171211,16.5,16.79,16.5,16.79,6010
EBO,20171212,16.8,16.8,16.8,16.8,132044
EBO,20171213,16.8,16.8,16.8,16.8,0
EBO,20171214,16.8,16.8,16.8,16.8,0
EBO,20171215,0,0,0,16.8,38630
EBO,20171218,0,0,0,16.8,15000
EBO,20171219,16.8,16.8,16.8,16.8,0
EBO,20171220,0,0,0,16.8,51488
EBO,20171221,16.7,16.7,16.7,16.7,1290
EBO,20171222,16.74,16.74,16.65,16.65,1000
EBO,20171227,16.755,16.755,16.755,16.755,3631
EBO,20171228,16.755,16.755,16.755,16.755,0
EBO,20171229,16.755,16.755,16.755,16.755,0
EBO,20180102,16.88,16.88,16.65,16.65,2756
EBO,20180103,16.86,16.88,16.86,16.88,1265
EBO,20180104,16.9,17.13,16.9,17.13,14487
EBO,20180105,17.16,17.16,17.14,17.14,242
EBO,20180108,17.2,17.29,17.19,17.28,16
EBO,20180109,17.26,17.31,16.65,16.65,1014
EBO,20180110,17,17.2,17,17.2,700
EBO,20180111,16.9,16.9,16.9,16.9,850
EBO,20180112,16.95,16.95,16.7,16.7,3194
EBO,20180115,0,0,0,16.7,12772
EBO,20180116,16.77,16.77,16.77,16.77,100
EBO,20180117,16.7,16.7,16.69,16.7,11637
EBO,20180118,16.65,16.85,16.65,16.85,300
EBO,20180119,16.85,16.94,16.85,16.94,110
EBO,20180122,16.91,16.91,16.91,16.91,950
EBO,20180123,16.85,16.85,16.85,16.85,35
EBO,20180124,17.12,17.12,17.12,17.12,10512
EBO,20180125,17.12,17.12,17.12,17.12,0
EBO,20180129,17.1,17.1,17,17,520
EBO,20180130,16.9,17,16.9,17,309
EBO,20180131,16.7,16.7,16.7,16.7,6000
EBO,20180201,16.9,16.9,16.85,16.88,590
EBO,20180202,0,0,0,16.88,2739
EBO,20180205,16.87,16.87,16.87,16.87,34
EBO,20180207,16.59,16.59,16.4,16.4,300
EBO,20180208,16.5,16.5,16.5,16.5,50
EBO,20180209,16.16,17.11,16.16,17.11,452
EBO,20180212,17.11,17.11,17.11,17.11,0
EBO,20180213,17.11,17.11,17.11,17.11,0
EBO,20180214,16.65,16.65,16.65,16.65,595
EBO,20180215,16.38,16.38,16.38,16.38,100
EBO,20180216,16.38,16.38,16.15,16.15,1140
EBO,20180219,16.1,16.1,16,16.1,22966
EBO,20180220,16.05,16.05,16.05,16.05,2000
EBO,20180221,16.05,16.05,16.05,16.05,0
EBO,20180222,15.85,15.85,15.85,15.85,540
EBO,20180223,16.5,16.51,16.5,16.5,171
EBO,20180226,16.43,16.51,16.43,16.51,1028
EBO,20180227,16.51,16.51,16.51,16.51,0
EBO,20180228,16.51,16.51,16.51,16.51,0
EBO,20180301,16.5,16.53,16.5,16.53,1527
EBO,20180302,16.5,16.5,16.5,16.5,1900
EBO,20180305,16.5,16.5,16.5,16.5,0
EBO,20180306,16.87,16.88,16.87,16.87,1844
EBO,20180307,17.24,17.26,17.24,17.26,986
EBO,20180308,17.26,17.26,17.26,17.26,0
EBO,20180309,17,17.25,17,17.2,3099
EBO,20180312,17.27,17.27,17.2,17.2,827
EBO,20180313,17.2,17.2,17.2,17.2,0
EBO,20180314,17.19,17.19,17.19,17.19,200
EBO,20180315,16.97,16.97,16.97,16.97,72
EBO,20180316,17,17,17,17,2500
EBO,20180319,17,17.2,17,17.18,3515
EBO,20180320,17.36,17.36,17.36,17.36,80
EBO,20180321,17.2,17.42,17.18,17.42,1138
EBO,20180322,17.29,17.32,17.29,17.32,1186
EBO,20180323,17.32,17.32,17.32,17.32,0
EBO,20180326,17.3,17.3,17.3,17.3,90
EBO,20180327,17.3,17.3,17.3,17.3,0
EBO,20180328,17.3,17.3,17.3,17.3,0
EBO,20180329,17.3,17.3,17.3,17.3,0
EBO,20180403,17.3,17.3,17.3,17.3,0
EBO,20180404,17.08,17.08,17.08,17.08,1000
EBO,20180405,17.08,17.08,17.08,17.08,0
EBO,20180406,17.05,17.3,17.05,17.3,2567
EBO,20180409,17.3,17.3,17.3,17.3,0
EBO,20180410,17.4,17.4,17.4,17.4,333
EBO,20180411,17.59,18.05,17.59,17.6,1124
EBO,20180412,17.6,17.6,17.6,17.6,591
EBO,20180413,17.6,17.6,17.6,17.6,0
EBO,20180416,17.41,17.41,17.4,17.4,1134
EBO,20180417,17.2,17.2,17.2,17.2,2000
EBO,20180418,17,17.01,17,17,720
EBO,20180419,17.09,17.09,17.09,17.09,50
EBO,20180420,17.09,17.09,17.09,17.09,0
EBO,20180423,16.9,16.9,16.9,16.9,50
EBO,20180424,16.9,16.9,16.9,16.9,0
EBO,20180426,16.9,16.9,16.6,16.6,670
EBO,20180427,16.61,16.61,16.6,16.6,2330
EBO,20180430,17.01,17.01,17,17,884
EBO,20180501,17,17,17,17,0
EBO,20180502,16.95,16.95,16.9,16.9,1734
EBO,20180503,16.5,16.5,16.5,16.5,24400
EBO,20180504,16.5,16.5,16.5,16.5,0
EBO,20180507,16.5,16.5,16.5,16.5,0
EBO,20180508,16.5,16.5,16.5,16.5,0
EBO,20180509,16.5,16.5,16.5,16.5,0
EBO,20180510,16.51,16.56,16.51,16.54,2772
EBO,20180511,16.63,16.63,16.53,16.53,152
EBO,20180514,16.53,16.53,16.53,16.53,0
EBO,20180515,16.35,16.35,16.35,16.35,35
EBO,20180516,16.35,16.35,16.35,16.35,0
EBO,20180517,16.45,16.52,16.35,16.52,2982
EBO,20180518,16.48,16.49,16.47,16.49,400
EBO,20180521,16,16,16,16,28
EBO,20180522,16.2,16.5,16.2,16.5,752
EBO,20180523,16.44,16.44,16.44,16.44,150
EBO,20180524,16.47,16.47,16.47,16.47,304
EBO,20180525,16.47,16.47,16.47,16.47,0
EBO,20180528,16.5,16.5,16.5,16.5,188
EBO,20180529,16.5,16.5,16.5,16.5,0
EBO,20180530,16.5,16.5,16.5,16.5,0
EBO,20180531,16.65,16.65,16.65,16.65,439
EBO,20180601,16.55,16.6,16.55,16.6,227
EBO,20180604,16.6,16.6,16.6,16.6,0
EBO,20180605,16.6,16.6,16.6,16.6,0
EBO,20180606,16.65,16.65,16.65,16.65,1543
EBO,20180607,16.75,16.75,16.75,16.75,1500
EBO,20180608,17,17,16.99,16.99,850
EBO,20180612,16.99,17.1,16.99,17.1,699
EBO,20180613,17.21,17.21,17.21,17.21,235
EBO,20180614,17.18,17.21,17.18,17.21,500
EBO,20180615,17.18,17.39,17.18,17.39,942
EBO,20180618,17.39,17.39,17.39,17.39,0
EBO,20180619,16.92,16.92,16.87,16.87,480
EBO,20180620,16.77,16.86,16.7,16.86,1192
EBO,20180621,16.7,16.73,16.6,16.61,1282
EBO,20180622,16.61,16.61,16.61,16.61,80
EBO,20180625,16.61,16.86,16.6,16.86,1086
EBO,20180626,16.6,16.72,16.6,16.6,800
EBO,20180627,16.6,16.6,16.6,16.6,0
EBO,20180628,16.76,16.86,16.76,16.86,110
EBO,20180629,16.86,16.86,16.86,16.86,0
EBO,20180702,17.49,17.96,17.49,17.7,29090
EBO,20180703,18.36,18.73,18.36,18.73,18687
EBO,20180704,18.83,19.06,18.83,19.03,6132
EBO,20180705,19.05,19.16,19,19.01,3027
EBO,20180706,19.1,19.2,19.09,19.2,18613
EBO,20180710,19.16,19.16,18.8,18.8,616
EBO,20180711,18.86,19,18.83,19,475
EBO,20180712,18.8,18.93,18.8,18.8,448
EBO,20180713,18.9,18.9,18.9,18.9,200
EBO,20180716,18.91,18.91,18.89,18.9,1381
EBO,20180717,18.81,18.81,18.8,18.8,41850
EBO,20180718,19.06,19.06,19.05,19.05,2000
EBO,20180719,19.17,19.17,19,19,4591
EBO,20180720,19.2,19.3,19.05,19.05,11744
EBO,20180723,19.05,19.2,19.05,19.2,22750
EBO,20180724,19.22,19.22,19.05,19.05,750
EBO,20180725,19.05,19.05,19.05,19.05,116
EBO,20180726,19.07,19.15,19.07,19.15,61
EBO,20180727,18.9,18.9,18.9,18.9,29
EBO,20180730,19.19,19.19,19.19,19.19,100
EBO,20180731,19,19.25,18.6,18.6,2350
EBO,20180801,18.51,18.55,18.5,18.55,600
EBO,20180802,18.55,18.6,18.55,18.55,815
EBO,20180803,18.7,18.85,18,18,1176
EBO,20180806,18.44,18.44,18,18,588
EBO,20180807,18.38,18.38,17.6,17.6,1764
EBO,20180808,17.6,17.6,17.6,17.6,0
EBO,20180809,18.13,18.48,18,18.18,2032
EBO,20180810,18.2,18.22,18.19,18.19,4400
EBO,20180813,18.4,18.48,18.4,18.48,406
EBO,20180814,18.48,18.48,18.48,18.48,206
EBO,20180816,18.48,18.48,18.48,18.48,104
EBO,20180817,18.6,18.6,18.6,18.6,530
EBO,20180820,18.5,18.5,18.5,18.5,27
EBO,20180821,18.7,18.95,18.7,18.75,1363
EBO,20180822,19.03,19.06,18.94,19.06,1829
EBO,20180823,19.06,19.1,18.52,19.1,2754
EBO,20180824,18.88,19.25,18.88,19.15,6050
EBO,20180827,19.01,19.01,19,19,1000
EBO,20180828,19,19,19,19,0
EBO,20180829,19,19,19,19,0
EBO,20180830,19.565,19.57,19.49,19.49,3550
EBO,20180831,19.49,19.49,19.15,19.15,1151
EBO,20180903,19.25,19.31,19.25,19.31,1469
EBO,20180904,19.38,19.52,19.38,19.5,1747
EBO,20180905,19.5,19.5,19.5,19.5,0
EBO,20180906,19.53,19.53,19.53,19.53,100
EBO,20180907,19.4,19.4,19.4,19.4,56
EBO,20180910,19.52,19.52,19.45,19.5,3550
EBO,20180913,19.83,19.83,19.6,19.7,5030
EBO,20180914,19.75,20.23,19.75,20.18,19837
EBO,20180917,20.28,20.66,20.27,20.64,1577
EBO,20180918,20.69,20.72,20.64,20.65,6643
EBO,20180919,20.64,20.64,20.55,20.55,506
EBO,20180920,20.48,20.65,20.48,20.54,2675
EBO,20180921,20.54,20.54,20.54,20.54,0
EBO,20180924,21.5,21.5,20.3,20.3,4876
EBO,20180925,20.3,20.3,20.3,20.3,0
EBO,20180926,20.3,20.3,20.3,20.3,0
EBO,20180927,20.3,20.3,20.3,20.3,0
EBO,20180928,20.58,20.58,20.58,20.58,302
EBO,20181001,20.95,20.95,20.81,20.81,602
EBO,20181002,20.77,20.82,20.65,20.65,10579
EBO,20181003,20.65,20.65,20.65,20.65,263
EBO,20181004,20.76,20.76,20.76,20.76,545
EBO,20181005,20.8,20.9,20.8,20.9,935
EBO,20181008,20.85,20.85,20.85,20.85,401
EBO,20181009,20.73,20.73,20.21,20.21,233
EBO,20181010,20.21,20.21,20.21,20.21,0
EBO,20181011,19.8,19.8,19.44,19.44,1636
EBO,20181012,19.55,19.55,19.45,19.45,1300
EBO,20181015,19.5,19.61,19.5,19.61,299
EBO,20181016,19.5,19.79,19.5,19.75,3100
EBO,20181017,19.7,19.8,19.7,19.8,817
EBO,20181018,19.86,20.18,19.86,20.18,1206
EBO,20181019,21,21,20.18,20.18,4996
EBO,20181022,20.18,20.18,20.18,20.18,0
EBO,20181023,20.11,20.11,19.8,19.8,1682
EBO,20181024,19.8,19.8,19.6,19.68,4502
EBO,20181025,19.4,19.4,19.3,19.3,1698
EBO,20181026,19.51,19.51,19.5,19.5,498
EBO,20181030,19.35,19.41,19.35,19.41,101
EBO,20181031,19.41,19.41,19.41,19.41,0
EBO,20181101,19.23,19.23,19.14,19.14,2739
EBO,20181102,19.14,19.14,19.14,19.14,0
EBO,20181105,19.14,19.14,19.1,19.14,124328
EBO,20181106,19.14,19.14,19.14,19.14,0
EBO,20181107,19.14,19.15,19.14,19.15,2975
EBO,20181108,19.2,19.2,19.2,19.2,50
EBO,20181109,19.2,19.35,19.2,19.35,1200
EBO,20181112,19.35,19.35,19.35,19.35,0
EBO,20181113,19.35,19.35,19.35,19.35,0
EBO,20181114,19.35,19.35,19.35,19.35,0
EBO,20181115,19.35,20.26,19.35,20.26,565
EBO,20181116,20.13,20.3,20.13,20.3,369
EBO,20181119,20.43,20.43,20.43,20.43,87
EBO,20181120,20.41,20.42,20.39,20.39,285
EBO,20181121,20.5,20.5,20.5,20.5,25
EBO,20181122,20.51,20.51,20.51,20.51,474
EBO,20181123,20.51,20.51,20.51,20.51,0
EBO,20181126,20.27,20.27,20.27,20.27,161
EBO,20181127,20.27,20.27,20.27,20.27,0
EBO,20181128,20.1,20.1,19.9,19.9,334
EBO,20181129,20.1,20.1,20.1,20.1,266
EBO,20181130,19.95,19.96,19.5,19.5,437
EBO,20181203,20.29,20.4,20.29,20.4,63
EBO,20181204,20.5,20.5,20.25,20.25,2175
EBO,20181205,20.25,20.25,20.25,20.25,0
EBO,20181206,20.42,20.42,20.42,20.42,25
EBO,20181207,19.85,19.97,19.85,19.97,53
EBO,20181210,19.97,19.97,19.97,19.97,0
EBO,20181211,20.03,20.43,20.03,20.43,391
EBO,20181212,0,0,0,20.43,148118
EBO,20181213,19.67,19.67,19.2,19.2,1300
EBO,20181214,19.2,19.2,19.2,19.2,0
EBO,20181217,19.2,19.2,19.2,19.2,0
EBO,20181218,19.59,19.59,19.59,19.59,28
EBO,20181219,19.59,19.59,19.59,19.59,0
EBO,20181220,19.59,19.59,19.59,19.59,0
EBO,20181221,19.75,19.75,19.5,19.5,417
EBO,20181224,19.2,19.2,18.75,18.75,739
EBO,20181227,18.9,19.05,18.9,19.05,1169
EBO,20181228,19.05,19.06,19.05,19.06,346
EBO,20181231,19.59,19.59,19.59,19.59,127
EBO,20190102,19.59,19.59,19.59,19.59,0
EBO,20190103,19.5,19.5,19.5,19.5,386
EBO,20190104,19.5,19.5,19.5,19.5,0
EBO,20190107,19.55,19.55,19.44,19.44,1051
EBO,20190108,19.37,19.42,19.37,19.42,826
EBO,20190109,19.42,19.42,19.42,19.42,0
EBO,20190110,19.39,19.44,19.39,19.44,1767
EBO,20190111,19.44,19.75,19.44,19.75,1079
EBO,20190114,19.95,19.95,19.95,19.95,200
EBO,20190115,20.08,20.08,20,20,100
EBO,20190116,20.15,20.16,20,20,327
EBO,20190117,19.71,19.73,19.7,19.7,335
EBO,20190118,19.7,19.7,19.7,19.7,0
EBO,20190121,19.9,19.9,19.9,19.9,55
EBO,20190122,20,20.01,20,20.01,501
EBO,20190123,20.01,20.01,20.01,20.01,0
EBO,20190124,20.41,20.5,20.41,20.5,100
EBO,20190125,20.5,20.5,20.5,20.5,0
EBO,20190129,20.84,20.84,20.84,20.84,450
EBO,20190130,20.84,20.84,20.84,20.84,0
EBO,20190131,20.84,20.84,20.84,20.84,0
EBO,20190201,20.84,20.84,20.84,20.84,0
EBO,20190204,20.75,20.75,20.75,20.75,800
EBO,20190205,20.75,20.75,20.75,20.75,250
EBO,20190206,20.88,20.88,20.88,20.88,32
EBO,20190207,20.62,20.62,20.5,20.5,2500
EBO,20190208,20.65,20.65,20.65,20.65,700
EBO,20190211,20.65,20.65,20.3,20.3,338
EBO,20190212,20.3,20.3,20.3,20.3,0
EBO,20190213,20.4,20.4,20.4,20.4,451
EBO,20190214,21,21.2,21,21,2524
EBO,20190215,21,21,21,21,0
EBO,20190218,21.01,21.01,21.01,21.01,26
EBO,20190219,21.07,21.2,21.07,21.2,1570
EBO,20190220,21,21,20.2,20.5,1956
EBO,20190221,20.47,21.2,20.2,21.2,10730
EBO,20190222,20.8,21.18,20.8,21.18,317
EBO,20190225,21.18,21.18,20.21,20.21,3659
EBO,20190226,20.21,20.21,20.21,20.21,0
EBO,20190227,20.21,20.21,20.21,20.21,0
EBO,20190228,20.42,20.46,20.42,20.46,300
EBO,20190301,20.22,20.22,20.22,20.22,100
EBO,20190304,20.22,20.22,20.19,20.19,519
EBO,20190305,20.29,20.6,20.19,20.6,2860
EBO,20190306,20.6,20.6,20.6,20.6,0
EBO,20190307,20.6,20.6,20.6,20.6,0
EBO,20190308,20.6,20.6,20.6,20.6,0
EBO,20190311,20.59,20.6,20.59,20.6,551
EBO,20190312,20.6,20.6,20.6,20.6,0
EBO,20190313,20.6,20.6,20.6,20.6,0
EBO,20190314,20.34,20.59,20.34,20.59,217
EBO,20190315,20.57,20.59,20.57,20.59,1260
EBO,20190318,20.59,20.59,20.59,20.59,0
EBO,20190319,20.59,20.59,20.59,20.59,0
EBO,20190320,20.94,20.94,20.6,20.6,10198
EBO,20190321,21.18,21.18,20.6,20.6,3650
EBO,20190322,20.77,20.77,20.6,20.6,219
EBO,20190325,20.5,20.5,20.2,20.2,2580
EBO,20190326,20.45,20.5,20.45,20.5,400
EBO,20190327,20.62,20.78,20.5,20.5,102
EBO,20190328,20.5,20.5,20.5,20.5,0
EBO,20190329,20.88,20.99,20.88,20.97,555
EBO,20190401,20.95,21,20.94,20.94,1775
EBO,20190402,20.94,20.94,20.94,20.94,0
EBO,20190403,20.94,20.94,20.94,20.94,0
EBO,20190404,20.94,20.94,20.94,20.94,0
EBO,20190405,20.94,20.94,20.94,20.94,0
EBO,20190408,20.94,20.94,20.94,20.94,0
EBO,20190409,20.5,20.5,20.5,20.5,142
EBO,20190410,20,20,20,20,144
EBO,20190411,20,20,20,20,0
EBO,20190412,20,20,20,20,145
EBO,20190415,20.01,20.01,20.01,20.01,24
EBO,20190416,19.7,20.48,19.7,20.48,108
EBO,20190417,20.55,20.55,20.5,20.5,56
EBO,20190418,20.5,20.55,20.5,20.55,457
EBO,20190423,20.55,20.55,20.55,20.55,0
EBO,20190424,20.05,20.22,20.05,20.22,1445
EBO,20190426,20.09,20.1,20.09,20.1,69
EBO,20190429,20.1,20.1,20.1,20.1,0
EBO,20190430,20.1,20.1,20.1,20.1,0
EBO,20190501,20.15,20.3,20.1,20.3,3136
EBO,20190502,20.3,20.55,20.3,20.55,1074
EBO,20190503,20.55,20.65,20.01,20.01,800
EBO,20190506,20.4,20.5,20.4,20.5,4907
EBO,20190507,20.5,20.75,20.5,20.6,2870
EBO,20190508,20.6,20.61,20.49,20.56,1933
EBO,20190509,20.85,20.85,20.85,20.85,2200
EBO,20190510,20.7,20.76,20.61,20.7,15784
EBO,20190513,20.65,20.65,20.5,20.5,828
EBO,20190514,20.5,20.6,20.5,20.6,1472
EBO,20190515,20.64,20.64,20.59,20.6,2166
EBO,20190516,20.66,21,20.65,20.9,5583
EBO,20190517,21,21.4,21,21.25,3854
EBO,20190520,21.5,21.5,21.25,21.37,2794
EBO,20190521,21.43,21.45,21.4,21.45,303
EBO,20190522,21.4,21.4,21,21.03,556
EBO,20190523,21.03,21.03,21.03,21.03,297
EBO,20190524,21.03,21.03,21.03,21.03,0
EBO,20190527,21.03,21.03,21.03,21.03,0
EBO,20190528,21.35,21.4,21.2,21.2,1690
EBO,20190529,21.1,21.4,21,21,320
EBO,20190530,21,21,21,21,930
EBO,20190531,21.27,21.28,21,21.06,2422
EBO,20190603,20.8,21,20.5,21,1670
EBO,20190604,21,21.21,20.99,21,3510
EBO,20190605,21.06,21.07,21.06,21.07,11
EBO,20190606,21.08,21.08,21.08,21.08,535
EBO,20190607,21.08,21.08,21.08,21.08,0
EBO,20190611,21.12,21.34,21.12,21.34,1185
EBO,20190612,21.5,21.5,21.2,21.49,7208
EBO,20190613,22,22,22,22,500
EBO,20190614,22,22,22,22,0
EBO,20190617,22.2,22.28,22.2,22.28,1280
EBO,20190618,22.28,22.5,22,22.5,744
EBO,20190619,22.5,22.5,22.5,22.5,0
EBO,20190620,22.5,22.5,22.5,22.5,0
EBO,20190621,22.5,22.5,22.5,22.5,0
EBO,20190624,22.5,22.5,22.5,22.5,0
EBO,20190625,22.5,22.5,22.5,22.5,0
EBO,20190626,22.5,22.5,22.5,22.5,0
EBO,20190627,22.5,22.5,22.5,22.5,0
EBO,20190628,22.3,22.5,22.3,22.5,4600
EBO,20190701,22.11,22.15,22.1,22.15,7509
EBO,20190702,22.16,22.16,22.16,22.16,47
EBO,20190703,22.49,22.5,22.45,22.5,2088
EBO,20190704,22.5,22.51,22.5,22.5,521
EBO,20190705,22.5,22.5,22.5,22.5,0
EBO,20190708,22.7,22.7,22.17,22.17,1361
EBO,20190709,22.17,22.17,22.17,22.17,0
EBO,20190710,22.18,22.18,22.17,22.18,2037
EBO,20190711,22.73,22.9,22.5,22.5,3260
EBO,20190712,22.54,22.66,22.39,22.39,5018
EBO,20190715,22.39,22.39,22.39,22.39,0
EBO,20190716,22.5,22.5,22.3,22.3,7633
EBO,20190717,22.5,22.5,22.5,22.5,969
EBO,20190718,22.5,22.5,22.5,22.5,0
EBO,20190719,22.5,22.5,22.5,22.5,0
EBO,20190722,22.5,22.5,22.5,22.5,0
EBO,20190723,22.81,22.81,22.5,22.5,2120
EBO,20190724,22.5,22.5,22.5,22.5,0
EBO,20190725,22.52,22.52,22.52,22.52,500
EBO,20190726,22.52,23.01,22.52,23,1836
EBO,20190729,22.99,23,22.9,22.9,4032
EBO,20190730,23.4,23.4,23.2,23.2,872
EBO,20190731,23.79,23.79,23.78,23.78,243
EBO,20190801,23.78,23.78,23.78,23.78,2000
EBO,20190802,23.59,23.59,23.56,23.56,280
EBO,20190805,23.71,23.71,23.51,23.51,635
EBO,20190806,22.75,22.75,22.75,22.75,800
EBO,20190807,22.11,22.11,22.11,22.11,600
EBO,20190808,22.11,22.11,22.11,22.11,0
EBO,20190809,22.89,22.89,22.89,22.89,50
EBO,20190812,22.5,22.5,22.5,22.5,1250
EBO,20190813,22.5,22.5,22.5,22.5,0
EBO,20190814,22.5,22.5,22.5,22.5,0
EBO,20190815,23.06,23.06,22.54,22.54,105
EBO,20190816,22.8,22.8,22.5,22.5,58
EBO,20190819,22.5,22.5,22.5,22.5,0
EBO,20190820,22.5,22.5,22.5,22.5,0
EBO,20190821,23,24.5,23,24.5,680
EBO,20190822,24.08,24.5,23.63,24.5,4030
EBO,20190823,24.5,24.5,24.5,24.5,200
EBO,20190826,23.75,23.75,22.54,22.54,8144
EBO,20190827,23.04,23.5,23.03,23.5,1211
EBO,20190828,22.51,22.51,22.5,22.5,1523
EBO,20190829,22.35,22.35,22.2,22.2,1800
EBO,20190830,22.21,22.21,22.07,22.2,7204
EBO,20190902,22.25,22.25,22,22,2413
EBO,20190903,22,22,22,22,0
EBO,20190904,22,22,22,22,0
EBO,20190905,22.29,22.29,22.29,22.29,413
EBO,20190906,22.82,22.82,22.69,22.7,1376
EBO,20190909,22.7,22.7,22.7,22.7,0
EBO,20190910,22.7,22.7,22.7,22.7,0
EBO,20190911,22.7,22.7,22.7,22.7,95
EBO,20190912,22.7,22.97,22.7,22.97,48
EBO,20190913,23.08,23.08,22.7,22.7,441
EBO,20190916,22.7,22.9,22.7,22.8,2627
EBO,20190917,22.7,22.8,22.7,22.8,3490
EBO,20190918,22.27,24.49,22.27,24.49,4608
EBO,20190919,23.99,23.99,22.7,22.7,3473
EBO,20190920,22.6,22.6,22.6,22.6,25
EBO,20190923,22.7,22.7,22.69,22.69,410
EBO,20190924,22.69,22.69,22.69,22.69,0
EBO,20190925,22.69,22.69,22.69,22.69,0
EBO,20190926,22.64,22.65,22.64,22.65,1917
EBO,20190927,22.65,22.65,22.65,22.65,0
EBO,20190930,23,23,22.98,22.98,680
EBO,20191001,22.98,24,22.98,23.13,520
EBO,20191002,23.13,23.13,23.13,23.13,0
EBO,20191003,23,23,23,23,500
EBO,20191004,23.08,23.08,23,23,804
EBO,20191007,23,23,23,23,0
EBO,20191008,23.69,23.69,23.3,23.3,2447
EBO,20191009,23.35,23.35,23.3,23.3,3002
EBO,20191010,23.2,23.2,23.2,23.2,250
EBO,20191011,23.04,23.04,23.04,23.04,350
EBO,20191014,23.13,23.26,23.13,23.14,995
EBO,20191015,23.23,23.23,23.18,23.18,351
EBO,20191016,23.2,23.2,23.2,23.2,401
EBO,20191017,23.2,23.2,23.2,23.2,0
EBO,20191018,23.2,23.2,23.2,23.2,300
EBO,20191021,23.2,23.2,23.2,23.2,0
EBO,20191022,23,23.2,22.99,23.2,4673
EBO,20191023,23.2,23.2,23.2,23.2,0
EBO,20191024,23.29,23.29,23.09,23.09,576
EBO,20191025,23.09,23.09,23.09,23.09,12320
EBO,20191028,23.09,23.09,23.09,23.09,0
EBO,20191029,22.94,23,22.79,22.8,1504
EBO,20191030,22.52,22.6,22.52,22.6,349
EBO,20191031,22.61,23.09,22.6,23.09,5387
EBO,20191101,22.9,22.9,22.8,22.8,1510
EBO,20191104,22.8,22.8,22.2,22.2,1831
EBO,20191105,22.8,22.8,22.8,22.8,207
EBO,20191106,22.88,23.35,22.8,23.35,6641
EBO,20191107,23.35,23.35,23.35,23.35,0
EBO,20191108,23.25,23.25,23,23,5801
EBO,20191111,23.25,23.25,23.25,23.25,600
EBO,20191112,23.25,23.25,23.25,23.25,0
EBO,20191113,23.25,23.25,23.25,23.25,0
EBO,20191114,23.01,23.01,23,23,250
EBO,20191115,23,23,22.5,22.5,413
EBO,20191118,23.17,23.17,23.17,23.17,35344
EBO,20191119,21.68,21.75,21,21.3,2042
EBO,20191120,21.68,21.68,21.68,21.68,230
EBO,20191121,21.76,21.76,21,21,4117
EBO,20191122,21.5,21.5,21.5,21.5,70
EBO,20191125,21.79,21.79,21.75,21.75,1008
EBO,20191126,21.66,21.67,21.6,21.6,1247
EBO,20191127,21.5,21.5,21.5,21.5,1000
EBO,20191128,21.64,22.49,21.63,22.07,6576
EBO,20191129,21.75,21.75,21.75,21.75,1000
EBO,20191202,21.7,21.7,21.65,21.65,7345
EBO,20191203,21.85,21.95,21.75,21.95,2280
EBO,20191204,22.16,22.16,22.16,22.16,151895
EBO,20191205,22.25,22.26,22.18,22.26,273
EBO,20191206,22.75,22.75,22.75,22.75,39954
EBO,20191209,22.75,22.75,22.75,22.75,35142
EBO,20191210,0,0,0,22.75,50000
EBO,20191211,22.16,22.16,22.16,22.16,100
EBO,20191212,22.11,22.3,20.7,20.7,732
EBO,20191213,21.28,21.28,21.28,21.28,235
EBO,20191216,21.44,21.44,21.44,21.44,43
EBO,20191217,21.44,21.44,21.44,21.44,0
EBO,20191218,21.44,21.44,21.44,21.44,959
EBO,20191219,21.8,21.81,21.79,21.79,5544
EBO,20191220,21.5,21.5,21.5,21.5,46
EBO,20191223,21.69,21.69,21.5,21.5,500
EBO,20191224,21.5,21.5,21.5,21.5,0
EBO,20191227,22.73,22.74,22.73,22.74,81
EBO,20191230,23,23,23,23,401
EBO,20191231,23,23,23,23,0
EBO,20200102,23.1,23.1,23.1,23.1,28
EBO,20200103,23.1,23.1,23.1,23.1,102
EBO,20200106,23.09,23.17,22.71,22.71,848
EBO,20200107,22.71,22.71,22.71,22.71,0
EBO,20200108,22.75,22.87,22.75,22.87,620
EBO,20200109,23.25,23.25,23.25,23.25,598
EBO,20200113,23.25,23.25,23.25,23.25,0
EBO,20200114,23.64,23.65,23.64,23.65,452
EBO,20200115,23.65,23.65,23.65,23.65,0
EBO,20200116,23.64,23.64,23.64,23.64,100
EBO,20200117,23.55,23.55,23.55,23.55,1000
EBO,20200120,23.5,23.5,23.2,23.2,4553
EBO,20200121,23.21,23.5,23.2,23.5,550
EBO,20200122,23.55,23.55,23.51,23.55,1322
EBO,20200123,23.24,23.24,23.24,23.24,29
EBO,20200124,23.62,23.62,23.24,23.24,715
EBO,20200128,23.24,23.27,23.24,23.27,2306
EBO,20200129,23,23,23,23,50500
EBO,20200130,23,23.01,23,23,3243
EBO,20200203,22.58,22.7,22.51,22.6,77269
EBO,20200204,22.6,22.6,22.6,22.6,0
EBO,20200205,22.5,22.53,22.5,22.5,450
EBO,20200210,22,22,21.85,21.9,801
EBO,20200211,21.9,21.9,21.9,21.9,0
EBO,20200212,21.9,21.9,21.9,21.9,0
EBO,20200213,21.92,22.63,21.92,22.59,1886
EBO,20200214,22.65,22.86,22.2,22.2,2136
EBO,20200217,22.2,22.65,22.2,22.65,1132
EBO,20200218,22.74,22.75,22.74,22.75,117
EBO,20200219,22.5,22.5,22.2,22.4,563
EBO,20200220,22.8,23.91,22.79,23.13,2595
EBO,20200221,23.92,24.08,23.9,24,3155
EBO,20200224,24,24.25,23.98,24.25,3525
EBO,20200225,23.5,23.6,23.45,23.6,1289
EBO,20200226,23.6,23.63,23.44,23.44,1362
EBO,20200227,23.6,23.6,23.5,23.5,500
EBO,20200228,22.6,22.6,22.2,22.2,2563
EBO,20200302,22,22.2,22,22.2,709
EBO,20200303,23.29,23.35,23.26,23.35,6563
EBO,20200304,23.31,23.31,23.2,23.2,123
EBO,20200305,23.2,23.5,22.19,22.19,1483
EBO,20200306,23.2,23.2,23.2,23.2,50
EBO,20200309,22.6,23,22.6,23,3996
EBO,20200310,22.97,23,22.97,23,450
EBO,20200311,23,23,22.2,22.3,1981
EBO,20200312,21.9,21.93,21.53,21.8,4173
EBO,20200313,20.5,21,19.24,20.85,4916
EBO,20200316,21.26,21.26,21.01,21.26,1731
EBO,20200317,21.3,21.4,19.65,19.65,1625
EBO,20200318,19.81,21.725,19.81,21.725,22354
EBO,20200319,21.55,21.55,21,21,3405
EBO,20200320,22,22,19.95,20,5974
EBO,20200323,20,20,18.8,19,8196
EBO,20200324,19.35,20,19.1,20,4802
EBO,20200325,22.3,22.3,21,22,2683
EBO,20200326,21.11,22.05,21.1,21.1,697
EBO,20200327,21.51,21.51,21.1,21.1,643
EBO,20200330,21.1,21.1,21.1,21.1,0
EBO,20200331,21.31,21.99,21.31,21.6,1254
EBO,20200401,21.6,22.38,21.58,21.58,3154
EBO,20200402,21.6,21.6,21.6,21.6,364
EBO,20200403,21.6,21.6,21.6,21.6,0
EBO,20200406,22.03,22.03,21.25,21.25,4438
EBO,20200407,22.23,22.23,22.2,22.2,334
EBO,20200408,22.15,22.15,21.9,21.9,770
EBO,20200409,20.98,21,20.95,21,1000
EBO,20200414,22,22,21.1,21.1,5220
EBO,20200415,21.49,22,21.49,21.88,4208
EBO,20200416,21.81,21.81,21.75,21.75,544
EBO,20200417,21.95,22.98,21.95,22.98,3272
EBO,20200420,22.72,22.98,22.71,22.98,1471
EBO,20200421,23.34,23.5,23.24,23.5,1217
EBO,20200422,22.58,22.58,21.6,21.6,2001
EBO,20200423,21.99,22.5,21.75,22.5,1731
EBO,20200424,21.99,22,21.51,21.51,3241
EBO,20200427,21.8,22,21.8,21.97,530
EBO,20200428,21.72,21.72,20.95,20.95,4430
EBO,20200429,21.08,21.91,20.88,20.88,5272
EBO,20200430,21.1,21.1,20.76,20.77,1183
EBO,20200501,21.8,21.8,21.25,21.4,1979
EBO,20200504,21.9,21.9,20.82,21.3,245
EBO,20200505,21.3,21.31,21.28,21.28,3435
EBO,20200506,21.09,21.09,20.98,20.98,2533
EBO,20200507,21.01,21.42,21,21,4183
EBO,20200508,21.04,21.04,20.77,20.77,448
EBO,20200511,21.51,21.51,21.15,21.15,1297
EBO,20200512,21.3,21.31,21.29,21.29,1288
EBO,20200513,20.98,20.98,20.25,20.8,4371
EBO,20200514,20.45,20.52,20.3,20.52,3919
EBO,20200515,20.49,20.5,20.26,20.43,629
EBO,20200518,20.7,20.7,20.09,20.45,5987
EBO,20200519,20.04,20.4,20.04,20.4,1369
EBO,20200520,20.2,20.4,20.2,20.2,1859
EBO,20200521,20.9,20.92,20.9,20.92,1193
EBO,20200522,20.84,20.84,20.4,20.58,2488
EBO,20200525,20.58,20.66,20.4,20.5,3097
EBO,20200526,20.75,20.89,20.63,20.79,2717
EBO,20200527,20.86,20.9,20.86,20.9,1400
EBO,20200528,20.89,20.9,20.5,20.89,620
EBO,20200529,20.65,20.85,20.18,20.85,608
EBO,20200601,20.46,20.46,20.46,20.46,623
EBO,20200602,20.84,20.84,20.75,20.75,283
EBO,20200603,20.75,20.75,20,20.15,8275
EBO,20200604,20.65,20.75,20.42,20.74,3820
EBO,20200605,20.7,20.85,20.24,20.85,3896
EBO,20200609,20.85,21,20.64,20.64,2751
EBO,20200610,20.72,20.8,20.5,20.65,5675
EBO,20200611,20.75,20.75,20.35,20.35,4826
EBO,20200612,20.35,20.35,20.13,20.25,10353
EBO,20200615,20.5,20.7,20.5,20.55,3537
EBO,20200616,20.55,20.9,20.55,20.9,2301
EBO,20200617,20.99,21.26,20.99,21,9697
EBO,20200618,21,21,20.8,21,1834
EBO,20200619,21,21,21,21,1770
EBO,20200622,21.05,21.09,20.89,21,5487
EBO,20200623,20.55,20.57,20.01,20.05,100382
EBO,20200624,20.45,20.45,20.02,20.02,3867
EBO,20200625,20.14,20.14,20,20.12,1893
EBO,20200626,20.36,21.09,20.27,21.09,4688
EBO,20200629,20.35,20.39,20.2,20.2,3240
EBO,20200630,20.25,20.28,20.2,20.28,479
EBO,20200701,20.45,20.46,20.2,20.2,8037
EBO,20200702,20.21,20.37,20.15,20.25,10329
EBO,20200703,20.45,20.59,20.3,20.55,7549
EBO,20200706,20.79,20.79,20.64,20.64,3515
EBO,20200707,20.8,20.99,20.75,20.75,6729
EBO,20200708,20.99,21.09,20.62,20.62,8868
EBO,20200709,21.05,21.39,21.04,21.17,6725
EBO,20200710,20.96,20.96,20.78,20.83,1948
EBO,20200713,21.23,21.3,20.5,20.5,3649
EBO,20200714,20.75,20.89,20.59,20.7,8428
EBO,20200715,20.7,21.4,20.61,20.9,9597
EBO,20200716,20.9,21.3,20.9,21.3,3867
EBO,20200717,21,21,20.7,21,7477
EBO,20200720,21,21,20.5,21,9634
EBO,20200721,20.81,21,20.65,21,1503
EBO,20200722,21.3,21.3,21.3,21.3,278
EBO,20200723,20.96,21.3,20.88,21.3,7903
EBO,20200724,21.01,21.3,20.94,21.3,619
EBO,20200727,20.96,21.29,20.53,21.29,1100
EBO,20200728,20.5,20.62,20.45,20.51,7987
EBO,20200729,20.56,20.6,20.2,20.33,4173
EBO,20200730,20.53,20.53,20.5,20.5,557
EBO,20200731,20.51,20.6,20.23,20.34,1824
EBO,20200803,20.37,20.45,20.3,20.3,665
EBO,20200804,20.32,20.4,20.1,20.18,2570
EBO,20200805,20.2,20.27,20.05,20.05,2114
EBO,20200806,20.29,20.35,20.11,20.22,9879
EBO,20200807,20.3,20.3,20.12,20.2,4335
EBO,20200810,20.21,20.21,20.1,20.18,8754
EBO,20200811,20.26,20.3,20.15,20.3,700
EBO,20200812,20.1,20.165,20,20,5623
EBO,20200813,20.09,20.1,19.95,19.97,15132
EBO,20200814,20,20.3,19.9,20.01,16365
EBO,20200817,19.98,19.98,19.84,19.84,14244
EBO,20200818,19.85,19.95,19.76,19.82,7443
EBO,20200819,19.92,20.6,19.9,20.6,8241
EBO,20200820,20.68,20.68,20.2,20.3,23370
EBO,20200821,20.35,20.65,20.31,20.4,9743
EBO,20200824,20.55,20.57,20.39,20.4,14470
EBO,20200825,20.4,20.705,20.28,20.42,36610
EBO,20200826,20.5,20.51,20.375,20.39,49751
EBO,20200827,20.78,20.78,20.56,20.66,10096
EBO,20200828,20.63,21.1,20.63,20.91,41281
EBO,20200831,21.75,21.81,21,21,18174
EBO,20200901,21.5,21.69,21.31,21.38,13066
EBO,20200902,22.06,22.22,21.99,22.07,6987
EBO,20200903,22.49,23,22.09,23,9076
EBO,20200904,22.31,22.47,21.8,22.25,5152
EBO,20200907,22.01,22.29,21.8,22.09,4642
EBO,20200908,21.84,22.23,21.79,22.23,3250
EBO,20200909,22.16,22.24,22.11,22.14,3561
EBO,20200910,22.3,22.38,22.15,22.29,689
EBO,20200911,22.19,22.2,21.99,22.15,4129
EBO,20200914,22.28,22.37,22.28,22.36,2518
EBO,20200915,22.35,22.45,22.01,22.31,5378
EBO,20200916,22.32,22.44,22.1,22.44,2172
EBO,20200917,22.46,22.9,22.46,22.75,4148
EBO,20200918,22.76,22.76,22.5,22.5,16813
EBO,20200921,22.51,22.55,22,22.2,1525
EBO,20200922,22.21,22.55,22.05,22.05,2041
EBO,20200923,22.6,22.6,22.16,22.25,40213
EBO,20200924,22.21,22.21,21.95,22,8396
EBO,20200925,22.01,22.1,21.4,21.85,23812
EBO,20200928,22.03,22.03,22.02,22.02,504
EBO,20200929,22.435,22.58,22.435,22.58,8862
EBO,20200930,22.55,22.67,22.53,22.67,10468
EBO,20201001,22.47,22.7,22.42,22.7,32476
EBO,20201002,22.56,22.63,22.4,22.4,3105
EBO,20201005,22.37,22.38,22.01,22.01,4073
EBO,20201006,22.33,22.58,22.265,22.39,20999
EBO,20201007,22.62,22.7,22.4,22.59,4985
EBO,20201008,22.52,22.66,22.01,22.2,14710
EBO,20201009,22.63,22.77,22.37,22.37,17323
EBO,20201012,22.99,23.69,22.84,23.26,19893
EBO,20201013,23.9,24.6,23.79,24.6,11479
EBO,20201014,24.59,25.11,24.54,25.11,12333
EBO,20201015,25.12,25.19,24.75,24.86,6024
EBO,20201016,24.84,25.01,24.79,24.95,8820
EBO,20201019,25.12,25.12,24.69,24.69,4363
EBO,20201020,24.8,24.94,24.35,24.45,9330
EBO,20201021,24.48,24.48,23.97,24.06,7084
EBO,20201022,24.31,24.45,23.89,24.39,12625
EBO,20201023,24.5,24.64,24.19,24.26,7911
EBO,20201026,24.1,24.65,24.1,24.45,4966
EBO,20201027,24.47,24.56,24.09,24.2,17015
EBO,20201028,24.31,24.65,24,24,11945
EBO,20201029,24,24.41,24,24.17,6167
EBO,20201030,24.375,24.5,24,24.25,5265
EBO,20201102,24.35,24.49,24.01,24.22,1993
EBO,20201103,24.3,24.44,24.01,24.22,1279
EBO,20201104,24.15,24.45,23.8,23.84,9171
EBO,20201105,24.1,24.45,24.1,24.15,4579
EBO,20201106,24.15,24.27,23.86,23.86,6845
EBO,20201109,24.24,24.31,24.15,24.15,3183
EBO,20201110,24.26,24.5,24.03,24.5,2544
EBO,20201111,24.19,24.33,23.71,23.8,4716
EBO,20201112,23.87,23.93,23.8,23.93,3871
EBO,20201113,23.8,24.13,23.13,24.13,1014
EBO,20201116,24.13,24.13,24.13,24.13,0
EBO,20201117,23.77,23.78,23.54,23.54,1273
EBO,20201118,23.77,24.03,23.65,23.65,4540
EBO,20201120,23.78,24,23.71,24,698
EBO,20201123,23.85,24,23.84,23.96,2639
EBO,20201124,23.9,24.24,23.5,23.5,445
EBO,20201125,23.71,23.87,23.61,23.69,5229
EBO,20201126,23.77,24.21,23.77,24.05,3112
EBO,20201127,23.92,23.95,23.87,23.95,1462
EBO,20201130,23.95,23.95,23.55,23.6,3702
EBO,20201201,23.91,24.25,23.81,23.92,3228
EBO,20201202,24.37,24.4,23.92,23.98,6697
EBO,20201203,23.87,23.98,23.87,23.98,1319
EBO,20201204,23.75,23.97,23.74,23.74,1521
EBO,20201207,23.83,23.92,23.6,23.92,5656
EBO,20201208,23.82,23.82,23.54,23.54,2649
EBO,20201209,23.53,23.53,23.53,23.53,92
EBO,20201210,24,24,23.82,23.95,566
EBO,20201211,24.23,25,23.7,24.45,3075
EBO,20201214,24.45,24.45,24.45,24.45,170
EBO,20201215,25.25,25.25,24.45,25.25,4607
EBO,20201216,25.03,25.99,24.83,25.25,10706
EBO,20201217,25.27,25.49,25.25,25.26,3014
EBO,20201218,25.75,25.75,25.74,25.75,2909
EBO,20201221,26.52,26.59,25.99,26.24,2658
EBO,20201222,26.37,27.5,26.23,26.9,2433
EBO,20201224,26.82,26.82,26.82,26.82,0
EBO,20201229,27,27.19,26.99,27.14,11525
EBO,20201230,27.19,27.33,27.07,27.26,3792
EBO,20201231,27.11,27.11,26.54,26.76,1334
EBO,20210104,28.69,29.26,27,27.92,858
EBO,20210105,27,27.21,26.85,27.1,5388
EBO,20210106,27.53,27.67,25.85,26.5,9698
EBO,20210107,27.65,28.49,27.24,28.49,5939
EBO,20210108,27.24,28.49,26.64,28.49,449
EBO,20210111,27.22,27.78,27.22,27.6,843
EBO,20210112,27.11,27.13,26.65,27.01,7971
EBO,20210113,27.23,27.31,26.8,27.3,2624
EBO,20210114,26.88,26.88,26.48,26.63,2110
EBO,20210115,26.77,26.91,26.38,26.38,3028
EBO,20210118,26.87,27,26.4,27,1603
EBO,20210119,26.605,27,26.26,27,2046
EBO,20210120,26.71,26.73,26.5,26.59,5471
EBO,20210121,26.59,26.59,26.59,26.59,0
EBO,20210122,26.59,26.59,26.59,26.59,0
EBO,20210125,26.83,26.83,26.65,26.8,235
EBO,20210127,26.86,27.06,26.65,26.9,4267
EBO,20210128,26.66,26.81,26.5,26.5,5093
EBO,20210129,26.88,26.89,26.65,26.67,1440
EBO,20210201,27.07,27.07,26.71,26.71,369
EBO,20210203,27.3,27.5,27.3,27.5,2310
EBO,20210204,27.71,27.77,27.53,27.6,3341
EBO,20210205,27.64,27.72,27.51,27.7,3129
EBO,20210208,28.5,28.5,27.98,28,625
EBO,20210209,28,28.3,27.7,28.3,3718
EBO,20210210,27.87,28.3,27.71,28,55077
EBO,20210211,27.77,27.81,27.7,27.7,24745
EBO,20210212,27.65,27.73,27.6,27.6,4190
EBO,20210215,27.53,27.58,27.47,27.47,2560
EBO,20210216,27.5,27.5,27,27,3648
EBO,20210217,27.75,27.75,27,27.57,10954
EBO,20210218,27.5,27.57,26.99,27.01,6240
EBO,20210219,27.24,27.26,26.68,27.05,4278
EBO,20210222,26.74,26.74,25.65,25.94,10500
EBO,20210223,25.6,27.09,25.6,26.37,2698
EBO,20210224,26.73,27.23,26.18,26.18,4031
EBO,20210225,26.25,26.59,26.25,26.55,34951
EBO,20210226,26.5,26.5,25.56,25.84,1071
EBO,20210301,25.82,26.54,25.82,26.54,4189
EBO,20210302,26.91,26.98,25.82,25.82,2266
EBO,20210303,26.93,26.93,26.59,26.69,5213
EBO,20210304,26.55,26.55,26,26,497
EBO,20210305,26,26.9,25.5,26.89,2376
EBO,20210308,26.99,27.15,26.31,26.31,2699
EBO,20210309,26.72,27.5,26.5,27.5,7943
EBO,20210310,27.17,27.17,25.8,25.8,1224
EBO,20210311,27.17,27.17,25.8,25.8,1224
EBO,20210312,26.23,27.32,26,26.2,876
EBO,20210315,26.21,26.94,26.21,26.8,1285
EBO,20210316,26.4,27.5,26.4,27.5,2687
EBO,20210317,27.2,27.74,26.9,27.74,2015
EBO,20210318,27.73,27.73,26.8,26.8,552
EBO,20210319,26.8,27,26.62,27,1542
EBO,20210322,26.73,26.94,26.72,26.94,1231
EBO,20210323,27,27.14,26.94,26.94,218
EBO,20210324,26.94,26.94,26.94,26.94,0
EBO,20210325,26.82,27,26.47,26.85,659
EBO,20210329,26.7,27.09,26.5,27,4068
EBO,20210330,26.55,27.04,26.51,26.73,3349
EBO,20210331,26.87,27,26.85,26.99,413
EBO,20210401,27.17,27.25,27,27.25,4762
EBO,20210406,27.31,27.52,27.31,27.51,2031
EBO,20210407,27.24,27.37,27.24,27.37,765
EBO,20210408,27.44,28.08,27.44,28.08,4278
EBO,20210409,27.73,27.74,27.32,27.32,4483
EBO,20210412,27.32,27.79,27.32,27.58,5859
EBO,20210413,27.47,27.47,27.2,27.2,2330
EBO,20210414,27.55,27.82,27.33,27.58,10645
EBO,20210415,27.72,27.72,27.49,27.65,4703
EBO,20210416,28.2,28.24,27.65,27.65,1551
EBO,20210419,28.22,28.45,27.7,27.7,4731
EBO,20210420,28.69,28.72,27.01,27.01,8207
EBO,20210421,28.33,28.35,27.87,28.03,6743
EBO,20210422,28.03,28.13,27.38,27.7,5464
EBO,20210423,27.71,27.82,27.02,27.53,13365
EBO,20210426,27.53,27.8,27.53,27.8,277
EBO,20210427,27.44,27.44,26.75,26.75,24092
EBO,20210428,26.83,27.2,26.78,27.15,55335
EBO,20210429,27.33,27.99,27.33,27.5,3091
EBO,20210430,27.96,28.12,27.47,28,10531
EBO,20210503,28.03,28.34,28.03,28.12,6697
EBO,20210504,28.75,28.86,28.52,28.52,4046
EBO,20210505,28.51,28.73,28.01,28.01,9366
EBO,20210506,28.62,28.62,28,28,8783
EBO,20210507,28.12,28.88,28.12,28.55,10710
EBO,20210510,28.63,28.81,28.59,28.59,3415
EBO,20210511,28.57,28.7,28.55,28.65,564
EBO,20210512,28.5,28.5,27.95,28,2058
EBO,20210513,27.89,28.13,27.73,27.8,4401
EBO,20210514,28.44,28.7,28.28,28.7,3210
EBO,20210517,28.19,29.2,28.07,29.2,4584
EBO,20210518,28.69,28.95,28.46,28.95,2991
EBO,20210519,28.75,28.77,28.57,28.77,1355
EBO,20210520,28.88,30,28.81,30,758
EBO,20210521,30.29,30.58,30.2,30.58,3391
EBO,20210524,30.54,30.67,30.29,30.42,3646
EBO,20210525,30.54,30.59,30.4,30.54,7856
EBO,20210526,30.59,30.84,30.44,30.82,11840
EBO,20210527,30.84,30.97,30.43,30.58,2951
EBO,20210528,30.61,30.66,30.35,30.54,10801
EBO,20210531,30.74,31.29,30.74,31.01,5623
EBO,20210601,31.16,32,31.04,31.04,6732
EBO,20210602,31.69,31.83,31.51,31.59,3125
EBO,20210603,31.47,31.63,31,31.59,10609
EBO,20210604,31.39,31.44,30.88,31.44,1648
EBO,20210607,32.24,32.52,31.53,31.53,2102
EBO,20210609,31,31.08,30.79,30.95,1490
EBO,20210610,30.8,31.08,30.42,30.42,3470
EBO,20210611,30.96,31.48,30.8,31.48,3219
EBO,20210615,31.39,31.88,31.32,31.78,5173
EBO,20210616,31.11,31.15,30.55,30.55,1439
EBO,20210617,30.88,30.92,30.55,30.55,2257
EBO,20210618,30.65,31.1,30.01,30.15,7157
EBO,20210621,30.29,30.82,30.29,30.51,7431
EBO,20210622,30.53,30.6,30.42,30.45,15538
EBO,20210623,30.46,30.76,30.43,30.56,14203
EBO,20210625,30.32,30.98,30.15,30.98,4647
EBO,20210628,30.36,30.4,29.98,30,4009
EBO,20210629,30.37,30.37,29.68,29.88,21452
EBO,20210630,30.19,30.21,29.85,30,11145
EBO,20210701,30.38,30.44,29.64,29.64,3818
EBO,20210705,30.15,30.2,29.99,29.99,2596
EBO,20210706,30.15,30.3,29.6,29.6,6972
EBO,20210707,29.84,30,29.6,30,3925
EBO,20210708,29.8,29.8,29.1,29.1,6836
EBO,20210709,29.7,29.94,29.17,29.17,11193
EBO,20210712,29.8,29.86,29.59,29.6,5952
EBO,20210714,30.13,30.98,30.1,30.98,7265
EBO,20210715,30.55,30.69,29.8,29.84,19311
EBO,20210716,30.26,30.28,29.71,29.84,15385
EBO,20210719,30,30,29.6,29.65,6077
EBO,20210720,29.27,30.36,29.16,30.36,6510
EBO,20210723,29.7,30.01,29.42,29.65,6795
EBO,20210726,29.93,30.49,29.6,30.46,19031
EBO,20210727,29.92,30.05,29.46,29.78,23403
EBO,20210728,29.6,30.09,29.36,29.39,28057
EBO,20210729,29.8,29.9,29.57,29.62,3831
EBO,20210730,29.96,29.96,29.11,29.12,17358
EBO,20210802,29.64,30.25,29.62,29.94,19939
EBO,20210803,29.98,30.44,29.7,29.95,25521
EBO,20210804,30.06,30.5,29.95,30.5,8608
EBO,20210805,30.49,30.52,30.16,30.5,8814
EBO,20210806,30.45,30.5,30.24,30.5,8303
EBO,20210809,30.78,30.8,29.71,29.74,13202
EBO,20210810,30.29,30.65,30.2,30.45,16896
EBO,20210811,30.81,30.98,30.52,30.52,8257
EBO,20210812,30.85,30.98,30.26,30.26,2930
EBO,20210813,30.84,30.93,29.83,29.83,8225
EBO,20210819,30.87,31.94,30.87,30.95,12135
EBO,20210820,31.2,31.66,31.12,31.14,7903
EBO,20210823,31.97,32.4,31.97,32.4,14908
EBO,20210824,32.33,32.86,32.33,32.83,7640
EBO,20210825,32.88,33.5,32.88,33.5,8386
EBO,20210826,33.5,33.8,33.29,33.8,15308
EBO,20210827,33.8,33.86,33.51,33.75,3888
EBO,20210830,33.85,34.84,33.81,34,4604
EBO,20210831,34,34.75,34,34.62,3543
EBO,20210901,34.75,34.75,34.48,34.5,7072
EBO,20210902,34.8,34.8,33.63,33.63,5090
EBO,20210903,33.95,34.6,33.67,34.06,5216
EBO,20210906,33.8,33.91,32.9,33.19,3777
EBO,20210907,33.19,33.95,33.19,33.62,10253
EBO,20210908,33.7,33.82,33.41,33.68,3755
EBO,20210909,33.22,33.46,31.81,32.64,8004
EBO,20210910,33.5,33.5,32.11,32.79,9873
EBO,20210913,33.1,34.62,32.86,34,7416
EBO,20210914,34,34,32.79,33.6,11308
EBO,20210915,33.8,34.2,33.65,34.2,1879
EBO,20210916,34.21,34.76,34.17,34.76,4740
EBO,20210917,34.94,35.22,34.3,35.14,5682
EBO,20210920,35.53,35.53,34.2,34.2,4465
EBO,20210922,33.56,37,33.56,34.81,5056
EBO,20210923,34.83,35.35,34,34,7947
EBO,20210924,34.48,35,34,34,4165
EBO,20210927,34.21,34.29,33.5,33.5,7010
EBO,20210928,34.53,34.61,33.84,33.84,9952
EBO,20210929,34.84,34.9,33.6,33.6,4031
EBO,20210930,33.7,33.78,33.6,33.78,6363
EBO,20211001,34.06,34.84,33.88,34.35,3271
EBO,20211004,34.49,34.61,34,34.6,2346
EBO,20211005,34.1,34.1,33.13,33.6,4732
EBO,20211006,33.65,33.82,33.52,33.52,7718
EBO,20211007,33.54,33.94,33.23,33.53,1933
EBO,20211008,33.48,33.48,32.73,32.73,3391
EBO,20211011,32.88,33.24,32.68,33.21,2979
EBO,20211012,32.88,33.29,32.68,33.29,3121
EBO,20211013,32.28,32.28,31.5,31.97,3065
EBO,20211014,32.44,32.63,31.84,31.84,4499
EBO,20211019,33.3,33.63,33.07,33.45,15313
EBO,20211020,33.45,34.4,33.45,33.96,6780
EBO,20211021,33.96,34.5,33.84,34.5,2151
EBO,20211022,34.56,34.56,33.3,33.3,3970
EBO,20211025,33.4,33.9,33.4,33.9,299
EBO,20211026,33.9,34.41,33.83,33.99,8767
EBO,20211028,33.85,34.12,33.3,33.3,2155
EBO,20211029,33.4,34.63,33.3,34.5,4858
EBO,20211101,34.69,34.69,34.34,34.5,7998
EBO,20211102,34.65,34.65,34.31,34.55,3238
EBO,20211103,34.6,34.67,34.07,34.22,2126
EBO,20211104,34.5,34.5,34.04,34.2,4821
EBO,20211105,34.12,35.49,34.12,35.49,2385
EBO,20211109,34.89,35.19,34.74,34.74,3550
EBO,20211110,35.24,35.24,34.8,34.8,3433
EBO,20211112,34.97,35.14,34.79,35.06,4149
EBO,20211115,34.92,34.92,34.2,34.22,12016
EBO,20211116,34.65,35.49,34.55,35.46,5651
EBO,20211117,35.3,35.3,34.92,34.98,5806
EBO,20211118,35.08,35.17,34.94,35,7403
EBO,20211119,34.95,35.46,34.95,35.05,16784
EBO,20211122,35.01,35.05,34.48,35.05,3133
EBO,20211123,34.5,35,34.5,35,512
EBO,20211124,34.78,35,34.1,34.49,810
EBO,20211125,34.55,34.55,34.14,34.5,3136
EBO,20211126,34.6,34.61,34.1,34.61,4426
EBO,20211129,34.67,34.67,34.1,34.1,1199
EBO,20211130,34.1,35,34.1,35,3872
EBO,20211201,34.8,35,34.67,34.9,6356
EBO,20211202,34.8,34.8,34,34,2932
EBO,20211203,34.34,35,34.34,34.7,1431
EBO,20211206,34.7,34.7,33.64,34.3,5068
EBO,20211207,34.4,34.42,33.88,34.42,1855
EBO,20211208,34.4,34.99,34.23,34.7,9461
EBO,20211209,34.7,34.7,34.7,34.7,0
EBO,20211210,35.45,36.6,35.44,36.31,57872
EBO,20211213,36.54,36.6,36.2,36.25,14471
EBO,20211214,36.15,36.47,36.14,36.3,81122
EBO,20211216,36.37,36.39,36.01,36.2,3001
EBO,20211217,36.3,36.3,35.11,35.92,7560
EBO,20211220,35.34,35.9,35.11,35.75,6567
EBO,20211221,35.5,35.72,35.2,35.5,6277
EBO,20211222,36,37.55,36,37,5390
EBO,20211223,37.07,37.955,36.83,37.8,3981
EBO,20211224,37.94,39,37.68,39,3633
EBO,20211229,38.87,39.86,38.13,39.8,8394
EBO,20211230,39.8,39.8,38.75,39.01,3547
EBO,20211231,39.12,39.12,38.3,38.3,136
EBO,20220104,38.41,38.78,37.5,38.78,1883
EBO,20220105,38.79,40.5,38.14,40.5,11367
EBO,20220106,40.4,40.4,39,39.02,6441
EBO,20220107,39,39.18,38.64,39,2559
EBO,20220110,39,39,36.75,38.94,24903
EBO,20220111,38.89,38.89,37.86,37.96,21973
EBO,20220112,38,38.09,37.3,37.3,3922
EBO,20220113,37.49,37.96,36.88,36.88,3860
EBO,20220114,37.48,38.18,37.48,38,4374
EBO,20220117,37.99,37.99,37.56,37.9,2008
EBO,20220118,37.88,38.23,37.81,38.09,4802
EBO,20220119,37.7,37.8,36.76,36.76,2331
EBO,20220120,37.05,38,36.12,37.95,12649
EBO,20220121,37.95,37.95,35.74,35.74,13267
EBO,20220124,35.73,37.3,35.3,36.41,9804
EBO,20220125,35.93,36.06,35.36,35.36,8124
EBO,20220127,36.28,36.5,35.62,36.2,68380
EBO,20220128,36.13,36.6,36.1,36.42,7618
EBO,20220131,37.02,37.33,36.25,36.3,12669
EBO,20220201,36.79,37,36.55,36.7,13022
EBO,20220202,37.86,37.97,36.45,37.01,10259
EBO,20220203,37.01,37.33,36.27,36.3,12000
EBO,20220204,36.47,37.46,36.43,37.46,14864
EBO,20220207,38,39.52,37.85,37.85,6217
EBO,20220208,37.85,39.02,37.69,37.79,16927
EBO,20220209,38.24,38.31,37.5,38.31,9664
EBO,20220210,38.05,38.56,37.77,38.4,8679
EBO,20220211,38.2,38.2,37,37.15,24117
EBO,20220214,37.6,37.6,35.56,35.93,17792
EBO,20220215,35.93,35.97,35.37,35.55,22329
EBO,20220216,36.23,37.37,36.23,36.8,20064
EBO,20220217,37.08,38.74,36.91,38.3,24113
EBO,20220218,37.7,38.67,37.4,38.25,22474
EBO,20220221,38.19,38.27,37.7,38,7709
EBO,20220222,38.09,38.66,37.9,38.33,72446
EBO,20220223,38.4,38.46,37.9,37.9,20281
EBO,20220224,38.01,38.02,36.55,37.07,32344
EBO,20220225,37.07,37.66,37.04,37.1,22372
EBO,20220228,37,37.29,36,36.78,19918
EBO,20220301,37.5,37.65,36.74,36.99,12858
EBO,20220302,36.86,37.51,36.3,36.96,14219
EBO,20220303,36.96,37.42,36.27,36.3,18434
EBO,20220304,36.05,37.28,35.84,36.05,60011
EBO,20220307,36.05,36.13,34.4,34.7,25736
EBO,20220308,34.34,34.76,33.77,34.12,23532
EBO,20220309,34.12,35.52,34.12,35.35,20401
EBO,20220310,35.4,36.3,34.61,34.61,10998
EBO,20220311,34.96,35.29,34.5,34.5,16086
EBO,20220314,34.5,36.68,34.43,35.99,15931
EBO,20220315,35.69,35.69,34.5,34.57,12362
EBO,20220316,0,0,0,0,0
EBO,20220317,35.32,35.7,35.2,35.38,26091
EBO,20220318,35.5,35.52,34.7,34.7,30334
EBO,20220321,35.41,36.25,35.4,36.11,17158
EBO,20220322,36.5,36.84,36.07,36.39,15654
EBO,20220323,36.69,36.77,36.195,36.64,7337
EBO,20220324,36.51,36.51,35.96,36.14,2468
EBO,20220325,36.51,36.81,36.32,36.44,7960
EBO,20220328,36.53,37.25,36.53,37.19,13112
EBO,20220329,36.9,37.5,36.5,36.5,16034
EBO,20220330,37.5,38.55,37.02,38.06,19784
EBO,20220331,38.21,38.65,37.71,37.97,9343
EBO,20220401,38.38,38.38,37.56,37.7,13252
EBO,20220404,37.78,37.85,37.12,37.12,5544
EBO,20220405,37.12,37.83,37.1,37.72,5957
EBO,20220406,37.2,38.02,37,37.9,7498
EBO,20220407,37.96,39.81,37.88,38.72,14679
EBO,20220408,38.72,39.17,38.72,39.1,7780
EBO,20220411,38.84,38.88,37.2,37.42,24606
EBO,20220412,37.47,38.8,37.47,38.34,11641
EBO,20220413,38.49,38.71,37.94,38.23,11195
EBO,20220414,38.31,38.71,38.11,38.71,5752
EBO,20220419,38.8,38.8,37.97,38.54,6733
EBO,20220420,38.6,38.6,37.88,38.27,6040
EBO,20220421,38.6,38.6,37.88,38.27,6040
EBO,20220422,39.66,40.3,39,39.5,7408
EBO,20220426,39.91,40.01,38.74,38.74,14889
EBO,20220427,38.74,39.3,38.23,38.6,14387
EBO,20220428,38.88,38.98,38.73,38.9,17289
EBO,20220429,38.77,39.51,38.31,38.72,16249
EBO,20220502,38.6,38.9,37.78,38.22,19118
EBO,20220503,38.37,38.58,37.49,38.09,8931
EBO,20220504,37.98,38.85,37.82,38.73,6951
EBO,20220505,38.4,38.73,38.25,38.29,12111
EBO,20220506,38.01,38.29,37.69,37.96,6492
EBO,20220509,37.96,37.96,37.42,37.42,3937
EBO,20220510,37,37,36.29,36.7,23862
EBO,20220511,36.6,36.68,36.17,36.17,7991
EBO,20220512,36.34,37.54,36.32,37.11,24465
EBO,20220513,36.39,36.87,36.18,36.24,17741
EBO,20220516,36.59,36.7,35.52,35.64,12923
EBO,20220517,35.65,36.04,34.74,35.78,19424
EBO,20220518,35.78,35.95,34.62,34.98,11433
EBO,20220519,35.21,35.88,34.89,35.28,6868
EBO,20220520,35.82,36.5,35.82,35.89,12464
EBO,20220523,36.07,36.35,34.98,34.98,12637
EBO,20220524,35.75,36.315,35.75,35.94,9549
EBO,20220525,35.83,36.65,35.83,36.55,13098
EBO,20220526,36.19,36.97,36.1,36.17,12851
EBO,20220527,36.18,37.58,35.86,36.52,37243
EBO,20220530,36.65,37.23,35.87,36.55,25298
EBO,20220531,36.55,37.2,36.4,36.43,75696
EBO,20220601,36.66,37.43,36.26,36.88,16030
EBO,20220602,36.54,36.95,36.11,36.5,10968
EBO,20220603,36.6,36.7,36.1,36.19,5160
EBO,20220606,36.01,37.83,35.36,35.56,7216
EBO,20220607,35.9,36.22,35.72,35.75,12669
EBO,20220608,35.71,36.14,35.61,35.76,8651
EBO,20220609,35.82,37.26,35.82,36.58,13989
EBO,20220610,36.4,37.38,35.83,36.4,24484
EBO,20220614,35,35.97,34.83,35.76,36375
EBO,20220615,36.26,36.26,35,35.81,22128
EBO,20220616,35.31,35.5,35,35,6185
EBO,20220617,35,35.4,33.85,34.42,31727
EBO,20220620,35.59,36.08,34.43,34.91,10857
EBO,20220621,36.18,37.6,35.79,36.77,15376
EBO,20220622,36.57,36.65,36.04,36.4,21650
EBO,20220623,36.5,36.5,35.2,35.56,27595
EBO,20220624,35.62,35.78,35.01,35.76,49742
EBO,20220627,36.5,37.19,36.5,36.88,24618
EBO,20220628,36.99,36.99,35.98,36.31,13799
EBO,20220629,36.29,36.29,35,35.82,9869
EBO,20220630,35.82,35.82,34.54,34.72,6276
EBO,20220701,35,35.28,34.06,34.12,29927
EBO,20220704,33.8,35.39,33.8,34.8,10842
EBO,20220705,34.76,34.76,34.27,34.27,7072
EBO,20220706,34.5,35.51,34.5,34.8,67204
EBO,20220707,34.79,35.84,34.79,35,20363
EBO,20220708,35.43,35.43,34.69,34.85,26133
EBO,20220711,34.99,35.21,34.51,34.68,11805
EBO,20220712,35.28,35.35,34.91,34.93,33400
EBO,20220713,35.16,35.21,34.73,34.73,10730
EBO,20220714,34.75,35.05,34.51,34.51,11608
EBO,20220715,35.02,35.55,34.93,35.08,24998
EBO,20220718,35,35.41,34.53,34.53,24511
EBO,20220719,34.79,35.26,34.62,35.26,10496
EBO,20220720,35.15,35.54,34.8,34.88,56642
EBO,20220721,34.89,35.5,34.8,34.9,18096
EBO,20220722,34.8,35,34.8,34.83,20558
EBO,20220725,34.8,35.39,34.7,35.19,23767
EBO,20220726,35.19,35.19,34.28,34.55,18911
EBO,20220727,34.51,34.55,34.17,34.55,6816
EBO,20220728,34.56,35.06,34.41,35.02,14758
EBO,20220729,35.44,35.59,35.21,35.32,10296
EBO,20220801,35.33,35.54,34.7,34.86,29393
EBO,20220802,35.09,35.75,34.71,35.3,24868
EBO,20220803,35.33,36.24,35.06,35.53,22362
EBO,20220805,35.56,35.75,35.2,35.33,23599
EBO,20220808,35.37,35.37,34.62,35.09,8048
EBO,20220809,35.14,35.8,34.99,35.16,55280
EBO,20220810,35.25,35.37,35.07,35.15,64580
EBO,20220811,35.27,35.3,34.84,34.86,37993
EBO,20220812,35.03,35.26,35.02,35.13,29251
EBO,20220815,35.35,35.49,34.8,35.14,7527
EBO,20220816,35.14,35.85,34.76,35.16,16112
EBO,20220817,35.16,35.29,34.81,34.88,9945
EBO,20220818,35.07,35.07,34.685,34.85,9484
EBO,20220819,34.82,34.99,34.53,34.73,6629
EBO,20220822,34.73,34.87,34.3,34.46,17467
EBO,20220823,34.29,34.44,34,34,12186
EBO,20220824,34,34.67,34,34.54,8866
EBO,20220825,34.54,34.63,34.07,34.29,8621
EBO,20220826,34.55,34.95,34.01,34.95,16186
EBO,20220829,34.9,34.9,33.45,33.53,37236
EBO,20220830,34.25,34.38,33.95,34.21,6445
EBO,20220831,34.4,34.75,34.11,34.44,22583
EBO,20220901,33.76,35.07,33.76,34.77,13731
EBO,20220902,34.8,35.21,34.5,34.61,12057
EBO,20220905,34.52,35.14,34.21,34.98,39158
EBO,20220906,34.63,35.11,34.01,34.82,49993
EBO,20220907,34.65,35.14,34.48,34.48,20835
EBO,20220909,34.97,35.77,34.69,35.7,24353
EBO,20220912,35.64,35.84,35.18,35.65,16057
EBO,20220913,36,36,34.87,35,21444
EBO,20220914,34.7,34.82,34.23,34.56,17397
EBO,20220915,34.56,34.81,34.01,34.03,18252
EBO,20220916,34.36,34.59,33.4,33.99,52079
EBO,20220919,34,34.24,33.975,34.01,16279
EBO,20220920,34.07,34.16,33.32,33.51,27903
EBO,20220921,33.5,34.37,33.37,33.83,23982
