EHH,20170703,0.45,0.45,0.4,0.435,909883
EHH,20170704,0.41,0.425,0.4,0.41,311250
EHH,20170705,0.405,0.41,0.39,0.4,188398
EHH,20170706,0.4,0.4,0.395,0.395,110500
EHH,20170707,0.39,0.405,0.39,0.4,473979
EHH,20170710,0.405,0.405,0.405,0.405,1250
EHH,20170711,0.39,0.4,0.38,0.4,82400
EHH,20170712,0.39,0.4,0.39,0.4,62000
EHH,20170713,0.395,0.395,0.385,0.385,3450
EHH,20170714,0.385,0.39,0.37,0.39,55471
EHH,20170717,0.39,0.395,0.39,0.39,22650
EHH,20170718,0.36,0.38,0.355,0.36,116000
EHH,20170719,0.395,0.395,0.395,0.395,88609
EHH,20170720,0.395,0.395,0.395,0.395,40000
EHH,20170721,0.395,0.395,0.395,0.395,0
EHH,20170724,0.39,0.395,0.39,0.395,52500
EHH,20170725,0.395,0.395,0.395,0.395,10000
EHH,20170726,0.36,0.36,0.35,0.36,50300
EHH,20170727,0.375,0.385,0.375,0.385,40330
EHH,20170728,0.385,0.385,0.385,0.385,0
EHH,20170731,0.39,0.39,0.385,0.39,75670
EHH,20170801,0.37,0.39,0.35,0.385,18000
EHH,20170802,0.385,0.385,0.385,0.385,1000
EHH,20170803,0.37,0.39,0.37,0.39,43405
EHH,20170804,0.385,0.39,0.385,0.39,34000
EHH,20170807,0.385,0.39,0.385,0.39,50000
EHH,20170808,0.365,0.39,0.365,0.39,4186
EHH,20170809,0.365,0.37,0.355,0.37,130000
EHH,20170810,0.37,0.38,0.365,0.37,36800
EHH,20170811,0.365,0.38,0.365,0.38,115000
EHH,20170815,0.375,0.38,0.375,0.375,50237
EHH,20170816,0.36,0.385,0.36,0.38,52056
EHH,20170817,0.38,0.38,0.365,0.38,20500
EHH,20170818,0.375,0.38,0.355,0.38,31751
EHH,20170821,0.365,0.38,0.365,0.38,51200
EHH,20170822,0.365,0.38,0.365,0.38,59000
EHH,20170823,0.375,0.38,0.375,0.38,21500
EHH,20170824,0.37,0.37,0.355,0.37,8500
EHH,20170825,0.36,0.37,0.36,0.36,61942
EHH,20170828,0.365,0.365,0.36,0.365,31500
EHH,20170829,0.37,0.375,0.36,0.375,170500
EHH,20170830,0.375,0.375,0.36,0.365,182000
EHH,20170831,0.365,0.375,0.36,0.375,198000
EHH,20170901,0.375,0.375,0.37,0.37,37000
EHH,20170904,0.37,0.37,0.37,0.37,9397
EHH,20170905,0.375,0.375,0.37,0.37,62500
EHH,20170906,0.375,0.38,0.375,0.38,301613
EHH,20170907,0.38,0.38,0.365,0.375,79788
EHH,20170908,0.38,0.38,0.38,0.38,250000
EHH,20170911,0.38,0.38,0.375,0.375,112843
EHH,20170912,0.365,0.365,0.365,0.365,18158
EHH,20170913,0.365,0.365,0.365,0.365,0
EHH,20170914,0.355,0.37,0.355,0.37,40000
EHH,20170915,0.37,0.37,0.37,0.37,0
EHH,20170918,0.37,0.37,0.37,0.37,0
EHH,20170919,0.37,0.37,0.37,0.37,0
EHH,20170920,0.37,0.37,0.37,0.37,0
EHH,20170921,0.37,0.37,0.37,0.37,0
EHH,20170922,0.37,0.37,0.37,0.37,11000
EHH,20170925,0.37,0.37,0.36,0.36,2704
EHH,20170926,0.36,0.36,0.36,0.36,4638
EHH,20170927,0.36,0.36,0.36,0.36,0
EHH,20170928,0.36,0.36,0.36,0.36,0
EHH,20170929,0.36,0.36,0.35,0.35,6362
EHH,20171002,0.35,0.35,0.35,0.35,0
EHH,20171003,0.35,0.37,0.35,0.37,87500
EHH,20171004,0.37,0.37,0.37,0.37,0
EHH,20171005,0.37,0.37,0.37,0.37,0
EHH,20171006,0.37,0.37,0.37,0.37,0
EHH,20171009,0.37,0.37,0.37,0.37,0
EHH,20171010,0.37,0.37,0.37,0.37,0
EHH,20171011,0.35,0.35,0.35,0.35,10000
EHH,20171012,0.35,0.35,0.35,0.35,400
EHH,20171013,0.36,0.365,0.35,0.365,81602
EHH,20171016,0.365,0.37,0.365,0.37,110898
EHH,20171017,0.365,0.37,0.365,0.37,101602
EHH,20171018,0.365,0.37,0.365,0.37,27000
EHH,20171019,0.365,0.375,0.365,0.375,55000
EHH,20171020,0.375,0.38,0.375,0.38,58000
EHH,20171023,0.38,0.39,0.38,0.39,101500
EHH,20171024,0.385,0.385,0.36,0.375,60000
EHH,20171025,0.38,0.38,0.355,0.375,73500
EHH,20171026,0.385,0.385,0.385,0.385,3000
EHH,20171027,0.375,0.385,0.375,0.385,22147
EHH,20171030,0.385,0.4,0.375,0.375,106853
EHH,20171031,0.385,0.4,0.385,0.385,199970
EHH,20171101,0.38,0.38,0.38,0.38,21500
EHH,20171102,0.38,0.38,0.38,0.38,0
EHH,20171103,0.38,0.38,0.38,0.38,5000
EHH,20171106,0.38,0.385,0.38,0.385,46000
EHH,20171107,0.36,0.36,0.36,0.36,5000
EHH,20171108,0.38,0.38,0.355,0.355,78951
EHH,20171109,0.355,0.355,0.355,0.355,5000
EHH,20171110,0.355,0.355,0.355,0.355,5000
EHH,20171113,0.355,0.355,0.355,0.355,0
EHH,20171114,0.36,0.36,0.355,0.355,15855
EHH,20171115,0.365,0.37,0.365,0.37,30000
EHH,20171116,0.37,0.37,0.37,0.37,0
EHH,20171117,0.365,0.365,0.365,0.365,8761
EHH,20171120,0.365,0.365,0.365,0.365,0
EHH,20171121,0.365,0.365,0.365,0.365,0
EHH,20171122,0.37,0.37,0.37,0.37,6323
EHH,20171123,0.365,0.365,0.365,0.365,8500
EHH,20171124,0.37,0.37,0.37,0.37,45000
EHH,20171127,0.37,0.37,0.37,0.37,86177
EHH,20171128,0.37,0.37,0.355,0.355,21045
EHH,20171129,0.365,0.365,0.365,0.365,13500
EHH,20171130,0.365,0.365,0.365,0.365,0
EHH,20171201,0.365,0.365,0.365,0.365,0
EHH,20171204,0.355,0.355,0.355,0.355,22072
EHH,20171205,0.355,0.365,0.355,0.365,103000
EHH,20171206,0.355,0.365,0.355,0.365,65400
EHH,20171207,0.36,0.36,0.355,0.355,16285
EHH,20171208,0.36,0.36,0.36,0.36,76284
EHH,20171211,0.35,0.35,0.35,0.35,23250
EHH,20171212,0.34,0.355,0.34,0.355,11829
EHH,20171213,0.355,0.355,0.355,0.355,0
EHH,20171214,0.34,0.355,0.33,0.355,41035
EHH,20171215,0.355,0.355,0.355,0.355,1465
EHH,20171218,0.355,0.355,0.355,0.355,0
EHH,20171219,0.34,0.35,0.33,0.35,21268
EHH,20171220,0.35,0.35,0.345,0.35,22880
EHH,20171221,0.35,0.35,0.35,0.35,0
EHH,20171222,0.35,0.35,0.35,0.35,0
EHH,20171227,0.345,0.345,0.345,0.345,26440
EHH,20171228,0.345,0.345,0.345,0.345,0
EHH,20171229,0.345,0.345,0.345,0.345,1449
EHH,20180102,0.34,0.34,0.33,0.33,6578
EHH,20180103,0.34,0.345,0.3,0.33,46372
EHH,20180104,0.34,0.35,0.34,0.35,105700
EHH,20180105,0.35,0.35,0.34,0.34,11000
EHH,20180108,0.34,0.34,0.335,0.34,8613
EHH,20180109,0.34,0.34,0.34,0.34,61475
EHH,20180110,0.34,0.34,0.33,0.33,7700
EHH,20180111,0.33,0.33,0.33,0.33,0
EHH,20180112,0.335,0.335,0.335,0.335,3000
EHH,20180115,0.335,0.335,0.335,0.335,1495
EHH,20180116,0.335,0.35,0.33,0.35,7773
EHH,20180117,0.35,0.35,0.35,0.35,0
EHH,20180118,0.35,0.35,0.35,0.35,11500
EHH,20180119,0.34,0.35,0.33,0.345,47150
EHH,20180122,0.345,0.345,0.345,0.345,0
EHH,20180123,0.345,0.345,0.345,0.345,0
EHH,20180124,0.345,0.345,0.345,0.345,1600
EHH,20180125,0.34,0.345,0.32,0.345,5400
EHH,20180129,0.34,0.34,0.34,0.34,3375
EHH,20180130,0.34,0.34,0.34,0.34,0
EHH,20180131,0.34,0.34,0.34,0.34,0
EHH,20180201,0.34,0.34,0.34,0.34,2000
EHH,20180202,0.34,0.34,0.34,0.34,0
EHH,20180205,0.34,0.34,0.34,0.34,1475
EHH,20180207,0.3,0.31,0.27,0.27,64976
EHH,20180208,0.25,0.25,0.25,0.25,86816
EHH,20180209,0.25,0.25,0.225,0.225,26581
EHH,20180212,0.225,0.225,0.225,0.225,0
EHH,20180213,0.23,0.25,0.23,0.25,236088
EHH,20180214,0.27,0.27,0.25,0.27,10089
EHH,20180215,0.27,0.27,0.27,0.27,9911
EHH,20180216,0.3,0.3,0.3,0.3,5000
EHH,20180219,0.31,0.31,0.31,0.31,4500
EHH,20180220,0.31,0.31,0.31,0.31,0
EHH,20180221,0.31,0.31,0.31,0.31,0
EHH,20180222,0.31,0.31,0.31,0.31,0
EHH,20180223,0.27,0.315,0.255,0.315,11900
EHH,20180226,0.31,0.31,0.31,0.31,4125
EHH,20180227,0.29,0.29,0.265,0.29,13075
EHH,20180228,0.265,0.265,0.265,0.265,800
EHH,20180301,0.285,0.285,0.285,0.285,19000
EHH,20180302,0.285,0.285,0.285,0.285,0
EHH,20180305,0.285,0.285,0.285,0.285,7500
EHH,20180306,0.295,0.3,0.295,0.3,17145
EHH,20180307,0.32,0.32,0.32,0.32,1500
EHH,20180308,0.32,0.34,0.32,0.34,102650
EHH,20180309,0.33,0.33,0.33,0.33,10000
EHH,20180312,0.33,0.33,0.33,0.33,2039
EHH,20180313,0.33,0.33,0.33,0.33,0
EHH,20180314,0.33,0.33,0.33,0.33,0
EHH,20180315,0.32,0.33,0.32,0.33,9000
EHH,20180316,0.33,0.33,0.33,0.33,0
EHH,20180319,0.33,0.33,0.33,0.33,0
EHH,20180320,0.32,0.32,0.32,0.32,4516
EHH,20180321,0.3,0.32,0.295,0.32,28000
EHH,20180322,0.32,0.32,0.32,0.32,0
EHH,20180323,0.32,0.32,0.32,0.32,15000
EHH,20180326,0.32,0.32,0.32,0.32,0
EHH,20180327,0.32,0.32,0.32,0.32,9565
EHH,20180328,0.32,0.32,0.32,0.32,0
EHH,20180329,0.32,0.32,0.32,0.32,0
EHH,20180403,0.32,0.32,0.32,0.32,0
EHH,20180404,0.29,0.3,0.29,0.3,13180
EHH,20180405,0.3,0.3,0.3,0.3,5000
EHH,20180406,0.3,0.3,0.3,0.3,0
EHH,20180409,0.3,0.3,0.29,0.29,4037
EHH,20180410,0.29,0.29,0.29,0.29,0
EHH,20180411,0.29,0.29,0.29,0.29,0
EHH,20180412,0.27,0.27,0.255,0.27,84107
EHH,20180413,0.3,0.3,0.295,0.3,11428
EHH,20180416,0.31,0.31,0.31,0.31,6000
EHH,20180417,0.31,0.31,0.31,0.31,0
EHH,20180418,0.29,0.295,0.28,0.295,29000
EHH,20180419,0.295,0.295,0.295,0.295,18475
EHH,20180420,0.29,0.295,0.29,0.295,42000
EHH,20180423,0.29,0.295,0.29,0.295,32000
EHH,20180424,0.295,0.3,0.295,0.3,20000
EHH,20180426,0.29,0.295,0.29,0.295,43341
EHH,20180427,0.295,0.3,0.29,0.29,18154
EHH,20180430,0.29,0.29,0.28,0.28,22005
EHH,20180501,0.29,0.29,0.29,0.29,7995
EHH,20180502,0.3,0.3,0.3,0.3,10000
EHH,20180503,0.29,0.29,0.29,0.29,7330
EHH,20180504,0.29,0.29,0.29,0.29,4975
EHH,20180507,0.285,0.285,0.285,0.285,20000
EHH,20180508,0.285,0.285,0.285,0.285,9189
EHH,20180509,0.285,0.29,0.285,0.29,5000
EHH,20180510,0.285,0.285,0.27,0.27,42037
EHH,20180511,0.28,0.28,0.275,0.28,134903
EHH,20180514,0.28,0.28,0.28,0.28,0
EHH,20180515,0.285,0.285,0.28,0.285,114242
EHH,20180516,0.295,0.295,0.295,0.295,3195
EHH,20180517,0.295,0.295,0.29,0.29,32000
EHH,20180518,0.29,0.29,0.29,0.29,29000
EHH,20180521,0.29,0.29,0.29,0.29,0
EHH,20180522,0.29,0.29,0.29,0.29,14079
EHH,20180523,0.295,0.295,0.295,0.295,3400
EHH,20180524,0.29,0.295,0.29,0.295,53000
EHH,20180525,0.295,0.295,0.295,0.295,77
EHH,20180528,0.3,0.305,0.3,0.3,339358
EHH,20180529,0.31,0.33,0.31,0.33,39561
EHH,20180530,0.33,0.335,0.31,0.31,150362
EHH,20180531,0.32,0.32,0.275,0.295,546672
EHH,20180601,0.305,0.315,0.3,0.315,219091
EHH,20180604,0.32,0.355,0.305,0.34,279969
EHH,20180605,0.33,0.37,0.33,0.365,259754
EHH,20180606,0.37,0.38,0.345,0.375,265353
EHH,20180607,0.375,0.38,0.355,0.36,209152
EHH,20180608,0.36,0.36,0.355,0.355,198351
EHH,20180612,0.36,0.36,0.345,0.355,204373
EHH,20180613,0.36,0.37,0.36,0.36,232252
EHH,20180614,0.365,0.37,0.365,0.37,200600
EHH,20180615,0.36,0.37,0.34,0.37,313779
EHH,20180618,0.36,0.365,0.35,0.365,204399
EHH,20180619,0.365,0.37,0.345,0.37,271349
EHH,20180620,0.37,0.38,0.35,0.38,405303
EHH,20180621,0.365,0.38,0.36,0.38,202903
EHH,20180622,0.38,0.39,0.37,0.39,209436
EHH,20180625,0.39,0.4,0.38,0.39,210399
EHH,20180626,0.395,0.395,0.375,0.39,202140
EHH,20180627,0.38,0.38,0.375,0.375,220800
EHH,20180628,0.38,0.38,0.37,0.38,210064
EHH,20180629,0.375,0.385,0.365,0.38,206364
EHH,20180702,0.385,0.415,0.385,0.41,238503
EHH,20180703,0.41,0.415,0.4,0.405,300441
EHH,20180704,0.41,0.41,0.4,0.4,207160
EHH,20180705,0.4,0.4,0.385,0.39,223187
EHH,20180706,0.4,0.41,0.39,0.405,204270
EHH,20180710,0.4,0.405,0.39,0.4,329330
EHH,20180711,0.4,0.4,0.38,0.39,335735
EHH,20180712,0.39,0.4,0.385,0.4,340166
EHH,20180713,0.4,0.4,0.387,0.4,370305
EHH,20180716,0.4,0.405,0.39,0.395,311092
EHH,20180717,0.405,0.41,0.385,0.39,304132
EHH,20180718,0.39,0.405,0.385,0.385,234148
EHH,20180719,0.38,0.38,0.37,0.37,283397
EHH,20180720,0.365,0.39,0.35,0.375,567035
EHH,20180723,0.38,0.395,0.37,0.375,284206
EHH,20180724,0.385,0.387,0.375,0.38,420541
EHH,20180725,0.395,0.395,0.365,0.38,355198
EHH,20180726,0.38,0.385,0.37,0.38,413738
EHH,20180727,0.375,0.38,0.37,0.37,203060
EHH,20180730,0.38,0.38,0.36,0.375,268955
EHH,20180731,0.375,0.385,0.37,0.38,204166
EHH,20180801,0.375,0.4,0.375,0.4,255425
EHH,20180802,0.4,0.4,0.39,0.395,196843
EHH,20180803,0.395,0.405,0.385,0.39,102232
EHH,20180806,0.39,0.39,0.375,0.375,133024
EHH,20180807,0.385,0.385,0.37,0.375,175736
EHH,20180808,0.375,0.375,0.365,0.375,190378
EHH,20180809,0.39,0.39,0.36,0.375,154430
EHH,20180810,0.355,0.37,0.355,0.365,137369
EHH,20180813,0.365,0.365,0.345,0.355,115081
EHH,20180814,0.37,0.37,0.31,0.325,401886
EHH,20180816,0.33,0.33,0.322,0.325,117184
EHH,20180817,0.33,0.33,0.31,0.31,260178
EHH,20180820,0.325,0.325,0.31,0.325,163933
EHH,20180821,0.325,0.33,0.315,0.315,53712
EHH,20180822,0.325,0.335,0.305,0.305,262558
EHH,20180823,0.305,0.305,0.285,0.295,311576
EHH,20180824,0.295,0.3,0.29,0.295,84686
EHH,20180827,0.29,0.29,0.28,0.28,112353
EHH,20180828,0.3,0.315,0.3,0.315,474767
EHH,20180829,0.31,0.31,0.3,0.31,250987
EHH,20180830,0.3,0.305,0.285,0.305,220012
EHH,20180831,0.3,0.31,0.285,0.3,99356
EHH,20180903,0.31,0.315,0.305,0.31,249666
EHH,20180904,0.31,0.315,0.3,0.3,207257
EHH,20180905,0.295,0.295,0.29,0.29,50500
EHH,20180906,0.29,0.3,0.29,0.3,46492
EHH,20180907,0.295,0.295,0.287,0.29,230494
EHH,20180910,0.29,0.3,0.29,0.29,48200
EHH,20180913,0.3,0.32,0.295,0.31,133132
EHH,20180914,0.305,0.315,0.3,0.315,151104
EHH,20180917,0.315,0.315,0.295,0.3,147445
EHH,20180918,0.295,0.295,0.29,0.29,200182
EHH,20180919,0.285,0.285,0.257,0.27,444876
EHH,20180920,0.27,0.28,0.265,0.27,223660
EHH,20180921,0.265,0.28,0.265,0.28,101103
EHH,20180924,0.27,0.27,0.265,0.27,57788
EHH,20180925,0.27,0.28,0.27,0.27,84010
EHH,20180926,0.265,0.27,0.265,0.27,136682
EHH,20180927,0.265,0.265,0.265,0.265,45876
EHH,20180928,0.285,0.285,0.27,0.28,36592
EHH,20181001,0.285,0.285,0.27,0.27,94121
EHH,20181002,0.27,0.27,0.27,0.27,68582
EHH,20181003,0.28,0.28,0.28,0.28,41000
EHH,20181004,0.27,0.27,0.265,0.265,62946
EHH,20181005,0.265,0.27,0.245,0.245,468770
EHH,20181008,0.25,0.255,0.245,0.25,89000
EHH,20181009,0.24,0.24,0.24,0.24,45000
EHH,20181010,0.24,0.24,0.24,0.24,7000
EHH,20181011,0.235,0.24,0.235,0.24,10303
EHH,20181012,0.24,0.24,0.24,0.24,0
EHH,20181015,0.24,0.24,0.235,0.235,10450
EHH,20181016,0.235,0.235,0.235,0.235,7694
EHH,20181017,0.235,0.25,0.225,0.245,45836
EHH,20181018,0.245,0.245,0.245,0.245,0
EHH,20181019,0.245,0.245,0.245,0.245,0
EHH,20181022,0.25,0.25,0.24,0.24,7348
EHH,20181023,0.24,0.24,0.24,0.24,0
EHH,20181024,0.245,0.245,0.24,0.24,11196
EHH,20181025,0.24,0.24,0.235,0.24,38525
EHH,20181026,0.235,0.235,0.23,0.23,71268
EHH,20181030,0.21,0.23,0.185,0.23,210562
EHH,20181031,0.22,0.22,0.2,0.2,291731
EHH,20181101,0.23,0.23,0.2,0.215,77959
EHH,20181102,0.22,0.22,0.205,0.22,45685
EHH,20181105,0.21,0.21,0.205,0.205,12394
EHH,20181106,0.22,0.22,0.21,0.21,10783
EHH,20181107,0.21,0.21,0.21,0.21,0
EHH,20181108,0.215,0.215,0.205,0.205,84641
EHH,20181109,0.205,0.205,0.155,0.175,1487288
EHH,20181112,0.175,0.185,0.17,0.175,242094
EHH,20181113,0.17,0.17,0.165,0.165,164983
EHH,20181114,0.18,0.18,0.17,0.175,125031
EHH,20181115,0.18,0.19,0.18,0.18,15138
EHH,20181116,0.185,0.185,0.18,0.185,53470
EHH,20181119,0.185,0.185,0.18,0.18,50275
EHH,20181120,0.18,0.18,0.155,0.16,205321
EHH,20181121,0.16,0.165,0.155,0.155,144545
EHH,20181122,0.16,0.18,0.16,0.16,62827
EHH,20181123,0.16,0.16,0.16,0.16,0
EHH,20181126,0.16,0.16,0.155,0.155,16887
EHH,20181127,0.155,0.17,0.155,0.165,177884
EHH,20181128,0.165,0.165,0.165,0.165,9404
EHH,20181129,0.165,0.165,0.155,0.155,94383
EHH,20181130,0.155,0.155,0.155,0.155,0
EHH,20181203,0.16,0.16,0.16,0.16,12863
EHH,20181204,0.16,0.165,0.16,0.16,26687
EHH,20181205,0.165,0.175,0.165,0.165,42977
EHH,20181206,0.165,0.165,0.165,0.165,10000
EHH,20181207,0.175,0.175,0.17,0.17,71000
EHH,20181210,0.17,0.175,0.165,0.175,51132
EHH,20181211,0.165,0.167,0.165,0.167,78800
EHH,20181212,0.167,0.167,0.167,0.167,46300
EHH,20181213,0.165,0.165,0.165,0.165,40091
EHH,20181214,0.17,0.17,0.17,0.17,23391
EHH,20181217,0.16,0.16,0.15,0.155,214421
EHH,20181218,0.16,0.165,0.16,0.165,93369
EHH,20181219,0.165,0.165,0.165,0.165,0
EHH,20181220,0.16,0.16,0.16,0.16,19454
EHH,20181221,0.16,0.16,0.16,0.16,16615
EHH,20181224,0.15,0.15,0.15,0.15,40333
EHH,20181227,0.16,0.17,0.145,0.17,36117
EHH,20181228,0.16,0.16,0.16,0.16,2100
EHH,20181231,0.16,0.16,0.16,0.16,0
EHH,20190102,0.16,0.16,0.16,0.16,0
EHH,20190103,0.16,0.16,0.16,0.16,0
EHH,20190104,0.16,0.16,0.16,0.16,0
EHH,20190107,0.16,0.16,0.16,0.16,57900
EHH,20190108,0.155,0.165,0.15,0.165,114407
EHH,20190109,0.17,0.185,0.17,0.18,98537
EHH,20190110,0.18,0.18,0.175,0.175,78411
EHH,20190111,0.175,0.175,0.155,0.155,502708
EHH,20190114,0.155,0.16,0.155,0.16,116537
EHH,20190115,0.17,0.185,0.17,0.18,592733
EHH,20190116,0.175,0.195,0.175,0.195,340446
EHH,20190117,0.195,0.195,0.195,0.195,12000
EHH,20190118,0.19,0.2,0.19,0.2,315161
EHH,20190121,0.185,0.2,0.18,0.2,462414
EHH,20190122,0.21,0.225,0.21,0.225,154402
EHH,20190123,0.23,0.23,0.21,0.21,191650
EHH,20190124,0.225,0.225,0.22,0.22,270000
EHH,20190125,0.22,0.22,0.21,0.21,87858
EHH,20190129,0.205,0.23,0.205,0.23,454525
EHH,20190130,0.235,0.29,0.235,0.28,546317
EHH,20190131,0.275,0.3,0.255,0.28,909411
EHH,20190201,0.28,0.295,0.28,0.295,788488
EHH,20190204,0.295,0.295,0.28,0.28,698000
EHH,20190205,0.28,0.3,0.27,0.3,855751
EHH,20190206,0.295,0.295,0.27,0.27,885716
EHH,20190207,0.275,0.285,0.265,0.265,552790
EHH,20190208,0.275,0.285,0.275,0.285,525438
EHH,20190211,0.285,0.285,0.22,0.23,1202506
EHH,20190212,0.25,0.255,0.23,0.235,2163470
EHH,20190213,0.24,0.252,0.225,0.245,365660
EHH,20190214,0.245,0.245,0.245,0.245,25000
EHH,20190215,0.24,0.25,0.22,0.25,75369
EHH,20190218,0.25,0.25,0.25,0.25,2500
EHH,20190219,0.265,0.265,0.26,0.26,6846
EHH,20190220,0.25,0.25,0.25,0.25,1500
EHH,20190221,0.225,0.225,0.225,0.225,8817
EHH,20190222,0.23,0.23,0.23,0.23,26000
EHH,20190225,0.225,0.225,0.215,0.215,19158
EHH,20190226,0.215,0.215,0.215,0.215,0
EHH,20190227,0.23,0.23,0.23,0.23,10000
EHH,20190228,0.24,0.25,0.225,0.24,63822
EHH,20190301,0.25,0.26,0.25,0.25,126792
EHH,20190304,0.25,0.25,0.25,0.25,0
EHH,20190305,0.26,0.27,0.26,0.27,54200
EHH,20190306,0.26,0.28,0.26,0.28,54198
EHH,20190307,0.28,0.29,0.28,0.29,367924
EHH,20190308,0.29,0.3,0.28,0.295,391541
EHH,20190311,0.29,0.3,0.29,0.3,211394
EHH,20190312,0.295,0.295,0.29,0.29,7774
EHH,20190313,0.29,0.29,0.29,0.29,0
EHH,20190314,0.29,0.29,0.29,0.29,0
EHH,20190315,0.29,0.29,0.29,0.29,0
EHH,20190318,0.29,0.295,0.275,0.275,18698
EHH,20190319,0.26,0.26,0.26,0.26,2000
EHH,20190320,0.26,0.26,0.26,0.26,0
EHH,20190321,0.25,0.25,0.25,0.25,52000
EHH,20190322,0.25,0.25,0.25,0.25,0
EHH,20190325,0.25,0.25,0.25,0.25,0
EHH,20190326,0.25,0.25,0.25,0.25,281174
EHH,20190327,0.235,0.26,0.23,0.26,263136
EHH,20190328,0.26,0.265,0.26,0.26,311924
EHH,20190329,0.26,0.285,0.26,0.285,614765
EHH,20190401,0.295,0.305,0.295,0.305,594413
EHH,20190402,0.29,0.3,0.29,0.3,504615
EHH,20190403,0.295,0.3,0.29,0.3,335524
EHH,20190404,0.3,0.3,0.29,0.3,449000
EHH,20190405,0.3,0.3,0.3,0.3,203266
EHH,20190408,0.295,0.295,0.295,0.295,206000
EHH,20190409,0.295,0.3,0.295,0.3,391892
EHH,20190410,0.3,0.3,0.3,0.3,353333
EHH,20190411,0.3,0.3,0.3,0.3,39549
EHH,20190412,0.29,0.295,0.285,0.285,365500
EHH,20190415,0.295,0.295,0.295,0.295,310000
EHH,20190416,0.285,0.29,0.285,0.29,312344
EHH,20190417,0.29,0.295,0.29,0.295,282000
EHH,20190418,0.295,0.295,0.295,0.295,265000
EHH,20190423,0.29,0.29,0.29,0.29,300000
EHH,20190424,0.28,0.28,0.28,0.28,270000
EHH,20190426,0.29,0.29,0.28,0.28,330315
EHH,20190429,0.285,0.3,0.285,0.3,65192
EHH,20190430,0.28,0.29,0.28,0.285,313909
EHH,20190501,0.275,0.28,0.275,0.28,97694
EHH,20190502,0.28,0.29,0.28,0.29,321729
EHH,20190503,0.295,0.295,0.285,0.285,351000
EHH,20190506,0.285,0.295,0.28,0.28,581011
EHH,20190507,0.28,0.3,0.28,0.3,1105692
EHH,20190508,0.28,0.295,0.28,0.295,364000
EHH,20190509,0.295,0.295,0.275,0.295,263506
EHH,20190510,0.285,0.295,0.285,0.285,421218
EHH,20190513,0.285,0.3,0.285,0.3,671545
EHH,20190514,0.295,0.295,0.27,0.295,795316
EHH,20190515,0.28,0.3,0.28,0.3,932504
EHH,20190516,0.295,0.3,0.282,0.285,913482
EHH,20190517,0.285,0.285,0.275,0.285,1104303
EHH,20190520,0.275,0.295,0.275,0.29,1267720
EHH,20190521,0.285,0.29,0.28,0.285,950514
EHH,20190522,0.275,0.275,0.26,0.26,960817
EHH,20190523,0.255,0.262,0.242,0.25,593466
EHH,20190524,0.25,0.265,0.22,0.235,863101
EHH,20190527,0.23,0.23,0.2,0.2,675491
EHH,20190528,0.21,0.22,0.2,0.2,1362864
EHH,20190529,0.205,0.22,0.2,0.205,1115721
EHH,20190530,0.205,0.205,0.195,0.2,798159
EHH,20190531,0.195,0.21,0.195,0.21,1164065
EHH,20190603,0.21,0.22,0.21,0.22,426929
EHH,20190604,0.225,0.23,0.21,0.23,270867
EHH,20190605,0.23,0.23,0.21,0.22,165596
EHH,20190606,0.22,0.235,0.22,0.23,217626
EHH,20190607,0.22,0.225,0.21,0.22,158679
EHH,20190611,0.23,0.25,0.22,0.23,561165
EHH,20190612,0.225,0.23,0.225,0.23,178302
EHH,20190613,0.24,0.25,0.22,0.23,449009
EHH,20190614,0.23,0.23,0.21,0.215,333912
EHH,20190617,0.225,0.24,0.22,0.24,222284
EHH,20190618,0.22,0.23,0.21,0.23,338772
EHH,20190619,0.235,0.24,0.21,0.225,737476
EHH,20190620,0.22,0.26,0.22,0.245,785012
EHH,20190621,0.25,0.25,0.24,0.245,994938
EHH,20190624,0.25,0.27,0.245,0.265,1204125
EHH,20190625,0.26,0.27,0.255,0.265,864100
EHH,20190626,0.265,0.3,0.265,0.3,1451895
EHH,20190627,0.29,0.3,0.28,0.3,1522883
EHH,20190628,0.295,0.3,0.29,0.29,1458482
EHH,20190701,0.29,0.3,0.29,0.3,1530000
EHH,20190702,0.29,0.3,0.29,0.3,1854238
EHH,20190703,0.3,0.325,0.3,0.325,1488759
EHH,20190704,0.32,0.325,0.305,0.325,1103505
EHH,20190705,0.32,0.345,0.32,0.345,2289756
EHH,20190708,0.34,0.34,0.33,0.34,2102601
EHH,20190709,0.33,0.335,0.305,0.31,1143550
EHH,20190710,0.31,0.34,0.3,0.31,1311067
EHH,20190711,0.31,0.31,0.28,0.295,494541
EHH,20190712,0.295,0.315,0.295,0.315,373769
EHH,20190715,0.315,0.315,0.295,0.305,742029
EHH,20190716,0.295,0.305,0.285,0.305,440455
EHH,20190717,0.305,0.305,0.305,0.305,234106
EHH,20190718,0.305,0.305,0.295,0.305,195678
EHH,20190719,0.31,0.33,0.31,0.325,502439
EHH,20190722,0.31,0.32,0.295,0.295,847629
EHH,20190723,0.305,0.305,0.29,0.305,345725
EHH,20190724,0.295,0.31,0.295,0.3,9378
EHH,20190725,0.29,0.305,0.29,0.3,38730
EHH,20190726,0.29,0.3,0.29,0.3,87065
EHH,20190729,0.29,0.3,0.285,0.295,358717
EHH,20190730,0.295,0.325,0.295,0.31,526362
EHH,20190731,0.315,0.32,0.3,0.3,3406166
EHH,20190801,0.315,0.315,0.305,0.315,1301360
EHH,20190802,0.3,0.305,0.29,0.3,203861
EHH,20190805,0.295,0.295,0.27,0.29,397449
EHH,20190806,0.275,0.275,0.25,0.255,97441
EHH,20190807,0.26,0.265,0.255,0.26,459937
EHH,20190808,0.26,0.26,0.25,0.25,141511
EHH,20190809,0.27,0.27,0.25,0.27,41792
EHH,20190812,0.27,0.28,0.27,0.28,149856
EHH,20190813,0.27,0.275,0.26,0.275,48227
EHH,20190814,0.25,0.265,0.245,0.265,104176
EHH,20190815,0.265,0.265,0.245,0.255,162250
EHH,20190816,0.24,0.24,0.23,0.24,144500
EHH,20190819,0.235,0.235,0.22,0.23,196545
EHH,20190820,0.23,0.23,0.225,0.23,78848
EHH,20190821,0.22,0.22,0.2,0.2,1310063
EHH,20190822,0.21,0.21,0.2,0.2,272507
EHH,20190823,0.195,0.2,0.195,0.195,81844
EHH,20190826,0.19,0.19,0.155,0.155,1311963
EHH,20190827,0.16,0.175,0.155,0.16,1545466
EHH,20190828,0.16,0.165,0.155,0.16,587547
EHH,20190829,0.145,0.15,0.12,0.15,1383511
EHH,20190830,0.145,0.145,0.135,0.145,502604
EHH,20190902,0.145,0.145,0.12,0.12,1410749
EHH,20190903,0.125,0.13,0.12,0.125,864295
EHH,20190904,0.13,0.16,0.13,0.145,515208
EHH,20190905,0.145,0.145,0.12,0.125,658069
EHH,20190906,0.13,0.135,0.115,0.115,1547118
EHH,20190909,0.12,0.125,0.12,0.125,246073
EHH,20190910,0.115,0.125,0.11,0.115,355950
EHH,20190911,0.12,0.13,0.12,0.13,371373
EHH,20190912,0.13,0.14,0.125,0.135,332300
EHH,20190913,0.145,0.145,0.14,0.145,996201
EHH,20190916,0.145,0.16,0.14,0.155,457693
EHH,20190917,0.155,0.155,0.15,0.15,214500
EHH,20190918,0.145,0.147,0.145,0.147,49262
EHH,20190919,0.14,0.14,0.14,0.14,80594
EHH,20190920,0.14,0.14,0.135,0.135,266706
EHH,20190923,0.14,0.145,0.14,0.14,297473
EHH,20190924,0.14,0.14,0.14,0.14,0
EHH,20190925,0.14,0.145,0.14,0.145,90000
EHH,20190926,0.145,0.145,0.145,0.145,68305
EHH,20190927,0.155,0.16,0.155,0.155,168043
EHH,20190930,0.155,0.18,0.155,0.175,728801
EHH,20191001,0.175,0.185,0.17,0.185,436802
EHH,20191002,0.17,0.18,0.17,0.18,306958
EHH,20191003,0.18,0.195,0.18,0.195,162624
EHH,20191004,0.195,0.195,0.185,0.185,154000
EHH,20191007,0.185,0.19,0.185,0.185,54993
EHH,20191008,0.185,0.185,0.145,0.145,971879
EHH,20191009,0.15,0.16,0.15,0.15,147114
EHH,20191010,0.15,0.15,0.145,0.145,30079
EHH,20191011,0.15,0.15,0.14,0.14,189081
EHH,20191014,0.145,0.145,0.12,0.135,862468
EHH,20191015,0.125,0.132,0.12,0.132,249856
EHH,20191016,0.14,0.14,0.125,0.125,654853
EHH,20191017,0.135,0.165,0.135,0.135,923949
EHH,20191018,0.135,0.135,0.135,0.135,0
EHH,20191021,0.13,0.135,0.13,0.135,190104
EHH,20191022,0.14,0.14,0.11,0.11,1500419
EHH,20191023,0.115,0.115,0.098,0.1,2265730
EHH,20191024,0.1,0.115,0.099,0.105,1167217
EHH,20191025,0.105,0.11,0.099,0.105,2458086
EHH,20191028,0.1,0.115,0.1,0.11,984325
EHH,20191029,0.115,0.115,0.105,0.105,218622
EHH,20191030,0.105,0.105,0.105,0.105,13696
EHH,20191031,0.105,0.11,0.105,0.105,222233
EHH,20191101,0.1,0.105,0.1,0.105,46628
EHH,20191104,0.105,0.105,0.105,0.105,216366
EHH,20191105,0.11,0.11,0.1,0.1,239538
EHH,20191106,0.11,0.11,0.105,0.105,198779
EHH,20191107,0.105,0.105,0.1,0.1,352110
EHH,20191108,0.1,0.1,0.1,0.1,53881
EHH,20191111,0.096,0.096,0.086,0.096,676447
EHH,20191112,0.096,0.096,0.094,0.095,93325
EHH,20191113,0.1,0.105,0.1,0.105,114123
EHH,20191114,0.096,0.097,0.092,0.095,536951
EHH,20191115,0.095,0.099,0.093,0.097,667043
EHH,20191118,0.095,0.1,0.095,0.096,776312
EHH,20191119,0.096,0.125,0.096,0.11,2330910
EHH,20191120,0.11,0.115,0.105,0.105,1056310
EHH,20191121,0.11,0.125,0.11,0.125,1248928
EHH,20191122,0.12,0.12,0.105,0.115,1318862
EHH,20191125,0.115,0.115,0.11,0.11,10500
EHH,20191126,0.11,0.11,0.11,0.11,0
EHH,20191127,0.11,0.11,0.11,0.11,0
EHH,20191128,0.11,0.125,0.11,0.115,1441409
EHH,20191129,0.115,0.125,0.115,0.12,610388
EHH,20191202,0.12,0.125,0.115,0.125,537834
EHH,20191203,0.12,0.13,0.117,0.12,798294
EHH,20191204,0.115,0.125,0.115,0.12,734659
EHH,20191205,0.125,0.14,0.125,0.125,1806777
EHH,20191206,0.13,0.135,0.125,0.125,313402
EHH,20191209,0.125,0.13,0.125,0.125,416217
EHH,20191210,0.12,0.14,0.12,0.125,700291
EHH,20191211,0.125,0.13,0.12,0.13,469015
EHH,20191212,0.125,0.13,0.12,0.12,170246
EHH,20191213,0.125,0.135,0.125,0.125,271494
EHH,20191216,0.13,0.13,0.12,0.12,281760
EHH,20191217,0.125,0.125,0.12,0.12,277354
EHH,20191218,0.125,0.13,0.12,0.125,297073
EHH,20191219,0.125,0.125,0.125,0.125,8000
EHH,20191220,0.125,0.125,0.12,0.12,142115
EHH,20191223,0.125,0.125,0.125,0.125,12333
EHH,20191224,0.125,0.125,0.125,0.125,0
EHH,20191227,0.125,0.125,0.12,0.125,236405
EHH,20191230,0.125,0.125,0.125,0.125,0
EHH,20191231,0.12,0.12,0.12,0.12,52575
EHH,20200102,0.125,0.125,0.12,0.12,9673
EHH,20200103,0.115,0.115,0.115,0.115,5000
EHH,20200106,0.12,0.12,0.12,0.12,121508
EHH,20200107,0.125,0.13,0.12,0.12,94266
EHH,20200108,0.12,0.12,0.12,0.12,22000
EHH,20200109,0.12,0.12,0.12,0.12,61666
EHH,20200113,0.12,0.125,0.115,0.115,419655
EHH,20200114,0.115,0.12,0.105,0.105,308213
EHH,20200115,0.12,0.125,0.12,0.12,228793
EHH,20200116,0.115,0.12,0.115,0.115,68393
EHH,20200117,0.11,0.12,0.11,0.12,44308
EHH,20200120,0.11,0.11,0.11,0.11,55000
EHH,20200121,0.11,0.11,0.11,0.11,0
EHH,20200122,0.115,0.12,0.115,0.12,69855
EHH,20200123,0.12,0.125,0.12,0.125,372545
EHH,20200124,0.125,0.125,0.12,0.12,109089
EHH,20200128,0.12,0.12,0.115,0.12,222362
EHH,20200129,0.12,0.125,0.12,0.125,129439
EHH,20200130,0.125,0.13,0.125,0.125,127685
EHH,20200203,0.12,0.125,0.12,0.12,192060
EHH,20200204,0.115,0.115,0.115,0.115,98823
EHH,20200205,0.115,0.12,0.115,0.12,69425
EHH,20200210,0.115,0.12,0.115,0.12,379381
EHH,20200211,0.11,0.12,0.11,0.12,212107
EHH,20200212,0.115,0.12,0.115,0.12,117990
EHH,20200213,0.115,0.12,0.11,0.11,176961
EHH,20200214,0.11,0.12,0.11,0.115,443448
EHH,20200217,0.12,0.125,0.11,0.125,99662
EHH,20200218,0.12,0.12,0.115,0.12,48177
EHH,20200219,0.12,0.125,0.12,0.125,294619
EHH,20200220,0.19,0.24,0.155,0.155,15688056
EHH,20200221,0.18,0.18,0.16,0.165,2362020
EHH,20200224,0.17,0.17,0.16,0.17,1173045
EHH,20200225,0.17,0.17,0.16,0.17,635543
EHH,20200226,0.175,0.185,0.165,0.165,1825225
EHH,20200227,0.17,0.17,0.16,0.16,446769
EHH,20200228,0.165,0.2,0.165,0.18,7539783
EHH,20200302,0.195,0.205,0.185,0.19,7395612
EHH,20200303,0.195,0.195,0.185,0.185,3463365
EHH,20200304,0.185,0.185,0.185,0.185,0
EHH,20200305,0.185,0.185,0.185,0.185,0
EHH,20200306,0.23,0.23,0.205,0.215,14791700
EHH,20200309,0.225,0.23,0.185,0.195,10082838
EHH,20200310,0.18,0.2,0.16,0.175,4212663
EHH,20200311,0.18,0.195,0.17,0.17,2132129
EHH,20200312,0.175,0.175,0.145,0.17,2686579
EHH,20200313,0.155,0.16,0.14,0.15,2143025
EHH,20200316,0.16,0.17,0.15,0.15,1861967
EHH,20200317,0.15,0.155,0.145,0.15,1157396
EHH,20200318,0.155,0.165,0.14,0.15,2629276
EHH,20200319,0.15,0.15,0.135,0.135,798887
EHH,20200320,0.13,0.15,0.13,0.14,2736717
EHH,20200323,0.14,0.15,0.135,0.15,1355130
EHH,20200324,0.145,0.15,0.14,0.145,750323
EHH,20200325,0.15,0.155,0.14,0.145,658116
EHH,20200326,0.145,0.155,0.145,0.15,940076
EHH,20200327,0.155,0.155,0.135,0.145,2892706
EHH,20200330,0.145,0.16,0.135,0.135,2817894
EHH,20200331,0.14,0.15,0.135,0.14,1571771
EHH,20200401,0.14,0.14,0.14,0.14,0
EHH,20200402,0.14,0.14,0.14,0.14,0
EHH,20200403,0.14,0.14,0.14,0.14,0
EHH,20200406,0.14,0.14,0.14,0.14,0
EHH,20200407,0.14,0.14,0.14,0.14,0
EHH,20200408,0.14,0.14,0.14,0.14,0
EHH,20200409,0.14,0.14,0.14,0.14,0
EHH,20200414,0.14,0.14,0.14,0.14,0
EHH,20200415,0.14,0.14,0.14,0.14,0
EHH,20200416,0.14,0.14,0.14,0.14,0
EHH,20200417,0.14,0.14,0.14,0.14,0
EHH,20200420,0.14,0.14,0.14,0.14,0
EHH,20200421,0.14,0.14,0.14,0.14,0
EHH,20200422,0.14,0.14,0.14,0.14,0
EHH,20200423,0.14,0.14,0.14,0.14,0
EHH,20200424,0.14,0.14,0.14,0.14,0
EHH,20200427,0.14,0.14,0.14,0.14,0
EHH,20200428,0.14,0.14,0.14,0.14,0
EHH,20200429,0.14,0.14,0.14,0.14,0
EHH,20200430,0.14,0.14,0.14,0.14,0
EHH,20200501,0.14,0.14,0.14,0.14,0
EHH,20200504,0.14,0.14,0.14,0.14,0
EHH,20200505,0.14,0.14,0.14,0.14,0
EHH,20200506,0.14,0.14,0.14,0.14,0
EHH,20200507,0.14,0.14,0.14,0.14,0
EHH,20200508,0.14,0.14,0.14,0.14,0
EHH,20200511,0.14,0.14,0.14,0.14,0
EHH,20200512,0.14,0.14,0.14,0.14,0
EHH,20200513,0.14,0.14,0.14,0.14,0
EHH,20200514,0.14,0.14,0.14,0.14,0
EHH,20200515,0.14,0.14,0.14,0.14,0
EHH,20200518,0.14,0.14,0.14,0.14,0
EHH,20200519,0.14,0.14,0.14,0.14,0
EHH,20200520,0.14,0.14,0.14,0.14,0
EHH,20200521,0.14,0.14,0.14,0.14,0
EHH,20200522,0.14,0.14,0.14,0.14,0
EHH,20200525,0.14,0.14,0.14,0.14,0
EHH,20200526,0.14,0.14,0.14,0.14,0
EHH,20200527,0.14,0.14,0.14,0.14,0
EHH,20200528,0.14,0.14,0.14,0.14,0
EHH,20200529,0.14,0.14,0.14,0.14,0
EHH,20200601,0.14,0.14,0.14,0.14,0
EHH,20200602,0.14,0.14,0.14,0.14,0
EHH,20200603,0.14,0.14,0.14,0.14,0
EHH,20200604,0.14,0.14,0.14,0.14,0
EHH,20200605,0.14,0.14,0.14,0.14,0
EHH,20200609,0.14,0.14,0.14,0.14,0
EHH,20200610,0.14,0.14,0.14,0.14,0
EHH,20200611,0.14,0.14,0.14,0.14,0
EHH,20200612,0.14,0.14,0.14,0.14,0
EHH,20200615,0.14,0.14,0.14,0.14,0
EHH,20200616,0.14,0.14,0.14,0.14,0
EHH,20200617,0.14,0.14,0.14,0.14,0
EHH,20200618,0.14,0.14,0.14,0.14,0
EHH,20200619,0.14,0.14,0.14,0.14,0
EHH,20200622,0.14,0.14,0.14,0.14,0
EHH,20200623,0.14,0.14,0.14,0.14,0
EHH,20200624,0.14,0.14,0.14,0.14,0
EHH,20200625,0.14,0.14,0.14,0.14,0
EHH,20200626,0.14,0.14,0.14,0.14,0
EHH,20200629,0.14,0.14,0.14,0.14,0
EHH,20200630,0.14,0.14,0.14,0.14,0
EHH,20200701,0.14,0.14,0.14,0.14,0
EHH,20200702,0.14,0.14,0.14,0.14,0
EHH,20200703,0.14,0.14,0.14,0.14,0
EHH,20200706,0.14,0.14,0.14,0.14,0
EHH,20200707,0.14,0.14,0.14,0.14,0
EHH,20200708,0.14,0.14,0.14,0.14,0
EHH,20200709,0.14,0.14,0.14,0.14,0
EHH,20200710,0.14,0.14,0.14,0.14,0
EHH,20200713,0.14,0.14,0.14,0.14,0
EHH,20200714,0.14,0.14,0.14,0.14,0
EHH,20200715,0.14,0.14,0.14,0.14,0
EHH,20200716,0.14,0.14,0.14,0.14,0
EHH,20200717,0.14,0.14,0.14,0.14,0
EHH,20200720,0.14,0.14,0.14,0.14,0
EHH,20200721,0.14,0.14,0.14,0.14,0
EHH,20200722,0.14,0.14,0.14,0.14,0
EHH,20200723,0.14,0.14,0.14,0.14,0
EHH,20200724,0.14,0.14,0.14,0.14,0
EHH,20200727,0.14,0.14,0.14,0.14,0
EHH,20200728,0.14,0.14,0.14,0.14,0
EHH,20200729,0.14,0.14,0.14,0.14,0
EHH,20200730,0.14,0.14,0.14,0.14,0
EHH,20200731,0.14,0.14,0.14,0.14,0
EHH,20200803,0.14,0.14,0.14,0.14,0
EHH,20200804,0.14,0.14,0.14,0.14,0
EHH,20200805,0.14,0.14,0.14,0.14,0
EHH,20200806,0.14,0.14,0.14,0.14,0
EHH,20200807,0.14,0.14,0.14,0.14,0
EHH,20200810,0.14,0.14,0.14,0.14,0
EHH,20200811,0.14,0.14,0.14,0.14,0
EHH,20200812,0.14,0.14,0.14,0.14,0
EHH,20200813,0.14,0.14,0.14,0.14,0
EHH,20200814,0.14,0.14,0.14,0.14,0
EHH,20200817,0.14,0.14,0.14,0.14,0
EHH,20200818,0.14,0.14,0.14,0.14,0
EHH,20200819,0.14,0.14,0.14,0.14,0
EHH,20200820,0.14,0.14,0.14,0.14,0
EHH,20200821,0.14,0.14,0.14,0.14,0
EHH,20200824,0.14,0.14,0.14,0.14,0
EHH,20200825,0.14,0.14,0.14,0.14,0
EHH,20200826,0.14,0.14,0.14,0.14,0
EHH,20200827,0.14,0.14,0.14,0.14,0
EHH,20200828,0.14,0.14,0.14,0.14,0
EHH,20200831,0.14,0.14,0.14,0.14,0
EHH,20200901,0.14,0.14,0.14,0.14,0
EHH,20200902,0.14,0.14,0.14,0.14,0
EHH,20200903,0.14,0.14,0.14,0.14,0
EHH,20200904,0.14,0.14,0.14,0.14,0
EHH,20200907,0.14,0.14,0.14,0.14,0
EHH,20200908,0.14,0.14,0.14,0.14,0
EHH,20200909,0.14,0.14,0.14,0.14,0
EHH,20200910,0.14,0.14,0.14,0.14,0
EHH,20200911,0.14,0.14,0.14,0.14,0
EHH,20200914,0.14,0.14,0.14,0.14,0
EHH,20200915,0.14,0.14,0.14,0.14,0
EHH,20200916,0.14,0.14,0.14,0.14,0
EHH,20200917,0.14,0.14,0.14,0.14,0
EHH,20200918,0.14,0.14,0.14,0.14,0
EHH,20200921,0.14,0.14,0.14,0.14,0
EHH,20200922,0.14,0.14,0.14,0.14,0
EHH,20200923,0.14,0.14,0.14,0.14,0
EHH,20200924,0.14,0.14,0.14,0.14,0
EHH,20200925,0.14,0.14,0.14,0.14,0
EHH,20200928,0.14,0.14,0.14,0.14,0
EHH,20200929,0.14,0.14,0.14,0.14,0
EHH,20200930,0.14,0.14,0.14,0.14,0
EHH,20201001,0.14,0.14,0.14,0.14,0
EHH,20201002,0.14,0.14,0.14,0.14,0
EHH,20201005,0.14,0.14,0.14,0.14,0
EHH,20201006,0.14,0.14,0.14,0.14,0
EHH,20201007,0.14,0.14,0.14,0.14,0
EHH,20201008,0.14,0.14,0.14,0.14,0
EHH,20201009,0.14,0.14,0.14,0.14,0
EHH,20201012,0.14,0.14,0.14,0.14,0
EHH,20201013,0.14,0.14,0.14,0.14,0
EHH,20201014,0.14,0.14,0.14,0.14,0
EHH,20201015,0.14,0.14,0.14,0.14,0
EHH,20201016,0.14,0.14,0.14,0.14,0
EHH,20201019,0.14,0.14,0.14,0.14,0
EHH,20201020,0.14,0.14,0.14,0.14,0
EHH,20201021,0.14,0.14,0.14,0.14,0
EHH,20201022,0.14,0.14,0.14,0.14,0
EHH,20201023,0.14,0.14,0.14,0.14,0
EHH,20201026,0.14,0.14,0.14,0.14,0
EHH,20201027,0.14,0.14,0.14,0.14,0
EHH,20201028,0.14,0.14,0.14,0.14,0
EHH,20201029,0.14,0.14,0.14,0.14,0
EHH,20201030,0.14,0.14,0.14,0.14,0
EHH,20201102,0.14,0.14,0.14,0.14,0
EHH,20201103,0.14,0.14,0.14,0.14,0
EHH,20201104,0.14,0.14,0.14,0.14,0
EHH,20201105,0.14,0.14,0.14,0.14,0
EHH,20201106,0.14,0.14,0.14,0.14,0
EHH,20201109,0.14,0.14,0.14,0.14,0
EHH,20201110,0.14,0.14,0.14,0.14,0
EHH,20201111,0.14,0.14,0.14,0.14,0
EHH,20201112,0.14,0.14,0.14,0.14,0
EHH,20201113,0.14,0.14,0.14,0.14,0
EHH,20201116,0.14,0.14,0.14,0.14,0
EHH,20201117,0.14,0.14,0.14,0.14,0
EHH,20201118,0.14,0.14,0.14,0.14,0
EHH,20201120,0.14,0.14,0.14,0.14,0
EHH,20201123,0.14,0.14,0.14,0.14,0
EHH,20201124,0.14,0.14,0.14,0.14,0
EHH,20201125,0.14,0.14,0.14,0.14,0
EHH,20201126,0.14,0.14,0.14,0.14,0
EHH,20201127,0.14,0.14,0.14,0.14,0
EHH,20201130,0.14,0.14,0.14,0.14,0
EHH,20201201,0.14,0.14,0.14,0.14,0
EHH,20201202,0.14,0.14,0.14,0.14,0
EHH,20201203,0.14,0.14,0.14,0.14,0
EHH,20201204,0.14,0.14,0.14,0.14,0
EHH,20201207,0.14,0.14,0.14,0.14,0
EHH,20201208,0.14,0.14,0.14,0.14,0
EHH,20201209,0.14,0.14,0.14,0.14,0
EHH,20201210,0.14,0.14,0.14,0.14,0
EHH,20201211,0.14,0.14,0.14,0.14,0
EHH,20201214,0.14,0.14,0.14,0.14,0
EHH,20201215,0.14,0.14,0.14,0.14,0
EHH,20201216,0.14,0.14,0.14,0.14,0
EHH,20201217,0.14,0.14,0.14,0.14,0
EHH,20201218,0.14,0.14,0.14,0.14,0
EHH,20201221,0.14,0.14,0.14,0.14,0
EHH,20201222,0.14,0.14,0.14,0.14,0
EHH,20201224,0.14,0.14,0.14,0.14,0
EHH,20201229,0.14,0.14,0.14,0.14,0
EHH,20201230,0.14,0.14,0.14,0.14,0
EHH,20201231,0.14,0.14,0.14,0.14,0
EHH,20210104,0.14,0.14,0.14,0.14,0
EHH,20210105,0.14,0.14,0.14,0.14,0
EHH,20210106,0.14,0.14,0.14,0.14,0
EHH,20210107,0.14,0.14,0.14,0.14,0
EHH,20210108,0.14,0.14,0.14,0.14,0
EHH,20210111,0.14,0.14,0.14,0.14,0
EHH,20210112,0.14,0.14,0.14,0.14,0
EHH,20210113,0.14,0.14,0.14,0.14,0
EHH,20210114,0.14,0.14,0.14,0.14,0
EHH,20210115,0.14,0.14,0.14,0.14,0
EHH,20210118,0.14,0.14,0.14,0.14,0
EHH,20210119,0.14,0.14,0.14,0.14,0
EHH,20210120,0.14,0.14,0.14,0.14,0
EHH,20210121,0.14,0.14,0.14,0.14,0
EHH,20210122,0.14,0.14,0.14,0.14,0
EHH,20210125,0.14,0.14,0.14,0.14,0
EHH,20210127,0.14,0.14,0.14,0.14,0
EHH,20210128,0.14,0.14,0.14,0.14,0
EHH,20210129,0.14,0.14,0.14,0.14,0
EHH,20210201,0.14,0.14,0.14,0.14,0
EHH,20210203,0.14,0.14,0.14,0.14,0
EHH,20210204,0.14,0.14,0.14,0.14,0
EHH,20210205,0.14,0.14,0.14,0.14,0
EHH,20210208,0.14,0.14,0.14,0.14,0
EHH,20210209,0.14,0.14,0.14,0.14,0
EHH,20210210,0.14,0.14,0.14,0.14,0
EHH,20210211,0.14,0.14,0.14,0.14,0
EHH,20210212,0.14,0.14,0.14,0.14,0
EHH,20210215,0.14,0.14,0.14,0.14,0
EHH,20210216,0.14,0.14,0.14,0.14,0
EHH,20210217,0.14,0.14,0.14,0.14,0
EHH,20210218,0.14,0.14,0.14,0.14,0
EHH,20210219,0.14,0.14,0.14,0.14,0
EHH,20210222,0.14,0.14,0.14,0.14,0
EHH,20210223,0.14,0.14,0.14,0.14,0
EHH,20210224,0.14,0.14,0.14,0.14,0
EHH,20210225,0.14,0.14,0.14,0.14,0
EHH,20210226,0.14,0.14,0.14,0.14,0
EHH,20210301,0.14,0.14,0.14,0.14,0
EHH,20210302,0.14,0.14,0.14,0.14,0
EHH,20210303,0.14,0.14,0.14,0.14,0
EHH,20210304,0.14,0.14,0.14,0.14,0
EHH,20210305,0.14,0.14,0.14,0.14,0
EHH,20210308,0.14,0.14,0.14,0.14,0
EHH,20210309,0.14,0.14,0.14,0.14,0
EHH,20210310,0.14,0.14,0.14,0.14,0
EHH,20210311,0.14,0.14,0.14,0.14,0
EHH,20210312,0.14,0.14,0.14,0.14,0
EHH,20210315,0.14,0.14,0.14,0.14,0
EHH,20210316,0.14,0.14,0.14,0.14,0
EHH,20210317,0.14,0.14,0.14,0.14,0
EHH,20210318,0.14,0.14,0.14,0.14,0
EHH,20210319,0.14,0.14,0.14,0.14,0
EHH,20210322,0.14,0.14,0.14,0.14,0
EHH,20210323,0.14,0.14,0.14,0.14,0
EHH,20210324,0.14,0.14,0.14,0.14,0
EHH,20210325,0.14,0.14,0.14,0.14,0
EHH,20210329,0.14,0.14,0.14,0.14,0
EHH,20210330,0.14,0.14,0.14,0.14,0
EHH,20210331,0.14,0.14,0.14,0.14,0
EHH,20210401,0.14,0.14,0.14,0.14,0
EHH,20210406,0.14,0.14,0.14,0.14,0
