ELD,20160212,4.37,4.38,3.98,4,457637
ELD,20160215,4.05,4.15,3.65,3.85,914855
ELD,20160216,3.82,3.94,3.79,3.87,403242
ELD,20160217,3.92,4.18,3.9,4.18,379246
ELD,20160218,4.21,4.27,4.07,4.07,288135
ELD,20160219,4.05,4.06,3.98,4.01,267884
ELD,20160222,4,4.13,3.96,4.12,267175
ELD,20160223,4.14,4.25,4.13,4.23,330075
ELD,20160224,4.25,4.26,4.04,4.14,326158
ELD,20160225,4.14,4.17,4.1,4.12,245481
ELD,20160226,4.1,4.135,4,4.06,191402
ELD,20160229,4.07,4.07,3.955,3.99,389404
ELD,20160301,3.95,4.03,3.94,3.98,302050
ELD,20160302,4.01,4.035,3.87,3.88,331133
ELD,20160303,3.85,3.87,3.76,3.82,581232
ELD,20160304,3.79,3.99,3.78,3.93,510859
ELD,20160307,3.99,4.02,3.96,4,257214
ELD,20160308,4,4.05,3.95,4.02,280930
ELD,20160309,4,4.11,3.91,3.92,255142
ELD,20160310,4,4,3.92,3.92,165017
ELD,20160311,3.92,3.92,3.8,3.86,182796
ELD,20160314,3.84,3.9,3.84,3.85,123087
ELD,20160315,3.85,3.945,3.83,3.91,201335
ELD,20160316,3.88,3.93,3.87,3.88,97359
ELD,20160317,3.87,3.93,3.87,3.91,87477
ELD,20160318,3.89,3.92,3.76,3.76,272225
ELD,20160321,3.79,3.86,3.75,3.79,128412
ELD,20160322,3.78,3.87,3.72,3.86,180501
ELD,20160323,3.85,3.88,3.77,3.84,231076
ELD,20160324,3.81,3.88,3.8,3.81,76574
ELD,20160329,3.8,3.8,3.62,3.63,283977
ELD,20160330,3.65,3.75,3.63,3.72,150360
ELD,20160331,3.75,3.91,3.75,3.91,324008
ELD,20160401,3.9,3.91,3.85,3.87,127446
ELD,20160404,3.91,4.01,3.91,3.95,191770
ELD,20160405,3.95,3.95,3.89,3.94,135397
ELD,20160406,3.93,3.98,3.92,3.96,264391
ELD,20160407,3.95,4,3.93,3.95,311474
ELD,20160408,3.95,3.96,3.88,3.91,96731
ELD,20160411,3.86,3.91,3.8,3.82,102861
ELD,20160412,3.82,3.95,3.79,3.93,269688
ELD,20160413,3.95,3.99,3.87,3.87,264249
ELD,20160414,3.87,3.91,3.82,3.86,111861
ELD,20160415,3.85,3.88,3.78,3.8,112299
ELD,20160418,3.8,3.83,3.8,3.82,61584
ELD,20160419,3.81,3.85,3.78,3.78,117189
ELD,20160420,3.8,3.81,3.77,3.77,42384
ELD,20160421,3.77,3.77,3.55,3.68,273895
ELD,20160422,3.67,3.71,3.65,3.69,82849
ELD,20160426,3.68,3.68,3.54,3.57,216613
ELD,20160427,3.56,3.56,3.37,3.37,397889
ELD,20160428,3.4,3.42,3.34,3.38,1364088
ELD,20160429,3.4,3.43,3.31,3.41,713778
ELD,20160502,3.4,3.55,3.39,3.52,386690
ELD,20160503,3.57,3.59,3.51,3.52,367863
ELD,20160504,3.56,3.59,3.55,3.55,262689
ELD,20160505,3.56,3.72,3.56,3.7,240826
ELD,20160506,3.71,3.71,3.64,3.66,137679
ELD,20160509,3.7,3.73,3.67,3.71,157554
ELD,20160510,3.73,3.76,3.68,3.75,184316
ELD,20160511,3.75,3.8,3.72,3.73,142401
ELD,20160512,3.73,3.74,3.65,3.72,187710
ELD,20160513,3.76,3.85,3.76,3.85,193786
ELD,20160516,3.95,3.95,3.55,3.55,891883
ELD,20160517,3.7,3.72,3.6,3.62,596195
ELD,20160518,3.63,3.65,3.51,3.6,359650
ELD,20160519,3.61,3.62,3.56,3.58,460061
ELD,20160520,3.57,3.58,3.53,3.55,187533
ELD,20160523,3.57,3.59,3.55,3.57,158665
ELD,20160524,3.56,3.57,3.54,3.54,256299
ELD,20160525,3.54,3.58,3.54,3.56,81621
ELD,20160526,3.58,3.63,3.56,3.62,383459
ELD,20160527,3.62,3.74,3.6,3.73,260515
ELD,20160530,3.75,3.88,3.75,3.81,235845
ELD,20160531,3.82,3.85,3.79,3.82,243093
ELD,20160601,3.8,3.91,3.77,3.88,219589
ELD,20160602,3.86,3.9,3.84,3.86,139795
ELD,20160603,3.89,3.89,3.81,3.85,121749
ELD,20160606,3.84,3.87,3.81,3.86,50106
ELD,20160607,3.87,3.87,3.84,3.87,52610
ELD,20160608,3.86,3.93,3.85,3.85,137892
ELD,20160609,3.85,3.93,3.81,3.83,37990
ELD,20160610,3.82,3.84,3.75,3.76,81491
ELD,20160614,3.75,3.76,3.62,3.63,131042
ELD,20160615,3.63,3.63,3.63,3.63,0
ELD,20160616,3.63,3.63,3.63,3.63,0
ELD,20160617,3.7,4.25,3.7,4.08,1643482
ELD,20160620,4.1,4.11,4,4.08,899512
ELD,20160621,3.91,3.93,3.7,3.76,474800
ELD,20160622,3.82,3.87,3.72,3.75,575112
ELD,20160623,3.78,3.78,3.63,3.71,503040
ELD,20160624,3.72,3.74,3.65,3.72,656564
ELD,20160627,3.74,3.74,3.63,3.68,408027
ELD,20160628,3.7,3.71,3.6,3.67,278513
ELD,20160629,3.68,3.76,3.66,3.7,201465
ELD,20160630,3.7,3.75,3.68,3.72,387234
ELD,20160701,3.75,3.77,3.7,3.73,230148
ELD,20160704,3.7,3.81,3.68,3.79,222447
ELD,20160705,3.75,3.79,3.69,3.7,385968
ELD,20160706,3.7,3.7,3.65,3.67,318664
ELD,20160707,3.67,3.73,3.65,3.7,500121
ELD,20160708,3.7,3.75,3.69,3.71,339269
ELD,20160711,3.74,3.87,3.74,3.76,448181
ELD,20160712,3.76,3.82,3.74,3.78,301617
ELD,20160713,3.72,3.77,3.72,3.74,444380
ELD,20160714,3.72,3.76,3.6,3.63,629956
ELD,20160715,3.65,3.7,3.62,3.65,542569
ELD,20160718,3.7,3.72,3.635,3.67,408123
ELD,20160719,3.72,3.73,3.66,3.67,333772
ELD,20160720,3.7,3.76,3.69,3.74,239486
ELD,20160721,3.76,3.76,3.69,3.69,280579
ELD,20160722,3.73,3.8,3.7,3.77,329445
ELD,20160725,3.73,3.78,3.69,3.75,299440
ELD,20160726,3.76,3.81,3.73,3.75,395171
ELD,20160727,3.74,3.75,3.7,3.72,181483
ELD,20160728,3.72,3.76,3.72,3.73,138792
ELD,20160729,3.84,3.99,3.83,3.91,958064
ELD,20160801,3.95,3.99,3.92,3.93,446304
ELD,20160802,3.94,3.97,3.91,3.93,225171
ELD,20160803,3.93,3.96,3.9,3.92,368648
ELD,20160804,3.93,3.95,3.9,3.91,269526
ELD,20160805,3.94,3.98,3.93,3.94,307221
ELD,20160808,3.98,3.99,3.93,3.97,222837
ELD,20160809,3.98,3.99,3.92,3.96,199244
ELD,20160810,3.98,3.98,3.83,3.84,446886
ELD,20160811,3.96,3.96,3.84,3.85,406652
ELD,20160812,3.87,3.93,3.85,3.91,224418
ELD,20160815,3.88,3.89,3.85,3.85,214569
ELD,20160816,3.85,3.87,3.79,3.81,304331
ELD,20160817,3.78,3.78,3.73,3.74,297776
ELD,20160818,3.74,3.78,3.73,3.75,85091
ELD,20160822,3.76,3.79,3.74,3.74,253332
ELD,20160823,3.75,3.79,3.74,3.74,282757
ELD,20160824,3.74,3.8,3.73,3.77,257729
ELD,20160825,3.79,3.85,3.77,3.83,211692
ELD,20160826,3.87,3.87,3.77,3.77,145158
ELD,20160829,3.8,3.81,3.69,3.7,222300
ELD,20160830,3.71,3.74,3.62,3.68,379362
ELD,20160831,3.69,3.7,3.63,3.67,126443
ELD,20160901,3.69,3.69,3.62,3.64,150356
ELD,20160902,3.65,3.66,3.52,3.58,366297
ELD,20160905,3.6,3.6,3.46,3.49,574538
ELD,20160906,3.49,3.52,3.43,3.5,163481
ELD,20160907,3.51,3.61,3.51,3.52,430137
ELD,20160908,3.51,3.53,3.49,3.5,751888
ELD,20160909,3.5,3.52,3.47,3.5,344096
ELD,20160912,3.51,3.76,3.44,3.68,1052968
ELD,20160913,3.83,3.88,3.75,3.78,969187
ELD,20160914,3.85,3.89,3.8,3.84,305949
ELD,20160915,3.85,3.855,3.77,3.81,244852
ELD,20160916,3.82,3.83,3.78,3.8,201409
ELD,20160919,3.82,3.82,3.74,3.76,82022
ELD,20160920,3.75,3.77,3.74,3.77,183701
ELD,20160921,3.75,3.8,3.75,3.8,530862
ELD,20160922,3.8,3.84,3.78,3.82,401628
ELD,20160923,3.82,3.84,3.8,3.84,99684
ELD,20160926,3.84,3.9,3.82,3.86,319415
ELD,20160927,3.85,3.89,3.83,3.87,337275
ELD,20160928,3.87,3.88,3.8,3.82,174669
ELD,20160929,3.84,3.89,3.82,3.88,307237
ELD,20160930,3.87,3.88,3.83,3.87,147962
ELD,20161003,3.87,3.9,3.85,3.86,190284
ELD,20161004,3.88,3.92,3.88,3.9,220888
ELD,20161005,3.89,3.955,3.89,3.93,657055
ELD,20161006,3.93,3.98,3.92,3.96,320600
ELD,20161007,3.97,3.98,3.9,3.92,73787
ELD,20161010,3.94,4.02,3.9,3.98,321799
ELD,20161011,3.98,4.08,3.98,4.01,261310
ELD,20161012,4,4.05,3.99,4.01,313340
ELD,20161013,4.03,4.08,4.01,4.06,99993
ELD,20161014,4.08,4.11,3.97,4,175549
ELD,20161017,3.98,3.98,3.88,3.88,245448
ELD,20161018,3.92,3.94,3.82,3.91,242796
ELD,20161019,3.9,3.96,3.85,3.94,388602
ELD,20161020,3.96,4,3.93,3.95,220181
ELD,20161021,3.94,3.98,3.93,3.96,260603
ELD,20161024,3.97,4.03,3.97,3.99,155935
ELD,20161025,3.99,4.04,3.96,4,193262
ELD,20161026,4.03,4.03,3.93,3.93,317888
ELD,20161027,4,4,3.8,3.87,219744
ELD,20161028,3.88,3.89,3.83,3.85,149468
ELD,20161031,3.85,3.93,3.84,3.88,203483
ELD,20161101,3.94,3.94,3.82,3.87,168991
ELD,20161102,3.84,3.85,3.68,3.75,433343
ELD,20161103,3.69,3.8,3.69,3.77,133381
ELD,20161104,3.77,3.84,3.75,3.82,191098
ELD,20161107,3.79,3.93,3.79,3.82,564051
ELD,20161108,3.89,3.89,3.715,3.74,484456
ELD,20161109,3.75,3.75,3.55,3.67,313563
ELD,20161110,3.88,3.88,3.73,3.76,181473
ELD,20161111,3.84,3.84,3.73,3.79,182362
ELD,20161114,3.85,3.98,3.76,3.95,524469
ELD,20161115,3.96,3.96,3.8,3.83,644764
ELD,20161116,3.85,3.86,3.78,3.85,442011
ELD,20161117,3.84,3.86,3.78,3.8,512926
ELD,20161118,3.82,3.87,3.78,3.85,306122
ELD,20161121,3.85,4,3.83,3.97,542370
ELD,20161122,3.99,4.04,3.965,4,862194
ELD,20161123,4,4,3.89,3.97,204649
ELD,20161124,3.93,3.995,3.93,3.97,169646
ELD,20161125,3.97,4.04,3.95,4.02,590213
ELD,20161128,4.02,4.08,4,4.02,263606
ELD,20161129,4,4.03,3.93,3.99,259481
ELD,20161130,4.02,4.02,3.93,3.93,154613
ELD,20161201,3.91,3.98,3.91,3.96,147739
ELD,20161202,3.96,4,3.95,3.97,612080
ELD,20161205,3.97,3.99,3.9,3.91,130194
ELD,20161206,3.93,3.945,3.9,3.93,83839
ELD,20161207,3.91,3.93,3.89,3.9,278234
ELD,20161208,3.9,3.99,3.88,3.97,460009
ELD,20161209,3.97,3.97,3.95,3.96,404306
ELD,20161212,3.96,4,3.96,3.96,308117
ELD,20161213,3.96,4.01,3.95,3.97,1287490
ELD,20161214,3.96,4,3.96,3.96,162182
ELD,20161215,3.95,3.99,3.94,3.97,623133
ELD,20161216,3.97,4.06,3.94,3.98,429831
ELD,20161219,3.95,3.98,3.9,3.93,200767
ELD,20161220,3.95,3.95,3.9,3.93,223942
ELD,20161221,3.93,3.95,3.83,3.86,299142
ELD,20161222,3.83,3.87,3.81,3.87,143992
ELD,20161223,3.9,3.9,3.86,3.86,100682
ELD,20161228,3.85,3.95,3.85,3.95,117833
ELD,20161229,3.94,3.98,3.92,3.97,89472
ELD,20161230,3.98,3.99,3.96,3.97,83556
ELD,20170103,3.97,3.98,3.91,3.93,129484
ELD,20170104,3.94,3.94,3.9,3.9,80581
ELD,20170105,3.95,4,3.94,3.98,146273
ELD,20170106,3.96,4.06,3.96,4.04,319560
ELD,20170109,4.06,4.1,4.05,4.05,286580
ELD,20170110,4.07,4.07,4.04,4.06,78168
ELD,20170111,4.07,4.09,4.03,4.03,237709
ELD,20170112,4.05,4.055,4.01,4.02,129179
ELD,20170113,4.025,4.03,4.01,4.02,167336
ELD,20170116,4.02,4.05,4.02,4.04,217519
ELD,20170117,4.04,4.1,4.03,4.09,250189
ELD,20170118,4.1,4.1,4.04,4.09,404547
ELD,20170119,4.1,4.18,4.08,4.16,414131
ELD,20170120,4.18,4.235,4.15,4.16,268861
ELD,20170123,4.19,4.2,4.15,4.17,214260
ELD,20170124,4.17,4.3,4.15,4.3,408457
ELD,20170125,4.27,4.35,4.21,4.3,247484
ELD,20170127,4.31,4.33,4.28,4.32,190180
ELD,20170130,4.31,4.35,4.25,4.28,121508
ELD,20170131,4.28,4.28,4.22,4.25,126336
ELD,20170201,4.22,4.27,4.17,4.25,99438
ELD,20170202,4.25,4.27,4.22,4.25,45425
ELD,20170203,4.27,4.305,4.21,4.22,197439
ELD,20170206,4.23,4.23,4.17,4.19,102570
ELD,20170207,4.22,4.28,4.16,4.26,175655
ELD,20170208,4.26,4.33,4.16,4.29,245093
ELD,20170209,4.29,4.33,4.21,4.29,104438
ELD,20170210,4.28,4.45,4.27,4.38,290471
ELD,20170213,4.39,4.4,4.29,4.33,138976
ELD,20170214,4.34,4.36,4.285,4.3,661796
ELD,20170215,4.32,4.36,4.3,4.32,227360
ELD,20170216,4.3,4.35,4.29,4.33,82527
ELD,20170217,4.33,4.34,4.28,4.31,82223
ELD,20170220,4.3,4.3,4.22,4.28,186881
ELD,20170221,4.29,4.31,4.28,4.31,141259
ELD,20170222,4.25,4.36,4.23,4.33,151203
ELD,20170223,4.3,4.41,4.3,4.38,555083
ELD,20170224,4.4,4.4,4.31,4.36,201205
ELD,20170227,4.36,4.44,4.36,4.38,171994
ELD,20170228,4.39,4.4,4.33,4.35,123323
ELD,20170301,4.35,4.36,4.31,4.33,71771
ELD,20170302,4.35,4.45,4.35,4.4,388830
ELD,20170303,4.44,4.44,4.37,4.41,154538
ELD,20170306,4.43,4.47,4.41,4.44,195975
ELD,20170307,4.47,4.48,4.4,4.48,227400
ELD,20170308,4.42,4.48,4.42,4.48,204103
ELD,20170309,4.44,4.48,4.42,4.45,104625
ELD,20170310,4.47,4.55,4.42,4.5,228343
ELD,20170313,4.51,4.55,4.46,4.5,203968
ELD,20170314,4.49,4.5,4.42,4.48,215330
ELD,20170315,4.42,4.55,4.36,4.55,700476
ELD,20170316,4.57,4.59,4.49,4.51,399463
ELD,20170317,4.53,4.55,4.42,4.46,2807054
ELD,20170320,4.59,4.59,4.55,4.57,241667
ELD,20170321,4.55,4.57,4.52,4.57,526985
ELD,20170322,4.56,4.57,4.5,4.52,658354
ELD,20170323,4.53,4.57,4.53,4.54,137346
ELD,20170324,4.5,4.54,4.47,4.51,115598
ELD,20170327,4.49,4.56,4.45,4.54,362014
ELD,20170328,4.55,4.55,4.45,4.51,410334
ELD,20170329,4.51,4.51,4.47,4.5,122623
ELD,20170330,4.49,4.53,4.42,4.5,267528
ELD,20170331,4.51,4.54,4.5,4.54,181108
ELD,20170403,4.54,4.55,4.48,4.51,700663
ELD,20170404,4.51,4.55,4.47,4.53,140873
ELD,20170405,4.54,4.55,4.45,4.5,446780
ELD,20170406,4.5,4.5,4.39,4.45,270463
ELD,20170407,4.48,4.48,4.4,4.44,119338
ELD,20170410,4.46,4.47,4.42,4.44,1027749
ELD,20170411,4.44,4.45,4.43,4.45,162219
ELD,20170412,4.45,4.45,4.42,4.43,108411
ELD,20170413,4.44,4.44,4.39,4.43,242131
ELD,20170418,4.39,4.415,4.28,4.35,211206
ELD,20170419,4.33,4.4,4.33,4.38,121499
ELD,20170420,4.38,4.4,4.32,4.4,228415
ELD,20170421,4.4,4.45,4.37,4.45,265809
ELD,20170424,4.45,4.45,4.4,4.45,104684
ELD,20170426,4.42,4.48,4.4,4.42,439859
ELD,20170427,4.42,4.44,4.36,4.4,105981
ELD,20170428,4.39,4.45,4.35,4.45,867894
ELD,20170501,4.45,4.45,4.41,4.43,60728
ELD,20170502,4.44,4.5,4.42,4.47,282914
ELD,20170503,4.46,4.46,4.42,4.45,86093
ELD,20170504,4.44,4.47,4.43,4.47,103218
ELD,20170505,4.46,4.47,4.42,4.47,104563
ELD,20170508,4.47,4.47,4.44,4.46,67097
ELD,20170509,4.45,4.49,4.45,4.46,345821
ELD,20170510,4.41,4.46,4.41,4.46,336441
ELD,20170511,4.46,4.46,4.43,4.46,231324
ELD,20170512,4.46,4.5,4.39,4.4,383024
ELD,20170515,4.56,4.56,4.41,4.46,1122182
ELD,20170516,4.5,4.58,4.46,4.49,1160623
ELD,20170517,4.53,4.68,4.52,4.67,1163027
ELD,20170518,4.64,4.7,4.6,4.7,564073
ELD,20170519,4.7,4.75,4.69,4.71,657568
ELD,20170522,4.74,4.85,4.74,4.85,628927
ELD,20170523,4.86,4.96,4.85,4.89,576439
ELD,20170524,4.95,5.02,4.93,4.99,588165
ELD,20170525,4.99,4.99,4.89,4.94,300391
ELD,20170526,4.99,5,4.93,5,445475
ELD,20170529,5,5,4.92,4.93,269931
ELD,20170530,4.97,4.97,4.91,4.96,258784
ELD,20170531,4.98,5.19,4.98,5.18,733620
ELD,20170601,5.19,5.2,5.11,5.14,258550
ELD,20170602,5.1,5.24,5.1,5.22,280624
ELD,20170605,5.22,5.33,5.22,5.29,420783
ELD,20170606,5.25,5.27,5.16,5.24,394269
ELD,20170607,5.25,5.28,5.225,5.26,231900
ELD,20170608,5.27,5.28,5.2,5.27,320774
ELD,20170609,5.26,5.27,5.23,5.25,132605
ELD,20170613,5.24,5.28,5.23,5.23,275682
ELD,20170614,5.23,5.27,5.23,5.24,703543
ELD,20170615,5.3,5.48,5.27,5.45,783778
ELD,20170616,5.5,5.5,5.38,5.41,355577
ELD,20170619,5.44,5.56,5.41,5.53,314704
ELD,20170620,5.59,5.6,5.49,5.56,380005
ELD,20170621,5.55,5.57,5.43,5.56,376762
ELD,20170622,5.53,5.59,5.48,5.55,312443
ELD,20170623,5.55,5.57,5.495,5.52,125343
ELD,20170626,5.49,5.54,5.48,5.5,156529
ELD,20170627,5.5,5.53,5.45,5.49,161680
ELD,20170628,5.47,5.47,5.37,5.44,221522
ELD,20170629,5.5,5.5,5.375,5.4,216240
ELD,20170630,5.42,5.44,5.31,5.35,306504
ELD,20170703,5.35,5.4,5.03,5.11,470444
ELD,20170704,5.14,5.23,5.13,5.18,374201
ELD,20170705,5.18,5.18,5.07,5.1,211435
ELD,20170706,5.05,5.16,5.03,5.1,380148
ELD,20170707,5.1,5.17,4.95,5.15,279716
ELD,20170710,5.15,5.18,5.09,5.16,142331
ELD,20170711,5.1,5.28,5.1,5.23,300371
ELD,20170712,5.23,5.245,5.15,5.2,199487
ELD,20170713,5.2,5.225,5.13,5.18,211757
ELD,20170714,5.2,5.22,5.16,5.2,311954
ELD,20170717,5.21,5.25,5.19,5.22,261536
ELD,20170718,5.2,5.24,5.2,5.21,110034
ELD,20170719,5.24,5.24,5.18,5.19,156200
ELD,20170720,5.19,5.24,5.15,5.19,551709
ELD,20170721,5.19,5.2,5.15,5.2,136408
ELD,20170724,5.18,5.23,5.18,5.2,127475
ELD,20170725,5.2,5.36,5.2,5.31,245027
ELD,20170726,5.28,5.33,5.25,5.3,202577
ELD,20170727,5.25,5.35,5.23,5.27,180886
ELD,20170728,5.26,5.29,5.21,5.22,223797
ELD,20170731,5.21,5.3,5.13,5.2,278873
ELD,20170801,5.15,5.21,5.1,5.15,231521
ELD,20170802,5.15,5.15,4.8,4.97,698550
ELD,20170803,5,5.03,4.98,5,306934
ELD,20170804,5,5.11,4.97,5.03,328374
ELD,20170807,5.02,5.04,4.91,5,727965
ELD,20170808,4.95,5.01,4.9,4.93,500614
ELD,20170809,4.94,5.02,4.92,4.99,168255
ELD,20170810,4.95,5.02,4.93,4.94,239601
ELD,20170811,4.92,4.93,4.86,4.88,227058
ELD,20170815,4.93,4.98,4.91,4.94,180944
ELD,20170816,4.95,4.98,4.91,4.95,161374
ELD,20170817,4.9,4.98,4.9,4.96,262228
ELD,20170818,4.92,4.99,4.91,4.94,210214
ELD,20170821,4.94,4.94,4.81,4.9,1121609
ELD,20170822,4.9,4.95,4.84,4.86,225716
ELD,20170823,4.86,4.93,4.86,4.88,190419
ELD,20170824,4.92,4.96,4.9,4.94,112695
ELD,20170825,4.95,4.98,4.92,4.93,126118
ELD,20170828,4.91,4.93,4.72,4.76,265015
ELD,20170829,4.65,4.76,4.58,4.58,528018
ELD,20170830,4.6,4.75,4.59,4.63,402152
ELD,20170831,4.66,4.71,4.58,4.69,333779
ELD,20170901,4.66,4.79,4.66,4.78,252896
ELD,20170904,4.79,4.81,4.58,4.6,265929
ELD,20170905,4.57,4.62,4.46,4.58,357136
ELD,20170906,4.58,4.66,4.56,4.64,247133
ELD,20170907,4.54,4.64,4.53,4.55,268804
ELD,20170908,4.55,4.66,4.55,4.6,251252
ELD,20170911,4.55,4.64,4.55,4.59,203619
ELD,20170912,4.59,4.61,4.55,4.55,383085
ELD,20170913,4.54,4.55,4.46,4.5,410196
ELD,20170914,4.46,4.48,4.35,4.39,396539
ELD,20170915,4.36,4.46,4.36,4.44,644198
ELD,20170918,4.46,4.55,4.42,4.52,470775
ELD,20170919,4.48,4.61,4.45,4.61,542713
ELD,20170920,4.58,4.64,4.54,4.61,277047
ELD,20170921,4.61,4.65,4.57,4.65,295397
ELD,20170922,4.63,4.76,4.61,4.74,358282
ELD,20170925,4.76,4.83,4.75,4.8,365002
ELD,20170926,4.84,4.86,4.77,4.85,474710
ELD,20170927,4.84,4.85,4.81,4.83,168247
ELD,20170928,4.8,4.87,4.76,4.87,349614
ELD,20170929,4.9,4.93,4.75,4.85,466850
ELD,20171002,4.89,4.9,4.8,4.85,188572
ELD,20171003,4.9,4.91,4.81,4.85,265623
ELD,20171004,4.8,4.95,4.8,4.9,312044
ELD,20171005,4.91,4.95,4.9,4.9,141895
ELD,20171006,4.94,4.94,4.81,4.81,192626
ELD,20171009,4.82,4.93,4.82,4.9,198386
ELD,20171010,4.85,4.92,4.85,4.88,175291
ELD,20171011,4.88,4.94,4.88,4.9,199583
ELD,20171012,4.9,4.9,4.83,4.88,185649
ELD,20171013,4.84,4.88,4.77,4.85,207105
ELD,20171016,4.85,4.92,4.84,4.87,165033
ELD,20171017,4.86,4.93,4.86,4.9,277654
ELD,20171018,4.9,4.92,4.88,4.9,253717
ELD,20171019,4.88,4.91,4.85,4.9,240531
ELD,20171020,4.9,4.91,4.82,4.9,235340
ELD,20171023,4.89,4.9,4.85,4.9,114117
ELD,20171024,4.85,4.915,4.85,4.9,257682
ELD,20171025,4.91,4.93,4.905,4.93,260230
ELD,20171026,4.94,5.09,4.91,5.02,355930
ELD,20171027,5.02,5.15,5,5.05,311961
ELD,20171030,5.1,5.19,5.1,5.1,238800
ELD,20171031,5.1,5.1,5.05,5.07,212477
ELD,20171101,5.06,5.1,5.03,5.1,204060
ELD,20171102,5.11,5.21,5.09,5.21,220549
ELD,20171103,5.21,5.24,5.16,5.2,160824
ELD,20171106,5.2,5.2,5.12,5.14,42511
ELD,20171107,5.12,5.14,5.02,5.06,86448
ELD,20171108,5,5.17,4.88,5.17,273010
ELD,20171109,5.15,5.3,5.13,5.3,242266
ELD,20171110,5.15,5.3,5.13,5.3,242266
ELD,20171113,5.35,5.77,5.31,5.6,647318
ELD,20171114,5.64,5.85,5.64,5.82,1518079
ELD,20171115,5.9,6.04,5.89,6.03,534510
ELD,20171116,6.03,6.04,5.8,5.8,626551
ELD,20171117,5.85,6.05,5.7,6.03,596151
ELD,20171120,5.97,6.3,5.89,6.29,775077
ELD,20171121,6.25,6.3,6.1,6.27,1064325
ELD,20171122,6.25,6.44,6.25,6.41,771958
ELD,20171123,6.42,6.74,6.42,6.59,626202
ELD,20171124,6.58,6.58,6.47,6.49,402462
ELD,20171127,6.49,6.75,6.44,6.7,363473
ELD,20171128,6.7,6.7,6.47,6.61,593327
ELD,20171129,6.6,6.88,6.56,6.86,342444
ELD,20171130,6.83,6.95,6.76,6.87,484880
ELD,20171201,6.85,6.85,6.68,6.81,265767
ELD,20171204,6.82,6.95,6.71,6.81,860873
ELD,20171205,6.8,6.95,6.7,6.95,478632
ELD,20171206,6.95,7.17,6.85,7.06,685310
ELD,20171207,7.06,7.115,6.96,7,553509
ELD,20171208,7,7.275,7,7.09,434960
ELD,20171211,7.05,7.18,7.01,7.12,361261
ELD,20171212,7.1,7.38,7.1,7.3,488500
ELD,20171213,7.3,7.45,7.21,7.45,540819
ELD,20171214,7.38,7.44,7.27,7.33,434195
ELD,20171215,7.3,7.46,7.25,7.46,430365
ELD,20171218,7.46,7.51,7.41,7.51,487042
ELD,20171219,7.51,7.76,7.48,7.76,679236
ELD,20171220,7.73,7.87,7.64,7.75,813765
ELD,20171221,7.76,7.78,7.62,7.7,256812
ELD,20171222,7.67,7.84,7.66,7.78,203552
ELD,20171227,7.8,7.88,7.78,7.88,219118
ELD,20171228,7.91,7.98,7.88,7.94,246072
ELD,20171229,7.97,8.2,7.97,8.17,421250
ELD,20180102,8.2,8.37,8.11,8.3,430921
ELD,20180103,8.35,8.35,8.01,8.05,360207
ELD,20180104,8.08,8.29,8.08,8.23,504563
ELD,20180105,8.23,8.23,8.08,8.1,195555
ELD,20180108,8.1,8.42,7.99,8.31,500195
ELD,20180109,8.34,8.44,8.27,8.41,479208
ELD,20180110,8.45,8.81,8.43,8.76,723189
ELD,20180111,8.6,8.86,8.51,8.81,539764
ELD,20180112,8.75,8.8,8.45,8.49,380958
ELD,20180115,8.54,8.62,8.44,8.52,398677
ELD,20180116,8.5,8.55,8.24,8.52,324169
ELD,20180117,8.5,8.76,8.41,8.61,485518
ELD,20180118,8.61,8.63,8.11,8.22,612546
ELD,20180119,8.1,8.34,8.09,8.16,479041
ELD,20180122,8.34,8.385,8.17,8.29,453545
ELD,20180123,8.25,8.295,8.02,8.25,436462
ELD,20180124,8.25,8.25,8.07,8.25,201546
ELD,20180125,8.06,8.22,7.8,7.92,320451
ELD,20180129,7.91,8.06,7.81,8.01,353299
ELD,20180130,7.98,7.98,7.82,7.86,357966
ELD,20180131,7.9,7.9,7.6,7.84,300585
ELD,20180201,7.87,7.89,7.76,7.85,261767
ELD,20180202,7.75,7.99,7.74,7.95,231923
ELD,20180205,7.69,7.69,7.3,7.34,509335
ELD,20180207,7.06,7.33,7.05,7.17,429370
ELD,20180208,7.2,7.23,7.11,7.15,271275
ELD,20180209,7.09,7.09,6.91,7,358019
ELD,20180212,7,7,6.8,6.85,340322
ELD,20180213,6.81,6.84,6.68,6.7,363185
ELD,20180214,6.67,6.81,6.62,6.7,303657
ELD,20180215,6.85,6.85,6.7,6.76,148742
ELD,20180216,6.8,6.8,6.64,6.74,194954
ELD,20180219,6.62,6.79,6.62,6.74,97938
ELD,20180220,6.71,6.92,6.71,6.72,155551
ELD,20180221,6.75,7.2,6.74,7.15,489098
ELD,20180222,7.09,7.11,6.82,6.94,240106
ELD,20180223,6.94,7.08,6.74,6.84,234799
ELD,20180226,6.85,7.03,6.81,6.84,220414
ELD,20180227,6.97,6.97,6.85,6.86,1359707
ELD,20180228,6.81,6.95,6.8,6.91,197100
ELD,20180301,6.95,6.95,6.8,6.83,222515
ELD,20180302,6.85,6.86,6.67,6.68,210141
ELD,20180305,6.72,6.72,6.5,6.6,326464
ELD,20180306,6.66,6.72,6.53,6.56,373060
ELD,20180307,6.5,6.68,6.5,6.62,275222
ELD,20180308,6.55,6.86,6.55,6.85,148931
ELD,20180309,6.95,6.95,6.83,6.9,179277
ELD,20180312,6.96,7,6.82,6.85,280615
ELD,20180313,6.78,6.93,6.62,6.63,427977
ELD,20180314,6.63,6.72,6.55,6.62,183533
ELD,20180315,6.65,6.65,6.54,6.61,109043
ELD,20180316,6.64,6.76,6.53,6.58,317522
ELD,20180319,6.6,6.715,6.42,6.46,309995
ELD,20180320,6.39,6.62,6.35,6.59,252172
ELD,20180321,6.55,6.725,6.48,6.71,173379
ELD,20180322,6.69,7.08,6.61,7.03,542543
ELD,20180323,6.86,6.91,6.65,6.71,307950
ELD,20180326,6.66,6.73,6.55,6.6,254038
ELD,20180327,6.5,6.84,6.5,6.81,448481
ELD,20180328,6.87,7.13,6.66,6.98,459059
ELD,20180329,7.1,7.48,6.98,7.46,453674
ELD,20180403,7.46,7.53,7.25,7.5,355186
ELD,20180404,7.53,7.64,7.33,7.4,205320
ELD,20180405,7.61,7.82,7.56,7.77,379169
ELD,20180406,7.81,7.89,7.65,7.71,160933
ELD,20180409,7.65,7.99,7.5,7.99,278523
ELD,20180410,7.99,8.08,7.85,8.02,399290
ELD,20180411,8,8.06,7.93,8,123972
ELD,20180412,7.96,8.01,7.75,7.9,206043
ELD,20180413,7.9,7.99,7.8,7.84,126157
ELD,20180416,7.89,7.9,7.74,7.87,182877
ELD,20180417,7.83,8.06,7.8,8.01,407186
ELD,20180418,8.04,8.16,7.99,8.1,328827
ELD,20180419,8.1,8.17,8.04,8.1,204682
ELD,20180420,8.09,8.1,7.93,8.02,158123
ELD,20180423,8.03,8.1,7.63,7.72,319789
ELD,20180424,7.76,8,7.67,7.98,307554
ELD,20180426,8,8.01,7.94,7.97,181555
ELD,20180427,8.03,8.08,7.88,7.96,176059
ELD,20180430,7.96,7.96,7.81,7.92,72399
ELD,20180501,7.9,7.92,7.7,7.77,224513
ELD,20180502,7.74,7.84,7.69,7.8,245247
ELD,20180503,7.83,7.91,7.8,7.87,129601
ELD,20180504,7.9,8.02,7.88,7.98,120819
ELD,20180507,7.99,8.3,7.98,8.21,314966
ELD,20180508,8.2,8.21,8.035,8.1,723187
ELD,20180509,8.11,8.45,8.07,8.27,453556
ELD,20180510,8.2,8.33,7.97,8.04,517542
ELD,20180511,8.01,8.13,7.78,8.1,279785
ELD,20180514,8.45,8.63,8.22,8.4,504886
ELD,20180515,8.25,8.44,8.16,8.41,968508
ELD,20180516,8.4,8.835,8.39,8.73,453889
ELD,20180517,8.82,9.15,8.8,9.02,525230
ELD,20180518,9,9.23,8.87,9.15,370122
ELD,20180521,9.15,9.15,8.85,8.88,420810
ELD,20180522,8.83,8.86,8.61,8.78,294413
ELD,20180523,8.78,9.06,8.78,9.05,339458
ELD,20180524,8.93,9.09,8.91,9,615249
ELD,20180525,9,9.01,8.78,8.89,309634
ELD,20180528,8.76,8.84,8.5,8.62,356586
ELD,20180529,8.56,8.6,8.32,8.52,731943
ELD,20180530,8.67,9,8.55,8.95,787164
ELD,20180531,8.95,9,8.85,8.85,3028182
ELD,20180601,8.85,9,8.8,8.95,568315
ELD,20180604,8.95,9.33,8.94,9.25,940713
ELD,20180605,9.24,9.46,9.165,9.23,522110
ELD,20180606,9.25,9.47,9.19,9.39,762436
ELD,20180607,9.4,9.42,9.14,9.18,633368
ELD,20180608,9.02,9.08,8.6,8.7,781633
ELD,20180612,8.71,8.76,8.43,8.49,995227
ELD,20180613,8.51,8.55,8.22,8.24,492577
ELD,20180614,8.34,8.38,8.22,8.3,439694
ELD,20180615,8.34,8.34,8.12,8.31,522066
ELD,20180618,8.29,8.38,8.21,8.27,316133
ELD,20180619,8.27,8.64,8.27,8.55,385384
ELD,20180620,8.46,8.76,8.46,8.75,223744
ELD,20180621,8.75,8.95,8.71,8.85,483640
ELD,20180622,9,9.1,8.8,8.8,653825
ELD,20180625,8.82,9,8.77,8.98,362156
ELD,20180626,8.8,8.96,8.35,8.52,511515
ELD,20180627,8.56,8.84,8.55,8.57,384363
ELD,20180628,8.6,8.66,8.43,8.46,218883
ELD,20180629,8.57,8.57,8.44,8.46,390746
ELD,20180702,8.45,8.51,8.36,8.45,318974
ELD,20180703,8.45,8.71,8.39,8.44,486740
ELD,20180704,8.45,8.56,8.37,8.45,327509
ELD,20180705,8.44,8.5,8.27,8.34,239136
ELD,20180706,8.45,8.45,7.04,7.06,1849158
ELD,20180710,7.2,7.27,7.06,7.2,821009
ELD,20180711,7.2,7.28,7.155,7.2,1347982
ELD,20180712,7.24,7.64,7.23,7.55,748386
ELD,20180713,7.57,7.57,7.3,7.39,416112
ELD,20180716,7.59,7.59,7.355,7.4,281985
ELD,20180717,7.39,7.54,7.36,7.39,265230
ELD,20180718,7.39,7.685,7.35,7.63,446946
ELD,20180719,7.57,7.68,7.48,7.65,270074
ELD,20180720,7.61,7.93,7.61,7.86,541575
ELD,20180723,7.7,7.77,7.35,7.42,518000
ELD,20180724,7.49,7.79,7.47,7.65,455403
ELD,20180725,7.64,7.7,7.515,7.65,414570
ELD,20180726,7.7,7.99,7.7,7.91,480799
ELD,20180727,7.96,8,7.73,7.84,696650
ELD,20180730,7.8,7.89,7.745,7.81,253850
ELD,20180731,7.79,7.81,7.49,7.51,277637
ELD,20180801,7.45,7.61,7.36,7.44,303900
ELD,20180802,7.4,7.62,7.39,7.56,294038
ELD,20180803,7.62,7.845,7.56,7.8,318983
ELD,20180806,7.8,7.8,7.595,7.67,302452
ELD,20180807,7.74,7.74,7.55,7.62,173719
ELD,20180808,7.64,7.81,7.57,7.79,188972
ELD,20180809,7.71,7.775,7.59,7.65,282877
ELD,20180810,7.62,7.65,7.15,7.19,606200
ELD,20180813,7.15,7.16,6.29,6.38,1448741
ELD,20180814,6.5,6.79,6.45,6.51,792052
ELD,20180816,6.77,6.77,6.42,6.49,519338
ELD,20180817,6.57,6.71,6.4,6.68,496405
ELD,20180820,6.55,6.73,6.46,6.47,658454
ELD,20180821,6.5,6.56,6.385,6.45,492789
ELD,20180822,6.42,6.53,6.35,6.39,453534
ELD,20180823,6.35,6.475,6.27,6.42,344317
ELD,20180824,6.45,6.65,6.29,6.39,417826
ELD,20180827,6.36,6.41,6.16,6.38,432036
ELD,20180828,6.28,6.595,6.27,6.5,609833
ELD,20180829,6.44,6.635,6.42,6.55,380027
ELD,20180830,6.64,6.8,6.53,6.68,397615
ELD,20180831,6.6,6.65,6.36,6.65,392773
ELD,20180903,6.55,6.91,6.55,6.67,781605
ELD,20180904,6.73,6.9,6.68,6.85,442286
ELD,20180905,6.76,7.08,6.75,6.9,560958
ELD,20180906,6.85,6.89,6.57,6.75,645469
ELD,20180907,6.6,6.8,6.51,6.51,1292093
ELD,20180910,6.5,6.8,6.5,6.72,771109
ELD,20180913,7.1,7.37,7.1,7.26,605965
ELD,20180914,7.25,7.28,7.05,7.2,377308
ELD,20180917,7.2,7.36,7.1,7.26,286951
ELD,20180918,7.27,7.37,7.1,7.24,644164
ELD,20180919,7.18,7.61,7.17,7.3,555698
ELD,20180920,7.2,7.36,6.94,6.98,699686
ELD,20180921,7.12,7.17,6.72,6.89,4867029
ELD,20180924,6.89,7.02,6.77,6.95,735700
ELD,20180925,6.95,6.95,6.74,6.88,532046
ELD,20180926,6.93,7.15,6.92,7.05,671944
ELD,20180927,6.92,7.175,6.92,7.07,348322
ELD,20180928,7.1,7.2,7.02,7.09,538885
ELD,20181001,7.05,7.13,7.03,7.06,213615
ELD,20181002,7.05,7.14,7.04,7.09,326757
ELD,20181003,7.1,7.26,7.05,7.2,420838
ELD,20181004,7.25,7.56,7.25,7.33,536013
ELD,20181005,7.35,7.4,7.21,7.39,464038
ELD,20181008,7.36,7.4,7.17,7.25,367201
ELD,20181009,7.14,7.3,7.09,7.27,521558
ELD,20181010,7.27,7.465,7.27,7.33,797766
ELD,20181011,7.16,7.19,6.74,7.02,942785
ELD,20181012,6.85,7.08,6.82,7.03,342903
ELD,20181015,6.91,6.98,6.9,6.93,231745
ELD,20181016,6.92,7.34,6.86,7.29,743667
ELD,20181017,7.29,7.55,7.18,7.42,620488
ELD,20181018,7.44,7.515,7.33,7.38,304215
ELD,20181019,7.25,7.42,7.25,7.4,317262
ELD,20181022,7.3,7.41,7.285,7.3,275742
ELD,20181023,7.27,7.44,7.27,7.3,406851
ELD,20181024,7.35,7.4,7.12,7.33,368172
ELD,20181025,7.25,7.32,7.16,7.18,386907
ELD,20181026,7,7.185,6.88,6.91,498024
ELD,20181030,6.8,7.24,6.8,7.21,247129
ELD,20181031,7.1,7.3,7.01,7.29,334998
ELD,20181101,7.31,7.57,7.27,7.36,407785
ELD,20181102,7.21,7.46,7.21,7.39,277071
ELD,20181105,7.2,7.43,7.19,7.32,246072
ELD,20181106,7.24,7.545,7.24,7.47,354309
ELD,20181107,7.45,7.545,7.3,7.49,670673
ELD,20181108,7.48,7.73,7.475,7.72,537514
ELD,20181109,7.7,7.74,7.39,7.41,341983
ELD,20181112,7.7,8.94,7.635,8.87,1640097
ELD,20181113,8.1,8.35,7.58,7.7,1268428
ELD,20181114,7.98,7.98,6.93,7.05,1204470
ELD,20181115,7.1,7.47,7.04,7.44,1017702
ELD,20181116,7.74,7.74,7.49,7.68,628011
ELD,20181119,7.58,7.84,7.58,7.79,1018148
ELD,20181120,7.59,7.71,7.46,7.47,808497
ELD,20181121,7.43,7.43,7.01,7.2,476160
ELD,20181122,7.09,7.31,7.08,7.27,629578
ELD,20181123,7.3,7.42,7.28,7.31,372982
ELD,20181126,7.2,7.36,7.13,7.17,484516
ELD,20181127,7.31,7.31,7.155,7.25,678295
ELD,20181128,7.16,7.23,7,7.04,760004
ELD,20181129,7.05,7.07,6.62,6.98,1099521
ELD,20181130,6.8,7.02,6.65,6.76,1352935
ELD,20181203,6.83,7,6.81,6.84,855486
ELD,20181204,6.89,7.06,6.71,7.05,1336616
ELD,20181205,6.94,7.02,6.79,6.86,830794
ELD,20181206,6.93,7.18,6.8,6.9,1173985
ELD,20181207,6.99,7.06,6.9,6.96,414215
ELD,20181210,6.9,6.94,6.64,6.69,541896
ELD,20181211,6.8,6.82,6.52,6.61,700932
ELD,20181212,6.6,6.67,6.46,6.59,1370703
ELD,20181213,6.75,7.065,6.7,6.99,836400
ELD,20181214,6.95,7.015,6.88,6.95,706233
ELD,20181217,6.9,7.08,6.79,6.94,448520
ELD,20181218,6.85,6.91,6.7,6.76,809460
ELD,20181219,6.71,6.8,6.59,6.68,1160511
ELD,20181220,6.7,6.83,6.7,6.72,973524
ELD,20181221,6.6,6.76,6.54,6.74,723984
ELD,20181224,6.5,6.91,6.5,6.85,213428
ELD,20181227,6.79,7,6.79,6.93,409451
ELD,20181228,6.99,7.07,6.94,7,244861
ELD,20181231,7.05,7.06,6.85,7.06,416204
ELD,20190102,6.93,7.24,6.91,7,515414
ELD,20190103,7,7.16,6.87,7.03,415502
ELD,20190104,6.92,7.05,6.895,6.99,556973
ELD,20190107,7.05,7.12,6.95,6.99,377021
ELD,20190108,7,7.15,6.915,6.99,703968
ELD,20190109,7.08,7.13,6.98,6.99,466351
ELD,20190110,6.99,7.03,6.78,6.86,597495
ELD,20190111,6.92,7.15,6.91,7.04,452630
ELD,20190114,7.1,7.21,6.975,6.99,401223
ELD,20190115,6.95,6.98,6.71,6.82,460774
ELD,20190116,6.9,6.9,6.77,6.84,357612
ELD,20190117,6.9,6.91,6.7,6.79,441422
ELD,20190118,6.85,7,6.78,6.92,372040
ELD,20190121,6.95,6.99,6.82,6.84,286573
ELD,20190122,6.8,7.02,6.8,6.9,402870
ELD,20190123,6.84,6.94,6.8,6.82,300077
ELD,20190124,6.77,6.85,6.635,6.73,429055
ELD,20190125,6.79,6.8,6.48,6.7,950682
ELD,20190129,6.65,6.75,6.5,6.55,517571
ELD,20190130,6.59,6.59,6.24,6.36,710935
ELD,20190131,6.36,6.37,6.185,6.26,807853
ELD,20190201,6.26,6.33,6.11,6.22,587558
ELD,20190204,6.25,6.31,6.09,6.14,448461
ELD,20190205,6.11,6.23,6.04,6.17,654598
ELD,20190206,6.17,6.42,6.17,6.22,837552
ELD,20190207,6.28,6.38,6.175,6.27,719738
ELD,20190208,6.21,6.28,6.18,6.23,432511
ELD,20190211,6.26,6.38,6.19,6.2,536524
ELD,20190212,6.27,6.31,6.12,6.14,510730
ELD,20190213,6.2,6.23,6.08,6.12,611935
ELD,20190214,6.09,6.17,5.9,6.11,778257
ELD,20190215,6.07,6.09,5.76,5.79,487171
ELD,20190218,5.92,6.03,5.84,5.99,369607
ELD,20190219,6.02,6.19,5.96,6.08,446792
ELD,20190220,6.16,6.19,6.03,6.1,440126
ELD,20190221,6.15,6.18,6.04,6.1,518022
ELD,20190222,6.16,6.25,6.1,6.14,414565
ELD,20190225,6.17,6.24,6.03,6.08,367769
ELD,20190226,6.1,6.23,5.97,6.03,633546
ELD,20190227,6.02,6.31,5.99,6.25,1045119
ELD,20190228,6.3,6.3,6.09,6.2,615472
ELD,20190301,6.14,6.315,6.1,6.26,498841
ELD,20190304,6.29,6.39,6.25,6.32,280015
ELD,20190305,6.19,6.24,6.15,6.22,368803
ELD,20190306,6.22,6.28,6.12,6.28,1101313
ELD,20190307,6.28,6.51,6.27,6.49,535611
ELD,20190308,6.48,6.52,6.28,6.3,448495
ELD,20190311,6.27,6.3,6.195,6.25,238438
ELD,20190312,6.31,6.32,6.11,6.2,491185
ELD,20190313,6.14,6.3,6.13,6.16,607675
ELD,20190314,6.14,6.21,6.07,6.08,849602
ELD,20190315,5.94,6.11,5.875,6,1742795
ELD,20190318,6.05,6.05,5.905,5.96,539938
ELD,20190319,5.97,5.99,5.78,5.86,1660720
ELD,20190320,5.83,5.84,5.69,5.73,989868
ELD,20190321,5.64,5.66,5.45,5.56,892614
ELD,20190322,5.62,5.85,5.575,5.79,546760
ELD,20190325,5.7,5.77,5.62,5.67,906972
ELD,20190326,5.65,5.8,5.65,5.78,524671
ELD,20190327,5.76,5.89,5.72,5.86,564264
ELD,20190328,5.87,6.105,5.85,6.04,807429
ELD,20190329,6.07,6.1,5.995,6.07,651471
ELD,20190401,6.11,6.41,6.055,6.26,718622
ELD,20190402,6.27,6.34,6.125,6.23,508435
ELD,20190403,6.25,6.29,6.1,6.15,411379
ELD,20190404,6.22,6.23,6.05,6.1,411277
ELD,20190405,6.1,6.16,6.04,6.14,339443
ELD,20190408,6.11,6.12,6.04,6.08,340420
ELD,20190409,6.12,6.12,5.94,5.99,504940
ELD,20190410,6,6.05,5.84,5.91,355743
ELD,20190411,5.92,6.04,5.9,5.91,228637
ELD,20190412,5.9,6.06,5.76,6.04,422453
ELD,20190415,6.05,6.145,6.02,6.11,299918
ELD,20190416,6.07,6.23,6.05,6.22,365222
ELD,20190417,6.24,6.38,6.105,6.14,736781
ELD,20190418,6.17,6.19,6.03,6.1,369114
ELD,20190423,6.11,6.36,6.095,6.31,542524
ELD,20190424,6.38,6.38,6.18,6.34,744406
ELD,20190426,6.24,6.24,6.065,6.21,845536
ELD,20190429,6.2,6.26,6.11,6.17,326687
ELD,20190430,6.13,6.18,5.97,6.04,774579
ELD,20190501,6.1,6.31,6.08,6.29,448165
ELD,20190502,6.31,6.31,6.125,6.22,663107
ELD,20190503,6.2,6.48,6.09,6.41,791306
ELD,20190506,6.41,6.44,6.27,6.41,607910
ELD,20190507,6.4,6.445,6.25,6.35,653792
ELD,20190508,6.29,6.415,6.285,6.39,302481
ELD,20190509,6.4,6.4,6.24,6.32,510199
ELD,20190510,6.35,6.42,6.3,6.42,337830
ELD,20190513,6.46,6.46,6.32,6.37,312200
ELD,20190514,6.27,6.34,6.11,6.19,717836
ELD,20190515,6.17,6.41,6.13,6.37,527779
ELD,20190516,6.4,6.61,6.35,6.61,605578
ELD,20190517,6.65,6.65,6.5,6.58,702687
ELD,20190520,6.6,6.66,6.48,6.55,633924
ELD,20190521,6.55,6.86,6.55,6.68,1417707
ELD,20190522,6.65,6.71,6.49,6.56,1218630
ELD,20190523,6.6,6.77,6.55,6.6,896385
ELD,20190524,6.58,6.6,6.41,6.5,789068
ELD,20190527,6.49,6.49,6.125,6.19,822870
ELD,20190528,6.19,6.29,6.12,6.21,857097
ELD,20190529,6.14,6.18,6.03,6.17,673450
ELD,20190530,6.15,6.18,5.81,5.83,852929
ELD,20190531,5.85,5.85,5.61,5.67,1485270
ELD,20190603,5.64,5.67,5.38,5.44,892143
ELD,20190604,5.47,5.565,5.385,5.5,1020879
ELD,20190605,5.58,5.58,5.38,5.45,800086
ELD,20190606,5.48,5.54,5.43,5.46,610632
ELD,20190607,5.45,5.64,5.42,5.63,1090688
ELD,20190611,5.73,5.765,5.63,5.74,727945
ELD,20190612,5.74,5.82,5.7,5.82,667245
ELD,20190613,5.9,5.97,5.79,5.91,764707
ELD,20190614,5.93,5.93,5.76,5.93,634056
ELD,20190617,5.97,6.03,5.9,6,585179
ELD,20190618,6.03,6.15,6,6.15,1295264
ELD,20190619,6.2,6.39,6.18,6.34,1520949
ELD,20190620,6.29,6.35,6.11,6.31,1417791
ELD,20190621,6.38,6.43,6.31,6.35,816960
ELD,20190624,6.4,6.4,6.14,6.2,1012901
ELD,20190625,6.26,6.33,6.23,6.28,1116508
ELD,20190626,6.3,6.375,6.175,6.21,631191
ELD,20190627,6.31,6.35,6.185,6.27,780485
ELD,20190628,6.28,6.36,6.19,6.21,307763
ELD,20190701,6.34,6.42,6.25,6.31,463136
ELD,20190702,6.35,6.4,6.28,6.35,287769
ELD,20190703,6.26,6.37,6.26,6.35,335172
ELD,20190704,6.37,6.41,6.25,6.29,406012
ELD,20190705,6.31,6.33,6.16,6.26,300051
ELD,20190708,6.3,6.34,6.17,6.17,317789
ELD,20190709,6.16,6.26,6.12,6.18,336516
ELD,20190710,6.2,6.25,6.14,6.17,360426
ELD,20190711,6.1,6.25,6.1,6.18,202955
ELD,20190712,6.13,6.16,6.01,6.13,522016
ELD,20190715,6.13,6.13,6.13,6.13,0
ELD,20190716,6.13,6.13,6.13,6.13,0
ELD,20190717,6.25,7.17,6.13,7.05,2885283
ELD,20190718,6.97,7.1,6.85,7.04,1068494
ELD,20190719,7.04,7.29,7.02,7.26,474512
ELD,20190722,7.26,7.59,7.2,7.46,535963
ELD,20190723,7.5,7.56,7.19,7.24,1090949
ELD,20190724,7.25,7.42,7.16,7.19,774066
ELD,20190725,7.25,7.38,7.25,7.29,845739
ELD,20190726,7.35,7.35,7.15,7.2,654687
ELD,20190729,7.22,7.42,7.22,7.36,447865
ELD,20190730,7.39,7.5,7.34,7.36,674327
ELD,20190731,7.31,7.51,7.3,7.37,475589
ELD,20190801,7.4,7.4,7.25,7.3,3261732
ELD,20190802,7.28,7.3,7.02,7.18,707823
ELD,20190805,7.28,7.28,7.08,7.08,419965
ELD,20190806,6.93,6.99,6.83,6.85,405223
ELD,20190807,6.86,7,6.75,6.81,409331
ELD,20190808,6.8,6.915,6.71,6.82,527389
ELD,20190809,6.78,6.96,6.695,6.75,424090
ELD,20190812,6.73,6.81,6.7,6.73,469413
ELD,20190813,6.67,6.81,6.64,6.72,785638
ELD,20190814,6.74,6.8,6.68,6.73,695601
ELD,20190815,6.58,6.71,6.42,6.63,626991
ELD,20190816,6.5,6.6,6.42,6.49,667698
ELD,20190819,6.5,6.65,6.45,6.49,590642
ELD,20190820,6.5,6.63,6.44,6.62,572700
ELD,20190821,6.62,6.92,6.62,6.86,525377
ELD,20190822,6.86,7,6.79,6.83,572196
ELD,20190823,6.93,6.94,6.79,6.89,360097
ELD,20190826,6.78,6.84,6.7,6.78,223838
ELD,20190827,6.76,6.8,6.7,6.73,262815
ELD,20190828,6.71,6.88,6.71,6.84,197311
ELD,20190829,6.87,6.87,6.74,6.77,234563
ELD,20190830,6.87,6.91,6.79,6.85,322689
ELD,20190902,6.72,6.85,6.68,6.76,214486
ELD,20190903,6.71,6.81,6.67,6.68,230950
ELD,20190904,6.6,6.76,6.55,6.75,417337
ELD,20190905,6.75,6.91,6.7,6.81,679521
ELD,20190906,6.85,6.9,6.76,6.87,258902
ELD,20190909,6.87,6.87,6.73,6.78,258293
ELD,20190910,6.73,6.81,6.64,6.66,354960
ELD,20190911,6.75,6.85,6.68,6.78,428499
ELD,20190912,6.78,6.86,6.69,6.83,311334
ELD,20190913,6.87,6.94,6.81,6.83,283175
ELD,20190916,6.8,6.94,6.69,6.87,482905
ELD,20190917,6.76,6.87,6.69,6.79,319869
ELD,20190918,6.8,6.835,6.67,6.67,287561
ELD,20190919,6.66,6.73,6.47,6.55,898611
ELD,20190920,6.55,6.625,6.45,6.45,700882
ELD,20190923,6.52,6.54,6.37,6.37,560925
ELD,20190924,6.42,6.47,6.28,6.28,613533
ELD,20190925,6.24,6.29,6.14,6.17,477485
ELD,20190926,6.18,6.305,6.15,6.26,534015
ELD,20190927,6.34,6.36,6.24,6.29,243469
ELD,20190930,6.2,6.35,6.2,6.32,276491
ELD,20191001,6.31,6.44,6.25,6.44,348928
ELD,20191002,6.45,6.45,6.26,6.36,411132
ELD,20191003,6.26,6.31,6.16,6.19,491924
ELD,20191004,6.22,6.37,6.15,6.21,273615
ELD,20191007,6.22,6.28,6.08,6.12,157526
ELD,20191008,6.18,6.25,6.13,6.18,208601
ELD,20191009,6.13,6.17,6.11,6.12,258056
ELD,20191010,6.12,6.19,6,6.06,929120
ELD,20191011,6.06,6.17,6.04,6.12,308438
ELD,20191014,6.17,6.22,6,6.03,591666
ELD,20191015,6.05,6.16,6.03,6.12,368124
ELD,20191016,6.17,6.38,6.12,6.25,594672
ELD,20191017,6.25,6.32,6.21,6.29,228850
ELD,20191018,6.29,6.32,6.1,6.1,707026
ELD,20191021,6.12,6.17,6.05,6.08,278967
ELD,20191022,6.03,6.19,6.03,6.12,137446
ELD,20191023,6.12,6.13,5.945,5.99,419838
ELD,20191024,6.03,6.13,6.03,6.05,177983
ELD,20191025,6.1,6.1,5.96,5.98,180138
ELD,20191028,6.04,6.08,5.94,5.94,331803
ELD,20191029,6.02,6.05,5.88,5.95,2775905
ELD,20191030,5.89,5.97,5.67,5.9,934481
ELD,20191031,5.92,5.96,5.88,5.91,456097
ELD,20191101,5.88,5.96,5.82,5.87,739813
ELD,20191104,5.89,6.02,5.85,5.96,576225
ELD,20191105,6.01,6.085,5.95,6.04,638026
ELD,20191106,6.08,6.08,6.01,6.04,421929
ELD,20191107,6.07,6.15,6.03,6.12,1002423
ELD,20191108,6.14,6.17,6.04,6.06,940962
ELD,20191111,6.14,6.17,6.04,6.06,940962
ELD,20191112,6.42,6.56,6.28,6.55,1497771
ELD,20191113,6.55,6.65,6.495,6.6,974527
ELD,20191114,6.63,6.63,6.47,6.5,938294
ELD,20191115,6.56,6.6,6.44,6.6,884052
ELD,20191118,6.6,6.6,6.42,6.49,604617
ELD,20191119,6.53,6.63,6.45,6.58,725331
ELD,20191120,6.59,6.59,6.37,6.57,758824
ELD,20191121,6.6,6.7,6.51,6.68,534170
ELD,20191122,6.69,6.72,6.61,6.69,509473
ELD,20191125,6.75,6.75,6.61,6.63,248203
ELD,20191126,6.6,6.65,6.54,6.57,310557
ELD,20191127,6.57,6.615,6.44,6.6,622585
ELD,20191128,6.58,6.64,6.49,6.49,268072
ELD,20191129,6.58,6.58,6.4,6.45,292539
ELD,20191202,6.53,6.54,6.42,6.47,295147
ELD,20191203,6.4,6.4,6.28,6.31,559583
ELD,20191204,6.14,6.3,6.14,6.24,487854
ELD,20191205,6.23,6.37,6.19,6.31,331964
ELD,20191206,6.31,6.39,6.28,6.32,190937
ELD,20191209,6.4,6.4,6.27,6.36,501992
ELD,20191210,6.32,6.41,6.23,6.27,377988
ELD,20191211,6.37,6.38,6.24,6.37,519435
ELD,20191212,6.37,6.37,6.24,6.34,376927
ELD,20191213,6.4,6.61,6.33,6.46,601840
ELD,20191216,6.49,6.51,6.37,6.4,547655
ELD,20191217,6.4,6.4,6.3,6.36,703302
ELD,20191218,6.37,6.52,6.32,6.44,445578
ELD,20191219,6.46,6.49,6.39,6.42,508144
ELD,20191220,6.38,6.44,6.38,6.42,752294
ELD,20191223,6.39,6.585,6.37,6.56,324918
ELD,20191224,6.51,6.58,6.4,6.4,261415
ELD,20191227,6.43,6.47,6.37,6.45,157524
ELD,20191230,6.46,6.54,6.36,6.46,384488
ELD,20191231,6.44,6.47,6.37,6.47,298765
ELD,20200102,6.43,6.49,6.31,6.46,304090
ELD,20200103,6.48,6.61,6.44,6.48,537727
ELD,20200106,6.4,6.4,6.25,6.28,552572
ELD,20200107,6.25,6.29,6.065,6.17,1009562
ELD,20200108,6.2,6.25,6.06,6.09,401243
ELD,20200109,6.1,6.29,6.1,6.18,985526
ELD,20200113,6.29,6.36,6.24,6.27,294555
ELD,20200114,6.37,6.96,6.37,6.79,1682674
ELD,20200115,6.82,7.28,6.8,7.18,1142543
ELD,20200116,7.2,7.25,7.05,7.13,637237
ELD,20200117,7.15,7.19,7.05,7.1,1189712
ELD,20200120,7.2,7.26,7.15,7.22,414560
ELD,20200121,7.25,7.41,7.24,7.35,656339
ELD,20200122,7.4,7.45,7.27,7.35,569023
ELD,20200123,7.4,7.4,7.27,7.35,482162
ELD,20200124,7.35,7.42,7.28,7.37,533612
ELD,20200128,7.3,7.38,7.19,7.33,438602
ELD,20200129,7.34,7.38,7.25,7.28,343530
ELD,20200130,7.28,7.3,7.19,7.26,343256
ELD,20200203,7.18,7.56,7.18,7.47,559384
ELD,20200204,7.81,7.87,7.55,7.72,1474753
ELD,20200205,7.85,7.85,7.68,7.83,1112157
ELD,20200210,8.32,8.37,8.21,8.25,646551
ELD,20200211,8.3,8.32,8.11,8.2,610330
ELD,20200212,8.12,8.35,8.08,8.3,565616
ELD,20200213,8.35,8.38,8.25,8.32,741075
ELD,20200214,8.31,8.31,8.175,8.23,849155
ELD,20200217,8.2,8.24,8.11,8.15,343439
ELD,20200218,8.1,8.14,8.04,8.14,288882
ELD,20200219,8.1,8.19,8.09,8.19,258208
ELD,20200220,8.21,8.34,8.15,8.26,302990
ELD,20200221,8.3,8.3,8.14,8.14,143016
ELD,20200224,8.01,8.22,7.92,8.16,947703
ELD,20200225,7.94,8.16,7.9,8.15,1134563
ELD,20200226,7.9,8.17,7.9,8.15,761019
ELD,20200227,8.15,8.2,8.05,8.08,692680
ELD,20200228,7.9,7.98,7.72,7.74,2131489
ELD,20200302,7.68,7.69,7.4,7.53,1822920
ELD,20200303,7.5,7.85,7.5,7.78,832295
ELD,20200304,7.68,8.07,7.66,7.92,841414
ELD,20200305,8,8.61,8,8.59,1140370
ELD,20200306,8.64,8.93,8.56,8.81,1765195
ELD,20200309,8.62,8.79,8.37,8.42,2164252
ELD,20200310,8.25,8.76,8.1,8.72,2983692
ELD,20200311,8.66,8.78,8.38,8.5,1488900
ELD,20200312,8.5,8.6,7.85,8.03,1858041
ELD,20200313,7.6,8.17,7.26,8.17,3021200
ELD,20200316,7.87,8.08,7.43,7.6,2297851
ELD,20200317,7.41,8.17,7.4,8.17,2195989
ELD,20200318,7.87,8.43,7.77,8.12,1173394
ELD,20200319,8.13,8.17,7.5,7.62,1598885
ELD,20200320,7.62,7.88,7.41,7.62,1620125
ELD,20200323,7.31,7.49,7,7.31,1424534
ELD,20200324,7.4,7.75,7.29,7.57,1779501
ELD,20200325,7.83,7.96,7.08,7.31,753173
ELD,20200326,7.39,7.69,7.31,7.48,1289651
ELD,20200327,7.78,8,7.34,7.34,1403293
ELD,20200330,7.2,7.775,7.2,7.65,682650
ELD,20200331,7.79,8.25,7.44,7.52,1867975
ELD,20200401,7.46,7.86,7.46,7.86,1277731
ELD,20200402,7.7,8.24,7.61,8.05,1284561
ELD,20200403,8.11,8.35,8.08,8.25,969291
ELD,20200406,8.27,8.55,8.27,8.34,883601
ELD,20200407,8.38,8.39,8.01,8.12,1040953
ELD,20200408,8.07,8.26,7.91,8.14,1446996
ELD,20200409,8.13,8.28,8.03,8.22,2303619
ELD,20200414,8.24,8.6,8.16,8.57,729103
ELD,20200415,8.57,8.65,8.36,8.47,553982
ELD,20200416,8.34,8.55,8.26,8.48,690012
ELD,20200417,8.51,8.84,8.46,8.8,866300
ELD,20200420,8.79,8.82,8.52,8.68,627185
ELD,20200421,8.65,8.7,8.295,8.34,704860
ELD,20200422,8.16,8.33,8.16,8.3,426983
ELD,20200423,8.34,8.48,8.2,8.29,445424
ELD,20200424,8.24,8.54,8.24,8.45,614782
ELD,20200427,8.49,8.63,8.41,8.54,641656
ELD,20200428,8.54,8.74,8.45,8.57,798661
ELD,20200429,8.5,8.7,8.45,8.57,742867
ELD,20200430,8.69,8.7,8.545,8.67,701070
ELD,20200501,8.69,8.96,8.55,8.65,1197640
ELD,20200504,8.6,9.1,8.56,9.07,1141424
ELD,20200505,9.19,9.4,9.105,9.17,827057
ELD,20200506,9.1,9.215,9.01,9.06,613799
ELD,20200507,9.07,9.19,8.99,9.11,667069
ELD,20200508,9.15,9.28,9.07,9.22,1751620
ELD,20200511,9.28,9.57,9.17,9.47,1409826
ELD,20200512,9.55,9.65,8.82,9.25,2141585
ELD,20200513,8.96,9.12,8.84,9.05,900925
ELD,20200514,8.83,9.19,8.72,9.07,1115643
ELD,20200515,9.25,9.63,9.1,9.41,1583590
ELD,20200518,9.63,10.4,9.54,10.34,2030610
ELD,20200519,10.2,10.43,10.02,10.28,3196816
ELD,20200520,9.94,10.32,9.81,9.98,1419011
ELD,20200521,10.07,10.12,9.76,9.81,1248754
ELD,20200522,9.9,9.95,9.7,9.72,740671
ELD,20200525,9.73,9.95,9.63,9.63,641347
ELD,20200526,9.63,9.89,9.53,9.65,1619413
ELD,20200527,9.5,9.79,9.44,9.5,1042276
ELD,20200528,9.5,9.71,9.45,9.47,626788
ELD,20200529,9.5,9.99,9.32,9.95,1645849
ELD,20200601,9.92,9.97,9.65,9.86,1019670
ELD,20200602,9.76,9.98,9.69,9.94,869134
ELD,20200603,10,10.07,9.73,9.82,1079281
ELD,20200604,9.8,9.82,9.64,9.71,830205
ELD,20200605,9.58,9.67,9.38,9.53,1455739
ELD,20200609,9.45,9.52,9.18,9.44,1617971
ELD,20200610,9.47,9.68,9.42,9.5,1878212
ELD,20200611,9.35,9.56,9.25,9.33,1243663
ELD,20200612,9.25,9.49,9.22,9.4,891120
ELD,20200615,9.23,9.4,9.21,9.25,644477
ELD,20200616,9.44,9.55,9.34,9.48,825285
ELD,20200617,9.55,9.65,9.48,9.62,625827
ELD,20200618,9.58,9.66,9.39,9.41,716377
ELD,20200619,9.5,9.75,9.44,9.65,894120
ELD,20200622,9.59,9.86,9.51,9.79,442814
ELD,20200623,9.84,9.84,9.57,9.67,487953
ELD,20200624,9.75,9.79,9.5,9.59,473246
ELD,20200625,9.47,9.5,9.29,9.36,570752
ELD,20200626,9.35,9.4,9.24,9.34,360408
ELD,20200629,9.28,9.41,9.24,9.36,394902
ELD,20200630,9.52,9.61,9.375,9.42,697479
ELD,20200701,9.43,9.7,9.43,9.6,559823
ELD,20200702,9.63,10.2,9.54,10.15,790472
ELD,20200703,10.2,10.28,10.06,10.11,533503
ELD,20200706,10.15,10.18,10.06,10.06,402669
ELD,20200707,10.12,10.2,10,10.15,391493
ELD,20200708,10.15,10.24,9.87,9.93,822935
ELD,20200709,10.04,10.12,9.75,9.85,490428
ELD,20200710,9.85,9.98,9.66,9.81,436796
ELD,20200713,9.98,10.03,9.72,9.94,416225
ELD,20200714,9.86,10.29,9.81,10.21,1416185
ELD,20200715,10.4,10.6,10.17,10.52,1054997
ELD,20200716,10.59,10.59,10.16,10.25,353085
ELD,20200717,10.39,10.39,9.99,10.16,570169
ELD,20200720,10.25,10.27,9.89,10.07,387777
ELD,20200721,10.1,10.36,10.08,10.29,746039
ELD,20200722,10.39,10.39,10.08,10.16,398956
ELD,20200723,10.14,10.39,10.11,10.25,600221
ELD,20200724,10.25,10.61,10.2,10.54,1048098
ELD,20200727,10.54,10.68,10.39,10.56,760701
ELD,20200728,10.63,10.79,10.48,10.52,550959
ELD,20200729,10.58,10.78,10.36,10.59,1197345
ELD,20200730,10.55,10.67,10.39,10.5,725578
ELD,20200731,10.5,10.54,10.14,10.24,600537
ELD,20200803,10.49,10.6,10.23,10.23,655820
ELD,20200804,10.41,10.49,10.24,10.29,776948
ELD,20200805,10.17,10.395,10.01,10.29,729170
ELD,20200806,10.34,10.34,10.11,10.2,777405
ELD,20200807,10.18,10.25,10.03,10.12,368874
ELD,20200810,10.24,10.34,10.15,10.24,688623
ELD,20200811,10.3,10.45,10.15,10.21,535260
ELD,20200812,10.21,10.3,9.92,10,870823
ELD,20200813,10.08,10.18,9.98,10.1,717030
ELD,20200814,10.22,10.265,10.01,10.12,768221
ELD,20200817,10.07,10.23,10.07,10.2,413261
ELD,20200818,10.27,10.46,10.25,10.31,574354
ELD,20200819,10.4,10.58,10.28,10.36,799359
ELD,20200820,10.2,10.46,10.19,10.36,606828
ELD,20200821,10.54,10.55,10.23,10.26,407606
ELD,20200824,10.31,10.34,10.1,10.26,914068
ELD,20200825,10.35,10.35,10.14,10.18,672517
ELD,20200826,10.18,10.275,10.04,10.25,1369231
ELD,20200827,10.3,10.41,10.16,10.22,607377
ELD,20200828,10.21,10.34,9.99,10.12,726611
ELD,20200831,10.05,10.15,9.95,10.04,709120
ELD,20200901,9.99,10.07,9.83,9.99,650728
ELD,20200902,10.09,10.51,10.03,10.41,855439
ELD,20200903,10.48,10.54,10.34,10.54,648993
ELD,20200904,10.39,10.52,10.27,10.28,725994
ELD,20200907,10.15,10.32,10.02,10.17,560725
ELD,20200908,10.16,10.33,10.06,10.17,525146
ELD,20200909,10.02,10.1,9.88,9.94,946736
ELD,20200910,10.07,10.11,9.95,9.98,436352
ELD,20200911,9.94,10.06,9.92,10.04,564104
ELD,20200914,10.06,10.16,10.06,10.14,241811
ELD,20200915,10.08,10.19,10.07,10.17,707996
ELD,20200916,10.23,10.465,10.18,10.39,629399
ELD,20200917,10.39,10.44,10.1,10.21,750655
ELD,20200918,10.24,10.33,10.12,10.22,702793
ELD,20200921,10.3,10.31,10.17,10.3,296334
ELD,20200922,10.24,10.61,10.2,10.56,616600
ELD,20200923,10.6,11.165,10.55,10.99,1712440
ELD,20200924,10.89,10.9,10.69,10.75,424810
ELD,20200925,10.74,10.87,10.63,10.83,714578
ELD,20200928,11.03,11.18,10.785,10.85,535679
ELD,20200929,10.99,11,10.75,10.94,320729
ELD,20200930,10.81,11.08,10.78,10.85,720756
ELD,20201001,10.95,11.23,10.88,11.04,527831
ELD,20201002,11.05,11.15,10.88,10.91,655183
ELD,20201005,11.01,11.185,11.01,11.13,505217
ELD,20201006,11.21,11.31,11.08,11.27,685767
ELD,20201007,11.44,11.76,11.28,11.67,795492
ELD,20201008,11.77,11.8,11.59,11.65,780834
ELD,20201009,11.71,11.91,11.64,11.79,453269
ELD,20201012,11.82,11.93,11.76,11.8,593989
ELD,20201013,11.85,11.95,11.77,11.88,558421
ELD,20201014,11.86,12.06,11.83,12,642197
ELD,20201015,12.01,12.1,11.915,11.99,487173
ELD,20201016,11.96,12.1,11.845,11.91,349493
ELD,20201019,12.04,12.09,11.89,12.02,459303
ELD,20201020,12,12.11,11.93,12.07,492094
ELD,20201021,12.1,12.28,11.85,11.95,351392
ELD,20201022,11.8,11.85,11.59,11.79,590894
ELD,20201023,11.8,11.82,11.36,11.45,666341
ELD,20201026,11.51,11.63,11.38,11.4,909101
ELD,20201027,11.39,11.47,10.93,11,756956
ELD,20201028,10.97,11.41,10.9,11.41,1112307
ELD,20201029,11.35,11.42,11.2,11.4,416093
ELD,20201030,11.39,11.39,11.11,11.21,579806
ELD,20201102,11.15,11.21,10.85,11.07,420593
ELD,20201103,11.2,11.39,11.11,11.3,469584
ELD,20201104,11.25,11.39,11.22,11.3,609981
ELD,20201105,11.4,11.44,11.22,11.34,659846
ELD,20201106,11.46,11.53,11.32,11.35,366315
ELD,20201109,11.63,11.63,11.43,11.5,649633
ELD,20201110,11.55,11.58,11.12,11.24,658012
ELD,20201111,11.24,11.405,11.2,11.36,441908
ELD,20201112,11.51,11.57,11.35,11.38,250497
ELD,20201113,11.54,12.02,11.44,11.87,930470
ELD,20201116,12,12,11.63,11.88,148660
ELD,20201117,12.02,12.18,11.36,11.5,1852064
ELD,20201118,11.5,11.53,11.33,11.5,1720372
ELD,20201120,10.98,11.19,10.93,11.03,899149
ELD,20201123,11.08,11.1,10.79,10.8,1048685
ELD,20201124,10.77,10.77,10.33,10.58,1703801
ELD,20201125,10.52,10.57,10.27,10.38,1110414
ELD,20201126,10.45,10.56,10.345,10.42,740572
ELD,20201127,10.35,10.44,10.28,10.3,443304
ELD,20201130,10.25,10.48,10.24,10.48,1301409
ELD,20201201,10.8,11.1,10.68,10.98,1519184
ELD,20201202,11.08,11.125,10.71,10.71,1077678
ELD,20201203,10.73,10.79,10.36,10.44,746622
ELD,20201204,10.44,10.63,10.22,10.31,696930
ELD,20201207,10.14,10.25,9.99,10.18,1414674
ELD,20201208,10.3,10.6,10.21,10.29,954934
ELD,20201209,10.38,10.44,10.19,10.25,632208
ELD,20201210,10.33,10.35,10.22,10.27,1182326
ELD,20201211,10.26,10.33,9.985,10,565899
ELD,20201214,10.02,10.085,9.91,10.04,319806
ELD,20201215,10.08,10.13,9.9,10.02,1109839
ELD,20201216,10.08,10.09,9.91,9.94,528156
ELD,20201217,9.97,10.01,9.84,9.89,556720
ELD,20201218,10,10.11,9.98,10.05,723908
ELD,20201221,10.1,10.1,9.84,9.9,855944
ELD,20201222,9.91,9.96,9.69,9.89,596578
ELD,20201224,9.72,9.72,9.72,9.72,0
ELD,20201229,9.94,10,9.69,9.83,420789
ELD,20201230,9.81,9.93,9.69,9.85,721125
ELD,20201231,9.85,9.955,9.79,9.86,307266
ELD,20210104,9.95,10.07,9.87,10,370582
ELD,20210105,9.98,10.35,9.88,10.29,884914
ELD,20210106,10.29,10.32,9.955,10,775221
ELD,20210107,10.17,10.28,10,10.19,1842601
ELD,20210108,10.3,10.72,10.28,10.66,955958
ELD,20210111,10.66,10.78,10.375,10.52,696381
ELD,20210112,10.72,10.82,10.51,10.69,2007801
ELD,20210113,10.69,10.73,10.435,10.5,1506056
ELD,20210114,10.5,10.65,10.3,10.56,303866
ELD,20210115,10.8,10.92,10.56,10.71,817064
ELD,20210118,10.71,10.9,10.62,10.7,507058
ELD,20210119,10.82,11.18,10.77,11.12,902104
ELD,20210120,11.25,11.26,10.87,11.05,1192944
ELD,20210121,11.06,11.12,10.67,10.7,637417
ELD,20210122,10.95,10.95,10.6,10.62,406162
ELD,20210125,10.6,10.81,10.6,10.7,385105
ELD,20210127,10.72,10.895,10.47,10.66,520364
ELD,20210128,10.5,10.56,10.36,10.45,566424
ELD,20210129,10.73,10.76,10.56,10.64,756643
ELD,20210201,10.6,11.17,10.36,11.13,1765096
ELD,20210203,10.99,11.11,10.8,11.08,598077
ELD,20210204,11.04,11.165,11,11,424868
ELD,20210205,11.05,11.2,11.01,11.05,447516
ELD,20210208,11,11.24,11,11.2,399500
ELD,20210209,11.2,11.47,11.2,11.39,531706
ELD,20210210,11.42,11.58,11.31,11.53,653691
ELD,20210211,11.5,11.65,11.38,11.4,758429
ELD,20210212,11.36,11.44,11.23,11.32,474561
ELD,20210215,11.35,11.47,11.25,11.39,494373
ELD,20210216,11.44,11.44,11.215,11.33,421889
ELD,20210217,11.35,11.39,11.06,11.11,633034
ELD,20210218,11.13,11.37,11.04,11.2,669966
ELD,20210219,11.17,11.26,11.07,11.14,524583
ELD,20210222,10.97,11.24,10.83,11.16,1001914
ELD,20210223,11.2,11.44,11.14,11.19,636582
ELD,20210224,11.19,11.38,11.09,11.18,459015
ELD,20210225,11.15,11.395,10.95,11.23,1040423
ELD,20210226,11,11.33,10.98,11.26,1055805
ELD,20210301,11.17,11.53,11.17,11.45,732913
ELD,20210302,11.45,11.68,11.45,11.51,396206
ELD,20210303,11.6,11.96,11.59,11.87,746144
ELD,20210304,11.87,11.92,11.56,11.68,697727
ELD,20210305,11.65,11.65,11.42,11.53,436511
ELD,20210308,11.8,12.09,11.72,11.78,938808
ELD,20210309,11.85,12.05,11.81,11.93,794029
ELD,20210310,12.07,12.15,11.92,11.98,821137
ELD,20210311,12.07,12.15,11.92,11.98,821137
ELD,20210312,11.95,11.98,11.825,11.89,389264
ELD,20210315,11.95,11.98,11.71,11.9,389252
ELD,20210316,11.98,12.17,11.82,12.05,846970
ELD,20210317,12.1,12.43,12.1,12.4,663441
ELD,20210318,12.4,12.44,12.24,12.28,1133795
ELD,20210319,12.24,12.49,12.12,12.36,681211
ELD,20210322,12.42,12.81,12.42,12.54,605291
ELD,20210323,12.6,12.73,12.41,12.49,606510
ELD,20210324,12.5,12.64,12.5,12.57,843887
ELD,20210325,12.51,12.59,12.29,12.36,466980
ELD,20210329,12.55,12.65,12.37,12.39,345586
ELD,20210330,12.45,12.54,12.31,12.34,358706
ELD,20210331,12.3,12.68,12.3,12.43,922943
ELD,20210401,12.43,12.63,12.16,12.58,604200
ELD,20210406,12.65,12.67,12.485,12.52,395428
ELD,20210407,12.5,12.68,12.35,12.5,756731
ELD,20210408,12.38,12.52,12.31,12.4,294241
ELD,20210409,12.37,12.57,12.23,12.53,572550
ELD,20210412,12.51,12.59,12.45,12.52,185793
ELD,20210413,12.6,12.68,12.52,12.59,350115
ELD,20210414,12.59,12.86,12.59,12.75,778075
ELD,20210415,12.74,12.74,12.53,12.63,853232
ELD,20210416,12.77,12.77,12.5,12.65,224175
ELD,20210419,12.72,12.73,12.55,12.6,402531
ELD,20210420,12.59,12.59,12.37,12.4,337074
ELD,20210421,12.29,12.575,12.22,12.54,468828
ELD,20210422,12.5,12.58,12.37,12.58,397390
ELD,20210423,12.36,12.48,12.29,12.38,302840
ELD,20210426,12.31,12.38,12.1,12.33,246693
ELD,20210427,12.25,12.29,12.11,12.25,325651
ELD,20210428,12.3,12.38,12.205,12.26,433972
ELD,20210429,12.3,12.3,12.06,12.27,283538
ELD,20210430,12.3,12.32,12.11,12.17,239326
ELD,20210503,12.1,12.27,11.96,12.02,275740
ELD,20210504,11.95,11.97,10.76,11.8,1189435
ELD,20210505,11.69,11.96,11.69,11.89,609283
ELD,20210506,11.66,11.9,11.46,11.61,663683
ELD,20210507,11.54,11.62,11.45,11.58,571509
ELD,20210510,11.61,11.72,11.475,11.67,864011
ELD,20210511,11.66,11.72,11.47,11.58,529208
ELD,20210512,11.6,12.11,11.59,11.79,832521
ELD,20210513,11.8,12.22,11.78,12.12,624186
ELD,20210514,12.3,12.45,12.18,12.23,834706
ELD,20210517,12.44,12.47,11.57,11.81,1381060
ELD,20210518,11.87,11.97,11.42,11.78,1180872
ELD,20210519,11.66,11.835,11.64,11.71,724840
ELD,20210520,11.76,11.86,11.29,11.33,1494480
ELD,20210521,11.4,11.4,11,11.28,727892
ELD,20210524,11.1,11.1,10.87,11.01,626456
ELD,20210525,11.18,11.35,11.01,11.3,1080344
ELD,20210526,11.35,11.39,11.19,11.25,364065
ELD,20210527,11.18,11.23,11,11.08,475264
ELD,20210528,11.3,11.3,11.005,11.16,450020
ELD,20210531,11.21,11.23,11.07,11.19,354646
ELD,20210601,11.14,11.14,10.82,11.03,540361
ELD,20210602,11.13,11.38,10.97,11.33,588897
ELD,20210603,11.35,11.45,11.09,11.15,547430
ELD,20210604,11.22,11.23,10.94,11.18,521096
ELD,20210607,11,11.21,10.95,11.14,405335
ELD,20210609,11.25,11.4,11.04,11.14,516334
ELD,20210610,11.11,11.575,11.1,11.49,772782
ELD,20210611,11.64,11.65,11.4,11.55,404233
ELD,20210615,11.56,11.65,11.5,11.62,479239
ELD,20210616,11.73,11.99,11.68,11.89,896622
ELD,20210617,11.8,11.85,11.62,11.78,488657
ELD,20210618,11.8,11.8,11.64,11.71,504414
ELD,20210621,11.67,11.86,11.66,11.77,547189
ELD,20210622,11.83,11.9,11.65,11.75,471021
ELD,20210623,11.7,11.85,11.6,11.75,538338
ELD,20210625,11.93,12,11.8,11.84,634006
ELD,20210628,11.85,11.88,11.655,11.71,225831
ELD,20210629,11.74,11.79,11.44,11.49,333975
ELD,20210630,11.57,11.73,11.45,11.55,591279
ELD,20210701,11.65,11.7,11.4,11.42,378986
ELD,20210705,11.41,11.47,11.28,11.29,429811
ELD,20210706,11.29,11.335,11.105,11.13,297471
ELD,20210707,11.09,11.24,10.965,11.16,358136
ELD,20210708,11.16,11.285,11.11,11.16,661709
ELD,20210709,11.02,11.06,10.82,11,653763
ELD,20210712,11.09,11.13,10.87,10.97,707583
ELD,20210714,11.07,11.32,11.04,11.18,452009
ELD,20210715,11.18,11.27,11.1,11.12,336698
ELD,20210716,11.07,11.07,10.95,11.02,546307
ELD,20210719,11.05,11.38,10.97,11.32,628786
ELD,20210720,11.39,11.73,11.3,11.68,808837
ELD,20210723,11.4,11.44,11.3,11.38,483172
ELD,20210726,11.41,11.54,11.36,11.51,347378
ELD,20210727,11.5,11.61,11.37,11.51,507580
ELD,20210728,11.58,11.58,11.36,11.45,532595
ELD,20210729,11.44,11.63,11.4,11.43,374461
ELD,20210730,11.41,11.46,11.31,11.32,496507
ELD,20210802,11.28,11.45,11.28,11.39,318540
ELD,20210803,11.35,11.55,11.35,11.44,467176
ELD,20210804,11.39,11.56,11.38,11.4,471290
ELD,20210805,11.29,11.5,11.29,11.48,288581
ELD,20210806,11.44,11.53,11.38,11.44,284030
ELD,20210809,11.5,11.53,11.29,11.34,419476
ELD,20210810,11.4,11.53,11.34,11.52,184416
ELD,20210811,11.5,11.64,11.49,11.58,555834
ELD,20210812,11.75,12.15,11.75,11.99,740252
ELD,20210813,12.01,12.11,11.895,12,623799
ELD,20210819,12.13,12.35,12.07,12.22,453232
ELD,20210820,12.4,12.45,12.28,12.29,428662
ELD,20210823,12.34,12.44,12.24,12.31,358217
ELD,20210824,12.3,12.42,12.21,12.23,293130
ELD,20210825,12.25,12.29,12.07,12.17,485553
ELD,20210826,12.2,12.35,12.09,12.27,692138
ELD,20210827,12.23,12.28,12.05,12.19,458361
ELD,20210830,12.15,12.22,12.07,12.15,505084
ELD,20210831,12.16,12.38,12.14,12.21,532527
ELD,20210901,12.16,12.16,11.82,11.84,900132
ELD,20210902,11.84,11.9,11.53,11.6,807980
ELD,20210903,11.75,11.94,11.74,11.79,518564
ELD,20210906,11.5,11.91,11.33,11.8,572505
ELD,20210907,12,12.04,11.69,11.81,472366
ELD,20210908,11.55,11.88,11.55,11.85,396233
ELD,20210909,11.87,11.96,11.79,11.9,363933
ELD,20210910,11.98,12.05,11.91,11.99,325578
ELD,20210913,12.15,12.19,12.07,12.18,333089
ELD,20210914,12.15,12.26,11.82,11.94,757642
ELD,20210915,12.02,12.5,11.92,12.5,944752
ELD,20210916,12.54,12.68,12.49,12.505,460525
ELD,20210917,12.55,12.55,12.34,12.48,431328
ELD,20210920,12.44,12.48,12.14,12.16,200622
ELD,20210922,12.15,12.28,12,12.1,404507
ELD,20210923,12.33,12.33,12.08,12.21,376548
ELD,20210924,12.15,12.19,12.02,12.15,224909
ELD,20210927,12.18,12.31,12,12.25,232680
ELD,20210928,12.06,12.19,11.97,12.02,766921
ELD,20210929,11.9,11.98,11.82,11.91,572255
ELD,20210930,12.02,12.23,12.01,12.23,593516
ELD,20211001,12.1,12.31,11.99,12.06,676172
ELD,20211004,12.3,12.35,12.1,12.2,242853
ELD,20211005,12.02,12.27,12.02,12.25,603891
ELD,20211006,12.2,12.43,12.09,12.13,477806
ELD,20211007,12.14,12.23,11.97,12,608061
ELD,20211008,12,12.23,11.98,12.19,361401
ELD,20211011,12.05,12.18,12.05,12.14,148994
ELD,20211012,12.05,12.18,12.05,12.17,243756
ELD,20211013,12.3,12.505,12.25,12.49,443816
ELD,20211014,12.5,12.63,12.31,12.32,792560
ELD,20211019,11.59,11.62,11.31,11.31,1195390
ELD,20211020,11.32,11.435,11.19,11.4,1114783
ELD,20211021,11.44,11.45,11.2,11.36,1202935
ELD,20211022,11.37,11.57,11.36,11.46,688749
ELD,20211025,11.55,11.72,11.52,11.7,667580
ELD,20211026,11.7,11.8,11.64,11.78,661104
ELD,20211028,12.05,12.185,11.99,12.13,455410
ELD,20211029,12.07,12.1,11.92,12.03,661938
ELD,20211101,12.1,12.32,12.06,12.1,412141
ELD,20211102,12.07,12.21,12.06,12.15,154255
ELD,20211103,12.27,12.36,12.18,12.3,372023
ELD,20211104,12.14,12.28,12.14,12.26,780233
ELD,20211105,12.28,12.44,12.19,12.44,691154
ELD,20211109,12.06,12.4,12.03,12.29,370928
ELD,20211110,12.02,12.35,12.02,12.17,468959
ELD,20211112,12.1,12.225,12.01,12.1,495888
ELD,20211115,12.3,12.53,11.85,12,832328
ELD,20211116,12.02,12.05,11.75,11.77,939586
ELD,20211117,11.9,12,11.6,11.67,584536
ELD,20211118,11.85,11.94,11.69,11.89,1306768
ELD,20211119,11.94,11.95,11.75,11.79,491330
ELD,20211122,11.66,11.66,11.44,11.6,403996
ELD,20211123,11.78,11.78,11.45,11.52,394520
ELD,20211124,11.5,11.66,11.48,11.52,941327
ELD,20211125,11.55,11.56,11.29,11.35,525382
ELD,20211126,11.49,11.6,11.35,11.38,527802
ELD,20211129,11.33,11.42,11.215,11.33,329509
ELD,20211130,11.12,11.36,11.05,11.21,642748
ELD,20211201,11.19,11.46,11.09,11.43,732273
ELD,20211202,11.34,11.45,11.18,11.2,418081
ELD,20211203,11.44,11.44,11.1,11.15,491195
ELD,20211206,11.29,11.35,11.18,11.21,583332
ELD,20211207,11.34,11.41,11.19,11.38,434479
ELD,20211208,11.3,11.48,11.26,11.45,748498
ELD,20211209,11.5,11.71,11.45,11.55,487852
ELD,20211210,11.44,11.46,11.19,11.33,696405
ELD,20211213,11.39,11.47,11.37,11.41,163329
ELD,20211214,11.49,11.65,11.37,11.65,483303
ELD,20211216,11.52,11.66,11.46,11.54,541598
ELD,20211217,11.65,11.92,11.65,11.71,663724
ELD,20211220,11.69,12.09,11.61,11.99,1184658
ELD,20211221,12,12.18,11.92,12,382106
ELD,20211222,12.03,12.27,11.96,12.24,777198
ELD,20211223,12.24,12.24,11.97,12.08,208499
ELD,20211224,12.2,12.2,11.98,12.1,147926
ELD,20211229,12.1,12.3,12.05,12.28,625681
ELD,20211230,12.3,12.35,12.2,12.34,208614
ELD,20211231,12.13,12.29,12.13,12.26,246206
ELD,20220104,12.21,12.45,12.2,12.38,443517
ELD,20220105,12.4,12.55,12.27,12.54,528485
ELD,20220106,12.4,12.51,12.26,12.31,355556
ELD,20220107,12.46,12.52,12.37,12.42,215459
ELD,20220110,12.37,12.44,12.27,12.35,134281
ELD,20220111,12.21,12.28,12.05,12.17,243279
ELD,20220112,12.24,12.24,12.03,12.1,253273
ELD,20220113,12.06,12.22,12.06,12.12,351529
ELD,20220114,12.1,12.21,12.03,12.03,251412
ELD,20220117,12.03,12.07,11.88,11.96,256655
ELD,20220118,11.94,12.01,11.78,11.8,376981
ELD,20220119,11.75,11.965,11.72,11.9,293012
ELD,20220120,11.76,11.78,11.5,11.52,435121
ELD,20220121,11.48,11.57,11.33,11.45,381090
ELD,20220124,11.44,11.66,11.3,11.5,292256
ELD,20220125,11.33,11.385,11.01,11.16,590457
ELD,20220127,11.3,11.3,10.73,10.84,947946
ELD,20220128,11.12,11.15,10.78,11.02,1153743
ELD,20220131,11.05,11.12,10.85,10.9,199500
ELD,20220201,10.9,11.18,10.89,11.08,338724
ELD,20220202,11.1,11.21,11.04,11.12,402342
ELD,20220203,11.02,11.1,10.93,11.03,247814
ELD,20220204,10.94,11.14,10.9,11.14,416229
ELD,20220207,11.3,11.86,11.3,11.72,1213397
ELD,20220208,11.6,11.76,11.55,11.7,671625
ELD,20220209,11.71,11.86,11.69,11.86,527966
ELD,20220210,11.86,11.94,11.78,11.82,243754
ELD,20220211,11.66,11.81,11.66,11.73,548209
ELD,20220214,11.64,11.8,11.565,11.71,258398
ELD,20220215,11.54,11.73,11.5,11.62,235532
ELD,20220216,11.83,11.84,11.72,11.73,350476
ELD,20220217,11.75,12.015,11.75,11.9,453496
ELD,20220218,11.71,11.88,11.7,11.72,731878
ELD,20220221,11.68,11.93,11.62,11.86,433343
ELD,20220222,11.62,11.85,11.62,11.72,338773
ELD,20220223,11.72,11.88,11.67,11.78,292955
ELD,20220224,11.62,11.69,11.21,11.36,953573
ELD,20220225,11.2,11.4,11.12,11.35,814459
ELD,20220228,11.34,11.61,11.34,11.57,589027
ELD,20220301,11.6,11.82,11.58,11.65,363006
ELD,20220302,11.5,11.755,11.41,11.74,697205
ELD,20220303,11.8,12.04,11.76,11.88,688265
ELD,20220304,11.86,12.085,11.81,12.02,604580
ELD,20220307,12.19,12.34,12,12.22,960807
ELD,20220308,12.4,12.41,12.04,12.04,679615
ELD,20220309,11.96,12.01,11.81,11.94,353733
ELD,20220310,11.94,12.18,11.9,12.04,305087
ELD,20220311,12,12.2,11.95,12,632235
ELD,20220314,12.8,13.57,12.61,13.32,2127542
ELD,20220315,13.46,13.57,13.18,13.29,3458135
ELD,20220316,0,0,0,0,0
ELD,20220317,13.27,13.89,13.21,13.89,1781769
ELD,20220318,13.78,13.99,13.44,13.65,1141306
ELD,20220321,13.74,13.76,13.22,13.3,761246
ELD,20220322,13.53,13.59,13.405,13.49,458450
ELD,20220323,13.6,13.6,13.43,13.46,293853
ELD,20220324,13.51,13.55,13.335,13.43,385646
ELD,20220325,13.34,13.49,13.33,13.38,185247
ELD,20220328,13.5,13.63,13.42,13.42,283538
ELD,20220329,13.64,13.65,13.47,13.51,603546
ELD,20220330,13.48,13.48,13.22,13.29,550003
ELD,20220331,13.22,13.52,13.2,13.38,710011
ELD,20220401,13.4,13.48,13.17,13.27,383105
ELD,20220404,13.3,13.34,13.12,13.15,336724
ELD,20220405,13.07,13.19,13,13.06,377471
ELD,20220406,12.96,13.12,12.93,13.07,460125
ELD,20220407,13.02,13.23,12.96,13.03,457518
ELD,20220408,13.35,13.43,13,13.09,912967
ELD,20220411,13.1,13.525,13.1,13.35,556353
ELD,20220412,13.49,13.75,13.39,13.73,612388
ELD,20220413,13.75,14.185,13.75,14.01,564616
ELD,20220414,14,14.21,13.92,14.19,603115
ELD,20220419,14.2,14.35,14.15,14.32,598952
ELD,20220420,14.41,14.64,14.38,14.59,573282
ELD,20220421,14.41,14.64,14.38,14.59,573282
ELD,20220422,14.75,14.75,14.25,14.39,527487
ELD,20220426,14.2,14.51,14.2,14.33,483589
ELD,20220427,14.2,14.32,13.98,14.09,538128
ELD,20220428,14.06,14.25,14.04,14.11,525713
ELD,20220429,14.5,14.5,14.12,14.28,426371
ELD,20220502,14.1,14.34,14.03,14.08,237245
ELD,20220503,14,14.24,14,14.1,514871
ELD,20220504,14.33,14.365,14.08,14.18,281856
ELD,20220505,14.18,14.43,14.18,14.3,415060
ELD,20220506,14.4,14.4,14.035,14.21,355565
ELD,20220509,14.09,14.09,13.89,14.04,337143
ELD,20220510,13.96,14.15,13.74,14.12,655450
ELD,20220511,13.98,14.12,13.93,14.12,468221
ELD,20220512,14.02,14.22,13.85,13.88,476804
ELD,20220513,13.8,14.09,13.8,14,341802
ELD,20220516,14.35,14.44,13.9,14.01,721751
ELD,20220517,13.89,14.11,13.89,14,599146
ELD,20220518,14.08,14.12,13.9,13.94,446099
ELD,20220519,13.9,13.97,13.73,13.92,569805
ELD,20220520,13.81,14.07,13.54,13.7,785490
ELD,20220523,14.35,15.32,14.3,14.92,2042378
ELD,20220524,15.12,15.3,14.63,14.66,1006204
ELD,20220525,14.7,14.74,13.76,13.89,1141804
ELD,20220526,13.8,13.87,13.23,13.38,1724567
ELD,20220527,13.56,13.68,13.41,13.53,679837
ELD,20220530,13.47,13.47,13.075,13.16,577436
ELD,20220531,13.25,13.61,13.23,13.35,1136364
ELD,20220601,13.31,13.43,13.23,13.43,557916
ELD,20220602,13.18,13.5,13.09,13.24,618745
ELD,20220603,13.31,13.37,13.21,13.31,460654
ELD,20220606,13.4,13.46,13.27,13.35,588274
ELD,20220607,13.29,13.35,12.985,13.11,725302
ELD,20220608,13.19,13.51,13.19,13.48,813435
ELD,20220609,13.38,13.44,12.96,13.1,705781
ELD,20220610,13.11,13.11,12.84,12.92,346893
ELD,20220614,12.44,12.66,12.32,12.46,680985
ELD,20220615,12.5,12.94,12.5,12.7,742548
ELD,20220616,12.74,12.83,12.64,12.72,588451
ELD,20220617,12.67,12.96,12.54,12.96,1369930
ELD,20220620,13.06,13.06,12.4,12.4,465687
ELD,20220621,12.38,12.79,12.37,12.79,800075
ELD,20220622,12.68,12.825,12.41,12.49,494631
ELD,20220623,12.48,12.79,12.46,12.61,566797
ELD,20220624,12.54,12.58,12.32,12.43,460446
ELD,20220627,12.64,12.66,12.48,12.58,374574
ELD,20220628,12.6,12.92,12.6,12.92,575079
ELD,20220629,12.96,12.97,12.52,12.59,692410
ELD,20220630,12.65,12.8,12.59,12.59,456634
ELD,20220701,12.63,12.78,12.57,12.59,486701
ELD,20220704,12.85,13.085,12.845,12.95,715109
ELD,20220705,12.95,13.04,12.75,12.93,326803
ELD,20220706,12.98,13.09,12.74,12.82,744982
ELD,20220707,12.76,12.82,12.36,12.43,716978
ELD,20220708,12.41,12.68,12.34,12.59,608177
ELD,20220711,12.71,12.725,12.21,12.3,447631
ELD,20220712,12.54,12.55,12.2,12.31,567532
ELD,20220713,12.15,12.28,12.02,12.1,628352
ELD,20220714,12.15,12.26,11.99,12.11,947284
ELD,20220715,12.12,12.33,11.88,11.91,394153
ELD,20220718,12.05,12.07,11.84,11.99,479693
ELD,20220719,12.18,12.18,11.82,12,499843
ELD,20220720,12.08,12.56,11.91,11.96,1926067
ELD,20220721,12,12.21,11.43,11.72,1642790
ELD,20220722,11.6,11.67,11.22,11.5,1176169
ELD,20220725,11.51,11.58,11.29,11.33,311762
ELD,20220726,11.33,11.51,11.22,11.38,587951
ELD,20220727,11.3,11.37,11.24,11.27,344602
ELD,20220728,11.27,11.46,11.12,11.26,747742
ELD,20220729,11.14,11.36,11.04,11.28,661774
ELD,20220801,11.36,11.83,11.32,11.75,717958
ELD,20220802,11.71,11.78,11.49,11.61,604647
ELD,20220803,11.55,11.67,11.45,11.61,592216
ELD,20220805,11.67,12.03,11.56,12,620728
ELD,20220808,11.99,12.04,11.73,12.01,895628
ELD,20220809,12,12.15,11.87,11.92,721966
ELD,20220810,11.91,12.37,11.87,12.31,847007
ELD,20220811,12.37,12.38,11.99,12.09,670689
ELD,20220812,11.96,12.27,11.9,12.22,819793
ELD,20220815,12.05,12.2,12,12.13,463610
ELD,20220816,12.37,12.37,11.47,11.64,1292041
ELD,20220817,11.7,11.88,11.58,11.88,565414
ELD,20220818,11.86,11.94,11.74,11.84,553040
ELD,20220819,11.95,12,11.75,11.83,458540
ELD,20220822,11.73,11.86,11.63,11.76,466066
ELD,20220823,11.55,11.635,11.36,11.36,876752
ELD,20220824,11.5,11.6,11.125,11.54,916741
ELD,20220825,11.52,11.85,11.43,11.8,530675
ELD,20220826,11.8,12.14,11.71,11.95,698429
ELD,20220829,11.78,11.88,11.7,11.83,497921
ELD,20220830,11.86,11.89,11.75,11.82,424116
ELD,20220831,11.75,11.86,11.54,11.58,944980
ELD,20220901,11.67,11.8,11.48,11.66,558525
ELD,20220902,11.62,11.71,11.56,11.63,332493
ELD,20220905,11.74,11.75,11.5,11.52,209859
ELD,20220906,11.54,11.75,11.43,11.48,490758
ELD,20220907,11.4,11.8,11.34,11.8,1119141
ELD,20220909,12.25,12.34,12.08,12.28,776503
ELD,20220912,12.45,12.83,12.4,12.77,1019644
ELD,20220913,13,13.28,12.93,13.06,1023747
ELD,20220914,12.79,12.95,12.62,12.73,850348
ELD,20220915,12.93,12.96,12.67,12.77,847384
ELD,20220916,12.5,12.69,12.33,12.37,446874
