ELS,20170608,0.15,0.16,0.14,0.145,1652000
ELS,20170609,0.145,0.155,0.14,0.15,459400
ELS,20170613,0.155,0.175,0.155,0.175,800716
ELS,20170614,0.175,0.18,0.17,0.175,116413
ELS,20170615,0.175,0.195,0.175,0.19,444527
ELS,20170616,0.195,0.2,0.18,0.2,232563
ELS,20170619,0.195,0.195,0.18,0.18,177500
ELS,20170620,0.185,0.185,0.185,0.185,162000
ELS,20170621,0.18,0.18,0.165,0.165,112140
ELS,20170622,0.17,0.17,0.165,0.165,93000
ELS,20170623,0.165,0.165,0.15,0.15,114204
ELS,20170626,0.155,0.16,0.15,0.16,115000
ELS,20170627,0.16,0.16,0.16,0.16,0
ELS,20170628,0.16,0.16,0.16,0.16,25000
ELS,20170629,0.155,0.165,0.155,0.165,43681
ELS,20170630,0.16,0.16,0.16,0.16,20000
ELS,20170703,0.165,0.165,0.16,0.16,130278
ELS,20170704,0.16,0.16,0.15,0.15,66848
ELS,20170705,0.145,0.16,0.145,0.155,194062
ELS,20170706,0.155,0.155,0.155,0.155,0
ELS,20170707,0.15,0.15,0.15,0.15,127116
ELS,20170710,0.15,0.15,0.15,0.15,50000
ELS,20170711,0.15,0.15,0.15,0.15,27600
ELS,20170712,0.15,0.15,0.15,0.15,32400
ELS,20170713,0.15,0.15,0.145,0.145,26000
ELS,20170714,0.145,0.145,0.145,0.145,0
ELS,20170717,0.145,0.145,0.145,0.145,0
ELS,20170718,0.145,0.145,0.145,0.145,28669
ELS,20170719,0.145,0.145,0.145,0.145,25000
ELS,20170720,0.145,0.145,0.14,0.14,23640
ELS,20170721,0.145,0.145,0.145,0.145,30000
ELS,20170724,0.145,0.145,0.145,0.145,0
ELS,20170725,0.135,0.135,0.135,0.135,10000
ELS,20170726,0.135,0.135,0.135,0.135,0
ELS,20170727,0.145,0.15,0.145,0.15,15000
ELS,20170728,0.15,0.15,0.15,0.15,0
ELS,20170731,0.15,0.155,0.15,0.155,10000
ELS,20170801,0.155,0.175,0.155,0.175,100000
ELS,20170802,0.17,0.195,0.17,0.19,483809
ELS,20170803,0.19,0.205,0.19,0.19,487251
ELS,20170804,0.195,0.2,0.19,0.19,308657
ELS,20170807,0.19,0.19,0.19,0.19,0
ELS,20170808,0.19,0.19,0.19,0.19,0
ELS,20170809,0.19,0.19,0.19,0.19,0
ELS,20170810,0.21,0.215,0.195,0.2,1029844
ELS,20170811,0.2,0.2,0.185,0.185,252999
ELS,20170815,0.18,0.185,0.18,0.185,32500
ELS,20170816,0.18,0.18,0.18,0.18,49262
ELS,20170817,0.18,0.18,0.18,0.18,0
ELS,20170818,0.18,0.18,0.18,0.18,0
ELS,20170821,0.17,0.175,0.17,0.17,85000
ELS,20170822,0.17,0.185,0.17,0.185,530814
ELS,20170823,0.19,0.19,0.19,0.19,28131
ELS,20170824,0.18,0.18,0.18,0.18,74500
ELS,20170825,0.18,0.18,0.18,0.18,0
ELS,20170828,0.185,0.19,0.185,0.19,106541
ELS,20170829,0.19,0.24,0.19,0.21,581186
ELS,20170830,0.21,0.22,0.2,0.2,154000
ELS,20170831,0.21,0.21,0.2,0.2,75000
ELS,20170901,0.2,0.21,0.2,0.21,104380
ELS,20170904,0.205,0.22,0.205,0.22,195386
ELS,20170905,0.23,0.25,0.23,0.25,504081
ELS,20170906,0.24,0.29,0.235,0.29,848479
ELS,20170907,0.29,0.32,0.285,0.3,1368408
ELS,20170908,0.305,0.305,0.285,0.305,122213
ELS,20170911,0.3,0.3,0.3,0.3,70000
ELS,20170912,0.285,0.3,0.27,0.27,196511
ELS,20170913,0.27,0.28,0.27,0.28,30000
ELS,20170914,0.28,0.285,0.275,0.275,23100
ELS,20170915,0.275,0.29,0.275,0.28,113763
ELS,20170918,0.28,0.29,0.28,0.285,100114
ELS,20170919,0.285,0.285,0.275,0.28,77635
ELS,20170920,0.27,0.285,0.265,0.27,280981
ELS,20170921,0.28,0.285,0.27,0.27,37223
ELS,20170922,0.275,0.29,0.275,0.29,138583
ELS,20170925,0.295,0.3,0.29,0.3,213851
ELS,20170926,0.29,0.29,0.275,0.28,217464
ELS,20170927,0.285,0.295,0.28,0.29,167447
ELS,20170928,0.285,0.295,0.27,0.295,238079
ELS,20170929,0.29,0.32,0.29,0.305,807638
ELS,20171002,0.325,0.35,0.32,0.335,446819
ELS,20171003,0.34,0.355,0.31,0.345,887237
ELS,20171004,0.36,0.4,0.36,0.375,1790004
ELS,20171005,0.38,0.47,0.37,0.44,1344639
ELS,20171006,0.445,0.535,0.445,0.53,1644288
ELS,20171009,0.545,0.62,0.54,0.59,1383402
ELS,20171010,0.615,0.615,0.515,0.565,1000888
ELS,20171011,0.55,0.68,0.54,0.65,1095578
ELS,20171012,0.65,0.78,0.59,0.755,1656969
ELS,20171013,0.755,0.8,0.74,0.755,1208014
ELS,20171016,0.82,0.86,0.765,0.82,710452
ELS,20171017,0.85,0.88,0.84,0.88,792150
ELS,20171018,0.93,0.98,0.91,0.95,935110
ELS,20171019,0.985,1.04,0.985,1,592628
ELS,20171020,0.99,0.99,0.87,0.89,629462
ELS,20171023,0.85,0.89,0.755,0.805,919570
ELS,20171024,0.79,0.865,0.79,0.825,319091
ELS,20171025,0.835,0.87,0.835,0.85,290852
ELS,20171026,0.86,0.87,0.82,0.83,120412
ELS,20171027,0.82,0.84,0.74,0.81,424821
ELS,20171030,0.81,0.845,0.68,0.8,915129
ELS,20171031,0.79,0.8,0.745,0.755,309408
ELS,20171101,0.73,0.73,0.65,0.66,751379
ELS,20171102,0.66,0.69,0.62,0.68,256770
ELS,20171103,0.67,0.735,0.67,0.73,197889
ELS,20171106,0.73,0.88,0.73,0.87,471509
ELS,20171107,0.93,0.94,0.89,0.915,285629
ELS,20171108,0.88,0.935,0.88,0.91,216044
ELS,20171109,0.92,0.93,0.89,0.92,346858
ELS,20171110,0.92,0.93,0.89,0.92,346858
ELS,20171113,0.95,0.97,0.93,0.95,221119
ELS,20171114,0.98,0.99,0.94,0.975,289227
ELS,20171115,0.96,1.11,0.9,1.08,514045
ELS,20171116,1.11,1.3,1.11,1.3,651552
ELS,20171117,1.35,1.48,1.35,1.375,643193
ELS,20171120,1.39,1.44,1.26,1.36,850489
ELS,20171121,1.38,1.445,1.37,1.38,178591
ELS,20171122,1.43,1.43,1.28,1.33,220144
ELS,20171123,1.28,1.36,1.2,1.35,342371
ELS,20171124,1.31,1.51,1.31,1.51,309353
ELS,20171127,1.59,1.775,1.585,1.68,682776
ELS,20171128,1.705,1.75,1.4,1.5,649805
ELS,20171129,1.5,1.58,1.325,1.37,406199
ELS,20171130,1.41,1.435,1.36,1.435,291348
ELS,20171201,1.495,1.495,1.45,1.45,459618
ELS,20171204,1.44,1.44,1.25,1.3,405621
ELS,20171205,1.35,1.35,1.24,1.26,382627
ELS,20171206,1.255,1.29,1.145,1.185,597751
ELS,20171207,1.18,1.325,1.105,1.27,402817
ELS,20171208,1.245,1.34,1.205,1.23,233833
ELS,20171211,1.235,1.26,1.2,1.26,101402
ELS,20171212,1.205,1.235,1.08,1.22,170925
ELS,20171213,1.25,1.34,1.215,1.33,331260
ELS,20171214,1.36,1.51,1.335,1.51,599730
ELS,20171215,1.54,1.59,1.465,1.465,255683
ELS,20171218,1.5,1.57,1.45,1.46,158098
ELS,20171219,1.48,1.515,1.36,1.4,143592
ELS,20171220,1.4,1.45,1.3,1.385,203943
ELS,20171221,1.4,1.4,1.3,1.37,60442
ELS,20171222,1.335,1.345,1.3,1.345,129126
ELS,20171227,1.37,1.4,1.37,1.4,25228
ELS,20171228,1.395,1.42,1.38,1.42,138382
ELS,20171229,1.45,1.47,1.39,1.47,263152
ELS,20180102,1.495,1.53,1.39,1.5,147463
ELS,20180103,1.47,1.49,1.42,1.46,94334
ELS,20180104,1.42,1.425,1.315,1.38,274020
ELS,20180105,1.4,1.48,1.395,1.45,196064
ELS,20180108,1.51,1.555,1.49,1.51,372317
ELS,20180109,1.505,1.51,1.385,1.39,205709
ELS,20180110,1.4,1.41,1.24,1.29,211250
ELS,20180111,1.29,1.29,1.29,1.29,0
ELS,20180112,1.29,1.29,1.29,1.29,0
ELS,20180115,1.45,1.45,1.135,1.18,587759
ELS,20180116,1.175,1.175,1.04,1.14,999686
ELS,20180117,1.1,1.14,1.005,1.07,460936
ELS,20180118,1.07,1.125,1.02,1.05,258158
ELS,20180119,1.1,1.1,0.94,1.075,343424
ELS,20180122,1.05,1.05,0.97,0.98,201886
ELS,20180123,0.97,1.07,0.97,1.055,126649
ELS,20180124,1.07,1.07,1.01,1.03,42510
ELS,20180125,1.015,1.07,1.01,1.06,92986
ELS,20180129,1.03,1.05,1,1.03,61130
ELS,20180130,1.01,1.045,0.96,1.045,158054
ELS,20180131,1,1.01,0.75,0.88,975523
ELS,20180201,0.88,0.97,0.86,0.9,373461
ELS,20180202,0.885,0.885,0.79,0.8,348740
ELS,20180205,0.79,0.82,0.7,0.795,353332
ELS,20180207,0.86,0.95,0.82,0.86,392018
ELS,20180208,0.9,0.9,0.845,0.85,259553
ELS,20180209,0.85,0.885,0.83,0.86,134130
ELS,20180212,0.86,0.86,0.8,0.825,73508
ELS,20180213,0.85,0.86,0.81,0.85,309405
ELS,20180214,0.84,0.84,0.79,0.815,149123
ELS,20180215,0.815,0.835,0.77,0.81,57562
ELS,20180216,0.81,0.81,0.74,0.78,184285
ELS,20180219,0.77,0.77,0.71,0.725,103333
ELS,20180220,0.71,0.83,0.68,0.82,335014
ELS,20180221,0.82,0.84,0.82,0.835,109008
ELS,20180222,0.8,0.87,0.8,0.835,123159
ELS,20180223,0.82,0.835,0.76,0.8,243805
ELS,20180226,0.8,0.8,0.735,0.79,55755
ELS,20180227,0.78,0.8,0.78,0.8,76425
ELS,20180228,0.8,0.87,0.78,0.87,158290
ELS,20180301,0.87,0.87,0.87,0.87,0
ELS,20180302,0.87,0.87,0.87,0.87,0
ELS,20180305,0.74,0.8,0.73,0.745,541587
ELS,20180306,0.76,0.785,0.735,0.76,533932
ELS,20180307,0.76,0.76,0.705,0.71,185248
ELS,20180308,0.725,0.73,0.7,0.7,120576
ELS,20180309,0.72,0.73,0.705,0.72,66695
ELS,20180312,0.72,0.72,0.695,0.695,85436
ELS,20180313,0.695,0.7,0.63,0.64,526913
ELS,20180314,0.64,0.705,0.63,0.66,246697
ELS,20180315,0.67,0.682,0.63,0.65,237878
ELS,20180316,0.65,0.675,0.585,0.67,854708
ELS,20180319,0.69,0.73,0.69,0.71,289810
ELS,20180320,0.7,0.71,0.675,0.675,230985
ELS,20180321,0.675,0.68,0.63,0.655,124737
ELS,20180322,0.675,0.675,0.64,0.655,66337
ELS,20180323,0.645,0.645,0.62,0.635,48866
ELS,20180326,0.64,0.64,0.595,0.615,96863
ELS,20180327,0.64,0.655,0.58,0.6,338375
ELS,20180328,0.58,0.6,0.58,0.58,149176
ELS,20180329,0.595,0.615,0.58,0.615,194802
ELS,20180403,0.59,0.59,0.58,0.58,55000
ELS,20180404,0.58,0.615,0.56,0.615,215251
ELS,20180405,0.595,0.635,0.575,0.59,94600
ELS,20180406,0.605,0.605,0.575,0.58,80255
ELS,20180409,0.6,0.6,0.57,0.59,149520
ELS,20180410,0.58,0.58,0.555,0.58,106855
ELS,20180411,0.58,0.6,0.56,0.56,282231
ELS,20180412,0.56,0.59,0.525,0.59,65442
ELS,20180413,0.575,0.595,0.525,0.595,26850
ELS,20180416,0.57,0.585,0.54,0.565,138300
ELS,20180417,0.54,0.58,0.54,0.56,8200
ELS,20180418,0.56,0.56,0.56,0.56,1780
ELS,20180419,0.56,0.575,0.515,0.545,128889
ELS,20180420,0.55,0.55,0.515,0.55,66532
ELS,20180423,0.52,0.52,0.515,0.515,39033
ELS,20180424,0.53,0.53,0.465,0.53,377391
ELS,20180426,0.51,0.54,0.5,0.54,270852
ELS,20180427,0.54,0.57,0.52,0.545,278207
ELS,20180430,0.55,0.55,0.505,0.54,189821
ELS,20180501,0.52,0.53,0.49,0.52,102443
ELS,20180502,0.52,0.52,0.485,0.495,116695
ELS,20180503,0.48,0.48,0.43,0.46,203309
ELS,20180504,0.46,0.465,0.45,0.46,14339
ELS,20180507,0.455,0.455,0.43,0.445,69990
ELS,20180508,0.42,0.425,0.39,0.415,211701
ELS,20180509,0.4,0.49,0.4,0.475,394416
ELS,20180510,0.47,0.47,0.44,0.455,130882
ELS,20180511,0.46,0.485,0.445,0.48,114464
ELS,20180514,0.465,0.465,0.44,0.46,41070
ELS,20180515,0.45,0.465,0.425,0.425,42935
ELS,20180516,0.43,0.445,0.425,0.445,123172
ELS,20180517,0.445,0.45,0.42,0.43,58728
ELS,20180518,0.415,0.425,0.415,0.425,13585
ELS,20180521,0.43,0.435,0.4,0.41,319384
ELS,20180522,0.41,0.42,0.395,0.41,117199
ELS,20180523,0.385,0.445,0.385,0.435,774333
ELS,20180524,0.435,0.515,0.43,0.5,668111
ELS,20180525,0.5,0.515,0.435,0.48,390607
ELS,20180528,0.47,0.545,0.46,0.525,511502
ELS,20180529,0.525,0.55,0.5,0.53,230349
ELS,20180530,0.535,0.545,0.52,0.52,97045
ELS,20180531,0.52,0.645,0.52,0.625,1040179
ELS,20180601,0.625,0.63,0.59,0.59,352765
ELS,20180604,0.595,0.63,0.585,0.615,124547
ELS,20180605,0.605,0.625,0.585,0.62,171781
ELS,20180606,0.59,0.61,0.59,0.59,51572
ELS,20180607,0.575,0.595,0.575,0.595,12500
ELS,20180608,0.595,0.595,0.57,0.59,13430
ELS,20180612,0.58,0.585,0.555,0.565,94175
ELS,20180613,0.565,0.575,0.46,0.46,283346
ELS,20180614,0.485,0.52,0.475,0.495,153525
ELS,20180615,0.5,0.52,0.445,0.445,232596
ELS,20180618,0.47,0.485,0.45,0.46,158042
ELS,20180619,0.47,0.475,0.45,0.45,124532
ELS,20180620,0.45,0.475,0.445,0.465,63773
ELS,20180621,0.445,0.495,0.445,0.485,74225
ELS,20180622,0.5,0.53,0.475,0.49,280902
ELS,20180625,0.48,0.54,0.48,0.54,138257
ELS,20180626,0.52,0.545,0.48,0.52,146128
ELS,20180627,0.495,0.51,0.48,0.485,158427
ELS,20180628,0.5,0.5,0.475,0.475,4509
ELS,20180629,0.49,0.51,0.475,0.51,91699
ELS,20180702,0.51,0.59,0.51,0.59,128637
ELS,20180703,0.58,0.6,0.565,0.59,102578
ELS,20180704,0.59,0.595,0.56,0.58,116180
ELS,20180705,0.55,0.585,0.54,0.57,329573
ELS,20180706,0.565,0.58,0.545,0.545,857523
ELS,20180710,0.53,0.57,0.525,0.56,136063
ELS,20180711,0.56,0.57,0.56,0.57,17605
ELS,20180712,0.57,0.675,0.57,0.675,719481
ELS,20180713,0.68,0.685,0.615,0.64,668429
ELS,20180716,0.645,0.645,0.6,0.63,191359
ELS,20180717,0.635,0.635,0.59,0.6,222707
ELS,20180718,0.6,0.6,0.525,0.57,782030
ELS,20180719,0.575,0.575,0.54,0.56,112259
ELS,20180720,0.55,0.56,0.53,0.555,490815
ELS,20180723,0.585,0.595,0.575,0.59,112062
ELS,20180724,0.59,0.61,0.565,0.57,204011
ELS,20180725,0.575,0.635,0.565,0.63,1450642
ELS,20180726,0.63,0.635,0.58,0.59,398781
ELS,20180727,0.61,0.615,0.565,0.58,281674
ELS,20180730,0.585,0.585,0.56,0.575,197098
ELS,20180731,0.58,0.58,0.5,0.56,599969
ELS,20180801,0.55,0.58,0.535,0.58,261391
ELS,20180802,0.58,0.61,0.58,0.595,218158
ELS,20180803,0.595,0.61,0.565,0.59,164654
ELS,20180806,0.595,0.6,0.555,0.575,397670
ELS,20180807,0.565,0.565,0.55,0.56,30269
ELS,20180808,0.56,0.64,0.55,0.64,591479
ELS,20180809,0.64,0.675,0.62,0.665,374177
ELS,20180810,0.665,0.765,0.66,0.76,1647294
ELS,20180813,0.76,0.76,0.72,0.73,749887
ELS,20180814,0.715,0.755,0.71,0.75,470186
ELS,20180816,0.815,0.82,0.77,0.8,333593
ELS,20180817,0.8,0.81,0.79,0.8,383685
ELS,20180820,0.81,0.81,0.765,0.79,194076
ELS,20180821,0.79,0.79,0.72,0.75,447240
ELS,20180822,0.77,0.77,0.73,0.75,51894
ELS,20180823,0.75,0.75,0.735,0.75,31972
ELS,20180824,0.75,0.78,0.75,0.775,183007
ELS,20180827,0.76,0.775,0.73,0.745,171520
ELS,20180828,0.737,0.75,0.73,0.75,62924
ELS,20180829,0.745,0.765,0.695,0.725,473605
ELS,20180830,0.73,0.73,0.67,0.7,301650
ELS,20180831,0.695,0.71,0.625,0.675,529483
ELS,20180903,0.685,0.735,0.685,0.72,411916
ELS,20180904,0.74,0.75,0.71,0.73,195377
ELS,20180905,0.72,0.74,0.695,0.74,143439
ELS,20180906,0.73,0.75,0.705,0.72,95050
ELS,20180907,0.725,0.735,0.7,0.72,378541
ELS,20180910,0.715,0.725,0.71,0.715,27781
ELS,20180913,0.685,0.7,0.675,0.695,200030
ELS,20180914,0.695,0.705,0.67,0.705,298071
ELS,20180917,0.7,0.705,0.68,0.7,295934
ELS,20180918,0.7,0.7,0.685,0.7,31826
ELS,20180919,0.68,0.7,0.68,0.7,9250
ELS,20180920,0.68,0.72,0.68,0.71,435403
ELS,20180921,0.715,0.815,0.715,0.81,1478720
ELS,20180924,0.81,0.83,0.775,0.83,335571
ELS,20180925,0.835,0.85,0.81,0.82,285103
ELS,20180926,0.82,0.885,0.815,0.88,917434
ELS,20180927,0.875,0.875,0.82,0.845,502641
ELS,20180928,0.845,0.88,0.845,0.88,460708
ELS,20181001,0.88,0.9,0.835,0.86,307289
ELS,20181002,0.86,0.86,0.765,0.86,646183
ELS,20181003,0.84,0.88,0.84,0.85,236285
ELS,20181004,0.84,0.84,0.785,0.8,114872
ELS,20181005,0.8,0.815,0.76,0.78,123364
ELS,20181008,0.77,0.785,0.7,0.705,383672
ELS,20181009,0.665,0.7,0.63,0.65,277425
ELS,20181010,0.625,0.68,0.585,0.67,468731
ELS,20181011,0.635,0.655,0.58,0.6,248006
ELS,20181012,0.59,0.635,0.57,0.6,437096
ELS,20181015,0.6,0.62,0.585,0.6,168056
ELS,20181016,0.585,0.6,0.55,0.565,109207
ELS,20181017,0.575,0.625,0.575,0.605,250909
ELS,20181018,0.61,0.625,0.59,0.62,167064
ELS,20181019,0.62,0.65,0.615,0.64,255543
ELS,20181022,0.63,0.635,0.62,0.635,77528
ELS,20181023,0.64,0.64,0.58,0.595,215195
ELS,20181024,0.59,0.61,0.565,0.61,121847
ELS,20181025,0.59,0.595,0.565,0.595,126010
ELS,20181026,0.61,0.615,0.57,0.58,19227
ELS,20181030,0.57,0.58,0.53,0.58,122538
ELS,20181031,0.53,0.56,0.5,0.56,172028
ELS,20181101,0.55,0.57,0.55,0.565,21974
ELS,20181102,0.565,0.565,0.535,0.55,33509
ELS,20181105,0.54,0.56,0.51,0.55,119095
ELS,20181106,0.515,0.55,0.51,0.55,7400
ELS,20181107,0.525,0.55,0.525,0.55,18710
ELS,20181108,0.535,0.555,0.535,0.55,41871
ELS,20181109,0.545,0.55,0.52,0.54,86127
ELS,20181112,0.54,0.54,0.52,0.52,12626
ELS,20181113,0.52,0.525,0.48,0.525,31974
ELS,20181114,0.5,0.525,0.485,0.525,39945
ELS,20181115,0.525,0.57,0.525,0.56,307183
ELS,20181116,0.57,0.585,0.56,0.58,127884
ELS,20181119,0.56,0.57,0.515,0.57,38187
ELS,20181120,0.53,0.565,0.53,0.555,25300
ELS,20181121,0.5,0.55,0.495,0.55,171052
ELS,20181122,0.55,0.56,0.55,0.55,29677
ELS,20181123,0.56,0.56,0.555,0.56,5900
ELS,20181126,0.56,0.56,0.56,0.56,0
ELS,20181127,0.56,0.56,0.56,0.56,0
ELS,20181128,0.54,0.55,0.54,0.55,3000
ELS,20181129,0.5,0.54,0.5,0.535,32208
ELS,20181130,0.49,0.535,0.49,0.535,15000
ELS,20181203,0.525,0.555,0.525,0.555,34500
ELS,20181204,0.55,0.58,0.55,0.58,38850
ELS,20181205,0.56,0.56,0.51,0.56,19031
ELS,20181206,0.56,0.57,0.52,0.565,93294
ELS,20181207,0.565,0.565,0.565,0.565,0
ELS,20181210,0.56,0.59,0.56,0.585,58000
ELS,20181211,0.56,0.58,0.56,0.58,10200
ELS,20181212,0.56,0.59,0.55,0.57,118398
ELS,20181213,0.6,0.66,0.595,0.66,234698
ELS,20181214,0.66,0.7,0.66,0.7,76707
ELS,20181217,0.69,0.69,0.645,0.67,16300
ELS,20181218,0.645,0.67,0.64,0.65,2550
ELS,20181219,0.64,0.72,0.64,0.71,151617
ELS,20181220,0.685,0.705,0.675,0.7,68140
ELS,20181221,0.645,0.685,0.64,0.685,10542
ELS,20181224,0.625,0.625,0.625,0.625,1900
ELS,20181227,0.675,0.69,0.67,0.685,21983
ELS,20181228,0.68,0.685,0.68,0.685,2000
ELS,20181231,0.675,0.7,0.64,0.7,41967
ELS,20190102,0.695,0.7,0.68,0.7,9880
ELS,20190103,0.65,0.7,0.65,0.7,5290
ELS,20190104,0.7,0.7,0.7,0.7,0
ELS,20190107,0.69,0.695,0.685,0.69,77500
ELS,20190108,0.69,0.69,0.69,0.69,0
ELS,20190109,0.665,0.68,0.65,0.665,23201
ELS,20190110,0.65,0.65,0.625,0.64,65897
ELS,20190111,0.635,0.64,0.61,0.64,29192
ELS,20190114,0.66,0.66,0.66,0.66,1000
ELS,20190115,0.66,0.66,0.66,0.66,0
ELS,20190116,0.615,0.66,0.615,0.66,22212
ELS,20190117,0.63,0.66,0.63,0.66,3050
ELS,20190118,0.645,0.66,0.62,0.66,7393
ELS,20190121,0.635,0.64,0.635,0.64,15628
ELS,20190122,0.605,0.605,0.605,0.605,6000
ELS,20190123,0.605,0.605,0.605,0.605,6855
ELS,20190124,0.645,0.645,0.645,0.645,311
ELS,20190125,0.64,0.64,0.64,0.64,1520
ELS,20190129,0.605,0.605,0.595,0.6,4083
ELS,20190130,0.63,0.63,0.57,0.585,10566
ELS,20190131,0.575,0.6,0.52,0.58,63610
ELS,20190201,0.58,0.58,0.58,0.58,0
ELS,20190204,0.56,0.56,0.56,0.56,12600
ELS,20190205,0.56,0.56,0.56,0.56,0
ELS,20190206,0.52,0.54,0.52,0.54,11900
ELS,20190207,0.52,0.545,0.51,0.535,22908
ELS,20190208,0.535,0.55,0.535,0.55,28427
ELS,20190211,0.525,0.525,0.46,0.48,233759
ELS,20190212,0.48,0.48,0.43,0.47,98045
ELS,20190213,0.455,0.48,0.455,0.48,43849
ELS,20190214,0.47,0.49,0.47,0.49,40018
ELS,20190215,0.48,0.48,0.48,0.48,2053
ELS,20190218,0.475,0.535,0.475,0.535,108652
ELS,20190219,0.54,0.54,0.505,0.53,139107
ELS,20190220,0.485,0.525,0.485,0.525,22237
ELS,20190221,0.515,0.515,0.44,0.47,97170
ELS,20190222,0.48,0.48,0.48,0.48,25959
ELS,20190225,0.48,0.53,0.48,0.52,107930
ELS,20190226,0.52,0.52,0.5,0.5,176236
ELS,20190227,0.5,0.52,0.5,0.52,16592
ELS,20190228,0.52,0.525,0.5,0.5,4424
ELS,20190301,0.5,0.52,0.485,0.52,38821
ELS,20190304,0.5,0.51,0.5,0.51,26500
ELS,20190305,0.48,0.505,0.48,0.5,32322
ELS,20190306,0.5,0.52,0.5,0.5,27000
ELS,20190307,0.48,0.485,0.48,0.485,10000
ELS,20190308,0.505,0.505,0.5,0.5,9000
ELS,20190311,0.5,0.5,0.5,0.5,0
ELS,20190312,0.5,0.5,0.495,0.5,21267
ELS,20190313,0.495,0.495,0.47,0.47,55607
ELS,20190314,0.485,0.485,0.45,0.45,27254
ELS,20190315,0.47,0.475,0.45,0.475,9689
ELS,20190318,0.455,0.475,0.44,0.475,20041
ELS,20190319,0.49,0.495,0.49,0.49,42392
ELS,20190320,0.45,0.45,0.45,0.45,2666
ELS,20190321,0.435,0.435,0.42,0.42,55904
ELS,20190322,0.45,0.455,0.44,0.455,13186
ELS,20190325,0.45,0.45,0.42,0.45,50642
ELS,20190326,0.44,0.445,0.425,0.445,11255
ELS,20190327,0.43,0.455,0.43,0.455,77914
ELS,20190328,0.48,0.48,0.455,0.46,19695
ELS,20190329,0.48,0.48,0.46,0.47,14712
ELS,20190401,0.45,0.47,0.45,0.46,12796
ELS,20190402,0.45,0.47,0.44,0.47,13746
ELS,20190403,0.47,0.48,0.47,0.47,20243
ELS,20190404,0.475,0.48,0.475,0.48,4996
ELS,20190405,0.48,0.49,0.48,0.49,10546
ELS,20190408,0.49,0.515,0.485,0.5,151366
ELS,20190409,0.5,0.54,0.5,0.54,149907
ELS,20190410,0.57,0.63,0.57,0.63,1070599
ELS,20190411,0.625,0.63,0.555,0.565,227120
ELS,20190412,0.57,0.595,0.57,0.59,206744
ELS,20190415,0.595,0.65,0.595,0.64,469136
ELS,20190416,0.64,0.65,0.605,0.625,133976
ELS,20190417,0.625,0.625,0.6,0.605,24470
ELS,20190418,0.625,0.635,0.605,0.635,58305
ELS,20190423,0.64,0.64,0.63,0.63,29307
ELS,20190424,0.63,0.645,0.6,0.615,67619
ELS,20190426,0.595,0.61,0.595,0.61,95156
ELS,20190429,0.61,0.61,0.565,0.58,86201
ELS,20190430,0.58,0.58,0.525,0.56,178974
ELS,20190501,0.565,0.6,0.565,0.6,109474
ELS,20190502,0.605,0.635,0.605,0.62,162359
ELS,20190503,0.625,0.63,0.59,0.605,177834
ELS,20190506,0.6,0.625,0.6,0.62,210130
ELS,20190507,0.62,0.62,0.595,0.6,36609
ELS,20190508,0.615,0.615,0.585,0.585,43376
ELS,20190509,0.585,0.585,0.585,0.585,0
ELS,20190510,0.62,0.665,0.62,0.66,232150
ELS,20190513,0.66,0.74,0.655,0.71,324100
ELS,20190514,0.7,0.72,0.69,0.71,122760
ELS,20190515,0.715,0.78,0.685,0.735,299236
ELS,20190516,0.73,0.73,0.68,0.7,116285
ELS,20190517,0.7,0.72,0.66,0.66,151016
ELS,20190520,0.67,0.69,0.67,0.68,94690
ELS,20190521,0.65,0.68,0.59,0.6,180599
ELS,20190522,0.605,0.605,0.52,0.555,267064
ELS,20190523,0.56,0.625,0.54,0.6,287370
ELS,20190524,0.6,0.605,0.565,0.6,223085
ELS,20190527,0.585,0.585,0.535,0.54,150610
ELS,20190528,0.54,0.54,0.48,0.515,151058
ELS,20190529,0.52,0.55,0.515,0.55,62645
ELS,20190530,0.545,0.545,0.52,0.545,53086
ELS,20190531,0.52,0.52,0.48,0.5,207039
ELS,20190603,0.48,0.48,0.47,0.47,72526
ELS,20190604,0.465,0.465,0.44,0.455,84750
ELS,20190605,0.455,0.485,0.43,0.43,211868
ELS,20190606,0.46,0.47,0.455,0.47,27720
ELS,20190607,0.47,0.485,0.46,0.46,61365
ELS,20190611,0.44,0.44,0.4,0.4,1031267
ELS,20190612,0.4,0.415,0.375,0.415,316882
ELS,20190613,0.41,0.42,0.41,0.42,66916
ELS,20190614,0.415,0.42,0.395,0.395,126662
ELS,20190617,0.4,0.4,0.4,0.4,44128
ELS,20190618,0.4,0.4,0.39,0.39,34101
ELS,20190619,0.39,0.39,0.345,0.35,502882
ELS,20190620,0.345,0.375,0.345,0.36,226410
ELS,20190621,0.38,0.38,0.35,0.365,74716
ELS,20190624,0.365,0.37,0.345,0.35,280838
ELS,20190625,0.365,0.4,0.355,0.36,232915
ELS,20190626,0.36,0.36,0.345,0.36,175410
ELS,20190627,0.35,0.415,0.345,0.415,304564
ELS,20190628,0.41,0.48,0.4,0.445,892788
ELS,20190701,0.455,0.455,0.42,0.45,131738
ELS,20190702,0.45,0.45,0.42,0.435,37236
ELS,20190703,0.43,0.43,0.425,0.425,79227
ELS,20190704,0.42,0.425,0.405,0.425,62409
ELS,20190705,0.44,0.44,0.385,0.41,46023
ELS,20190708,0.38,0.41,0.37,0.39,181118
ELS,20190709,0.39,0.43,0.39,0.43,77443
ELS,20190710,0.422,0.455,0.422,0.45,84712
ELS,20190711,0.45,0.45,0.435,0.435,40295
ELS,20190712,0.44,0.45,0.415,0.45,48441
ELS,20190715,0.45,0.45,0.45,0.45,2200
ELS,20190716,0.42,0.435,0.42,0.435,23000
ELS,20190717,0.44,0.44,0.4,0.435,278551
ELS,20190718,0.42,0.435,0.415,0.43,124451
ELS,20190719,0.42,0.445,0.415,0.435,60905
ELS,20190722,0.42,0.43,0.41,0.43,48479
ELS,20190723,0.425,0.425,0.395,0.4,194743
ELS,20190724,0.4,0.4,0.37,0.39,711977
ELS,20190725,0.39,0.39,0.38,0.38,312513
ELS,20190726,0.39,0.39,0.375,0.385,408445
ELS,20190729,0.375,0.385,0.37,0.385,163086
ELS,20190730,0.38,0.385,0.365,0.385,75046
ELS,20190731,0.37,0.375,0.355,0.355,161522
ELS,20190801,0.36,0.38,0.36,0.37,308305
ELS,20190802,0.37,0.38,0.36,0.38,447850
ELS,20190805,0.38,0.38,0.345,0.36,657775
ELS,20190806,0.36,0.36,0.36,0.36,0
ELS,20190807,0.35,0.37,0.32,0.37,164297
ELS,20190808,0.37,0.375,0.365,0.37,79181
ELS,20190809,0.365,0.37,0.362,0.365,65897
ELS,20190812,0.37,0.37,0.345,0.345,157032
ELS,20190813,0.345,0.36,0.345,0.35,16277
ELS,20190814,0.36,0.365,0.36,0.365,45379
ELS,20190815,0.36,0.36,0.35,0.355,147908
ELS,20190816,0.36,0.365,0.355,0.365,36907
ELS,20190819,0.355,0.365,0.35,0.365,40513
ELS,20190820,0.34,0.34,0.34,0.34,57886
ELS,20190821,0.34,0.34,0.34,0.34,2913
ELS,20190822,0.34,0.34,0.33,0.33,38862
ELS,20190823,0.335,0.35,0.325,0.35,238738
ELS,20190826,0.335,0.365,0.335,0.365,100976
ELS,20190827,0.37,0.41,0.37,0.4,170574
ELS,20190828,0.4,0.4,0.385,0.39,35729
ELS,20190829,0.39,0.405,0.39,0.405,68854
ELS,20190830,0.4,0.42,0.4,0.42,120383
ELS,20190902,0.42,0.42,0.4,0.405,35715
ELS,20190903,0.39,0.4,0.36,0.38,106648
ELS,20190904,0.39,0.4,0.38,0.4,44002
ELS,20190905,0.39,0.39,0.385,0.385,11506
ELS,20190906,0.385,0.4,0.38,0.4,39672
ELS,20190909,0.395,0.395,0.35,0.38,32430
ELS,20190910,0.355,0.395,0.355,0.395,28677
ELS,20190911,0.39,0.4,0.35,0.35,100944
ELS,20190912,0.345,0.355,0.345,0.35,107228
ELS,20190913,0.355,0.38,0.34,0.375,90697
ELS,20190916,0.36,0.365,0.36,0.365,2700
ELS,20190917,0.35,0.385,0.35,0.385,74132
ELS,20190918,0.385,0.395,0.38,0.395,43800
ELS,20190919,0.395,0.395,0.395,0.395,16817
ELS,20190920,0.385,0.385,0.345,0.36,235705
ELS,20190923,0.35,0.36,0.35,0.36,32034
ELS,20190924,0.36,0.4,0.36,0.395,212277
ELS,20190925,0.395,0.445,0.38,0.445,223863
ELS,20190926,0.44,0.48,0.42,0.465,411516
ELS,20190927,0.42,0.43,0.377,0.4,1088621
ELS,20190930,0.39,0.42,0.39,0.42,82065
ELS,20191001,0.415,0.445,0.415,0.43,211225
ELS,20191002,0.43,0.465,0.43,0.45,166763
ELS,20191003,0.44,0.455,0.43,0.445,117049
ELS,20191004,0.45,0.455,0.435,0.445,108825
ELS,20191007,0.46,0.49,0.455,0.485,286191
ELS,20191008,0.485,0.495,0.47,0.495,178214
ELS,20191009,0.495,0.495,0.495,0.495,0
ELS,20191010,0.495,0.495,0.45,0.48,104247
ELS,20191011,0.47,0.485,0.4,0.445,240587
ELS,20191014,0.435,0.475,0.43,0.46,180565
ELS,20191015,0.445,0.47,0.41,0.465,36879
ELS,20191016,0.465,0.465,0.465,0.465,16732
ELS,20191017,0.45,0.45,0.44,0.45,145658
ELS,20191018,0.445,0.485,0.435,0.45,103978
ELS,20191021,0.435,0.44,0.43,0.44,68681
ELS,20191022,0.425,0.43,0.405,0.405,43234
ELS,20191023,0.405,0.405,0.36,0.385,291972
ELS,20191024,0.36,0.36,0.345,0.35,88257
ELS,20191025,0.34,0.34,0.335,0.335,24000
ELS,20191028,0.35,0.35,0.35,0.35,47999
ELS,20191029,0.345,0.36,0.34,0.355,54200
ELS,20191030,0.37,0.4,0.37,0.39,292617
ELS,20191031,0.385,0.385,0.38,0.385,29011
ELS,20191101,0.385,0.385,0.38,0.385,29011
ELS,20191104,0.39,0.41,0.39,0.41,19532
ELS,20191105,0.41,0.42,0.395,0.42,137200
ELS,20191106,0.43,0.43,0.39,0.39,232494
ELS,20191107,0.39,0.39,0.37,0.385,43249
ELS,20191108,0.4,0.405,0.37,0.395,77647
ELS,20191111,0.4,0.405,0.37,0.395,77647
ELS,20191112,0.435,0.435,0.415,0.415,47948
ELS,20191113,0.42,0.425,0.41,0.425,48276
ELS,20191114,0.43,0.45,0.41,0.45,83281
ELS,20191115,0.45,0.46,0.445,0.46,108169
ELS,20191118,0.455,0.48,0.455,0.475,89833
ELS,20191119,0.475,0.475,0.46,0.475,33834
ELS,20191120,0.45,0.45,0.415,0.435,236093
ELS,20191121,0.425,0.43,0.375,0.375,130859
ELS,20191122,0.4,0.41,0.4,0.41,8761
ELS,20191125,0.42,0.42,0.402,0.41,55701
ELS,20191126,0.41,0.415,0.4,0.4,43852
ELS,20191127,0.41,0.45,0.41,0.45,216189
ELS,20191128,0.45,0.45,0.435,0.44,65621
ELS,20191129,0.445,0.45,0.445,0.445,10760
ELS,20191202,0.425,0.43,0.42,0.43,31027
ELS,20191203,0.425,0.425,0.41,0.415,29456
ELS,20191204,0.42,0.43,0.42,0.425,48146
ELS,20191205,0.425,0.43,0.41,0.42,33666
ELS,20191206,0.415,0.415,0.405,0.415,65728
ELS,20191209,0.41,0.415,0.395,0.41,63938
ELS,20191210,0.415,0.415,0.39,0.41,30891
ELS,20191211,0.395,0.405,0.39,0.405,37503
ELS,20191212,0.4,0.44,0.4,0.41,216979
ELS,20191213,0.395,0.395,0.395,0.395,20195
ELS,20191216,0.39,0.405,0.38,0.405,125675
ELS,20191217,0.4,0.4,0.38,0.395,72382
ELS,20191218,0.38,0.39,0.38,0.39,7744
ELS,20191219,0.385,0.41,0.385,0.385,60661
ELS,20191220,0.38,0.385,0.37,0.38,66092
ELS,20191223,0.38,0.405,0.38,0.4,49033
ELS,20191224,0.4,0.4,0.4,0.4,0
ELS,20191227,0.395,0.4,0.38,0.38,44509
ELS,20191230,0.38,0.38,0.38,0.38,2842
ELS,20191231,0.375,0.39,0.37,0.39,20592
ELS,20200102,0.375,0.375,0.375,0.375,6702
ELS,20200103,0.39,0.39,0.38,0.38,3858
ELS,20200106,0.38,0.395,0.38,0.395,21786
ELS,20200107,0.395,0.395,0.37,0.37,73738
ELS,20200108,0.37,0.37,0.37,0.37,0
ELS,20200109,0.37,0.37,0.37,0.37,0
ELS,20200113,0.395,0.435,0.395,0.43,359641
ELS,20200114,0.43,0.435,0.395,0.4,258282
ELS,20200115,0.4,0.41,0.4,0.41,57241
ELS,20200116,0.405,0.405,0.39,0.39,7846
ELS,20200117,0.385,0.385,0.375,0.385,87701
ELS,20200120,0.385,0.385,0.38,0.38,6665
ELS,20200121,0.38,0.38,0.38,0.38,0
ELS,20200122,0.38,0.38,0.355,0.37,1121929
ELS,20200123,0.375,0.38,0.365,0.38,19423
ELS,20200124,0.39,0.39,0.39,0.39,2022
ELS,20200128,0.385,0.4,0.385,0.4,49966
ELS,20200129,0.4,0.4,0.395,0.395,7247
ELS,20200130,0.395,0.4,0.39,0.39,53209
ELS,20200203,0.39,0.39,0.36,0.385,49746
ELS,20200204,0.375,0.375,0.375,0.375,3000
ELS,20200205,0.37,0.37,0.37,0.37,12540
ELS,20200210,0.385,0.385,0.38,0.38,26585
ELS,20200211,0.375,0.375,0.375,0.375,17536
ELS,20200212,0.365,0.38,0.355,0.36,199352
ELS,20200213,0.38,0.38,0.35,0.37,10671
ELS,20200214,0.37,0.37,0.37,0.37,0
ELS,20200217,0.35,0.35,0.31,0.35,55182
ELS,20200218,0.34,0.34,0.325,0.33,29856
ELS,20200219,0.33,0.37,0.33,0.33,259273
ELS,20200220,0.34,0.34,0.335,0.34,3859
ELS,20200221,0.34,0.34,0.34,0.34,0
ELS,20200224,0.335,0.335,0.322,0.322,6321
ELS,20200225,0.32,0.325,0.315,0.32,29767
ELS,20200226,0.31,0.31,0.295,0.3,72140
ELS,20200227,0.305,0.305,0.27,0.3,144503
ELS,20200228,0.295,0.295,0.285,0.285,54314
ELS,20200302,0.29,0.297,0.29,0.29,59645
ELS,20200303,0.3,0.32,0.3,0.32,23848
ELS,20200304,0.295,0.31,0.295,0.31,45241
ELS,20200305,0.31,0.33,0.31,0.33,18606
ELS,20200306,0.305,0.31,0.3,0.305,67608
ELS,20200309,0.29,0.3,0.28,0.3,144661
ELS,20200310,0.285,0.29,0.26,0.29,78960
ELS,20200311,0.295,0.3,0.29,0.3,38528
ELS,20200312,0.3,0.3,0.25,0.25,188074
ELS,20200313,0.215,0.27,0.21,0.27,186035
ELS,20200316,0.27,0.295,0.24,0.26,146574
ELS,20200317,0.26,0.26,0.26,0.26,2850
ELS,20200318,0.29,0.29,0.26,0.27,43747
ELS,20200319,0.27,0.285,0.235,0.275,294313
ELS,20200320,0.285,0.29,0.285,0.29,11232
ELS,20200323,0.27,0.29,0.265,0.29,23329
ELS,20200324,0.285,0.285,0.245,0.27,112470
ELS,20200325,0.245,0.245,0.245,0.245,28433
ELS,20200326,0.25,0.25,0.23,0.24,15729
ELS,20200327,0.24,0.315,0.24,0.29,231960
ELS,20200330,0.29,0.29,0.29,0.29,0
ELS,20200331,0.295,0.3,0.295,0.3,13196
ELS,20200401,0.3,0.3,0.3,0.3,8558
ELS,20200402,0.25,0.29,0.25,0.29,129297
ELS,20200403,0.3,0.32,0.28,0.295,86786
ELS,20200406,0.295,0.3,0.295,0.3,34117
ELS,20200407,0.3,0.32,0.28,0.3,23398
ELS,20200408,0.3,0.3,0.3,0.3,4432
ELS,20200409,0.285,0.285,0.28,0.28,20064
ELS,20200414,0.29,0.29,0.25,0.27,117303
ELS,20200415,0.27,0.27,0.27,0.27,3455
ELS,20200416,0.27,0.28,0.25,0.28,24816
ELS,20200417,0.26,0.28,0.25,0.28,76709
ELS,20200420,0.265,0.27,0.25,0.27,21986
ELS,20200421,0.245,0.26,0.235,0.25,46100
ELS,20200422,0.25,0.25,0.25,0.25,23920
ELS,20200423,0.255,0.255,0.22,0.25,505974
ELS,20200424,0.25,0.275,0.235,0.275,73789
ELS,20200427,0.295,0.295,0.28,0.29,110708
ELS,20200428,0.29,0.3,0.29,0.295,52313
ELS,20200429,0.295,0.365,0.295,0.365,243482
ELS,20200430,0.365,0.37,0.355,0.37,117512
ELS,20200501,0.37,0.375,0.36,0.375,91409
ELS,20200504,0.375,0.39,0.37,0.385,315046
ELS,20200505,0.385,0.39,0.385,0.39,171139
ELS,20200506,0.4,0.4,0.395,0.4,140859
ELS,20200507,0.41,0.42,0.405,0.41,370373
ELS,20200508,0.42,0.42,0.4,0.405,354420
ELS,20200511,0.4,0.43,0.4,0.415,352761
ELS,20200512,0.425,0.425,0.36,0.405,252570
ELS,20200513,0.395,0.4,0.365,0.38,53845
ELS,20200514,0.38,0.38,0.345,0.38,50676
ELS,20200515,0.37,0.37,0.35,0.35,63678
ELS,20200518,0.355,0.355,0.335,0.35,22819
ELS,20200519,0.35,0.355,0.315,0.335,135038
ELS,20200520,0.335,0.34,0.325,0.335,37532
ELS,20200521,0.345,0.35,0.315,0.335,52337
ELS,20200522,0.325,0.325,0.3,0.325,58052
ELS,20200525,0.305,0.305,0.285,0.29,141656
ELS,20200526,0.32,0.33,0.3,0.315,109821
ELS,20200527,0.315,0.345,0.31,0.315,136414
ELS,20200528,0.325,0.335,0.31,0.325,270371
ELS,20200529,0.305,0.335,0.3,0.335,184933
ELS,20200601,0.335,0.34,0.305,0.33,87625
ELS,20200602,0.315,0.315,0.29,0.305,59191
ELS,20200603,0.315,0.335,0.31,0.31,295300
ELS,20200604,0.31,0.31,0.29,0.305,99419
ELS,20200605,0.31,0.31,0.29,0.3,187085
ELS,20200609,0.31,0.315,0.285,0.305,367379
ELS,20200610,0.305,0.31,0.3,0.307,235291
ELS,20200611,0.3,0.3,0.3,0.3,165322
ELS,20200612,0.3,0.325,0.3,0.325,244188
ELS,20200615,0.325,0.33,0.3,0.3,171730
ELS,20200616,0.31,0.31,0.285,0.295,289829
ELS,20200617,0.295,0.295,0.28,0.285,125760
ELS,20200618,0.3,0.32,0.3,0.32,236358
ELS,20200619,0.315,0.32,0.305,0.315,77327
ELS,20200622,0.32,0.32,0.3,0.32,94816
ELS,20200623,0.315,0.315,0.3,0.3,583102
ELS,20200624,0.305,0.305,0.285,0.305,223533
ELS,20200625,0.305,0.305,0.295,0.305,228315
ELS,20200626,0.295,0.305,0.295,0.305,76482
ELS,20200629,0.305,0.315,0.295,0.31,71413
ELS,20200630,0.3,0.305,0.285,0.3,163290
ELS,20200701,0.305,0.325,0.28,0.305,433946
ELS,20200702,0.31,0.31,0.285,0.3,83228
ELS,20200703,0.3,0.3,0.28,0.3,130896
ELS,20200706,0.29,0.29,0.29,0.29,3640
ELS,20200707,0.3,0.33,0.29,0.325,124368
ELS,20200708,0.31,0.33,0.31,0.315,63059
ELS,20200709,0.315,0.315,0.3,0.315,35567
ELS,20200710,0.3,0.305,0.3,0.3,7203
ELS,20200713,0.325,0.325,0.295,0.3,69649
ELS,20200714,0.3,0.305,0.295,0.295,9195
ELS,20200715,0.3,0.3,0.295,0.3,8276
ELS,20200716,0.3,0.3,0.285,0.29,79386
ELS,20200717,0.29,0.335,0.29,0.335,218625
ELS,20200720,0.32,0.345,0.315,0.315,190209
ELS,20200721,0.315,0.315,0.29,0.3,136697
ELS,20200722,0.295,0.31,0.285,0.31,43854
ELS,20200723,0.31,0.315,0.285,0.3,363643
ELS,20200724,0.295,0.31,0.29,0.3,128370
ELS,20200727,0.3,0.315,0.29,0.3,434300
ELS,20200728,0.3,0.3,0.29,0.295,208736
ELS,20200729,0.3,0.3,0.29,0.3,50721
ELS,20200730,0.305,0.6,0.295,0.49,5645039
ELS,20200731,0.47,0.49,0.43,0.47,813803
ELS,20200803,0.48,0.565,0.475,0.54,1021153
ELS,20200804,0.51,0.595,0.51,0.595,887698
ELS,20200805,0.595,0.605,0.54,0.565,1630227
ELS,20200806,0.57,0.595,0.54,0.58,982621
ELS,20200807,0.59,0.65,0.57,0.65,1616382
ELS,20200810,0.665,0.68,0.61,0.61,1268152
ELS,20200811,0.63,0.63,0.555,0.605,441050
ELS,20200812,0.605,0.65,0.59,0.625,527536
ELS,20200813,0.63,0.64,0.61,0.61,147649
ELS,20200814,0.62,0.63,0.61,0.62,87491
ELS,20200817,0.62,0.73,0.62,0.68,2455575
ELS,20200818,0.667,0.675,0.64,0.65,373057
ELS,20200819,0.67,0.68,0.63,0.64,466640
ELS,20200820,0.64,0.65,0.57,0.62,691997
ELS,20200821,0.615,0.615,0.58,0.6,274222
ELS,20200824,0.6,0.61,0.535,0.595,871896
ELS,20200825,0.58,0.595,0.55,0.565,640397
ELS,20200826,0.57,0.575,0.545,0.56,334258
ELS,20200827,0.56,0.635,0.56,0.63,728740
ELS,20200828,0.645,0.66,0.62,0.645,464595
ELS,20200831,0.63,0.63,0.55,0.56,391652
ELS,20200901,0.56,0.59,0.525,0.59,523999
ELS,20200902,0.59,0.615,0.57,0.61,706851
ELS,20200903,0.605,0.605,0.575,0.575,92865
ELS,20200904,0.55,0.555,0.515,0.525,871940
ELS,20200907,0.54,0.585,0.54,0.575,577474
ELS,20200908,0.59,0.595,0.565,0.57,237084
ELS,20200909,0.55,0.57,0.545,0.565,370493
ELS,20200910,0.57,0.57,0.53,0.53,234325
ELS,20200911,0.535,0.55,0.52,0.52,128618
ELS,20200914,0.525,0.535,0.48,0.505,379514
ELS,20200915,0.52,0.52,0.485,0.485,409709
ELS,20200916,0.51,0.57,0.505,0.56,481945
ELS,20200917,0.555,0.555,0.515,0.52,139914
ELS,20200918,0.52,0.54,0.49,0.52,235448
ELS,20200921,0.505,0.515,0.49,0.515,168225
ELS,20200922,0.515,0.53,0.485,0.5,250350
ELS,20200923,0.495,0.53,0.49,0.51,241350
ELS,20200924,0.505,0.51,0.485,0.51,157010
ELS,20200925,0.5,0.51,0.48,0.5,261572
ELS,20200928,0.48,0.515,0.48,0.5,140804
ELS,20200929,0.5,0.555,0.49,0.555,563659
ELS,20200930,0.555,0.57,0.545,0.57,408266
ELS,20201001,0.575,0.58,0.515,0.54,281239
ELS,20201002,0.54,0.54,0.51,0.525,127811
ELS,20201005,0.51,0.52,0.505,0.52,37431
ELS,20201006,0.535,0.545,0.5,0.54,746807
ELS,20201007,0.5,0.54,0.5,0.525,323864
ELS,20201008,0.525,0.585,0.525,0.585,607318
ELS,20201009,0.615,0.68,0.615,0.635,709291
ELS,20201012,0.63,0.63,0.58,0.59,100501
ELS,20201013,0.6,0.62,0.59,0.59,85573
ELS,20201014,0.585,0.6,0.58,0.595,92685
ELS,20201015,0.6,0.625,0.58,0.605,174258
ELS,20201016,0.605,0.625,0.58,0.625,208439
ELS,20201019,0.605,0.62,0.595,0.6,97636
ELS,20201020,0.6,0.6,0.585,0.595,116690
ELS,20201021,0.585,0.6,0.55,0.6,107736
ELS,20201022,0.59,0.59,0.545,0.575,64950
ELS,20201023,0.565,0.565,0.54,0.545,59168
ELS,20201026,0.56,0.595,0.56,0.59,165345
ELS,20201027,0.59,0.6,0.58,0.59,133510
ELS,20201028,0.6,0.6,0.555,0.555,229084
ELS,20201029,0.545,0.55,0.54,0.55,35000
ELS,20201030,0.555,0.575,0.52,0.575,289238
ELS,20201102,0.58,0.63,0.57,0.62,226713
ELS,20201103,0.61,0.625,0.59,0.62,206670
ELS,20201104,0.635,0.66,0.6,0.645,706340
ELS,20201105,0.66,0.66,0.575,0.575,281600
ELS,20201106,0.625,0.63,0.57,0.59,257595
ELS,20201109,0.56,0.645,0.555,0.63,453549
ELS,20201110,0.645,0.67,0.61,0.62,589078
ELS,20201111,0.61,0.61,0.58,0.61,262834
ELS,20201112,0.6,0.6,0.56,0.595,254364
ELS,20201113,0.59,0.595,0.57,0.58,374894
ELS,20201116,0.575,0.6,0.575,0.6,70260
ELS,20201117,0.58,0.59,0.52,0.535,653053
ELS,20201118,0.515,0.565,0.515,0.55,93582
ELS,20201120,0.52,0.52,0.51,0.52,55728
ELS,20201123,0.535,0.58,0.525,0.58,231237
ELS,20201124,0.6,0.615,0.585,0.59,193496
ELS,20201125,0.585,0.585,0.545,0.545,154890
ELS,20201126,0.55,0.57,0.535,0.55,101876
ELS,20201127,0.55,0.55,0.55,0.55,1500
ELS,20201130,0.535,0.535,0.505,0.525,178686
ELS,20201201,0.535,0.535,0.5,0.5,116492
ELS,20201202,0.51,0.52,0.495,0.51,106342
ELS,20201203,0.525,0.525,0.475,0.475,89008
ELS,20201204,0.485,0.525,0.485,0.515,145759
ELS,20201207,0.53,0.55,0.52,0.54,86431
ELS,20201208,0.55,0.565,0.525,0.555,66223
ELS,20201209,0.56,0.56,0.515,0.52,81327
ELS,20201210,0.48,0.525,0.45,0.515,678779
ELS,20201211,0.52,0.54,0.485,0.5,268025
ELS,20201214,0.495,0.5,0.455,0.485,532315
ELS,20201215,0.48,0.48,0.435,0.44,1238110
ELS,20201216,0.44,0.455,0.42,0.43,667155
ELS,20201217,0.46,0.46,0.415,0.42,1103311
ELS,20201218,0.42,0.44,0.4,0.42,341640
ELS,20201221,0.42,0.43,0.4,0.43,459523
ELS,20201222,0.42,0.42,0.41,0.42,225819
ELS,20201224,0.42,0.42,0.42,0.42,0
ELS,20201229,0.425,0.435,0.42,0.435,123529
ELS,20201230,0.435,0.44,0.42,0.42,241677
ELS,20201231,0.42,0.425,0.415,0.425,66021
ELS,20210104,0.415,0.425,0.415,0.425,70394
ELS,20210105,0.425,0.425,0.41,0.42,104356
ELS,20210106,0.425,0.43,0.42,0.425,70317
ELS,20210107,0.43,0.435,0.41,0.42,363330
ELS,20210108,0.42,0.42,0.385,0.405,411994
ELS,20210111,0.4,0.425,0.4,0.405,401657
ELS,20210112,0.4,0.4,0.39,0.4,101560
ELS,20210113,0.4,0.445,0.4,0.42,450912
ELS,20210114,0.425,0.43,0.42,0.42,56947
ELS,20210115,0.425,0.465,0.415,0.46,608616
ELS,20210118,0.455,0.48,0.45,0.47,414603
ELS,20210119,0.47,0.485,0.45,0.47,397132
ELS,20210120,0.47,0.47,0.455,0.455,107150
ELS,20210121,0.45,0.48,0.45,0.465,427632
ELS,20210122,0.455,0.455,0.435,0.445,251624
ELS,20210125,0.435,0.44,0.427,0.44,144586
ELS,20210127,0.435,0.45,0.42,0.45,194286
ELS,20210128,0.44,0.445,0.42,0.44,197409
ELS,20210129,0.435,0.445,0.415,0.445,215556
ELS,20210201,0.42,0.445,0.415,0.445,401510
ELS,20210203,0.425,0.425,0.405,0.415,172434
ELS,20210204,0.415,0.42,0.397,0.41,275786
ELS,20210205,0.42,0.46,0.415,0.455,641752
ELS,20210208,0.44,0.465,0.44,0.45,336466
ELS,20210209,0.455,0.455,0.42,0.44,199903
ELS,20210210,0.45,0.45,0.42,0.425,380732
ELS,20210211,0.43,0.445,0.42,0.445,212092
ELS,20210212,0.445,0.445,0.415,0.425,206341
ELS,20210215,0.43,0.455,0.422,0.455,333333
ELS,20210216,0.44,0.45,0.43,0.45,108314
ELS,20210217,0.45,0.6,0.45,0.59,1901601
ELS,20210218,0.57,0.58,0.54,0.55,726724
ELS,20210219,0.575,0.585,0.56,0.56,421681
ELS,20210222,0.56,0.615,0.56,0.605,982946
ELS,20210223,0.6,0.61,0.565,0.6,492494
ELS,20210224,0.6,0.6,0.54,0.57,415601
ELS,20210225,0.57,0.58,0.545,0.545,309318
ELS,20210226,0.555,0.575,0.48,0.5,803916
ELS,20210301,0.51,0.52,0.475,0.485,434978
ELS,20210302,0.53,0.55,0.495,0.495,729525
ELS,20210303,0.51,0.51,0.445,0.49,262858
ELS,20210304,0.485,0.485,0.44,0.465,305836
ELS,20210305,0.46,0.485,0.435,0.47,65074
ELS,20210308,0.46,0.485,0.45,0.485,227489
ELS,20210309,0.49,0.51,0.49,0.505,186135
ELS,20210310,0.51,0.52,0.48,0.48,130430
ELS,20210311,0.51,0.52,0.48,0.48,130430
ELS,20210312,0.48,0.48,0.46,0.475,136313
ELS,20210315,0.475,0.5,0.475,0.48,206195
ELS,20210316,0.48,0.48,0.43,0.43,367939
ELS,20210317,0.44,0.46,0.44,0.45,388983
ELS,20210318,0.46,0.485,0.46,0.48,131333
ELS,20210319,0.48,0.495,0.475,0.495,245437
ELS,20210322,0.485,0.495,0.455,0.495,202338
ELS,20210323,0.495,0.5,0.48,0.48,297279
ELS,20210324,0.485,0.51,0.485,0.51,336724
ELS,20210325,0.505,0.505,0.48,0.49,91490
ELS,20210329,0.535,0.545,0.52,0.535,369197
ELS,20210330,0.53,0.54,0.505,0.53,167743
ELS,20210331,0.53,0.545,0.52,0.545,189440
ELS,20210401,0.545,0.565,0.535,0.545,295088
ELS,20210406,0.56,0.56,0.52,0.53,486251
ELS,20210407,0.555,0.57,0.52,0.52,170575
ELS,20210408,0.52,0.525,0.505,0.51,239032
ELS,20210409,0.5,0.53,0.5,0.52,418302
ELS,20210412,0.525,0.535,0.5,0.51,364272
ELS,20210413,0.51,0.51,0.49,0.5,188437
ELS,20210414,0.505,0.515,0.48,0.48,218996
ELS,20210415,0.485,0.485,0.45,0.485,327610
ELS,20210416,0.48,0.48,0.445,0.465,229498
ELS,20210419,0.465,0.465,0.445,0.455,56106
ELS,20210420,0.455,0.465,0.43,0.455,392401
ELS,20210421,0.45,0.45,0.435,0.45,95118
ELS,20210422,0.455,0.48,0.45,0.48,220625
ELS,20210423,0.485,0.5,0.475,0.5,370516
ELS,20210426,0.49,0.5,0.48,0.49,33389
ELS,20210427,0.49,0.5,0.48,0.5,59566
ELS,20210428,0.495,0.5,0.485,0.5,136882
ELS,20210429,0.5,0.505,0.485,0.505,190593
ELS,20210430,0.48,0.48,0.44,0.475,292646
ELS,20210503,0.455,0.465,0.45,0.465,159167
ELS,20210504,0.45,0.465,0.435,0.45,409460
ELS,20210505,0.435,0.47,0.4,0.45,1167737
ELS,20210506,0.45,0.465,0.435,0.44,173852
ELS,20210507,0.44,0.44,0.42,0.43,236786
ELS,20210510,0.42,0.42,0.39,0.39,221319
ELS,20210511,0.39,0.4,0.375,0.4,328822
ELS,20210512,0.4,0.4,0.39,0.395,103640
ELS,20210513,0.385,0.395,0.38,0.39,178211
ELS,20210514,0.385,0.415,0.385,0.415,189362
ELS,20210517,0.4,0.415,0.38,0.4,464493
ELS,20210518,0.385,0.385,0.385,0.385,5000
ELS,20210519,0.385,0.4,0.38,0.4,88055
ELS,20210520,0.4,0.405,0.39,0.4,46425
ELS,20210521,0.39,0.405,0.385,0.405,18782
ELS,20210524,0.402,0.41,0.385,0.385,119285
ELS,20210525,0.4,0.4,0.385,0.39,32261
ELS,20210526,0.39,0.39,0.39,0.39,4000
ELS,20210527,0.39,0.415,0.39,0.405,235239
ELS,20210528,0.405,0.43,0.405,0.43,149325
ELS,20210531,0.445,0.46,0.44,0.46,157318
ELS,20210601,0.45,0.465,0.445,0.46,74425
ELS,20210602,0.44,0.44,0.44,0.44,27395
ELS,20210603,0.445,0.445,0.445,0.445,13000
ELS,20210604,0.44,0.44,0.42,0.43,60976
ELS,20210607,0.42,0.42,0.415,0.42,14427
ELS,20210609,0.415,0.43,0.405,0.43,136682
ELS,20210610,0.43,0.435,0.395,0.41,210125
ELS,20210611,0.405,0.405,0.4,0.4,62064
ELS,20210615,0.415,0.415,0.395,0.4,43240
ELS,20210616,0.4,0.415,0.4,0.415,103013
ELS,20210617,0.4,0.4,0.38,0.4,216024
ELS,20210618,0.405,0.43,0.405,0.43,505508
ELS,20210621,0.425,0.425,0.405,0.405,109688
ELS,20210622,0.405,0.405,0.39,0.405,158714
ELS,20210623,0.405,0.405,0.35,0.4,632876
ELS,20210625,0.385,0.39,0.385,0.39,48035
ELS,20210628,0.39,0.4,0.385,0.4,161327
ELS,20210629,0.4,0.405,0.39,0.4,111885
ELS,20210630,0.4,0.415,0.4,0.415,283436
ELS,20210701,0.42,0.42,0.4,0.42,61779
ELS,20210705,0.405,0.405,0.4,0.405,55691
ELS,20210706,0.4,0.4,0.38,0.4,169878
ELS,20210707,0.39,0.415,0.39,0.4,170902
ELS,20210708,0.395,0.405,0.395,0.405,60160
ELS,20210709,0.405,0.405,0.405,0.405,0
ELS,20210712,0.405,0.405,0.405,0.405,0
ELS,20210714,0.4,0.425,0.4,0.42,307881
ELS,20210715,0.42,0.48,0.42,0.48,939301
ELS,20210716,0.475,0.475,0.45,0.47,196490
ELS,20210719,0.465,0.465,0.43,0.445,133136
ELS,20210720,0.44,0.445,0.44,0.445,117328
ELS,20210723,0.445,0.445,0.42,0.42,218718
ELS,20210726,0.42,0.42,0.405,0.42,140664
ELS,20210727,0.41,0.415,0.39,0.415,130241
ELS,20210728,0.395,0.42,0.395,0.42,256455
ELS,20210729,0.415,0.44,0.41,0.44,479837
ELS,20210730,0.445,0.47,0.425,0.47,707868
ELS,20210802,0.47,0.47,0.42,0.435,461339
ELS,20210803,0.435,0.45,0.425,0.425,54444
ELS,20210804,0.445,0.45,0.41,0.425,213459
ELS,20210805,0.425,0.43,0.425,0.43,6196
ELS,20210806,0.445,0.445,0.41,0.415,30614
ELS,20210809,0.42,0.425,0.41,0.425,89653
ELS,20210810,0.415,0.43,0.415,0.42,39630
ELS,20210811,0.42,0.425,0.42,0.425,4000
ELS,20210812,0.42,0.42,0.42,0.42,3500
ELS,20210813,0.41,0.415,0.405,0.415,15751
ELS,20210819,0.42,0.425,0.41,0.41,84765
ELS,20210820,0.41,0.42,0.33,0.39,857186
ELS,20210823,0.39,0.43,0.39,0.41,317498
ELS,20210824,0.405,0.415,0.39,0.41,315173
ELS,20210825,0.415,0.435,0.415,0.415,134857
ELS,20210826,0.42,0.43,0.41,0.41,412314
ELS,20210827,0.415,0.425,0.415,0.425,126170
ELS,20210830,0.435,0.435,0.435,0.435,22931
ELS,20210831,0.425,0.45,0.41,0.45,377271
ELS,20210901,0.44,0.445,0.41,0.41,176045
ELS,20210902,0.42,0.43,0.41,0.43,124810
ELS,20210903,0.43,0.475,0.425,0.47,498081
ELS,20210906,0.47,0.475,0.46,0.475,172990
ELS,20210907,0.47,0.475,0.465,0.465,104653
ELS,20210908,0.465,0.47,0.46,0.47,96541
ELS,20210909,0.465,0.465,0.445,0.465,82983
ELS,20210910,0.465,0.465,0.44,0.465,201558
ELS,20210913,0.45,0.45,0.45,0.45,23829
ELS,20210914,0.43,0.455,0.43,0.44,308902
ELS,20210915,0.435,0.455,0.43,0.455,282032
ELS,20210916,0.455,0.46,0.44,0.46,41875
ELS,20210917,0.46,0.46,0.46,0.46,83
ELS,20210920,0.46,0.46,0.43,0.45,106325
ELS,20210922,0.44,0.44,0.43,0.435,69701
ELS,20210923,0.435,0.455,0.435,0.455,74548
ELS,20210924,0.46,0.46,0.445,0.45,170082
ELS,20210927,0.45,0.47,0.45,0.455,153277
ELS,20210928,0.455,0.46,0.445,0.455,75863
ELS,20210929,0.41,0.455,0.41,0.455,375721
ELS,20210930,0.455,0.46,0.45,0.46,101583
ELS,20211001,0.455,0.475,0.445,0.475,220947
ELS,20211004,0.48,0.48,0.45,0.46,294463
ELS,20211005,0.45,0.452,0.44,0.45,87478
ELS,20211006,0.435,0.45,0.425,0.44,147728
ELS,20211007,0.43,0.43,0.425,0.425,12000
ELS,20211008,0.44,0.44,0.44,0.44,0
ELS,20211011,0.425,0.44,0.405,0.425,175167
ELS,20211012,0.425,0.44,0.405,0.43,204167
ELS,20211013,0.435,0.46,0.42,0.46,348429
ELS,20211014,0.44,0.45,0.435,0.44,160148
ELS,20211019,0.42,0.43,0.42,0.43,17748
ELS,20211020,0.435,0.445,0.435,0.445,34721
ELS,20211021,0.45,0.455,0.44,0.44,14948
ELS,20211022,0.435,0.44,0.43,0.44,14000
ELS,20211025,0.43,0.45,0.405,0.44,137733
ELS,20211026,0.425,0.425,0.4,0.41,94881
ELS,20211028,0.405,0.42,0.38,0.42,114073
ELS,20211029,0.42,0.42,0.39,0.42,135884
ELS,20211101,0.42,0.42,0.42,0.42,0
ELS,20211102,0.4,0.4,0.395,0.4,27738
ELS,20211103,0.397,0.41,0.397,0.41,90839
ELS,20211104,0.405,0.405,0.39,0.4,31000
ELS,20211105,0.39,0.39,0.365,0.385,183486
ELS,20211109,0.385,0.39,0.37,0.39,102037
ELS,20211110,0.385,0.39,0.37,0.375,11838
ELS,20211112,0.39,0.39,0.37,0.375,122409
ELS,20211115,0.38,0.38,0.37,0.375,56105
ELS,20211116,0.37,0.37,0.365,0.365,57694
ELS,20211117,0.37,0.38,0.37,0.375,67187
ELS,20211118,0.375,0.39,0.375,0.39,52998
ELS,20211119,0.38,0.39,0.37,0.39,24856
ELS,20211122,0.39,0.395,0.37,0.38,23651
ELS,20211123,0.38,0.39,0.38,0.39,32428
ELS,20211124,0.39,0.41,0.38,0.4,107539
ELS,20211125,0.405,0.42,0.405,0.42,35726
ELS,20211126,0.41,0.41,0.41,0.41,2066
ELS,20211129,0.4,0.415,0.4,0.415,35403
ELS,20211130,0.42,0.43,0.415,0.43,77992
ELS,20211201,0.4,0.425,0.4,0.425,68881
ELS,20211202,0.43,0.43,0.42,0.43,143500
ELS,20211203,0.41,0.42,0.4,0.4,55502
ELS,20211206,0.395,0.4,0.37,0.385,245169
ELS,20211207,0.385,0.385,0.35,0.375,378890
ELS,20211208,0.37,0.37,0.37,0.37,24841
ELS,20211209,0.37,0.37,0.37,0.37,0
ELS,20211210,0.365,0.365,0.365,0.365,20000
ELS,20211213,0.365,0.37,0.36,0.365,300219
ELS,20211214,0.365,0.37,0.355,0.355,51190
ELS,20211216,0.36,0.365,0.36,0.36,53305
ELS,20211217,0.355,0.365,0.355,0.36,24642
ELS,20211220,0.355,0.37,0.35,0.37,45687
ELS,20211221,0.36,0.38,0.34,0.36,190815
ELS,20211222,0.36,0.36,0.36,0.36,0
ELS,20211223,0.36,0.36,0.36,0.36,0
ELS,20211224,0.36,0.36,0.36,0.36,0
ELS,20211229,0.35,0.36,0.35,0.355,53200
ELS,20211230,0.355,0.36,0.355,0.355,40882
ELS,20211231,0.36,0.38,0.355,0.38,69640
ELS,20220104,0.38,0.38,0.38,0.38,0
ELS,20220105,0.37,0.37,0.345,0.365,29544
ELS,20220106,0.37,0.37,0.36,0.36,12786
ELS,20220107,0.35,0.36,0.35,0.36,35655
ELS,20220110,0.35,0.39,0.35,0.39,333984
ELS,20220111,0.39,0.39,0.39,0.39,0
ELS,20220112,0.39,0.39,0.39,0.39,0
ELS,20220113,0.415,0.45,0.415,0.44,1195920
ELS,20220114,0.43,0.44,0.42,0.435,249437
ELS,20220117,0.435,0.445,0.42,0.445,263251
ELS,20220118,0.445,0.46,0.425,0.46,490961
ELS,20220119,0.45,0.48,0.45,0.47,389159
ELS,20220120,0.48,0.48,0.465,0.47,116520
ELS,20220121,0.46,0.475,0.452,0.465,72961
ELS,20220124,0.445,0.46,0.435,0.45,147917
ELS,20220125,0.45,0.46,0.39,0.45,357661
ELS,20220127,0.45,0.455,0.445,0.45,60715
ELS,20220128,0.445,0.455,0.445,0.45,20669
ELS,20220131,0.45,0.455,0.45,0.455,129015
ELS,20220201,0.455,0.455,0.45,0.45,13243
ELS,20220202,0.45,0.45,0.45,0.45,2803
ELS,20220203,0.41,0.45,0.41,0.45,2945
ELS,20220204,0.43,0.45,0.42,0.445,45725
ELS,20220207,0.45,0.45,0.42,0.45,70389
ELS,20220208,0.45,0.46,0.45,0.46,306071
ELS,20220209,0.455,0.46,0.455,0.46,3500
ELS,20220210,0.46,0.46,0.445,0.46,69371
ELS,20220211,0.46,0.46,0.46,0.46,24073
ELS,20220214,0.445,0.445,0.44,0.445,47785
ELS,20220215,0.44,0.44,0.425,0.425,172369
ELS,20220216,0.425,0.45,0.425,0.44,48253
ELS,20220217,0.435,0.44,0.425,0.425,66847
ELS,20220218,0.44,0.44,0.42,0.42,115144
ELS,20220221,0.42,0.45,0.41,0.45,284947
ELS,20220222,0.43,0.45,0.43,0.45,145589
ELS,20220223,0.445,0.45,0.445,0.45,38278
ELS,20220224,0.43,0.44,0.41,0.41,34508
ELS,20220225,0.44,0.445,0.425,0.44,52699
ELS,20220228,0.44,0.47,0.43,0.465,218176
ELS,20220301,0.47,0.48,0.46,0.47,270342
ELS,20220302,0.47,0.475,0.46,0.47,129838
ELS,20220303,0.455,0.47,0.455,0.455,183039
ELS,20220304,0.455,0.455,0.455,0.455,54353
ELS,20220307,0.455,0.455,0.455,0.455,0
ELS,20220308,0.455,0.455,0.41,0.425,364135
ELS,20220309,0.445,0.455,0.43,0.43,16207
ELS,20220310,0.43,0.46,0.425,0.455,663097
ELS,20220311,0.45,0.46,0.42,0.46,99638
ELS,20220314,0.44,0.44,0.44,0.44,14287
ELS,20220315,0.435,0.45,0.435,0.45,52297
ELS,20220316,0,0,0,0,0
ELS,20220317,0.42,0.46,0.42,0.45,272693
ELS,20220318,0.44,0.48,0.43,0.48,221913
ELS,20220321,0.48,0.525,0.48,0.5,402055
ELS,20220322,0.5,0.52,0.495,0.52,391978
ELS,20220323,0.52,0.532,0.505,0.525,241912
ELS,20220324,0.54,0.54,0.495,0.5,191171
ELS,20220325,0.5,0.5,0.48,0.49,88724
ELS,20220328,0.485,0.485,0.46,0.48,39756
ELS,20220329,0.47,0.47,0.46,0.47,45622
ELS,20220330,0.455,0.48,0.435,0.48,392898
ELS,20220331,0.48,0.48,0.455,0.475,109981
ELS,20220401,0.475,0.475,0.41,0.425,301392
ELS,20220404,0.425,0.435,0.405,0.405,236941
ELS,20220405,0.42,0.445,0.42,0.43,79288
ELS,20220406,0.43,0.43,0.42,0.425,22406
ELS,20220407,0.36,0.405,0.36,0.39,1233480
ELS,20220408,0.38,0.395,0.37,0.395,192170
ELS,20220411,0.39,0.39,0.37,0.375,317428
ELS,20220412,0.38,0.38,0.36,0.37,474940
ELS,20220413,0.37,0.385,0.37,0.375,233596
ELS,20220414,0.37,0.395,0.37,0.39,510122
ELS,20220419,0.385,0.385,0.36,0.385,94414
ELS,20220420,0.39,0.39,0.385,0.385,9781
ELS,20220421,0.39,0.39,0.385,0.385,9781
ELS,20220422,0.375,0.375,0.365,0.365,71955
ELS,20220426,0.37,0.375,0.36,0.36,91426
ELS,20220427,0.36,0.37,0.355,0.36,216053
ELS,20220428,0.36,0.39,0.36,0.385,161252
ELS,20220429,0.38,0.39,0.37,0.39,71546
ELS,20220502,0.375,0.38,0.365,0.365,203225
ELS,20220503,0.367,0.385,0.365,0.365,341498
ELS,20220504,0.38,0.385,0.36,0.36,91838
ELS,20220505,0.37,0.39,0.36,0.39,348041
ELS,20220506,0.38,0.41,0.38,0.39,928512
ELS,20220509,0.39,0.39,0.38,0.38,94146
ELS,20220510,0.375,0.385,0.375,0.385,137044
ELS,20220511,0.385,0.39,0.385,0.385,44627
ELS,20220512,0.38,0.385,0.375,0.385,51902
ELS,20220513,0.365,0.365,0.365,0.365,4061
ELS,20220516,0.365,0.385,0.36,0.385,159584
ELS,20220517,0.385,0.41,0.38,0.385,365144
ELS,20220518,0.39,0.405,0.39,0.4,21251
ELS,20220519,0.395,0.435,0.395,0.425,494362
ELS,20220520,0.425,0.435,0.425,0.43,145163
ELS,20220523,0.43,0.445,0.43,0.43,91775
ELS,20220524,0.435,0.435,0.42,0.435,33903
ELS,20220525,0.435,0.455,0.435,0.45,213972
ELS,20220526,0.455,0.46,0.42,0.425,691637
ELS,20220527,0.425,0.435,0.415,0.415,117614
ELS,20220530,0.435,0.47,0.415,0.47,421815
ELS,20220531,0.47,0.47,0.395,0.435,651425
ELS,20220601,0.45,0.47,0.445,0.47,633649
ELS,20220602,0.47,0.47,0.44,0.47,143199
ELS,20220603,0.47,0.47,0.455,0.47,222038
ELS,20220606,0.47,0.48,0.46,0.48,51014
ELS,20220607,0.44,0.475,0.44,0.475,24253
ELS,20220608,0.46,0.46,0.44,0.45,21959
ELS,20220609,0.45,0.455,0.45,0.45,67196
ELS,20220610,0.41,0.43,0.41,0.43,44552
ELS,20220614,0.395,0.41,0.38,0.41,37944
ELS,20220615,0.375,0.4,0.365,0.395,123337
ELS,20220616,0.385,0.4,0.375,0.4,118579
ELS,20220617,0.385,0.4,0.375,0.395,119772
ELS,20220620,0.375,0.375,0.325,0.36,257677
ELS,20220621,0.36,0.37,0.355,0.37,78972
ELS,20220622,0.37,0.4,0.355,0.4,1476062
ELS,20220623,0.405,0.405,0.395,0.4,24854
ELS,20220624,0.4,0.405,0.4,0.405,6340
ELS,20220627,0.395,0.42,0.385,0.415,79517
ELS,20220628,0.39,0.395,0.38,0.395,47014
ELS,20220629,0.395,0.395,0.395,0.395,0
ELS,20220630,0.42,0.42,0.385,0.395,237600
ELS,20220701,0.41,0.41,0.38,0.4,59141
ELS,20220704,0.39,0.4,0.39,0.4,11828
ELS,20220705,0.385,0.385,0.365,0.365,62794
ELS,20220706,0.365,0.365,0.365,0.365,0
ELS,20220707,0.39,0.4,0.36,0.365,196813
ELS,20220708,0.375,0.38,0.365,0.38,36067
ELS,20220711,0.37,0.37,0.37,0.37,31000
ELS,20220712,0.38,0.385,0.38,0.385,7646
ELS,20220713,0.385,0.4,0.385,0.4,39652
ELS,20220714,0.39,0.39,0.36,0.375,53821
ELS,20220715,0.375,0.39,0.37,0.39,153955
ELS,20220718,0.38,0.4,0.37,0.4,29346
ELS,20220719,0.4,0.4,0.4,0.4,0
ELS,20220720,0.4,0.4,0.4,0.4,0
ELS,20220721,0.39,0.39,0.36,0.38,109141
ELS,20220722,0.38,0.38,0.38,0.38,13499
ELS,20220725,0.365,0.365,0.36,0.36,19901
ELS,20220726,0.36,0.38,0.36,0.38,19426
ELS,20220727,0.38,0.4,0.345,0.39,66731
ELS,20220728,0.37,0.385,0.37,0.385,7008
ELS,20220729,0.38,0.385,0.37,0.385,22209
ELS,20220801,0.365,0.37,0.36,0.37,25851
ELS,20220802,0.365,0.365,0.33,0.35,98090
ELS,20220803,0.35,0.365,0.33,0.35,0
ELS,20220805,0.335,0.335,0.31,0.315,43821
ELS,20220808,0.335,0.36,0.335,0.36,26014
ELS,20220809,0.36,0.375,0.36,0.37,90012
ELS,20220810,0.37,0.375,0.36,0.37,0
ELS,20220811,0.35,0.35,0.335,0.335,43168
ELS,20220812,0.335,0.35,0.335,0.335,0
ELS,20220815,0.335,0.35,0.335,0.335,0
ELS,20220816,0.34,0.34,0.34,0.34,8000
ELS,20220817,0.345,0.35,0.34,0.35,21347
ELS,20220818,0.35,0.35,0.345,0.35,33175
ELS,20220819,0.35,0.35,0.325,0.325,40979
ELS,20220822,0.34,0.345,0.33,0.345,100651
ELS,20220823,0.345,0.345,0.34,0.34,55382
ELS,20220824,0.34,0.355,0.34,0.355,80857
ELS,20220825,0.355,0.365,0.355,0.36,39252
ELS,20220826,0.355,0.39,0.355,0.39,31497
ELS,20220829,0.39,0.41,0.38,0.4,148295
ELS,20220830,0.41,0.42,0.41,0.415,17034
ELS,20220831,0.41,0.415,0.4,0.41,18829
ELS,20220901,0.395,0.41,0.38,0.38,109442
ELS,20220902,0.39,0.39,0.38,0.38,85666
ELS,20220905,0.39,0.39,0.38,0.385,41882
ELS,20220906,0.385,0.385,0.375,0.38,25143
ELS,20220907,0.385,0.385,0.37,0.38,82309
ELS,20220909,0.39,0.39,0.39,0.39,3210
ELS,20220912,0.39,0.39,0.39,0.39,0
ELS,20220913,0.39,0.39,0.39,0.39,0
ELS,20220914,0.37,0.37,0.37,0.37,9500
ELS,20220915,0.37,0.37,0.37,0.37,0
ELS,20220916,0.37,0.37,0.37,0.37,2000
