EMMG,20190606,0,0,0,0,0
EMMG,20190607,0,0,0,0,0
EMMG,20190611,5.24,5.24,5.24,5.24,100
EMMG,20190612,5.24,5.24,5.24,5.24,0
EMMG,20190613,5.24,5.24,5.2,5.23,7803
EMMG,20190614,5.25,5.25,5.23,5.23,10440
EMMG,20190617,5.24,5.25,5.23,5.25,6260
EMMG,20190618,5.25,5.28,5.25,5.28,5477
EMMG,20190619,5.38,5.39,5.38,5.39,41262
EMMG,20190620,5.41,5.43,5.4,5.43,22511
EMMG,20190621,5.45,5.45,5.41,5.41,40238
EMMG,20190624,5.43,5.43,5.41,5.41,13606
EMMG,20190625,5.42,5.42,5.38,5.38,37784
EMMG,20190626,5.33,5.36,5.33,5.35,10788
EMMG,20190627,5.42,5.42,5.42,5.42,5400
EMMG,20190628,5.43,5.43,5.41,5.41,5501
EMMG,20190701,5.41,5.48,5.41,5.48,24211
EMMG,20190702,5.47,5.47,5.47,5.47,180
EMMG,20190703,5.5,5.5,5.42,5.42,38368
EMMG,20190704,5.46,5.46,5.46,5.46,3763
EMMG,20190705,5.44,5.44,5.44,5.44,6587
EMMG,20190708,5.45,5.45,5.41,5.41,1110
EMMG,20190709,5.4,5.4,5.38,5.38,5785
EMMG,20190710,5.44,5.46,5.44,5.46,184621
EMMG,20190711,5.48,5.48,5.48,5.48,1830
EMMG,20190712,5.46,5.46,5.45,5.45,4781
EMMG,20190715,5.4,5.43,5.4,5.43,1122
EMMG,20190716,5.43,5.43,5.43,5.43,0
EMMG,20190717,5.43,5.47,5.43,5.47,452
EMMG,20190718,5.41,5.41,5.4,5.4,10362
EMMG,20190719,5.45,5.46,5.45,5.46,6680
EMMG,20190722,5.43,5.43,5.43,5.43,183
EMMG,20190723,5.43,5.46,5.43,5.43,11303
EMMG,20190724,5.52,5.52,5.52,5.52,3600
EMMG,20190725,5.52,5.52,5.52,5.52,0
EMMG,20190726,5.5,5.5,5.5,5.5,181
EMMG,20190729,5.53,5.53,5.52,5.52,4593
EMMG,20190730,5.54,5.54,5.54,5.54,3358
EMMG,20190731,5.52,5.52,5.52,5.52,1856
EMMG,20190801,5.53,5.53,5.43,5.43,4228
EMMG,20190802,5.38,5.38,5.34,5.34,1910
EMMG,20190805,5.34,5.34,5.25,5.26,4653
EMMG,20190806,5,5,4.99,4.99,1855
EMMG,20190807,5.24,5.24,5.24,5.24,100
EMMG,20190808,5.3,5.3,5.28,5.28,1100
EMMG,20190809,5.28,5.28,5.28,5.28,0
EMMG,20190812,5.28,5.28,5.28,5.28,0
EMMG,20190813,5.2,5.21,5.2,5.21,2384
EMMG,20190814,5.25,5.28,5.25,5.28,1522
EMMG,20190815,5.28,5.28,5.28,5.28,0
EMMG,20190816,5.28,5.28,5.28,5.28,0
EMMG,20190819,5.31,5.31,5.31,5.31,1879
EMMG,20190820,5.31,5.31,5.31,5.31,3762
EMMG,20190821,5.31,5.31,5.31,5.31,0
EMMG,20190822,5.36,5.36,5.36,5.36,652
EMMG,20190823,5.36,5.36,5.36,5.36,0
EMMG,20190826,5.36,5.36,5.36,5.36,0
EMMG,20190827,5.26,5.26,5.26,5.26,10000
EMMG,20190828,5.26,5.26,5.26,5.26,0
EMMG,20190829,5.26,5.26,5.26,5.26,0
EMMG,20190830,5.37,5.37,5.37,5.37,114
EMMG,20190902,5.37,5.37,5.37,5.37,0
EMMG,20190903,5.34,5.34,5.34,5.34,1475
EMMG,20190904,5.3,5.3,5.3,5.3,828
EMMG,20190905,5.3,5.3,5.3,5.3,0
EMMG,20190906,5.3,5.3,5.3,5.3,0
EMMG,20190909,5.3,5.3,5.3,5.3,0
EMMG,20190910,5.39,5.39,5.39,5.39,1800
EMMG,20190911,5.39,5.39,5.39,5.39,0
EMMG,20190912,5.48,5.48,5.45,5.45,3329
EMMG,20190913,5.5,5.5,5.48,5.48,3301
EMMG,20190916,5.46,5.46,5.45,5.45,1009
EMMG,20190917,5.46,5.46,5.46,5.46,358
EMMG,20190918,5.46,5.5,5.46,5.5,1789
EMMG,20190919,5.52,5.52,5.52,5.52,520
EMMG,20190920,5.52,5.52,5.52,5.52,0
EMMG,20190923,5.56,5.62,5.56,5.62,1160
EMMG,20190924,5.61,5.61,5.59,5.59,364
EMMG,20190925,5.52,5.52,5.52,5.52,91
EMMG,20190926,5.52,5.52,5.52,5.52,0
EMMG,20190927,5.52,5.52,5.52,5.52,0
EMMG,20190930,5.49,5.49,5.49,5.49,112
EMMG,20191001,5.55,5.57,5.55,5.57,30000
EMMG,20191002,5.57,5.57,5.57,5.57,0
EMMG,20191003,5.46,5.46,5.46,5.46,5925
EMMG,20191004,5.53,5.53,5.49,5.49,31427
EMMG,20191007,5.55,5.55,5.55,5.55,4553
EMMG,20191008,5.51,5.51,5.51,5.51,7260
EMMG,20191009,5.44,5.44,5.44,5.44,21500
EMMG,20191010,5.49,5.5,5.47,5.5,52036
EMMG,20191011,5.52,5.52,5.52,5.52,917
EMMG,20191014,5.62,5.62,5.59,5.62,71166
EMMG,20191015,5.59,5.62,5.59,5.62,16869
EMMG,20191016,5.62,5.62,5.62,5.62,0
EMMG,20191017,5.65,5.65,5.65,5.65,1769
EMMG,20191018,5.65,5.65,5.65,5.65,6339
EMMG,20191021,5.57,5.57,5.57,5.57,5641
EMMG,20191022,5.57,5.57,5.57,5.57,0
EMMG,20191023,5.58,5.62,5.58,5.61,6988
EMMG,20191024,5.61,5.61,5.61,5.61,0
EMMG,20191025,5.7,5.7,5.7,5.7,5260
EMMG,20191028,5.7,5.7,5.7,5.7,0
EMMG,20191029,5.7,5.7,5.7,5.7,0
EMMG,20191030,5.69,5.69,5.67,5.67,9221
EMMG,20191031,5.65,5.65,5.65,5.65,110
EMMG,20191101,5.65,5.65,5.65,5.65,0
EMMG,20191104,5.65,5.65,5.65,5.65,0
EMMG,20191105,5.75,5.75,5.75,5.75,4600
EMMG,20191106,5.79,5.79,5.79,5.79,6000
EMMG,20191107,5.79,5.79,5.79,5.79,0
EMMG,20191108,5.76,5.76,5.76,5.76,96
EMMG,20191111,5.75,5.75,5.75,5.75,100
EMMG,20191112,5.74,5.74,5.74,5.74,1191
EMMG,20191113,5.74,5.74,5.72,5.72,2150
EMMG,20191114,5.71,5.71,5.71,5.71,176
EMMG,20191115,5.77,5.77,5.77,5.77,52000
EMMG,20191118,5.79,5.79,5.78,5.78,3600
EMMG,20191119,5.82,5.82,5.82,5.82,861
EMMG,20191120,5.8,5.8,5.77,5.78,5027
EMMG,20191121,5.74,5.74,5.74,5.74,1210
EMMG,20191122,5.76,5.77,5.76,5.77,3465
EMMG,20191125,5.77,5.77,5.77,5.77,0
EMMG,20191126,5.84,5.84,5.84,5.84,1500
EMMG,20191127,5.82,5.82,5.81,5.81,15649
EMMG,20191128,5.81,5.81,5.81,5.81,0
EMMG,20191129,5.85,5.85,5.77,5.77,44708
EMMG,20191202,5.77,5.8,5.77,5.78,11528
EMMG,20191203,5.67,5.69,5.67,5.69,5051
EMMG,20191204,5.65,5.66,5.64,5.64,3221
EMMG,20191205,5.72,5.72,5.71,5.71,800
EMMG,20191206,5.75,5.77,5.75,5.76,15185
EMMG,20191209,5.76,5.76,5.76,5.76,0
EMMG,20191210,5.78,5.78,5.78,5.78,43400
EMMG,20191211,5.78,5.78,5.78,5.78,0
EMMG,20191212,5.83,5.83,5.83,5.83,2500
EMMG,20191213,5.96,5.97,5.93,5.97,10606
EMMG,20191216,6,6.02,5.97,6.02,21619
EMMG,20191217,6.04,6.05,6.04,6.05,8720
EMMG,20191218,6.11,6.11,6.11,6.11,161
EMMG,20191219,6.15,6.15,6.11,6.11,17662
EMMG,20191220,6.07,6.08,6.07,6.08,6931
EMMG,20191223,6.1,6.1,6.08,6.08,10740
EMMG,20191224,6.08,6.08,6.08,6.08,0
EMMG,20191227,6.11,6.11,6.11,6.11,574
EMMG,20191230,6.11,6.11,6.11,6.11,0
EMMG,20191231,6.06,6.07,6.06,6.07,4748
EMMG,20200102,6.05,6.05,6.04,6.04,633
EMMG,20200103,6.16,6.16,6.15,6.15,18107
EMMG,20200106,6.14,6.14,6.1,6.1,1950
EMMG,20200107,6.04,6.11,6.04,6.11,5495
EMMG,20200108,6.05,6.13,6.05,6.13,5460
EMMG,20200109,6.2,6.23,6.2,6.23,940
EMMG,20200113,6.27,6.27,6.27,6.27,450
EMMG,20200114,6.41,6.41,6.39,6.39,22824
EMMG,20200115,6.34,6.34,6.34,6.34,2000
EMMG,20200116,6.35,6.35,6.31,6.31,20585
EMMG,20200117,6.36,6.36,6.35,6.35,7884
EMMG,20200120,6.39,6.4,6.39,6.4,5098
EMMG,20200121,6.35,6.35,6.34,6.34,4940
EMMG,20200122,6.33,6.33,6.32,6.33,20696
EMMG,20200123,6.34,6.35,6.31,6.31,18725
EMMG,20200124,6.33,6.33,6.29,6.32,3983
EMMG,20200128,6.17,6.19,6.13,6.19,13356
EMMG,20200129,6.19,6.19,6.19,6.19,0
EMMG,20200130,6.24,6.24,6.21,6.21,4051
EMMG,20200203,6.07,6.08,6.07,6.08,12259
EMMG,20200204,6.22,6.22,6.22,6.22,1607
EMMG,20200205,6.31,6.31,6.31,6.31,13000
EMMG,20200210,6.31,6.31,6.25,6.28,4067
EMMG,20200211,6.33,6.33,6.32,6.32,19153
EMMG,20200212,6.37,6.37,6.34,6.34,2723
EMMG,20200213,6.43,6.43,6.43,6.43,17080
EMMG,20200214,6.41,6.41,6.38,6.38,5308
EMMG,20200217,6.4,6.43,6.38,6.42,12171
EMMG,20200218,6.41,6.41,6.4,6.4,20266
EMMG,20200219,6.36,6.37,6.34,6.34,10210
EMMG,20200220,6.34,6.34,6.34,6.34,0
EMMG,20200221,6.32,6.37,6.32,6.37,1900
EMMG,20200224,6.37,6.37,6.18,6.2,21826
EMMG,20200225,6.08,6.18,6.05,6.14,13463
EMMG,20200226,5.99,6,5.99,6,3678
EMMG,20200227,6.13,6.13,6.1,6.12,5172
EMMG,20200228,5.85,6,5.8,5.96,31259
EMMG,20200302,5.94,5.99,5.88,5.99,28159
EMMG,20200303,6.25,6.25,6.2,6.2,1681
EMMG,20200304,5.95,6.06,5.91,6.04,10680
EMMG,20200305,6.2,6.2,6.14,6.14,46388
EMMG,20200306,6.05,6.05,6.01,6.01,4200
EMMG,20200309,5.81,5.9,5.59,5.75,12420
EMMG,20200310,5.46,5.73,5.43,5.73,24111
EMMG,20200311,5.76,5.78,5.76,5.78,10041
EMMG,20200312,5.58,5.58,5.4,5.4,12868
EMMG,20200313,5.13,5.13,5.04,5.11,11897
EMMG,20200316,5.4,5.61,5.4,5.51,8658
EMMG,20200317,5.08,5.3,5.08,5.29,16919
EMMG,20200318,5.33,5.33,5.29,5.29,3035
EMMG,20200319,5.28,5.42,5.2,5.2,8200
EMMG,20200320,5.05,5.14,5.05,5.14,8357
EMMG,20200323,5.14,5.14,5.14,5.14,0
EMMG,20200324,5.11,5.13,5.11,5.13,8913
EMMG,20200325,5.28,5.32,5.26,5.26,1135
EMMG,20200326,5.26,5.26,5.26,5.26,0
EMMG,20200327,5.53,5.71,5.49,5.49,1651
EMMG,20200330,5.23,5.23,5.08,5.15,4585
EMMG,20200331,5.15,5.15,5.15,5.15,0
EMMG,20200401,5.15,5.15,5.15,5.15,0
EMMG,20200402,5.14,5.14,5.14,5.14,1607
EMMG,20200403,5.27,5.27,5.22,5.22,8255
EMMG,20200406,5.36,5.36,5.36,5.36,1865
EMMG,20200407,5.46,5.46,5.35,5.35,11769
EMMG,20200408,5.35,5.35,5.35,5.35,0
EMMG,20200409,5.45,5.47,5.37,5.37,1424
EMMG,20200414,5.25,5.27,5.25,5.26,6582
EMMG,20200415,5.31,5.31,5.31,5.31,15842
EMMG,20200416,5.31,5.31,5.31,5.31,0
EMMG,20200417,5.43,5.48,5.43,5.48,7756
EMMG,20200420,5.48,5.48,5.48,5.48,0
EMMG,20200421,5.48,5.48,5.48,5.48,0
EMMG,20200422,5.48,5.48,5.48,5.48,0
EMMG,20200423,5.4,5.41,5.4,5.41,11259
EMMG,20200424,5.41,5.41,5.41,5.41,0
EMMG,20200427,5.41,5.41,5.41,5.41,0
EMMG,20200428,5.41,5.41,5.41,5.41,0
EMMG,20200429,5.34,5.34,5.31,5.31,6151
EMMG,20200430,5.47,5.47,5.46,5.46,2500
EMMG,20200501,5.31,5.37,5.31,5.37,3066
EMMG,20200504,5.23,5.23,5.23,5.23,837
EMMG,20200505,5.33,5.33,5.33,5.33,809
EMMG,20200506,5.33,5.33,5.33,5.33,0
EMMG,20200507,5.33,5.33,5.33,5.33,0
EMMG,20200508,5.31,5.32,5.31,5.32,1535
EMMG,20200511,5.32,5.32,5.32,5.32,0
EMMG,20200512,5.35,5.35,5.34,5.34,1155
EMMG,20200513,5.22,5.22,5.18,5.2,40349
EMMG,20200514,5.34,5.34,5.34,5.34,1778
EMMG,20200515,5.34,5.34,5.34,5.34,0
EMMG,20200518,5.34,5.34,5.34,5.34,0
EMMG,20200519,5.34,5.36,5.34,5.36,710
EMMG,20200520,5.29,5.29,5.29,5.29,109
EMMG,20200521,5.43,5.43,5.42,5.42,9855
EMMG,20200522,5.4,5.4,5.31,5.31,3338
EMMG,20200525,5.33,5.33,5.29,5.29,5100
EMMG,20200526,5.34,5.34,5.34,5.34,468
EMMG,20200527,5.32,5.32,5.32,5.32,2101
EMMG,20200528,5.37,5.37,5.35,5.35,416
EMMG,20200529,5.29,5.3,5.28,5.29,5531
EMMG,20200601,5.34,5.36,5.34,5.34,3886
EMMG,20200602,5.34,5.34,5.34,5.34,0
EMMG,20200603,5.38,5.38,5.38,5.38,3741
EMMG,20200604,5.49,5.49,5.46,5.46,416
EMMG,20200605,5.42,5.45,5.42,5.45,5723
EMMG,20200609,5.52,5.57,5.52,5.57,4652
EMMG,20200610,5.56,5.59,5.56,5.58,6337
EMMG,20200611,5.53,5.58,5.52,5.55,7352
EMMG,20200612,5.45,5.45,5.45,5.45,380
EMMG,20200615,5.45,5.49,5.45,5.49,2625
EMMG,20200616,5.5,5.5,5.46,5.48,7803
EMMG,20200617,5.59,5.59,5.59,5.59,85
EMMG,20200618,5.56,5.59,5.56,5.59,3000
EMMG,20200619,5.59,5.59,5.59,5.59,0
EMMG,20200622,5.59,5.59,5.59,5.59,0
EMMG,20200623,5.66,5.66,5.66,5.66,3533
EMMG,20200624,5.66,5.66,5.66,5.66,361
EMMG,20200625,5.66,5.66,5.66,5.66,200
EMMG,20200626,5.63,5.63,5.63,5.63,204
EMMG,20200629,5.56,5.56,5.56,5.56,468
EMMG,20200630,5.6,5.6,5.6,5.6,196
EMMG,20200701,5.64,5.64,5.62,5.62,1778
EMMG,20200702,5.62,5.62,5.62,5.62,0
EMMG,20200703,5.7,5.74,5.7,5.74,1702
EMMG,20200706,5.76,5.8,5.76,5.8,25000
EMMG,20200707,5.89,5.89,5.88,5.88,1650
EMMG,20200708,5.83,5.83,5.83,5.83,159
EMMG,20200709,5.83,5.83,5.83,5.83,0
EMMG,20200710,5.93,5.93,5.92,5.93,16707
EMMG,20200713,6.01,6.01,5.97,5.97,2080
EMMG,20200714,5.85,5.85,5.85,5.85,1622
EMMG,20200715,5.91,5.91,5.91,5.91,1725
EMMG,20200716,5.86,5.9,5.8,5.81,3682
EMMG,20200717,5.8,5.8,5.78,5.78,10952
EMMG,20200720,5.78,5.78,5.78,5.78,0
EMMG,20200721,5.78,5.78,5.78,5.78,0
EMMG,20200722,5.95,5.95,5.91,5.91,85
EMMG,20200723,5.83,5.87,5.83,5.87,7568
EMMG,20200724,5.87,5.87,5.87,5.87,0
EMMG,20200727,5.87,5.87,5.87,5.87,3000
EMMG,20200728,5.87,5.87,5.87,5.87,0
EMMG,20200729,5.91,5.92,5.91,5.92,3147
EMMG,20200730,5.95,6,5.95,6,1868
EMMG,20200731,6,6,5.97,5.97,296
EMMG,20200803,5.99,5.99,5.95,5.95,1368
EMMG,20200804,5.95,5.95,5.95,5.95,0
EMMG,20200805,6.02,6.02,6.02,6.02,4693
EMMG,20200806,6.06,6.09,6.06,6.08,1581
EMMG,20200807,6.08,6.08,6.08,6.08,0
EMMG,20200810,6.04,6.07,6,6,3713
EMMG,20200811,6.03,6.07,6.03,6.06,4645
EMMG,20200812,6.06,6.06,6.06,6.06,0
EMMG,20200813,6.08,6.08,6.08,6.08,500
EMMG,20200814,6.09,6.09,6.09,6.09,3278
EMMG,20200817,6.09,6.09,6.09,6.09,0
EMMG,20200818,6.04,6.04,6.03,6.03,491
EMMG,20200819,6.03,6.05,6,6.01,20727
EMMG,20200820,6.01,6.01,5.93,5.95,15984
EMMG,20200821,5.98,6.01,5.98,6,15726
EMMG,20200824,6.1,6.1,6.1,6.1,8200
EMMG,20200825,6.19,6.19,6.14,6.14,8021
EMMG,20200826,6.15,6.19,6.15,6.19,3426
EMMG,20200827,6.21,6.22,6.2,6.21,25932
EMMG,20200828,6.15,6.15,6.13,6.13,1439
EMMG,20200831,6.1,6.11,6.07,6.07,2889
EMMG,20200901,5.95,5.99,5.95,5.99,11768
EMMG,20200902,6.03,6.08,6.03,6.07,4263
EMMG,20200903,6.13,6.13,6.1,6.12,4743
EMMG,20200904,5.99,6.03,5.99,6.03,8748
EMMG,20200907,5.97,6.01,5.97,5.98,5186
EMMG,20200908,6.01,6.01,6.01,6.01,1644
EMMG,20200909,5.94,5.94,5.93,5.93,561
EMMG,20200910,5.93,5.93,5.93,5.93,0
EMMG,20200911,5.93,5.93,5.93,5.93,0
EMMG,20200914,6.05,6.05,6.05,6.05,334
EMMG,20200915,6.03,6.07,6.03,6.07,492
EMMG,20200916,6.07,6.07,6.07,6.07,0
EMMG,20200917,6.05,6.05,6.05,6.05,85
EMMG,20200918,6.04,6.04,6,6,3969
EMMG,20200921,5.99,5.99,5.99,5.99,1168
EMMG,20200922,5.97,5.97,5.97,5.97,8750
EMMG,20200923,5.99,5.99,5.99,5.99,160
EMMG,20200924,5.99,5.99,5.99,5.99,0
EMMG,20200925,6,6,5.95,5.95,5500
EMMG,20200928,6,6.02,6,6.02,4503
EMMG,20200929,6.06,6.06,6.06,6.06,490
EMMG,20200930,6.03,6.03,6,6,1282
EMMG,20201001,6.09,6.09,6.09,6.09,400
EMMG,20201002,6.06,6.06,6.06,6.06,10000
EMMG,20201005,6.08,6.08,6.08,6.08,300
EMMG,20201006,6.1,6.1,6.1,6.1,270
EMMG,20201007,6.1,6.1,6.1,6.1,0
EMMG,20201008,6.25,6.27,6.25,6.26,2649
EMMG,20201009,6.27,6.31,6.27,6.31,6059
EMMG,20201012,6.26,6.26,6.25,6.25,3600
EMMG,20201013,6.36,6.36,6.31,6.34,5113
EMMG,20201014,6.34,6.35,6.34,6.35,3697
EMMG,20201015,6.34,6.34,6.34,6.34,1573
EMMG,20201016,6.34,6.34,6.34,6.34,1419
EMMG,20201019,6.34,6.34,6.34,6.34,0
EMMG,20201020,6.42,6.42,6.42,6.42,158
EMMG,20201021,6.46,6.46,6.42,6.42,3384
EMMG,20201022,6.37,6.4,6.37,6.4,1000
EMMG,20201023,6.4,6.4,6.4,6.4,778
EMMG,20201026,6.38,6.38,6.34,6.38,9445
EMMG,20201027,6.38,6.38,6.38,6.38,0
EMMG,20201028,6.33,6.33,6.33,6.33,1418
EMMG,20201029,6.35,6.35,6.35,6.35,79
EMMG,20201030,6.37,6.41,6.37,6.41,881
EMMG,20201102,6.3,6.3,6.3,6.3,1000
EMMG,20201103,6.39,6.39,6.39,6.39,769
EMMG,20201104,6.32,6.32,6.3,6.3,2707
EMMG,20201105,6.3,6.3,6.3,6.3,0
EMMG,20201106,6.49,6.51,6.48,6.48,1994
EMMG,20201109,6.54,6.64,6.54,6.64,12078
EMMG,20201110,6.61,6.61,6.58,6.59,9724
EMMG,20201111,6.48,6.49,6.48,6.49,1016
EMMG,20201112,6.48,6.48,6.46,6.46,11089
EMMG,20201113,6.51,6.51,6.51,6.51,3179
EMMG,20201116,6.57,6.57,6.57,6.57,158
EMMG,20201117,6.6,6.6,6.55,6.58,521
EMMG,20201118,6.6,6.61,6.6,6.61,24986
EMMG,20201120,6.61,6.62,6.6,6.62,6359
EMMG,20201123,6.64,6.7,6.64,6.67,6795
EMMG,20201124,6.76,6.76,6.75,6.75,450
EMMG,20201125,6.76,6.76,6.74,6.74,3225
EMMG,20201126,6.69,6.69,6.69,6.69,5970
EMMG,20201127,6.71,6.76,6.71,6.76,1705
EMMG,20201130,6.77,6.77,6.69,6.72,37604
EMMG,20201201,6.66,6.7,6.66,6.7,6586
EMMG,20201202,6.7,6.7,6.7,6.7,0
EMMG,20201203,6.73,6.77,6.73,6.77,510
EMMG,20201204,6.78,6.87,6.78,6.87,2685
EMMG,20201207,6.92,6.92,6.86,6.86,1726
EMMG,20201208,6.86,6.86,6.84,6.86,11493
EMMG,20201209,6.87,6.92,6.87,6.87,2836
EMMG,20201210,6.86,6.87,6.83,6.85,3081
EMMG,20201211,6.77,6.78,6.75,6.75,19391
EMMG,20201214,6.77,6.78,6.77,6.78,1996
EMMG,20201215,6.73,6.73,6.69,6.69,23682
EMMG,20201216,6.72,6.72,6.72,6.72,2800
EMMG,20201217,6.77,6.77,6.76,6.77,12282
EMMG,20201218,6.79,6.79,6.75,6.76,6482
EMMG,20201221,6.75,6.76,6.68,6.73,11402
EMMG,20201222,6.67,6.72,6.67,6.72,2382
EMMG,20201224,6.68,6.68,6.68,6.68,0
EMMG,20201229,6.68,6.68,6.68,6.68,0
EMMG,20201230,6.73,6.73,6.73,6.73,37102
EMMG,20201231,6.73,6.73,6.73,6.73,0
EMMG,20210104,6.86,6.9,6.86,6.9,1533
EMMG,20210105,6.86,6.9,6.86,6.9,4567
EMMG,20210106,6.94,6.94,6.94,6.94,475
EMMG,20210107,6.89,6.89,6.86,6.86,10963
EMMG,20210108,6.92,6.92,6.92,6.92,3800
EMMG,20210111,7.07,7.18,7.07,7.18,11561
EMMG,20210112,7.15,7.15,7.1,7.1,13387
EMMG,20210113,7.08,7.12,7.08,7.12,2904
EMMG,20210114,7.17,7.18,7.14,7.17,4369
EMMG,20210115,7.18,7.21,7.17,7.18,10699
EMMG,20210118,7.19,7.2,7.19,7.2,1513
EMMG,20210119,7.22,7.34,7.22,7.34,13116
EMMG,20210120,7.38,7.4,7.37,7.39,38358
EMMG,20210121,7.49,7.49,7.46,7.46,10782
EMMG,20210122,7.44,7.44,7.42,7.42,7469
EMMG,20210125,7.41,7.47,7.41,7.47,6760
EMMG,20210127,7.37,7.38,7.33,7.33,4864
EMMG,20210128,7.22,7.23,7.15,7.23,10515
EMMG,20210129,7.23,7.23,7.18,7.18,21808
EMMG,20210201,7.08,7.21,7.01,7.21,28506
EMMG,20210203,7.51,7.51,7.46,7.5,5743
EMMG,20210204,7.52,7.52,7.43,7.43,9618
EMMG,20210205,7.53,7.55,7.53,7.53,15043
EMMG,20210208,7.73,7.73,7.5,7.51,1573
EMMG,20210209,7.49,7.49,7.45,7.49,580438
EMMG,20210210,7.49,7.53,7.49,7.53,51490
EMMG,20210211,7.53,7.55,7.53,7.55,9714
EMMG,20210212,7.55,7.56,7.55,7.55,7614
EMMG,20210215,7.54,7.62,7.54,7.62,9193
EMMG,20210216,7.63,7.65,7.61,7.62,16215
EMMG,20210217,7.6,7.66,7.6,7.66,4340
EMMG,20210218,7.69,7.69,7.63,7.63,20022
EMMG,20210219,7.54,7.54,7.47,7.5,10601
EMMG,20210222,7.45,7.46,7.4,7.4,4094
EMMG,20210223,7.26,7.26,7.22,7.22,2093
EMMG,20210224,7.24,7.24,7.14,7.15,17985
EMMG,20210225,7.09,7.18,7.09,7.18,26819
EMMG,20210226,7.1,7.15,7.05,7.05,11304
EMMG,20210301,7.05,7.15,6.99,7.15,5800
EMMG,20210302,7.22,7.28,7.18,7.18,4407
EMMG,20210303,7.12,7.12,7.1,7.11,25593
EMMG,20210304,7.19,7.22,7.05,7.05,5297
EMMG,20210305,7.03,7.06,7.02,7.06,3733
EMMG,20210308,7.19,7.19,7.07,7.07,4376
EMMG,20210309,7.01,7.01,6.93,6.98,2785
EMMG,20210310,7.01,7.06,6.99,7.06,8873
EMMG,20210311,7.01,7.06,6.99,7.06,8873
EMMG,20210312,7.19,7.19,7.17,7.17,611
EMMG,20210315,7.09,7.09,7.05,7.05,1257
EMMG,20210316,7.07,7.07,7.02,7.04,5339
EMMG,20210317,7.07,7.07,7.04,7.04,21948
EMMG,20210318,7,7,6.99,7,3027
EMMG,20210319,7,7.11,6.94,6.94,9008
EMMG,20210322,7,7,6.99,6.99,8875
EMMG,20210323,7.01,7.02,6.96,6.96,4757
EMMG,20210324,6.96,6.96,6.94,6.94,1109
EMMG,20210325,6.92,6.92,6.86,6.86,2692
EMMG,20210329,6.95,6.95,6.95,6.95,166
EMMG,20210330,6.94,6.94,6.94,6.94,46395
EMMG,20210331,6.94,6.94,6.94,6.94,0
EMMG,20210401,6.98,7.09,6.98,7.09,10000
EMMG,20210406,7.17,7.17,7.17,7.17,416
EMMG,20210407,7.17,7.18,7.11,7.11,7480
EMMG,20210408,7.09,7.12,7.09,7.11,2090
EMMG,20210409,7.11,7.11,7.07,7.11,9387
EMMG,20210412,7.1,7.1,6.98,6.98,2819
EMMG,20210413,7.04,7.09,7.03,7.03,1676
EMMG,20210414,7.03,7.07,7.03,7.06,4907
EMMG,20210415,7,7,6.96,7,1033
EMMG,20210416,7.05,7.06,7.03,7.03,12366
EMMG,20210419,7.04,7.09,7.03,7.05,30472
EMMG,20210420,6.99,6.99,6.97,6.97,1629
EMMG,20210421,6.97,6.97,6.93,6.93,7506
EMMG,20210422,6.87,6.9,6.87,6.9,2814
EMMG,20210423,6.92,6.99,6.88,6.98,16456
EMMG,20210426,7.02,7.02,6.98,6.98,1231
EMMG,20210427,6.97,7.01,6.96,7.01,9241
EMMG,20210428,7.03,7.04,7.03,7.04,120
EMMG,20210429,7.03,7.08,7.01,7.08,6731
EMMG,20210430,7.06,7.06,6.96,6.96,16610
EMMG,20210503,6.95,6.98,6.92,6.95,4775
EMMG,20210504,6.95,6.96,6.93,6.93,218
EMMG,20210505,6.93,6.94,6.89,6.92,6548
EMMG,20210506,6.89,6.91,6.84,6.84,16029
EMMG,20210507,6.91,6.91,6.86,6.9,1160
EMMG,20210510,6.88,6.88,6.83,6.84,12281
EMMG,20210511,6.8,6.8,6.67,6.68,10565
EMMG,20210512,6.69,6.73,6.66,6.66,5179
EMMG,20210513,6.67,6.7,6.66,6.7,15199
EMMG,20210514,6.68,6.71,6.64,6.71,3701
EMMG,20210517,6.68,6.74,6.67,6.74,9106
EMMG,20210518,6.74,6.79,6.74,6.79,563
EMMG,20210519,6.73,6.75,6.73,6.75,1120
EMMG,20210520,6.81,6.83,6.78,6.83,4857
EMMG,20210521,6.89,6.91,6.85,6.85,5211
EMMG,20210524,6.88,6.89,6.83,6.85,4580
EMMG,20210525,6.88,6.95,6.88,6.95,2697
EMMG,20210526,6.94,6.95,6.9,6.95,1663
EMMG,20210527,6.97,6.98,6.93,6.95,15924
EMMG,20210528,6.97,7.02,6.97,7,5935
EMMG,20210531,7.01,7.06,7.01,7.06,12381
EMMG,20210601,7.1,7.11,7.1,7.11,170052
EMMG,20210602,7.15,7.15,7.13,7.13,6249
EMMG,20210603,7.17,7.18,7.17,7.17,15559
EMMG,20210604,7.15,7.19,7.14,7.17,9971
EMMG,20210607,7.15,7.15,7.11,7.11,4704
EMMG,20210609,7.06,7.09,7.06,7.08,19600
EMMG,20210610,7.08,7.11,7.08,7.1,14982
EMMG,20210611,7.11,7.14,7.1,7.14,24836
EMMG,20210615,7.17,7.18,7.14,7.15,7642
EMMG,20210616,7.14,7.15,7.08,7.08,12371
EMMG,20210617,7.1,7.1,7.1,7.1,1000
EMMG,20210618,7.21,7.26,7.21,7.24,27049
EMMG,20210621,7.2,7.2,7.15,7.19,6691
EMMG,20210622,7.24,7.24,7.19,7.21,6258
EMMG,20210623,7.18,7.19,7.18,7.19,352
EMMG,20210625,7.26,7.3,7.26,7.3,2453
EMMG,20210628,7.31,7.35,7.28,7.28,16884
EMMG,20210629,7.32,7.34,7.32,7.34,10405
EMMG,20210630,7.39,7.4,7.35,7.4,3465
EMMG,20210701,7.28,7.28,7.27,7.28,17568
EMMG,20210705,7.2,7.2,7.16,7.17,10867
EMMG,20210706,7.13,7.13,7.05,7.05,6420
EMMG,20210707,7.13,7.13,7.09,7.1,5125
EMMG,20210708,7.07,7.07,7.02,7.06,18717
EMMG,20210709,7.02,7.02,6.99,6.99,2640
EMMG,20210712,7,7.05,6.99,7.05,10566
EMMG,20210714,7.16,7.16,7.1,7.1,15573
EMMG,20210715,7.14,7.19,7.14,7.19,1010
EMMG,20210716,7.18,7.22,7.18,7.21,10121
EMMG,20210719,7.19,7.19,7.15,7.15,12070
EMMG,20210720,7.13,7.13,7.09,7.13,29052
EMMG,20210723,7.19,7.22,7.19,7.19,2753
EMMG,20210726,7.13,7.17,7.01,7.01,9645
EMMG,20210727,6.95,7,6.94,6.94,20395
EMMG,20210728,6.9,6.9,6.74,6.77,29787
EMMG,20210729,6.89,6.99,6.89,6.95,15299
EMMG,20210730,7.01,7.01,6.95,6.95,17615
EMMG,20210802,6.96,6.99,6.96,6.99,4656
EMMG,20210803,7,7.02,6.95,7,2878
EMMG,20210804,7.04,7.1,7.02,7.1,21899
EMMG,20210805,7.12,7.13,7.11,7.11,8573
EMMG,20210806,7.09,7.09,7.03,7.06,12763
EMMG,20210809,7.07,7.07,7.01,7.06,11834
EMMG,20210810,7.08,7.12,7.08,7.12,3873
EMMG,20210811,7.12,7.12,7.03,7.03,9640
EMMG,20210812,7.06,7.06,7.04,7.04,15502
EMMG,20210813,7.06,7.06,7,7,10409
EMMG,20210819,7,7,6.95,6.95,9781
EMMG,20210820,6.95,6.95,6.87,6.87,3140
EMMG,20210823,6.9,6.9,6.86,6.86,4197
EMMG,20210824,6.92,6.96,6.89,6.96,9728
EMMG,20210825,7.01,7.01,7.01,7.01,14165
EMMG,20210826,7.03,7.03,6.99,6.99,9815
EMMG,20210827,7,7,7,7,1428
EMMG,20210830,6.92,6.98,6.92,6.95,31826
EMMG,20210831,7.02,7.03,6.96,6.98,27313
EMMG,20210901,7.11,7.14,7.11,7.14,3357030
EMMG,20210902,7.11,7.15,7.09,7.11,65567
EMMG,20210903,7.11,7.12,7.05,7.09,28553
EMMG,20210906,7.04,7.14,7.04,7.13,58458
EMMG,20210907,7.11,7.18,7.11,7.18,25197
EMMG,20210908,7.17,7.21,7.11,7.17,38332
EMMG,20210909,7.13,7.13,7.03,7.03,35209
EMMG,20210910,7.03,7.1,7.03,7.1,26951
EMMG,20210913,7.13,7.13,7,7,13073
EMMG,20210914,7.02,7.08,7.02,7.08,35108
EMMG,20210915,7.07,7.07,7.02,7.03,42804
EMMG,20210916,7.03,7.03,6.96,6.97,27053
EMMG,20210917,7,7.03,6.97,7.03,47145
EMMG,20210920,6.99,7,6.91,6.96,71074
EMMG,20210922,6.85,6.89,6.84,6.84,65454
EMMG,20210923,6.96,7.01,6.96,6.99,42270
EMMG,20210924,6.98,7,6.96,7,35648
EMMG,20210927,7,7,6.96,6.99,10239
EMMG,20210928,6.94,6.98,6.94,6.97,51651
EMMG,20210929,6.94,6.94,6.85,6.88,37298
EMMG,20210930,6.91,6.93,6.87,6.89,40077
EMMG,20211001,6.86,6.86,6.82,6.84,51361
EMMG,20211004,6.78,6.81,6.74,6.76,8216
EMMG,20211005,6.73,6.73,6.66,6.7,35286
EMMG,20211006,6.73,6.78,6.69,6.74,30235
EMMG,20211007,6.72,6.82,6.71,6.82,32711
EMMG,20211008,6.84,6.895,6.84,6.85,301584
EMMG,20211011,6.9,6.99,6.88,6.99,19098
EMMG,20211012,6.9,6.99,6.88,6.99,19098
EMMG,20211013,6.9,6.91,6.9,6.91,23084
EMMG,20211014,6.9,6.96,6.9,6.95,23794
EMMG,20211019,7.07,7.1,7.05,7.09,25937
EMMG,20211020,7.09,7.11,7.08,7.1,56802
EMMG,20211021,7.08,7.08,7.01,7.05,50463
EMMG,20211022,7.07,7.07,7.02,7.05,13908
EMMG,20211025,7.06,7.07,7.02,7.06,22943
EMMG,20211026,7.08,7.09,7.05,7.05,87979
EMMG,20211028,6.96,6.98,6.94,6.98,54981
EMMG,20211029,6.95,6.95,6.91,6.92,85658
EMMG,20211101,6.94,6.95,6.9,6.92,29386
EMMG,20211102,6.92,6.99,6.89,6.93,9752
EMMG,20211103,6.97,6.99,6.94,6.95,10322
EMMG,20211104,6.95,7.01,6.95,6.99,59309
EMMG,20211105,7.05,7.05,7.01,7.05,61881
EMMG,20211109,7,7.06,7,7.03,43665
EMMG,20211110,7.07,7.08,7,7,32062
EMMG,20211112,7.15,7.2,7.15,7.17,37718
EMMG,20211115,7.16,7.17,7.12,7.14,26234
EMMG,20211116,7.09,7.14,7.09,7.14,33112
EMMG,20211117,7.2,7.21,7.15,7.2,43359
EMMG,20211118,7.2,7.21,7.14,7.16,43020
EMMG,20211119,7.14,7.15,7.07,7.07,34035
EMMG,20211122,7.15,7.2,7.14,7.18,44252
EMMG,20211123,7.11,7.11,7.05,7.06,62787
EMMG,20211124,7.07,7.09,7.03,7.07,31723
EMMG,20211125,7.1,7.1,7.04,7.09,16332
EMMG,20211126,7.11,7.11,6.99,7.02,79213
EMMG,20211129,6.96,6.99,6.93,6.99,63380
EMMG,20211130,7.01,7.03,6.94,6.94,20424
EMMG,20211201,6.93,6.98,6.9,6.98,25904
EMMG,20211202,6.93,7.06,6.93,7.06,44670
EMMG,20211203,7.14,7.14,6.96,7.01,26823
EMMG,20211206,7.06,7.07,6.99,7,44402
EMMG,20211207,6.96,6.97,6.93,6.96,26041
EMMG,20211208,7,7.04,7,7.02,48681
EMMG,20211209,7.04,7.05,7,7.04,54092
EMMG,20211210,7.07,7.07,7.01,7.03,34486
EMMG,20211213,7.01,7.07,7.01,7.04,44246
EMMG,20211214,6.95,6.97,6.93,6.96,31404
EMMG,20211216,6.91,6.91,6.86,6.88,46696
EMMG,20211217,6.82,6.84,6.75,6.75,45390
EMMG,20211220,6.8,6.8,6.73,6.73,37360
EMMG,20211221,6.72,6.74,6.7,6.74,44856
EMMG,20211222,6.74,6.8,6.74,6.75,44054
EMMG,20211223,6.77,6.8,6.72,6.78,25783
EMMG,20211224,6.79,6.79,6.75,6.78,38488
EMMG,20211229,6.78,6.78,6.72,6.76,22147
EMMG,20211230,6.73,6.74,6.7,6.74,26190
EMMG,20211231,6.76,6.78,6.71,6.78,8060
EMMG,20220104,6.82,6.87,6.82,6.84,25145
EMMG,20220105,6.82,6.82,6.74,6.75,20039
EMMG,20220106,6.66,6.73,6.66,6.72,12966
EMMG,20220107,6.79,6.82,6.75,6.82,20088
EMMG,20220110,6.82,6.82,6.76,6.79,14184
EMMG,20220111,6.82,6.88,6.82,6.88,21285
EMMG,20220112,6.89,7.01,6.89,7.01,32964
EMMG,20220113,6.99,7.02,6.98,7,26718
EMMG,20220114,6.98,6.98,6.86,6.89,41937
EMMG,20220117,6.93,6.96,6.92,6.94,28541
EMMG,20220118,6.96,6.98,6.92,6.92,35499
EMMG,20220119,6.85,6.85,6.81,6.82,36467
EMMG,20220120,6.75,6.82,6.72,6.82,66754
EMMG,20220121,6.81,6.85,6.78,6.82,23419
EMMG,20220124,6.8,6.85,6.79,6.85,30146
EMMG,20220125,6.76,6.77,6.67,6.68,177367
EMMG,20220127,6.75,6.75,6.64,6.64,78440
EMMG,20220128,6.72,6.77,6.71,6.76,35014
EMMG,20220131,6.84,6.86,6.8,6.85,16376
EMMG,20220201,6.86,6.9,6.86,6.89,31948
EMMG,20220202,6.89,6.89,6.87,6.89,33229
EMMG,20220203,6.85,6.85,6.81,6.85,50514
EMMG,20220204,6.8,6.83,6.75,6.82,49120
EMMG,20220207,6.9,6.9,6.81,6.83,33719
EMMG,20220208,6.78,6.79,6.7,6.7,51867
EMMG,20220209,6.73,6.79,6.73,6.75,26938
EMMG,20220210,6.88,6.89,6.82,6.82,20870
EMMG,20220211,6.84,6.87,6.83,6.87,31819
EMMG,20220214,6.71,6.77,6.69,6.73,228017
EMMG,20220215,6.7,6.71,6.7,6.7,18630
EMMG,20220216,6.76,6.83,6.76,6.82,37481
EMMG,20220217,6.76,6.8,6.76,6.79,22310
EMMG,20220218,6.74,6.75,6.69,6.74,36236
EMMG,20220221,6.65,6.65,6.57,6.62,51510
EMMG,20220222,6.53,6.53,6.43,6.46,16179
EMMG,20220223,6.47,6.49,6.41,6.49,49452
EMMG,20220224,6.39,6.39,6.28,6.29,39094
EMMG,20220225,6.2,6.23,6.15,6.2,17736
EMMG,20220228,6.26,6.26,6.18,6.19,65253
EMMG,20220301,6.13,6.14,6.1,6.13,26447
EMMG,20220302,6.04,6.04,5.97,6.01,24399
EMMG,20220303,6,6.02,5.96,5.97,19519
EMMG,20220304,5.92,5.92,5.77,5.77,52493
EMMG,20220307,5.67,5.67,5.48,5.53,48584
EMMG,20220308,5.455,5.5,5.44,5.47,62232
EMMG,20220309,5.53,5.54,5.51,5.51,36581
EMMG,20220310,5.58,5.7,5.58,5.68,68883
EMMG,20220311,5.61,5.61,5.51,5.53,36070
EMMG,20220314,5.59,5.59,5.49,5.49,22412
EMMG,20220315,5.49,5.49,5.4,5.45,852966
EMMG,20220316,0,0,0,0,0
EMMG,20220317,5.72,5.85,5.66,5.85,53419
EMMG,20220318,5.84,5.84,5.74,5.75,46777
EMMG,20220321,5.8,5.84,5.8,5.8,22689
EMMG,20220322,5.73,5.78,5.73,5.73,46207
EMMG,20220323,5.8,5.86,5.8,5.84,53580
EMMG,20220324,5.79,5.8,5.74,5.8,61112
EMMG,20220325,5.76,5.76,5.69,5.69,25738
EMMG,20220328,5.68,5.68,5.62,5.65,59325
EMMG,20220329,5.68,5.75,5.68,5.75,19029
EMMG,20220330,5.81,5.84,5.78,5.84,31007
EMMG,20220331,5.8,5.86,5.8,5.85,77036
EMMG,20220401,5.77,5.78,5.725,5.78,35512
EMMG,20220404,5.805,5.87,5.805,5.87,24934
EMMG,20220405,5.9,5.93,5.85,5.85,139774
EMMG,20220406,5.79,5.79,5.71,5.71,50586
EMMG,20220407,5.71,5.75,5.69,5.72,120752
EMMG,20220408,5.69,5.7,5.64,5.68,85174
EMMG,20220411,5.69,5.7,5.63,5.63,33486
EMMG,20220412,5.57,5.62,5.56,5.57,120050
EMMG,20220413,5.6,5.64,5.57,5.64,47303
EMMG,20220414,5.64,5.64,5.59,5.63,35142
EMMG,20220419,5.64,5.64,5.55,5.55,53348
EMMG,20220420,5.56,5.57,5.48,5.5,41323
EMMG,20220421,5.56,5.57,5.48,5.5,41323
EMMG,20220422,5.5,5.52,5.44,5.51,21516
EMMG,20220426,5.48,5.49,5.45,5.48,61451
EMMG,20220427,5.41,5.41,5.37,5.37,94330
EMMG,20220428,5.45,5.52,5.44,5.52,23656
EMMG,20220429,5.51,5.63,5.51,5.58,49418
EMMG,20220502,5.66,5.68,5.63,5.65,59715
EMMG,20220503,5.65,5.67,5.62,5.65,15838
EMMG,20220504,5.62,5.67,5.59,5.6,65324
EMMG,20220505,5.58,5.58,5.52,5.56,11822
EMMG,20220506,5.45,5.49,5.41,5.43,35532
EMMG,20220509,5.37,5.37,5.33,5.35,47368
EMMG,20220510,5.33,5.37,5.33,5.33,28212
EMMG,20220511,5.34,5.44,5.34,5.42,64786
EMMG,20220512,5.39,5.39,5.31,5.34,41812
EMMG,20220513,5.34,5.4,5.34,5.36,26895
EMMG,20220516,5.4,5.45,5.4,5.45,33883
EMMG,20220517,5.39,5.45,5.38,5.45,31520
EMMG,20220518,5.51,5.53,5.51,5.51,50293
EMMG,20220519,5.42,5.43,5.36,5.36,27667
EMMG,20220520,5.37,5.49,5.37,5.48,31757
EMMG,20220523,5.47,5.47,5.41,5.44,17070
EMMG,20220524,5.41,5.44,5.4,5.41,11787
EMMG,20220525,5.37,5.37,5.33,5.33,11599
EMMG,20220526,5.34,5.34,5.3,5.31,42213
EMMG,20220527,5.41,5.45,5.4,5.43,51894
EMMG,20220530,5.48,5.53,5.45,5.53,25532
EMMG,20220531,5.52,5.58,5.52,5.58,26116
EMMG,20220601,5.6,5.6,5.55,5.59,44293
EMMG,20220602,5.54,5.54,5.49,5.52,39970
EMMG,20220603,5.49,5.54,5.49,5.53,30630
EMMG,20220606,5.5,5.53,5.47,5.52,44805
EMMG,20220607,5.52,5.53,5.47,5.5,136510
EMMG,20220608,5.49,5.55,5.49,5.55,38068
EMMG,20220609,5.58,5.58,5.53,5.57,27960
EMMG,20220610,5.55,5.56,5.5,5.55,30911
EMMG,20220614,5.41,5.41,5.35,5.41,28193
EMMG,20220615,5.39,5.46,5.39,5.46,56952
EMMG,20220616,5.39,5.46,5.37,5.37,69135
EMMG,20220617,5.3,5.32,5.27,5.29,358530
EMMG,20220620,5.31,5.33,5.29,5.33,70476
EMMG,20220621,5.35,5.4,5.32,5.38,49533
EMMG,20220622,5.43,5.43,5.35,5.35,29879
EMMG,20220623,5.37,5.4,5.345,5.4,30466
EMMG,20220624,5.36,5.45,5.36,5.45,28229
EMMG,20220627,5.46,5.58,5.46,5.5,29865
EMMG,20220628,5.48,5.51,5.44,5.44,64214
EMMG,20220629,5.46,5.46,5.42,5.45,24476
EMMG,20220630,5.43,5.44,5.4,5.41,22386
EMMG,20220701,5.34,5.37,5.31,5.33,142289
EMMG,20220704,5.37,5.37,5.32,5.34,20198
EMMG,20220705,5.35,5.35,5.32,5.35,53345
EMMG,20220706,5.35,5.36,5.31,5.31,30221
EMMG,20220707,5.35,5.41,5.35,5.41,40142
EMMG,20220708,5.47,5.47,5.42,5.45,112656
EMMG,20220711,5.46,5.47,5.37,5.38,62070
EMMG,20220712,5.39,5.39,5.34,5.38,44274
EMMG,20220713,5.36,5.39,5.34,5.37,42875
EMMG,20220714,5.35,5.36,5.31,5.36,29738
EMMG,20220715,5.35,5.37,5.31,5.33,42170
EMMG,20220718,5.3,5.39,5.3,5.39,89922
EMMG,20220719,5.39,5.39,5.32,5.35,43290
EMMG,20220720,5.39,5.41,5.36,5.39,29883
EMMG,20220721,5.39,5.4,5.35,5.35,25793
EMMG,20220722,5.4,5.41,5.38,5.4,85758
EMMG,20220725,5.38,5.38,5.33,5.37,16593
EMMG,20220726,5.31,5.36,5.31,5.32,105966
EMMG,20220727,5.36,5.36,5.31,5.32,29541
EMMG,20220728,5.37,5.39,5.35,5.38,40813
EMMG,20220729,5.38,5.41,5.33,5.36,47858
EMMG,20220801,5.36,5.38,5.32,5.36,83857
EMMG,20220802,5.29,5.29,5.25,5.29,48592
EMMG,20220803,5.41,5.41,5.36,5.38,26211
EMMG,20220805,5.44,5.47,5.41,5.47,72066
EMMG,20220808,5.47,5.47,5.43,5.43,35027
EMMG,20220809,5.4,5.46,5.4,5.45,46515
EMMG,20220810,5.43,5.43,5.35,5.37,58444
EMMG,20220811,5.38,5.39,5.36,5.36,36968
EMMG,20220812,5.34,5.38,5.34,5.38,71989
EMMG,20220815,5.41,5.43,5.38,5.43,37705
EMMG,20220816,5.45,5.48,5.45,5.47,93199
EMMG,20220817,5.47,5.49,5.43,5.48,79918
EMMG,20220818,5.46,5.52,5.46,5.51,50680
EMMG,20220819,5.5,5.55,5.5,5.52,55776
EMMG,20220822,5.47,5.47,5.415,5.43,46269
EMMG,20220823,5.4,5.41,5.35,5.36,46478
EMMG,20220824,5.39,5.4,5.36,5.38,44668
EMMG,20220825,5.38,5.39,5.34,5.39,46931
EMMG,20220826,5.46,5.48,5.43,5.43,119711
EMMG,20220829,5.41,5.45,5.405,5.44,49860
EMMG,20220830,5.38,5.42,5.37,5.42,58805
EMMG,20220831,5.41,5.47,5.4,5.46,61324
EMMG,20220901,5.42,5.44,5.4,5.41,26160
EMMG,20220902,5.415,5.43,5.37,5.37,50783
EMMG,20220905,5.37,5.38,5.33,5.33,14731
EMMG,20220906,5.375,5.4,5.32,5.33,58292
EMMG,20220907,5.36,5.36,5.32,5.34,53758
EMMG,20220909,5.35,5.37,5.33,5.35,43950
EMMG,20220912,5.33,5.39,5.33,5.37,39438
EMMG,20220913,5.38,5.43,5.38,5.43,43565
EMMG,20220914,5.37,5.4,5.33,5.36,41562
EMMG,20220915,5.39,5.39,5.33,5.34,61920
EMMG,20220916,5.34,5.34,5.31,5.32,60036
EMMG,20220919,5.3,5.3,5.24,5.28,55350
EMMG,20220920,5.31,5.34,5.29,5.33,34570
EMMG,20220921,5.33,5.33,5.27,5.28,38108
