EOS,20160212,1.16,1.29,1.16,1.2,89479
EOS,20160215,1.18,1.215,1.17,1.175,54574
EOS,20160216,1.18,1.18,1.175,1.175,14370
EOS,20160217,1.18,1.2,1.18,1.2,16383
EOS,20160218,1.23,1.275,1.23,1.275,14674
EOS,20160219,1.275,1.275,1.22,1.22,11826
EOS,20160222,1.22,1.22,1.175,1.2,8819
EOS,20160223,1.2,1.2,1.2,1.2,0
EOS,20160224,1.2,1.2,1.185,1.2,7003
EOS,20160225,1.235,1.25,1.2,1.2,30966
EOS,20160226,1.25,1.25,1.175,1.2,175952
EOS,20160229,1.19,1.2,1.18,1.2,17645
EOS,20160301,1.25,1.25,1.25,1.25,8500
EOS,20160302,1.25,1.25,1.21,1.21,3300
EOS,20160303,1.22,1.22,1.22,1.22,5000
EOS,20160304,1.22,1.22,1.165,1.18,76047
EOS,20160307,1.165,1.165,1.165,1.165,1639
EOS,20160308,1.15,1.15,1.11,1.11,15920
EOS,20160309,1.11,1.135,1.11,1.135,8300
EOS,20160310,1.12,1.12,1.085,1.11,34400
EOS,20160311,1.11,1.15,1.11,1.15,11989
EOS,20160314,1.15,1.18,1.1,1.1,47200
EOS,20160315,1.1,1.1,1.08,1.08,22609
EOS,20160316,1.08,1.085,1.07,1.085,15000
EOS,20160317,1.085,1.085,1.05,1.05,30793
EOS,20160318,1.05,1.05,1.02,1.02,14849
EOS,20160321,1.05,1.085,1.05,1.085,13455
EOS,20160322,1.06,1.07,1.06,1.065,40017
EOS,20160323,1.065,1.065,1.045,1.045,59983
EOS,20160324,1.04,1.065,1.02,1.065,4633
EOS,20160329,1.085,1.085,1.06,1.06,8967
EOS,20160330,1.06,1.085,1.05,1.085,40500
EOS,20160331,1.085,1.1,1.05,1.1,30667
EOS,20160401,1.1,1.2,1.1,1.2,16953
EOS,20160404,1.2,1.3,1.2,1.245,44800
EOS,20160405,1.255,1.29,1.25,1.29,18210
EOS,20160406,1.29,1.29,1.24,1.27,13050
EOS,20160407,1.27,1.3,1.24,1.29,38880
EOS,20160408,1.27,1.27,1.21,1.225,20676
EOS,20160411,1.24,1.24,1.22,1.225,62660
EOS,20160412,1.22,1.22,1.21,1.22,14265
EOS,20160413,1.225,1.24,1.21,1.21,10000
EOS,20160414,1.21,1.23,1.21,1.23,11960
EOS,20160415,1.24,1.24,1.22,1.22,7376
EOS,20160418,1.22,1.22,1.16,1.17,42764
EOS,20160419,1.17,1.17,1.17,1.17,7863
EOS,20160420,1.17,1.17,1.17,1.17,400
EOS,20160421,1.185,1.215,1.185,1.215,16357
EOS,20160422,1.22,1.22,1.21,1.215,66089
EOS,20160426,1.215,1.24,1.215,1.24,15094
EOS,20160427,1.255,1.28,1.255,1.28,14410
EOS,20160428,1.28,1.28,1.22,1.22,7758
EOS,20160429,1.28,1.28,1.24,1.24,4769
EOS,20160502,1.225,1.225,1.21,1.21,61938
EOS,20160503,1.21,1.25,1.21,1.25,15620
EOS,20160504,1.21,1.22,1.2,1.22,22286
EOS,20160505,1.24,1.26,1.24,1.26,21161
EOS,20160506,1.25,1.26,1.23,1.26,38574
EOS,20160509,1.27,1.27,1.24,1.24,7004
EOS,20160510,1.24,1.24,1.24,1.24,15396
EOS,20160511,1.21,1.21,1.21,1.21,2400
EOS,20160512,1.21,1.22,1.205,1.22,48007
EOS,20160513,1.22,1.22,1.2,1.2,45737
EOS,20160516,1.2,1.2,1.2,1.2,8647
EOS,20160517,1.2,1.22,1.2,1.22,5410
EOS,20160518,1.22,1.22,1.13,1.17,31577
EOS,20160519,1.18,1.19,1.18,1.19,1525
EOS,20160520,1.19,1.23,1.19,1.23,1900
EOS,20160523,1.24,1.26,1.24,1.25,15557
EOS,20160524,1.23,1.25,1.205,1.205,24640
EOS,20160525,1.21,1.35,1.205,1.34,131244
EOS,20160526,1.35,1.43,1.35,1.385,271360
EOS,20160527,1.395,1.48,1.395,1.4,425921
EOS,20160530,1.4,1.82,1.4,1.59,484617
EOS,20160531,1.65,1.865,1.65,1.735,541983
EOS,20160601,1.74,1.86,1.74,1.79,585116
EOS,20160602,1.84,1.98,1.78,1.8,374767
EOS,20160603,1.825,1.85,1.81,1.85,306699
EOS,20160606,1.83,2,1.83,2,508322
EOS,20160607,2.03,2.44,2.01,2.15,866174
EOS,20160608,2.23,2.28,1.87,1.93,622761
EOS,20160609,1.99,2.05,1.95,1.99,168103
EOS,20160610,2.03,2.1,2.01,2.07,141399
EOS,20160614,2.07,2.07,1.86,1.91,245527
EOS,20160615,1.89,1.97,1.76,1.8,297975
EOS,20160616,1.8,1.84,1.8,1.8,45681
EOS,20160617,1.79,1.79,1.685,1.73,209842
EOS,20160620,1.75,1.75,1.555,1.625,264674
EOS,20160621,1.625,1.76,1.625,1.74,222577
EOS,20160622,1.77,1.8,1.68,1.68,73681
EOS,20160623,1.67,1.75,1.625,1.67,73962
EOS,20160624,1.68,1.68,1.55,1.59,114581
EOS,20160627,1.58,1.765,1.565,1.74,88410
EOS,20160628,1.72,1.72,1.69,1.7,21670
EOS,20160629,1.735,1.78,1.71,1.735,73256
EOS,20160630,1.775,1.775,1.74,1.755,19905
EOS,20160701,1.76,1.82,1.74,1.82,49810
EOS,20160704,1.82,1.9,1.82,1.9,64043
EOS,20160705,1.95,1.97,1.89,1.93,77958
EOS,20160706,1.95,1.95,1.9,1.945,66013
EOS,20160707,1.95,1.95,1.88,1.88,140531
EOS,20160708,1.9,1.92,1.88,1.92,43397
EOS,20160711,1.92,1.95,1.88,1.885,100165
EOS,20160712,1.88,1.9,1.855,1.87,58016
EOS,20160713,1.87,1.875,1.81,1.825,13930
EOS,20160714,1.815,1.815,1.75,1.75,40398
EOS,20160715,1.75,1.77,1.62,1.71,164444
EOS,20160718,1.74,1.8,1.71,1.71,46771
EOS,20160719,1.695,1.75,1.695,1.73,16196
EOS,20160720,1.775,1.78,1.71,1.78,28436
EOS,20160721,1.8,1.82,1.75,1.75,27854
EOS,20160722,1.78,1.78,1.69,1.69,60937
EOS,20160725,1.69,1.75,1.69,1.745,37612
EOS,20160726,1.69,1.8,1.655,1.775,154634
EOS,20160727,1.78,1.82,1.745,1.78,42376
EOS,20160728,1.83,1.86,1.81,1.825,46211
EOS,20160729,1.84,1.855,1.82,1.84,52675
EOS,20160801,1.86,1.87,1.835,1.84,100492
EOS,20160802,1.85,1.85,1.75,1.75,58001
EOS,20160803,1.76,1.8,1.74,1.8,36370
EOS,20160804,1.8,1.8,1.73,1.74,66526
EOS,20160805,1.74,1.795,1.725,1.725,11490
EOS,20160808,1.75,1.83,1.75,1.82,36096
EOS,20160809,1.83,1.835,1.81,1.83,29640
EOS,20160810,1.8,1.8,1.75,1.8,60190
EOS,20160811,1.79,1.79,1.74,1.74,22442
EOS,20160812,1.75,1.79,1.75,1.79,3500
EOS,20160815,1.77,1.8,1.76,1.8,10038
EOS,20160816,1.8,1.8,1.75,1.77,53119
EOS,20160817,1.75,1.75,1.71,1.72,25176
EOS,20160818,1.71,1.715,1.695,1.695,24200
EOS,20160822,1.66,1.66,1.6,1.61,69607
EOS,20160823,1.59,1.59,1.51,1.58,71176
EOS,20160824,1.55,1.6,1.55,1.56,72850
EOS,20160825,1.6,1.6,1.52,1.55,101391
EOS,20160826,1.55,1.55,1.31,1.35,288336
EOS,20160829,1.35,1.35,1.245,1.27,295156
EOS,20160830,1.3,1.325,1.28,1.31,65027
EOS,20160831,1.315,1.33,1.27,1.295,58952
EOS,20160901,1.33,1.345,1.3,1.3,10141
EOS,20160902,1.34,1.34,1.27,1.27,62380
EOS,20160905,1.26,1.3,1.26,1.295,57233
EOS,20160906,1.28,1.295,1.28,1.28,15574
EOS,20160907,1.3,1.33,1.29,1.3,22650
EOS,20160908,1.33,1.35,1.32,1.35,40657
EOS,20160909,1.36,1.36,1.34,1.345,98802
EOS,20160912,1.34,1.34,1.3,1.32,44462
EOS,20160913,1.34,1.34,1.3,1.31,33555
EOS,20160914,1.32,1.34,1.3,1.34,14891
EOS,20160915,1.345,1.35,1.345,1.35,4265
EOS,20160916,1.35,1.35,1.345,1.35,17781
EOS,20160919,1.345,1.345,1.3,1.3,6899
EOS,20160920,1.3,1.3,1.275,1.275,58830
EOS,20160921,1.275,1.33,1.27,1.27,20916
EOS,20160922,1.28,1.28,1.125,1.16,208625
EOS,20160923,1.185,1.22,1.17,1.18,65607
EOS,20160926,1.175,1.175,1.16,1.175,60450
EOS,20160927,1.18,1.21,1.155,1.17,86338
EOS,20160928,1.17,1.17,1.17,1.17,6909
EOS,20160929,1.17,1.22,1.17,1.22,55774
EOS,20160930,1.2,1.2,1.175,1.2,33770
EOS,20161003,1.225,1.225,1.205,1.205,9423
EOS,20161004,1.205,1.225,1.2,1.225,45528
EOS,20161005,1.21,1.21,1.19,1.2,114760
EOS,20161006,1.19,1.2,1.15,1.15,68330
EOS,20161007,1.15,1.165,1.135,1.165,64318
EOS,20161010,1.165,1.165,1.145,1.145,21978
EOS,20161011,1.145,1.165,1.145,1.15,47453
EOS,20161012,1.14,1.145,1.14,1.14,29553
EOS,20161013,1.15,1.15,1.11,1.11,41953
EOS,20161014,1.12,1.13,1.115,1.13,17863
EOS,20161017,1.15,1.15,1.13,1.13,10888
EOS,20161018,1.125,1.125,1.1,1.1,25972
EOS,20161019,1.1,1.12,1.09,1.09,38206
EOS,20161020,1.09,1.1,1.09,1.1,27828
EOS,20161021,1.11,1.225,1.1,1.12,46912
EOS,20161024,1.12,1.12,1.1,1.115,50921
EOS,20161025,1.115,1.145,1.11,1.145,21133
EOS,20161026,1.12,1.155,1.12,1.155,9893
EOS,20161027,1.2,1.25,1.19,1.25,125933
EOS,20161028,1.25,1.25,1.14,1.165,47237
EOS,20161031,1.16,1.21,1.12,1.12,34358
EOS,20161101,1.165,1.165,1.165,1.165,5000
EOS,20161102,1.15,1.15,1.09,1.115,42118
EOS,20161103,1.11,1.13,1.1,1.12,80927
EOS,20161104,1.13,1.14,1.125,1.13,38720
EOS,20161107,1.13,1.145,1.12,1.12,7580
EOS,20161108,1.12,1.12,1.12,1.12,579
EOS,20161109,1.12,1.125,1.12,1.125,23082
EOS,20161110,1.13,1.27,1.13,1.18,114668
EOS,20161111,1.2,1.27,1.2,1.26,25404
EOS,20161114,1.255,1.3,1.255,1.29,83148
EOS,20161115,1.3,1.32,1.3,1.32,65971
EOS,20161116,1.32,1.32,1.285,1.285,38144
EOS,20161117,1.29,1.29,1.28,1.285,100126
EOS,20161118,1.29,1.33,1.29,1.33,35685
EOS,20161121,1.335,1.39,1.335,1.39,211834
EOS,20161122,1.4,1.4,1.33,1.375,22618
EOS,20161123,1.36,1.4,1.36,1.4,6192
EOS,20161124,1.35,1.39,1.35,1.39,3000
EOS,20161125,1.385,1.43,1.38,1.42,101736
EOS,20161128,1.43,1.47,1.415,1.415,42130
EOS,20161129,1.4,1.41,1.38,1.38,18915
EOS,20161130,1.38,1.395,1.38,1.395,1818
EOS,20161201,1.395,1.395,1.325,1.34,80267
EOS,20161202,1.38,1.45,1.38,1.42,72945
EOS,20161205,1.45,1.49,1.42,1.49,23205
EOS,20161206,1.49,1.52,1.49,1.5,46398
EOS,20161207,1.5,1.515,1.49,1.5,74136
EOS,20161208,1.52,1.64,1.52,1.58,115385
EOS,20161209,1.58,1.65,1.58,1.63,44817
EOS,20161212,1.65,1.75,1.65,1.71,123954
EOS,20161213,1.72,1.77,1.7,1.715,71672
EOS,20161214,1.72,1.73,1.6,1.61,101201
EOS,20161215,1.635,1.68,1.61,1.61,28336
EOS,20161216,1.63,1.69,1.6,1.68,54700
EOS,20161219,1.68,1.68,1.61,1.65,77763
EOS,20161220,1.66,1.66,1.61,1.66,9879
EOS,20161221,1.66,1.67,1.6,1.65,35132
EOS,20161222,1.66,1.68,1.65,1.67,62674
EOS,20161223,1.68,1.68,1.66,1.66,15324
EOS,20161228,1.67,1.69,1.67,1.69,28045
EOS,20161229,1.7,1.73,1.7,1.73,60790
EOS,20161230,1.73,1.73,1.715,1.73,14558
EOS,20170103,1.73,1.78,1.73,1.765,95970
EOS,20170104,1.78,1.8,1.72,1.72,61484
EOS,20170105,1.725,1.78,1.725,1.74,22255
EOS,20170106,1.76,1.795,1.74,1.79,28253
EOS,20170109,1.78,1.79,1.735,1.74,24184
EOS,20170110,1.76,1.795,1.76,1.77,19607
EOS,20170111,1.78,1.79,1.78,1.78,8785
EOS,20170112,1.78,1.84,1.78,1.81,193642
EOS,20170113,1.835,1.88,1.82,1.88,77861
EOS,20170116,1.89,1.905,1.88,1.905,71504
EOS,20170117,1.9,1.9,1.85,1.85,38190
EOS,20170118,1.85,1.87,1.84,1.84,23669
EOS,20170119,1.84,1.9,1.84,1.85,49437
EOS,20170120,1.85,1.9,1.84,1.88,56720
EOS,20170123,1.9,1.91,1.85,1.88,88778
EOS,20170124,1.88,1.92,1.88,1.905,38526
EOS,20170125,1.915,1.93,1.9,1.92,42180
EOS,20170127,1.92,1.935,1.84,1.86,105234
EOS,20170130,1.89,1.93,1.89,1.89,40670
EOS,20170131,1.89,1.89,1.78,1.78,69331
EOS,20170201,1.81,1.915,1.75,1.8,85024
EOS,20170202,1.8,1.82,1.8,1.8,57004
EOS,20170203,1.8,1.85,1.77,1.845,50811
EOS,20170206,1.87,1.87,1.8,1.8,19983
EOS,20170207,1.87,1.88,1.85,1.88,32667
EOS,20170208,1.885,1.895,1.85,1.895,26009
EOS,20170209,1.85,1.9,1.84,1.9,14672
EOS,20170210,1.815,1.895,1.815,1.895,23982
EOS,20170213,1.895,1.95,1.86,1.95,83558
EOS,20170214,1.95,2.04,1.945,2.04,135585
EOS,20170215,2.04,2.07,1.985,2.01,69548
EOS,20170216,1.99,2.02,1.96,2,46833
EOS,20170217,2,2.08,2,2.04,52078
EOS,20170220,2.07,2.16,2.06,2.09,204187
EOS,20170221,2.1,2.14,2.04,2.1,206875
EOS,20170222,2.1,2.15,2.05,2.15,82767
EOS,20170223,2.15,2.27,2.12,2.2,193979
EOS,20170224,2.25,2.29,2.21,2.27,124246
EOS,20170227,2.29,2.45,2.29,2.38,298783
EOS,20170228,2.4,2.4,1.865,1.93,667415
EOS,20170301,1.9,2.1,1.73,2.06,322872
EOS,20170302,2.1,2.2,1.98,1.98,135741
EOS,20170303,2.12,2.42,2.1,2.21,499274
EOS,20170306,2.28,2.35,2.17,2.29,193454
EOS,20170307,2.29,2.38,2.25,2.38,133003
EOS,20170308,2.38,2.46,2.38,2.46,289294
EOS,20170309,2.46,2.49,2.4,2.48,126319
EOS,20170310,2.48,2.49,2.38,2.38,60227
EOS,20170313,2.38,2.48,2.3,2.37,74254
EOS,20170314,2.41,2.44,2.34,2.4,43453
EOS,20170315,2.39,2.39,2.15,2.3,163483
EOS,20170316,2.34,2.39,2.26,2.33,57796
EOS,20170317,2.33,2.46,2.3,2.46,103032
EOS,20170320,2.46,2.47,2.41,2.43,48745
EOS,20170321,2.43,2.62,2.43,2.6,279288
EOS,20170322,2.58,2.64,2.43,2.44,225875
EOS,20170323,2.46,2.58,2.45,2.45,92966
EOS,20170324,2.5,2.53,2.47,2.52,83373
EOS,20170327,2.7,2.8,2.45,2.55,272664
EOS,20170328,2.56,2.6,2.46,2.54,127134
EOS,20170329,2.54,2.56,2.5,2.5,37846
EOS,20170330,2.48,2.57,2.48,2.49,30567
EOS,20170331,2.56,2.65,2.56,2.59,137312
EOS,20170403,2.62,2.83,2.62,2.71,249508
EOS,20170404,2.79,2.8,2.72,2.76,199570
EOS,20170405,2.76,2.76,2.67,2.7,98030
EOS,20170406,2.67,2.73,2.67,2.68,34751
EOS,20170407,2.72,2.89,2.72,2.87,518612
EOS,20170410,2.88,3.05,2.88,3.02,296616
EOS,20170411,3.04,3.08,2.91,3.03,200937
EOS,20170412,3.05,3.23,3.03,3.13,287885
EOS,20170413,3.18,3.19,3.07,3.15,120959
EOS,20170418,3.15,3.2,3.11,3.14,54982
EOS,20170419,3.14,3.15,3,3.01,141327
EOS,20170420,3.01,3.04,2.78,2.99,224019
EOS,20170421,3,3.19,3,3.12,79403
EOS,20170424,3.2,3.2,3.1,3.18,56888
EOS,20170426,3.15,3.15,3.05,3.15,110009
EOS,20170427,3.15,3.3,3.09,3.2,198729
EOS,20170428,3.25,3.35,3.16,3.3,182809
EOS,20170501,3.34,3.37,3.2,3.3,175763
EOS,20170502,3.32,3.35,3.25,3.3,89422
EOS,20170503,3.3,3.4,3.3,3.35,184764
EOS,20170504,3.31,3.35,3.08,3.11,174669
EOS,20170505,3.11,3.19,3.07,3.07,99897
EOS,20170508,3.05,3.18,2.9,3.15,267877
EOS,20170509,3.14,3.27,3.1,3.27,95275
EOS,20170510,3.3,3.35,3.28,3.3,38936
EOS,20170511,3.35,3.36,3.28,3.32,108516
EOS,20170512,3.32,3.4,3.21,3.23,249134
EOS,20170515,3.2,3.2,3.02,3.07,150636
EOS,20170516,3.07,3.12,3.04,3.11,62236
EOS,20170517,3.1,3.11,3.03,3.04,37462
EOS,20170518,3.03,3.11,2.84,3.11,168537
EOS,20170519,3.05,3.1,3,3.1,42571
EOS,20170522,3.11,3.2,3.1,3.13,63675
EOS,20170523,3.13,3.17,3.09,3.15,23349
EOS,20170524,3.13,3.28,3.12,3.25,133170
EOS,20170525,3.24,3.25,3.11,3.17,24265
EOS,20170526,3.18,3.2,3.1,3.1,28018
EOS,20170529,3.11,3.2,3.11,3.15,18261
EOS,20170530,3.17,3.18,3.08,3.08,19387
EOS,20170531,3.16,3.16,3.03,3.04,43307
EOS,20170601,3.12,3.12,3.04,3.1,23727
EOS,20170602,3.1,3.1,2.92,2.92,123991
EOS,20170605,2.94,3.06,2.92,2.95,58141
EOS,20170606,2.98,3,2.93,2.99,133683
EOS,20170607,3,3.05,2.95,2.96,44728
EOS,20170608,2.91,2.91,2.6,2.85,288964
EOS,20170609,2.8,2.85,2.75,2.85,71951
EOS,20170613,2.88,2.94,2.74,2.74,83814
EOS,20170614,2.85,2.91,2.85,2.89,50862
EOS,20170615,2.89,2.94,2.85,2.87,33449
EOS,20170616,2.94,2.94,2.85,2.94,59281
EOS,20170619,2.93,2.95,2.89,2.92,20975
EOS,20170620,2.9,2.96,2.86,2.96,117226
EOS,20170621,2.94,3.13,2.9,3.13,111375
EOS,20170622,3.24,3.24,3.05,3.12,358489
EOS,20170623,3.14,3.14,2.99,3.13,590495
EOS,20170626,3.13,3.15,3.1,3.13,76294
EOS,20170627,3.06,3.07,2.97,3.07,86204
EOS,20170628,3.01,3.05,3,3.02,33966
EOS,20170629,2.96,3.04,2.96,3.04,55949
EOS,20170630,3,3.04,2.96,3.04,54136
EOS,20170703,3.03,3.06,2.97,3.01,36275
EOS,20170704,2.97,3.01,2.93,3.01,55385
EOS,20170705,2.96,2.98,2.8,2.98,214186
EOS,20170706,2.95,3.01,2.91,3.01,50506
EOS,20170707,3,3,2.95,2.98,23749
EOS,20170710,2.96,2.98,2.9,2.98,36366
EOS,20170711,2.9,2.98,2.9,2.98,32648
EOS,20170712,2.94,2.99,2.87,2.99,44339
EOS,20170713,2.94,3,2.9,2.98,52051
EOS,20170714,2.96,3.01,2.93,3.01,111336
EOS,20170717,3.01,3.01,2.93,2.93,35267
EOS,20170718,2.94,2.95,2.93,2.93,15418
EOS,20170719,2.95,2.95,2.92,2.94,13906
EOS,20170720,2.95,3,2.95,3,30351
EOS,20170721,2.96,3.06,2.95,3.04,83265
EOS,20170724,3.06,3.1,3.04,3.04,73095
EOS,20170725,3.04,3.04,2.95,2.95,22784
EOS,20170726,3.01,3.05,3.01,3.05,16807
EOS,20170727,3.05,3.05,2.97,3.05,1372
EOS,20170728,3.02,3.02,2.96,3.02,63147
EOS,20170731,3.02,3.04,2.92,2.95,72648
EOS,20170801,2.95,3.01,2.95,3,33259
EOS,20170802,3,3,2.95,2.95,40089
EOS,20170803,2.95,2.98,2.94,2.98,17396
EOS,20170804,2.99,3,2.95,3,60318
EOS,20170807,3.01,3.01,2.95,3,47955
EOS,20170808,2.97,3.01,2.96,3,25965
EOS,20170809,3,3,2.95,2.95,75255
EOS,20170810,3,3.02,2.96,3.01,38894
EOS,20170811,3.02,3.02,2.97,3,18701
EOS,20170815,3,3.1,2.97,3.05,64779
EOS,20170816,3.05,3.08,3.01,3.01,21250
EOS,20170817,3.02,3.05,3.01,3.01,15310
EOS,20170818,3.01,3.03,2.98,2.98,37411
EOS,20170821,2.98,3,2.95,2.95,49751
EOS,20170822,3,3.02,2.95,2.95,124236
EOS,20170823,2.95,3.01,2.94,2.97,11624
EOS,20170824,2.97,2.99,2.96,2.99,12675
EOS,20170825,2.99,3.02,2.95,3,45934
EOS,20170828,2.96,3,2.95,2.95,13509
EOS,20170829,2.95,2.95,2.92,2.92,89108
EOS,20170830,2.92,2.94,2.51,2.72,161577
EOS,20170831,2.73,2.85,2.73,2.8,103674
EOS,20170901,2.82,2.85,2.79,2.8,14365
EOS,20170904,2.8,2.88,2.8,2.83,16612
EOS,20170905,2.85,2.85,2.8,2.8,52089
EOS,20170906,2.82,2.83,2.79,2.79,14849
EOS,20170907,2.81,2.83,2.75,2.75,31360
EOS,20170908,2.73,2.8,2.72,2.76,98453
EOS,20170911,2.79,2.79,2.71,2.72,18391
EOS,20170912,2.72,2.74,2.66,2.67,76958
EOS,20170913,2.67,2.67,2.53,2.55,97894
EOS,20170914,2.5,2.87,2.32,2.75,163742
EOS,20170915,2.78,2.78,2.61,2.7,27681
EOS,20170918,2.7,2.71,2.61,2.7,36817
EOS,20170919,2.7,2.7,2.7,2.7,0
EOS,20170920,2.63,2.77,2.63,2.65,51446
EOS,20170921,2.69,2.69,2.55,2.6,56645
EOS,20170922,2.6,2.7,2.57,2.7,35495
EOS,20170925,2.71,2.89,2.71,2.82,38197
EOS,20170926,2.88,2.9,2.7,2.78,65020
EOS,20170927,2.7,2.86,2.69,2.69,12364
EOS,20170928,2.75,2.75,2.69,2.69,9357
EOS,20170929,2.75,2.8,2.69,2.72,26403
EOS,20171002,2.72,2.75,2.69,2.71,20353
EOS,20171003,2.78,2.78,2.69,2.69,11498
EOS,20171004,2.73,2.79,2.7,2.72,41771
EOS,20171005,2.74,2.79,2.67,2.69,28649
EOS,20171006,2.72,2.75,2.66,2.66,373781
EOS,20171009,2.68,2.72,2.65,2.66,29151
EOS,20171010,2.66,2.66,2.52,2.62,124285
EOS,20171011,2.61,2.61,2.5,2.5,120065
EOS,20171012,2.5,2.54,2.45,2.52,74337
EOS,20171013,2.5,2.54,2.48,2.52,35367
EOS,20171016,2.52,2.54,2.47,2.51,26915
EOS,20171017,2.5,2.58,2.5,2.51,45377
EOS,20171018,2.5,2.52,2.47,2.52,48290
EOS,20171019,2.52,2.52,2.5,2.52,14485
EOS,20171020,2.52,2.52,2.47,2.47,31907
EOS,20171023,2.5,2.5,2.45,2.48,25301
EOS,20171024,2.45,2.48,2.4,2.4,37529
EOS,20171025,2.49,2.5,2.35,2.38,91788
EOS,20171026,2.43,2.45,2.37,2.4,44168
EOS,20171027,2.4,2.41,2.37,2.4,52954
EOS,20171030,2.44,2.44,2.36,2.36,1028879
EOS,20171031,2.37,2.37,2.3,2.3,70693
EOS,20171101,2.29,2.36,2.29,2.31,32885
EOS,20171102,2.34,2.4,2.31,2.33,38483
EOS,20171103,2.4,2.4,2.28,2.28,62366
EOS,20171106,2.3,2.37,2.3,2.34,47048
EOS,20171107,2.35,2.37,2.29,2.3,29621
EOS,20171108,2.3,2.4,2.3,2.37,47029
EOS,20171109,2.45,2.48,2.35,2.42,52150
EOS,20171110,2.45,2.48,2.35,2.42,52150
EOS,20171113,2.6,2.74,2.6,2.7,44757
EOS,20171114,2.77,2.8,2.73,2.74,56717
EOS,20171115,2.77,2.77,2.69,2.7,29763
EOS,20171116,2.7,2.7,2.68,2.68,3868
EOS,20171117,2.68,2.7,2.62,2.63,10644
EOS,20171120,2.65,2.68,2.63,2.66,7364
EOS,20171121,2.66,2.66,2.44,2.5,36908
EOS,20171122,2.5,2.5,2.44,2.44,5416
EOS,20171123,2.5,2.6,2.5,2.6,33009
EOS,20171124,2.6,2.62,2.48,2.55,69964
EOS,20171127,2.55,2.6,2.55,2.6,7390
EOS,20171128,2.6,2.62,2.51,2.6,8010
EOS,20171129,2.58,2.61,2.58,2.6,20271
EOS,20171130,2.6,2.61,2.56,2.56,11221
EOS,20171201,2.56,2.66,2.54,2.66,17605
EOS,20171204,2.62,2.65,2.5,2.5,8959
EOS,20171205,2.5,2.61,2.48,2.48,92762
EOS,20171206,2.48,2.48,2.31,2.31,85786
EOS,20171207,2.34,2.44,2.34,2.43,267077
EOS,20171208,2.4,2.49,2.38,2.42,44985
EOS,20171211,2.41,2.44,2.4,2.44,11969
EOS,20171212,2.4,2.41,2.38,2.4,8004
EOS,20171213,2.38,2.39,2.35,2.35,10631
EOS,20171214,2.38,2.43,2.33,2.33,28707
EOS,20171215,2.4,2.41,2.37,2.41,12901
EOS,20171218,2.36,2.41,2.36,2.36,36174
EOS,20171219,2.37,2.37,2.32,2.32,13927
EOS,20171220,2.36,2.41,2.32,2.37,37761
EOS,20171221,2.39,2.44,2.38,2.4,22089
EOS,20171222,2.4,2.44,2.4,2.4,11058
EOS,20171227,2.42,2.5,2.42,2.44,15440
EOS,20171228,2.44,2.5,2.44,2.5,13939
EOS,20171229,2.51,2.51,2.45,2.45,23039
EOS,20180102,2.45,2.51,2.43,2.43,14499
EOS,20180103,2.44,2.48,2.42,2.42,1165477
EOS,20180104,2.43,2.49,2.42,2.43,22886
EOS,20180105,2.42,2.5,2.42,2.46,35962
EOS,20180108,2.48,2.6,2.48,2.6,56278
EOS,20180109,2.6,2.79,2.6,2.79,28362
EOS,20180110,2.8,2.84,2.8,2.81,52068
EOS,20180111,2.8,2.84,2.73,2.8,14233
EOS,20180112,2.8,2.88,2.73,2.81,165006
EOS,20180115,2.85,2.91,2.85,2.87,31820
EOS,20180116,2.9,2.91,2.86,2.88,199974
EOS,20180117,2.9,2.98,2.89,2.98,184990
EOS,20180118,2.99,3.07,2.94,3.05,92569
EOS,20180119,3.05,3.05,2.93,2.93,47597
EOS,20180122,2.93,3,2.93,3,150790
EOS,20180123,2.93,3.03,2.93,3.03,64007
EOS,20180124,3.03,3.03,2.82,2.87,67927
EOS,20180125,2.87,2.98,2.87,2.91,34523
EOS,20180129,2.91,2.91,2.91,2.91,0
EOS,20180130,2.91,2.91,2.91,2.91,0
EOS,20180131,2.91,2.91,2.91,2.91,0
EOS,20180201,2.91,2.91,2.91,2.91,0
EOS,20180202,2.91,2.91,2.91,2.91,0
EOS,20180205,2.91,2.91,2.91,2.91,0
EOS,20180207,3.14,3.15,2.95,2.99,177414
EOS,20180208,3,3.04,2.95,2.95,61223
EOS,20180209,2.9,2.95,2.75,2.94,87129
EOS,20180212,2.93,2.93,2.89,2.9,70731
EOS,20180213,2.92,2.99,2.92,2.93,117696
EOS,20180214,2.92,3,2.91,2.93,20066
EOS,20180215,3,3,2.92,2.92,99114
EOS,20180216,2.94,2.98,2.94,2.95,166305
EOS,20180219,3,3,2.97,2.97,44880
EOS,20180220,2.97,2.99,2.95,2.95,8014
EOS,20180221,2.95,2.96,2.91,2.91,45837
EOS,20180222,2.92,2.93,2.91,2.91,38411
EOS,20180223,2.93,2.96,2.91,2.95,77760
EOS,20180226,2.95,2.97,2.91,2.94,56914
EOS,20180227,2.93,2.96,2.91,2.91,61823
EOS,20180228,2.95,2.95,2.79,2.9,109687
EOS,20180301,2.85,2.9,2.85,2.89,15939
EOS,20180302,2.89,2.9,2.83,2.85,86669
EOS,20180305,2.84,2.89,2.82,2.83,40314
EOS,20180306,2.83,2.86,2.8,2.81,34735
EOS,20180307,2.83,2.9,2.82,2.87,83928
EOS,20180308,2.86,2.93,2.86,2.91,57815
EOS,20180309,2.93,2.93,2.88,2.92,11556
EOS,20180312,2.9,2.91,2.85,2.9,30452
EOS,20180313,2.88,2.9,2.84,2.85,51336
EOS,20180314,2.82,2.88,2.78,2.8,53079
EOS,20180315,2.83,2.94,2.83,2.83,68498
EOS,20180316,2.84,2.93,2.82,2.91,353779
EOS,20180319,2.91,2.97,2.91,2.96,56861
EOS,20180320,2.96,3.06,2.96,3.06,348648
EOS,20180321,3.06,3.06,2.97,3.05,76940
EOS,20180322,3.04,3.15,3.04,3.15,209328
EOS,20180323,3.16,3.16,3.065,3.12,169070
EOS,20180326,3.1,3.15,3.075,3.1,234656
EOS,20180327,3.11,3.2,3.11,3.2,170237
EOS,20180328,3.2,3.22,3.15,3.16,83318
EOS,20180329,3.16,3.25,3.16,3.17,96205
EOS,20180403,3.17,3.2,3.14,3.14,125057
EOS,20180404,3.14,3.17,3.1,3.15,130098
EOS,20180405,3.11,3.12,3.06,3.1,17961
EOS,20180406,3.06,3.1,3,3.1,46389
EOS,20180409,3,3.06,3,3.04,34023
EOS,20180410,3,3.06,3,3,46280
EOS,20180411,3,3.06,3,3,56065
EOS,20180412,2.98,3.05,2.98,3,16537
EOS,20180413,3,3.05,3,3.01,44836
EOS,20180416,3.01,3.04,3.01,3.01,10870
EOS,20180417,3.05,3.06,2.97,3,78941
EOS,20180418,3.01,3.03,2.97,3,36780
EOS,20180419,3,3,2.91,2.99,47585
EOS,20180420,3,3,2.94,2.94,70247
EOS,20180423,3,3.06,2.99,3.03,146983
EOS,20180424,3.08,3.08,3.04,3.06,243928
EOS,20180426,3.07,3.2,3.07,3.1,115117
EOS,20180427,3.1,3.19,3.1,3.11,34164
EOS,20180430,3.15,3.15,3.1,3.1,50194
EOS,20180501,3.15,3.16,2.99,2.99,169173
EOS,20180502,3.08,3.1,3.04,3.08,9235
EOS,20180503,3.08,3.15,3.06,3.13,27734
EOS,20180504,3.13,3.13,3.06,3.07,14213
EOS,20180507,3.06,3.1,3.04,3.05,21396
EOS,20180508,3.05,3.1,3.03,3.07,20062
EOS,20180509,3.1,3.13,3.05,3.12,31627
EOS,20180510,3.12,3.12,3,3.07,75283
EOS,20180511,3.07,3.08,3.05,3.05,21845
EOS,20180514,3.05,3.06,3.02,3.03,42307
EOS,20180515,3.04,3.05,3.02,3.02,49917
EOS,20180516,3.03,3.05,3.02,3.05,33895
EOS,20180517,3.02,3.02,2.95,3.01,33359
EOS,20180518,3,3.06,2.99,3.04,65329
EOS,20180521,3.04,3.04,3.01,3.04,10549
EOS,20180522,3.04,3.04,2.98,3.04,13811
EOS,20180523,3.04,3.04,2.99,3.03,8100
EOS,20180524,3.02,3.03,2.97,3,15883
EOS,20180525,3,3.02,3,3.02,20553
EOS,20180528,3.03,3.03,3,3,12385
EOS,20180529,3,3.05,3,3,32170
EOS,20180530,3,3.03,2.97,3.01,11460
EOS,20180531,3.02,3.07,2.98,3.05,23112
EOS,20180601,3.02,3.05,3,3,3646
EOS,20180604,3,3.04,3,3.01,26968
EOS,20180605,3.01,3.02,3,3,10297
EOS,20180606,3,3.04,3,3,15805
EOS,20180607,3,3.02,2.98,2.99,11769
EOS,20180608,2.99,3,2.95,2.95,13381
EOS,20180612,3,3.05,2.95,2.95,67544
EOS,20180613,2.98,2.98,2.9,2.9,30514
EOS,20180614,2.93,2.95,2.8,2.8,37437
EOS,20180615,2.83,3.05,2.83,2.99,134565
EOS,20180618,2.95,3,2.92,2.94,92346
EOS,20180619,3.06,3.06,2.93,3,24417
EOS,20180620,2.96,3.01,2.91,2.91,30922
EOS,20180621,2.91,3.05,2.9,2.92,44722
EOS,20180622,2.95,3,2.94,2.97,107403
EOS,20180625,2.96,2.99,2.86,2.94,80201
EOS,20180626,2.93,2.97,2.9,2.96,7962
EOS,20180627,2.93,2.96,2.93,2.93,5910
EOS,20180628,2.93,2.96,2.89,2.89,15217
EOS,20180629,2.89,2.96,2.88,2.93,17584
EOS,20180702,2.93,2.97,2.87,2.9,15211
EOS,20180703,2.91,2.94,2.91,2.92,13152
EOS,20180704,2.94,2.96,2.9,2.9,8337
EOS,20180705,2.9,2.95,2.87,2.87,24873
EOS,20180706,2.94,2.94,2.78,2.85,16002
EOS,20180710,2.88,2.89,2.78,2.78,26591
EOS,20180711,2.82,2.87,2.82,2.82,13274
EOS,20180712,2.82,2.89,2.78,2.89,8305
EOS,20180713,2.89,2.89,2.81,2.87,8558
EOS,20180716,2.87,2.88,2.81,2.88,10846
EOS,20180717,2.88,2.88,2.8,2.86,19255
EOS,20180718,2.87,2.87,2.8,2.8,3627
EOS,20180719,2.8,2.85,2.8,2.8,63512
EOS,20180720,2.8,2.88,2.8,2.88,17061
EOS,20180723,2.88,2.89,2.85,2.89,7724
EOS,20180724,2.9,2.93,2.9,2.91,30661
EOS,20180725,2.91,2.92,2.8,2.8,42364
EOS,20180726,2.8,2.91,2.8,2.91,10784
EOS,20180727,2.89,2.89,2.81,2.85,34406
EOS,20180730,2.88,2.91,2.82,2.82,67318
EOS,20180731,2.81,2.855,2.8,2.81,27195
EOS,20180801,2.81,2.87,2.81,2.82,10415
EOS,20180802,2.83,2.9,2.83,2.83,10504
EOS,20180803,2.84,2.87,2.8,2.8,9438
EOS,20180806,2.81,2.81,2.66,2.68,42711
EOS,20180807,2.65,2.74,2.65,2.74,10300
EOS,20180808,2.77,2.85,2.77,2.85,12353
EOS,20180809,2.87,2.88,2.8,2.8,23943
EOS,20180810,2.81,2.85,2.81,2.85,2391
EOS,20180813,2.825,2.85,2.7,2.75,68053
EOS,20180814,2.76,2.86,2.76,2.82,34319
EOS,20180816,2.85,2.87,2.85,2.85,17962
EOS,20180817,2.85,2.88,2.85,2.85,204671
EOS,20180820,2.87,2.9,2.87,2.89,34433
EOS,20180821,2.89,2.92,2.85,2.9,11947
EOS,20180822,2.9,2.92,2.9,2.9,14694
EOS,20180823,2.92,2.97,2.91,2.91,49026
EOS,20180824,2.95,2.96,2.87,2.88,141942
EOS,20180827,2.88,2.92,2.88,2.88,3495
EOS,20180828,2.96,2.96,2.89,2.89,108557
EOS,20180829,2.91,2.97,2.91,2.94,246839
EOS,20180830,2.95,3.09,2.95,3.08,435339
EOS,20180831,3.04,3.09,3.04,3.04,44541
EOS,20180903,3.01,3.05,2.93,3.01,50824
EOS,20180904,2.93,2.97,2.9,2.9,22511
EOS,20180905,2.91,3,2.84,3,18093
EOS,20180906,3,3.02,2.9,2.98,26098
EOS,20180907,3,3.01,2.98,2.98,28440
EOS,20180910,2.98,3.02,2.98,3.02,10810
EOS,20180913,3,3.07,3,3.04,40247
EOS,20180914,3.08,3.35,3.08,3.31,58422
EOS,20180917,3.3,3.3,3.16,3.16,49452
EOS,20180918,3.15,3.24,3.09,3.2,36382
EOS,20180919,3.2,3.25,3.19,3.19,47181
EOS,20180920,3.19,3.2,3.07,3.07,15453
EOS,20180921,3.09,3.15,3.09,3.11,8740
EOS,20180924,3.11,3.25,3.09,3.16,82071
EOS,20180925,3.24,3.24,3.08,3.17,63991
EOS,20180926,3.2,3.2,3.16,3.16,32160
EOS,20180927,3.16,3.2,3.15,3.18,37578
EOS,20180928,3.18,3.2,3.15,3.15,26962
EOS,20181001,3.18,3.22,3.13,3.13,13087
EOS,20181002,3.2,3.2,3.13,3.16,12397
EOS,20181003,3.16,3.25,3.13,3.13,57836
EOS,20181004,3.15,3.2,3.14,3.19,16548
EOS,20181005,3.19,3.2,3.13,3.13,153294
EOS,20181008,3.13,3.18,3.13,3.13,2466
EOS,20181009,3.16,3.18,3.11,3.14,34956
EOS,20181010,3.13,3.16,3.13,3.16,4722
EOS,20181011,3.11,3.11,2.9,2.94,676201
EOS,20181012,2.95,3.02,2.95,2.99,22479
EOS,20181015,3,3.03,2.99,2.99,5611
EOS,20181016,3,3,2.91,2.95,17690
EOS,20181017,2.97,2.97,2.88,2.97,6513
EOS,20181018,2.97,2.97,2.95,2.96,1444
EOS,20181019,2.9,2.97,2.87,2.87,36965
EOS,20181022,2.91,2.93,2.88,2.89,5177
EOS,20181023,2.9,2.9,2.76,2.83,26226
EOS,20181024,2.83,2.9,2.83,2.88,13254
EOS,20181025,2.87,2.87,2.65,2.69,27704
EOS,20181026,2.75,2.9,2.74,2.83,414226
EOS,20181030,2.82,2.83,2.75,2.81,13086
EOS,20181031,2.82,2.85,2.75,2.85,17123
EOS,20181101,2.85,2.94,2.82,2.87,133312
EOS,20181102,2.87,2.95,2.87,2.93,10180
EOS,20181105,2.87,2.94,2.87,2.88,66739
EOS,20181106,2.9,2.9,2.81,2.83,36216
EOS,20181107,2.9,2.94,2.88,2.88,9834
EOS,20181108,2.88,2.88,2.82,2.82,36863
EOS,20181109,2.8,2.84,2.78,2.8,57462
EOS,20181112,2.83,2.83,2.77,2.78,61600
EOS,20181113,2.8,2.83,2.76,2.76,63028
EOS,20181114,2.77,2.82,2.75,2.76,9697
EOS,20181115,2.76,2.87,2.75,2.86,19579
EOS,20181116,2.85,2.87,2.76,2.76,10320
EOS,20181119,2.76,2.81,2.74,2.78,47914
EOS,20181120,2.78,2.78,2.74,2.74,25419
EOS,20181121,2.74,2.76,2.72,2.72,8735
EOS,20181122,2.72,2.72,2.68,2.72,48220
EOS,20181123,2.72,2.77,2.69,2.69,14631
EOS,20181126,2.7,2.7,2.64,2.64,114956
EOS,20181127,2.64,2.66,2.64,2.64,27226
EOS,20181128,2.64,2.64,2.6,2.6,79274
EOS,20181129,2.59,2.6,2.55,2.6,1948
EOS,20181130,2.65,2.7,2.64,2.7,11484
EOS,20181203,2.73,2.73,2.65,2.65,13156
EOS,20181204,2.65,2.65,2.53,2.53,11030
EOS,20181205,2.6,2.6,2.44,2.5,23578
EOS,20181206,2.6,2.6,2.45,2.55,216904
EOS,20181207,2.5,2.59,2.5,2.51,11032
EOS,20181210,2.51,2.51,2.44,2.45,29841
EOS,20181211,2.49,2.49,2.39,2.42,12398
EOS,20181212,2.4,2.44,2.34,2.44,7103
EOS,20181213,2.44,2.6,2.43,2.6,23834
EOS,20181214,2.6,2.6,2.48,2.59,9908
EOS,20181217,2.58,2.58,2.5,2.5,3037
EOS,20181218,2.5,2.57,2.45,2.55,13377
EOS,20181219,2.47,2.48,2.43,2.47,39555
EOS,20181220,2.46,2.47,2.43,2.45,50561
EOS,20181221,2.46,2.46,2.4,2.455,18977
EOS,20181224,2.47,2.5,2.45,2.5,10634
EOS,20181227,2.5,2.52,2.5,2.5,1872
EOS,20181228,2.5,2.53,2.45,2.45,8183
EOS,20181231,2.45,2.52,2.45,2.45,24824
EOS,20190102,2.5,2.51,2.46,2.46,89512
EOS,20190103,2.46,2.46,2.42,2.44,97842
EOS,20190104,2.44,2.49,2.44,2.45,74393
EOS,20190107,2.45,2.585,2.45,2.51,9435
EOS,20190108,2.52,2.55,2.47,2.47,54412
EOS,20190109,2.51,2.51,2.46,2.46,14653
EOS,20190110,2.47,2.49,2.43,2.43,28193
EOS,20190111,2.43,2.43,2.32,2.32,73870
EOS,20190114,2.33,2.35,2.3,2.35,31698
EOS,20190115,2.35,2.4,2.32,2.32,32203
EOS,20190116,2.4,2.46,2.4,2.45,11302
EOS,20190117,2.44,2.44,2.37,2.37,10709
EOS,20190118,2.39,2.4,2.36,2.4,123036
EOS,20190121,2.37,2.4,2.37,2.4,6831
EOS,20190122,2.38,2.47,2.37,2.44,11010
EOS,20190123,2.4,2.46,2.4,2.45,1104402
EOS,20190124,2.45,2.58,2.45,2.56,21380
EOS,20190125,2.5,2.55,2.47,2.5,31000
EOS,20190129,2.47,2.5,2.47,2.48,17193
EOS,20190130,2.5,2.51,2.5,2.5,11688
EOS,20190131,2.48,2.49,2.42,2.45,49634
EOS,20190201,2.45,2.45,2.41,2.42,19358
EOS,20190204,2.43,2.43,2.4,2.4,3087
EOS,20190205,2.35,2.4,2.25,2.35,49763
EOS,20190206,2.35,2.44,2.32,2.32,53507
EOS,20190207,2.34,2.4,2.33,2.4,3691
EOS,20190208,2.4,2.4,2.39,2.4,7486
EOS,20190211,2.4,2.4,2.39,2.39,401937
EOS,20190212,2.39,2.43,2.35,2.4,1973669
EOS,20190213,2.4,2.5,2.4,2.48,1040402
EOS,20190214,2.5,2.63,2.5,2.62,192607
EOS,20190215,2.65,2.75,2.65,2.7,69838
EOS,20190218,2.74,2.75,2.66,2.75,118944
EOS,20190219,2.7,2.75,2.53,2.7,32695
EOS,20190220,2.65,2.7,2.57,2.6,11927
EOS,20190221,2.6,2.62,2.53,2.55,38695
EOS,20190222,2.55,2.64,2.55,2.64,17112
EOS,20190225,2.64,2.69,2.63,2.69,12720
EOS,20190226,2.69,2.69,2.65,2.66,1066
EOS,20190227,2.63,2.79,2.59,2.6,425025
EOS,20190228,2.74,2.79,2.61,2.63,150297
EOS,20190301,2.63,2.64,2.55,2.55,90994
EOS,20190304,2.6,2.62,2.58,2.6,10842
EOS,20190305,2.58,2.58,2.46,2.52,40024
EOS,20190306,2.46,2.6,2.45,2.58,139210
EOS,20190307,2.55,2.55,2.49,2.53,25834
EOS,20190308,2.5,2.51,2.48,2.51,22130
EOS,20190311,2.48,2.52,2.47,2.47,40986
EOS,20190312,2.6,2.99,2.59,2.85,434547
EOS,20190313,2.9,2.9,2.78,2.85,193966
EOS,20190314,2.95,2.95,2.86,2.92,105343
EOS,20190315,2.93,2.96,2.91,2.91,135479
EOS,20190318,2.92,2.92,2.84,2.88,88255
EOS,20190319,2.88,2.88,2.81,2.81,1974853
EOS,20190320,2.82,2.82,2.78,2.78,666903
EOS,20190321,2.78,2.8,2.7,2.8,71320
EOS,20190322,2.8,2.83,2.77,2.82,400558
EOS,20190325,2.7,2.83,2.7,2.78,56785
EOS,20190326,2.76,2.82,2.71,2.77,113554
EOS,20190327,2.72,2.76,2.72,2.76,44393
EOS,20190328,2.76,2.84,2.76,2.82,147571
EOS,20190329,2.82,2.82,2.79,2.81,11919
EOS,20190401,2.82,2.82,2.77,2.77,30193
EOS,20190402,2.75,2.79,2.73,2.79,42778
EOS,20190403,2.73,2.8,2.73,2.8,11225
EOS,20190404,2.8,2.81,2.75,2.8,28849
EOS,20190405,2.76,2.79,2.67,2.68,961844
EOS,20190408,2.76,2.76,2.66,2.69,46921
EOS,20190409,2.69,2.71,2.66,2.66,11578
EOS,20190410,2.71,2.72,2.65,2.71,42299
EOS,20190411,2.71,2.72,2.65,2.72,87227
EOS,20190412,2.7,2.72,2.65,2.7,29166
EOS,20190415,2.7,2.75,2.66,2.75,48475
EOS,20190416,2.75,2.75,2.7,2.74,23157
EOS,20190417,2.74,2.74,2.7,2.71,10857
EOS,20190418,2.72,2.75,2.72,2.75,29639
EOS,20190423,2.75,2.83,2.75,2.78,53903
EOS,20190424,2.75,2.79,2.73,2.78,49500
EOS,20190426,2.8,2.81,2.75,2.75,42777
EOS,20190429,2.8,2.81,2.79,2.8,52607
EOS,20190430,2.76,2.76,2.74,2.76,14272
EOS,20190501,2.8,2.9,2.8,2.88,94577
EOS,20190502,2.96,3.22,2.96,3.04,1130400
EOS,20190503,3.16,3.4,3.12,3.3,432702
EOS,20190506,3.31,3.46,3.26,3.26,530670
EOS,20190507,3.28,3.39,3.27,3.34,130152
EOS,20190508,3.32,3.33,3.15,3.33,236954
EOS,20190509,3.32,3.73,3.32,3.73,210640
EOS,20190510,3.75,3.78,3.58,3.72,158126
EOS,20190513,3.73,3.73,3.23,3.5,278399
EOS,20190514,3.35,3.47,3.3,3.39,157856
EOS,20190515,3.39,3.47,3.39,3.39,82413
EOS,20190516,3.4,3.4,3.25,3.26,149328
EOS,20190517,3.31,3.32,3.23,3.24,109021
EOS,20190520,3.2,3.28,3.17,3.24,259990
EOS,20190521,3.2,3.2,3.08,3.09,152652
EOS,20190522,3.09,3.35,3.07,3.31,200801
EOS,20190523,3.3,3.3,3.24,3.25,88302
EOS,20190524,3.25,3.26,3.15,3.25,78832
EOS,20190527,3.21,3.21,3.16,3.19,65377
EOS,20190528,3.22,3.28,3.16,3.28,74306
EOS,20190529,3.25,3.34,3.19,3.26,65594
EOS,20190530,3.24,4.14,3.21,4,1560170
EOS,20190531,4.09,4.33,3.81,3.86,570228
EOS,20190603,3.92,4.03,3.77,3.89,151783
EOS,20190604,3.91,3.98,3.8,3.86,124341
EOS,20190605,3.9,4,3.9,3.93,106379
EOS,20190606,4,4.17,3.88,3.89,391252
EOS,20190607,3.9,4,3.82,3.89,437276
EOS,20190611,3.91,4,3.91,3.95,267374
EOS,20190612,3.98,4,3.84,3.93,152060
EOS,20190613,3.93,3.99,3.85,3.85,165654
EOS,20190614,3.86,3.92,3.78,3.81,172572
EOS,20190617,3.86,3.95,3.79,3.88,114922
EOS,20190618,3.9,3.98,3.85,3.9,168008
EOS,20190619,3.89,3.96,3.81,3.81,241313
EOS,20190620,3.84,3.85,3.76,3.81,1231751
EOS,20190621,3.84,3.84,3.78,3.78,80630
EOS,20190624,3.84,3.84,3.68,3.78,105976
EOS,20190625,3.79,3.85,3.75,3.85,134027
EOS,20190626,3.86,4.15,3.85,4.09,423102
EOS,20190627,4.1,4.28,4.1,4.26,223339
EOS,20190628,4.28,4.35,4.12,4.2,198255
EOS,20190701,4.26,4.4,4.24,4.4,250573
EOS,20190702,4.4,4.41,4.24,4.26,150375
EOS,20190703,4.28,4.38,4.23,4.23,96817
EOS,20190704,4.28,4.33,4.2,4.3,93029
EOS,20190705,4.32,4.36,4.28,4.28,91302
EOS,20190708,4.28,4.29,4.11,4.2,85370
EOS,20190709,4.15,4.17,4.06,4.1,100115
EOS,20190710,4.13,4.25,4.13,4.17,132446
EOS,20190711,4.18,4.29,4.18,4.2,112175
EOS,20190712,4.28,4.3,4.18,4.22,72268
EOS,20190715,4.24,4.27,4,4.05,140227
EOS,20190716,4.1,4.1,4,4.02,76709
EOS,20190717,4.02,4.25,4.02,4.25,188659
EOS,20190718,4.2,4.32,4.18,4.27,127676
EOS,20190719,4.27,4.35,4.23,4.31,135950
EOS,20190722,4.31,4.31,4.23,4.27,71433
EOS,20190723,4.27,4.27,4.15,4.2,57866
EOS,20190724,4.25,4.28,4.18,4.19,99679
EOS,20190725,4.18,4.18,4.06,4.14,157800
EOS,20190726,4.14,4.14,4,4.02,166598
EOS,20190729,4.05,4.1,4.02,4.03,84817
EOS,20190730,4.04,4.08,4.01,4.05,54295
EOS,20190731,4.07,4.16,4.04,4.08,61567
EOS,20190801,4.08,4.2,4.08,4.2,31932
EOS,20190802,4.19,4.19,4.07,4.08,61400
EOS,20190805,4.08,4.11,3.92,4.05,198324
EOS,20190806,3.9,3.96,3.75,3.87,156063
EOS,20190807,3.9,3.95,3.87,3.87,81664
EOS,20190808,3.91,4.4,3.91,4.34,236190
EOS,20190809,4.42,4.56,4.35,4.5,383572
EOS,20190812,4.6,4.69,4.52,4.55,197422
EOS,20190813,4.54,4.54,4.35,4.52,115822
EOS,20190814,4.56,4.67,4.54,4.61,188551
EOS,20190815,4.47,4.52,4.37,4.47,278356
EOS,20190816,4.5,4.55,4.45,4.48,118698
EOS,20190819,4.52,4.61,4.48,4.58,165304
EOS,20190820,4.6,4.61,4.52,4.52,55345
EOS,20190821,4.54,4.56,4.47,4.48,99363
EOS,20190822,4.5,4.66,4.5,4.65,132614
EOS,20190823,4.65,4.65,4.55,4.59,135938
EOS,20190826,4.52,4.52,4.41,4.47,138902
EOS,20190827,4.48,4.59,4.48,4.51,71061
EOS,20190828,4.52,4.63,4.51,4.63,259060
EOS,20190829,4.65,4.87,4.65,4.83,402415
EOS,20190830,4.83,4.83,4.55,4.69,404649
EOS,20190902,4.74,4.88,4.74,4.88,372386
EOS,20190903,4.89,5.24,4.88,5.17,736771
EOS,20190904,5.2,5.29,5.12,5.2,380875
EOS,20190905,5.25,5.57,5.25,5.48,474014
EOS,20190906,5.6,5.74,5.55,5.55,564056
EOS,20190909,5.69,6,5.62,6,672064
EOS,20190910,5.99,6.12,5.71,5.77,719474
EOS,20190911,5.85,5.98,5.85,5.93,279846
EOS,20190912,5.94,6.05,5.92,5.99,536377
EOS,20190913,6,6.04,5.96,6,526205
EOS,20190916,6.05,6.5,6.04,6.43,1209200
EOS,20190917,6.55,7.17,6.55,6.74,1543165
EOS,20190918,6.74,6.9,6.62,6.81,425421
EOS,20190919,6.88,7.2,6.63,6.67,531048
EOS,20190920,6.76,6.86,6.71,6.78,278809
EOS,20190923,6.8,7,6.77,6.89,288018
EOS,20190924,6.95,7.09,6.8,6.8,253691
EOS,20190925,6.9,6.96,6.75,6.91,423352
EOS,20190926,6.94,7.15,6.8,7.07,266179
EOS,20190927,7.17,7.45,7.12,7.38,874652
EOS,20190930,8,8.21,7.65,7.75,683252
EOS,20191001,7.9,8.29,7.85,8,554549
EOS,20191002,8,8.01,7.75,7.84,338378
EOS,20191003,7.75,7.91,7.25,7.42,593179
EOS,20191004,7.45,7.75,7.45,7.63,232398
EOS,20191007,7.65,7.81,7.33,7.38,276606
EOS,20191008,7.39,7.39,7.16,7.3,589426
EOS,20191009,7.29,7.62,7.2,7.54,311134
EOS,20191010,7.67,7.7,7.27,7.31,200558
EOS,20191011,7.38,7.4,7.28,7.31,347096
EOS,20191014,7.42,7.59,7.16,7.25,226190
EOS,20191015,7.24,7.24,6.71,6.8,440210
EOS,20191016,6.79,6.8,6.15,6.5,1116028
EOS,20191017,6.49,6.74,6.46,6.68,317035
EOS,20191018,6.82,7.29,6.81,7.23,392340
EOS,20191021,7.19,7.4,7.075,7.12,227942
EOS,20191022,7.13,7.35,7.06,7.21,214605
EOS,20191023,7.23,7.29,7,7.01,193235
EOS,20191024,7.05,7.08,6.9,7.03,175548
EOS,20191025,7.06,7.13,6.85,6.93,2402820
EOS,20191028,7.02,7.04,6.82,6.89,159429
EOS,20191029,6.95,6.99,6.79,6.95,87319
EOS,20191030,6.99,6.99,6.6,6.8,267169
EOS,20191031,6.78,7.11,6.5,7.03,705331
EOS,20191101,7.15,7.26,7.01,7.05,161040
EOS,20191104,7.18,7.25,7.1,7.12,150538
EOS,20191105,7.16,7.59,7.15,7.46,406724
EOS,20191106,7.49,7.61,7.36,7.38,414663
EOS,20191107,7.4,7.7,7.39,7.68,252082
EOS,20191108,7.7,7.78,7.34,7.39,197749
EOS,20191111,7.5,7.5,7.2,7.26,124183
EOS,20191112,7.26,7.26,7.12,7.12,198280
EOS,20191113,7.16,7.19,6.85,6.85,243666
EOS,20191114,6.84,7.02,6.68,6.75,236411
EOS,20191115,6.75,6.93,6.6,6.85,312822
EOS,20191118,6.9,6.99,6.67,6.73,166494
EOS,20191119,6.8,6.8,6.5,6.66,464934
EOS,20191120,6.66,6.73,6.5,6.61,841909
EOS,20191121,6.61,6.61,6.61,6.61,0
EOS,20191122,7.07,7.3,6.73,6.96,1277240
EOS,20191125,6.96,6.98,6.6,6.61,650409
EOS,20191126,6.64,6.76,6.61,6.65,445414
EOS,20191127,6.64,7.04,6.62,6.85,445374
EOS,20191128,6.89,7.065,6.7,6.88,806339
EOS,20191129,6.91,6.97,6.69,6.85,989076
EOS,20191202,6.84,6.87,6.64,6.67,273933
EOS,20191203,6.65,6.7,6.46,6.61,340591
EOS,20191204,6.61,6.78,6.58,6.77,338590
EOS,20191205,6.91,7.15,6.84,7,532717
EOS,20191206,7.05,7.09,6.78,6.87,444429
EOS,20191209,6.92,7,6.63,6.72,419295
EOS,20191210,6.7,7.07,6.64,6.95,599269
EOS,20191211,6.95,7.02,6.87,6.99,960185
EOS,20191212,7,7,6.72,6.78,324708
EOS,20191213,6.85,6.855,6.69,6.78,233343
EOS,20191216,6.84,6.98,6.81,6.95,253164
EOS,20191217,6.96,7.14,6.94,7.01,452148
EOS,20191218,7.1,7.5,7.1,7.3,677836
EOS,20191219,7.26,7.26,7.01,7.19,1102373
EOS,20191220,7.15,7.26,7.11,7.2,315884
EOS,20191223,7.2,7.24,7.13,7.18,180468
EOS,20191224,7.2,7.47,7.14,7.46,249328
EOS,20191227,7.48,7.6,7.46,7.53,154911
EOS,20191230,7.54,7.62,7.41,7.58,186230
EOS,20191231,7.58,7.58,7.34,7.42,142763
EOS,20200102,7.46,7.64,7.36,7.5,198381
EOS,20200103,7.51,7.55,7.4,7.52,169796
EOS,20200106,7.52,7.53,7.36,7.52,220952
EOS,20200107,7.55,7.75,7.55,7.61,357964
EOS,20200108,7.61,7.7,7.5,7.63,355154
EOS,20200109,7.65,8.08,7.63,8.08,493029
EOS,20200113,8.1,8.66,8.1,8.4,609251
EOS,20200114,8.7,9.095,8.57,8.99,1008889
EOS,20200115,9.04,9.43,9.04,9.35,654719
EOS,20200116,9.41,9.78,9.3,9.37,1010704
EOS,20200117,9.48,9.61,8.89,8.96,919144
EOS,20200120,9.04,9.23,9.01,9.2,373014
EOS,20200121,9.23,9.36,9.03,9.2,292689
EOS,20200122,9.2,9.27,8.97,9.24,325403
EOS,20200123,9.21,9.7,9.21,9.48,566678
EOS,20200124,9.48,9.92,9.44,9.85,490421
EOS,20200128,9.94,10.535,9.51,10.28,960242
EOS,20200129,10.35,10.465,10.18,10.44,623374
EOS,20200130,10.46,10.8,10.24,10.28,509115
EOS,20200203,10,10.56,9.85,10.47,684001
EOS,20200204,10.31,10.52,10.1,10.47,495232
EOS,20200205,10.6,10.8,10,10.01,755958
EOS,20200210,9.75,10.11,9.68,9.86,296727
EOS,20200211,9.8,10.11,9.76,9.8,292880
EOS,20200212,9.8,9.95,9.57,9.65,309686
EOS,20200213,9.81,9.99,9.64,9.82,312684
EOS,20200214,9.86,10.19,9.77,9.99,418204
EOS,20200217,10,10.23,10,10.06,420403
EOS,20200218,10.1,10.19,9.71,9.77,274402
EOS,20200219,9.92,10.02,9.78,9.95,435202
EOS,20200220,9.9,10.06,9.78,9.83,337455
EOS,20200221,9.8,9.81,9.1,9.42,698444
EOS,20200224,9.17,9.18,8.16,8.2,1649007
EOS,20200225,7.6,8.41,7.39,8.25,1367329
EOS,20200226,7.94,8.04,7.47,7.7,1493306
EOS,20200227,7.69,7.88,7.15,7.45,1148334
EOS,20200228,7.16,7.52,6.75,7.3,1242378
EOS,20200302,7.11,7.14,6.52,7.08,1363234
EOS,20200303,7.31,7.78,7.31,7.56,1106315
EOS,20200304,7.53,7.54,7.13,7.16,683612
EOS,20200305,7.45,7.56,6.98,7.02,1119556
EOS,20200306,6.89,6.92,6.5,6.5,1103726
EOS,20200309,6.05,6.05,5.02,5.23,2272161
EOS,20200310,4.65,5.53,4.6,5.37,2920241
EOS,20200311,5.84,5.84,5.02,5.13,1181203
EOS,20200312,5,5.12,4.61,4.7,1342593
EOS,20200313,4.4,4.7,4.11,4.7,2614058
EOS,20200316,4.42,4.44,4.02,4.11,1230878
EOS,20200317,4.06,4.35,3.82,3.95,2079227
EOS,20200318,4,4.04,3.5,3.88,2393303
EOS,20200319,3.9,3.93,3.52,3.57,964275
EOS,20200320,3.7,3.97,3.62,3.62,3383596
EOS,20200323,3.3,3.3,2.95,2.98,1488085
EOS,20200324,3.05,3.54,3,3.38,1877694
EOS,20200325,3.85,3.9,3.36,3.5,1332632
EOS,20200326,3.78,4.39,3.65,4.3,1423753
EOS,20200327,4.55,4.98,3.8,3.97,1727757
EOS,20200330,3.97,4.25,3.86,4.05,1124288
EOS,20200331,4.3,4.63,4.1,4.2,1851143
EOS,20200401,4.31,4.43,4.15,4.32,1198977
EOS,20200402,4.21,4.74,4.07,4.6,1126749
EOS,20200403,4.85,5.085,4.27,4.38,1740296
EOS,20200406,4.53,4.92,4.5,4.7,1055235
EOS,20200407,5.01,5.1,4.705,4.92,1190670
EOS,20200408,5.02,5.45,4.77,5.29,1423817
EOS,20200409,5.58,5.92,5.42,5.84,1138652
EOS,20200414,6,6.09,5.58,5.75,1791443
EOS,20200415,5.75,5.75,5.75,5.75,0
EOS,20200416,4.9,4.98,4.58,4.7,5523217
EOS,20200417,4.82,4.95,4.71,4.77,2417886
EOS,20200420,4.84,4.89,4.67,4.67,2394480
EOS,20200421,4.64,4.66,4.145,4.17,3120056
EOS,20200422,4.16,4.24,3.95,4.05,3052647
EOS,20200423,4.32,4.5,4.06,4.09,2630539
EOS,20200424,4.13,4.47,4.05,4.42,2483865
EOS,20200427,4.54,4.64,4.42,4.58,1022951
EOS,20200428,4.69,4.84,4.66,4.79,1087402
EOS,20200429,4.75,4.79,4.57,4.75,1230976
EOS,20200430,4.75,4.81,4.45,4.7,2121034
EOS,20200501,4.61,4.65,4.4,4.44,2148493
EOS,20200504,4.43,4.45,4.12,4.18,2700878
EOS,20200505,4.23,4.28,4.13,4.2,1488592
EOS,20200506,4.25,4.71,4.25,4.71,1332997
EOS,20200507,4.72,4.77,4.6,4.69,861754
EOS,20200508,4.74,4.77,4.62,4.66,1099515
EOS,20200511,4.74,5.37,4.7,5.19,2143929
EOS,20200512,5.19,5.19,4.84,4.88,1112379
EOS,20200513,4.79,4.79,4.61,4.7,1002265
EOS,20200514,4.6,4.7,4.36,4.38,1278479
EOS,20200515,4.54,4.6,4.32,4.42,1239969
EOS,20200518,4.54,5.06,4.51,4.93,1607475
EOS,20200519,5.1,5.26,4.84,4.98,1352171
EOS,20200520,4.92,5.36,4.84,5.26,1924306
EOS,20200521,5.33,5.48,5.14,5.34,1398181
EOS,20200522,5.34,5.42,5.05,5.14,1602452
EOS,20200525,5.26,5.34,5.07,5.22,1093606
EOS,20200526,5.26,5.65,5.23,5.52,1650010
EOS,20200527,5.62,5.95,5.34,5.75,2017400
EOS,20200528,5.94,6.04,5.57,5.61,1126455
EOS,20200529,5.81,6.05,5.58,5.68,1804480
EOS,20200601,5.7,5.8,5.54,5.61,1021701
EOS,20200602,5.76,5.97,5.66,5.95,1218014
EOS,20200603,6.03,6.17,5.88,6.17,1649589
EOS,20200604,6.33,6.54,6.13,6.39,1794726
EOS,20200605,6.38,6.45,6.21,6.25,1157495
EOS,20200609,6.54,6.86,6.46,6.6,1584752
EOS,20200610,6.57,6.74,6.41,6.58,971328
EOS,20200611,6.58,6.73,6.26,6.31,1173175
EOS,20200612,5.75,5.86,5.31,5.74,3384605
EOS,20200615,5.74,5.96,5.3,5.42,2172974
EOS,20200616,5.65,5.89,5.5,5.59,2312921
EOS,20200617,5.77,5.77,5.43,5.55,1385138
EOS,20200618,5.46,5.71,5.36,5.6,1358708
EOS,20200619,5.71,5.84,5.57,5.7,5160979
EOS,20200622,5.6,5.64,5.25,5.26,1692667
EOS,20200623,5.32,5.43,5.03,5.08,2116049
EOS,20200624,5.1,5.19,4.92,4.99,1933451
EOS,20200625,4.87,4.91,4.68,4.71,1710155
EOS,20200626,4.78,4.87,4.65,4.8,1050753
EOS,20200629,4.77,4.84,4.61,4.63,773367
EOS,20200630,4.77,4.87,4.66,4.68,1362615
EOS,20200701,5.08,5.51,5.07,5.32,2996177
EOS,20200702,5.32,5.32,5.32,5.32,0
EOS,20200703,5.32,5.32,5.32,5.32,0
EOS,20200706,6.92,7.3,6.06,6.56,7634743
EOS,20200707,6.62,6.75,5.9,5.97,3701611
EOS,20200708,5.9,6.15,5.8,6,1394928
EOS,20200709,6.1,6.23,5.66,5.69,1939130
EOS,20200710,5.7,5.9,5.6,5.74,1250299
EOS,20200713,5.82,5.88,5.48,5.49,1325763
EOS,20200714,5.49,5.62,5.26,5.38,1595837
EOS,20200715,5.56,5.58,5.31,5.52,869328
EOS,20200716,5.53,5.58,5.38,5.51,558030
EOS,20200717,5.52,5.59,5.31,5.37,766501
EOS,20200720,5.4,5.44,5.32,5.44,423636
EOS,20200721,5.45,5.85,5.44,5.79,1338975
EOS,20200722,5.82,5.82,5.6,5.73,1129489
EOS,20200723,5.81,6.43,5.72,6.35,2601760
EOS,20200724,6.3,6.43,6.09,6.11,1556880
EOS,20200727,6.15,6.31,6.03,6.26,937559
EOS,20200728,6.28,6.45,5.97,5.97,1710653
EOS,20200729,5.97,6.08,5.76,5.8,875850
EOS,20200730,5.85,5.93,5.67,5.79,1244867
EOS,20200731,5.67,5.82,5.5,5.54,1610014
EOS,20200803,5.54,5.63,5.36,5.38,1144885
EOS,20200804,5.48,5.67,5.4,5.66,1147909
EOS,20200805,5.66,5.72,5.51,5.6,740163
EOS,20200806,5.71,5.78,5.58,5.64,572634
EOS,20200807,5.67,5.92,5.57,5.83,974039
EOS,20200810,5.89,5.89,5.64,5.68,984923
EOS,20200811,5.68,5.74,5.525,5.6,830883
EOS,20200812,5.6,5.6,5.43,5.48,708729
EOS,20200813,5.49,5.66,5.49,5.56,781451
EOS,20200814,5.56,5.68,5.54,5.56,558030
EOS,20200817,5.56,5.58,5.43,5.55,584262
EOS,20200818,5.54,5.7,5.51,5.62,586078
EOS,20200819,5.65,5.77,5.61,5.65,451720
EOS,20200820,5.65,5.67,5.53,5.6,405769
EOS,20200821,5.6,5.72,5.56,5.67,384014
EOS,20200824,5.69,5.97,5.69,5.88,1268871
EOS,20200825,5.96,6,5.75,5.88,611180
EOS,20200826,5.85,5.91,5.7,5.86,600274
EOS,20200827,5.91,5.95,5.77,5.87,608988
EOS,20200828,5.87,6.26,5.87,6.2,1597447
EOS,20200831,5.9,5.9,5.46,5.57,4051042
EOS,20200901,5.6,5.75,5.36,5.37,2340620
EOS,20200902,5.44,5.46,5.16,5.32,2133971
EOS,20200903,5.35,5.59,5.35,5.58,1339205
EOS,20200904,5.39,5.43,5.21,5.28,3996828
EOS,20200907,5.25,5.27,5.13,5.19,1232586
EOS,20200908,5.19,5.63,5.04,5.3,3138749
EOS,20200909,5.2,5.36,5.11,5.32,1357641
EOS,20200910,5.65,5.7,5.3,5.3,1777050
EOS,20200911,5.31,5.31,5.11,5.12,1332561
EOS,20200914,5.14,5.18,5.07,5.16,889022
EOS,20200915,5.3,5.65,5.19,5.62,1846299
EOS,20200916,5.63,5.66,5.41,5.51,636585
EOS,20200917,5.5,5.53,5.26,5.27,975741
EOS,20200918,5.29,5.48,5.29,5.41,866685
EOS,20200921,5.41,5.56,5.4,5.4,531107
EOS,20200922,5.49,5.57,5.29,5.3,1148917
EOS,20200923,5.4,5.58,5.37,5.48,908353
EOS,20200924,5.4,5.43,5.24,5.29,968555
EOS,20200925,5.3,5.39,5.22,5.36,862467
EOS,20200928,5.35,5.68,5.35,5.64,1553466
EOS,20200929,5.67,5.75,5.51,5.55,804457
EOS,20200930,5.77,5.94,5.45,5.45,2379509
EOS,20201001,5.56,5.58,5.32,5.38,983794
EOS,20201002,5.4,5.42,5.16,5.18,1343800
EOS,20201005,5.26,5.71,5.21,5.69,2251297
EOS,20201006,5.71,5.76,5.56,5.61,848995
EOS,20201007,5.66,5.94,5.6,5.89,1827740
EOS,20201008,5.95,6.11,5.9,5.96,1472382
EOS,20201009,5.97,5.97,5.75,5.91,747136
EOS,20201012,5.93,6.08,5.78,6.08,1002367
EOS,20201013,6.09,6.1,5.87,5.9,798655
EOS,20201014,5.89,6.08,5.78,6.01,947626
EOS,20201015,5.98,6.04,5.88,5.91,519675
EOS,20201016,5.95,6.07,5.91,5.93,669961
EOS,20201019,5.94,6.17,5.93,6.07,1016284
EOS,20201020,6.01,6.14,5.95,6.07,989584
EOS,20201021,6.07,6.33,6.05,6.21,2805500
EOS,20201022,6.17,6.26,6.08,6.13,632432
EOS,20201023,6.13,6.18,5.91,6,752602
EOS,20201026,6.06,6.09,5.79,5.8,633201
EOS,20201027,5.78,5.84,5.55,5.6,1370757
EOS,20201028,5.59,5.73,5.59,5.69,557101
EOS,20201029,5.57,5.57,5.41,5.48,1059146
EOS,20201030,5.5,5.56,5.405,5.5,991993
EOS,20201102,5.49,5.54,5.31,5.37,809437
EOS,20201103,5.4,5.63,5.4,5.47,2209284
EOS,20201104,5.53,5.62,5.45,5.62,558082
EOS,20201105,5.65,5.83,5.62,5.78,753660
EOS,20201106,5.81,5.92,5.71,5.75,568260
EOS,20201109,5.74,5.93,5.71,5.92,840536
EOS,20201110,5.95,6.06,5.73,5.79,945243
EOS,20201111,5.89,6.05,5.83,6.02,977963
EOS,20201112,6.02,6.11,5.77,5.99,955682
EOS,20201113,5.98,6.07,5.86,6.07,664026
EOS,20201116,6.06,6.07,5.98,6.07,51512
EOS,20201117,6.05,6.19,5.93,6.08,1030824
EOS,20201118,6.02,6.42,6.02,6.41,1621437
EOS,20201120,6.48,6.69,6.47,6.55,791719
EOS,20201123,6.6,6.7,6.46,6.59,737308
EOS,20201124,6.71,6.74,6.54,6.54,728083
EOS,20201125,6.6,6.62,6.26,6.28,1316690
EOS,20201126,6.28,6.37,6.02,6.34,1262284
EOS,20201127,6.31,6.48,6.19,6.46,511711
EOS,20201130,6.5,6.92,6.44,6.68,6268756
EOS,20201201,6.7,6.75,6.54,6.64,634134
EOS,20201202,6.7,6.71,6.57,6.66,307010
EOS,20201203,6.67,6.69,6.52,6.52,350924
EOS,20201204,6.56,6.66,6.46,6.63,495020
EOS,20201207,6.67,6.7,6.47,6.5,346795
EOS,20201208,6.47,6.52,6.35,6.49,467757
EOS,20201209,6.47,6.5,6.36,6.36,254212
EOS,20201210,6.32,6.46,6.31,6.36,455364
EOS,20201211,6.37,6.43,6.2,6.4,391994
EOS,20201214,6.54,6.62,6.37,6.37,620966
EOS,20201215,6.4,6.425,6.16,6.19,448786
EOS,20201216,6.19,6.35,6.15,6.31,372267
EOS,20201217,6.37,6.62,6.37,6.41,526888
EOS,20201218,6.45,6.48,6.31,6.33,282001
EOS,20201221,6.3,6.36,5.75,6.07,1547220
EOS,20201222,6.01,6.05,5.83,5.9,641148
EOS,20201224,5.94,5.94,5.94,5.94,0
EOS,20201229,6,6.16,6,6.09,412877
EOS,20201230,6.1,6.14,5.95,5.97,373913
EOS,20201231,6.04,6.04,5.89,5.91,228501
EOS,20210104,5.97,5.99,5.86,5.9,346455
EOS,20210105,5.95,5.96,5.77,5.86,597258
EOS,20210106,5.83,5.92,5.72,5.73,484177
EOS,20210107,5.73,5.81,5.55,5.57,650634
EOS,20210108,5.7,5.81,5.62,5.67,359854
EOS,20210111,5.67,5.67,5.54,5.6,404116
EOS,20210112,5.64,5.74,5.63,5.65,386096
EOS,20210113,5.67,5.85,5.65,5.84,438424
EOS,20210114,5.86,5.92,5.76,5.77,339456
EOS,20210115,5.77,5.86,5.7,5.84,268744
EOS,20210118,5.83,5.84,5.67,5.7,262396
EOS,20210119,5.7,5.755,5.66,5.73,238261
EOS,20210120,5.7,5.79,5.66,5.69,444128
EOS,20210121,5.73,5.73,5.4,5.41,1304188
EOS,20210122,5.41,5.47,5.34,5.42,341757
EOS,20210125,5.42,5.42,5.3,5.31,584610
EOS,20210127,5.3,5.32,5.14,5.15,924116
EOS,20210128,5.11,5.18,4.95,5.18,1318170
EOS,20210129,5.24,5.41,5.11,5.21,730132
EOS,20210201,5.1,5.16,5.01,5.12,386251
EOS,20210203,5.3,5.46,5.24,5.45,560682
EOS,20210204,5.45,5.45,5.25,5.28,353717
EOS,20210205,5.4,5.46,5.3,5.31,250201
EOS,20210208,5.29,5.3,5.16,5.18,391103
EOS,20210209,5.16,5.19,5.05,5.13,468558
EOS,20210210,5.12,5.33,5.12,5.29,303344
EOS,20210211,5.25,5.25,5.17,5.17,207340
EOS,20210212,5.2,5.31,5.09,5.2,322005
EOS,20210215,5.19,5.27,5.13,5.14,345646
EOS,20210216,5.14,5.21,5.07,5.13,330633
EOS,20210217,5.14,5.17,5.01,5.08,342686
EOS,20210218,5.02,5.07,4.91,4.93,817136
EOS,20210219,4.91,5.05,4.9,4.97,457758
EOS,20210222,4.97,5.1,4.97,5.05,299653
EOS,20210223,5.05,5.05,4.87,4.93,541259
EOS,20210224,4.9,4.9,4.75,4.79,607466
EOS,20210225,4.8,4.93,4.78,4.86,601645
EOS,20210226,4.75,4.79,4.37,4.46,2502678
EOS,20210301,4.53,5.29,4.5,5.29,2049603
EOS,20210302,5.4,5.45,4.94,4.96,1256637
EOS,20210303,5,5.25,4.955,5.24,628751
EOS,20210304,5.18,5.19,5.04,5.14,532829
EOS,20210305,5,5.19,5,5.19,420006
EOS,20210308,5.24,5.24,4.97,5.05,362977
EOS,20210309,4.98,5.05,4.91,5,490925
EOS,20210310,5.12,5.37,5.12,5.33,743674
EOS,20210311,5.12,5.37,5.12,5.33,743674
EOS,20210312,5.27,5.44,5.27,5.42,490232
EOS,20210315,5.42,5.43,5.31,5.37,200018
EOS,20210316,5.37,5.64,5.35,5.64,561862
EOS,20210317,5.57,5.6,5.46,5.52,325294
EOS,20210318,5.55,5.55,5.38,5.46,276500
EOS,20210319,5.41,5.435,5.26,5.33,545461
EOS,20210322,5.33,5.36,5.16,5.3,284816
EOS,20210323,5.3,5.36,5.16,5.22,224507
EOS,20210324,5.22,5.22,5.08,5.17,274601
EOS,20210325,5.16,5.25,5.07,5.22,232777
EOS,20210329,5.26,5.28,5.14,5.14,285213
EOS,20210330,5.2,5.26,5.1,5.1,286168
EOS,20210331,5.12,5.4,5.12,5.2,554021
EOS,20210401,5.22,5.25,5.11,5.13,338807
EOS,20210406,5.19,5.23,5.09,5.15,659425
EOS,20210407,5.12,5.3,5.08,5.27,644753
EOS,20210408,5.23,5.42,5.16,5.38,477165
EOS,20210409,5.6,5.69,5.34,5.37,1271222
EOS,20210412,5.44,5.44,5.17,5.23,604874
EOS,20210413,5.2,5.41,5.2,5.35,306488
EOS,20210414,5.35,5.44,5.28,5.37,231700
EOS,20210415,5.37,5.4,5.29,5.33,290471
EOS,20210416,5.39,5.44,5.32,5.41,398255
EOS,20210419,5.43,5.43,5.26,5.26,272697
EOS,20210420,5.25,5.33,5.21,5.25,266220
EOS,20210421,5.25,5.25,5.14,5.23,322237
EOS,20210422,5.23,5.29,5.13,5.18,321789
EOS,20210423,5.17,5.2,5.11,5.14,317002
EOS,20210426,5.15,5.16,5.08,5.11,404395
EOS,20210427,5.09,5.19,5.09,5.14,275154
EOS,20210428,5.16,5.18,5.08,5.11,273536
EOS,20210429,5.1,5.13,4.96,5.06,375281
EOS,20210430,5.04,5.05,4.61,4.62,2105473
EOS,20210503,4.62,4.63,4.43,4.45,961558
EOS,20210504,4.5,4.53,4.22,4.29,1126516
EOS,20210505,4.22,4.28,4.1,4.13,1091058
EOS,20210506,4.25,4.41,4.125,4.37,1115219
EOS,20210507,4.3,4.34,4.23,4.24,550563
EOS,20210510,4.24,4.26,4.12,4.15,525018
EOS,20210511,4.12,4.12,3.86,3.99,1482641
EOS,20210512,4.36,4.64,4.36,4.4,2742505
EOS,20210513,4.35,4.35,3.97,4.04,1622655
EOS,20210514,4.1,4.12,3.82,3.85,1644099
EOS,20210517,3.9,3.94,3.62,3.71,1699407
EOS,20210518,3.73,3.84,3.67,3.76,649132
EOS,20210519,3.75,3.86,3.67,3.82,535151
EOS,20210520,3.8,3.95,3.78,3.82,409862
EOS,20210521,3.85,4.015,3.83,3.95,628551
EOS,20210524,3.95,4.05,3.86,3.91,429601
EOS,20210525,3.95,3.99,3.9,3.91,266268
EOS,20210526,3.9,3.95,3.83,3.93,213030
EOS,20210527,3.98,4.19,3.98,4.19,1280118
EOS,20210528,3.82,4.02,3.73,3.85,4174666
EOS,20210531,3.88,4.12,3.81,4.1,1609728
EOS,20210601,4.1,4.1,3.935,4.01,955513
EOS,20210602,4.02,4.32,3.98,4.31,1202739
EOS,20210603,4.43,4.44,4.13,4.25,1443701
EOS,20210604,4.26,4.44,4.19,4.39,981732
EOS,20210607,4.42,4.54,4.35,4.37,1422805
EOS,20210609,4.41,4.47,4.32,4.35,372148
EOS,20210610,4.35,4.43,4.28,4.37,350323
EOS,20210611,4.37,4.58,4.37,4.52,347317
EOS,20210615,4.55,4.63,4.39,4.46,617321
EOS,20210616,4.42,4.59,4.38,4.54,393534
EOS,20210617,4.55,4.55,4.44,4.47,211811
EOS,20210618,4.42,4.69,4.42,4.59,696520
EOS,20210621,4.56,4.73,4.47,4.62,383857
EOS,20210622,4.67,4.75,4.57,4.65,529177
EOS,20210623,4.63,4.67,4.53,4.59,405607
EOS,20210625,4.65,4.67,4.51,4.51,528970
EOS,20210628,4.49,4.5,4.34,4.41,453006
EOS,20210629,4.4,4.43,4.34,4.35,404992
EOS,20210630,4.35,4.37,4.25,4.31,798466
EOS,20210701,4.33,4.515,4.33,4.44,480694
EOS,20210705,4.4,4.46,4.35,4.35,221833
EOS,20210706,4.33,4.4,4.31,4.38,233993
EOS,20210707,4.42,4.42,4.31,4.31,198709
EOS,20210708,4.32,4.34,4.23,4.25,331014
EOS,20210709,4.25,4.27,4.19,4.26,387966
EOS,20210712,4.22,4.32,4.17,4.22,356843
EOS,20210714,4.17,4.22,4.06,4.08,497445
EOS,20210715,4.08,4.12,3.99,4.05,406669
EOS,20210716,4.05,4.25,4.05,4.1,878824
EOS,20210719,4.14,4.22,4.08,4.08,346906
EOS,20210720,4.07,4.11,3.99,4.03,403634
EOS,20210723,4.16,4.57,4.15,4.48,1419688
EOS,20210726,4.53,4.58,4.37,4.38,723190
EOS,20210727,4.35,4.38,4.01,4.06,1764095
EOS,20210728,4.06,4.08,3.99,4.05,542604
EOS,20210729,4.04,4.18,4,4.15,387077
EOS,20210730,4.1,4.15,4.07,4.12,514570
EOS,20210802,4.13,4.2,4.11,4.15,434228
EOS,20210803,4.29,4.38,4.21,4.3,753181
EOS,20210804,4.3,4.34,4.22,4.32,345240
EOS,20210805,4.31,4.33,4.23,4.25,312354
EOS,20210806,4.27,4.27,4.15,4.18,393724
EOS,20210809,4.25,4.27,4.14,4.2,374404
EOS,20210810,4.19,4.2,4.13,4.15,292368
EOS,20210811,4.15,4.22,4.09,4.2,525235
EOS,20210812,4.2,4.24,4.11,4.12,420158
EOS,20210813,4.12,4.22,4.11,4.14,407137
EOS,20210819,4,4.06,3.89,3.91,1106569
EOS,20210820,3.93,4.03,3.87,3.91,546887
EOS,20210823,3.92,4.01,3.88,3.96,743459
EOS,20210824,4,4.12,3.98,4.12,801055
EOS,20210825,4.13,4.19,4.08,4.15,779303
EOS,20210826,4.16,4.16,4.08,4.12,500458
EOS,20210827,4.14,4.18,4.07,4.08,420613
EOS,20210830,4,4.08,3.9,3.9,815567
EOS,20210831,3.85,3.85,3.52,3.52,2895142
EOS,20210901,3.53,3.69,3.42,3.67,1620775
EOS,20210902,3.66,3.83,3.66,3.74,1016165
EOS,20210903,3.74,3.88,3.74,3.74,670142
EOS,20210906,3.74,3.87,3.74,3.8,537052
EOS,20210907,3.82,3.88,3.75,3.8,718404
EOS,20210908,3.82,3.89,3.77,3.81,1028678
EOS,20210909,3.84,3.84,3.6,3.6,1139619
EOS,20210910,3.64,3.72,3.61,3.72,972370
EOS,20210913,3.72,3.81,3.64,3.74,496612
EOS,20210914,3.74,3.83,3.72,3.75,406253
EOS,20210915,3.75,3.76,3.62,3.64,519495
EOS,20210916,3.68,3.73,3.61,3.61,496425
EOS,20210917,3.65,3.69,3.54,3.54,1131646
EOS,20210920,3.54,3.55,3.37,3.4,1064122
EOS,20210922,3.39,3.51,3.39,3.45,480579
EOS,20210923,3.5,3.63,3.5,3.61,698414
EOS,20210924,3.65,3.71,3.59,3.68,584610
EOS,20210927,3.7,3.78,3.66,3.73,677130
EOS,20210928,3.75,3.84,3.67,3.67,497971
EOS,20210929,3.6,3.6,3.48,3.52,852416
EOS,20210930,3.52,3.52,3.43,3.43,499736
EOS,20211001,3.46,3.48,3.38,3.45,568292
EOS,20211004,3.46,3.6,3.44,3.56,665630
EOS,20211005,3.5,3.51,3.39,3.45,596033
EOS,20211006,3.42,3.44,3.3,3.31,721002
EOS,20211007,3.3,3.37,3.26,3.31,861315
EOS,20211008,3.32,3.48,3.32,3.46,597674
EOS,20211011,3.5,3.58,3.48,3.54,442326
EOS,20211012,3.5,3.58,3.48,3.56,458787
EOS,20211013,3.56,3.87,3.55,3.63,1604825
EOS,20211014,3.67,3.67,3.54,3.55,608125
EOS,20211019,3.65,3.65,3.51,3.56,452439
EOS,20211020,3.56,3.7,3.48,3.64,1357262
EOS,20211021,3.65,3.69,3.59,3.63,262500
EOS,20211022,3.65,3.7,3.59,3.61,247154
EOS,20211025,3.61,3.61,3.61,3.61,0
EOS,20211026,3.61,3.61,3.61,3.61,0
EOS,20211028,3.4,3.46,3.32,3.34,738723
EOS,20211029,3.31,3.36,3.17,3.19,1115978
EOS,20211101,3.2,3.23,3.06,3.06,1459713
EOS,20211102,3.06,3.21,3.05,3.08,990439
EOS,20211103,3.16,3.16,3.02,3.05,671007
EOS,20211104,3.02,3.11,3.01,3.03,623178
EOS,20211105,3.04,3.09,2.92,2.92,1276173
EOS,20211109,2.83,2.95,2.81,2.93,885223
EOS,20211110,2.94,2.95,2.84,2.86,524442
EOS,20211112,2.81,2.82,2.69,2.75,1459091
EOS,20211115,2.74,2.83,2.71,2.81,681722
EOS,20211116,2.81,2.85,2.75,2.8,622800
EOS,20211117,2.82,2.85,2.76,2.77,510960
EOS,20211118,2.82,2.88,2.8,2.86,373934
EOS,20211119,2.87,2.87,2.73,2.76,420605
EOS,20211122,2.75,2.78,2.7,2.75,553137
EOS,20211123,2.75,2.8,2.72,2.78,486824
EOS,20211124,2.74,2.8,2.73,2.77,487212
EOS,20211125,2.76,2.79,2.71,2.72,248342
EOS,20211126,2.71,2.71,2.44,2.51,1835863
EOS,20211129,2.4,2.61,2.4,2.55,1363988
EOS,20211130,2.5,2.6,2.47,2.47,5694036
EOS,20211201,2.49,2.5,2.4,2.47,893273
EOS,20211202,2.45,2.45,2.38,2.38,530839
EOS,20211203,2.41,2.495,2.41,2.42,1090660
EOS,20211206,2.41,2.42,2.28,2.31,745501
EOS,20211207,2.31,2.5,2.31,2.47,1029779
EOS,20211208,2.5,2.56,2.45,2.51,659744
EOS,20211209,2.53,2.56,2.5,2.5,305547
EOS,20211210,2.52,2.74,2.51,2.72,1278043
EOS,20211213,2.74,2.74,2.55,2.55,594703
EOS,20211214,2.59,2.59,2.45,2.45,442264
EOS,20211216,2.32,2.36,2.26,2.26,600609
EOS,20211217,2.26,2.35,2.25,2.28,581681
EOS,20211220,2.3,2.34,2.23,2.28,434930
EOS,20211221,2.3,2.37,2.25,2.33,397491
EOS,20211222,2.37,2.38,2.31,2.35,227521
EOS,20211223,2.34,2.37,2.32,2.32,237025
EOS,20211224,2.33,2.41,2.33,2.37,242877
EOS,20211229,2.4,2.41,2.37,2.37,223485
EOS,20211230,2.39,2.41,2.32,2.33,414798
EOS,20211231,2.34,2.36,2.31,2.34,239130
EOS,20220104,2.34,2.43,2.335,2.38,548509
EOS,20220105,2.37,2.37,2.27,2.27,560579
EOS,20220106,2.26,2.3,2.19,2.27,737733
EOS,20220107,2.28,2.33,2.23,2.24,366972
EOS,20220110,2.26,2.26,2.19,2.2,288896
EOS,20220111,2.17,2.34,2.17,2.32,458582
EOS,20220112,2.31,2.35,2.28,2.33,192315
EOS,20220113,2.32,2.37,2.22,2.22,420969
EOS,20220114,2.23,2.23,2.13,2.18,742103
EOS,20220117,2.19,2.22,2.15,2.19,426025
EOS,20220118,2.2,2.23,2.16,2.19,260069
EOS,20220119,2.18,2.18,2.08,2.16,786974
EOS,20220120,2.16,2.21,2.13,2.16,498732
EOS,20220121,2.16,2.18,2.06,2.08,761181
EOS,20220124,2.04,2.05,1.94,1.99,837251
EOS,20220125,1.98,2.03,1.9,1.905,805178
EOS,20220127,1.95,1.99,1.815,1.83,1366915
EOS,20220128,1.825,1.875,1.77,1.86,1531685
EOS,20220131,1.87,2.1,1.855,2.08,957129
EOS,20220201,2.18,2.24,2.12,2.16,1129663
EOS,20220202,2.15,2.32,2.14,2.31,643788
EOS,20220203,2.32,2.34,2.18,2.22,482640
EOS,20220204,2.22,2.36,2.21,2.24,795931
EOS,20220207,2.25,2.26,2.17,2.26,805466
EOS,20220208,2.25,2.3,2.14,2.15,1134992
EOS,20220209,2.18,2.33,2.14,2.33,887644
EOS,20220210,2.36,2.4,2.22,2.27,496807
EOS,20220211,2.3,2.3,2.18,2.2,250971
EOS,20220214,2.19,2.24,2.11,2.15,644494
EOS,20220215,2.12,2.14,2.08,2.11,376306
EOS,20220216,2.15,2.18,2.11,2.13,238202
EOS,20220217,2.14,2.22,2.135,2.18,365842
EOS,20220218,2.18,2.18,2.07,2.11,300386
EOS,20220221,2.11,2.11,1.98,2,595396
EOS,20220222,2,2,1.89,1.89,679928
EOS,20220223,1.93,2.005,1.9,1.97,849062
EOS,20220224,1.96,1.965,1.84,1.855,832374
EOS,20220225,1.945,2.19,1.945,2.08,1252414
EOS,20220228,2.14,2.19,1.77,1.84,2517832
EOS,20220301,1.875,1.955,1.84,1.885,992712
EOS,20220302,1.865,1.865,1.8,1.82,976566
EOS,20220303,1.83,1.83,1.725,1.77,1799040
EOS,20220304,1.77,1.795,1.71,1.73,735097
EOS,20220307,1.735,1.765,1.635,1.715,1088622
EOS,20220308,1.69,1.725,1.65,1.65,1031161
EOS,20220309,1.645,1.81,1.605,1.81,1056796
EOS,20220310,1.84,1.99,1.825,1.97,1200497
EOS,20220311,1.95,1.977,1.885,1.94,635232
EOS,20220314,1.97,1.985,1.855,1.855,731667
EOS,20220315,1.85,1.975,1.815,1.92,706196
EOS,20220316,0,0,0,0,0
EOS,20220317,2.45,2.64,2.43,2.47,1945975
EOS,20220318,2.57,2.72,2.38,2.72,5177688
EOS,20220321,2.77,3.02,2.75,2.98,1744749
EOS,20220322,3.01,3.17,3,3.14,1328443
EOS,20220323,3.21,3.38,3.17,3.31,1397844
EOS,20220324,3.24,3.24,2.79,2.89,1849997
EOS,20220325,2.96,3.09,2.87,2.9,663735
EOS,20220328,2.92,3.02,2.75,2.75,753545
EOS,20220329,2.91,3.17,2.84,2.86,1712924
EOS,20220330,2.88,3,2.86,2.96,594780
EOS,20220331,2.96,2.96,2.86,2.88,279574
EOS,20220401,2.91,2.91,2.67,2.68,622349
EOS,20220404,2.69,2.74,2.57,2.74,493910
EOS,20220405,2.8,2.86,2.72,2.85,888828
EOS,20220406,2.78,2.81,2.68,2.79,461076
EOS,20220407,2.78,2.81,2.68,2.75,368053
EOS,20220408,2.72,2.81,2.65,2.65,583276
EOS,20220411,2.64,2.64,2.45,2.45,603600
EOS,20220412,2.4,2.46,2.37,2.43,538061
EOS,20220413,2.36,2.45,2.35,2.38,644536
EOS,20220414,2.35,2.41,2.31,2.35,394582
EOS,20220419,2.33,2.33,2.2,2.25,734380
EOS,20220420,2.25,2.39,2.25,2.32,554056
EOS,20220421,2.25,2.39,2.25,2.32,554056
EOS,20220422,2.23,2.28,2.18,2.23,397036
EOS,20220426,2.18,2.2,2.11,2.16,470974
EOS,20220427,2.11,2.15,2.08,2.09,473090
EOS,20220428,2.14,2.17,2.08,2.11,228019
EOS,20220429,2.11,2.23,2.06,2.22,309902
EOS,20220502,2.18,2.21,2.11,2.12,315481
EOS,20220503,2.12,2.18,2.06,2.07,344663
EOS,20220504,2.1,2.11,2,2.02,317496
EOS,20220505,2.02,2.16,2.01,2.16,301559
EOS,20220506,2.09,2.09,2.02,2.07,360847
EOS,20220509,2.08,2.085,1.94,1.94,419116
EOS,20220510,1.945,2.07,1.895,2,1111949
EOS,20220511,2,2,1.88,1.925,507081
EOS,20220512,1.94,1.95,1.87,1.89,491998
EOS,20220513,1.89,1.925,1.85,1.87,446336
EOS,20220516,1.91,1.995,1.91,1.96,303014
EOS,20220517,1.965,1.965,1.89,1.94,327616
EOS,20220518,1.945,2.07,1.94,2.03,441380
EOS,20220519,1.96,1.99,1.9,1.955,302437
EOS,20220520,1.94,1.995,1.915,1.955,342059
EOS,20220523,1.945,1.99,1.905,1.95,381848
EOS,20220524,1.935,1.95,1.855,1.855,357057
EOS,20220525,1.855,1.855,1.74,1.765,1068017
EOS,20220526,1.77,1.875,1.76,1.855,443544
EOS,20220527,1.87,1.95,1.87,1.93,485279
EOS,20220530,1.945,1.985,1.895,1.93,630698
EOS,20220531,1.93,2.03,1.9,2.02,538753
EOS,20220601,1.99,1.99,1.87,1.87,346619
EOS,20220602,1.9,1.91,1.84,1.86,260081
EOS,20220603,1.875,1.96,1.875,1.9,366156
EOS,20220606,1.9,1.9,1.815,1.83,480056
EOS,20220607,1.82,1.82,1.74,1.755,543752
EOS,20220608,1.78,1.89,1.755,1.845,699655
EOS,20220609,1.84,1.935,1.825,1.935,638730
EOS,20220610,1.9,1.905,1.82,1.84,396355
EOS,20220614,1.75,1.77,1.65,1.71,877411
EOS,20220615,1.675,1.695,1.605,1.62,456114
EOS,20220616,1.64,1.71,1.625,1.645,573110
EOS,20220617,1.6,1.65,1.56,1.645,505155
EOS,20220620,1.65,1.7,1.56,1.595,367938
EOS,20220621,1.59,1.635,1.55,1.555,337684
EOS,20220622,1.57,1.6,1.405,1.44,876774
EOS,20220623,1.43,1.49,1.415,1.42,371154
EOS,20220624,1.43,1.555,1.43,1.505,788532
EOS,20220627,1.52,1.575,1.505,1.54,470370
EOS,20220628,1.54,1.54,1.54,1.54,0
EOS,20220629,1.28,1.28,1.1,1.14,2178509
EOS,20220630,1.12,1.14,0.99,1.04,4212647
EOS,20220701,1.04,1.05,0.99,1.01,2055025
EOS,20220704,1.005,1.015,0.975,0.98,1455116
EOS,20220705,0.99,1.03,0.965,1,1541983
EOS,20220706,1.05,1.115,1.03,1.08,2169592
EOS,20220707,1.1,1.11,1.01,1.015,1203516
EOS,20220708,1.05,1.055,1,1.005,1648977
EOS,20220711,1.005,1.03,0.95,0.965,2057372
EOS,20220712,0.955,0.97,0.875,0.91,2612737
EOS,20220713,0.91,0.935,0.877,0.91,905951
EOS,20220714,0.93,0.93,0.89,0.92,479441
EOS,20220715,0.9,0.9,0.78,0.815,3822731
EOS,20220718,0.835,0.895,0.82,0.895,1690217
EOS,20220719,0.89,0.9,0.845,0.845,728577
EOS,20220720,0.865,0.872,0.84,0.85,816024
EOS,20220721,0.88,0.915,0.865,0.895,839466
EOS,20220722,0.91,0.915,0.825,0.875,1224523
EOS,20220725,0.875,0.885,0.825,0.845,544727
EOS,20220726,0.86,0.86,0.825,0.835,502019
EOS,20220727,0.84,0.845,0.805,0.825,823965
EOS,20220728,0.845,0.91,0.845,0.89,656116
EOS,20220729,0.89,0.925,0.875,0.91,718952
EOS,20220801,0.94,0.975,0.89,0.89,496164
EOS,20220802,0.93,0.93,0.865,0.9,299437
EOS,20220803,0.9,0.93,0.86,0.93,687464
EOS,20220805,0.965,0.975,0.935,0.95,637944
EOS,20220808,0.97,1.01,0.925,1,774596
EOS,20220809,1.04,1.17,1.02,1.105,1781480
EOS,20220810,1.13,1.13,1.005,1.02,987122
EOS,20220811,1.06,1.11,1.05,1.105,731845
EOS,20220812,1.1,1.1,0.945,0.975,2622814
EOS,20220815,1,1.005,0.9,0.93,1303079
EOS,20220816,0.945,0.95,0.83,0.85,2228466
EOS,20220817,0.865,0.875,0.785,0.805,2605617
EOS,20220818,0.795,0.8,0.75,0.76,2195191
EOS,20220819,0.775,0.785,0.745,0.755,993545
EOS,20220822,0.755,0.765,0.74,0.74,774335
EOS,20220823,0.74,0.78,0.725,0.78,746573
EOS,20220824,0.795,0.81,0.715,0.73,1830380
EOS,20220825,0.73,0.78,0.715,0.76,904703
EOS,20220826,0.78,0.78,0.75,0.775,357333
EOS,20220829,0.77,0.77,0.71,0.715,788813
EOS,20220830,0.72,0.74,0.71,0.715,531311
EOS,20220831,0.72,0.745,0.635,0.72,3230085
EOS,20220901,0.72,0.72,0.72,0.72,0
EOS,20220902,0.72,0.72,0.72,0.72,0
EOS,20220905,0.72,0.72,0.72,0.72,0
EOS,20220906,0.72,0.72,0.72,0.72,0
EOS,20220907,0.72,0.72,0.72,0.72,0
EOS,20220909,0.485,0.52,0.47,0.47,3627625
EOS,20220912,0.48,0.51,0.455,0.49,2186566
EOS,20220913,0.5,0.53,0.49,0.5,1017411
EOS,20220914,0.5,0.51,0.48,0.51,702008
EOS,20220915,0.52,0.57,0.52,0.55,1579691
EOS,20220916,0.54,0.58,0.525,0.555,1227007
