ESTX,20160721,50.72,50.72,50.6,50.6,1037
ESTX,20160722,50.48,50.58,50.48,50.58,2039
ESTX,20160725,50.7,50.7,50.69,50.69,1000
ESTX,20160726,50.61,50.61,50.6,50.6,1100
ESTX,20160727,51.06,51.06,51.06,51.06,975
ESTX,20160728,51.21,51.21,51.21,51.21,50
ESTX,20160729,50.91,50.91,50.91,50.91,10
ESTX,20160801,50.91,50.91,50.91,50.91,0
ESTX,20160802,50.91,50.91,50.91,50.91,0
ESTX,20160803,50.91,50.91,50.91,50.91,0
ESTX,20160804,49.75,49.75,49.75,49.75,200
ESTX,20160805,49.77,49.77,49.77,49.77,160
ESTX,20160808,50.36,50.36,50.36,50.36,1
ESTX,20160809,50.36,50.36,50.36,50.36,0
ESTX,20160810,50.6,50.6,50.6,50.6,1000
ESTX,20160811,50.6,50.6,50.6,50.6,0
ESTX,20160812,50.6,50.6,50.6,50.6,0
ESTX,20160815,50.6,50.6,50.6,50.6,0
ESTX,20160816,50.6,50.6,50.6,50.6,0
ESTX,20160817,50.6,50.6,50.6,50.6,0
ESTX,20160818,50.6,50.6,50.6,50.6,0
ESTX,20160822,50.6,50.6,50.6,50.6,0
ESTX,20160823,50.6,50.6,50.6,50.6,0
ESTX,20160824,50.6,50.6,50.6,50.6,0
ESTX,20160825,50.6,50.6,50.6,50.6,0
ESTX,20160826,51.38,51.38,51.38,51.38,600
ESTX,20160829,51.38,51.38,51.38,51.38,0
ESTX,20160830,51.38,51.38,51.38,51.38,0
ESTX,20160831,51.38,51.38,51.38,51.38,0
ESTX,20160901,51.99,51.99,51.96,51.96,1362
ESTX,20160902,51.96,51.96,51.96,51.96,0
ESTX,20160905,51.96,51.96,51.96,51.96,0
ESTX,20160906,51.96,51.96,51.96,51.96,0
ESTX,20160907,52.32,52.32,52.32,52.32,10
ESTX,20160908,52.45,52.45,52.45,52.45,580
ESTX,20160909,52.77,52.77,52.77,52.77,10
ESTX,20160912,52.77,52.77,52.77,52.77,0
ESTX,20160913,52.77,52.77,52.77,52.77,0
ESTX,20160914,52.77,52.77,52.77,52.77,0
ESTX,20160915,51.6,51.6,51.6,51.6,194
ESTX,20160916,51.6,51.6,51.6,51.6,0
ESTX,20160919,51.6,51.6,51.6,51.6,0
ESTX,20160920,51.6,51.6,51.6,51.6,0
ESTX,20160921,51.6,51.6,51.6,51.6,0
ESTX,20160922,51.6,51.6,51.6,51.6,0
ESTX,20160923,51.98,51.98,51.98,51.98,385
ESTX,20160926,51.98,51.98,51.98,51.98,0
ESTX,20160927,51.98,51.98,51.98,51.98,0
ESTX,20160928,51.98,51.98,51.98,51.98,0
ESTX,20160929,51.98,51.98,51.98,51.98,0
ESTX,20160930,51.98,51.98,51.98,51.98,0
ESTX,20161003,51.28,51.28,51.28,51.28,210
ESTX,20161004,51.28,51.28,51.28,51.28,0
ESTX,20161005,51.28,51.28,51.28,51.28,0
ESTX,20161006,51.28,51.28,51.28,51.28,0
ESTX,20161007,51.28,51.28,51.28,51.28,0
ESTX,20161010,51.56,51.56,51.56,51.56,76
ESTX,20161011,51.87,51.87,51.87,51.87,260
ESTX,20161012,51.43,51.43,51.38,51.38,549
ESTX,20161013,51.38,51.38,51.38,51.38,0
ESTX,20161014,50.75,50.75,50.53,50.55,396
ESTX,20161017,50.75,50.75,50.75,50.75,500
ESTX,20161018,50.55,50.55,50.55,50.55,250
ESTX,20161019,50.55,50.55,50.55,50.55,0
ESTX,20161020,50.92,50.92,50.9,50.9,690
ESTX,20161021,50.9,50.9,50.9,50.9,0
ESTX,20161024,51.27,51.32,51.27,51.32,1900
ESTX,20161025,51.55,51.55,51.55,51.55,300
ESTX,20161026,51.55,51.55,51.55,51.55,0
ESTX,20161027,51.55,51.55,51.55,51.55,0
ESTX,20161028,51.56,51.56,51.44,51.44,21
ESTX,20161031,51.44,51.44,51.44,51.44,0
ESTX,20161101,51.44,51.44,51.44,51.44,0
ESTX,20161102,51.44,51.44,51.44,51.44,0
ESTX,20161103,51.44,51.44,51.44,51.44,0
ESTX,20161104,49.92,49.92,49.87,49.87,1170
ESTX,20161107,49.99,50,49.99,50,300
ESTX,20161108,50,50,50,50,0
ESTX,20161109,50,50,50,50,600
ESTX,20161110,50.85,50.89,50.85,50.89,9889
ESTX,20161111,50.89,50.89,50.89,50.89,195
ESTX,20161114,50.7,50.7,50.7,50.7,1175
ESTX,20161115,50.7,50.7,50.7,50.7,0
ESTX,20161116,50.8,50.8,50.8,50.8,787
ESTX,20161117,50.3,50.3,50.3,50.3,33
ESTX,20161118,50.3,50.3,50.3,50.3,0
ESTX,20161121,50.3,50.3,50.3,50.3,0
ESTX,20161122,51.03,51.03,51.03,51.03,440
ESTX,20161123,51.11,51.12,51.11,51.12,1980
ESTX,20161124,51.12,51.12,51.12,51.12,0
ESTX,20161125,50.82,50.82,50.82,50.82,100
ESTX,20161128,50.84,50.84,50.84,50.84,535
ESTX,20161129,49.85,49.85,49.85,49.85,600
ESTX,20161130,49.85,49.85,49.85,49.85,0
ESTX,20161201,49.85,49.85,49.85,49.85,0
ESTX,20161202,49.85,49.85,49.85,49.85,0
ESTX,20161205,49.85,49.85,49.85,49.85,0
ESTX,20161206,49.85,49.85,49.85,49.85,0
ESTX,20161207,49.85,49.85,49.85,49.85,0
ESTX,20161208,49.85,49.85,49.85,49.85,0
ESTX,20161209,49.85,49.85,49.85,49.85,0
ESTX,20161212,49.85,49.85,49.85,49.85,0
ESTX,20161213,49.85,49.85,49.85,49.85,0
ESTX,20161214,53.85,53.85,53.85,53.85,385
ESTX,20161215,53.85,53.85,53.85,53.85,0
ESTX,20161216,53.85,53.85,53.85,53.85,0
ESTX,20161219,53.85,53.85,53.85,53.85,0
ESTX,20161220,53.85,53.85,53.85,53.85,0
ESTX,20161221,54.8,54.8,54.8,54.8,36
ESTX,20161222,54.8,54.8,54.8,54.8,0
ESTX,20161223,54.8,54.8,54.8,54.8,0
ESTX,20161228,54.8,54.8,54.8,54.8,0
ESTX,20161229,54.8,54.8,54.8,54.8,0
ESTX,20161230,54.8,54.8,54.8,54.8,0
ESTX,20170103,54.8,54.8,54.8,54.8,0
ESTX,20170104,55.65,55.65,55.65,55.65,500
ESTX,20170105,55.9,56.05,55.9,55.9,1752
ESTX,20170106,55.9,55.9,55.9,55.9,0
ESTX,20170109,55.94,55.94,55.9,55.9,310
ESTX,20170110,55.9,55.9,55.9,55.9,0
ESTX,20170111,55.9,55.9,55.9,55.9,0
ESTX,20170112,54.81,54.81,54.81,54.81,357
ESTX,20170113,54.59,54.59,54.59,54.59,10
ESTX,20170116,54.59,54.59,54.59,54.59,0
ESTX,20170117,54.4,54.4,54.4,54.4,420
ESTX,20170118,54.4,54.4,54.4,54.4,0
ESTX,20170119,54.4,54.4,54.4,54.4,0
ESTX,20170120,54.4,54.4,54.4,54.4,0
ESTX,20170123,54.4,54.4,54.4,54.4,0
ESTX,20170124,54.4,54.4,54.4,54.4,0
ESTX,20170125,54.4,54.4,54.4,54.4,0
ESTX,20170127,54.87,54.87,54.87,54.87,100
ESTX,20170130,54.59,54.59,54.59,54.59,146
ESTX,20170131,54.1,54.1,53.76,53.76,192
ESTX,20170201,54.06,54.06,54.06,54.06,92
ESTX,20170202,54.06,54.06,54.06,54.06,0
ESTX,20170203,54.06,54.06,54.06,54.06,0
ESTX,20170206,54.06,54.06,54.06,54.06,0
ESTX,20170207,54.06,54.06,54.06,54.06,0
ESTX,20170208,54.06,54.06,54.06,54.06,0
ESTX,20170209,54.06,54.06,54.06,54.06,0
ESTX,20170210,53.54,53.54,53.54,53.54,2406
ESTX,20170213,53.54,53.54,53.54,53.54,0
ESTX,20170214,53.42,53.42,53.42,53.42,30
ESTX,20170215,53.42,53.42,53.42,53.42,0
ESTX,20170216,53.45,53.54,53.45,53.54,496
ESTX,20170217,53.63,53.63,53.63,53.63,20
ESTX,20170220,53.7,53.7,53.6,53.6,192
ESTX,20170221,53.52,53.52,53.4,53.4,2425
ESTX,20170222,53.4,53.4,53.4,53.4,0
ESTX,20170223,53.4,53.4,53.4,53.4,0
ESTX,20170224,53.4,53.4,53.4,53.4,0
ESTX,20170227,53.4,53.4,53.4,53.4,0
ESTX,20170228,53.4,53.4,53.4,53.4,0
ESTX,20170301,53.4,53.4,53.4,53.4,0
ESTX,20170302,53.4,53.4,53.4,53.4,0
ESTX,20170303,53.4,53.4,53.4,53.4,0
ESTX,20170306,55.25,55.25,55.25,55.25,800
ESTX,20170307,55.4,55.4,55.18,55.18,1384
ESTX,20170308,55.18,55.18,55.18,55.18,0
ESTX,20170309,55.18,55.18,55.18,55.18,0
ESTX,20170310,55.5,55.5,55.5,55.5,100
ESTX,20170313,55.5,55.5,55.5,55.5,0
ESTX,20170314,55.5,55.5,55.5,55.5,0
ESTX,20170315,55.92,55.92,55.73,55.78,331
ESTX,20170316,55.48,55.76,55.48,55.62,2967
ESTX,20170317,56.59,56.59,56.59,56.59,400
ESTX,20170320,56.23,56.23,56.23,56.23,87
ESTX,20170321,56.23,56.23,56.23,56.23,0
ESTX,20170322,56.11,56.11,56.11,56.11,177
ESTX,20170323,56.43,56.47,56.43,56.47,1062
ESTX,20170324,56.47,56.47,56.47,56.47,0
ESTX,20170327,56.47,56.47,56.47,56.47,0
ESTX,20170328,57.56,57.56,57.56,57.56,105
ESTX,20170329,57.46,57.46,57.46,57.46,174
ESTX,20170330,57.46,57.46,57.46,57.46,0
ESTX,20170331,57.5,57.5,56.89,56.89,318
ESTX,20170403,56.89,56.89,56.89,56.89,0
ESTX,20170404,56.89,56.89,56.89,56.89,0
ESTX,20170405,57.5,57.5,57.5,57.5,52
ESTX,20170406,57.5,57.5,57.5,57.5,0
ESTX,20170407,57.76,57.78,57.76,57.78,136
ESTX,20170410,57.87,58.03,57.87,58.03,151
ESTX,20170411,57.57,57.57,57.4,57.4,255
ESTX,20170412,57.66,57.7,57.66,57.7,610
ESTX,20170413,57.18,57.18,57.18,57.18,300
ESTX,20170418,56.73,56.91,56.73,56.91,985
ESTX,20170419,56.89,56.89,56.89,56.89,430
ESTX,20170420,57.1,57.1,57.1,57.1,87
ESTX,20170421,57.1,57.1,57.1,57.1,36
ESTX,20170424,57.1,57.1,57.1,57.1,0
ESTX,20170426,61.26,61.48,61.26,61.48,4119
ESTX,20170427,61.11,61.14,61.1,61.11,2657
ESTX,20170428,61.11,61.11,60.75,60.75,5000
ESTX,20170501,60.82,60.82,60.82,60.82,600
ESTX,20170502,60.69,60.75,60.68,60.75,4635
ESTX,20170503,60.75,60.75,60.75,60.75,0
ESTX,20170504,62.2,62.2,62.05,62.05,7116
ESTX,20170505,63.41,63.65,63.41,63.65,1557
ESTX,20170508,64.26,64.26,64.16,64.16,848
ESTX,20170509,63.54,63.8,63.5,63.8,1505
ESTX,20170510,63.7,63.7,63.5,63.5,4963
ESTX,20170511,63.63,63.81,63.63,63.74,2171
ESTX,20170512,63.18,63.18,63.07,63.07,320
ESTX,20170515,63.68,63.68,63.68,63.68,310
ESTX,20170516,63.7,63.93,63.69,63.8,7725
ESTX,20170517,64.29,64.4,64.29,64.3,2199
ESTX,20170518,63.58,63.58,63.3,63.3,2089
ESTX,20170519,63.3,63.3,63.3,63.3,0
ESTX,20170522,64.18,64.18,64.09,64.09,542
ESTX,20170523,63.81,63.81,63.71,63.71,856
ESTX,20170524,64.06,64.08,64.05,64.08,1023
ESTX,20170525,63.95,64.05,63.95,64.05,1490
ESTX,20170526,64.05,64.09,63.91,63.91,730
ESTX,20170529,63.8,63.8,63.77,63.78,834
ESTX,20170530,63.55,63.55,63.35,63.45,3961
ESTX,20170531,63.5,63.5,63.5,63.5,471
ESTX,20170601,64.33,64.35,64.3,64.3,852
ESTX,20170602,64.88,65.03,64.88,64.89,1718
ESTX,20170605,65,65.02,64.57,64.57,3692
ESTX,20170606,64.2,64.2,63.99,63.99,3967
ESTX,20170607,63.85,63.85,63.45,63.45,1598
ESTX,20170608,63.3,63.36,63.24,63.24,3643
ESTX,20170609,63.36,63.43,63.35,63.41,1780
ESTX,20170613,62.79,62.79,62.63,62.69,22501
ESTX,20170614,63.15,63.17,63,63,7311
ESTX,20170615,62.55,62.55,62.21,62.36,1701
ESTX,20170616,61.94,62,61.8,62,3336
ESTX,20170619,62.36,62.48,62.36,62.48,3546
ESTX,20170620,62.74,62.83,62.74,62.81,11688
ESTX,20170621,62.4,62.54,62.31,62.31,2528
ESTX,20170622,62.58,62.75,62.58,62.72,2436
ESTX,20170623,62.66,62.68,62.46,62.46,2148
ESTX,20170626,62.48,62.51,62.48,62.5,1815
ESTX,20170627,62.73,62.73,62.64,62.64,855
ESTX,20170628,62.89,62.89,62.78,62.82,2491
ESTX,20170629,63.09,63.11,63.07,63.07,7679
ESTX,20170630,61.56,61.56,60.6,60.7,2192
ESTX,20170703,60.8,60.8,60.78,60.79,1892
ESTX,20170704,61,61.1,61,61.1,5387
ESTX,20170705,61.16,61.18,61.16,61.18,2900
ESTX,20170706,61.5,61.5,61.4,61.4,4412
ESTX,20170707,61.61,61.61,61.57,61.57,400
ESTX,20170710,61.7,61.7,61.67,61.67,2045
ESTX,20170711,61.68,61.74,61.6,61.74,8195
ESTX,20170712,61.93,61.93,61.66,61.66,3100
ESTX,20170713,62.06,62.11,61.8,62.08,12177
ESTX,20170714,61.63,61.79,61.63,61.63,1585
ESTX,20170717,61.8,61.8,61.25,61.31,8061
ESTX,20170718,61.35,61.35,60.54,60.54,5567
ESTX,20170719,60.25,60.3,60.12,60.15,2396
ESTX,20170720,60.15,60.43,59.89,60.29,9107
ESTX,20170721,60.75,61.12,60.75,60.82,2819
ESTX,20170724,60.27,60.27,60.2,60.2,2511
ESTX,20170725,60.3,60.3,60.29,60.29,413
ESTX,20170726,60.55,60.57,60.53,60.57,1363
ESTX,20170727,60.52,60.52,60.16,60.24,5852
ESTX,20170728,60.41,60.43,60.24,60.3,3483
ESTX,20170731,60.4,60.4,60.3,60.3,4980
ESTX,20170801,60.33,60.33,60.15,60.26,4363
ESTX,20170802,61.09,61.21,61.09,61.11,2993
ESTX,20170803,60.93,61.22,60.92,61.06,14802
ESTX,20170804,61.18,61.25,61.08,61.15,20010
ESTX,20170807,61.73,61.8,61.54,61.71,5915
ESTX,20170808,61.7,61.8,61.7,61.72,1221
ESTX,20170809,61.5,61.56,61.34,61.44,4803
ESTX,20170810,61.2,61.2,61.09,61.09,2190
ESTX,20170811,60.45,60.57,60.42,60.57,2198
ESTX,20170815,61.27,61.28,61.27,61.27,948
ESTX,20170816,61.4,61.47,61.35,61.35,2311
ESTX,20170817,60.93,63.98,60.9,63.98,835
ESTX,20170818,63.87,63.87,60.5,60.58,5130
ESTX,20170821,60.36,60.36,60.3,60.32,3877
ESTX,20170822,60.17,60.37,60.16,60.37,4240
ESTX,20170823,60.89,60.9,60.88,60.89,1577
ESTX,20170824,60.8,60.87,60.72,60.87,2010
ESTX,20170825,60.95,60.95,60.92,60.94,3515
ESTX,20170828,61,61.04,60.87,60.87,1727
ESTX,20170829,60.63,60.68,60.63,60.68,495
ESTX,20170830,60.58,60.58,60.38,60.38,1560
ESTX,20170831,60.67,60.67,60.52,60.52,7409
ESTX,20170901,60.74,60.84,60.6,60.84,4168
ESTX,20170904,60.55,60.59,60.5,60.5,1849
ESTX,20170905,60.74,60.74,60.5,60.69,1404
ESTX,20170906,59.96,60.08,59.9,60.08,2475
ESTX,20170907,60.69,60.69,60.69,60.69,1052
ESTX,20170908,60.88,60.88,60.52,60.52,780
ESTX,20170911,60.96,61.02,60.96,61.01,4840
ESTX,20170912,61.77,61.83,61.7,61.74,6874
ESTX,20170913,61.95,61.97,61.84,61.85,2770
ESTX,20170914,61.75,61.75,61.53,61.53,4375
ESTX,20170915,62,62.07,62,62.04,2395
ESTX,20170918,62.02,62.02,61.99,61.99,320
ESTX,20170919,62.51,62.58,62.51,62.58,109
ESTX,20170920,62.35,62.53,62.34,62.34,5214
ESTX,20170921,62.03,62.54,61.98,62.45,5045
ESTX,20170922,63.03,63.08,62.95,63.01,2255
ESTX,20170925,62.8,62.8,62.7,62.7,157
ESTX,20170926,62.49,62.49,62.46,62.46,315
ESTX,20170927,62.68,62.81,62.59,62.81,3209
ESTX,20170928,62.95,62.99,62.95,62.99,1398
ESTX,20170929,63.37,63.51,63.21,63.51,2370
ESTX,20171002,64.23,64.23,64,64.12,3444
ESTX,20171003,63.86,64.06,63.79,64.02,6803
ESTX,20171004,64,64.1,63.9,64.1,33777
ESTX,20171005,63.82,63.92,63.81,63.85,3147
ESTX,20171006,64.32,64.6,64.3,64.6,5174
ESTX,20171009,64.39,64.61,64.31,64.56,3968
ESTX,20171010,64.65,64.69,64.4,64.69,11782
ESTX,20171011,64.78,64.9,64.72,64.87,8237
ESTX,20171012,64.99,65,64.85,64.9,3415
ESTX,20171013,64.51,64.52,64.46,64.49,2973
ESTX,20171016,64,64.13,63.97,64.07,2648
ESTX,20171017,64.15,64.21,63.95,63.95,2514
ESTX,20171018,63.96,63.96,63.9,63.95,4124
ESTX,20171019,64.45,64.45,64.35,64.4,654
ESTX,20171020,64.1,64.4,64.1,64.4,3847
ESTX,20171023,64.31,64.31,64.16,64.16,1346
ESTX,20171024,64.12,64.18,63.97,64.05,1741
ESTX,20171025,64.33,65.04,64.22,64.95,11695
ESTX,20171026,65.32,65.41,65.16,65.41,9305
ESTX,20171027,65.45,65.73,65.39,65.61,5687
ESTX,20171030,65.16,65.31,65.11,65.31,7157
ESTX,20171031,65.55,65.68,65.49,65.67,8920
ESTX,20171101,66.09,66.23,65.96,66.23,11113
ESTX,20171102,66.06,66.07,65.82,65.87,6299
ESTX,20171103,66.16,66.31,66.16,66.18,4042
ESTX,20171106,66.06,66.14,65.84,65.97,21359
ESTX,20171107,65.89,65.89,65.77,65.82,2486
ESTX,20171108,65.39,65.57,65.34,65.57,945
ESTX,20171109,65.37,65.4,65.26,65.37,3117
ESTX,20171110,65.37,65.4,65.26,65.37,3117
ESTX,20171113,64.82,64.89,64.78,64.78,1712
ESTX,20171114,64.83,64.83,64.7,64.7,8250
ESTX,20171115,65,65.35,65,65.2,4592
ESTX,20171116,65.03,65.22,65.03,65.2,5000
ESTX,20171117,65.61,65.87,65.61,65.87,1444
ESTX,20171120,65.15,65.15,64.84,64.87,3597
ESTX,20171121,65.35,65.66,65.35,65.66,2370
ESTX,20171122,65.6,65.82,65.55,65.82,22382
ESTX,20171123,65.37,65.47,65.27,65.45,3922
ESTX,20171124,65.67,65.81,65.67,65.81,2583
ESTX,20171127,66.45,66.47,66.33,66.35,6870
ESTX,20171128,66.05,66.11,65.98,65.98,3046
ESTX,20171129,66.38,66.6,66.38,66.6,2311
ESTX,20171130,66.55,66.58,66.29,66.29,3174
ESTX,20171201,66.25,66.33,66.2,66.33,1955
ESTX,20171204,66,66,65.89,65.96,3473
ESTX,20171205,65.81,65.81,65.55,65.6,4647
ESTX,20171206,65.32,65.7,65.3,65.43,3915
ESTX,20171207,65.84,66.03,65.84,65.97,3217
ESTX,20171208,66.34,66.52,66.34,66.51,2515
ESTX,20171211,66.76,66.78,66.71,66.71,8121
ESTX,20171212,66.58,66.68,66.49,66.62,79255
ESTX,20171213,66.21,66.21,65.88,66.09,27540
ESTX,20171214,65.57,65.57,65.19,65.25,77273
ESTX,20171215,64.46,64.63,64.34,64.48,5337
ESTX,20171218,64.83,65.08,64.83,64.97,9725
ESTX,20171219,65.66,65.71,65.55,65.68,2491
ESTX,20171220,65.64,65.79,65.53,65.7,16987
ESTX,20171221,65.16,65.2,65.08,65.1,3092
ESTX,20171222,64.94,64.97,64.7,64.89,8062
ESTX,20171227,64.75,64.75,64.69,64.69,755
ESTX,20171228,64.45,64.45,64.25,64.31,503
ESTX,20171229,63.8,63.86,63.68,63.86,2363
ESTX,20180102,63.74,63.74,63.5,63.5,2221
ESTX,20180103,63.65,63.72,63.65,63.72,100
ESTX,20180104,63.72,63.91,63.7,63.8,2730
ESTX,20180105,64.7,65.6,64.7,64.97,4266
ESTX,20180108,65.2,65.57,64.8,65.55,4417
ESTX,20180109,66,66,65,65.09,13080
ESTX,20180110,65.3,65.33,65.23,65.23,14866
ESTX,20180111,64.95,65.03,64.61,64.64,19357
ESTX,20180112,65.08,65.23,65.04,65.22,3602
ESTX,20180115,65.99,65.99,65.73,65.73,2754
ESTX,20180116,65.75,65.8,65.7,65.7,3487
ESTX,20180117,65.66,65.66,65.5,65.61,5018
ESTX,20180118,65.5,65.77,65.41,65.77,6914
ESTX,20180119,65.55,65.58,65.3,65.3,16297
ESTX,20180122,66.1,66.17,66,66.01,6000
ESTX,20180123,66.52,66.81,66.45,66.81,10284
ESTX,20180124,66.66,66.79,66.66,66.76,11049
ESTX,20180125,66.38,66.38,66.17,66.28,9614
ESTX,20180129,66.3,66.42,66.26,66.34,2199
ESTX,20180130,65.89,65.94,65.5,65.58,12645
ESTX,20180131,65.3,65.76,65.25,65.73,4719
ESTX,20180201,65.9,66.05,65.9,66.05,1765
ESTX,20180202,65.97,66.04,65.85,66.04,10737
ESTX,20180205,65.05,65.05,64.58,64.85,11857
ESTX,20180207,63.98,64.42,63.98,64.16,8839
ESTX,20180208,63.62,63.62,63.07,63.51,7713
ESTX,20180209,62.81,63.12,62.41,63.05,4453
ESTX,20180212,62.58,62.7,62.58,62.69,4053
ESTX,20180213,62.69,62.72,62.5,62.5,6271
ESTX,20180214,62.49,62.52,62.4,62.52,4519
ESTX,20180215,63.08,63.24,62.98,63.24,4023
ESTX,20180216,63.46,63.55,63.46,63.54,5375
ESTX,20180219,63.82,63.99,63.82,63.95,7714
ESTX,20180220,63.32,63.32,63.1,63.1,2764
ESTX,20180221,63.3,63.58,63.3,63.58,2579
ESTX,20180222,63.44,63.44,63.18,63.18,2899
ESTX,20180223,63.86,63.98,63.78,63.98,31009
ESTX,20180226,64.26,64.31,64.04,64.1,2438
ESTX,20180227,64.53,64.65,64.53,64.64,5548
ESTX,20180228,64.05,64.19,63.76,63.85,1941
ESTX,20180301,63.66,63.85,63.66,63.68,5772
ESTX,20180302,63.15,63.22,62.98,63.04,15723
ESTX,20180305,62.89,62.9,62.56,62.59,44704
ESTX,20180306,63.23,63.34,63.16,63.34,3294
ESTX,20180307,62.6,62.94,62.6,62.79,39168
ESTX,20180308,63.45,63.45,63.33,63.43,2610
ESTX,20180309,63.81,63.98,63.76,63.76,10922
ESTX,20180312,63.65,63.65,63.56,63.56,500
ESTX,20180313,63.5,63.52,63.38,63.52,3972
ESTX,20180314,63.04,63.12,63,63,1439
ESTX,20180315,63.08,63.23,62.9,63.23,2866
ESTX,20180316,64,64.04,63.78,63.85,15446
ESTX,20180319,64.56,64.63,64.56,64.63,1357
ESTX,20180320,64.31,64.55,64.31,64.55,2151
ESTX,20180321,64.42,64.6,64.42,64.58,3173
ESTX,20180322,63.79,64.14,63.75,64.14,2687
ESTX,20180323,62.81,62.81,62.35,62.5,49189
ESTX,20180326,62.27,62.42,62.27,62.39,6882
ESTX,20180327,62.95,63.29,62.95,63.28,5554
ESTX,20180328,62.95,62.95,62.73,62.73,9222
ESTX,20180329,63.4,63.58,63.4,63.44,512
ESTX,20180403,63.22,63.25,63,63,16586
ESTX,20180404,63.46,63.46,63.2,63.29,1714
ESTX,20180405,63.72,64.03,63.72,63.95,16186
ESTX,20180406,63.94,64.11,63.94,64.11,5542
ESTX,20180409,64.38,64.55,64.38,64.43,4187
ESTX,20180410,64.7,65.19,64.7,64.96,16000
ESTX,20180411,64.57,64.68,64.53,64.62,3745
ESTX,20180412,64.72,64.75,64.51,64.51,2318
ESTX,20180413,64.6,64.65,64.53,64.53,1923
ESTX,20180416,65.12,65.12,64.97,65.05,1078
ESTX,20180417,65.1,65.44,65.1,65.37,1104
ESTX,20180418,65.61,65.9,65.61,65.85,2469
ESTX,20180419,65.85,65.96,65.63,65.74,2359
ESTX,20180420,66,66.13,66,66.11,1101
ESTX,20180423,66.35,66.4,66.32,66.32,4129
ESTX,20180424,67,67.1,67,67,4522
ESTX,20180426,66.93,66.93,66.81,66.81,1594
ESTX,20180427,67.12,67.15,66.98,67.15,1245
ESTX,20180430,67.12,67.23,67.12,67.21,1558
ESTX,20180501,67.24,67.25,67.2,67.25,2387
ESTX,20180502,67.38,67.38,67.05,67.07,9887
ESTX,20180503,67.12,67.33,67.09,67.2,5005
ESTX,20180504,67.2,67.2,66.97,67.08,2145
ESTX,20180507,67.55,67.55,67.46,67.49,2395
ESTX,20180508,67.52,67.61,67.47,67.55,5804
ESTX,20180509,67.66,67.84,67.66,67.72,2715
ESTX,20180510,67.95,67.98,67.83,67.97,5298
ESTX,20180511,67.71,67.71,67.58,67.58,1599
ESTX,20180514,67.65,67.85,67.65,67.85,615
ESTX,20180515,67.71,67.71,67.53,67.53,1181
ESTX,20180516,67.5,67.68,67.43,67.66,6145
ESTX,20180517,67.1,67.1,67,67.1,2642
ESTX,20180518,67.55,67.55,67.42,67.42,334
ESTX,20180521,67.44,67.44,67.28,67.28,3367
ESTX,20180522,66.7,66.87,66.7,66.72,5761
ESTX,20180523,67.02,67.08,66.85,67.08,3483
ESTX,20180524,65.9,65.9,65.8,65.9,2147
ESTX,20180525,65.8,65.86,65.79,65.79,1694
ESTX,20180528,65.5,65.58,65.4,65.58,3462
ESTX,20180529,64.55,64.72,64.5,64.5,5654
ESTX,20180530,63.47,63.53,63.33,63.53,7619
ESTX,20180531,64.07,64.21,64.06,64.16,6899
ESTX,20180601,64.02,64.15,63.85,64.15,3530
ESTX,20180604,64.35,64.35,64.21,64.21,907
ESTX,20180605,63.99,64.13,63.97,64.13,9288
ESTX,20180606,63.94,63.99,63.82,63.82,2977
ESTX,20180607,64.49,64.73,64.49,64.65,5657
ESTX,20180608,64.38,64.38,64.3,64.3,2855
ESTX,20180612,65.09,65.15,65.05,65.05,2691
ESTX,20180613,65.18,65.23,65.15,65.23,1217
ESTX,20180614,65.45,65.51,65.45,65.5,3401
ESTX,20180615,66.18,66.18,66.09,66.14,1950
ESTX,20180618,66.03,66.03,65.85,65.95,10555
ESTX,20180619,65.53,65.69,65.46,65.5,10218
ESTX,20180620,65.29,65.36,65.15,65.23,13772
ESTX,20180621,65.31,65.57,65.31,65.57,5438
ESTX,20180622,64.67,64.75,64.59,64.75,3811
ESTX,20180625,64.95,64.95,64.7,64.84,17046
ESTX,20180626,64.4,64.47,64.36,64.42,3574
ESTX,20180627,64.48,64.65,64.36,64.36,6447
ESTX,20180628,64.3,64.37,64.3,64.34,9536
ESTX,20180629,62.05,62.4,62.05,62.22,2493
ESTX,20180702,62.17,62.4,62.01,62.01,5137
ESTX,20180703,62.7,62.7,62.6,62.65,2536
ESTX,20180704,62.56,62.56,62.44,62.56,7054
ESTX,20180705,63,63,62.86,62.86,606
ESTX,20180706,63.64,63.72,63.64,63.7,6569
ESTX,20180710,63.71,63.75,63.71,63.75,110
ESTX,20180711,63.7,63.8,63.62,63.76,2752
ESTX,20180712,63.5,63.5,63.29,63.29,1254
ESTX,20180713,63.37,63.5,63.37,63.5,3408
ESTX,20180716,63.55,63.67,63.48,63.48,1781
ESTX,20180717,63.81,63.81,63.39,63.39,4308
ESTX,20180718,63.97,64,63.88,63.88,1270
ESTX,20180719,64.07,64.07,63.71,63.86,942
ESTX,20180720,64.28,64.28,64.15,64.15,445
ESTX,20180723,63.78,63.78,63.76,63.76,3000
ESTX,20180724,64.03,64.19,64.03,64.05,5962
ESTX,20180725,63.8,64.11,63.8,64.01,1479
ESTX,20180726,64.16,64.36,64.15,64.3,1794
ESTX,20180727,64.69,64.69,64.64,64.64,464
ESTX,20180730,64.64,64.64,64.44,64.56,5800
ESTX,20180731,64.64,64.73,64.5,64.5,16374
ESTX,20180801,64.79,64.85,64.79,64.82,4677
ESTX,20180802,64.48,64.52,64.45,64.48,3494
ESTX,20180803,64.13,64.13,64.05,64.06,2504
ESTX,20180806,63.81,63.88,63.81,63.81,353
ESTX,20180807,63.72,63.72,63.56,63.56,2824
ESTX,20180808,63.91,64.04,63.91,64.02,1744
ESTX,20180809,63.68,63.7,63.58,63.59,1644
ESTX,20180810,63.74,63.85,63.6,63.6,10519
ESTX,20180813,62.52,62.53,62.36,62.45,10339
ESTX,20180814,62.64,62.64,62.6,62.62,2020
ESTX,20180816,61.55,61.8,61.55,61.73,5713
ESTX,20180817,61.9,62.07,61.85,61.85,1415
ESTX,20180820,61.9,62.02,61.75,61.75,1080
ESTX,20180821,62,62.23,62,62.22,5014
ESTX,20180822,62.48,62.48,62.48,62.48,7
ESTX,20180823,63.2,63.39,63.2,63.31,2581
ESTX,20180824,63.7,63.7,63.66,63.66,644
ESTX,20180827,63.6,63.68,63.6,63.68,1005
ESTX,20180828,64,64.49,64,64.47,8227
ESTX,20180829,64.14,64.33,64.14,64.27,879
ESTX,20180830,64.81,64.91,64.8,64.8,987
ESTX,20180831,64.14,64.3,64.14,64.3,2015
ESTX,20180903,64.14,64.14,63.91,63.91,100
ESTX,20180904,63.91,63.91,63.63,63.63,391
ESTX,20180905,63.49,63.49,63.23,63.29,4430
ESTX,20180906,62.82,62.82,62.72,62.75,2183
ESTX,20180907,62.4,62.47,62.4,62.47,628
ESTX,20180910,62.55,62.6,62.5,62.6,4510
ESTX,20180913,62.87,62.87,62.71,62.71,156
ESTX,20180914,63.46,63.55,63.4,63.44,6665
ESTX,20180917,63.5,63.5,63.36,63.36,2178
ESTX,20180918,63.4,63.4,63.2,63.2,929
ESTX,20180919,63.43,63.48,63.37,63.37,2962
ESTX,20180920,63.37,63.47,63.37,63.4,8228
ESTX,20180921,64.45,64.47,64.45,64.46,2573
ESTX,20180924,64.81,64.81,64.55,64.55,3248
ESTX,20180925,64.61,64.61,64.57,64.57,678
ESTX,20180926,65,65,64.73,64.74,1628
ESTX,20180927,65,65,64.7,64.7,1006
ESTX,20180928,65,65.28,65,65.28,1687
ESTX,20181001,65.28,65.28,65.28,65.28,0
ESTX,20181002,63.9,63.9,63.9,63.9,870
ESTX,20181003,63.85,64.16,63.74,64.16,555
ESTX,20181004,64.39,64.49,64.39,64.49,1716
ESTX,20181005,64.18,64.47,64.18,64.44,1096
ESTX,20181008,64.12,64.12,63.79,63.79,2059
ESTX,20181009,63.26,63.26,63.26,63.26,87
ESTX,20181010,62.93,62.98,62.75,62.75,720
ESTX,20181011,61.72,61.72,61.68,61.68,3450
ESTX,20181012,61.37,61.67,61.37,61.63,8082
ESTX,20181015,60.91,61.01,60.75,60.85,8284
ESTX,20181016,61.06,61.16,61.06,61.1,435
ESTX,20181017,62.06,62.06,61.92,61.92,307
ESTX,20181018,61.36,61.47,61.18,61.18,1062
ESTX,20181019,60.62,60.62,60.52,60.52,6249
ESTX,20181022,60.58,60.89,60.55,60.89,8476
ESTX,20181023,60.43,60.43,60.11,60.27,7777
ESTX,20181024,60.1,60.1,59.98,59.98,3590
ESTX,20181025,58.72,58.81,58.72,58.81,15893
ESTX,20181026,58.96,59.19,58.96,59.19,8398
ESTX,20181030,59.22,59.35,59.22,59.35,2383
ESTX,20181031,59.13,59.46,59.13,59.43,18437
ESTX,20181101,59.65,59.69,59.52,59.52,11061
ESTX,20181102,59.49,59.52,59.36,59.5,806
ESTX,20181105,59.44,59.44,59.44,59.44,125
ESTX,20181106,59.6,59.6,59.6,59.6,15
ESTX,20181107,59.64,59.9,59.5,59.81,8810
ESTX,20181108,60.1,60.1,59.95,59.98,1656
ESTX,20181109,59.21,59.32,59.18,59.28,768
ESTX,20181112,59.28,59.52,59.28,59.47,20784
ESTX,20181113,58.6,58.6,58.37,58.37,16095
ESTX,20181114,58.81,58.92,58.75,58.75,773
ESTX,20181115,58.53,58.53,58.21,58.21,7002
ESTX,20181116,58.47,58.5,58.4,58.5,4821
ESTX,20181119,58.26,58.26,58.08,58.13,680
ESTX,20181120,58.02,58.02,57.84,57.84,4841
ESTX,20181121,57.33,57.44,57.33,57.42,1354
ESTX,20181122,57.8,57.86,57.79,57.79,346
ESTX,20181123,57.75,57.84,57.68,57.68,944
ESTX,20181126,57.44,57.63,57.44,57.63,3273
ESTX,20181127,58.13,58.29,58.13,58.29,286
ESTX,20181128,58,58.05,58,58.05,11304
ESTX,20181129,58.3,58.3,58.21,58.21,948
ESTX,20181130,58.04,58.04,57.97,57.98,534
ESTX,20181203,58.06,58.3,57.85,58.24,7653
ESTX,20181204,58.14,58.14,58,58,8173
ESTX,20181205,57.22,57.23,57.22,57.23,1120
ESTX,20181206,57.2,57.54,57.2,57.3,28636
ESTX,20181207,56.76,56.76,56.76,56.76,294
ESTX,20181210,56.09,56.09,56.04,56.04,506
ESTX,20181211,56.14,56.14,56,56,7025
ESTX,20181212,56.3,56.53,56.3,56.53,778
ESTX,20181213,57.36,57.36,57.36,57.36,297
ESTX,20181214,57.12,57.12,57.12,57.12,175
ESTX,20181217,57.08,57.14,57.08,57.14,566
ESTX,20181218,55.81,56.54,55.81,56.47,2020
ESTX,20181219,56.29,56.36,56.29,56.36,4626
ESTX,20181220,56.64,56.64,56.64,56.64,1251
ESTX,20181221,56.48,56.48,56.2,56.42,6083
ESTX,20181224,56.05,56.05,55.85,56.03,7848
ESTX,20181227,56.34,56.73,56.25,56.73,17383
ESTX,20181228,56.53,56.53,56.53,56.53,148
ESTX,20181231,56.53,56.53,56.53,56.53,0
ESTX,20190102,56.67,56.67,56.52,56.52,2424
ESTX,20190103,56.93,56.93,56.92,56.92,139
ESTX,20190104,56.31,56.31,56.22,56.22,2293
ESTX,20190107,57.4,57.4,57.4,57.4,52
ESTX,20190108,57.05,57.05,57.05,57.05,107
ESTX,20190109,57.43,57.79,57.39,57.79,979
ESTX,20190110,57.68,57.68,57.68,57.68,637
ESTX,20190111,57.68,57.68,57.68,57.68,195
ESTX,20190114,57.02,57.02,56.76,56.77,3882
ESTX,20190115,57.15,57.15,57.15,57.15,2
ESTX,20190116,56.77,56.85,56.77,56.85,1647
ESTX,20190117,57.06,57.11,57,57,879
ESTX,20190118,57.18,57.18,57.09,57.11,3687
ESTX,20190121,58.18,58.18,58.13,58.13,739
ESTX,20190122,58.02,58.02,57.96,57.96,2022
ESTX,20190123,57.82,57.85,57.82,57.85,436
ESTX,20190124,57.85,58.11,57.79,58.11,1420
ESTX,20190125,58.27,58.63,58.27,58.63,590
ESTX,20190129,58.45,58.51,58.4,58.51,833
ESTX,20190130,59.1,59.1,58.55,58.55,393
ESTX,20190131,58.68,58.75,58.68,58.73,4270
ESTX,20190201,58.45,58.45,58.41,58.42,2439
ESTX,20190204,58.59,58.59,58.59,58.59,1500
ESTX,20190205,59.08,59.08,58.62,58.62,2646
ESTX,20190206,59.2,59.9,59.2,59.85,2022
ESTX,20190207,59.99,59.99,59.99,59.99,198
ESTX,20190208,59,59.31,58.93,59.18,1013
ESTX,20190211,58.66,58.83,58.66,58.83,667
ESTX,20190212,59.22,59.34,59.12,59.34,2098
ESTX,20190213,59.48,59.74,59.48,59.52,524
ESTX,20190214,59.47,59.47,59.36,59.36,2230
ESTX,20190215,59.3,59.34,59.24,59.28,6852
ESTX,20190218,60.16,60.16,60.14,60.14,418
ESTX,20190219,60.11,60.43,60.11,60.43,711
ESTX,20190220,60,60.1,59.95,59.95,5590
ESTX,20190221,60.37,60.6,60.15,60.6,5750
ESTX,20190222,60.73,60.95,60.73,60.87,1090
ESTX,20190225,60.7,60.96,60.7,60.83,1746
ESTX,20190226,60.55,60.55,60.55,60.55,1467
ESTX,20190227,60.73,60.94,60.71,60.94,3627
ESTX,20190228,61.02,61.24,61.02,61.15,5448
ESTX,20190301,61.75,61.98,61.74,61.98,740
ESTX,20190304,62.53,62.53,62.49,62.49,1150
ESTX,20190305,61.97,62.11,61.97,62.09,659
ESTX,20190306,62,62.43,61.96,62.33,4677
ESTX,20190307,62.27,62.41,62.16,62.16,4216
ESTX,20190308,61.5,61.67,61.46,61.46,4594
ESTX,20190311,61.46,61.53,61.46,61.53,1129
ESTX,20190312,61.85,61.85,61.81,61.81,1682
ESTX,20190313,61.59,61.59,61.49,61.5,1508
ESTX,20190314,62.28,62.3,62.21,62.25,3355
ESTX,20190315,62.25,62.25,62.25,62.25,0
ESTX,20190318,63.25,63.25,63.25,63.25,2
ESTX,20190319,63.78,63.78,63.25,63.25,2639
ESTX,20190320,63.62,63.66,63.55,63.55,8392
ESTX,20190321,63.28,63.28,63.28,63.28,138
ESTX,20190322,63.41,63.41,63.21,63.21,597
ESTX,20190325,61.63,61.68,61.45,61.58,8034
ESTX,20190326,61.49,61.69,61.48,61.67,1365
ESTX,20190327,61.36,61.63,61.36,61.63,2960
ESTX,20190328,61.79,61.79,61.76,61.76,141
ESTX,20190329,61.99,61.99,61.99,61.99,1572
ESTX,20190401,62.25,62.46,62.25,62.46,3916
ESTX,20190402,62.76,62.8,62.67,62.8,3306
ESTX,20190403,63.23,63.39,63.23,63.39,1342
ESTX,20190404,63.51,63.62,63.48,63.5,3472
ESTX,20190405,63,63.72,63,63.72,1868
ESTX,20190408,63.98,63.98,63.82,63.82,391
ESTX,20190409,63.66,63.69,63.56,63.56,1816
ESTX,20190410,63.3,63.46,63.3,63.37,5356
ESTX,20190411,63.44,63.44,63.32,63.32,231
ESTX,20190412,63.67,63.89,63.67,63.79,2985
ESTX,20190415,63.79,63.94,63.78,63.85,4318
ESTX,20190416,63.89,64.17,63.89,64.1,5348
ESTX,20190417,64,64.1,63.85,63.85,2130
ESTX,20190418,63.85,63.85,63.85,63.85,0
ESTX,20190423,64.9,64.92,64.84,64.92,2208
ESTX,20190424,65.44,65.45,65.43,65.43,546
ESTX,20190426,65,65.08,64.93,65.08,1219
ESTX,20190429,65.08,65.08,65.08,65.08,310
ESTX,20190430,65.25,65.39,65.25,65.39,1843
ESTX,20190501,66,66.12,65.98,66.12,1822
ESTX,20190502,65.76,65.78,65.74,65.78,9897
ESTX,20190503,65.73,65.89,65.73,65.89,127
ESTX,20190506,65.66,65.66,65.17,65.17,3947
ESTX,20190507,65.3,65.36,65,65.03,4901
ESTX,20190508,63.94,64.18,63.94,64.15,1347
ESTX,20190509,64.52,64.57,64.48,64.57,3043
ESTX,20190510,64.45,64.45,64.45,64.45,463
ESTX,20190513,64.45,64.45,64.45,64.45,0
ESTX,20190514,63.9,63.9,63.9,63.9,15
ESTX,20190515,64.35,64.55,64.35,64.55,637
ESTX,20190516,64.7,64.85,64.7,64.85,965
ESTX,20190517,66.07,66.07,65.83,65.84,909
ESTX,20190520,65.69,65.69,65.6,65.6,1049
ESTX,20190521,64.78,65.34,64.78,65.34,7271
ESTX,20190522,65.42,65.48,65.42,65.42,2663
ESTX,20190523,65.08,65.15,65.08,65.11,580
ESTX,20190524,64.32,64.74,64.32,64.74,722
ESTX,20190527,64.78,64.78,64.72,64.73,1686
ESTX,20190528,64.94,64.94,64.89,64.89,2076
ESTX,20190529,63.95,63.95,63.95,63.95,470
ESTX,20190530,63.55,63.55,63.47,63.47,2212
ESTX,20190531,63.44,63.44,63.44,63.44,1130
ESTX,20190603,62.75,62.75,62.6,62.6,2869
ESTX,20190604,63.5,63.51,63.2,63.33,5003
ESTX,20190605,64.35,64.35,64.28,64.31,1800
ESTX,20190606,64.31,64.31,64.31,64.31,0
ESTX,20190607,64.56,64.56,64.56,64.56,36
ESTX,20190611,65.6,65.88,65.6,65.88,321
ESTX,20190612,66.1,66.1,66.1,66.1,1841
ESTX,20190613,65.95,65.95,65.9,65.92,1060
ESTX,20190614,66.02,66.28,66.02,66.21,3146
ESTX,20190617,66.21,66.21,66.21,66.21,0
ESTX,20190618,66.22,66.45,66.22,66.32,1142
ESTX,20190619,67.17,67.27,67.17,67.27,2202
ESTX,20190620,67.68,67.81,67.68,67.81,456
ESTX,20190621,67.82,67.82,67.45,67.45,275
ESTX,20190624,67.53,67.7,67.53,67.7,346
ESTX,20190625,67.53,67.57,67.47,67.47,1994
ESTX,20190626,66.98,66.98,66.95,66.95,1692
ESTX,20190627,66.91,66.91,66.91,66.91,440
ESTX,20190628,60,65.33,60,65.1,336
ESTX,20190701,66,66.05,66,66.05,1374
ESTX,20190702,66,66.09,66,66,314
ESTX,20190703,66,66,66,66,500
ESTX,20190704,66.2,66.25,66.13,66.2,3167
ESTX,20190705,66.13,66.31,66.13,66.31,4557
ESTX,20190708,65.89,65.97,65.75,65.75,8136
ESTX,20190709,66.01,66.03,65.96,66.03,7975
ESTX,20190710,66.2,66.34,66.14,66.14,7117
ESTX,20190711,66.09,66.21,66.09,66.15,1664
ESTX,20190712,65.86,65.95,65.8,65.8,2860
ESTX,20190715,65.35,65.52,65.26,65.37,3598
ESTX,20190716,65.29,65.4,65.23,65.4,3378
ESTX,20190717,65.42,65.62,65.42,65.6,2621
ESTX,20190718,65.1,65.1,64.77,64.89,2639
ESTX,20190719,64.93,65.03,64.89,65,2534
ESTX,20190722,64.43,64.5,64.43,64.5,1268
ESTX,20190723,65.17,65.22,65.06,65.16,1136
ESTX,20190724,65.74,65.9,65.74,65.89,1839
ESTX,20190725,65.92,66.19,65.86,66.19,3746
ESTX,20190726,65.47,65.87,65.46,65.87,6302
ESTX,20190729,66.06,66.06,66.06,66.06,1205
ESTX,20190730,66.42,66.42,66.38,66.38,229
ESTX,20190731,65.4,65.45,65.37,65.45,2799
ESTX,20190801,65.1,65.1,65.05,65.05,288
ESTX,20190802,65.01,65.09,64.76,64.8,3135
ESTX,20190805,64.37,64.37,64.24,64.24,457
ESTX,20190806,62.93,63.82,62.93,63.78,103718
ESTX,20190807,63.69,64.19,63.69,64.19,3152
ESTX,20190808,64.52,64.52,64.35,64.35,955
ESTX,20190809,64.35,64.35,64.35,64.35,0
ESTX,20190812,64.49,64.62,64.49,64.62,190
ESTX,20190813,64.34,64.34,64.34,64.34,382
ESTX,20190814,64.52,64.63,64.5,64.63,18831
ESTX,20190815,63.17,63.26,63.01,63.06,3262
ESTX,20190816,63.02,63.02,63.02,63.02,55
ESTX,20190819,63.65,63.89,63.65,63.89,1032
ESTX,20190820,64.26,64.3,64.25,64.25,1149
ESTX,20190821,63.95,63.95,63.95,63.95,250
ESTX,20190822,64.74,64.74,64.7,64.7,759
ESTX,20190823,64.78,64.88,64.78,64.88,431
ESTX,20190826,63.87,63.87,63.78,63.78,1949
ESTX,20190827,64.2,64.35,64.2,64.35,899
ESTX,20190828,64.42,64.42,64.42,64.42,71
ESTX,20190829,64.4,64.6,64.4,64.6,1463
ESTX,20190830,65.3,65.65,65.3,65.65,1111
ESTX,20190902,65.21,65.27,65.16,65.2,8929
ESTX,20190903,65.41,65.41,65.12,65.23,1375
ESTX,20190904,64.81,64.83,64.68,64.83,1377
ESTX,20190905,65.42,65.7,65.42,65.69,10763
ESTX,20190906,65.74,65.74,65.65,65.65,511
ESTX,20190909,65.63,65.63,65.52,65.52,427
ESTX,20190910,65.65,65.65,65.65,65.65,342
ESTX,20190911,65.8,65.8,65.8,65.8,738
ESTX,20190912,66.07,66.08,65.99,66.04,12140
ESTX,20190913,66.5,66.6,66.5,66.53,1101
ESTX,20190916,66.02,66.15,66.02,66.15,1612
ESTX,20190917,65.9,66.2,65.9,66.14,878
ESTX,20190918,66.23,66.38,66.23,66.36,2089
ESTX,20190919,66.6,67.11,66.6,66.84,3790
ESTX,20190920,67.28,67.28,67.17,67.18,505
ESTX,20190923,67.61,67.71,67.47,67.53,2623
ESTX,20190924,67.13,67.15,67.01,67.01,6597
ESTX,20190925,66.59,66.73,66.59,66.64,30842
ESTX,20190926,66.53,66.53,66.39,66.39,2392
ESTX,20190927,66.82,66.82,66.62,66.7,10064
ESTX,20190930,66.84,67.01,66.84,67.01,1898
ESTX,20191001,67.2,67.77,67.17,67.77,10713
ESTX,20191002,66.99,66.99,66.9,66.91,3738
ESTX,20191003,65.19,65.19,65,65,271
ESTX,20191004,65.14,65.29,65.11,65.29,496
ESTX,20191007,65.5,65.5,65.48,65.48,716
ESTX,20191008,66.04,66.06,66.04,66.06,764
ESTX,20191009,65.32,65.41,65.32,65.34,783
ESTX,20191010,65.88,65.91,65.86,65.91,511
ESTX,20191011,66.4,66.58,66.4,66.58,149
ESTX,20191014,67.63,67.63,67.59,67.59,1810
ESTX,20191015,67.75,67.75,67.75,67.75,35
ESTX,20191016,68.65,68.78,68.65,68.71,3638
ESTX,20191017,68.86,68.86,68.44,68.44,1095
ESTX,20191018,68.35,68.35,68.11,68.11,1257
ESTX,20191021,68.11,68.18,68.11,68.18,81
ESTX,20191022,68.18,68.3,68.18,68.25,533
ESTX,20191023,67.94,67.94,67.94,67.94,730
ESTX,20191024,68.46,68.46,68.46,68.46,19
ESTX,20191025,68.81,68.81,68.81,68.81,247
ESTX,20191028,68.62,68.8,68.62,68.8,92
ESTX,20191029,68.79,68.79,68.7,68.7,685
ESTX,20191030,68.59,68.59,68.39,68.43,348
ESTX,20191031,68.49,68.49,68.26,68.26,2296
ESTX,20191101,68.39,68.48,68.39,68.48,4503
ESTX,20191104,68.55,68.68,68.55,68.66,12180
ESTX,20191105,69.19,69.37,69.19,69.28,1288
ESTX,20191106,69.03,69.03,68.85,68.85,588
ESTX,20191107,69.37,69.47,69.35,69.47,792
ESTX,20191108,69.36,69.41,69.18,69.18,1903
ESTX,20191111,69.6,69.65,69.55,69.55,1627
ESTX,20191112,69.68,69.77,69.68,69.77,787
ESTX,20191113,69.85,69.85,69.63,69.63,291
ESTX,20191114,69.61,70.04,69.61,70.02,751
ESTX,20191115,70.07,70.5,70.07,70.45,7709
ESTX,20191118,70.26,70.47,70.26,70.46,1980
ESTX,20191119,70.35,70.73,70.34,70.73,1461
ESTX,20191120,70.22,70.22,70.14,70.16,5980
ESTX,20191121,70.02,70.02,69.8,69.88,2669
ESTX,20191122,70.35,70.39,70.35,70.35,1907
ESTX,20191125,70.32,70.32,70.21,70.21,1698
ESTX,20191126,70.55,70.55,70.45,70.55,1218
ESTX,20191127,70.55,70.55,70.41,70.45,1084
ESTX,20191128,70.66,70.66,70.53,70.53,665
ESTX,20191129,70.45,70.45,70.28,70.28,3601
ESTX,20191202,70.59,70.59,70.59,70.59,50
ESTX,20191203,69.21,69.21,68.95,69,11878
ESTX,20191204,68.75,68.93,68.68,68.93,9410
ESTX,20191205,69.47,69.47,69.27,69.37,4458
ESTX,20191206,69.57,69.7,69.49,69.7,4026
ESTX,20191209,69.81,69.87,69.74,69.87,425
ESTX,20191210,69.63,69.68,69.44,69.68,1661
ESTX,20191211,69.91,69.91,69.76,69.77,847
ESTX,20191212,69.73,70.03,69.72,70.03,925
ESTX,20191213,70.49,70.49,70.44,70.44,1610
ESTX,20191216,70.77,71.22,70.75,71.22,2407
ESTX,20191217,71.48,71.48,71.41,71.42,1828
ESTX,20191218,71.43,71.43,71.15,71.15,2452
ESTX,20191219,71.08,71.08,70.72,70.72,1389
ESTX,20191220,70.48,70.63,70.45,70.56,1445
ESTX,20191223,70.84,70.84,70.75,70.75,811
ESTX,20191224,70.75,70.75,70.75,70.75,0
ESTX,20191227,70.72,70.74,70.72,70.74,343
ESTX,20191230,70.69,70.69,70.69,70.69,85
ESTX,20191231,69.76,69.76,69.76,69.76,600
ESTX,20200102,69.95,70.1,69.95,70.1,188
ESTX,20200103,70.56,70.56,70.56,70.56,396
ESTX,20200106,70.07,70.07,70.03,70.03,542
ESTX,20200107,70.91,70.96,70.85,70.85,23268
ESTX,20200108,70.3,70.67,70.3,70.67,1046
ESTX,20200109,71.52,71.58,71.52,71.58,130
ESTX,20200113,71.74,71.74,70.93,71.06,761
ESTX,20200114,71.32,71.32,71.32,71.32,144
ESTX,20200115,71.17,71.17,70.96,70.96,949
ESTX,20200116,70.8,70.97,70.8,70.97,572
ESTX,20200117,71.33,71.35,71.27,71.33,5525
ESTX,20200120,71.33,71.82,71.33,71.71,1840
ESTX,20200121,72,72,71.5,71.5,575
ESTX,20200122,71.37,71.81,71.37,71.81,259
ESTX,20200123,71.25,71.25,70.8,70.89,2405
ESTX,20200124,70.94,70.94,70.89,70.89,965
ESTX,20200128,70.5,70.5,69.83,70.18,1561
ESTX,20200129,70.75,70.75,70.75,70.75,3917
ESTX,20200130,70.92,70.92,70.75,70.75,1470
ESTX,20200203,70.4,70.4,70.4,70.4,120
ESTX,20200204,70.64,70.64,70.64,70.64,5
ESTX,20200205,71.27,71.27,71.18,71.18,273
ESTX,20200210,72.56,72.56,72.32,72.35,4541
ESTX,20200211,72.46,72.46,72.46,72.46,150
ESTX,20200212,72.44,72.44,72.39,72.39,472
ESTX,20200213,72.68,72.68,72.67,72.67,1623
ESTX,20200214,72.31,72.31,72.31,72.31,150
ESTX,20200217,72.3,72.56,72.3,72.56,62
ESTX,20200218,72.48,72.48,72.44,72.44,832
ESTX,20200219,72.64,72.64,72.56,72.56,11244
ESTX,20200220,73.23,73.23,73.07,73.07,615
ESTX,20200221,72.9,73.05,72.87,73.05,2848
ESTX,20200224,72.5,72.5,71.18,71.18,1474
ESTX,20200225,70,70.42,69,70.42,1880
ESTX,20200226,70.13,70.13,68.47,68.49,2249
ESTX,20200227,67.28,68.48,67.28,67.62,7247
ESTX,20200228,66.25,66.31,66.02,66.02,7080
ESTX,20200302,66,66.74,65.83,66.6,10936
ESTX,20200303,66.65,67.8,66.65,67.22,38249
ESTX,20200304,65.73,66.42,65.73,66.33,18968
ESTX,20200305,67.58,67.58,67.43,67.46,2614
ESTX,20200306,65.77,65.9,65.23,65.23,2426
ESTX,20200309,64.24,64.24,62.08,62.21,24202
ESTX,20200310,58.12,61.52,58.12,61.52,16787
ESTX,20200311,60.66,60.67,59.97,59.97,27501
ESTX,20200312,58.39,58.39,55.1,55.37,74113
ESTX,20200313,52.39,52.98,51.36,52.75,4628
ESTX,20200316,52.8,53.18,50.01,52.28,19308
ESTX,20200317,51.65,53.4,51.36,52.61,5755
ESTX,20200318,53.1,53.6,52.28,53.05,15590
ESTX,20200319,53.74,54.43,51.35,51.64,17347
ESTX,20200320,51.85,52.91,51.85,52.76,25649
ESTX,20200323,51.9,52.14,51.78,51.85,2015
ESTX,20200324,53.49,54.72,53.49,54.72,668
ESTX,20200325,56.9,57.62,56.45,56.45,921
ESTX,20200326,59.11,60.32,58.92,58.92,9667
ESTX,20200327,60.75,60.75,59.08,59.3,7641
ESTX,20200330,56.75,57.61,56.75,57.5,28848
ESTX,20200331,58.31,58.78,57.55,57.55,20125
ESTX,20200401,57.55,57.7,57.45,57.45,2289
ESTX,20200402,55.58,56.33,55.49,56.33,539
ESTX,20200403,56.23,56.23,56.15,56.15,598
ESTX,20200406,57.35,58.03,57.35,58.03,12721
ESTX,20200407,58.25,58.5,57.7,57.88,18919
ESTX,20200408,58.7,59,58.34,59,472
ESTX,20200409,58.25,58.85,58.25,58.85,1953
ESTX,20200414,58.62,58.7,57.75,58.58,769
ESTX,20200415,58.58,58.58,58.17,58.57,2392
ESTX,20200416,57.4,57.4,56.53,57.14,714
ESTX,20200417,57.85,58.01,57.85,58.01,469
ESTX,20200420,58.3,58.43,58.25,58.27,875
ESTX,20200421,58,58,57.18,57.18,493
ESTX,20200422,56.65,56.65,56.65,56.65,119
ESTX,20200423,57.03,57.03,56.74,57.03,1589
ESTX,20200424,55.37,55.42,55.37,55.42,4913
ESTX,20200427,56.13,56.74,55.97,56.59,56437
ESTX,20200428,56.86,56.86,56.6,56.6,1336
ESTX,20200429,56.95,57.27,56.92,57.26,4991
ESTX,20200430,58.21,58.89,58.21,58.89,1277
ESTX,20200501,58.01,58.09,57.15,57.15,1558
ESTX,20200504,57.15,57.15,56.46,56.46,6865
ESTX,20200505,57.58,57.58,56.89,56.89,63
ESTX,20200506,56.71,56.71,56.4,56.48,1329
ESTX,20200507,56.32,56.5,56.16,56.5,1629
ESTX,20200508,56.62,56.8,56.59,56.8,9757
ESTX,20200511,57.22,57.24,57.2,57.2,5517
ESTX,20200512,56.96,56.96,56.73,56.73,7195
ESTX,20200513,55.85,56.16,55.85,56.16,3672
ESTX,20200514,55.25,55.35,55.25,55.35,1148
ESTX,20200515,54.89,55.05,54.76,55.03,27769
ESTX,20200518,55.57,55.94,55.56,55.94,41338
ESTX,20200519,57.53,57.53,57.43,57.43,4504
ESTX,20200520,56.85,57.11,56.72,57.11,16539
ESTX,20200521,57.93,57.93,57.54,57.55,6029
ESTX,20200522,57.36,57.55,56.46,56.46,1303
ESTX,20200525,57.72,57.74,57.72,57.74,656
ESTX,20200526,58.47,58.97,58.42,58.74,3095
ESTX,20200527,58.55,58.82,58.46,58.82,2570
ESTX,20200528,59.94,60.63,59.94,60.42,6127
ESTX,20200529,60.57,60.57,60.28,60.35,6968
ESTX,20200601,60.54,60.54,60.54,60.54,1007
ESTX,20200602,59.93,60.25,59.93,60.23,134844
ESTX,20200603,60.61,60.9,60.59,60.9,161
ESTX,20200604,62.7,62.7,62.43,62.48,828
ESTX,20200605,63.1,63.1,63.1,63.1,100
ESTX,20200609,64.26,64.38,64.2,64.38,2640
ESTX,20200610,64.12,64.22,64.12,64.12,1894
ESTX,20200611,63.1,63.1,63.1,63.1,40
ESTX,20200612,60.78,61.21,60.66,61.21,1938
ESTX,20200615,61,61,60.06,60.06,3220
ESTX,20200616,62,62,62,62,523
ESTX,20200617,62.63,62.63,62.63,62.63,156
ESTX,20200618,62.15,62.57,62.15,62.55,1837
ESTX,20200619,62.83,62.83,62.77,62.77,7972
ESTX,20200622,62.17,62.43,62.15,62.43,15197
ESTX,20200623,63.07,63.07,62.88,63.04,15878
ESTX,20200624,62.9,63.15,62.9,63.15,11042
ESTX,20200625,62.31,62.31,61.75,61.83,12512
ESTX,20200626,62.56,62.97,62.56,62.97,882
ESTX,20200629,61.94,61.99,61.94,61.99,111
ESTX,20200630,62.05,62.05,61.9,61.9,4299
ESTX,20200701,61.77,61.77,61.77,61.77,204
ESTX,20200702,61.66,61.83,61.5,61.83,1265
ESTX,20200703,62.63,62.76,62.63,62.72,3965
ESTX,20200706,62.8,63.59,62.8,63.59,2862
ESTX,20200707,63.6,63.6,63.28,63.28,215
ESTX,20200708,62.42,62.84,62.42,62.69,3521
ESTX,20200709,62.79,63.13,62.79,63.13,5703
ESTX,20200710,62.22,62.24,61.75,61.75,2070
ESTX,20200713,63.28,63.42,63.13,63.39,1376
ESTX,20200714,63.19,63.19,62.84,62.84,1341
ESTX,20200715,64.09,64.1,63.85,63.97,4678
ESTX,20200716,65.19,65.19,63.94,63.94,2151
ESTX,20200717,64.2,64.5,64.18,64.18,1190
ESTX,20200720,64.24,64.58,64.24,64.58,928
ESTX,20200721,64.85,64.85,64.83,64.83,924
ESTX,20200722,64.33,64.53,64.22,64.22,1126
ESTX,20200723,64.12,64.12,63.93,63.93,822
ESTX,20200724,63.86,64.04,63.8,63.87,2120
ESTX,20200727,63.85,63.85,63.65,63.65,364
ESTX,20200728,64,64,63.74,63.74,526
ESTX,20200729,63.28,63.28,63.16,63.16,151
ESTX,20200730,64.61,64.61,63.5,63.53,4084
ESTX,20200731,62.08,62.08,62.08,62.08,44
ESTX,20200803,62,62,61.4,61.69,5320
ESTX,20200804,62.8,62.86,62.78,62.78,435
ESTX,20200805,62.7,62.79,62.5,62.79,1395
ESTX,20200806,62.79,62.8,62.79,62.8,378
ESTX,20200807,62.37,62.37,62.37,62.37,460
ESTX,20200810,62.87,63.19,62.87,63.19,255
ESTX,20200811,63.01,63.09,62.85,62.98,894
ESTX,20200812,63.83,63.83,63.83,63.83,16
ESTX,20200813,64.89,64.89,64.89,64.89,218
ESTX,20200814,64.58,64.75,64.58,64.59,1188
ESTX,20200817,64.57,64.57,63.59,63.95,686
ESTX,20200818,63.85,63.85,63.52,63.52,554
ESTX,20200819,63.32,63.57,63.32,63.57,497
ESTX,20200820,63.58,63.58,63.38,63.38,117
ESTX,20200821,63.52,63.61,63.31,63.6,536
ESTX,20200824,63.04,63.2,63,63.2,1720
ESTX,20200825,64.47,64.66,64.47,64.57,1969
ESTX,20200826,64.26,64.26,64.26,64.26,733
ESTX,20200827,64.26,64.26,64.26,64.26,450
ESTX,20200828,63.27,63.27,63.27,63.27,476
ESTX,20200831,63.4,63.4,63.4,63.4,19
ESTX,20200901,62.9,62.9,62.42,62.46,707
ESTX,20200902,62.3,62.57,62.29,62.57,423
ESTX,20200903,63.83,63.83,63.43,63.43,357
ESTX,20200904,62.7,63.06,62.7,63.06,530
ESTX,20200907,62.52,62.52,62.47,62.49,86
ESTX,20200908,63.08,63.08,62.93,63,5156
ESTX,20200909,61.96,62.49,61.96,62.26,1326
ESTX,20200910,63.43,63.6,63.35,63.6,635
ESTX,20200911,63,63.01,62.91,62.91,2847
ESTX,20200914,63.53,63.53,63.53,63.53,25
ESTX,20200915,63.11,63.11,62.95,62.95,135
ESTX,20200916,63.21,63.21,63.21,63.21,380
ESTX,20200917,62.57,62.57,62.52,62.52,1301
ESTX,20200918,62.99,62.99,62.99,62.99,11
ESTX,20200921,62.66,62.66,62.5,62.55,640
ESTX,20200922,60.87,60.87,60.51,60.51,574
ESTX,20200923,60.94,61.31,60.94,61.26,7397
ESTX,20200924,61.26,61.26,61.26,61.26,0
ESTX,20200925,61.52,61.52,61.38,61.38,400
ESTX,20200928,61.39,61.52,61.25,61.52,1378
ESTX,20200929,62.7,62.7,62.34,62.44,1727
ESTX,20200930,62.16,62.17,61.65,61.65,1430
ESTX,20201001,61.6,61.6,61.46,61.46,40
ESTX,20201002,61.2,61.2,60.66,60.66,1268
ESTX,20201005,61.55,61.55,61.44,61.51,674
ESTX,20201006,62.39,62.39,62.11,62.11,330
ESTX,20201007,62.19,62.29,62.19,62.29,168
ESTX,20201008,62.63,62.75,62.63,62.75,1363
ESTX,20201009,62.79,62.88,62.76,62.88,1974
ESTX,20201012,62.74,63.12,62.74,63.12,278
ESTX,20201013,63.57,63.57,63.55,63.55,238
ESTX,20201014,62.93,63.05,62.93,63.03,661
ESTX,20201015,62.91,62.91,62.72,62.77,1841
ESTX,20201016,62.35,62.35,62.18,62.27,8853
ESTX,20201019,62.87,63.09,62.87,63.09,1224
ESTX,20201020,63.24,63.24,63.23,63.23,3935
ESTX,20201021,63.5,63.75,63.5,63.75,689
ESTX,20201022,61.97,61.97,61.86,61.93,266
ESTX,20201023,61.77,61.77,61.7,61.7,274
ESTX,20201026,61.9,61.9,61.68,61.68,13945
ESTX,20201027,60.81,60.81,60.4,60.41,1470
ESTX,20201028,59.84,59.84,58.66,58.66,1786
ESTX,20201029,58,58,57.85,57.99,4025
ESTX,20201030,57.72,57.72,57.24,57.31,21698
ESTX,20201102,57.71,57.71,57.43,57.71,5421
ESTX,20201103,58.7,59.2,58.64,59.06,1102
ESTX,20201104,59.85,59.85,59.85,59.85,83
ESTX,20201105,60.29,60.58,60.29,60.58,818
ESTX,20201106,60.95,61.02,60.93,60.93,6051
ESTX,20201109,61.9,62.1,61.9,62.1,10800
ESTX,20201110,64.39,64.52,63.75,63.85,6222
ESTX,20201111,65,65.38,65,65.25,16563
ESTX,20201112,65.53,65.53,65.32,65.32,334
ESTX,20201113,65.48,65.48,65.21,65.27,1460
ESTX,20201116,65.37,65.37,65.37,65.37,150
ESTX,20201117,65.67,65.69,65.67,65.69,986
ESTX,20201118,66.02,66.2,66.02,66.2,612
ESTX,20201120,65.95,65.95,65.95,65.95,64
ESTX,20201123,66.23,66.23,66.23,66.23,22
ESTX,20201124,66.31,66.46,66.3,66.46,2085
ESTX,20201125,66.87,66.91,66.87,66.91,21
ESTX,20201126,66.71,66.71,66.71,66.71,1150
ESTX,20201127,66.7,66.7,66.7,66.7,1499
ESTX,20201130,66.8,66.8,66.75,66.75,3035
ESTX,20201201,66.61,67.07,66.61,67.07,4285
ESTX,20201202,67.6,67.6,67.56,67.56,221
ESTX,20201203,67.56,67.56,67.56,67.56,0
ESTX,20201204,67.39,67.39,67.29,67.29,735
ESTX,20201207,67.63,67.63,67.63,67.63,34
ESTX,20201208,67.49,67.57,67.41,67.56,3059
ESTX,20201209,67.6,67.92,67.6,67.92,366
ESTX,20201210,67.33,67.36,67,67.1,3087
ESTX,20201211,67.57,67.57,66.47,66.47,164
ESTX,20201214,66.4,66.4,66.4,66.4,90
ESTX,20201215,66.45,66.45,66.29,66.29,992
ESTX,20201216,66.9,66.9,66.56,66.76,1108
ESTX,20201217,67.23,67.23,67.23,67.23,546
ESTX,20201218,67.14,67.14,67.14,67.14,47
ESTX,20201221,68.2,68.2,66.06,66.06,866
ESTX,20201222,66.05,66.1,65.84,65.84,3742
ESTX,20201224,66.08,66.08,66.08,66.08,0
ESTX,20201229,67.74,67.82,67.74,67.82,112
ESTX,20201230,67.4,67.4,67.4,67.4,15
ESTX,20201231,66.5,66.5,66.5,66.5,30
ESTX,20210104,66,66.28,65.48,65.98,28546
ESTX,20210105,65.98,65.98,65.98,65.98,0
ESTX,20210106,65.57,65.57,65.37,65.37,6009
ESTX,20210107,67.23,67.23,66.59,66.59,395
ESTX,20210108,66.87,67.1,66.87,67.1,268
ESTX,20210111,67.02,67.02,66.85,66.85,4597
ESTX,20210112,66.62,66.7,66.62,66.63,1397
ESTX,20210113,66,66.3,66,66.3,247
ESTX,20210114,66.16,66.27,66.16,66.27,575
ESTX,20210115,66.25,66.25,66.06,66.06,826
ESTX,20210118,65.55,65.67,65.55,65.67,37
ESTX,20210119,66.24,66.24,66.24,66.24,352
ESTX,20210120,66.15,66.15,66.01,66.01,675
ESTX,20210121,66.21,66.21,66.04,66.04,600
ESTX,20210122,66.15,66.21,66.12,66.21,2036
ESTX,20210125,66.3,66.33,66.21,66.33,77
ESTX,20210127,65.94,65.94,65.83,65.83,20
ESTX,20210128,65.59,65.59,64.29,65.1,4487
ESTX,20210129,64.65,65.21,64.65,65.19,47
ESTX,20210201,64.65,64.79,63.03,64.79,629
ESTX,20210203,66.4,66.5,66.4,66.5,774
ESTX,20210204,66.5,66.5,66.3,66.3,740
ESTX,20210205,66.3,66.3,66.3,66.3,0
ESTX,20210208,67.3,67.3,67.3,67.3,400
ESTX,20210209,67.1,67.1,66.85,66.85,247
ESTX,20210210,67.11,67.17,67.04,67.17,1777
ESTX,20210211,67.62,67.62,66.5,66.5,1144
ESTX,20210212,66.76,66.76,66.76,66.76,115
ESTX,20210215,67.52,67.52,67.52,67.52,285
ESTX,20210216,67.81,67.89,67.49,67.88,10456
ESTX,20210217,67.88,67.88,67.88,67.88,0
ESTX,20210218,67.5,67.5,67.1,67.1,1176
ESTX,20210219,66.85,66.85,66.85,66.85,517
ESTX,20210222,66.4,66.4,66.34,66.34,621
ESTX,20210223,65.93,66.3,65.93,66.3,312
ESTX,20210224,65.94,65.99,65.93,65.93,455
ESTX,20210225,65.93,65.93,65.93,65.93,0
ESTX,20210226,65.77,65.83,65.77,65.8,4426
ESTX,20210301,66.51,66.51,66.51,66.51,1506
ESTX,20210302,67.12,67.12,66.9,66.9,597
ESTX,20210303,67,67,67,67,1
ESTX,20210304,66.56,66.56,66.25,66.37,1296
ESTX,20210305,66.06,66.43,66.06,66.41,2363
ESTX,20210308,67.12,67.12,66.86,66.86,1167
ESTX,20210309,67.84,67.86,67.84,67.86,254
ESTX,20210310,67.99,68.04,67.99,67.99,232
ESTX,20210311,67.99,68.04,67.99,67.99,232
ESTX,20210312,68.87,68.87,68.8,68.8,1114
ESTX,20210315,68.8,68.8,68.8,68.8,0
ESTX,20210316,69.1,69.1,68.74,68.74,1300
ESTX,20210317,68.85,68.85,68.83,68.83,914
ESTX,20210318,68.9,69.21,68.9,69.16,266
ESTX,20210319,68.54,68.77,68.54,68.77,362
ESTX,20210322,68.6,68.8,68.6,68.8,457
ESTX,20210323,68.8,68.8,68.8,68.8,0
ESTX,20210324,69.1,69.1,69,69,6210
ESTX,20210325,69.29,69.29,69.08,69.22,243
ESTX,20210329,69.74,69.74,69.74,69.74,1454
ESTX,20210330,69.97,69.97,69.97,69.97,14
ESTX,20210331,69.97,70.45,69.97,70.29,2255
ESTX,20210401,70.9,71.07,70.9,71.07,398
ESTX,20210406,72.32,72.32,71.5,71.5,3874
ESTX,20210407,71.6,71.69,71.58,71.63,1767
ESTX,20210408,72,72.26,72,72.04,2586
ESTX,20210409,72.34,72.37,72.34,72.37,437
ESTX,20210412,72.4,72.41,72.4,72.41,413
ESTX,20210413,72.29,72.29,72.29,72.29,675
ESTX,20210414,71.37,72.49,71.37,72.4,1489
ESTX,20210415,72.4,72.4,71.87,71.87,446
ESTX,20210416,72.1,72.1,72.1,72.1,269
ESTX,20210419,72.96,72.96,72.77,72.77,561
ESTX,20210420,72.7,72.7,72.55,72.55,260
ESTX,20210421,71.75,71.75,71.75,71.75,224
ESTX,20210422,72.39,72.39,72.39,72.39,500
ESTX,20210423,71.66,72.7,71.66,72.7,1779
ESTX,20210426,72.7,72.7,72.7,72.7,0
ESTX,20210427,72.85,72.85,72.51,72.68,1195
ESTX,20210428,72.68,72.68,72.68,72.68,0
ESTX,20210429,73.02,73.26,73.02,73.26,845
ESTX,20210430,73.01,73.01,72.68,72.69,4028
ESTX,20210503,72.62,72.77,72.62,72.67,19
ESTX,20210504,72.7,72.73,72.7,72.73,25
ESTX,20210505,72.73,72.73,72.73,72.73,0
ESTX,20210506,72.71,72.71,72.71,72.71,21
ESTX,20210507,73.08,73.14,73.08,73.1,563
ESTX,20210510,73.56,73.56,73.54,73.54,1192
ESTX,20210511,72.31,72.41,72.31,72.41,67
ESTX,20210512,71.63,71.85,71.6,71.85,3816
ESTX,20210513,72.3,72.3,72.3,72.3,68
ESTX,20210514,73.22,73.22,73.22,73.22,2400
ESTX,20210517,74.19,74.19,73.92,74,196
ESTX,20210518,74.12,74.12,74.1,74.1,72
ESTX,20210519,73.42,73.42,73.42,73.42,74
ESTX,20210520,73.37,73.39,73.35,73.35,60
ESTX,20210521,74.44,74.44,74.23,74.23,1367
ESTX,20210524,74.71,74.71,74.71,74.71,12
ESTX,20210525,75.28,75.28,75.13,75.13,369
ESTX,20210526,75.47,75.47,75.12,75.12,1367
ESTX,20210527,74.87,74.87,74.71,74.71,546
ESTX,20210528,75.01,75.13,75.01,75.13,17
ESTX,20210531,75.58,75.58,75.44,75.53,3678
ESTX,20210601,75.53,75.53,74.94,75.09,792
ESTX,20210602,75.4,75.73,75.4,75.73,771
ESTX,20210603,75.65,76.12,75.65,76.12,12583
ESTX,20210604,75.96,75.96,75.87,75.87,1096
ESTX,20210607,75.66,75.66,75.66,75.66,426
ESTX,20210609,76.12,76.12,76.12,76.12,259
ESTX,20210610,76.06,76.06,76.02,76.04,471
ESTX,20210611,75.88,75.88,75.86,75.86,177
ESTX,20210615,76.63,76.9,76.63,76.9,246
ESTX,20210616,76.99,76.99,76.94,76.96,1837
ESTX,20210617,76.55,76.55,76.47,76.53,306
ESTX,20210618,77.35,77.35,77.35,77.35,187
ESTX,20210621,77.14,77.14,75.17,75.17,485
ESTX,20210622,76.7,76.94,76.7,76.94,158
ESTX,20210623,76.71,76.77,76.71,76.76,8585
ESTX,20210625,76.45,76.53,76.45,76.45,413
ESTX,20210628,76.36,76.36,76.36,76.36,131
ESTX,20210629,76.09,76.11,75.95,76.1,330
ESTX,20210630,75.93,75.93,75.7,75.75,1814
ESTX,20210701,75.9,75.9,75.14,75.25,446
ESTX,20210705,75.12,75.13,75,75,1530
ESTX,20210706,74.86,74.86,74.76,74.76,21
ESTX,20210707,74.35,74.52,74.35,74.37,358
ESTX,20210708,74.92,74.92,74.92,74.92,264
ESTX,20210709,74.21,74.21,74,74,103
ESTX,20210712,75.16,75.16,75.16,75.16,78
ESTX,20210714,75.52,75.52,75.15,75.15,218
ESTX,20210715,78.86,78.86,75.37,75.51,1513
ESTX,20210716,75.5,75.51,74.93,75,2284
ESTX,20210719,75.5,75.5,74.45,74.45,679
ESTX,20210720,73.8,74.02,73.69,73.69,1857
ESTX,20210723,75.7,75.72,75.6,75.6,2546
ESTX,20210726,76.3,76.32,76.23,76.23,2668
ESTX,20210727,76.45,76.45,76.43,76.43,181
ESTX,20210728,76.44,76.65,76.17,76.29,57815
ESTX,20210729,76.52,76.69,76.51,76.6,23199
ESTX,20210730,76.6,76.62,76.38,76.38,31969
ESTX,20210802,76.35,77,76.35,77,166
ESTX,20210803,77.18,77.23,77,77,20305
ESTX,20210804,77.1,77.12,77.1,77.12,242
ESTX,20210805,77.2,77.49,77.2,77.39,4092
ESTX,20210806,77.45,77.57,77.45,77.57,2120
ESTX,20210809,77.86,77.9,77.65,77.65,1726
ESTX,20210810,78.05,78.11,77.9,77.99,913
ESTX,20210811,77.98,77.98,77.9,77.95,1150
ESTX,20210812,78.21,78.21,78.15,78.15,428
ESTX,20210813,78.57,78.76,78.57,78.69,171
ESTX,20210819,79,79,78.61,78.64,984
ESTX,20210820,78.77,78.79,78.55,78.55,1835
ESTX,20210823,79.38,79.55,79.38,79.55,901
ESTX,20210824,79.99,80,79.22,79.22,30980
ESTX,20210825,79.2,79.2,78.82,78.88,20383
ESTX,20210826,78.88,78.88,78.75,78.75,110
ESTX,20210827,78.87,78.95,78.87,78.94,602
ESTX,20210830,78.99,79.01,78.75,79.01,573
ESTX,20210831,79.12,79.2,79.09,79.14,6334
ESTX,20210901,78.98,79.04,78.98,79.04,5058
ESTX,20210902,79.05,79.05,78.95,78.95,600
ESTX,20210903,79.22,79.22,78.97,79.1,571
ESTX,20210906,79.06,79.06,78.2,78.25,1088
ESTX,20210907,78.93,78.93,78.66,78.76,1256
ESTX,20210908,78.77,78.78,78.7,78.76,1543
ESTX,20210909,78.78,78.79,77.77,77.77,956
ESTX,20210910,77.91,78.2,77.91,78.2,10196
ESTX,20210913,78.25,78.25,77.8,77.8,459
ESTX,20210914,78.44,78.47,78.37,78.4,6836
ESTX,20210915,78.79,78.9,78.67,78.8,2210
ESTX,20210916,78.5,78.51,78.1,78.15,1535
ESTX,20210917,78.66,78.92,78.66,78.79,11178
ESTX,20210920,78.5,78.5,77.14,77.14,4816
ESTX,20210922,77.72,77.72,77.22,77.68,15551
ESTX,20210923,77.81,78.87,77.81,78.7,21348
ESTX,20210924,78.7,78.7,78.7,78.7,9
ESTX,20210927,78.7,78.72,78.48,78.72,2289
ESTX,20210928,78.16,78.16,77.99,77.99,370
ESTX,20210929,77,77,76.64,76.75,34544
ESTX,20210930,76.9,77.16,76.9,77.16,160
ESTX,20211001,76.5,76.5,74.91,75.1,16117
ESTX,20211004,75.83,75.83,75.1,75.18,821
ESTX,20211005,75.2,75.55,74.37,74.69,1693
ESTX,20211006,78.77,78.77,75,75,586
ESTX,20211007,76,76,75.05,75.23,11475
ESTX,20211008,78.92,78.92,75.47,75.52,6700
ESTX,20211011,76,76,74.9,75.14,6326
ESTX,20211012,76,76,74.9,75.14,6326
ESTX,20211013,74.21,74.53,74.21,74.42,1157
ESTX,20211014,75.14,75.29,75.14,75.23,5048
ESTX,20211019,76.27,76.28,75.82,75.82,798
ESTX,20211020,75.9,75.91,75.64,75.64,994
ESTX,20211021,76.25,76.25,75.5,75.52,904
ESTX,20211022,75.7,75.99,75.7,75.99,765
ESTX,20211025,76.35,76.39,76.28,76.39,1065
ESTX,20211026,76.4,76.4,75.6,75.6,1368
ESTX,20211028,76.17,76.17,76.14,76.14,8800
ESTX,20211029,76.27,76.4,76.12,76.12,1236
ESTX,20211101,76.84,76.88,76.68,76.77,39660
ESTX,20211102,77.21,77.23,77.1,77.23,490
ESTX,20211103,78,78.16,78,78.13,102
ESTX,20211104,78.68,78.73,78.61,78.73,123
ESTX,20211105,79.55,79.55,79.08,79.09,311
ESTX,20211109,79.95,79.95,79.23,79.23,319
ESTX,20211110,79.23,79.72,79.23,79.48,157
ESTX,20211112,80.09,80.09,79.95,79.95,1689
ESTX,20211115,78.64,79.9,78.64,79.5,1899
ESTX,20211116,79.5,79.5,79.25,79.29,185
ESTX,20211117,79.29,79.86,79.29,79.75,858
ESTX,20211118,80.14,80.16,79.84,80.1,3166
ESTX,20211119,80.26,80.26,80.18,80.18,1404
ESTX,20211122,80.2,80.2,79.3,79.3,1599
ESTX,20211123,79.3,79.31,78.57,78.62,894
ESTX,20211124,78.32,78.42,78.25,78.25,1682
ESTX,20211125,78.18,78.29,78.18,78.29,144
ESTX,20211126,78.31,78.31,77.18,77.18,44885
ESTX,20211129,76,76.76,74.85,76.76,46550
ESTX,20211130,77,77.01,76.23,76.24,949
ESTX,20211201,76.2,76.2,75.57,75.75,1237
ESTX,20211202,76.5,76.94,76.44,76.94,198
ESTX,20211203,76.72,77.14,76.7,77.14,5047
ESTX,20211206,77.03,77.16,77.02,77.16,723
ESTX,20211207,77.68,77.68,77.68,77.68,18
ESTX,20211208,78,79.22,78,79.22,510
ESTX,20211209,79.22,79.22,78.28,78.28,724
ESTX,20211210,78.28,78.28,77.37,77.44,1983
ESTX,20211213,77.5,77.6,77.39,77.39,15783
ESTX,20211214,77,77.65,76.99,77.65,18820
ESTX,20211216,77.53,78.01,76.87,78.01,1243
ESTX,20211217,77.77,77.77,77.28,77.28,4403
ESTX,20211220,77,77,75.82,76.18,1021
ESTX,20211221,76.2,77.07,76.2,77.07,7987
ESTX,20211222,78,78,77.25,77.25,895
ESTX,20211223,77.63,77.83,77.56,77.83,423
ESTX,20211224,78,78.13,78,78.13,260
ESTX,20211229,78.13,78.13,78.13,78.13,0
ESTX,20211230,78.44,78.44,78.44,78.44,71
ESTX,20211231,78.57,78.57,77.85,77.85,8
ESTX,20220104,79.48,79.48,79.2,79.3,458
ESTX,20220105,80,80,79.12,79.22,405
ESTX,20220106,79.24,79.25,79,79.01,100
ESTX,20220107,79.5,79.5,79.48,79.48,726
ESTX,20220110,79.4,79.4,79.1,79.1,834
ESTX,20220111,78.38,78.73,78.38,78.73,354
ESTX,20220112,78.7,79.13,78.7,79.11,164
ESTX,20220113,79.11,79.11,78.88,78.88,68
ESTX,20220114,78.08,78.67,78.08,78.35,609
ESTX,20220117,78.4,79.56,78.4,79.1,132
ESTX,20220118,79.49,79.49,79.16,79.16,381
ESTX,20220119,79,79,77.95,78.03,9952
ESTX,20220120,77.92,78.02,77.68,78.02,3416
ESTX,20220121,77.66,77.66,77.43,77.62,1469
ESTX,20220124,77.2,77.2,77.2,77.2,2
ESTX,20220125,76,76.07,75.56,75.58,2276
ESTX,20220127,77,77,74.78,74.78,317
ESTX,20220128,77.34,77.34,76.96,77.05,88
ESTX,20220131,77.36,77.69,77.36,77.69,131
ESTX,20220201,77.65,77.84,77.45,77.81,6760
ESTX,20220202,78.29,78.33,77.92,78.24,892
ESTX,20220203,77.85,77.85,77.54,77.82,370
ESTX,20220204,78.39,78.39,76.81,77.49,9557
ESTX,20220207,77,77.5,77,77.11,718
ESTX,20220208,77.11,77.11,77.02,77.02,73
ESTX,20220209,77.3,77.44,77.16,77.34,344
ESTX,20220210,78.23,78.23,77.99,77.99,437
ESTX,20220211,77.4,77.4,77.1,77.19,145
ESTX,20220214,76.76,76.76,75.64,75.75,503
ESTX,20220215,74.95,75.11,74.95,75.1,322
ESTX,20220216,76.49,76.76,76.49,76.49,846
ESTX,20220217,76.25,76.26,75.83,75.83,256
ESTX,20220218,75.5,75.71,75.5,75.71,887
ESTX,20220221,75,75.05,75,75.05,150
ESTX,20220222,72.19,72.51,71.95,72.35,2250
ESTX,20220223,72.35,73.05,72.35,73.05,9
ESTX,20220224,73.06,73.06,69.56,69.9,6968
ESTX,20220225,69.79,71.04,69.79,70.95,7956
ESTX,20220228,73.81,73.81,68.78,69.4,14990
ESTX,20220301,70.8,70.8,70,70.2,1095
ESTX,20220302,70.12,70.12,67.15,67.2,2417
ESTX,20220303,67.96,68.01,67.8,67.8,3928
ESTX,20220304,67.2,67.2,63.76,63.9,1533
ESTX,20220307,66,66,58.82,59.4,9609
ESTX,20220308,59.92,60.47,59.89,60.27,59836
ESTX,20220309,62.13,63.1,62.1,63.09,43537
ESTX,20220310,66.18,66.35,65.8,65.8,4971
ESTX,20220311,66,66,63.48,63.57,5154
ESTX,20220314,64.18,65.53,64.05,65.1,13122
ESTX,20220315,66.25,66.6,66.24,66.34,34250
ESTX,20220316,0,0,0,0,0
ESTX,20220317,69.07,69.14,68.72,68.76,6082
ESTX,20220318,67.85,68.06,67.6,67.88,21655
ESTX,20220321,69,69,67.37,67.37,981
ESTX,20220322,67.67,67.78,67,67.28,4836
ESTX,20220323,67.96,68.12,67.9,68.12,2728
ESTX,20220324,67,67,65.84,66.44,1593
ESTX,20220325,66.38,66.45,66.31,66.33,5455
ESTX,20220328,66.51,66.51,65.9,65.9,7331
ESTX,20220329,67.27,67.41,67.27,67.41,312
ESTX,20220330,69.18,69.22,68.7,68.7,11634
ESTX,20220331,68.81,69.01,68.61,69.01,1766
ESTX,20220401,68.8,68.8,67.16,67.48,1779
ESTX,20220404,67.42,67.48,67.34,67.43,2371
ESTX,20220405,67.44,67.44,66.49,66.49,2711
ESTX,20220406,66,66,65.34,65.41,558
ESTX,20220407,65.22,65.22,64.65,65.06,1733
ESTX,20220408,64.98,64.98,64.82,64.83,1042
ESTX,20220411,65.74,65.79,65.22,65.22,1908
ESTX,20220412,65.48,65.48,64.79,64.79,491
ESTX,20220413,64.95,64.95,64.86,64.86,265
ESTX,20220414,65.5,65.87,65.49,65.87,341
ESTX,20220419,66,66,65.47,65.48,775
ESTX,20220420,65.48,65.9,65.42,65.49,13274
ESTX,20220421,65.48,65.9,65.42,65.49,13274
ESTX,20220422,66.38,66.5,66.35,66.5,504
ESTX,20220426,66.5,66.55,66.33,66.34,1141
ESTX,20220427,64.55,64.6,64.4,64.6,4738
ESTX,20220428,65.21,65.41,64.93,65.2,14510
ESTX,20220429,65.46,66.08,65.45,66.04,59720
ESTX,20220502,67,67,65.45,65.63,4571
ESTX,20220503,65.5,65.76,65.43,65.6,4046
ESTX,20220504,65.52,65.67,65.37,65.38,978
ESTX,20220505,65.84,65.99,65.73,65.99,677
ESTX,20220506,65.9,65.9,64.21,64.27,4628
ESTX,20220509,63.71,63.71,63.67,63.67,281
ESTX,20220510,63.61,63.68,63.22,63.65,11801
ESTX,20220511,64.12,64.33,64.04,64.33,2989
ESTX,20220512,63.99,64.34,63.99,64.33,1292
ESTX,20220513,64.81,65.41,64.81,65.34,10677
ESTX,20220516,65.83,65.95,65.81,65.93,1314
ESTX,20220517,65.55,65.55,65.55,65.55,509
ESTX,20220518,66.8,66.8,66.55,66.61,12184
ESTX,20220519,64.92,65.08,64.92,64.94,682
ESTX,20220520,65.12,65.51,65.12,65.51,13106
ESTX,20220523,65.55,65.58,65.29,65.44,7330
ESTX,20220524,65.9,66.03,65.86,65.86,6056
ESTX,20220525,65.97,65.99,65.9,65.94,1490
ESTX,20220526,66.11,66.11,65.94,66,3388
ESTX,20220527,67.14,67.14,66.9,66.9,175
ESTX,20220530,67.9,68.05,67.9,68.05,2018
ESTX,20220531,68.18,68.28,68.06,68.06,3125
ESTX,20220601,67.44,67.56,67.44,67.49,4027
ESTX,20220602,66.27,66.59,66.27,66.59,940
ESTX,20220603,67.42,67.42,67.19,67.21,90
ESTX,20220606,67.2,67.2,67.08,67.12,939
ESTX,20220607,67.24,67.43,67.12,67.12,1290
ESTX,20220608,67.14,67.42,67.12,67.42,520
ESTX,20220609,66.57,66.73,66.57,66.7,1570
ESTX,20220610,65.58,65.66,65.58,65.66,1123
ESTX,20220614,62.83,63.14,62.5,63.14,13601
ESTX,20220615,62.59,62.72,62.57,62.67,1425
ESTX,20220616,63.21,63.28,63,63.07,19560
ESTX,20220617,61.28,61.8,61.14,61.7,11468
ESTX,20220620,63.18,63.18,61.68,61.73,10294
ESTX,20220621,62.25,62.64,62.25,62.64,418
ESTX,20220622,62.64,62.64,62.15,62.3,2596
ESTX,20220623,62.79,62.91,62.72,62.9,3125
ESTX,20220624,63.04,63.14,62.9,63.09,1862
ESTX,20220627,64.22,64.61,64.21,64.38,2789
ESTX,20220628,64.14,64.3,64.02,64.16,3945
ESTX,20220629,63.7,63.86,63.7,63.85,1151
ESTX,20220630,61.11,61.11,60.82,60.85,704
ESTX,20220701,60.38,60.38,60.33,60.33,216
ESTX,20220704,61,61.15,60.82,60.86,974
ESTX,20220705,60.6,60.74,60.54,60.74,6069
ESTX,20220706,60.74,60.74,59.07,59.17,2347
ESTX,20220707,59.25,59.53,59.19,59.53,898
ESTX,20220708,59.53,59.75,59.53,59.61,948
ESTX,20220711,59.64,59.64,58.93,58.93,1056
ESTX,20220712,59.56,59.56,58.96,59.01,1072
ESTX,20220713,59.11,59.39,59.11,59.18,747
ESTX,20220714,58.97,59.05,58.86,58.86,1865
ESTX,20220715,58.5,58.71,58.46,58.62,1259
ESTX,20220718,59.24,59.75,59.24,59.75,559
ESTX,20220719,59.71,59.71,59.31,59.31,1183
ESTX,20220720,60.39,61.6,60.39,61.21,685
ESTX,20220721,60.57,60.98,60.57,60.98,2542
ESTX,20220722,60.96,63.52,60.84,60.84,288
ESTX,20220725,60.73,60.75,60.62,60.65,748
ESTX,20220726,60.87,60.87,60.55,60.73,5145
ESTX,20220727,60.73,60.73,59.89,60.43,16580
ESTX,20220728,61.03,61.03,60.6,60.92,2936
ESTX,20220729,61.5,61.65,61.39,61.56,2321
ESTX,20220801,62.42,62.42,62.06,62.06,500
ESTX,20220802,62.16,62.51,62,62.51,1273
ESTX,20220803,62.51,62.51,62.05,62.15,1069
ESTX,20220805,63.49,63.54,63.36,63.36,2687
ESTX,20220808,63.24,63.25,63.1,63.18,4882
ESTX,20220809,62.98,63.07,62.98,63.07,425
ESTX,20220810,62.8,62.8,62.48,62.58,6217
ESTX,20220811,62.89,63,62.84,62.84,951
ESTX,20220812,62.63,62.63,62.56,62.56,706
ESTX,20220815,62.87,63.07,62.87,63.07,766
ESTX,20220816,63.22,63.31,63.22,63.22,2132
ESTX,20220817,63.75,63.85,63.75,63.79,1085
ESTX,20220818,63.89,63.89,63.35,63.35,5618
ESTX,20220819,63.35,63.44,63.2,63.2,1007
ESTX,20220822,62.25,62.37,62.16,62.19,17007
ESTX,20220823,60.74,60.74,60.36,60.44,5178
ESTX,20220824,60.35,60.35,60.2,60.33,2203
ESTX,20220825,60.76,60.82,60.69,60.69,1156
ESTX,20220826,60.69,60.82,60.69,60.69,4426
ESTX,20220829,60,60,58.62,59,26982
ESTX,20220830,59.57,59.74,59.57,59.74,1972
ESTX,20220831,59.78,59.95,59.78,59.95,3084
ESTX,20220901,59.27,59.27,58.95,58.95,3932
ESTX,20220902,58.69,58.8,58.68,58.8,994
ESTX,20220905,59,59,57.7,57.7,2051
ESTX,20220906,58.63,58.71,58.53,58.69,3254
ESTX,20220907,58.73,58.73,58.53,58.53,3150
ESTX,20220909,60,60,59.58,59.58,1373
ESTX,20220912,60.65,60.96,60.64,60.91,1208
ESTX,20220913,61.67,61.73,61.63,61.72,1505
ESTX,20220914,60.59,60.82,60.5,60.73,3321
ESTX,20220915,60.66,60.66,60.48,60.54,1462
ESTX,20220916,60.38,60.45,60,60,3313
