ETHI,20170109,6.06,6.07,6.06,6.07,885185
ETHI,20170110,6.02,6.02,6.02,6.02,330
ETHI,20170111,6.05,6.05,6.03,6.03,60602
ETHI,20170112,6.03,6.03,6.03,6.03,0
ETHI,20170113,5.95,5.95,5.95,5.95,1000
ETHI,20170116,5.95,5.95,5.95,5.95,0
ETHI,20170117,5.97,5.98,5.96,5.96,9140
ETHI,20170118,5.92,5.93,5.92,5.92,100650
ETHI,20170119,5.94,5.95,5.94,5.95,83478
ETHI,20170120,5.92,5.92,5.91,5.91,27801
ETHI,20170123,5.91,5.91,5.89,5.9,54138
ETHI,20170124,5.88,5.89,5.87,5.88,62389
ETHI,20170125,5.89,5.89,5.89,5.89,19654
ETHI,20170127,5.96,5.96,5.96,5.96,11106
ETHI,20170130,5.96,5.96,5.92,5.92,37827
ETHI,20170131,5.92,5.92,5.9,5.9,36191
ETHI,20170201,5.91,5.91,5.91,5.91,5650
ETHI,20170202,5.9,5.9,5.9,5.9,5100
ETHI,20170203,5.83,5.84,5.83,5.84,19052
ETHI,20170206,5.84,5.84,5.84,5.84,0
ETHI,20170207,5.86,5.87,5.85,5.86,40059
ETHI,20170208,5.89,5.89,5.89,5.89,9781
ETHI,20170209,5.89,5.89,5.89,5.89,0
ETHI,20170210,5.95,5.96,5.95,5.95,24916
ETHI,20170213,5.95,5.95,5.95,5.95,134
ETHI,20170214,5.98,6,5.98,5.99,22462
ETHI,20170215,6,6,6,6,46120
ETHI,20170216,6,6,6,6,19026
ETHI,20170217,6.01,6.01,6,6.01,11614
ETHI,20170220,6.05,6.05,6.05,6.05,1350
ETHI,20170221,6.05,6.05,6.05,6.05,11372
ETHI,20170222,6.06,6.06,6.05,6.05,22414
ETHI,20170223,6.05,6.05,6.05,6.05,8977
ETHI,20170224,6.04,6.05,6.04,6.05,17223
ETHI,20170227,6.09,6.09,6.07,6.09,21319
ETHI,20170228,6.08,6.08,6.08,6.08,24561
ETHI,20170301,6.08,6.08,6.08,6.08,7300
ETHI,20170302,6.13,6.14,6.13,6.14,80213
ETHI,20170303,6.2,6.2,6.19,6.19,18460
ETHI,20170306,6.19,6.19,6.15,6.18,6943
ETHI,20170307,6.17,6.17,6.15,6.16,13454
ETHI,20170308,6.14,6.14,6.13,6.13,18242
ETHI,20170309,6.19,6.22,6.19,6.22,13752
ETHI,20170310,6.25,6.25,6.25,6.25,1925
ETHI,20170313,6.25,6.25,6.25,6.25,0
ETHI,20170314,6.23,6.23,6.21,6.21,3080
ETHI,20170315,6.21,6.21,6.2,6.21,27772
ETHI,20170316,6.17,6.17,6.15,6.17,40880
ETHI,20170317,6.17,6.18,6.17,6.17,5181
ETHI,20170320,6.16,6.16,6.15,6.15,9139
ETHI,20170321,6.12,6.13,6.12,6.13,8262
ETHI,20170322,6.09,6.1,6.08,6.09,23541
ETHI,20170323,6.13,6.13,6.13,6.13,6855
ETHI,20170324,6.17,6.17,6.17,6.17,9162
ETHI,20170327,6.17,6.17,6.15,6.15,21443
ETHI,20170328,6.2,6.21,6.2,6.21,66342
ETHI,20170329,6.2,6.2,6.2,6.2,9021
ETHI,20170330,6.2,6.2,6.2,6.2,8324
ETHI,20170331,6.2,6.2,6.19,6.2,5812
ETHI,20170403,6.2,6.23,6.2,6.23,24634
ETHI,20170404,6.22,6.22,6.2,6.21,27190
ETHI,20170405,6.26,6.26,6.24,6.25,23124
ETHI,20170406,6.22,6.23,6.22,6.23,138712
ETHI,20170407,6.26,6.26,6.23,6.25,14699
ETHI,20170410,6.28,6.3,6.28,6.3,21856
ETHI,20170411,6.29,6.29,6.28,6.29,12479
ETHI,20170412,6.28,6.29,6.28,6.29,22649
ETHI,20170413,6.25,6.26,6.21,6.21,47232
ETHI,20170418,6.22,6.23,6.22,6.23,22460
ETHI,20170419,6.22,6.25,6.22,6.25,25056
ETHI,20170420,6.28,6.28,6.28,6.28,17665
ETHI,20170421,6.31,6.31,6.3,6.31,17636
ETHI,20170424,6.31,6.31,6.31,6.31,0
ETHI,20170426,6.39,6.42,6.39,6.41,124813
ETHI,20170427,6.44,6.46,6.43,6.46,13243
ETHI,20170428,6.5,6.52,6.49,6.5,53124
ETHI,20170501,6.49,6.49,6.49,6.49,6326
ETHI,20170502,6.47,6.47,6.45,6.46,36801
ETHI,20170503,6.49,6.5,6.49,6.5,4282
ETHI,20170504,6.57,6.58,6.57,6.57,68327
ETHI,20170505,6.6,6.62,6.6,6.62,18653
ETHI,20170508,6.64,6.65,6.63,6.65,23526
ETHI,20170509,6.65,6.67,6.64,6.67,16837
ETHI,20170510,6.68,6.68,6.67,6.67,54055
ETHI,20170511,6.67,6.69,6.67,6.69,22616
ETHI,20170512,6.66,6.66,6.65,6.65,27060
ETHI,20170515,6.67,6.67,6.66,6.67,16762
ETHI,20170516,6.66,6.66,6.65,6.66,93800
ETHI,20170517,6.63,6.64,6.63,6.64,10531
ETHI,20170518,6.57,6.57,6.54,6.55,110169
ETHI,20170519,6.59,6.59,6.59,6.59,14229
ETHI,20170522,6.63,6.63,6.62,6.63,16826
ETHI,20170523,6.63,6.63,6.61,6.61,11710
ETHI,20170524,6.65,6.65,6.65,6.65,124150
ETHI,20170525,6.65,6.66,6.65,6.66,24676
ETHI,20170526,6.72,6.74,6.72,6.73,15752
ETHI,20170529,6.72,6.74,6.72,6.74,52430
ETHI,20170530,6.73,6.74,6.72,6.73,57925
ETHI,20170531,6.72,6.73,6.7,6.72,35470
ETHI,20170601,6.74,6.78,6.74,6.77,124909
ETHI,20170602,6.85,6.85,6.82,6.85,19665
ETHI,20170605,6.8,6.8,6.78,6.8,219054
ETHI,20170606,6.78,6.78,6.75,6.75,26664
ETHI,20170607,6.72,6.72,6.69,6.7,226186
ETHI,20170608,6.7,6.7,6.69,6.69,22270
ETHI,20170609,6.69,6.7,6.69,6.7,12960
ETHI,20170613,6.66,6.66,6.6,6.61,46141
ETHI,20170614,6.65,6.66,6.64,6.64,134301
ETHI,20170615,6.6,6.6,6.56,6.57,78459
ETHI,20170616,6.57,6.58,6.56,6.57,144020
ETHI,20170619,6.55,6.56,6.55,6.55,67803
ETHI,20170620,6.63,6.64,6.6,6.6,63746
ETHI,20170621,6.6,6.61,6.6,6.61,134180
ETHI,20170622,6.64,6.64,6.63,6.64,24098
ETHI,20170623,6.65,6.65,6.64,6.64,51353
ETHI,20170626,6.62,6.63,6.62,6.63,44132
ETHI,20170627,6.62,6.62,6.6,6.6,24772
ETHI,20170628,6.58,6.58,6.53,6.55,63163
ETHI,20170629,6.58,6.59,6.55,6.58,123977
ETHI,20170630,6.46,6.46,6.43,6.43,118619
ETHI,20170703,6.5,6.5,6.39,6.41,25607
ETHI,20170704,6.38,6.4,6.36,6.4,81752
ETHI,20170705,6.41,6.41,6.4,6.4,74757
ETHI,20170706,6.46,6.46,6.44,6.44,34129
ETHI,20170707,6.42,6.43,6.41,6.41,46789
ETHI,20170710,6.43,6.45,6.43,6.45,101749
ETHI,20170711,6.45,6.45,6.44,6.45,6385
ETHI,20170712,6.44,6.44,6.41,6.42,127262
ETHI,20170713,6.46,6.47,6.45,6.45,112842
ETHI,20170714,6.42,6.42,6.41,6.41,129808
ETHI,20170717,6.42,6.42,6.4,6.4,106295
ETHI,20170718,6.41,6.41,6.32,6.32,150841
ETHI,20170719,6.32,6.32,6.31,6.31,78128
ETHI,20170720,6.31,6.34,6.31,6.32,25110
ETHI,20170721,6.35,6.39,6.34,6.38,190329
ETHI,20170724,6.36,6.36,6.35,6.36,83300
ETHI,20170725,6.35,6.36,6.34,6.34,46448
ETHI,20170726,6.35,6.37,6.35,6.37,27413
ETHI,20170727,6.32,6.33,6.28,6.29,74272
ETHI,20170728,6.31,6.31,6.3,6.31,213848
ETHI,20170731,6.32,6.33,6.3,6.3,46422
ETHI,20170801,6.3,6.32,6.3,6.31,386275
ETHI,20170802,6.37,6.39,6.37,6.38,224494
ETHI,20170803,6.39,6.41,6.39,6.41,167840
ETHI,20170804,6.39,6.4,6.38,6.38,264527
ETHI,20170807,6.41,6.42,6.4,6.42,197278
ETHI,20170808,6.44,6.44,6.43,6.44,21318
ETHI,20170809,6.44,6.45,6.44,6.44,173517
ETHI,20170810,6.45,6.45,6.44,6.45,118834
ETHI,20170811,6.37,6.38,6.36,6.37,276986
ETHI,20170815,6.47,6.47,6.46,6.47,53903
ETHI,20170816,6.48,6.48,6.47,6.47,42827
ETHI,20170817,6.42,6.42,6.41,6.41,213864
ETHI,20170818,6.36,6.37,6.35,6.37,233424
ETHI,20170821,6.34,6.34,6.31,6.33,220532
ETHI,20170822,6.32,6.33,6.32,6.33,195369
ETHI,20170823,6.41,6.41,6.4,6.4,183823
ETHI,20170824,6.37,6.37,6.36,6.37,45249
ETHI,20170825,6.39,6.39,6.37,6.38,124417
ETHI,20170828,6.36,6.36,6.35,6.35,18990
ETHI,20170829,6.34,6.35,6.33,6.35,40890
ETHI,20170830,6.39,6.39,6.34,6.34,22993
ETHI,20170831,6.43,6.43,6.42,6.43,108400
ETHI,20170901,6.43,6.44,6.42,6.42,8096
ETHI,20170904,6.4,6.4,6.39,6.39,13266
ETHI,20170905,6.41,6.41,6.39,6.39,6485
ETHI,20170906,6.35,6.37,6.35,6.37,19836
ETHI,20170907,6.37,6.38,6.37,6.38,19144
ETHI,20170908,6.36,6.37,6.33,6.33,53252
ETHI,20170911,6.4,6.4,6.4,6.4,7289
ETHI,20170912,6.46,6.47,6.46,6.46,47170
ETHI,20170913,6.47,6.47,6.45,6.45,16580
ETHI,20170914,6.47,6.47,6.45,6.45,11071
ETHI,20170915,6.44,6.45,6.43,6.45,31542
ETHI,20170918,6.46,6.46,6.45,6.46,32530
ETHI,20170919,6.48,6.5,6.48,6.5,6246
ETHI,20170920,6.46,6.47,6.45,6.45,3246
ETHI,20170921,6.44,6.46,6.44,6.46,35614
ETHI,20170922,6.49,6.49,6.48,6.48,7425
ETHI,20170925,6.46,6.46,6.45,6.45,21609
ETHI,20170926,6.43,6.43,6.42,6.42,22481
ETHI,20170927,6.48,6.48,6.48,6.48,97
ETHI,20170928,6.51,6.53,6.51,6.53,41462
ETHI,20170929,6.53,6.55,6.53,6.55,37431
ETHI,20171002,6.58,6.59,6.58,6.59,11447
ETHI,20171003,6.6,6.65,6.6,6.65,28508
ETHI,20171004,6.63,6.64,6.6,6.62,27888
ETHI,20171005,6.61,6.65,6.61,6.65,28158
ETHI,20171006,6.69,6.73,6.69,6.73,18450
ETHI,20171009,6.72,6.73,6.71,6.73,6986
ETHI,20171010,6.72,6.72,6.7,6.71,15880
ETHI,20171011,6.72,6.73,6.7,6.72,6408
ETHI,20171012,6.72,6.72,6.71,6.71,15765
ETHI,20171013,6.69,6.69,6.68,6.68,9223
ETHI,20171016,6.67,6.68,6.67,6.68,3797
ETHI,20171017,6.69,6.7,6.68,6.69,28740
ETHI,20171018,6.69,6.69,6.69,6.69,45011
ETHI,20171019,6.68,6.68,6.68,6.68,3791
ETHI,20171020,6.66,6.71,6.66,6.71,470596
ETHI,20171023,6.73,6.74,6.71,6.73,718972
ETHI,20171024,6.72,6.73,6.72,6.72,200157
ETHI,20171025,6.75,6.8,6.75,6.8,522228
ETHI,20171026,6.82,6.82,6.81,6.81,19906
ETHI,20171027,6.85,6.86,6.84,6.85,65464
ETHI,20171030,6.87,6.89,6.87,6.89,17676
ETHI,20171031,6.88,6.89,6.88,6.89,49120
ETHI,20171101,6.92,6.93,6.92,6.93,5774
ETHI,20171102,6.92,6.92,6.88,6.88,220586
ETHI,20171103,6.91,6.93,6.91,6.92,12835
ETHI,20171106,6.99,6.99,6.97,6.97,5951
ETHI,20171107,6.97,6.99,6.97,6.98,85741
ETHI,20171108,6.99,6.99,6.99,6.99,44850
ETHI,20171109,6.99,7.02,6.99,7,79013
ETHI,20171110,6.99,7.02,6.99,7,79013
ETHI,20171113,7.01,7.01,7,7,44656
ETHI,20171114,7.02,7.04,7.01,7.02,27775
ETHI,20171115,7.03,7.05,7.02,7.05,20284
ETHI,20171116,7.02,7.03,7.01,7.03,44292
ETHI,20171117,7.1,7.1,7.07,7.07,23445
ETHI,20171120,7.1,7.1,7.08,7.08,7627
ETHI,20171121,7.13,7.15,7.12,7.15,32084
ETHI,20171122,7.18,7.19,7.17,7.18,35302
ETHI,20171123,7.13,7.14,7.13,7.13,15952
ETHI,20171124,7.13,7.13,7.12,7.12,11301
ETHI,20171127,7.15,7.17,7.15,7.16,6106
ETHI,20171128,7.16,7.16,7.14,7.14,44716
ETHI,20171129,7.19,7.21,7.18,7.2,60297
ETHI,20171130,7.14,7.14,7.12,7.12,9959
ETHI,20171201,7.17,7.18,7.17,7.17,6326
ETHI,20171204,7.16,7.18,7.16,7.16,47232
ETHI,20171205,7.05,7.06,7.02,7.02,158318
ETHI,20171206,7.04,7.06,7.03,7.05,66367
ETHI,20171207,7.07,7.12,7.07,7.11,343668
ETHI,20171208,7.17,7.18,7.17,7.17,441435
ETHI,20171211,7.19,7.2,7.18,7.18,13961
ETHI,20171212,7.21,7.21,7.21,7.21,12809
ETHI,20171213,7.17,7.17,7.14,7.14,111979
ETHI,20171214,7.12,7.12,7.08,7.08,26166
ETHI,20171215,7.06,7.06,7.04,7.06,245957
ETHI,20171218,7.13,7.14,7.12,7.12,58165
ETHI,20171219,7.16,7.16,7.15,7.15,34989
ETHI,20171220,7.13,7.14,7.13,7.14,11585
ETHI,20171221,7.1,7.11,7.1,7.11,17194
ETHI,20171222,7.09,7.09,7.08,7.09,58507
ETHI,20171227,7.07,7.07,7.04,7.04,5991
ETHI,20171228,7.03,7.03,7.01,7.02,20211
ETHI,20171229,7.02,7.03,7.02,7.02,1125
ETHI,20180102,6.97,6.97,6.96,6.97,4303
ETHI,20180103,7,7.04,7,7.04,14263
ETHI,20180104,7.06,7.1,7.06,7.09,407878
ETHI,20180105,7.1,7.1,7.1,7.1,787
ETHI,20180108,7.14,7.17,7.14,7.17,3784
ETHI,20180109,7.17,7.19,7.15,7.15,18554
ETHI,20180110,7.2,7.21,7.2,7.2,15063
ETHI,20180111,7.17,7.17,7.13,7.14,91448
ETHI,20180112,7.15,7.16,7.15,7.16,12898
ETHI,20180115,7.2,7.2,7.19,7.19,8677
ETHI,20180116,7.17,7.17,7.15,7.16,49476
ETHI,20180117,7.16,7.16,7.12,7.15,14570
ETHI,20180118,7.21,7.21,7.2,7.2,2738
ETHI,20180119,7.19,7.19,7.16,7.17,20193
ETHI,20180122,7.22,7.24,7.21,7.24,13323
ETHI,20180123,7.28,7.3,7.28,7.3,27914
ETHI,20180124,7.33,7.34,7.32,7.32,3782
ETHI,20180125,7.27,7.27,7.24,7.24,22406
ETHI,20180129,7.3,7.31,7.3,7.31,10506
ETHI,20180130,7.25,7.28,7.21,7.21,22578
ETHI,20180131,7.2,7.24,7.18,7.23,96014
ETHI,20180201,7.23,7.26,7.23,7.25,58310
ETHI,20180202,7.23,7.24,7.21,7.23,82706
ETHI,20180205,7.2,7.2,7.13,7.14,95705
ETHI,20180207,7.02,7.07,7.02,7.05,235672
ETHI,20180208,7.06,7.06,7.02,7.05,88261
ETHI,20180209,6.93,6.94,6.89,6.94,41641
ETHI,20180212,6.97,6.98,6.96,6.97,4063
ETHI,20180213,7,7,6.97,6.97,58382
ETHI,20180214,7.01,7.01,6.96,6.99,11994
ETHI,20180215,7.05,7.05,7.03,7.05,31623
ETHI,20180216,7.12,7.15,7.12,7.15,11710
ETHI,20180219,7.15,7.19,7.15,7.17,5642
ETHI,20180220,7.16,7.17,7.12,7.15,14942
ETHI,20180221,7.17,7.2,7.15,7.17,9918
ETHI,20180222,7.15,7.18,7.15,7.15,16102
ETHI,20180223,7.19,7.21,7.18,7.21,77313
ETHI,20180226,7.27,7.29,7.27,7.28,419305
ETHI,20180227,7.35,7.37,7.35,7.36,20681
ETHI,20180228,7.33,7.35,7.31,7.34,112714
ETHI,20180301,7.31,7.33,7.29,7.31,18476
ETHI,20180302,7.2,7.2,7.17,7.17,15209
ETHI,20180305,7.2,7.22,7.2,7.21,419855
ETHI,20180306,7.31,7.31,7.29,7.29,104189
ETHI,20180307,7.24,7.24,7.21,7.21,65751
ETHI,20180308,7.3,7.3,7.29,7.3,515297
ETHI,20180309,7.35,7.37,7.35,7.36,448120
ETHI,20180312,7.41,7.42,7.4,7.42,27383
ETHI,20180313,7.4,7.4,7.38,7.4,121784
ETHI,20180314,7.35,7.35,7.32,7.33,130171
ETHI,20180315,7.34,7.35,7.32,7.35,208879
ETHI,20180316,7.42,7.43,7.41,7.41,549932
ETHI,20180319,7.46,7.48,7.46,7.48,3890
ETHI,20180320,7.4,7.42,7.39,7.41,71534
ETHI,20180321,7.44,7.44,7.42,7.44,70029
ETHI,20180322,7.34,7.37,7.34,7.37,54629
ETHI,20180323,7.23,7.23,7.18,7.18,305411
ETHI,20180326,7.1,7.13,7.1,7.12,172556
ETHI,20180327,7.24,7.28,7.24,7.28,111695
ETHI,20180328,7.17,7.17,7.15,7.15,13697
ETHI,20180329,7.16,7.16,7.14,7.14,26804
ETHI,20180403,7.1,7.11,7.07,7.07,26979
ETHI,20180404,7.13,7.13,7.1,7.11,12534
ETHI,20180405,7.18,7.23,7.18,7.23,156488
ETHI,20180406,7.19,7.19,7.15,7.18,12980
ETHI,20180409,7.14,7.14,7.12,7.14,27162
ETHI,20180410,7.14,7.18,7.14,7.18,36451
ETHI,20180411,7.17,7.17,7.15,7.17,26887
ETHI,20180412,7.16,7.18,7.15,7.18,28281
ETHI,20180413,7.19,7.19,7.17,7.17,26003
ETHI,20180416,7.2,7.2,7.18,7.19,7964
ETHI,20180417,7.2,7.23,7.2,7.23,37655
ETHI,20180418,7.29,7.31,7.29,7.31,14050
ETHI,20180419,7.29,7.3,7.27,7.27,76885
ETHI,20180420,7.24,7.27,7.24,7.26,37344
ETHI,20180423,7.27,7.27,7.24,7.24,7084
ETHI,20180424,7.31,7.31,7.3,7.31,13395
ETHI,20180426,7.31,7.31,7.26,7.26,102587
ETHI,20180427,7.39,7.39,7.39,7.39,107817
ETHI,20180430,7.38,7.38,7.37,7.38,113108
ETHI,20180501,7.4,7.4,7.36,7.37,131372
ETHI,20180502,7.46,7.46,7.42,7.42,72280
ETHI,20180503,7.42,7.43,7.38,7.38,92743
ETHI,20180504,7.4,7.4,7.37,7.37,22013
ETHI,20180507,7.5,7.51,7.47,7.49,25563
ETHI,20180508,7.51,7.54,7.51,7.54,20169
ETHI,20180509,7.61,7.62,7.6,7.62,17106
ETHI,20180510,7.63,7.65,7.63,7.65,30448
ETHI,20180511,7.63,7.63,7.62,7.63,75129
ETHI,20180514,7.65,7.65,7.63,7.65,12153
ETHI,20180515,7.66,7.66,7.64,7.64,35619
ETHI,20180516,7.64,7.66,7.64,7.64,16053
ETHI,20180517,7.64,7.64,7.59,7.61,91955
ETHI,20180518,7.64,7.64,7.63,7.63,11505
ETHI,20180521,7.65,7.65,7.63,7.64,30053
ETHI,20180522,7.59,7.6,7.57,7.58,122351
ETHI,20180523,7.58,7.58,7.57,7.57,39035
ETHI,20180524,7.59,7.59,7.57,7.58,64453
ETHI,20180525,7.59,7.61,7.59,7.61,14509
ETHI,20180528,7.62,7.62,7.6,7.61,74333
ETHI,20180529,7.61,7.63,7.61,7.62,46851
ETHI,20180530,7.59,7.59,7.57,7.57,88366
ETHI,20180531,7.57,7.57,7.57,7.57,4650
ETHI,20180601,7.56,7.57,7.55,7.57,14753
ETHI,20180604,7.6,7.61,7.59,7.59,2988
ETHI,20180605,7.6,7.6,7.58,7.6,129698
ETHI,20180606,7.63,7.63,7.6,7.61,102572
ETHI,20180607,7.66,7.68,7.66,7.68,152250
ETHI,20180608,7.67,7.67,7.65,7.65,240236
ETHI,20180612,7.7,7.71,7.68,7.69,563583
ETHI,20180613,7.76,7.78,7.76,7.77,11171
ETHI,20180614,7.75,7.78,7.75,7.77,13888
ETHI,20180615,7.88,7.89,7.87,7.88,101610
ETHI,20180618,7.91,7.91,7.87,7.87,25392
ETHI,20180619,7.88,7.88,7.85,7.86,34952
ETHI,20180620,7.89,7.89,7.86,7.89,122014
ETHI,20180621,7.94,7.97,7.94,7.97,210650
ETHI,20180622,7.88,7.88,7.86,7.88,49342
ETHI,20180625,7.82,7.82,7.79,7.79,222328
ETHI,20180626,7.72,7.72,7.69,7.72,82637
ETHI,20180627,7.75,7.77,7.75,7.76,230372
ETHI,20180628,7.72,7.72,7.69,7.7,441701
ETHI,20180629,7.74,7.74,7.72,7.72,447735
ETHI,20180702,7.65,7.65,7.57,7.57,26466
ETHI,20180703,7.66,7.66,7.64,7.64,12220
ETHI,20180704,7.6,7.6,7.55,7.55,18637
ETHI,20180705,7.59,7.59,7.59,7.59,13826
ETHI,20180706,7.6,7.65,7.6,7.64,19810
ETHI,20180710,7.7,7.72,7.7,7.7,28203
ETHI,20180711,7.7,7.72,7.69,7.72,85951
ETHI,20180712,7.77,7.77,7.74,7.76,77135
ETHI,20180713,7.8,7.82,7.8,7.82,17938
ETHI,20180716,7.81,7.81,7.78,7.79,55067
ETHI,20180717,7.78,7.78,7.72,7.72,52835
ETHI,20180718,7.81,7.85,7.81,7.84,7089
ETHI,20180719,7.85,7.85,7.81,7.83,20430
ETHI,20180720,7.85,7.87,7.84,7.84,47402
ETHI,20180723,7.8,7.8,7.78,7.78,33353
ETHI,20180724,7.85,7.87,7.85,7.87,52232
ETHI,20180725,7.8,7.82,7.78,7.81,39564
ETHI,20180726,7.81,7.85,7.81,7.85,167779
ETHI,20180727,7.89,7.91,7.89,7.9,119540
ETHI,20180730,7.79,7.79,7.77,7.77,35701
ETHI,20180731,7.72,7.72,7.69,7.69,72273
ETHI,20180801,7.72,7.73,7.71,7.73,235227
ETHI,20180802,7.75,7.76,7.74,7.75,40188
ETHI,20180803,7.85,7.85,7.83,7.84,95268
ETHI,20180806,7.83,7.84,7.82,7.84,16140
ETHI,20180807,7.85,7.85,7.84,7.84,18436
ETHI,20180808,7.85,7.85,7.84,7.85,17601
ETHI,20180809,7.84,7.85,7.83,7.84,44860
ETHI,20180810,7.89,7.92,7.89,7.92,19855
ETHI,20180813,7.92,7.92,7.89,7.89,20465
ETHI,20180814,7.9,7.94,7.9,7.93,34957
ETHI,20180816,7.93,7.93,7.9,7.91,135823
ETHI,20180817,7.93,7.93,7.9,7.9,108735
ETHI,20180820,7.88,7.89,7.87,7.88,25394
ETHI,20180821,7.88,7.88,7.85,7.85,59846
ETHI,20180822,7.86,7.88,7.85,7.88,58372
ETHI,20180823,7.95,7.97,7.95,7.97,43454
ETHI,20180824,8.01,8.02,7.97,7.98,26996
ETHI,20180827,8.02,8.05,8.02,8.05,19745
ETHI,20180828,8.08,8.1,8.08,8.09,97865
ETHI,20180829,8.09,8.1,8.08,8.1,21494
ETHI,20180830,8.18,8.2,8.18,8.18,25006
ETHI,20180831,8.17,8.19,8.16,8.19,40552
ETHI,20180903,8.28,8.29,8.26,8.27,41095
ETHI,20180904,8.26,8.27,8.22,8.23,40501
ETHI,20180905,8.26,8.26,8.22,8.22,60271
ETHI,20180906,8.21,8.21,8.12,8.16,57966
ETHI,20180907,8.21,8.22,8.12,8.16,18216
ETHI,20180910,8.27,8.27,8.19,8.19,43432
ETHI,20180913,8.24,8.24,8.13,8.14,33490
ETHI,20180914,8.22,8.22,8.2,8.2,105485
ETHI,20180917,8.26,8.26,8.23,8.24,138377
ETHI,20180918,8.18,8.18,8.15,8.15,72580
ETHI,20180919,8.19,8.19,8.16,8.16,22750
ETHI,20180920,8.15,8.15,8.12,8.12,62418
ETHI,20180921,8.17,8.18,8.17,8.18,431460
ETHI,20180924,8.18,8.18,8.15,8.17,207255
ETHI,20180925,8.2,8.21,8.18,8.21,218000
ETHI,20180926,8.2,8.2,8.17,8.2,30817
ETHI,20180927,8.19,8.2,8.17,8.2,129468
ETHI,20180928,8.24,8.25,8.24,8.24,27489
ETHI,20181001,8.27,8.3,8.25,8.3,30947
ETHI,20181002,8.28,8.28,8.24,8.24,173426
ETHI,20181003,8.28,8.31,8.28,8.29,23043
ETHI,20181004,8.36,8.38,8.35,8.36,45441
ETHI,20181005,8.28,8.3,8.26,8.28,40515
ETHI,20181008,8.25,8.25,8.23,8.24,40271
ETHI,20181009,8.17,8.17,8.14,8.14,25097
ETHI,20181010,8.13,8.13,8.09,8.09,30802
ETHI,20181011,7.85,7.86,7.76,7.76,111355
ETHI,20181012,7.75,7.78,7.73,7.78,71853
ETHI,20181015,7.83,7.83,7.81,7.83,25267
ETHI,20181016,7.74,7.76,7.74,7.75,38301
ETHI,20181017,7.92,8,7.92,7.97,168816
ETHI,20181018,7.97,7.97,7.89,7.91,96677
ETHI,20181019,7.85,7.87,7.83,7.85,61250
ETHI,20181022,7.79,7.81,7.79,7.81,6028
ETHI,20181023,7.86,7.86,7.79,7.79,243459
ETHI,20181024,7.79,7.8,7.77,7.79,16348
ETHI,20181025,7.64,7.64,7.58,7.58,39081
ETHI,20181026,7.64,7.64,7.62,7.64,58295
ETHI,20181030,7.57,7.6,7.56,7.59,44247
ETHI,20181031,7.66,7.67,7.62,7.66,65544
ETHI,20181101,7.79,7.79,7.74,7.74,66546
ETHI,20181102,7.72,7.75,7.72,7.74,70725
ETHI,20181105,7.73,7.73,7.68,7.69,418561
ETHI,20181106,7.72,7.73,7.71,7.73,51583
ETHI,20181107,7.73,7.77,7.7,7.73,24648
ETHI,20181108,7.88,7.89,7.87,7.88,39627
ETHI,20181109,7.88,7.89,7.87,7.89,79045
ETHI,20181112,7.84,7.87,7.8,7.87,34874
ETHI,20181113,7.74,7.74,7.68,7.7,257934
ETHI,20181114,7.71,7.72,7.7,7.71,7901
ETHI,20181115,7.63,7.64,7.56,7.57,80011
ETHI,20181116,7.61,7.64,7.61,7.63,23405
ETHI,20181119,7.6,7.61,7.59,7.61,21168
ETHI,20181120,7.47,7.47,7.42,7.46,131361
ETHI,20181121,7.45,7.45,7.38,7.41,72006
ETHI,20181122,7.4,7.42,7.4,7.42,25753
ETHI,20181123,7.4,7.4,7.37,7.39,11564
ETHI,20181126,7.39,7.42,7.39,7.42,27095
ETHI,20181127,7.5,7.51,7.49,7.51,35888
ETHI,20181128,7.55,7.56,7.55,7.55,6232
ETHI,20181129,7.65,7.67,7.65,7.65,7513
ETHI,20181130,7.63,7.63,7.6,7.61,48672
ETHI,20181203,7.69,7.76,7.69,7.76,49494
ETHI,20181204,7.73,7.74,7.69,7.69,23716
ETHI,20181205,7.56,7.61,7.53,7.61,48906
ETHI,20181206,7.5,7.58,7.5,7.55,9809
ETHI,20181207,7.64,7.64,7.61,7.61,7697
ETHI,20181210,7.51,7.51,7.43,7.44,28256
ETHI,20181211,7.52,7.52,7.49,7.51,23041
ETHI,20181212,7.5,7.55,7.5,7.55,326967
ETHI,20181213,7.57,7.6,7.57,7.6,274710
ETHI,20181214,7.56,7.57,7.54,7.54,139361
ETHI,20181217,7.48,7.53,7.48,7.52,31449
ETHI,20181218,7.39,7.4,7.36,7.36,41088
ETHI,20181219,7.32,7.37,7.32,7.37,35180
ETHI,20181220,7.32,7.34,7.3,7.3,30372
ETHI,20181221,7.26,7.26,7.21,7.22,97693
ETHI,20181224,7.13,7.14,7.09,7.12,14522
ETHI,20181227,7.63,7.63,7.25,7.31,12739
ETHI,20181228,7.36,7.36,7.34,7.35,130020
ETHI,20181231,7.4,7.4,7.38,7.38,58014
ETHI,20190102,7.57,7.57,7.4,7.4,22121
ETHI,20190103,7.43,7.49,7.38,7.38,24855
ETHI,20190104,7.26,7.27,7.21,7.24,111522
ETHI,20190107,7.34,7.38,7.34,7.36,201868
ETHI,20190108,7.42,7.45,7.4,7.45,66850
ETHI,20190109,7.45,7.46,7.44,7.46,2838
ETHI,20190110,7.48,7.48,7.45,7.45,66619
ETHI,20190111,7.5,7.5,7.46,7.46,40829
ETHI,20190114,7.47,7.48,7.44,7.45,45314
ETHI,20190115,7.46,7.5,7.45,7.49,120302
ETHI,20190116,7.55,7.55,7.53,7.54,524399
ETHI,20190117,7.56,7.58,7.56,7.57,30957
ETHI,20190118,7.6,7.6,7.59,7.59,15719
ETHI,20190121,7.7,7.71,7.69,7.69,33988
ETHI,20190122,7.68,7.7,7.67,7.69,60928
ETHI,20190123,7.72,7.72,7.66,7.67,17685
ETHI,20190124,7.64,7.66,7.64,7.66,2800
ETHI,20190125,7.7,7.74,7.7,7.73,125633
ETHI,20190129,7.67,7.67,7.62,7.64,12664
ETHI,20190130,7.7,7.7,7.63,7.63,21496
ETHI,20190131,7.69,7.69,7.67,7.69,129564
ETHI,20190201,7.72,7.78,7.72,7.72,338559
ETHI,20190204,7.74,7.83,7.74,7.82,63555
ETHI,20190205,7.84,7.89,7.84,7.89,74508
ETHI,20190206,7.92,8,7.89,8,79229
ETHI,20190207,8.05,8.05,8.01,8.04,150393
ETHI,20190208,7.99,8,7.95,7.98,44348
ETHI,20190211,8.01,8.01,7.96,7.97,16232
ETHI,20190212,8.04,8.07,8.03,8.06,100461
ETHI,20190213,8.08,8.12,8.08,8.08,46286
ETHI,20190214,8.13,8.14,8.1,8.1,67767
ETHI,20190215,8.13,8.13,8.12,8.12,125496
ETHI,20190218,8.2,8.2,8.15,8.16,17192
ETHI,20190219,8.19,8.22,8.17,8.22,53360
ETHI,20190220,8.14,8.15,8.13,8.14,13272
ETHI,20190221,8.15,8.19,8.1,8.19,58205
ETHI,20190222,8.19,8.19,8.16,8.19,37633
ETHI,20190225,8.23,8.24,8.21,8.21,30856
ETHI,20190226,8.19,8.19,8.13,8.14,73555
ETHI,20190227,8.16,8.2,8.14,8.17,158679
ETHI,20190228,8.19,8.19,8.16,8.17,122201
ETHI,20190301,8.19,8.24,8.19,8.23,13355
ETHI,20190304,8.26,8.31,8.26,8.31,51957
ETHI,20190305,8.2,8.21,8.17,8.2,38499
ETHI,20190306,8.2,8.22,8.2,8.22,30182
ETHI,20190307,8.22,8.23,8.19,8.19,10780
ETHI,20190308,8.17,8.17,8.15,8.15,48985
ETHI,20190311,8.14,8.14,8.13,8.14,101855
ETHI,20190312,8.23,8.24,8.22,8.22,40913
ETHI,20190313,8.22,8.25,8.22,8.24,126108
ETHI,20190314,8.3,8.31,8.29,8.31,120377
ETHI,20190315,8.31,8.32,8.31,8.31,7817
ETHI,20190318,8.32,8.35,8.31,8.32,57424
ETHI,20190319,8.39,8.39,8.34,8.35,18070
ETHI,20190320,8.37,8.4,8.37,8.39,47446
ETHI,20190321,8.32,8.32,8.29,8.31,145899
ETHI,20190322,8.42,8.46,8.42,8.44,55520
ETHI,20190325,8.33,8.34,8.28,8.28,37338
ETHI,20190326,8.3,8.31,8.29,8.31,97164
ETHI,20190327,8.3,8.35,8.28,8.35,78285
ETHI,20190328,8.31,8.31,8.27,8.28,28310
ETHI,20190329,8.35,8.36,8.34,8.36,60588
ETHI,20190401,8.41,8.44,8.4,8.4,67254
ETHI,20190402,8.45,8.48,8.45,8.45,6142
ETHI,20190403,8.53,8.53,8.5,8.51,19658
ETHI,20190404,8.6,8.64,8.51,8.52,568059
ETHI,20190405,8.51,8.52,8.5,8.52,65368
ETHI,20190408,8.55,8.57,8.55,8.55,19485
ETHI,20190409,8.55,8.55,8.51,8.51,21768
ETHI,20190410,8.51,8.53,8.51,8.51,83198
ETHI,20190411,8.5,8.53,8.5,8.52,10155
ETHI,20190412,8.54,8.54,8.52,8.54,51218
ETHI,20190415,8.49,8.49,8.46,8.48,115951
ETHI,20190416,8.5,8.52,8.5,8.52,13196
ETHI,20190417,8.49,8.51,8.45,8.48,45725
ETHI,20190418,8.46,8.46,8.42,8.43,144832
ETHI,20190423,8.55,8.56,8.52,8.56,56904
ETHI,20190424,8.65,8.71,8.65,8.7,113456
ETHI,20190426,8.7,8.7,8.65,8.66,30198
ETHI,20190429,8.68,8.68,8.65,8.65,12949
ETHI,20190430,8.68,8.68,8.65,8.66,125762
ETHI,20190501,8.78,8.78,8.71,8.73,16145
ETHI,20190502,8.67,8.7,8.66,8.66,35123
ETHI,20190503,8.7,8.73,8.7,8.71,527482
ETHI,20190506,8.71,8.71,8.63,8.65,54519
ETHI,20190507,8.68,8.68,8.62,8.62,13284
ETHI,20190508,8.58,8.59,8.56,8.58,259178
ETHI,20190509,8.6,8.61,8.59,8.6,16416
ETHI,20190510,8.58,8.62,8.52,8.52,127722
ETHI,20190513,8.52,8.55,8.52,8.54,10243
ETHI,20190514,8.4,8.44,8.38,8.43,194268
ETHI,20190515,8.53,8.57,8.51,8.57,26277
ETHI,20190516,8.58,8.59,8.55,8.59,29665
ETHI,20190517,8.73,8.74,8.71,8.71,246758
ETHI,20190520,8.69,8.7,8.66,8.67,193541
ETHI,20190521,8.59,8.65,8.59,8.65,53187
ETHI,20190522,8.71,8.71,8.68,8.7,42550
ETHI,20190523,8.69,8.69,8.66,8.66,33914
ETHI,20190524,8.58,8.61,8.57,8.61,76225
ETHI,20190527,8.58,8.58,8.55,8.55,28805
ETHI,20190528,8.6,8.61,8.59,8.6,60926
ETHI,20190529,8.53,8.53,8.49,8.49,132964
ETHI,20190530,8.47,8.48,8.44,8.45,201987
ETHI,20190531,8.46,8.46,8.43,8.44,116793
ETHI,20190603,8.36,8.36,8.33,8.33,41327
ETHI,20190604,8.31,8.32,8.3,8.31,50581
ETHI,20190605,8.47,8.49,8.45,8.45,10003
ETHI,20190606,8.56,8.6,8.56,8.59,70913
ETHI,20190607,8.61,8.63,8.61,8.62,14651
ETHI,20190611,8.76,8.82,8.76,8.81,53016
ETHI,20190612,8.78,8.79,8.76,8.76,64724
ETHI,20190613,8.8,8.83,8.8,8.8,34968
ETHI,20190614,8.82,8.87,8.82,8.87,63094
ETHI,20190617,8.87,8.88,8.86,8.88,52572
ETHI,20190618,8.9,8.92,8.89,8.9,37499
ETHI,20190619,8.94,8.97,8.94,8.97,28636
ETHI,20190620,9.04,9.06,9.04,9.05,58376
ETHI,20190621,9.05,9.05,9.01,9.01,39385
ETHI,20190624,9,9.01,8.99,9.01,21373
ETHI,20190625,8.96,8.98,8.93,8.93,178935
ETHI,20190626,8.88,8.88,8.84,8.84,52873
ETHI,20190627,8.83,8.85,8.81,8.85,44778
ETHI,20190628,8.86,8.88,8.85,8.86,325979
ETHI,20190701,8.61,8.62,8.57,8.62,88504
ETHI,20190702,8.62,8.66,8.62,8.65,257294
ETHI,20190703,8.66,8.66,8.63,8.65,33596
ETHI,20190704,8.7,8.7,8.67,8.69,66667
ETHI,20190705,8.7,8.72,8.68,8.72,71826
ETHI,20190708,8.71,8.71,8.67,8.68,20956
ETHI,20190709,8.67,8.68,8.65,8.65,32968
ETHI,20190710,8.73,8.76,8.73,8.74,58782
ETHI,20190711,8.76,8.78,8.74,8.77,32228
ETHI,20190712,8.79,8.8,8.78,8.78,122912
ETHI,20190715,8.75,8.75,8.73,8.74,247515
ETHI,20190716,8.74,8.75,8.72,8.72,89948
ETHI,20190717,8.72,8.74,8.7,8.74,57318
ETHI,20190718,8.72,8.72,8.65,8.65,88113
ETHI,20190719,8.69,8.71,8.67,8.68,306039
ETHI,20190722,8.64,8.64,8.61,8.63,532405
ETHI,20190723,8.67,8.7,8.67,8.69,329515
ETHI,20190724,8.75,8.78,8.75,8.77,44982
ETHI,20190725,8.8,8.81,8.79,8.8,128108
ETHI,20190726,8.82,8.82,8.79,8.81,418981
ETHI,20190729,8.91,8.91,8.88,8.9,39650
ETHI,20190730,8.9,8.91,8.9,8.9,53546
ETHI,20190731,8.88,8.9,8.86,8.86,57379
ETHI,20190801,8.79,8.82,8.79,8.81,39907
ETHI,20190802,8.82,8.83,8.79,8.81,156256
ETHI,20190805,8.78,8.78,8.68,8.7,84333
ETHI,20190806,8.37,8.55,8.37,8.49,202054
ETHI,20190807,8.63,8.7,8.6,8.66,479974
ETHI,20190808,8.71,8.74,8.69,8.74,83023
ETHI,20190809,8.82,8.85,8.78,8.8,44207
ETHI,20190812,8.81,8.84,8.8,8.82,54259
ETHI,20190813,8.76,8.77,8.73,8.73,46674
ETHI,20190814,8.86,8.86,8.79,8.84,84284
ETHI,20190815,8.64,8.64,8.6,8.64,75519
ETHI,20190816,8.66,8.67,8.64,8.67,38701
ETHI,20190819,8.76,8.79,8.76,8.79,55184
ETHI,20190820,8.83,8.87,8.82,8.82,43948
ETHI,20190821,8.79,8.8,8.79,8.8,16421
ETHI,20190822,8.89,8.92,8.89,8.9,333871
ETHI,20190823,8.89,8.93,8.875,8.93,150562
ETHI,20190826,8.71,8.72,8.68,8.69,44085
ETHI,20190827,8.75,8.8,8.75,8.79,35678
ETHI,20190828,8.78,8.8,8.76,8.8,114309
ETHI,20190829,8.79,8.82,8.78,8.79,14326
ETHI,20190830,8.9,8.97,8.9,8.95,27682
ETHI,20190902,8.88,8.89,8.86,8.88,93342
ETHI,20190903,8.88,8.92,8.86,8.86,62139
ETHI,20190904,8.8,8.86,8.78,8.85,92724
ETHI,20190905,8.87,8.94,8.86,8.89,75648
ETHI,20190906,8.95,8.97,8.94,8.95,29253
ETHI,20190909,8.93,8.95,8.91,8.92,60844
ETHI,20190910,8.85,8.86,8.82,8.83,60275
ETHI,20190911,8.76,8.78,8.74,8.77,108733
ETHI,20190912,8.84,8.85,8.8,8.8,109938
ETHI,20190913,8.87,8.87,8.855,8.87,41322
ETHI,20190916,8.79,8.85,8.77,8.8,73083
ETHI,20190917,8.84,8.87,8.82,8.86,42583
ETHI,20190918,8.89,8.91,8.88,8.89,60076
ETHI,20190919,8.93,8.97,8.93,8.96,52723
ETHI,20190920,8.98,9.01,8.98,8.98,84481
ETHI,20190923,8.99,8.99,8.95,8.97,28558
ETHI,20190924,8.99,9,8.98,8.98,79952
ETHI,20190925,8.88,8.9,8.87,8.9,45795
ETHI,20190926,8.93,8.95,8.92,8.92,17667
ETHI,20190927,8.94,8.96,8.93,8.96,71952
ETHI,20190930,8.9,8.9,8.86,8.89,34280
ETHI,20191001,8.94,9,8.93,9,115814
ETHI,20191002,8.92,8.93,8.9,8.91,38994
ETHI,20191003,8.76,8.76,8.73,8.73,81294
ETHI,20191004,8.79,8.79,8.76,8.79,54416
ETHI,20191007,8.88,8.88,8.83,8.88,15467
ETHI,20191008,8.92,8.96,8.92,8.92,19212
ETHI,20191009,8.86,8.86,8.79,8.81,184136
ETHI,20191010,8.77,8.86,8.77,8.85,89166
ETHI,20191011,8.925,8.95,8.9,8.94,84997
ETHI,20191014,8.99,9.02,8.98,9.01,54940
ETHI,20191015,8.98,9.03,8.98,9.03,20448
ETHI,20191016,9.13,9.17,9.12,9.16,115635
ETHI,20191017,9.11,9.11,9.05,9.06,82887
ETHI,20191018,9.05,9.05,9.01,9.03,40017
ETHI,20191021,8.99,9,8.975,9,86801
ETHI,20191022,9.02,9.02,9,9.01,66206
ETHI,20191023,8.93,8.94,8.9,8.93,43936
ETHI,20191024,8.99,9.01,8.96,8.96,575479
ETHI,20191025,9.08,9.09,9.07,9.07,481584
ETHI,20191028,9.16,9.17,9.13,9.16,132951
ETHI,20191029,9.19,9.19,9.16,9.16,69927
ETHI,20191030,9.14,9.15,9.1,9.1,95199
ETHI,20191031,9.18,9.18,9.12,9.13,24811
ETHI,20191101,9.13,9.15,9.12,9.13,36061
ETHI,20191104,9.2,9.22,9.17,9.17,17085
ETHI,20191105,9.23,9.25,9.2,9.2,52340
ETHI,20191106,9.17,9.17,9.12,9.15,38634
ETHI,20191107,9.18,9.22,9.18,9.21,30874
ETHI,20191108,9.22,9.23,9.19,9.2,65607
ETHI,20191111,9.25,9.28,9.23,9.26,79236
ETHI,20191112,9.26,9.29,9.26,9.26,155848
ETHI,20191113,9.31,9.32,9.27,9.28,302259
ETHI,20191114,9.3,9.37,9.3,9.35,243313
ETHI,20191115,9.405,9.44,9.4,9.41,211402
ETHI,20191118,9.46,9.47,9.43,9.47,163197
ETHI,20191119,9.5,9.54,9.5,9.54,64941
ETHI,20191120,9.5,9.5,9.48,9.49,25283
ETHI,20191121,9.49,9.5,9.46,9.48,63657
ETHI,20191122,9.49,9.5,9.48,9.49,43888
ETHI,20191125,9.51,9.51,9.49,9.5,12718
ETHI,20191126,9.6,9.63,9.58,9.58,72042
ETHI,20191127,9.62,9.65,9.61,9.65,66336
ETHI,20191128,9.68,9.68,9.63,9.67,55562
ETHI,20191129,9.71,9.71,9.65,9.67,36920
ETHI,20191202,9.67,9.7,9.665,9.69,36180
ETHI,20191203,9.51,9.52,9.48,9.48,119224
ETHI,20191204,9.42,9.45,9.4,9.43,112037
ETHI,20191205,9.46,9.47,9.44,9.47,64239
ETHI,20191206,9.51,9.52,9.5,9.5,499547
ETHI,20191209,9.58,9.58,9.54,9.56,491174
ETHI,20191210,9.54,9.55,9.53,9.53,97669
ETHI,20191211,9.58,9.58,9.53,9.53,92465
ETHI,20191212,9.52,9.53,9.5,9.52,130811
ETHI,20191213,9.61,9.61,9.54,9.56,97703
ETHI,20191216,9.65,9.68,9.64,9.67,89478
ETHI,20191217,9.72,9.75,9.7,9.74,91836
ETHI,20191218,9.8,9.81,9.75,9.77,52864
ETHI,20191219,9.82,9.82,9.73,9.73,422435
ETHI,20191220,9.79,9.79,9.75,9.77,140323
ETHI,20191223,9.81,9.82,9.78,9.8,42829
ETHI,20191224,9.79,9.79,9.77,9.79,40116
ETHI,20191227,9.8,9.84,9.795,9.81,145322
ETHI,20191230,9.78,9.78,9.74,9.75,73088
ETHI,20191231,9.68,9.68,9.65,9.67,47704
ETHI,20200102,9.78,9.78,9.67,9.71,33292
ETHI,20200103,9.81,9.91,9.73,9.79,95926
ETHI,20200106,9.78,9.78,9.74,9.78,96949
ETHI,20200107,9.85,9.88,9.78,9.86,122869
ETHI,20200108,9.93,9.94,9.78,9.89,27423
ETHI,20200109,10.02,10.07,10.02,10.04,56345
ETHI,20200113,10.04,10.05,10.01,10.02,126168
ETHI,20200114,10.11,10.2,10.08,10.08,88995
ETHI,20200115,10.1,10.1,10.05,10.06,252965
ETHI,20200116,10.1,10.15,10.1,10.13,380397
ETHI,20200117,10.21,10.25,10.19,10.19,64803
ETHI,20200120,10.3,10.3,10.25,10.25,141536
ETHI,20200121,10.37,10.37,10.23,10.23,185380
ETHI,20200122,10.35,10.4,10.3,10.37,72975
ETHI,20200123,10.34,10.35,10.28,10.29,123973
ETHI,20200124,10.35,10.39,10.34,10.34,348848
ETHI,20200128,10.25,10.25,10.12,10.21,323900
ETHI,20200129,10.3,10.39,10.29,10.35,75221
ETHI,20200130,10.35,10.38,10.29,10.29,53113
ETHI,20200203,10.23,10.31,10.22,10.28,560293
ETHI,20200204,10.35,10.4,10.32,10.38,134587
ETHI,20200205,10.49,10.52,10.45,10.46,102600
ETHI,20200210,10.6,10.69,10.54,10.58,150936
ETHI,20200211,10.7,10.74,10.65,10.68,354130
ETHI,20200212,10.75,10.75,10.66,10.69,270855
ETHI,20200213,10.76,10.93,10.73,10.75,78373
ETHI,20200214,10.95,10.95,10.8,10.84,71903
ETHI,20200217,10.88,10.89,10.85,10.85,852678
ETHI,20200218,10.89,10.99,10.84,10.86,135517
ETHI,20200219,10.9,10.98,10.9,10.91,89283
ETHI,20200220,11.09,11.09,11.01,11.04,121969
ETHI,20200221,11.09,11.09,10.99,11.01,145629
ETHI,20200224,10.89,10.89,10.74,10.76,142820
ETHI,20200225,10.48,10.62,10.45,10.58,1098369
ETHI,20200226,10.4,10.4,10.19,10.27,217290
ETHI,20200227,10.22,10.31,10.08,10.1,155996
ETHI,20200228,9.77,9.82,9.7,9.72,301551
ETHI,20200302,9.73,9.96,9.73,9.95,294601
ETHI,20200303,10.25,10.36,10.18,10.22,604021
ETHI,20200304,10.01,10.11,9.95,10.11,157793
ETHI,20200305,10.35,10.37,10.27,10.31,61583
ETHI,20200306,10.15,10.16,10,10.02,144107
ETHI,20200309,9.73,9.78,9.41,9.55,358501
ETHI,20200310,9.4,9.66,9.37,9.66,213467
ETHI,20200311,9.75,9.77,9.57,9.57,144698
ETHI,20200312,9.55,9.57,9.02,9.17,146919
ETHI,20200313,8.84,8.95,8.54,8.95,233218
ETHI,20200316,9.05,9.25,8.8,9.08,294297
ETHI,20200317,8.81,9.12,8.74,9.02,429983
ETHI,20200318,9.02,9.12,8.81,8.86,71268
ETHI,20200319,9.05,9.3,8.87,9,133632
ETHI,20200320,9.04,9.11,8.9,9.08,82579
ETHI,20200323,8.59,8.6,8.29,8.53,187247
ETHI,20200324,8.6,8.81,8.56,8.71,84152
ETHI,20200325,9.11,9.3,9.05,9.11,69445
ETHI,20200326,9.4,9.61,9.37,9.37,71876
ETHI,20200327,9.71,9.83,9.46,9.46,111555
ETHI,20200330,9.33,9.33,9.1,9.27,70728
ETHI,20200331,9.47,9.7,9.45,9.49,152337
ETHI,20200401,9.63,9.63,9.29,9.29,36490
ETHI,20200402,9.3,9.34,9.11,9.21,72262
ETHI,20200403,9.33,9.56,9.2,9.21,38484
ETHI,20200406,9.4,9.58,9.37,9.58,83026
ETHI,20200407,9.8,9.86,9.64,9.74,394053
ETHI,20200408,9.85,9.85,9.56,9.63,635727
ETHI,20200409,9.8,9.86,9.73,9.84,55889
ETHI,20200414,9.81,9.82,9.57,9.75,103327
ETHI,20200415,9.85,9.91,9.82,9.89,86169
ETHI,20200416,9.81,9.9,9.78,9.89,88084
ETHI,20200417,10.11,10.32,10.11,10.27,146739
ETHI,20200420,10.29,10.29,10.1,10.13,79950
ETHI,20200421,10.1,10.12,9.97,9.98,57168
ETHI,20200422,9.89,9.89,9.76,9.86,104337
ETHI,20200423,9.9,10.14,9.9,9.98,23374
ETHI,20200424,9.94,9.94,9.8,9.85,71618
ETHI,20200427,9.98,10.05,9.96,10,77619
ETHI,20200428,10.04,10.09,10.03,10.05,78626
ETHI,20200429,10.09,10.09,9.94,9.97,146496
ETHI,20200430,10.1,10.3,10.07,10.08,51347
ETHI,20200501,9.97,10.09,9.95,9.96,70207
ETHI,20200504,9.88,9.91,9.83,9.87,54930
ETHI,20200505,10.14,10.14,9.98,10,70598
ETHI,20200506,10.26,10.26,10.05,10.12,176819
ETHI,20200507,10.16,10.23,10.145,10.16,32455
ETHI,20200508,10.24,10.26,10.19,10.24,124971
ETHI,20200511,10.3,10.34,10.28,10.28,43749
ETHI,20200512,10.35,10.4,10.325,10.38,49065
ETHI,20200513,10.3,10.3,10.13,10.2,64813
ETHI,20200514,10.33,10.33,10.14,10.14,38103
ETHI,20200515,10.26,10.28,10.22,10.28,23319
ETHI,20200518,10.41,10.51,10.41,10.51,92549
ETHI,20200519,10.55,10.55,10.46,10.52,63667
ETHI,20200520,10.5,10.51,10.43,10.49,150378
ETHI,20200521,10.52,10.52,10.47,10.51,87439
ETHI,20200522,10.5,10.51,10.38,10.38,158478
ETHI,20200525,10.51,10.62,10.51,10.57,130500
ETHI,20200526,10.65,10.74,10.64,10.73,132186
ETHI,20200527,10.7,10.7,10.49,10.58,323001
ETHI,20200528,10.66,10.72,10.65,10.72,42144
ETHI,20200529,10.71,10.71,10.61,10.62,80328
ETHI,20200601,10.67,10.68,10.61,10.61,57849
ETHI,20200602,10.67,10.67,10.51,10.54,58617
ETHI,20200603,10.51,10.52,10.41,10.46,131821
ETHI,20200604,10.51,10.61,10.51,10.55,153785
ETHI,20200605,10.53,10.53,10.46,10.5,172736
ETHI,20200609,10.6,10.69,10.6,10.69,69344
ETHI,20200610,10.77,10.8,10.72,10.72,54107
ETHI,20200611,10.79,10.79,10.61,10.61,101025
ETHI,20200612,10.48,10.55,10.42,10.54,117267
ETHI,20200615,10.49,10.49,10.24,10.24,94995
ETHI,20200616,10.5,10.63,10.5,10.62,181141
ETHI,20200617,10.72,10.74,10.68,10.72,64744
ETHI,20200618,10.7,10.7,10.63,10.69,41288
ETHI,20200619,10.7,10.9,10.7,10.76,28480
ETHI,20200622,10.7,10.73,10.66,10.68,120191
ETHI,20200623,10.7,10.89,10.68,10.79,101237
ETHI,20200624,10.8,10.83,10.73,10.79,41955
ETHI,20200625,10.74,10.74,10.53,10.59,1477121
ETHI,20200626,10.68,10.74,10.68,10.72,63417
ETHI,20200629,10.59,10.6,10.52,10.53,53812
ETHI,20200630,10.69,10.7,10.62,10.68,512350
ETHI,20200701,10.89,10.89,9.6,9.64,312490
ETHI,20200702,9.73,9.74,9.66,9.71,159643
ETHI,20200703,9.77,9.93,9.73,9.77,152207
ETHI,20200706,9.97,9.97,9.75,9.82,199986
ETHI,20200707,9.88,9.88,9.82,9.83,142735
ETHI,20200708,9.8,9.86,9.77,9.77,84226
ETHI,20200709,9.95,9.95,9.81,9.82,53434
ETHI,20200710,9.91,9.92,9.75,9.75,67090
ETHI,20200713,9.92,9.94,9.92,9.94,100728
ETHI,20200714,10.04,10.04,9.77,9.84,317391
ETHI,20200715,9.89,10.02,9.86,9.89,58975
ETHI,20200716,9.88,9.89,9.84,9.86,164911
ETHI,20200717,9.84,9.89,9.82,9.83,222731
ETHI,20200720,9.88,9.9,9.85,9.86,67488
ETHI,20200721,9.98,10.03,9.95,10.02,205027
ETHI,20200722,9.99,9.99,9.76,9.78,500944
ETHI,20200723,9.82,9.86,9.82,9.83,119572
ETHI,20200724,9.77,9.77,9.72,9.73,165247
ETHI,20200727,9.65,9.69,9.63,9.66,94791
ETHI,20200728,9.71,9.76,9.71,9.73,101209
ETHI,20200729,9.72,9.72,9.6,9.62,112675
ETHI,20200730,9.72,9.72,9.69,9.71,89678
ETHI,20200731,9.74,9.74,9.59,9.59,109140
ETHI,20200803,9.7,9.74,9.69,9.72,172475
ETHI,20200804,9.86,9.9,9.86,9.89,70438
ETHI,20200805,9.85,9.87,9.82,9.86,72568
ETHI,20200806,9.86,9.91,9.86,9.87,69650
ETHI,20200807,9.88,9.89,9.85,9.89,81502
ETHI,20200810,9.93,9.97,9.91,9.96,83355
ETHI,20200811,9.98,9.98,9.91,9.94,159307
ETHI,20200812,9.93,9.96,9.9,9.96,56528
ETHI,20200813,10.02,10.09,10.01,10.03,110402
ETHI,20200814,10.09,10.12,10.03,10.09,185626
ETHI,20200817,10.12,10.12,10.01,10.05,84347
ETHI,20200818,10.13,10.15,10.09,10.09,140640
ETHI,20200819,10.07,10.13,10.05,10.09,208980
ETHI,20200820,10.11,10.11,10.02,10.06,95609
ETHI,20200821,10.14,10.17,10.14,10.15,74288
ETHI,20200824,10.22,10.25,10.22,10.23,54901
ETHI,20200825,10.31,10.48,10.31,10.34,76658
ETHI,20200826,10.39,10.39,10.27,10.29,106324
ETHI,20200827,10.4,10.4,10.34,10.36,76299
ETHI,20200828,10.32,10.37,10.32,10.34,207757
ETHI,20200831,10.5,10.5,10.28,10.3,135454
ETHI,20200901,10.33,10.33,10.23,10.25,8554050
ETHI,20200902,10.36,10.4,10.35,10.4,56435
ETHI,20200903,10.49,10.73,10.45,10.52,75017
ETHI,20200904,10.38,10.38,10.1,10.16,178383
ETHI,20200907,10.3,10.48,9.95,9.99,411573
ETHI,20200908,10.2,10.32,10.06,10.14,91471
ETHI,20200909,9.87,9.89,9.8,9.86,217091
ETHI,20200910,10.19,10.19,9.98,10.01,60717
ETHI,20200911,9.92,9.93,9.86,9.9,177982
ETHI,20200914,9.94,9.94,9.88,9.91,142252
ETHI,20200915,10.17,10.17,9.97,9.99,89426
ETHI,20200916,10.09,10.09,10.05,10.08,59399
ETHI,20200917,10.05,10.07,9.92,9.92,143169
ETHI,20200918,9.92,9.93,9.87,9.92,88025
ETHI,20200921,9.98,9.98,9.82,9.83,219209
ETHI,20200922,9.89,9.95,9.86,9.86,69204
ETHI,20200923,10,10.07,9.99,10.07,244917
ETHI,20200924,10.06,10.06,9.9,9.96,87978
ETHI,20200925,9.99,10.03,9.97,9.97,250456
ETHI,20200928,10.16,10.19,10.14,10.19,71217
ETHI,20200929,10.29,10.31,10.26,10.27,142723
ETHI,20200930,10.18,10.24,10.12,10.12,340781
ETHI,20201001,10.22,10.26,10.2,10.21,335518
ETHI,20201002,10.28,10.28,10.14,10.16,80575
ETHI,20201005,10.24,10.25,10.21,10.22,133839
ETHI,20201006,10.3,10.34,10.3,10.33,123525
ETHI,20201007,10.32,10.33,10.28,10.31,125983
ETHI,20201008,10.39,10.47,10.39,10.44,111820
ETHI,20201009,10.5,10.51,10.44,10.45,159599
ETHI,20201012,10.49,10.49,10.44,10.49,65208
ETHI,20201013,10.62,10.65,10.61,10.64,50907
ETHI,20201014,10.65,10.68,10.65,10.66,159261
ETHI,20201015,10.7,10.7,10.57,10.59,214049
ETHI,20201016,10.6,10.66,10.6,10.62,201067
ETHI,20201019,10.64,10.64,10.59,10.64,220506
ETHI,20201020,10.59,10.6,10.56,10.57,534625
ETHI,20201021,10.64,10.64,10.55,10.55,81891
ETHI,20201022,10.46,10.46,10.4,10.41,136330
ETHI,20201023,10.42,10.45,10.405,10.44,93202
ETHI,20201026,10.49,10.49,10.37,10.37,122196
ETHI,20201027,10.27,10.28,10.23,10.25,405468
ETHI,20201028,10.17,10.17,10.13,10.15,205439
ETHI,20201029,10.15,10.15,10.02,10.08,188559
ETHI,20201030,10.02,10.03,9.98,9.99,310508
ETHI,20201102,9.96,10.08,9.92,10.05,205827
ETHI,20201103,10.11,10.11,10.03,10.1,176660
ETHI,20201104,10.22,10.31,10.07,10.24,112853
ETHI,20201105,10.4,10.52,10.34,10.45,222838
ETHI,20201106,10.5,10.58,10.39,10.4,1095008
ETHI,20201109,10.53,10.62,10.49,10.62,225930
ETHI,20201110,10.62,10.62,10.44,10.45,386087
ETHI,20201111,10.48,10.51,10.43,10.44,224217
ETHI,20201112,10.58,10.62,10.5,10.52,144563
ETHI,20201113,10.59,10.61,10.54,10.58,106076
ETHI,20201116,10.62,10.74,10.62,10.66,27831
ETHI,20201117,10.69,10.73,10.63,10.63,272524
ETHI,20201118,10.74,10.74,10.64,10.64,73557
ETHI,20201120,10.64,10.65,10.61,10.65,148431
ETHI,20201123,10.62,10.63,10.58,10.61,97905
ETHI,20201124,10.71,10.79,10.7,10.79,575955
ETHI,20201125,10.85,10.85,10.74,10.75,165790
ETHI,20201126,10.76,10.85,10.74,10.77,128171
ETHI,20201127,10.81,10.81,10.71,10.74,103828
ETHI,20201130,10.88,10.9,10.71,10.71,338442
ETHI,20201201,10.79,10.9,10.78,10.86,246134
ETHI,20201202,10.93,10.93,10.83,10.9,113994
ETHI,20201203,10.94,10.94,10.85,10.86,59775
ETHI,20201204,10.94,10.94,10.8,10.83,171979
ETHI,20201207,10.93,10.93,10.87,10.89,517331
ETHI,20201208,10.9,10.95,10.9,10.91,153206
ETHI,20201209,10.98,11,10.96,10.96,148605
ETHI,20201210,10.92,10.92,10.75,10.76,174853
ETHI,20201211,10.84,10.84,10.63,10.65,206560
ETHI,20201214,10.72,10.78,10.66,10.68,282206
ETHI,20201215,10.76,10.76,10.68,10.71,273188
ETHI,20201216,10.93,10.97,10.75,10.76,265511
ETHI,20201217,10.94,10.94,10.76,10.79,143846
ETHI,20201218,10.84,10.85,10.82,10.84,127677
ETHI,20201221,10.89,10.89,10.81,10.86,132552
ETHI,20201222,10.89,10.89,10.77,10.79,290805
ETHI,20201224,10.83,10.83,10.83,10.83,0
ETHI,20201229,10.9,10.98,10.85,10.95,80102
ETHI,20201230,10.99,10.99,10.85,10.86,293005
ETHI,20201231,10.87,10.87,10.8,10.81,173808
ETHI,20210104,11.48,11.5,10.8,10.82,458233
ETHI,20210105,10.99,10.99,10.74,10.74,155053
ETHI,20210106,10.73,10.75,10.62,10.65,180573
ETHI,20210107,10.69,10.74,10.65,10.7,509992
ETHI,20210108,10.85,10.94,10.84,10.91,198072
ETHI,20210111,11.01,11.1,11.01,11.04,774302
ETHI,20210112,11.02,11.02,10.99,11,116559
ETHI,20210113,10.97,11,10.94,10.98,153852
ETHI,20210114,11.03,11.05,11.01,11.02,139482
ETHI,20210115,10.93,10.94,10.89,10.9,203303
ETHI,20210118,10.94,10.94,10.91,10.94,177589
ETHI,20210119,11.01,11.04,10.98,11.02,188359
ETHI,20210120,11.05,11.11,11.04,11.05,313651
ETHI,20210121,11.12,11.15,11.11,11.14,205536
ETHI,20210122,11.17,11.17,11.12,11.13,266800
ETHI,20210125,11.19,11.2,11.16,11.18,158183
ETHI,20210127,11.2,11.2,11.05,11.06,460200
ETHI,20210128,10.89,11,10.76,10.88,297100
ETHI,20210129,10.95,10.95,10.83,10.85,189545
ETHI,20210201,10.76,10.81,10.66,10.81,162881
ETHI,20210203,11.21,11.25,11.2,11.22,206898
ETHI,20210204,11.25,11.25,11.13,11.14,220280
ETHI,20210205,11.33,11.39,11.32,11.39,106721
ETHI,20210208,11.33,11.34,11.29,11.31,161119
ETHI,20210209,11.34,11.35,11.29,11.29,254847
ETHI,20210210,11.32,11.35,11.3,11.35,103302
ETHI,20210211,11.34,11.34,11.3,11.32,295313
ETHI,20210212,11.34,11.38,11.33,11.37,182606
ETHI,20210215,11.43,11.48,11.43,11.44,109852
ETHI,20210216,11.42,11.46,11.42,11.45,182684
ETHI,20210217,11.45,11.49,11.38,11.42,143875
ETHI,20210218,11.43,11.43,11.3,11.3,167185
ETHI,20210219,11.29,11.29,11.21,11.25,136720
ETHI,20210222,11.29,11.29,11.09,11.11,356205
ETHI,20210223,10.96,10.97,10.91,10.97,405974
ETHI,20210224,10.92,10.92,10.83,10.86,241518
ETHI,20210225,10.95,10.97,10.93,10.96,204582
ETHI,20210226,10.93,10.93,10.68,10.74,527047
ETHI,20210301,10.86,10.97,10.86,10.96,327405
ETHI,20210302,11.1,11.14,11.05,11.08,155105
ETHI,20210303,10.95,11.1,10.91,10.97,299920
ETHI,20210304,11,11,10.64,10.68,345094
ETHI,20210305,10.63,10.64,10.53,10.58,227520
ETHI,20210308,10.82,11,10.68,10.68,341458
ETHI,20210309,10.73,10.79,10.72,10.78,458771
ETHI,20210310,11,11,10.9,10.91,407045
ETHI,20210311,11,11,10.9,10.91,407045
ETHI,20210312,11,11.03,10.98,11.03,90717
ETHI,20210315,11.1,11.1,11.01,11.07,126999
ETHI,20210316,11.15,11.2,11.13,11.16,73984
ETHI,20210317,11.17,11.18,11.13,11.16,256774
ETHI,20210318,11.11,11.15,11.07,11.08,113668
ETHI,20210319,11.09,11.09,10.95,10.98,121304
ETHI,20210322,10.98,11,10.94,10.98,192650
ETHI,20210323,11.08,11.09,11.05,11.09,93189
ETHI,20210324,11.18,11.18,11.12,11.17,94295
ETHI,20210325,11.19,11.19,11.08,11.1,143482
ETHI,20210329,11.2,11.27,11.2,11.25,169062
ETHI,20210330,11.27,11.29,11.21,11.26,153903
ETHI,20210331,11.28,11.3,11.26,11.27,515472
ETHI,20210401,11.38,11.48,11.38,11.48,112464
ETHI,20210406,11.6,11.65,11.56,11.58,112495
ETHI,20210407,11.59,11.59,11.54,11.54,209874
ETHI,20210408,11.62,11.76,11.61,11.66,125484
ETHI,20210409,11.84,11.84,11.7,11.71,149844
ETHI,20210412,11.9,11.9,11.74,11.77,119160
ETHI,20210413,11.86,11.87,11.8,11.82,114977
ETHI,20210414,11.87,11.9,11.86,11.86,110871
ETHI,20210415,11.73,11.86,11.7,11.75,392049
ETHI,20210416,11.8,11.9,11.8,11.83,78427
ETHI,20210419,11.86,11.88,11.83,11.83,114653
ETHI,20210420,11.9,11.9,11.7,11.7,106843
ETHI,20210421,11.67,11.67,11.63,11.67,156490
ETHI,20210422,11.68,11.8,11.68,11.76,171481
ETHI,20210423,11.9,11.9,11.72,11.74,144842
ETHI,20210426,11.82,11.83,11.78,11.79,81784
ETHI,20210427,11.8,11.81,11.77,11.8,272586
ETHI,20210428,11.8,11.85,11.78,11.84,124731
ETHI,20210429,11.91,11.91,11.74,11.79,259333
ETHI,20210430,11.8,11.81,11.7,11.7,211835
ETHI,20210503,11.77,11.8,11.74,11.78,633674
ETHI,20210504,11.84,11.84,11.69,11.72,475882
ETHI,20210505,11.64,11.66,11.63,11.66,153947
ETHI,20210506,11.62,11.67,11.61,11.64,236288
ETHI,20210507,11.77,11.77,11.6,11.65,225066
ETHI,20210510,11.65,11.68,11.63,11.65,458166
ETHI,20210511,11.63,11.63,11.36,11.41,379715
ETHI,20210512,11.42,11.47,11.33,11.38,220180
ETHI,20210513,11.29,11.32,11.26,11.29,266147
ETHI,20210514,11.38,11.46,11.38,11.43,147666
ETHI,20210517,11.51,11.54,11.5,11.52,92966
ETHI,20210518,11.64,11.64,11.48,11.51,236875
ETHI,20210519,11.38,11.41,11.36,11.37,505751
ETHI,20210520,11.43,11.47,11.43,11.45,81089
ETHI,20210521,11.62,11.66,11.61,11.63,142658
ETHI,20210524,11.68,11.74,11.68,11.7,98076
ETHI,20210525,11.76,11.8,11.75,11.78,118000
ETHI,20210526,11.83,11.83,11.74,11.76,234954
ETHI,20210527,11.82,11.82,11.75,11.75,108883
ETHI,20210528,11.95,11.95,11.8,11.83,120294
ETHI,20210531,12.09,12.09,11.84,11.86,161262
ETHI,20210601,11.98,12,11.78,11.83,236711
ETHI,20210602,11.8,11.83,11.78,11.82,143106
ETHI,20210603,11.86,12,11.86,11.91,51183
ETHI,20210604,12.08,12.08,11.93,11.94,280262
ETHI,20210607,11.98,11.98,11.94,11.95,178952
ETHI,20210609,11.99,12,11.97,11.99,109803
ETHI,20210610,11.99,12.01,11.98,11.98,143974
ETHI,20210611,12.03,12.05,12.02,12.03,203457
ETHI,20210615,12.18,12.28,12.18,12.2,172262
ETHI,20210616,12.19,12.2,12.16,12.17,331732
ETHI,20210617,12.17,12.18,12.13,12.16,117023
ETHI,20210618,12.38,12.46,12.38,12.42,184873
ETHI,20210621,12.28,12.29,12.19,12.25,263589
ETHI,20210622,12.46,12.54,12.4,12.46,144117
ETHI,20210623,12.57,12.57,12.43,12.46,177057
ETHI,20210625,12.46,12.46,12.43,12.46,165679
ETHI,20210628,12.5,12.5,12.48,12.49,124341
ETHI,20210629,12.6,12.6,12.52,12.54,86497
ETHI,20210630,12.66,12.79,12.64,12.77,118538
ETHI,20210701,12.77,12.77,12,12.09,462455
ETHI,20210705,12.04,12.05,12.02,12.03,474462
ETHI,20210706,12.03,12.04,11.94,11.94,239247
ETHI,20210707,12.03,12.1,12.03,12.08,119756
ETHI,20210708,12.2,12.2,12.11,12.15,98274
ETHI,20210709,12.07,12.1,12.04,12.1,152181
ETHI,20210712,12.16,12.17,12.14,12.16,176560
ETHI,20210714,12.23,12.25,12.2,12.2,234928
ETHI,20210715,12.25,12.25,12.17,12.18,575548
ETHI,20210716,12.24,12.24,12.16,12.18,226510
ETHI,20210719,12.21,12.21,12.13,12.16,323874
ETHI,20210720,12.15,12.15,12.1,12.14,162895
ETHI,20210723,12.39,12.39,12.35,12.38,235842
ETHI,20210726,12.5,12.5,12.44,12.46,183562
ETHI,20210727,12.42,12.44,12.4,12.44,270907
ETHI,20210728,12.35,12.38,12.32,12.35,370023
ETHI,20210729,12.37,12.37,12.33,12.35,177844
ETHI,20210730,12.35,12.35,12.3,12.33,271468
ETHI,20210802,12.45,12.51,12.45,12.49,275142
ETHI,20210803,12.42,12.42,12.35,12.36,215293
ETHI,20210804,12.45,12.45,12.37,12.4,289535
ETHI,20210805,12.42,12.44,12.41,12.41,212710
ETHI,20210806,12.45,12.48,12.44,12.48,209784
ETHI,20210809,12.5,12.53,12.49,12.49,266618
ETHI,20210810,12.55,12.57,12.53,12.54,289336
ETHI,20210811,12.51,12.52,12.5,12.51,323174
ETHI,20210812,12.54,12.54,12.47,12.48,285222
ETHI,20210813,12.54,12.56,12.53,12.55,314431
ETHI,20210819,12.67,12.67,12.59,12.65,470220
ETHI,20210820,12.72,12.77,12.72,12.75,260321
ETHI,20210823,12.88,12.92,12.87,12.91,400401
ETHI,20210824,12.99,13,12.88,12.9,379002
ETHI,20210825,12.88,12.92,12.87,12.89,458536
ETHI,20210826,12.91,12.91,12.83,12.85,204255
ETHI,20210827,12.82,12.86,12.82,12.85,279616
ETHI,20210830,12.89,12.89,12.83,12.86,517620
ETHI,20210831,12.98,12.98,12.88,12.91,309850
ETHI,20210901,12.92,12.92,12.86,12.88,395375
ETHI,20210902,12.78,12.8,12.76,12.76,183042
ETHI,20210903,12.81,12.81,12.73,12.74,419838
ETHI,20210906,12.75,12.77,12.69,12.77,397081
ETHI,20210907,12.78,12.8,12.71,12.78,293721
ETHI,20210908,12.74,12.77,12.73,12.77,330381
ETHI,20210909,12.74,12.75,12.69,12.71,192982
ETHI,20210910,12.69,12.72,12.68,12.72,152987
ETHI,20210913,12.73,12.73,12.63,12.66,320496
ETHI,20210914,12.66,12.73,12.65,12.72,89346
ETHI,20210915,12.71,12.73,12.69,12.7,167668
ETHI,20210916,12.71,12.75,12.71,12.74,139750
ETHI,20210917,12.8,12.82,12.79,12.8,166094
ETHI,20210920,12.79,12.79,12.65,12.67,289174
ETHI,20210922,12.57,12.61,12.51,12.59,275478
ETHI,20210923,12.75,12.76,12.72,12.74,158044
ETHI,20210924,12.78,12.78,12.75,12.77,107781
ETHI,20210927,12.8,12.85,12.8,12.85,192565
ETHI,20210928,12.69,12.7,12.64,12.66,421534
ETHI,20210929,12.55,12.55,12.49,12.5,886223
ETHI,20210930,12.6,12.6,12.55,12.6,301212
ETHI,20211001,12.41,12.53,12.28,12.33,327059
ETHI,20211004,12.5,12.55,12.32,12.36,180232
ETHI,20211005,12.29,12.29,12.09,12.17,403368
ETHI,20211006,12.29,12.29,12.17,12.2,225628
ETHI,20211007,12.28,12.35,12.28,12.31,344628
ETHI,20211008,12.43,12.43,12.35,12.38,541712
ETHI,20211011,12.39,12.39,12.26,12.3,348496
ETHI,20211012,12.39,12.39,12.26,12.3,348496
ETHI,20211013,12.13,12.21,12.13,12.21,236522
ETHI,20211014,12.32,12.32,12.2,12.22,432034
ETHI,20211019,12.5,12.54,12.43,12.44,301748
ETHI,20211020,12.5,12.52,12.45,12.46,291549
ETHI,20211021,12.45,12.45,12.37,12.41,272478
ETHI,20211022,12.49,12.56,12.49,12.54,160236
ETHI,20211025,12.59,12.59,12.54,12.56,258799
ETHI,20211026,12.6,12.62,12.58,12.58,327335
ETHI,20211028,12.51,12.53,12.46,12.48,245066
ETHI,20211029,12.5,12.5,12.44,12.45,118109
ETHI,20211101,12.65,12.65,12.58,12.6,162253
ETHI,20211102,12.61,12.62,12.54,12.62,152122
ETHI,20211103,12.79,12.86,12.73,12.77,167379
ETHI,20211104,12.81,12.88,12.81,12.88,217854
ETHI,20211105,13.04,13.07,13.02,13.02,142663
ETHI,20211109,13.2,13.2,13.07,13.07,304932
ETHI,20211110,13.11,13.14,13.07,13.07,214685
ETHI,20211112,13.2,13.23,13.16,13.22,210661
ETHI,20211115,13.23,13.25,13.19,13.2,362366
ETHI,20211116,13.2,13.2,13.16,13.17,267792
ETHI,20211117,13.3,13.36,13.3,13.34,265709
ETHI,20211118,13.34,13.36,13.31,13.34,306891
ETHI,20211119,13.4,13.4,13.35,13.39,308279
ETHI,20211122,13.45,13.49,13.39,13.4,258030
ETHI,20211123,13.41,13.41,13.24,13.3,445826
ETHI,20211124,13.29,13.29,13.22,13.24,589500
ETHI,20211125,13.36,13.4,13.35,13.4,702641
ETHI,20211126,13.52,13.52,13.3,13.31,339759
ETHI,20211129,13.25,13.27,13.16,13.24,574196
ETHI,20211130,13.33,13.37,13.3,13.32,220933
ETHI,20211201,13.3,13.3,13.13,13.18,1208063
ETHI,20211202,13.14,13.14,13.02,13.12,390867
ETHI,20211203,13.27,13.3,13.18,13.26,290410
ETHI,20211206,13.26,13.29,13.23,13.27,512544
ETHI,20211207,13.32,13.32,13.27,13.28,372135
ETHI,20211208,13.54,13.58,13.51,13.53,386806
ETHI,20211209,13.47,13.49,13.43,13.43,301933
ETHI,20211210,13.43,13.45,13.34,13.35,305510
ETHI,20211213,13.51,13.53,13.41,13.41,267688
ETHI,20211214,13.41,13.41,13.3,13.36,253268
ETHI,20211216,13.39,13.45,13.38,13.45,222701
ETHI,20211217,13.36,13.36,13.2,13.2,284470
ETHI,20211220,13.28,13.28,13.04,13.07,205418
ETHI,20211221,13,13.18,13,13.18,514564
ETHI,20211222,13.26,13.37,13.24,13.3,235306
ETHI,20211223,13.42,13.42,13.28,13.3,278537
ETHI,20211224,13.31,13.48,13.3,13.31,168375
ETHI,20211229,13.54,13.54,13.48,13.5,359796
ETHI,20211230,13.49,13.49,13.42,13.45,378829
ETHI,20211231,13.5,13.5,13.37,13.41,73624
ETHI,20220104,13.6,13.6,13.51,13.56,490828
ETHI,20220105,13.55,13.55,13.4,13.41,408282
ETHI,20220106,13.27,13.28,13.18,13.2,306042
ETHI,20220107,13.4,13.42,13.28,13.31,242820
ETHI,20220110,13.28,13.28,13.11,13.16,453946
ETHI,20220111,13.21,13.21,13.08,13.11,238839
ETHI,20220112,13.24,13.24,13.18,13.21,146232
ETHI,20220113,13.23,13.23,13.06,13.09,367304
ETHI,20220114,13.09,13.09,12.93,12.97,333095
ETHI,20220117,13.13,13.13,13.05,13.05,148801
ETHI,20220118,13.14,13.15,13.04,13.05,248590
ETHI,20220119,13.04,13.04,12.8,12.8,277170
ETHI,20220120,12.71,12.75,12.62,12.73,228462
ETHI,20220121,12.59,12.62,12.5,12.55,590407
ETHI,20220124,12.42,12.51,12.41,12.5,260974
ETHI,20220125,12.46,12.5,12.32,12.32,233856
ETHI,20220127,12.36,12.42,12.14,12.19,302549
ETHI,20220128,12.42,12.51,12.4,12.46,397164
ETHI,20220131,12.77,12.86,12.72,12.78,224782
ETHI,20220201,12.89,12.92,12.82,12.87,553213
ETHI,20220202,12.87,12.9,12.825,12.87,280789
ETHI,20220203,12.95,13.04,12.77,12.84,154085
ETHI,20220204,12.76,12.81,12.67,12.72,139542
ETHI,20220207,12.85,12.85,12.68,12.72,108522
ETHI,20220208,12.79,12.79,12.66,12.7,315177
ETHI,20220209,12.72,12.81,12.72,12.79,102757
ETHI,20220210,12.91,12.94,12.88,12.89,101657
ETHI,20220211,12.69,12.71,12.65,12.68,184492
ETHI,20220214,12.57,12.57,12.41,12.52,304205
ETHI,20220215,12.47,12.47,12.4,12.41,467320
ETHI,20220216,12.61,12.66,12.61,12.64,210158
ETHI,20220217,12.6,12.64,12.52,12.55,249972
ETHI,20220218,12.41,12.41,12.27,12.35,265200
ETHI,20220221,12.26,12.26,12.09,12.18,299883
ETHI,20220222,12,12.02,11.87,11.9,253917
ETHI,20220223,11.95,12.05,11.95,12.02,193518
ETHI,20220224,11.74,11.83,11.5,11.53,377280
ETHI,20220225,11.88,11.94,11.87,11.88,157532
ETHI,20220228,11.95,12,11.83,11.88,590812
ETHI,20220301,11.93,12.06,11.93,12,131104
ETHI,20220302,11.77,11.83,11.67,11.72,353712
ETHI,20220303,11.8,11.85,11.79,11.81,151391
ETHI,20220304,11.78,11.78,11.44,11.47,246685
ETHI,20220307,11.41,11.41,10.99,11.1,457838
ETHI,20220308,11.07,11.07,10.96,11.03,3197788
ETHI,20220309,11.05,11.17,11.04,11.13,387073
ETHI,20220310,11.35,11.47,11.35,11.37,287244
ETHI,20220311,11.32,11.32,11.16,11.17,117257
ETHI,20220314,11.2,11.32,11.2,11.3,191264
ETHI,20220315,11.32,11.4,11.31,11.37,146391
ETHI,20220316,0,0,0,0,0
ETHI,20220317,11.8,11.82,11.71,11.74,268376
ETHI,20220318,11.81,11.81,11.68,11.7,270450
ETHI,20220321,11.88,11.98,11.83,11.88,165785
ETHI,20220322,11.96,11.96,11.8,11.83,187521
ETHI,20220323,11.96,11.96,11.85,11.9,94380
ETHI,20220324,11.75,11.75,11.6,11.7,319894
ETHI,20220325,11.89,11.89,11.76,11.79,260456
ETHI,20220328,11.85,11.85,11.7,11.71,271025
ETHI,20220329,11.85,11.93,11.85,11.93,289698
ETHI,20220330,12.03,12.1,12.03,12.04,167475
ETHI,20220331,12.08,12.1,11.97,12.05,158040
ETHI,20220401,11.98,11.98,11.85,11.88,921375
ETHI,20220404,11.9,11.93,11.81,11.85,180552
ETHI,20220405,11.92,11.92,11.75,11.76,141797
ETHI,20220406,11.75,11.75,11.62,11.67,415269
ETHI,20220407,11.65,11.67,11.56,11.62,222691
ETHI,20220408,11.79,11.79,11.63,11.69,239019
ETHI,20220411,11.69,11.69,11.59,11.61,291729
ETHI,20220412,11.6,11.6,11.45,11.46,298615
ETHI,20220413,11.46,11.5,11.41,11.5,316873
ETHI,20220414,11.51,11.61,11.51,11.57,62882
ETHI,20220419,11.59,11.63,11.49,11.51,233986
ETHI,20220420,11.55,11.59,11.53,11.53,473269
ETHI,20220421,11.55,11.59,11.53,11.53,473269
ETHI,20220422,11.57,11.57,11.42,11.51,330141
ETHI,20220426,11.52,11.56,11.49,11.51,339485
ETHI,20220427,11.33,11.33,11.27,11.28,464704
ETHI,20220428,11.48,11.48,11.38,11.45,555097
ETHI,20220429,11.53,11.62,11.53,11.61,508596
ETHI,20220502,11.46,11.46,11.31,11.39,794296
ETHI,20220503,11.45,11.45,11.32,11.33,291234
ETHI,20220504,11.47,11.47,11.32,11.35,215853
ETHI,20220505,11.49,11.49,11.38,11.43,123340
ETHI,20220506,11.29,11.29,11.14,11.24,142355
ETHI,20220509,11.15,11.15,11.05,11.13,312983
ETHI,20220510,11,11.01,10.88,10.96,400292
ETHI,20220511,10.96,11.01,10.96,10.99,297669
ETHI,20220512,10.9,10.9,10.78,10.85,240709
ETHI,20220513,10.91,11,10.9,10.96,253264
ETHI,20220516,11.11,11.13,11.07,11.1,218732
ETHI,20220517,11.05,11.05,10.94,10.95,251974
ETHI,20220518,11.1,11.14,11.09,11.09,209237
ETHI,20220519,10.75,10.79,10.74,10.77,632828
ETHI,20220520,10.79,10.85,10.72,10.8,295934
ETHI,20220523,10.86,10.86,10.77,10.81,236865
ETHI,20220524,10.88,10.88,10.77,10.78,457972
ETHI,20220525,10.78,10.83,10.76,10.79,368324
ETHI,20220526,10.86,10.91,10.86,10.88,131958
ETHI,20220527,11.04,11.12,11.01,11.02,223482
ETHI,20220530,11.24,11.3,11.24,11.3,221132
ETHI,20220531,11.3,11.33,11.21,11.21,347062
ETHI,20220601,11.2,11.2,11.11,11.14,198897
ETHI,20220602,11.05,11.05,10.98,11.05,77322
ETHI,20220603,11.1,11.13,11.09,11.13,109635
ETHI,20220606,11.11,11.11,11,11.09,270459
ETHI,20220607,11.09,11.13,10.93,11.01,224529
ETHI,20220608,11.03,11.1,11.03,11.09,184450
ETHI,20220609,11.1,11.1,11.01,11.03,204942
ETHI,20220610,11,11,10.87,10.89,354532
ETHI,20220614,10.49,10.49,10.37,10.49,530851
ETHI,20220615,10.43,10.47,10.39,10.44,207151
ETHI,20220616,10.44,10.5,10.37,10.37,374696
ETHI,20220617,10.12,10.15,10.01,10.11,303253
ETHI,20220620,10.3,10.31,10.18,10.22,283139
ETHI,20220621,10.36,10.37,10.26,10.36,167716
ETHI,20220622,10.4,10.45,10.34,10.35,225024
ETHI,20220623,10.44,10.53,10.44,10.51,311758
ETHI,20220624,10.61,10.69,10.56,10.67,433578
ETHI,20220627,10.83,10.96,10.83,10.91,259975
ETHI,20220628,10.96,10.96,10.83,10.9,277389
ETHI,20220629,10.76,10.76,10.66,10.71,462312
ETHI,20220630,10.74,10.74,10.57,10.57,209842
ETHI,20220701,10.34,10.34,10.24,10.3,366187
ETHI,20220704,10.4,10.44,10.39,10.41,463920
ETHI,20220705,10.45,10.45,10.39,10.43,240761
ETHI,20220706,10.5,10.51,10.44,10.46,175390
ETHI,20220707,10.52,10.56,10.49,10.53,159741
ETHI,20220708,10.66,10.66,10.55,10.59,84794
ETHI,20220711,10.61,10.61,10.53,10.54,128746
ETHI,20220712,10.63,10.71,10.58,10.6,132516
ETHI,20220713,10.61,10.61,10.54,10.57,109421
ETHI,20220714,10.54,10.54,10.46,10.48,120849
ETHI,20220715,10.57,10.57,10.48,10.54,207899
ETHI,20220718,10.62,10.7,10.62,10.7,151273
ETHI,20220719,10.68,10.68,10.53,10.55,241143
ETHI,20220720,10.74,10.8,10.74,10.76,324726
ETHI,20220721,10.82,10.82,10.77,10.81,180895
ETHI,20220722,10.83,10.86,10.8,10.84,732320
ETHI,20220725,10.88,10.88,10.78,10.8,151316
ETHI,20220726,10.82,10.82,10.67,10.72,522797
ETHI,20220727,10.72,10.72,10.63,10.69,254888
ETHI,20220728,10.79,10.84,10.72,10.76,514847
ETHI,20220729,10.9,10.94,10.89,10.92,196212
ETHI,20220801,11,11.02,10.98,10.99,708167
ETHI,20220802,11.02,11.04,10.93,11.04,466129
ETHI,20220803,11.05,11.12,11.04,11.07,223887
ETHI,20220805,11.21,11.24,11.2,11.21,237114
ETHI,20220808,11.21,11.24,11.2,11.22,146710
ETHI,20220809,11.19,11.19,11.125,11.16,201056
ETHI,20220810,11.12,11.12,11.05,11.06,98319
ETHI,20220811,11.23,11.23,11.13,11.16,101350
ETHI,20220812,11.14,11.14,11.08,11.1,149962
ETHI,20220815,11.24,11.28,11.2,11.28,554507
ETHI,20220816,11.39,11.43,11.36,11.4,282663
ETHI,20220817,11.43,11.49,11.4,11.47,187524
ETHI,20220818,11.47,11.49,11.43,11.47,217357
ETHI,20220819,11.5,11.52,11.47,11.48,173059
ETHI,20220822,11.43,11.43,11.31,11.32,227227
ETHI,20220823,11.27,11.27,11.1,11.13,675420
ETHI,20220824,11.1,11.1,10.99,11.04,137320
ETHI,20220825,11.05,11.13,11.03,11.05,456147
ETHI,20220826,11.14,11.15,11.11,11.11,334332
ETHI,20220829,10.86,10.86,10.75,10.82,208413
ETHI,20220830,10.82,10.83,10.76,10.8,634380
ETHI,20220831,10.8,10.81,10.76,10.77,439820
ETHI,20220901,10.65,10.68,10.62,10.63,247268
ETHI,20220902,10.7,10.74,10.7,10.7,639569
ETHI,20220905,10.68,10.68,10.61,10.63,296044
ETHI,20220906,10.64,10.68,10.63,10.67,171689
ETHI,20220907,10.68,10.69,10.65,10.68,508319
ETHI,20220909,10.93,10.95,10.89,10.89,81536
ETHI,20220912,11.03,11.08,10.99,10.99,469852
ETHI,20220913,11,11.07,11,11.07,79453
ETHI,20220914,10.9,10.9,10.77,10.82,96649
ETHI,20220915,10.8,10.85,10.77,10.79,193254
ETHI,20220916,10.75,10.75,10.62,10.7,197901
ETHI,20220919,10.7,10.7,10.61,10.61,282121
ETHI,20220920,10.7,10.71,10.67,10.71,115818
ETHI,20220921,10.59,10.61,10.56,10.6,120826
