FAIR,20171129,15.26,15.26,15.26,15.26,3500
FAIR,20171130,15.15,15.15,15.15,15.15,5000
FAIR,20171201,15.19,15.19,15.18,15.18,50657
FAIR,20171204,15.18,15.18,15.18,15.18,10500
FAIR,20171205,15.15,15.15,15.15,15.15,2640
FAIR,20171206,15.15,15.15,15.15,15.15,0
FAIR,20171207,15.15,15.15,15.15,15.15,0
FAIR,20171208,15.23,15.23,15.2,15.22,6500
FAIR,20171211,15.27,15.27,15.22,15.22,7200
FAIR,20171212,15.23,15.24,15.2,15.24,4798
FAIR,20171213,15.27,15.27,15.23,15.23,1083
FAIR,20171214,15.25,15.25,15.25,15.25,2762
FAIR,20171215,15.16,15.16,15.11,15.11,6224
FAIR,20171218,15.2,15.24,15.2,15.24,910
FAIR,20171219,15.33,15.33,15.33,15.33,1505
FAIR,20171220,15.29,15.31,15.29,15.31,4256
FAIR,20171221,15.2,15.22,15.2,15.22,8051
FAIR,20171222,15.22,15.22,15.22,15.22,300
FAIR,20171227,15.18,15.18,15.18,15.18,600
FAIR,20171228,15.19,15.19,15.19,15.19,4500
FAIR,20171229,15.19,15.19,15.15,15.15,2559
FAIR,20180102,15.15,15.15,15.07,15.07,4372
FAIR,20180103,15.11,15.11,15.11,15.11,1654
FAIR,20180104,15.14,15.14,15.14,15.14,35
FAIR,20180105,15.14,15.14,15.14,15.14,0
FAIR,20180108,15.14,15.14,15.14,15.14,0
FAIR,20180109,15.14,15.14,15.14,15.14,0
FAIR,20180110,15.27,15.27,15.27,15.27,3500
FAIR,20180111,15,15,14.99,14.99,2031
FAIR,20180112,14.97,14.97,14.97,14.97,500
FAIR,20180115,14.97,14.97,14.95,14.95,144193
FAIR,20180116,14.9,14.9,14.9,14.9,1000
FAIR,20180117,14.9,14.9,14.9,14.9,0
FAIR,20180118,14.9,14.91,14.9,14.91,3355
FAIR,20180119,14.91,14.91,14.87,14.87,224761
FAIR,20180122,14.9,14.9,14.89,14.89,59279
FAIR,20180123,14.99,14.99,14.98,14.98,5038
FAIR,20180124,15.11,15.11,15.06,15.06,7765
FAIR,20180125,15.1,15.1,15.06,15.07,183086
FAIR,20180129,15.16,15.18,15.16,15.17,202692
FAIR,20180130,15.06,15.07,15,15,11326
FAIR,20180131,14.95,15.12,14.95,15.12,5000
FAIR,20180201,15.12,15.12,15.12,15.12,0
FAIR,20180202,15.18,15.25,15.16,15.25,6203
FAIR,20180205,15.12,15.12,15.02,15.02,24334
FAIR,20180207,14.66,14.7,14.66,14.67,41823
FAIR,20180208,14.67,14.67,14.67,14.67,0
FAIR,20180209,14.43,14.55,14.43,14.55,1325
FAIR,20180212,14.58,14.58,14.52,14.57,137256
FAIR,20180213,14.55,14.67,14.55,14.67,4942
FAIR,20180214,14.78,14.82,14.75,14.75,3765
FAIR,20180215,14.75,14.75,14.73,14.73,184000
FAIR,20180216,14.87,14.87,14.87,14.87,14438
FAIR,20180219,14.95,14.95,14.95,14.95,1610
FAIR,20180220,14.95,14.97,14.93,14.97,443
FAIR,20180221,15.16,15.2,15.16,15.19,27653
FAIR,20180222,15.17,15.17,15.17,15.17,1249
FAIR,20180223,15.31,15.31,15.3,15.3,2482
FAIR,20180226,15.43,15.43,15.4,15.4,3345
FAIR,20180227,15.49,15.49,15.45,15.45,14974
FAIR,20180228,15.4,15.42,15.36,15.36,13373
FAIR,20180301,15.32,15.32,15.29,15.29,4039
FAIR,20180302,15.18,15.18,15.1,15.15,56365
FAIR,20180305,15.15,15.15,15.11,15.11,30350
FAIR,20180306,15.11,15.11,15.11,15.11,0
FAIR,20180307,15.21,15.21,15.2,15.2,8766
FAIR,20180308,15.3,15.31,15.29,15.31,147300
FAIR,20180309,15.36,15.42,15.36,15.42,29350
FAIR,20180312,15.6,15.6,15.56,15.59,17266
FAIR,20180313,15.56,15.56,15.49,15.49,7081
FAIR,20180314,15.42,15.42,15.41,15.41,3348
FAIR,20180315,15.41,15.42,15.38,15.42,28247
FAIR,20180316,15.45,15.45,15.42,15.42,1304
FAIR,20180319,15.5,15.55,15.49,15.55,9456
FAIR,20180320,15.43,15.49,15.43,15.49,244368
FAIR,20180321,15.48,15.49,15.45,15.49,109398
FAIR,20180322,15.34,15.41,15.33,15.39,62895
FAIR,20180323,15.17,15.21,15.13,15.13,40998
FAIR,20180326,15,15.08,15,15.08,50768
FAIR,20180327,15.18,15.22,15.17,15.22,63942
FAIR,20180328,15.05,15.13,15.05,15.07,138951
FAIR,20180329,15.06,15.06,14.95,14.95,168682
FAIR,20180403,14.81,14.89,14.81,14.86,156468
FAIR,20180404,14.86,14.86,14.86,14.86,0
FAIR,20180405,14.95,14.98,14.95,14.96,60770
FAIR,20180406,14.95,14.95,14.94,14.94,3076
FAIR,20180409,15,15.02,14.99,15.02,77236
FAIR,20180410,15,15,15,15,1331
FAIR,20180411,15.04,15.04,14.98,14.98,100966
FAIR,20180412,14.89,14.89,14.89,14.89,2850
FAIR,20180413,14.96,14.96,14.96,14.96,200
FAIR,20180416,14.94,14.94,14.94,14.94,1300
FAIR,20180417,15.03,15.03,15,15,190040
FAIR,20180418,15.08,15.08,15.07,15.07,23690
FAIR,20180419,15.08,15.11,15.06,15.06,172679
FAIR,20180420,14.97,14.99,14.96,14.99,19649
FAIR,20180423,14.96,14.97,14.91,14.91,42632
FAIR,20180424,14.91,14.91,14.91,14.91,0
FAIR,20180426,15.15,15.15,15.15,15.15,10
FAIR,20180427,15.2,15.2,15.2,15.2,1500
FAIR,20180430,15.31,15.31,15.31,15.31,56992
FAIR,20180501,15.34,15.45,15.34,15.43,38580
FAIR,20180502,15.45,15.47,15.45,15.47,1717
FAIR,20180503,15.72,15.72,15.72,15.72,317
FAIR,20180504,15.71,15.71,15.67,15.67,6331
FAIR,20180507,15.72,15.72,15.7,15.7,86
FAIR,20180508,15.72,15.72,15.68,15.68,47275
FAIR,20180509,15.77,15.78,15.77,15.77,1762
FAIR,20180510,15.79,15.79,15.73,15.73,4468
FAIR,20180511,15.73,15.79,15.73,15.75,41409
FAIR,20180514,15.8,15.8,15.8,15.8,6750
FAIR,20180515,15.75,15.75,15.75,15.75,7594
FAIR,20180516,15.69,15.73,15.69,15.7,7370
FAIR,20180517,15.7,15.7,15.59,15.59,6619
FAIR,20180518,15.6,15.6,15.59,15.59,103866
FAIR,20180521,15.58,15.65,15.58,15.64,19566
FAIR,20180522,15.58,15.58,15.48,15.49,106424
FAIR,20180523,15.49,15.51,15.49,15.51,20515
FAIR,20180524,15.45,15.48,15.45,15.48,57612
FAIR,20180525,15.53,15.55,15.53,15.55,4104
FAIR,20180528,15.54,15.55,15.54,15.55,25677
FAIR,20180529,15.51,15.57,15.51,15.56,35036
FAIR,20180530,15.56,15.56,15.51,15.53,4274
FAIR,20180531,15.56,15.56,15.55,15.55,53716
FAIR,20180601,15.55,15.57,15.53,15.57,58197
FAIR,20180604,15.64,15.64,15.62,15.62,219
FAIR,20180605,15.56,15.62,15.56,15.6,84392
FAIR,20180606,15.65,15.66,15.65,15.66,5132
FAIR,20180607,15.64,15.75,15.64,15.74,65152
FAIR,20180608,15.68,15.74,15.68,15.71,45381
FAIR,20180612,15.74,15.81,15.74,15.81,67678
FAIR,20180613,15.78,15.82,15.7,15.71,15456
FAIR,20180614,15.77,15.77,15.73,15.75,11848
FAIR,20180615,15.94,15.94,15.94,15.94,3133
FAIR,20180618,15.93,15.97,15.89,15.92,5614
FAIR,20180619,16.03,16.03,16.03,16.03,1932
FAIR,20180620,16.09,16.11,16.08,16.11,26519
FAIR,20180621,16.28,16.28,16.28,16.28,61
FAIR,20180622,16.21,16.21,16.18,16.18,79918
FAIR,20180625,16.14,16.14,16.1,16.1,197440
FAIR,20180626,16.03,16.03,16.01,16.02,50245
FAIR,20180627,16.02,16.04,16.01,16.02,474615
FAIR,20180628,16.01,16.05,15.98,16,317906
FAIR,20180629,16,16,15.94,15.94,121135
FAIR,20180702,15.83,15.84,15.75,15.75,18573
FAIR,20180703,15.75,15.85,15.75,15.83,7193
FAIR,20180704,15.79,15.8,15.75,15.75,4556
FAIR,20180705,15.81,15.83,15.78,15.83,12252
FAIR,20180706,15.84,15.84,15.84,15.84,30950
FAIR,20180710,15.92,15.93,15.88,15.88,2807
FAIR,20180711,15.84,15.84,15.8,15.8,1896
FAIR,20180712,15.8,15.8,15.8,15.8,0
FAIR,20180713,16.05,16.05,16.05,16.05,1100
FAIR,20180716,16.02,16.03,16.01,16.01,21566
FAIR,20180717,15.93,15.95,15.91,15.92,8185
FAIR,20180718,16.01,16.01,16,16,18888
FAIR,20180719,15.98,15.99,15.98,15.99,6883
FAIR,20180720,16.02,16.12,16.02,16.11,25508
FAIR,20180723,16.07,16.07,15.94,15.94,7310
FAIR,20180724,16.02,16.02,16.02,16.02,627
FAIR,20180725,16,16,15.97,15.98,7881
FAIR,20180726,15.97,16,15.97,16,18788
FAIR,20180727,16.14,16.15,16.13,16.13,728
FAIR,20180730,16.07,16.07,16.02,16.05,8214
FAIR,20180731,16.04,16.05,15.97,15.99,67022
FAIR,20180801,16.04,16.04,15.99,15.99,19038
FAIR,20180802,15.99,15.99,15.99,15.99,0
FAIR,20180803,16.12,16.12,16.1,16.1,1736
FAIR,20180806,16.13,16.13,16.07,16.07,4167
FAIR,20180807,16.08,16.08,16.02,16.02,10386
FAIR,20180808,16,16.02,15.98,15.99,4976
FAIR,20180809,16.03,16.06,16.03,16.06,2339
FAIR,20180810,16.12,16.12,16.06,16.06,4627
FAIR,20180813,15.99,16.04,15.99,16.04,9116
FAIR,20180814,16.12,16.12,16.11,16.11,2664
FAIR,20180816,16.25,16.38,16.25,16.38,2058
FAIR,20180817,16.39,16.39,16.38,16.38,26831
FAIR,20180820,16.45,16.45,16.4,16.4,2478
FAIR,20180821,16.38,16.38,16.35,16.37,7192
FAIR,20180822,16.33,16.52,16.33,16.52,981
FAIR,20180823,16.53,16.59,16.53,16.59,11856
FAIR,20180824,16.56,16.59,16.53,16.57,21797
FAIR,20180827,16.56,16.58,16.55,16.58,5504
FAIR,20180828,16.7,16.7,16.7,16.7,1600
FAIR,20180829,16.75,16.79,16.75,16.78,10538
FAIR,20180830,16.88,16.88,16.85,16.85,4070
FAIR,20180831,16.85,16.87,16.85,16.85,5073
FAIR,20180903,16.85,16.88,16.84,16.87,10634
FAIR,20180904,16.83,16.85,16.79,16.79,32639
FAIR,20180905,16.78,16.78,16.69,16.69,16844
FAIR,20180906,16.75,16.75,16.44,16.45,8765
FAIR,20180907,16.38,16.38,16.3,16.36,8768
FAIR,20180910,16.42,16.48,16.41,16.43,15169
FAIR,20180913,16.5,16.5,16.36,16.37,70204
FAIR,20180914,16.48,16.48,16.48,16.48,2425
FAIR,20180917,16.48,16.52,16.45,16.52,3334
FAIR,20180918,16.45,16.47,16.41,16.45,51919
FAIR,20180919,16.45,16.45,16.43,16.43,3523
FAIR,20180920,16.32,16.36,16.29,16.3,47206
FAIR,20180921,16.39,16.4,16.38,16.38,229081
FAIR,20180924,16.35,16.36,16.35,16.36,4909
FAIR,20180925,16.38,16.38,16.35,16.35,63427
FAIR,20180926,16.41,16.42,16.38,16.39,20634
FAIR,20180927,16.38,16.42,16.38,16.42,164387
FAIR,20180928,16.45,16.45,16.41,16.41,6665
FAIR,20181001,16.34,16.39,16.34,16.34,3417
FAIR,20181002,16.34,16.36,16.22,16.22,16817
FAIR,20181003,16.22,16.22,16.2,16.2,582
FAIR,20181004,16.26,16.26,16.24,16.24,3562
FAIR,20181005,16.2,16.25,16.2,16.24,6044
FAIR,20181008,16.15,16.15,16.13,16.14,2475
FAIR,20181009,16,16,15.84,15.86,288540
FAIR,20181010,15.88,15.91,15.85,15.89,26652
FAIR,20181011,15.58,15.58,15.44,15.44,257723
FAIR,20181012,15.29,15.45,15.27,15.43,66686
FAIR,20181015,15.27,15.32,15.25,15.28,9303
FAIR,20181016,15.3,15.3,15.26,15.3,5752
FAIR,20181017,15.4,15.63,15.4,15.63,2383
FAIR,20181018,15.62,15.67,15.62,15.66,3190
FAIR,20181019,15.57,15.59,15.57,15.58,5794
FAIR,20181022,15.54,15.54,15.45,15.45,1205
FAIR,20181023,15.42,15.42,15.4,15.41,2197
FAIR,20181024,15.42,15.42,15.42,15.42,2500
FAIR,20181025,15.11,15.14,15.1,15.1,6763
FAIR,20181026,15.08,15.09,14.94,14.96,7027
FAIR,20181030,15.07,15.26,15.03,15.26,48487
FAIR,20181031,15.32,15.42,15.28,15.29,12642
FAIR,20181101,15.32,15.37,15.32,15.35,11401
FAIR,20181102,15.3,15.35,15.29,15.34,45303
FAIR,20181105,15.29,15.39,15.28,15.28,3432
FAIR,20181106,15.31,15.36,15.31,15.36,11507
FAIR,20181107,15.36,15.41,15.28,15.41,10307
FAIR,20181108,15.61,15.61,15.61,15.61,194
FAIR,20181109,15.57,15.59,15.57,15.59,5711
FAIR,20181112,15.66,15.7,15.66,15.7,11268
FAIR,20181113,15.54,15.54,15.49,15.49,131055
FAIR,20181114,15.47,15.47,15.28,15.28,65676
FAIR,20181115,15.32,15.32,15.21,15.21,43073
FAIR,20181116,15.31,15.36,15.3,15.36,3993
FAIR,20181119,15.31,15.31,15.23,15.26,57825
FAIR,20181120,15.23,15.23,15.05,15.05,10891
FAIR,20181121,15.2,15.2,14.84,15.07,18203
FAIR,20181122,15.2,15.2,15.13,15.13,18938
FAIR,20181123,15.18,15.18,15.15,15.15,6828
FAIR,20181126,15.16,15.19,15.1,15.1,1736
FAIR,20181127,15.32,15.32,15.17,15.28,8843
FAIR,20181128,15.31,15.34,15.31,15.33,1312
FAIR,20181129,15.49,15.5,15.45,15.5,21053
FAIR,20181130,15.47,15.47,15.28,15.3,3788
FAIR,20181203,15.49,15.55,15.49,15.53,18228
FAIR,20181204,15.54,15.54,15.46,15.46,14622
FAIR,20181205,15.46,15.46,15.2,15.3,6570
FAIR,20181206,15.35,15.35,15.31,15.31,2556
FAIR,20181207,15.42,15.42,15.42,15.42,128
FAIR,20181210,15.25,15.25,15.02,15.02,28405
FAIR,20181211,15.19,15.19,15.09,15.09,19362
FAIR,20181212,15.31,15.31,15.3,15.3,19313
FAIR,20181213,15.31,15.33,15.28,15.33,219508
FAIR,20181214,15.27,15.27,15.2,15.2,74018
FAIR,20181217,15.18,15.4,15.18,15.4,18035
FAIR,20181218,15.16,15.27,15.16,15.27,21104
FAIR,20181219,15.13,15.15,15.1,15.1,15389
FAIR,20181220,15.11,15.22,15.06,15.06,45022
FAIR,20181221,15.06,15.06,14.91,14.91,3420
FAIR,20181224,14.84,14.84,14.84,14.84,877
FAIR,20181227,15.01,15.13,15.01,15.13,1634
FAIR,20181228,15.22,15.25,15.22,15.25,654
FAIR,20181231,15.25,15.25,15.25,15.25,0
FAIR,20190102,14.99,14.99,14.99,14.99,66
FAIR,20190103,15.06,15.06,15.03,15.03,150
FAIR,20190104,14.87,14.87,14.8,14.8,61180
FAIR,20190107,15.04,15.04,14.99,14.99,5044
FAIR,20190108,15.02,15.02,15.02,15.02,336
FAIR,20190109,15.25,15.25,15.25,15.25,1639
FAIR,20190110,15.26,15.26,15.26,15.26,9525
FAIR,20190111,15.35,15.36,15.35,15.36,35700
FAIR,20190114,15.39,15.39,15.29,15.29,32494
FAIR,20190115,15.38,15.4,15.38,15.4,72070
FAIR,20190116,15.43,15.52,15.43,15.52,32262
FAIR,20190117,15.6,15.6,15.52,15.52,251
FAIR,20190118,15.61,15.65,15.61,15.61,34361
FAIR,20190121,15.68,15.71,15.68,15.68,25141
FAIR,20190122,15.67,15.67,15.64,15.64,62316
FAIR,20190123,15.66,15.69,15.66,15.68,25056
FAIR,20190124,15.73,15.76,15.71,15.73,25793
FAIR,20190125,15.73,15.79,15.73,15.79,6991
FAIR,20190129,15.75,15.75,15.65,15.65,2960
FAIR,20190130,15.74,15.74,15.56,15.56,1842
FAIR,20190131,15.66,15.66,15.65,15.66,41701
FAIR,20190201,15.67,15.67,15.64,15.65,8295
FAIR,20190204,15.66,15.72,15.66,15.72,24135
FAIR,20190205,15.67,15.89,15.67,15.84,12864
FAIR,20190206,15.89,16.01,15.89,16.01,4355
FAIR,20190207,16.19,16.21,16.19,16.19,106466
FAIR,20190208,16.18,16.21,16.14,16.17,30914
FAIR,20190211,16.19,16.19,16.14,16.14,20974
FAIR,20190212,16.19,16.22,16.16,16.22,76912
FAIR,20190213,16.28,16.28,16.22,16.23,58496
FAIR,20190214,16.23,16.24,16.2,16.2,93299
FAIR,20190215,16.19,16.21,16.19,16.2,35832
FAIR,20190218,16.21,16.23,16.15,16.16,37546
FAIR,20190219,16.13,16.21,16.13,16.19,20744
FAIR,20190220,16.18,16.18,16.05,16.05,13116
FAIR,20190221,16.2,16.2,16.04,16.04,4881
FAIR,20190222,16.13,16.26,16.13,16.26,16919
FAIR,20190225,16.38,16.38,16.29,16.29,55250
FAIR,20190226,16.24,16.25,16.13,16.14,95999
FAIR,20190227,16.15,16.25,16.15,16.23,60952
FAIR,20190228,16.27,16.3,16.27,16.3,4359
FAIR,20190301,16.49,16.53,16.49,16.49,28361
FAIR,20190304,16.62,16.64,16.58,16.58,7402
FAIR,20190305,16.53,16.53,16.5,16.52,1954
FAIR,20190306,16.67,16.7,16.66,16.66,16192
FAIR,20190307,16.78,16.82,16.72,16.72,10223
FAIR,20190308,16.73,16.75,16.7,16.7,9734
FAIR,20190311,16.61,16.61,16.61,16.61,24237
FAIR,20190312,16.65,16.71,16.6,16.6,115051
FAIR,20190313,16.52,16.54,16.5,16.5,25675
FAIR,20190314,16.6,16.6,16.54,16.6,15643
FAIR,20190315,16.67,16.71,16.67,16.7,51134
FAIR,20190318,16.72,16.72,16.66,16.68,76547
FAIR,20190319,16.66,16.66,16.6,16.64,39089
FAIR,20190320,16.59,16.69,16.59,16.64,76481
FAIR,20190321,16.6,16.6,16.54,16.54,6657
FAIR,20190322,16.75,16.75,16.74,16.74,696
FAIR,20190325,16.63,16.63,16.55,16.56,3225
FAIR,20190326,16.57,16.64,16.56,16.62,108303
FAIR,20190327,16.58,16.61,16.57,16.6,44720
FAIR,20190328,16.57,16.62,16.56,16.62,13330
FAIR,20190329,16.74,16.8,16.74,16.75,1815
FAIR,20190401,16.8,16.83,16.77,16.77,100468
FAIR,20190402,16.83,16.83,16.8,16.8,59500
FAIR,20190403,16.89,17.15,16.88,17.15,11241
FAIR,20190404,16.88,16.88,16.74,16.75,4843
FAIR,20190405,16.7,16.7,16.55,16.6,13899
FAIR,20190408,16.64,16.68,16.52,16.67,6615
FAIR,20190409,16.71,16.71,16.66,16.66,7052
FAIR,20190410,16.64,16.67,16.64,16.66,6904
FAIR,20190411,16.58,16.61,16.58,16.61,2060
FAIR,20190412,16.68,16.74,16.68,16.74,15563
FAIR,20190415,16.75,16.75,16.7,16.74,79215
FAIR,20190416,16.74,16.86,16.74,16.86,2061
FAIR,20190417,16.9,16.9,16.8,16.81,5870
FAIR,20190418,17,17,16.7,16.71,31778
FAIR,20190423,16.81,16.89,16.81,16.89,32226
FAIR,20190424,17,17.16,17,17.15,26903
FAIR,20190426,17.2,17.24,17.19,17.22,46098
FAIR,20190429,17.24,17.24,17.18,17.18,1314
FAIR,20190430,17.17,17.17,17.1,17.15,12586
FAIR,20190501,17.15,17.23,17.15,17.23,246424
FAIR,20190502,17.21,17.22,17.19,17.19,67106
FAIR,20190503,17.25,17.39,17.25,17.36,163976
FAIR,20190506,17.23,17.24,17.12,17.15,20892
FAIR,20190507,17.29,17.29,17.27,17.27,1875
FAIR,20190508,17.02,17.13,17.02,17.12,106511
FAIR,20190509,17.19,17.23,17.19,17.23,3881
FAIR,20190510,17.18,17.3,17.18,17.26,11597
FAIR,20190513,17.35,17.38,17.33,17.35,22235
FAIR,20190514,17.18,17.23,17.15,17.23,3834
FAIR,20190515,17.28,17.37,17.27,17.36,9846
FAIR,20190516,17.4,17.48,17.4,17.42,163910
FAIR,20190517,17.64,17.69,17.62,17.67,303703
FAIR,20190520,17.73,17.73,17.67,17.72,134469
FAIR,20190521,17.58,17.68,17.58,17.66,3837
FAIR,20190522,17.8,17.8,17.74,17.79,4667
FAIR,20190523,17.8,17.89,17.8,17.89,23760
FAIR,20190524,17.82,17.82,17.77,17.79,49748
FAIR,20190527,17.91,17.91,17.76,17.76,2037
FAIR,20190528,17.77,17.85,17.77,17.85,19254
FAIR,20190529,17.8,17.8,17.66,17.71,27184
FAIR,20190530,17.7,17.7,17.54,17.54,19155
FAIR,20190531,17.59,17.59,17.5,17.5,29457
FAIR,20190603,17.51,17.51,17.39,17.39,6303
FAIR,20190604,17.35,17.35,17.3,17.3,1052
FAIR,20190605,17.5,17.5,17.37,17.37,2189
FAIR,20190606,17.38,17.56,17.38,17.46,25785
FAIR,20190607,17.62,17.68,17.62,17.62,1278
FAIR,20190611,17.85,18.05,17.85,18.05,44367
FAIR,20190612,18.03,18.04,17.98,17.99,63510
FAIR,20190613,18.07,18.07,17.99,17.99,2641
FAIR,20190614,18.07,18.08,18,18,7822
FAIR,20190617,18.04,18.04,17.97,18,41320
FAIR,20190618,18.01,18.07,17.97,18.07,6328
FAIR,20190619,18.13,18.21,18.13,18.21,24516
FAIR,20190620,18.34,18.35,18.28,18.3,19339
FAIR,20190621,18.31,18.31,18.17,18.17,20804
FAIR,20190624,18.3,18.31,18.07,18.21,27796
FAIR,20190625,18.19,18.28,18.18,18.23,46243
FAIR,20190626,18.15,18.23,18.15,18.22,126929
FAIR,20190627,18.1,18.18,18.1,18.16,12884
FAIR,20190628,18.14,18.21,18.14,18.16,150079
FAIR,20190701,18,18,17.82,17.88,48135
FAIR,20190702,17.9,17.99,17.89,17.93,41197
FAIR,20190703,17.95,18.08,17.95,18.08,49175
FAIR,20190704,18.2,18.2,18.13,18.13,8721
FAIR,20190705,18.2,18.33,18.13,18.33,49006
FAIR,20190708,18.3,18.3,18.07,18.07,17123
FAIR,20190709,18.05,18.05,18.03,18.03,4249
FAIR,20190710,18.21,18.22,18.2,18.21,8888
FAIR,20190711,18.21,18.3,18.19,18.3,37860
FAIR,20190712,18.29,18.29,18.25,18.26,13328
FAIR,20190715,18.26,18.26,18.08,18.08,96131
FAIR,20190716,18.07,18.09,18.05,18.07,9119
FAIR,20190717,18,18.08,17.99,18.07,27229
FAIR,20190718,18.1,18.14,18.08,18.08,7723
FAIR,20190719,18.08,18.2,18.08,18.18,198501
FAIR,20190722,18.19,18.19,18.03,18.05,253846
FAIR,20190723,18.08,18.14,18.08,18.12,326839
FAIR,20190724,18.27,18.33,18.25,18.33,14101
FAIR,20190725,18.49,18.5,18.46,18.49,9597
FAIR,20190726,18.44,18.47,18.38,18.47,203896
FAIR,20190729,18.47,18.55,18.47,18.53,69451
FAIR,20190730,18.67,18.68,18.58,18.58,14193
FAIR,20190731,18.54,18.57,18.5,18.5,11529
FAIR,20190801,18.45,18.48,18.45,18.45,29971
FAIR,20190802,18.46,18.53,18.44,18.52,172678
FAIR,20190805,18.56,18.56,18.14,18.14,21355
FAIR,20190806,18.02,18.02,17.52,17.57,37502
FAIR,20190807,17.61,17.79,17.6,17.77,124516
FAIR,20190808,17.68,17.85,17.64,17.83,16581
FAIR,20190809,17.95,17.95,17.9,17.94,18625
FAIR,20190812,17.88,17.95,17.88,17.92,81318
FAIR,20190813,17.95,17.97,17.9,17.91,3951
FAIR,20190814,18,18.02,17.95,17.95,11940
FAIR,20190815,17.81,17.81,17.51,17.51,16360
FAIR,20190816,17.5,17.56,17.5,17.51,141274
FAIR,20190819,17.7,17.7,17.63,17.67,7695
FAIR,20190820,17.74,17.94,17.74,17.92,51071
FAIR,20190821,17.82,17.85,17.7,17.73,34050
FAIR,20190822,17.89,18,17.75,18,264042
FAIR,20190823,17.8,17.83,17.75,17.82,9138
FAIR,20190826,17.68,17.68,17.51,17.55,9404
FAIR,20190827,17.69,17.76,17.69,17.76,9807
FAIR,20190828,17.85,17.9,17.75,17.9,12305
FAIR,20190829,17.9,17.9,17.8,17.86,10076
FAIR,20190830,18.09,18.11,18.06,18.06,12855
FAIR,20190902,18.06,18.11,18,18.02,128926
FAIR,20190903,17.94,18.04,17.94,18.01,19933
FAIR,20190904,17.86,17.94,17.86,17.94,25202
FAIR,20190905,17.99,18.07,17.99,18.05,37673
FAIR,20190906,18.15,18.2,18.15,18.18,8060
FAIR,20190909,18.2,18.26,18.19,18.2,18175
FAIR,20190910,18.11,18.11,17.89,17.89,24682
FAIR,20190911,17.91,17.91,17.75,17.78,11900
FAIR,20190912,17.87,17.94,17.81,17.81,93953
FAIR,20190913,17.84,17.86,17.8,17.81,5345
FAIR,20190916,17.68,17.71,17.67,17.68,16918
FAIR,20190917,17.72,17.78,17.68,17.78,14350
FAIR,20190918,17.87,17.87,17.78,17.78,3386
FAIR,20190919,17.87,17.96,17.87,17.9,9309
FAIR,20190920,18.08,18.09,17.94,17.94,27395
FAIR,20190923,17.97,17.99,17.97,17.98,4069
FAIR,20190924,17.95,17.97,17.94,17.97,9538
FAIR,20190925,17.81,17.92,17.8,17.91,8933
FAIR,20190926,17.9,17.93,17.78,17.78,1554
FAIR,20190927,17.91,17.91,17.86,17.87,8846
FAIR,20190930,18.17,18.17,17.84,17.87,6777
FAIR,20191001,17.85,18.04,17.85,18.04,22536
FAIR,20191002,17.98,17.98,17.8,17.8,14385
FAIR,20191003,17.6,17.6,17.39,17.45,35966
FAIR,20191004,17.51,17.57,17.47,17.57,25753
FAIR,20191007,17.64,17.66,17.62,17.66,2303
FAIR,20191008,17.77,17.79,17.74,17.74,26511
FAIR,20191009,17.61,17.7,17.6,17.68,306759
FAIR,20191010,17.65,17.73,17.63,17.65,28311
FAIR,20191011,17.78,17.78,17.72,17.72,23496
FAIR,20191014,17.88,17.92,17.83,17.83,4530
FAIR,20191015,17.81,17.92,17.81,17.92,6116
FAIR,20191016,18.07,18.19,18.06,18.18,26128
FAIR,20191017,18.26,18.26,18.09,18.09,42170
FAIR,20191018,18.04,18.06,18,18.05,130642
FAIR,20191021,17.94,18.07,17.94,18.07,15336
FAIR,20191022,18.06,18.06,18,18.04,9398
FAIR,20191023,18.04,18.04,17.88,17.95,22366
FAIR,20191024,18.08,18.08,17.97,17.97,22060
FAIR,20191025,18.11,18.16,18.1,18.12,63856
FAIR,20191028,18.26,18.26,18.12,18.12,17645
FAIR,20191029,18.22,18.22,18.14,18.19,6005
FAIR,20191030,18.13,18.15,18.06,18.06,11033
FAIR,20191031,18.1,18.1,18.02,18.02,7289
FAIR,20191101,18.05,18.16,18.04,18.14,9154
FAIR,20191104,18.3,18.32,18.17,18.17,142279
FAIR,20191105,18.27,18.29,18.15,18.2,13049
FAIR,20191106,18.2,18.2,17.92,17.93,26909
FAIR,20191107,17.93,18.07,17.93,18.07,4679
FAIR,20191108,18.14,18.14,18.05,18.05,3541
FAIR,20191111,18.17,18.29,18.17,18.29,19007
FAIR,20191112,18.41,18.41,18.26,18.27,26219
FAIR,20191113,18.36,18.36,18.22,18.23,57680
FAIR,20191114,18.23,18.41,18.23,18.37,13562
FAIR,20191115,18.48,18.51,18.46,18.49,17911
FAIR,20191118,18.51,18.51,18.39,18.43,47358
FAIR,20191119,18.57,18.62,18.5,18.62,20649
FAIR,20191120,18.65,18.65,18.43,18.45,5632
FAIR,20191121,18.36,18.4,18.3,18.37,334077
FAIR,20191122,18.4,18.46,18.4,18.44,11420
FAIR,20191125,18.57,18.57,18.52,18.53,5496
FAIR,20191126,18.6,18.65,18.6,18.63,44518
FAIR,20191127,18.7,18.84,18.7,18.84,28809
FAIR,20191128,19.07,19.07,18.9,18.92,11324
FAIR,20191129,19,19.03,18.98,18.99,8637
FAIR,20191202,19.01,19.06,18.95,19.03,15702
FAIR,20191203,19.5,19.5,18.5,18.5,29307
FAIR,20191204,18.5,18.5,18.29,18.3,18523
FAIR,20191205,18.41,18.48,18.4,18.48,27206
FAIR,20191206,18.5,18.61,18.5,18.61,66225
FAIR,20191209,18.65,18.66,18.59,18.59,29868
FAIR,20191210,18.7,18.7,18.54,18.55,110437
FAIR,20191211,18.58,18.63,18.48,18.63,93329
FAIR,20191212,18.63,18.63,18.43,18.43,41137
FAIR,20191213,18.5,18.5,18.4,18.45,41976
FAIR,20191216,18.5,18.78,18.5,18.78,67829
FAIR,20191217,18.81,18.84,18.78,18.78,24742
FAIR,20191218,18.85,18.85,18.81,18.85,22106
FAIR,20191219,18.85,18.86,18.76,18.76,22249
FAIR,20191220,18.85,18.86,18.76,18.78,44761
FAIR,20191223,18.81,18.81,18.73,18.77,12840
FAIR,20191224,18.75,18.75,18.68,18.68,13512
FAIR,20191227,18.71,18.74,18.68,18.74,2887
FAIR,20191230,18.84,18.84,18.7,18.82,5914
FAIR,20191231,18.83,18.83,18.4,18.42,21839
FAIR,20200102,18.12,18.18,18.1,18.14,4859
FAIR,20200103,18.38,18.44,18.25,18.28,9418
FAIR,20200106,18.2,18.29,18.09,18.29,208005
FAIR,20200107,18.34,18.55,18.34,18.55,41636
FAIR,20200108,18.58,18.58,18.3,18.46,17080
FAIR,20200109,18.65,18.71,18.65,18.65,9596
FAIR,20200113,18.82,18.82,18.71,18.8,22693
FAIR,20200114,18.83,18.91,18.75,18.91,248759
FAIR,20200115,18.94,19.05,18.93,19.05,117434
FAIR,20200116,19.32,19.32,19.14,19.18,12099
FAIR,20200117,19.35,19.35,19.25,19.26,15795
FAIR,20200120,19.29,19.29,19.17,19.17,20982
FAIR,20200121,19.22,19.22,19.08,19.11,22252
FAIR,20200122,19.22,19.41,19.17,19.41,195142
FAIR,20200123,19.49,19.49,19.29,19.35,17292
FAIR,20200124,19.36,19.36,19.29,19.3,143476
FAIR,20200128,19,19.14,18.94,19.06,21106
FAIR,20200129,19.23,19.25,19.18,19.23,19748
FAIR,20200130,19.25,19.25,19.1,19.14,93074
FAIR,20200203,19.1,19.1,18.94,19,153598
FAIR,20200204,19,19.15,19,19.09,20906
FAIR,20200205,19.28,19.28,19.18,19.23,257723
FAIR,20200210,19.35,19.37,19.26,19.33,42589
FAIR,20200211,19.42,19.5,19.38,19.42,60748
FAIR,20200212,19.45,19.54,19.42,19.5,11371
FAIR,20200213,19.64,19.64,19.37,19.37,14900
FAIR,20200214,19.43,19.45,19.35,19.44,32747
FAIR,20200217,19.47,19.49,19.41,19.48,50487
FAIR,20200218,19.45,19.45,19.29,19.37,81484
FAIR,20200219,19.5,19.5,19.39,19.49,27259
FAIR,20200220,19.72,19.72,19.51,19.51,93268
FAIR,20200221,19.65,19.65,19.42,19.46,36505
FAIR,20200224,19.46,19.47,19,19.01,162704
FAIR,20200225,18.9,18.9,18.53,18.77,160796
FAIR,20200226,18.5,18.51,18.38,18.44,67563
FAIR,20200227,18.5,18.52,18.31,18.35,38674
FAIR,20200228,18.3,18.3,17.77,17.83,105212
FAIR,20200302,17.47,17.81,17.3,17.76,67645
FAIR,20200303,19.01,19.01,18.06,18.19,172957
FAIR,20200304,17.84,17.98,17.81,17.91,180482
FAIR,20200305,18.28,18.38,18.21,18.26,34762
FAIR,20200306,18.2,18.2,17.95,17.95,198894
FAIR,20200309,17.8,17.8,17.1,17.1,157490
FAIR,20200310,16.9,17.31,16.43,17.21,105090
FAIR,20200311,18,18,17.05,17.05,39901
FAIR,20200312,16.71,16.76,15.83,15.99,152609
FAIR,20200313,15.45,16.28,14.9,16.2,39646
FAIR,20200316,16.1,16.1,15.42,15.5,140860
FAIR,20200317,14.94,15.8,14.94,15.66,180513
FAIR,20200318,15.75,15.75,14.8,14.8,96782
FAIR,20200319,15.05,15.24,14.41,14.41,107605
FAIR,20200320,14.67,14.91,14.29,14.3,15736
FAIR,20200323,14.28,14.28,13.06,13.52,70657
FAIR,20200324,13.57,14.05,13.57,13.92,11218
FAIR,20200325,14.47,14.73,14.05,14.14,33487
FAIR,20200326,14.8,15.2,14.75,15.04,45907
FAIR,20200327,15.3,15.34,14.5,14.5,90511
FAIR,20200330,14.21,15.12,14.17,15.11,41298
FAIR,20200331,15.55,15.88,15.1,15.16,422733
FAIR,20200401,15.52,15.78,15.44,15.64,27697
FAIR,20200402,15.31,15.54,15.29,15.5,52543
FAIR,20200403,15.62,15.62,15,15,41853
FAIR,20200406,15.31,15.65,15.25,15.65,19136
FAIR,20200407,16,16,15.36,15.52,65429
FAIR,20200408,15.29,15.74,15.2,15.56,33101
FAIR,20200409,15.74,15.81,15.6,15.81,101569
FAIR,20200414,16,16.08,15.8,16.08,48770
FAIR,20200415,16.24,16.32,16.05,16.12,31268
FAIR,20200416,16.1,16.12,15.98,16.1,14735
FAIR,20200417,16.41,16.57,16.4,16.5,43888
FAIR,20200420,16.55,16.55,16.11,16.11,45551
FAIR,20200421,16.1,16.1,15.67,15.67,29001
FAIR,20200422,15.38,15.74,15.33,15.66,23989
FAIR,20200423,15.78,15.83,15.5,15.5,20502
FAIR,20200424,15.54,15.63,15.45,15.54,28770
FAIR,20200427,15.66,15.94,15.58,15.88,54434
FAIR,20200428,16.07,16.11,15.93,15.99,55426
FAIR,20200429,16,16.01,15.88,15.94,27443
FAIR,20200430,16.14,16.26,16.04,16.22,40345
FAIR,20200501,16.7,16.7,15.72,15.72,41624
FAIR,20200504,15.7,15.85,15.47,15.84,45729
FAIR,20200505,15.94,15.98,15.88,15.96,13944
FAIR,20200506,16.04,16.07,15.92,16.07,33116
FAIR,20200507,16.14,16.8,15.97,16,17101
FAIR,20200508,16.1,16.18,16.1,16.14,53105
FAIR,20200511,16.2,16.37,16.2,16.37,22248
FAIR,20200512,16.4,16.4,16.2,16.3,50232
FAIR,20200513,16.3,16.62,15.97,16.22,52848
FAIR,20200514,16.16,16.16,16.06,16.06,14443
FAIR,20200515,16.14,16.14,16,16.1,24355
FAIR,20200518,16.3,16.34,16.26,16.26,36585
FAIR,20200519,16.68,16.68,16.38,16.4,22384
FAIR,20200520,16.3,16.51,16.25,16.48,103810
FAIR,20200521,16.68,16.68,16.45,16.5,26745
FAIR,20200522,16.48,16.48,16.3,16.3,37250
FAIR,20200525,16.5,16.63,16.5,16.63,71748
FAIR,20200526,16.8,17.1,16.74,17.1,65312
FAIR,20200527,17.12,17.13,16.89,17,514782
FAIR,20200528,17.13,17.22,17.01,17.04,67424
FAIR,20200529,17.02,17.03,16.86,16.99,168492
FAIR,20200601,16.95,16.95,16.75,16.88,29932
FAIR,20200602,16.99,17.01,16.87,16.94,20332
FAIR,20200603,17.11,17.2,17,17.2,59801
FAIR,20200604,17.31,17.43,17.22,17.31,328790
FAIR,20200605,17.32,17.32,17.18,17.22,57384
FAIR,20200609,17.7,17.7,17.38,17.38,36579
FAIR,20200610,17.34,17.49,17.3,17.49,69378
FAIR,20200611,17.47,17.47,17.1,17.11,46964
FAIR,20200612,17.15,17.16,16.73,16.84,80016
FAIR,20200615,16.84,16.85,16.52,16.54,105051
FAIR,20200616,16.91,17.2,16.91,17.18,67753
FAIR,20200617,17.23,17.44,17.23,17.44,63900
FAIR,20200618,17.59,17.59,17.22,17.32,40978
FAIR,20200619,17.42,17.59,17.39,17.39,75675
FAIR,20200622,17.32,17.36,17.18,17.3,29169
FAIR,20200623,17.34,17.48,17.18,17.3,41384
FAIR,20200624,17.47,17.53,17.41,17.53,34917
FAIR,20200625,17.27,17.4,17.15,17.15,437822
FAIR,20200626,17.25,17.33,17.18,17.3,19427
FAIR,20200629,17.25,17.26,17.1,17.2,19559
FAIR,20200630,18.5,18.5,17.35,17.45,268271
FAIR,20200701,17.15,17.21,17.04,17.09,27031
FAIR,20200702,17.1,17.34,17.1,17.29,60897
FAIR,20200703,17.53,17.63,17.43,17.5,115272
FAIR,20200706,17.5,17.58,17.45,17.45,26742
FAIR,20200707,17.56,19,17.4,17.4,28932
FAIR,20200708,17.42,17.46,17.14,17.14,88570
FAIR,20200709,17.27,17.27,17.16,17.16,37013
FAIR,20200710,17.2,17.2,17.09,17.1,332206
FAIR,20200713,17.32,17.32,17.05,17.11,30261
FAIR,20200714,17.08,17.13,16.97,17,54386
FAIR,20200715,17.22,17.31,17.2,17.29,25759
FAIR,20200716,17.38,17.45,17.15,17.16,50064
FAIR,20200717,17.21,17.31,17.13,17.16,15174
FAIR,20200720,17.23,17.45,17.1,17.13,57520
FAIR,20200721,17.26,17.58,17.26,17.58,54060
FAIR,20200722,17.55,17.55,17.3,17.33,71840
FAIR,20200723,17.35,17.44,17.3,17.4,67293
FAIR,20200724,17.6,17.61,17.12,17.13,24655
FAIR,20200727,17.14,17.15,17.07,17.1,37419
FAIR,20200728,17.22,17.27,17.04,17.07,167365
FAIR,20200729,17.02,17.04,16.95,16.96,43694
FAIR,20200730,17.05,17.18,17.05,17.14,63819
FAIR,20200731,17.15,17.15,16.8,16.8,44553
FAIR,20200803,16.8,17.04,16.8,16.96,183084
FAIR,20200804,17.18,17.33,17.18,17.31,22837
FAIR,20200805,17.3,17.3,17.06,17.09,25163
FAIR,20200806,17.11,17.11,16.93,16.96,68540
FAIR,20200807,16.96,16.96,16.85,16.85,34052
FAIR,20200810,16.95,17.03,16.92,17.02,69258
FAIR,20200811,17.02,17.14,16.95,17.06,34327
FAIR,20200812,17.08,17.08,16.91,16.96,61234
FAIR,20200813,17.13,17.13,16.9,16.9,32607
FAIR,20200814,16.96,17.05,16.96,17.01,288295
FAIR,20200817,16.9,16.98,16.85,16.94,114961
FAIR,20200818,17.01,17.3,17.01,17.23,101735
FAIR,20200819,17.99,17.99,17.21,17.41,63683
FAIR,20200820,17.47,17.47,17.32,17.38,36781
FAIR,20200821,17.5,17.53,17.4,17.43,17852
FAIR,20200824,17.53,17.56,17.39,17.56,44772
FAIR,20200825,17.7,17.73,17.55,17.57,60418
FAIR,20200826,17.58,17.64,17.51,17.61,146838
FAIR,20200827,17.6,17.71,17.54,17.54,134799
FAIR,20200828,17.53,17.54,17.4,17.44,35157
FAIR,20200831,17.42,17.45,17.37,17.41,28694
FAIR,20200901,17.2,17.21,17,17.14,103263
FAIR,20200902,17.2,17.44,17.2,17.43,231243
FAIR,20200903,17.68,17.7,17.53,17.57,50409
FAIR,20200904,17.48,17.48,16.99,16.99,90317
FAIR,20200907,17.2,17.2,16.8,16.91,246762
FAIR,20200908,17.12,17.18,17.02,17.03,100305
FAIR,20200909,17.01,17.01,16.69,16.78,93128
FAIR,20200910,17.02,17.05,16.85,16.87,1370569
FAIR,20200911,16.83,16.88,16.73,16.86,15908
FAIR,20200914,16.89,16.89,16.8,16.83,92336
FAIR,20200915,16.91,16.91,16.83,16.88,43310
FAIR,20200916,16.96,17.12,16.96,17.03,400151
FAIR,20200917,17.28,17.28,16.95,16.95,144616
FAIR,20200918,16.96,16.97,16.81,16.85,59323
FAIR,20200921,17.33,17.33,16.69,16.69,170272
FAIR,20200922,16.65,16.79,16.65,16.76,14434
FAIR,20200923,16.95,17.33,16.93,17.33,196548
FAIR,20200924,17,17.04,16.94,17.03,70782
FAIR,20200925,17.13,17.16,17.05,17.08,62901
FAIR,20200928,17.11,17.22,17.11,17.17,22014
FAIR,20200929,17.26,17.26,17.1,17.12,23838
FAIR,20200930,17.13,17.13,16.87,16.88,32786
FAIR,20201001,16.93,17.12,16.92,17.06,143540
FAIR,20201002,17.04,17.04,16.8,16.8,69446
FAIR,20201005,17,17.17,17,17.17,9628
FAIR,20201006,17.24,17.24,17.04,17.17,36457
FAIR,20201007,17.13,17.36,17.13,17.33,89798
FAIR,20201008,17.5,17.6,17.47,17.53,37769
FAIR,20201009,17.55,17.61,17.53,17.6,73620
FAIR,20201012,17.58,17.9,17.53,17.9,38939
FAIR,20201013,17.81,17.9,17.77,17.9,48397
FAIR,20201014,17.85,17.94,17.85,17.9,63340
FAIR,20201015,17.94,17.94,17.86,17.92,15013
FAIR,20201016,17.92,17.92,17.78,17.81,92247
FAIR,20201019,17.92,17.97,17.89,17.94,116372
FAIR,20201020,17.92,17.99,17.85,17.86,402578
FAIR,20201021,17.93,17.93,17.8,17.81,831840
FAIR,20201022,17.71,17.79,17.58,17.73,57669
FAIR,20201023,18.03,18.03,17.65,17.69,26545
FAIR,20201026,17.71,17.89,17.71,17.89,26463
FAIR,20201027,17.69,17.69,17.38,17.44,161842
FAIR,20201028,17.36,17.57,17.36,17.54,126230
FAIR,20201029,17.35,17.37,17.21,17.28,77903
FAIR,20201030,17.33,17.36,17.14,17.14,92834
FAIR,20201102,17.46,17.47,17.07,17.43,55491
FAIR,20201103,17.37,17.53,17.3,17.48,19017
FAIR,20201104,17.51,17.66,17.39,17.57,44570
FAIR,20201105,17.77,18,17.77,17.94,38934
FAIR,20201106,18,18.07,17.92,17.95,449346
FAIR,20201109,18.4,18.63,18.18,18.63,31691
FAIR,20201110,19.2,19.2,18.25,18.27,134231
FAIR,20201111,18.5,18.87,18.47,18.87,39185
FAIR,20201112,18.73,18.79,18.61,18.61,69963
FAIR,20201113,18.59,18.64,18.52,18.53,45662
FAIR,20201116,18.9,18.91,18.77,18.77,4786
FAIR,20201117,18.89,18.89,18.65,18.69,73526
FAIR,20201118,18.74,18.77,18.67,18.68,49416
FAIR,20201120,18.69,18.72,18.63,18.67,68171
FAIR,20201123,18.67,18.7,18.6,18.61,23135
FAIR,20201124,18.7,18.77,18.65,18.77,111075
FAIR,20201125,18.92,19,18.65,18.66,73980
FAIR,20201126,18.77,18.78,18.65,18.67,65927
FAIR,20201127,18.8,18.81,18.65,18.71,49102
FAIR,20201130,18.82,18.82,18.57,18.7,33971
FAIR,20201201,18.72,18.83,18.57,18.73,180199
FAIR,20201202,18.73,18.77,18.6,18.7,122602
FAIR,20201203,18.75,18.75,18.53,18.55,29283
FAIR,20201204,18.75,18.76,18.5,18.6,31450
FAIR,20201207,18.6,18.69,18.48,18.52,279674
FAIR,20201208,18.52,18.59,18.49,18.56,46398
FAIR,20201209,18.69,18.71,18.61,18.62,49284
FAIR,20201210,18.7,18.7,18.45,18.5,1310751
FAIR,20201211,18.41,18.41,18.28,18.3,59558
FAIR,20201214,18.31,18.42,18.28,18.38,124349
FAIR,20201215,18.4,18.48,18.32,18.38,48338
FAIR,20201216,18.54,18.54,18.42,18.42,67221
FAIR,20201217,18.5,18.6,18.5,18.58,68341
FAIR,20201218,18.6,18.61,18.3,18.3,118895
FAIR,20201221,18.33,18.33,18.19,18.225,90417
FAIR,20201222,18.26,18.44,18.13,18.14,166378
FAIR,20201224,18.37,18.37,18.37,18.37,0
FAIR,20201229,18.51,18.6,18.48,18.6,17778
FAIR,20201230,18.56,18.56,18.37,18.4,30453
FAIR,20201231,18.48,18.48,18.3,18.3,14234
FAIR,20210104,18.3,18.38,18.19,18.22,43930
FAIR,20210105,18.3,18.31,18.08,18.2,32782
FAIR,20210106,18.19,18.19,17.98,17.98,45833
FAIR,20210107,18.07,18.18,17.94,17.94,132461
FAIR,20210108,17.98,18.05,17.95,18.01,58059
FAIR,20210111,18.1,18.1,17.9,17.92,167922
FAIR,20210112,17.91,18.01,17.88,17.91,85653
FAIR,20210113,17.9,17.9,17.72,17.83,24820
FAIR,20210114,17.93,17.98,17.89,17.98,45532
FAIR,20210115,18.1,18.1,17.85,18.02,41505
FAIR,20210118,17.95,17.95,17.84,17.91,64124
FAIR,20210119,18,18.25,18,18.05,46070
FAIR,20210120,18.23,18.34,18.08,18.2,513456
FAIR,20210121,18.3,18.37,18.19,18.21,93848
FAIR,20210122,18.22,18.34,18.22,18.3,71691
FAIR,20210125,18.4,18.4,18.25,18.33,93210
FAIR,20210127,18.38,18.49,18.37,18.42,75565
FAIR,20210128,18.36,18.36,17.93,18.05,84214
FAIR,20210129,18.22,18.26,17.96,18.03,49325
FAIR,20210201,18.03,18.07,17.8,18.04,44208
FAIR,20210203,18.35,18.53,18.35,18.52,164659
FAIR,20210204,18.54,18.6,18.29,18.29,92271
FAIR,20210205,18.49,18.5,18.4,18.46,35251
FAIR,20210208,18.42,18.46,18.38,18.41,31769
FAIR,20210209,18.36,18.38,18.27,18.27,68708
FAIR,20210210,18.31,18.54,18.26,18.39,91521
FAIR,20210211,18.41,18.41,18.25,18.27,43057
FAIR,20210212,18.29,18.34,18.22,18.22,82088
FAIR,20210215,18.3,18.39,18.3,18.35,86165
FAIR,20210216,18.4,18.435,18.3,18.41,135066
FAIR,20210217,18.4,18.6,18.14,18.6,68788
FAIR,20210218,18.21,18.21,18.01,18.02,64625
FAIR,20210219,18.06,18.08,17.91,18,71369
FAIR,20210222,17.91,17.93,17.75,17.84,130340
FAIR,20210223,17.75,17.83,17.65,17.83,102425
FAIR,20210224,17.83,17.87,17.7,17.78,84696
FAIR,20210225,17.81,17.9,17.73,17.9,36503
FAIR,20210226,17.64,17.64,17.35,17.47,104855
FAIR,20210301,17.6,17.86,17.6,17.79,65140
FAIR,20210302,17.98,18.01,17.79,17.79,64933
FAIR,20210303,17.84,17.84,17.75,17.75,24668
FAIR,20210304,17.64,17.65,17.48,17.48,63851
FAIR,20210305,17.48,17.54,17.32,17.36,44620
FAIR,20210308,17.67,17.73,17.41,17.43,11952
FAIR,20210309,17.53,17.53,17.35,17.41,118222
FAIR,20210310,17.45,17.6,17.45,17.5,65259
FAIR,20210311,17.45,17.6,17.45,17.5,65259
FAIR,20210312,17.6,17.65,17.53,17.62,61728
FAIR,20210315,17.71,17.73,17.62,17.69,57890
FAIR,20210316,17.78,18.04,17.78,17.98,174484
FAIR,20210317,18,18.08,17.91,17.98,49216
FAIR,20210318,18.01,18.04,17.77,17.77,24669
FAIR,20210319,17.71,17.89,17.6,17.86,71206
FAIR,20210322,17.81,17.9,17.74,17.85,45941
FAIR,20210323,17.9,18.07,17.9,17.96,101280
FAIR,20210324,17.96,18.24,17.96,18.18,30210
FAIR,20210325,18.21,18.25,18.11,18.12,71523
FAIR,20210329,18.27,18.27,18.08,18.1,60646
FAIR,20210330,18.21,18.22,17.91,17.91,77763
FAIR,20210331,18.09,18.25,17.96,18.17,61462
FAIR,20210401,18.17,18.24,18.11,18.22,44651
FAIR,20210406,18.35,18.46,18.31,18.41,41815
FAIR,20210407,18.5,18.6,18.5,18.54,46340
FAIR,20210408,18.64,18.7,18.6,18.67,40294
FAIR,20210409,18.76,18.76,18.61,18.7,16525
FAIR,20210412,18.8,18.8,18.62,18.7,46001
FAIR,20210413,18.78,18.84,18.74,18.78,44629
FAIR,20210414,18.94,18.94,18.81,18.94,70637
FAIR,20210415,18.79,18.99,18.7,18.99,54778
FAIR,20210416,19,19,18.89,18.96,38674
FAIR,20210419,19.01,19.05,18.87,18.87,49311
FAIR,20210420,18.85,18.89,18.78,18.84,68058
FAIR,20210421,18.7,18.76,18.54,18.76,711024
FAIR,20210422,19.1,19.1,18.76,19.1,166322
FAIR,20210423,19.18,19.18,18.89,18.97,57836
FAIR,20210426,19.06,19.06,18.85,18.92,42909
FAIR,20210427,18.94,18.94,18.76,18.81,83289
FAIR,20210428,18.94,19.03,18.88,19.02,64213
FAIR,20210429,19.05,19.1,19,19.07,46044
FAIR,20210430,19.07,19.11,18.92,18.95,78599
FAIR,20210503,18.99,19.02,18.88,18.92,161803
FAIR,20210504,19.09,19.09,18.86,18.93,147105
FAIR,20210505,18.87,19.02,18.85,18.95,45394
FAIR,20210506,19.06,19.06,18.76,18.79,65583
FAIR,20210507,18.8,18.81,18.67,18.67,122931
FAIR,20210510,18.76,18.79,18.66,18.73,57729
FAIR,20210511,18.75,18.75,18.53,18.61,129277
FAIR,20210512,18.56,18.58,18.38,18.45,63975
FAIR,20210513,18.39,18.41,18.18,18.18,24180
FAIR,20210514,18.31,18.45,18.31,18.34,40175
FAIR,20210517,18.54,18.54,18.35,18.38,45015
FAIR,20210518,18.47,18.47,18.27,18.32,42483
FAIR,20210519,18.25,18.25,18.055,18.09,345844
FAIR,20210520,18.1,18.36,18.09,18.35,26740
FAIR,20210521,18.53,18.58,18.43,18.47,45285
FAIR,20210524,18.51,18.6,18.48,18.6,64908
FAIR,20210525,18.7,18.77,18.65,18.77,51183
FAIR,20210526,18.82,18.85,18.71,18.75,200930
FAIR,20210527,18.84,18.84,18.56,18.76,168230
FAIR,20210528,18.85,18.86,18.68,18.81,188115
FAIR,20210531,18.81,18.94,18.79,18.85,262621
FAIR,20210601,18.86,18.86,18.72,18.84,44741
FAIR,20210602,18.87,18.88,18.71,18.83,40588
FAIR,20210603,18.85,19.03,18.85,18.97,27186
FAIR,20210604,19.02,19.1,18.95,19.09,28112
FAIR,20210607,19.15,19.2,19.09,19.2,26537
FAIR,20210609,19.24,19.41,19.18,19.2,26084
FAIR,20210610,19.32,19.4,19.26,19.39,48722
FAIR,20210611,19.44,19.45,19.34,19.43,93970
FAIR,20210615,19.5,19.65,19.5,19.64,45212
FAIR,20210616,19.8,19.8,19.63,19.65,78009
FAIR,20210617,19.76,19.76,19.59,19.62,53658
FAIR,20210618,19.75,19.91,19.75,19.79,88741
FAIR,20210621,19.79,19.79,19.59,19.67,59454
FAIR,20210622,19.81,19.96,19.68,19.94,40094
FAIR,20210623,20.16,20.17,19.8,19.83,58415
FAIR,20210625,20.18,20.18,19.8,19.85,57553
FAIR,20210628,19.85,19.95,19.72,19.82,76105
FAIR,20210629,19.96,19.96,19.71,19.87,28872
FAIR,20210630,19.95,20.12,19.95,20,26237
FAIR,20210701,20,20,19.3,19.33,50693
FAIR,20210705,19.59,19.59,19.37,19.45,107676
FAIR,20210706,19.52,19.55,19.1,19.12,77119
FAIR,20210707,19.34,19.45,19.19,19.45,32725
FAIR,20210708,19.51,19.51,19.36,19.43,148302
FAIR,20210709,19.42,19.42,19.1,19.25,25160
FAIR,20210712,19.55,19.55,19.25,19.32,76029
FAIR,20210714,19.35,19.47,19.25,19.4,65130
FAIR,20210715,19.41,19.43,19.25,19.25,65557
FAIR,20210716,19.34,19.37,19.26,19.37,46451
FAIR,20210719,19.45,19.45,19.21,19.35,61615
FAIR,20210720,19.35,19.38,19.2,19.38,53302
FAIR,20210723,19.46,19.68,19.46,19.68,54171
FAIR,20210726,19.81,19.81,19.63,19.67,312952
FAIR,20210727,19.68,19.7,19.54,19.57,216254
FAIR,20210728,19.7,19.71,19.48,19.54,56029
FAIR,20210729,19.57,19.59,19.54,19.58,30922
FAIR,20210730,19.61,19.67,19.5,19.56,89483
FAIR,20210802,19.7,19.82,19.7,19.79,105273
FAIR,20210803,19.95,19.95,19.74,19.84,121557
FAIR,20210804,19.84,19.88,19.8,19.85,131179
FAIR,20210805,19.91,20,19.9,20,88565
FAIR,20210806,20,20.03,19.96,20.03,189410
FAIR,20210809,20.09,20.19,20.09,20.12,175171
FAIR,20210810,20.14,20.25,20.14,20.2,113849
FAIR,20210811,20.25,20.32,20.13,20.13,141478
FAIR,20210812,20.25,20.26,20.07,20.07,185075
FAIR,20210813,20.23,20.37,20.23,20.28,24696
FAIR,20210819,20.46,20.55,20.33,20.52,86512
FAIR,20210820,20.6,20.68,20.51,20.55,45493
FAIR,20210823,20.63,20.75,20.56,20.64,261353
FAIR,20210824,20.83,20.83,20.58,20.58,75633
FAIR,20210825,20.61,20.66,20.56,20.57,79288
FAIR,20210826,20.7,20.7,20.46,20.54,81401
FAIR,20210827,20.51,20.63,20.45,20.52,47438
FAIR,20210830,20.64,20.64,20.42,20.52,121637
FAIR,20210831,20.52,20.77,20.52,20.73,51420
FAIR,20210901,20.78,20.78,20.54,20.73,169675
FAIR,20210902,20.76,20.86,20.59,20.76,104289
FAIR,20210903,20.88,20.93,20.8,20.89,106184
FAIR,20210906,20.88,20.95,20.67,20.95,123001
FAIR,20210907,21,21.03,20.86,21.01,49733
FAIR,20210908,20.91,20.95,20.83,20.84,235518
FAIR,20210909,20.9,20.9,20.49,20.55,99918
FAIR,20210910,20.55,20.64,20.5,20.58,49071
FAIR,20210913,20.58,20.61,20.5,20.58,89491
FAIR,20210914,20.62,20.62,20.31,20.49,130832
FAIR,20210915,20.5,20.63,20.49,20.59,38022
FAIR,20210916,20.68,20.72,20.6,20.66,100578
FAIR,20210917,20.77,20.77,20.62,20.7,114889
FAIR,20210920,20.66,20.66,20.27,20.35,69841
FAIR,20210922,20.45,20.6,20.38,20.49,69582
FAIR,20210923,20.6,20.72,20.53,20.7,57789
FAIR,20210924,20.7,20.7,20.4,20.4,84837
FAIR,20210927,20.44,20.51,20.35,20.51,48118
FAIR,20210928,20.34,20.34,20.01,20.03,109158
FAIR,20210929,19.86,19.88,19.71,19.79,501601
FAIR,20210930,19.94,20.13,19.91,20.02,84853
FAIR,20211001,19.84,19.86,19.68,19.8,96007
FAIR,20211004,19.93,20.03,19.83,19.91,31895
FAIR,20211005,19.76,19.78,19.55,19.65,126471
FAIR,20211006,19.9,19.9,19.51,19.53,99282
FAIR,20211007,19.6,19.81,19.6,19.74,62108
FAIR,20211008,19.88,19.92,19.75,19.83,77030
FAIR,20211011,19.73,19.73,19.6,19.62,113063
FAIR,20211012,19.73,19.73,19.6,19.62,113063
FAIR,20211013,19.59,19.66,19.56,19.66,30629
FAIR,20211014,19.89,19.94,19.79,19.85,100551
FAIR,20211019,19.85,20.06,19.85,19.97,100978
FAIR,20211020,20.18,20.19,20.08,20.09,56685
FAIR,20211021,20.17,20.21,20.05,20.19,78256
FAIR,20211022,20.21,20.36,20.19,20.27,83424
FAIR,20211025,20.28,20.38,20.23,20.27,74693
FAIR,20211026,20.3,20.36,20.29,20.31,101017
FAIR,20211028,20.36,20.36,20.27,20.32,112103
FAIR,20211029,20.42,20.42,20.05,20.07,158722
FAIR,20211101,20.26,20.36,20.22,20.36,50661
FAIR,20211102,20.37,20.4,20.24,20.29,50269
FAIR,20211103,20.43,20.56,20.41,20.43,84105
FAIR,20211104,20.52,20.66,20.51,20.66,53900
FAIR,20211105,20.73,20.84,20.72,20.74,119614
FAIR,20211109,20.71,20.71,20.55,20.6,231694
FAIR,20211110,20.62,20.64,20.43,20.48,126487
FAIR,20211112,20.28,20.35,20.26,20.3,35541
FAIR,20211115,20.36,20.52,20.34,20.48,61040
FAIR,20211116,20.47,20.47,20.33,20.35,44807
FAIR,20211117,20.49,20.58,20.4,20.46,91585
FAIR,20211118,20.48,20.67,20.46,20.64,111613
FAIR,20211119,20.65,20.73,20.64,20.64,34478
FAIR,20211122,20.67,20.68,20.55,20.59,43509
FAIR,20211123,20.58,20.68,20.45,20.68,188851
FAIR,20211124,20.62,20.62,20.49,20.57,77416
FAIR,20211125,20.61,20.65,20.53,20.65,107872
FAIR,20211126,20.63,20.63,20.3,20.33,150084
FAIR,20211129,20.17,20.34,20.1,20.28,116895
FAIR,20211130,20.29,20.57,20.26,20.46,48206
FAIR,20211201,20.31,20.31,20.15,20.28,97055
FAIR,20211202,20.15,20.16,20.05,20.13,79382
FAIR,20211203,20.22,20.32,20.05,20.13,72442
FAIR,20211206,20.14,20.19,19.97,20.09,240068
FAIR,20211207,20.24,20.3,20.17,20.28,103979
FAIR,20211208,20.43,20.6,20.4,20.52,64472
FAIR,20211209,20.41,20.55,20.41,20.48,81845
FAIR,20211210,20.42,20.44,20.28,20.39,69807
FAIR,20211213,20.47,20.62,20.45,20.56,112612
FAIR,20211214,20.57,20.77,20.51,20.74,47688
FAIR,20211216,20.4,21.02,20.35,20.49,281821
FAIR,20211217,20.49,20.49,20.33,20.36,80249
FAIR,20211220,20.3,20.35,20.24,20.29,67494
FAIR,20211221,20.31,20.46,20.27,20.44,200542
FAIR,20211222,20.4,20.54,20.32,20.51,82488
FAIR,20211223,20.54,20.64,20.54,20.56,58701
FAIR,20211224,20.63,20.8,20.63,20.69,85335
FAIR,20211229,20.69,21.02,20.69,20.95,227427
FAIR,20211230,20.96,21.05,20.96,21.04,32739
FAIR,20211231,22,22,20.87,20.87,34837
FAIR,20220104,20.79,21.03,20.75,21.03,68184
FAIR,20220105,21.12,21.12,20.8,20.82,124966
FAIR,20220106,20.58,20.58,20.01,20.06,286456
FAIR,20220107,20.21,20.38,20.21,20.26,46055
FAIR,20220110,20.19,20.19,19.99,20.1,49346
FAIR,20220111,20.06,20.15,19.94,19.94,145219
FAIR,20220112,20.04,20.11,20.01,20.04,72222
FAIR,20220113,20.09,20.09,19.9,19.9,116134
FAIR,20220114,19.86,19.88,19.71,19.72,86774
FAIR,20220117,19.72,19.84,19.66,19.83,126074
FAIR,20220118,19.86,19.95,19.78,19.8,144303
FAIR,20220119,19.63,19.68,19.52,19.52,136908
FAIR,20220120,19.53,19.7,19.3,19.41,157456
FAIR,20220121,19.39,19.39,18.93,18.99,162513
FAIR,20220124,18.78,19.03,18.74,18.97,72958
FAIR,20220125,18.87,18.88,18.39,18.46,202629
FAIR,20220127,18.36,18.53,17.765,17.9,249144
FAIR,20220128,18.09,18.33,17.92,18.29,366107
FAIR,20220131,18.39,18.54,18.26,18.47,167811
FAIR,20220201,19.11,19.11,18.43,18.62,234171
FAIR,20220202,18.71,18.82,18.62,18.79,101899
FAIR,20220203,18.7,18.71,18.48,18.55,110100
FAIR,20220204,18.56,18.72,18.49,18.57,110353
FAIR,20220207,18.52,18.6,18.4,18.54,60883
FAIR,20220208,18.48,18.74,18.48,18.7,159018
FAIR,20220209,18.84,18.95,18.64,18.95,48273
FAIR,20220210,19.12,19.18,18.89,18.92,78133
FAIR,20220211,18.7,18.7,18.5,18.54,72796
FAIR,20220214,18.5,18.55,18.39,18.55,211281
FAIR,20220215,18.37,18.59,18.29,18.52,83518
FAIR,20220216,18.8,18.93,18.75,18.91,48849
FAIR,20220217,19.06,19.08,18.86,18.87,69513
FAIR,20220218,18.72,18.83,18.7,18.76,51898
FAIR,20220221,18.59,18.74,18.46,18.73,111021
FAIR,20220222,18.56,18.64,18.45,18.51,40211
FAIR,20220223,18.56,18.74,18.55,18.72,49979
FAIR,20220224,18.49,18.51,18.21,18.25,65421
FAIR,20220225,18.52,18.52,18.3,18.34,50964
FAIR,20220228,18.47,18.47,18.24,18.38,168087
FAIR,20220301,18.57,18.76,18.56,18.65,62243
FAIR,20220302,18.53,18.58,18.4,18.54,40883
FAIR,20220303,18.6,18.7,18.48,18.51,93731
FAIR,20220304,18.39,18.39,18.12,18.27,47684
FAIR,20220307,18.38,18.38,17.87,17.91,155150
FAIR,20220308,17.9,18.07,17.85,17.85,2021779
FAIR,20220309,17.88,18.11,17.84,18.11,167192
FAIR,20220310,18.28,18.54,18.25,18.45,117910
FAIR,20220311,18.4,18.4,18.09,18.13,28089
FAIR,20220314,18.17,18.32,18.16,18.28,65715
FAIR,20220315,18.33,18.42,18.29,18.4,75512
FAIR,20220316,0,0,0,0,0
FAIR,20220317,18.99,20,18.81,18.82,125787
FAIR,20220318,18.93,18.93,18.79,18.84,122726
FAIR,20220321,19.1,19.1,18.86,18.87,100304
FAIR,20220322,18.96,18.96,18.8,18.83,35007
FAIR,20220323,18.83,18.94,18.83,18.9,93403
FAIR,20220324,18.79,18.79,18.65,18.78,28584
FAIR,20220325,18.78,18.85,18.78,18.82,26301
FAIR,20220328,18.94,18.94,18.65,18.66,43030
FAIR,20220329,18.77,18.93,18.75,18.88,990146
FAIR,20220330,18.94,19.17,18.94,19.06,156316
FAIR,20220331,19.19,19.19,19.03,19.06,29991
FAIR,20220401,19.01,19.01,18.9,18.97,102361
FAIR,20220404,19.06,19.14,19.02,19.12,95642
FAIR,20220405,19.19,19.24,19.09,19.1,55212
FAIR,20220406,19.07,19.07,18.89,18.95,79868
FAIR,20220407,18.94,18.94,18.8,18.84,42394
FAIR,20220408,18.87,18.94,18.87,18.89,121521
FAIR,20220411,18.9,18.9,18.79,18.84,40618
FAIR,20220412,18.81,18.81,18.6,18.6,108632
FAIR,20220413,18.69,18.7,18.61,18.66,45209
FAIR,20220414,18.78,18.78,18.7,18.75,33671
FAIR,20220419,18.76,18.78,18.68,18.73,60205
FAIR,20220420,18.96,19.09,18.96,18.99,43351
FAIR,20220421,18.96,19.09,18.96,18.99,43351
FAIR,20220422,19.1,19.1,18.92,18.99,106468
FAIR,20220426,18.87,18.87,18.73,18.79,159159
FAIR,20220427,18.65,18.69,18.55,18.6,68740
FAIR,20220428,18.64,18.75,18.64,18.68,122654
FAIR,20220429,18.88,18.94,18.8,18.9,68263
FAIR,20220502,18.72,18.72,18.44,18.51,45384
FAIR,20220503,18.54,18.57,18.43,18.45,116504
FAIR,20220504,18.51,18.51,18.37,18.37,20031
FAIR,20220505,18.45,18.6,18.45,18.58,43625
FAIR,20220506,18.36,18.36,18.07,18.15,61339
FAIR,20220509,18.01,18.01,17.75,17.75,147201
FAIR,20220510,17.64,17.78,17.43,17.78,57319
FAIR,20220511,17.79,17.86,17.65,17.86,76842
FAIR,20220512,17.69,17.69,17.39,17.41,131529
FAIR,20220513,17.47,17.81,17.47,17.81,32788
FAIR,20220516,18,18.15,17.98,18.03,34506
FAIR,20220517,18.03,18.03,17.83,17.88,66076
FAIR,20220518,18,18.1,17.99,18.07,29718
FAIR,20220519,17.8,17.92,17.71,17.9,129415
FAIR,20220520,17.9,18.07,17.85,18,70605
FAIR,20220523,18.13,18.17,18.05,18.11,103458
FAIR,20220524,18.19,18.19,17.97,18.01,94360
FAIR,20220525,18.04,18.04,17.91,17.94,149795
FAIR,20220526,17.98,18,17.88,17.91,32072
FAIR,20220527,18.02,18.09,17.9,17.96,30297
FAIR,20220530,18.18,18.29,18.18,18.29,38391
FAIR,20220531,18.35,18.35,18.09,18.12,131867
FAIR,20220601,18.21,18.21,17.94,17.96,39176
FAIR,20220602,17.8,17.8,17.63,17.66,39087
FAIR,20220603,17.98,17.98,17.75,17.78,34075
FAIR,20220606,17.77,17.77,17.62,17.62,35800
FAIR,20220607,17.62,17.62,17.23,17.29,157272
FAIR,20220608,17.34,17.52,17.34,17.42,57723
FAIR,20220609,17.31,17.35,17.26,17.26,39720
FAIR,20220610,17.13,17.15,17.01,17.01,120432
FAIR,20220614,16.45,16.47,16.23,16.47,75015
FAIR,20220615,16.44,16.47,16.23,16.26,74268
FAIR,20220616,16.47,16.92,16.25,16.25,120802
FAIR,20220617,16.05,16.09,15.88,16.09,50139
FAIR,20220620,16.27,16.35,16.2,16.32,77530
FAIR,20220621,16.39,16.47,16.37,16.4,14287
FAIR,20220622,16.4,16.51,16.3,16.3,137919
FAIR,20220623,16.38,16.59,16.38,16.54,57915
FAIR,20220624,16.58,16.94,16.58,16.89,42630
FAIR,20220627,17.01,17.18,17.01,17.17,105684
FAIR,20220628,17.15,17.16,17.1,17.13,41007
FAIR,20220629,17.03,17.03,16.85,16.93,142265
FAIR,20220630,17,17,16.75,16.75,29528
FAIR,20220701,16.42,16.5,16.35,16.36,28030
FAIR,20220704,16.56,16.67,16.46,16.46,265624
FAIR,20220705,16.65,16.65,16.46,16.58,48840
FAIR,20220706,16.54,16.84,16.54,16.83,64743
FAIR,20220707,16.94,16.94,16.77,16.82,33477
FAIR,20220708,16.92,16.92,16.8,16.88,33267
FAIR,20220711,16.99,16.99,16.75,16.76,74992
FAIR,20220712,16.76,16.85,16.7,16.7,21991
FAIR,20220713,16.74,16.84,16.74,16.8,44885
FAIR,20220714,16.79,16.9,16.71,16.88,66666
FAIR,20220715,16.89,16.96,16.79,16.91,67234
FAIR,20220718,17.16,17.16,16.97,17.05,53797
FAIR,20220719,17.06,17.06,16.81,16.86,33244
FAIR,20220720,17.07,17.25,17.07,17.2,76563
FAIR,20220721,17.33,17.33,17.24,17.3,35176
FAIR,20220722,17.45,17.45,17.36,17.38,279522
FAIR,20220725,17.42,17.42,17.3,17.32,15712
FAIR,20220726,17.41,17.41,17.21,17.31,183025
FAIR,20220727,17.31,17.36,17.29,17.35,29775
FAIR,20220728,17.56,17.56,17.35,17.46,67320
FAIR,20220729,17.6,17.71,17.6,17.68,19992
FAIR,20220801,17.7,17.78,17.69,17.76,44246
FAIR,20220802,17.76,17.79,17.65,17.77,176637
FAIR,20220803,17.85,17.85,17.63,17.8,21112
FAIR,20220805,18,18,17.88,17.95,98331
FAIR,20220808,17.94,17.94,17.72,17.79,55292
FAIR,20220809,17.8,17.95,17.79,17.93,253562
FAIR,20220810,17.84,17.88,17.79,17.8,17133
FAIR,20220811,18.05,18.12,17.99,18.05,44043
FAIR,20220812,18,18,17.77,17.77,69507
FAIR,20220815,17.98,17.99,17.9,17.94,186348
FAIR,20220816,17.94,18.09,17.92,17.93,80224
FAIR,20220817,18.06,18.08,17.89,18.08,16286
FAIR,20220818,18.15,18.15,17.89,17.94,313055
FAIR,20220819,17.96,17.96,17.84,17.91,39052
FAIR,20220822,17.82,17.82,17.69,17.77,27237
FAIR,20220823,17.65,17.71,17.6,17.62,68132
FAIR,20220824,17.58,17.71,17.54,17.69,18952
FAIR,20220825,17.74,17.85,17.74,17.8,114573
FAIR,20220826,17.86,17.96,17.86,17.89,475308
FAIR,20220829,17.54,17.55,17.44,17.5,55309
FAIR,20220830,17.6,17.76,17.53,17.7,134366
FAIR,20220831,17.69,17.77,17.6,17.72,29939
FAIR,20220901,17.59,17.6,17.45,17.53,96275
FAIR,20220902,17.63,17.63,17.44,17.44,46298
FAIR,20220905,17.58,17.58,17.39,17.4,20832
FAIR,20220906,17.4,17.55,17.4,17.42,19565
FAIR,20220907,17.42,17.42,17.29,17.4,213074
FAIR,20220909,17.78,17.78,17.7,17.78,32870
FAIR,20220912,17.83,17.89,17.82,17.87,248419
FAIR,20220913,18,18,17.875,17.92,81214
FAIR,20220914,17.59,17.59,17.4,17.51,42917
FAIR,20220915,17.58,17.58,17.39,17.39,32751
FAIR,20220916,17.32,17.32,17.16,17.16,17190
