FDM,20161110,0.077,0.089,0.077,0.089,968333
FDM,20161111,0.087,0.088,0.081,0.086,1293371
FDM,20161114,0.08,0.083,0.08,0.083,36140
FDM,20161115,0.085,0.085,0.08,0.085,280293
FDM,20161116,0.085,0.09,0.085,0.089,1307819
FDM,20161117,0.089,0.09,0.089,0.09,345000
FDM,20161118,0.092,0.096,0.092,0.095,1040221
FDM,20161121,0.095,0.098,0.09,0.096,471839
FDM,20161122,0.096,0.096,0.09,0.09,3461593
FDM,20161123,0.09,0.09,0.083,0.085,377772
FDM,20161124,0.084,0.085,0.081,0.083,640824
FDM,20161125,0.082,0.083,0.081,0.082,87483
FDM,20161128,0.083,0.085,0.08,0.082,274653
FDM,20161129,0.082,0.083,0.078,0.083,500816
FDM,20161130,0.079,0.081,0.077,0.081,570933
FDM,20161201,0.082,0.088,0.081,0.084,1423715
FDM,20161202,0.085,0.085,0.08,0.08,1050724
FDM,20161205,0.081,0.081,0.077,0.08,989101
FDM,20161206,0.08,0.08,0.077,0.078,738609
FDM,20161207,0.078,0.081,0.078,0.078,137892
FDM,20161208,0.078,0.08,0.075,0.076,1219199
FDM,20161209,0.077,0.08,0.076,0.08,922291
FDM,20161212,0.08,0.084,0.08,0.083,831304
FDM,20161213,0.08,0.083,0.08,0.08,2260435
FDM,20161214,0.083,0.084,0.08,0.084,5140602
FDM,20161215,0.082,0.083,0.081,0.083,168680
FDM,20161216,0.083,0.083,0.081,0.082,406500
FDM,20161219,0.081,0.081,0.08,0.08,5000
FDM,20161220,0.082,0.082,0.082,0.082,37040
FDM,20161221,0.082,0.082,0.078,0.078,58609
FDM,20161222,0.078,0.08,0.078,0.08,274200
FDM,20161223,0.08,0.083,0.08,0.082,1342003
FDM,20161228,0.08,0.084,0.08,0.084,102400
FDM,20161229,0.084,0.084,0.082,0.082,184756
FDM,20161230,0.084,0.084,0.082,0.084,281709
FDM,20170103,0.084,0.084,0.083,0.084,52370
FDM,20170104,0.084,0.084,0.083,0.083,460000
FDM,20170105,0.083,0.085,0.08,0.085,547491
FDM,20170106,0.08,0.08,0.079,0.08,378554
FDM,20170109,0.08,0.083,0.08,0.083,610554
FDM,20170110,0.083,0.088,0.081,0.088,554700
FDM,20170111,0.086,0.087,0.085,0.085,211782
FDM,20170112,0.088,0.088,0.085,0.085,46544
FDM,20170113,0.086,0.091,0.085,0.085,1343753
FDM,20170116,0.085,0.089,0.085,0.089,1054851
FDM,20170117,0.089,0.09,0.089,0.09,570000
FDM,20170118,0.089,0.089,0.089,0.089,283426
FDM,20170119,0.088,0.089,0.087,0.088,678743
FDM,20170120,0.09,0.09,0.088,0.089,73650
FDM,20170123,0.09,0.09,0.088,0.09,589786
FDM,20170124,0.09,0.091,0.088,0.091,767976
FDM,20170125,0.091,0.091,0.087,0.089,497429
FDM,20170127,0.091,0.091,0.086,0.087,343148
FDM,20170130,0.087,0.088,0.087,0.088,310936
FDM,20170131,0.088,0.089,0.087,0.088,1164298
FDM,20170201,0.09,0.09,0.089,0.089,577943
FDM,20170202,0.089,0.089,0.088,0.088,365668
FDM,20170203,0.089,0.095,0.089,0.095,2206655
FDM,20170206,0.095,0.105,0.095,0.1,3151934
FDM,20170207,0.105,0.13,0.105,0.12,5360973
FDM,20170208,0.12,0.12,0.105,0.115,2626283
FDM,20170209,0.115,0.12,0.115,0.115,407477
FDM,20170210,0.115,0.12,0.11,0.12,302844
FDM,20170213,0.115,0.125,0.115,0.125,1168049
FDM,20170214,0.125,0.125,0.115,0.12,849981
FDM,20170215,0.125,0.125,0.12,0.125,540301
FDM,20170216,0.12,0.125,0.12,0.12,1090595
FDM,20170217,0.125,0.125,0.12,0.125,109877
FDM,20170220,0.12,0.125,0.12,0.12,369000
FDM,20170221,0.12,0.12,0.115,0.12,675840
FDM,20170222,0.115,0.115,0.11,0.11,118008
FDM,20170223,0.115,0.115,0.11,0.115,405294
FDM,20170224,0.115,0.115,0.105,0.105,873556
FDM,20170227,0.11,0.115,0.11,0.115,314264
FDM,20170228,0.11,0.11,0.105,0.105,501656
FDM,20170301,0.105,0.11,0.105,0.11,337191
FDM,20170302,0.11,0.11,0.105,0.11,123988
FDM,20170303,0.11,0.115,0.11,0.11,160369
FDM,20170306,0.11,0.11,0.105,0.11,373716
FDM,20170307,0.11,0.11,0.105,0.11,160954
FDM,20170308,0.105,0.115,0.105,0.105,1206859
FDM,20170309,0.105,0.11,0.1,0.11,5678387
FDM,20170310,0.11,0.11,0.105,0.11,989481
FDM,20170313,0.105,0.11,0.105,0.105,354966
FDM,20170314,0.105,0.11,0.1,0.11,836493
FDM,20170315,0.11,0.11,0.1,0.105,545757
FDM,20170316,0.105,0.105,0.1,0.105,548267
FDM,20170317,0.105,0.105,0.105,0.105,740000
FDM,20170320,0.1,0.105,0.1,0.105,81812
FDM,20170321,0.1,0.1,0.1,0.1,491820
FDM,20170322,0.1,0.105,0.098,0.1,574661
FDM,20170323,0.098,0.105,0.098,0.1,1750000
FDM,20170324,0.099,0.1,0.097,0.1,594438
FDM,20170327,0.1,0.1,0.092,0.094,632376
FDM,20170328,0.095,0.1,0.094,0.1,878730
FDM,20170329,0.1,0.1,0.1,0.1,13167
FDM,20170330,0.1,0.105,0.099,0.1,995808
FDM,20170331,0.1,0.1,0.098,0.098,290729
FDM,20170403,0.098,0.098,0.094,0.096,618800
FDM,20170404,0.099,0.1,0.096,0.1,280325
FDM,20170405,0.1,0.1,0.097,0.1,76817
FDM,20170406,0.1,0.1,0.097,0.097,402731
FDM,20170407,0.1,0.1,0.093,0.093,1048052
FDM,20170410,0.095,0.097,0.092,0.092,640927
FDM,20170411,0.096,0.096,0.092,0.094,84268
FDM,20170412,0.094,0.097,0.092,0.097,578074
FDM,20170413,0.097,0.1,0.097,0.1,430000
FDM,20170418,0.097,0.099,0.095,0.099,215061
FDM,20170419,0.097,0.099,0.094,0.094,310000
FDM,20170420,0.094,0.095,0.093,0.094,390987
FDM,20170421,0.095,0.095,0.092,0.092,336100
FDM,20170424,0.092,0.097,0.092,0.097,296400
FDM,20170426,0.093,0.097,0.092,0.093,153134
FDM,20170427,0.096,0.097,0.093,0.097,297128
FDM,20170428,0.097,0.097,0.093,0.093,174302
FDM,20170501,0.096,0.096,0.092,0.092,507973
FDM,20170502,0.095,0.095,0.093,0.094,265592
FDM,20170503,0.094,0.097,0.093,0.094,556654
FDM,20170504,0.093,0.095,0.092,0.095,376532
FDM,20170505,0.093,0.095,0.093,0.094,431935
FDM,20170508,0.093,0.095,0.092,0.092,378362
FDM,20170509,0.094,0.095,0.092,0.095,51500
FDM,20170510,0.093,0.094,0.093,0.094,97000
FDM,20170511,0.095,0.097,0.092,0.094,630680
FDM,20170512,0.094,0.095,0.091,0.095,270833
FDM,20170515,0.093,0.095,0.093,0.095,24697
FDM,20170516,0.094,0.1,0.094,0.1,410415
FDM,20170517,0.096,0.1,0.096,0.1,112613
FDM,20170518,0.097,0.1,0.096,0.1,255463
FDM,20170519,0.1,0.1,0.097,0.099,325058
FDM,20170522,0.1,0.11,0.1,0.11,1116488
FDM,20170523,0.11,0.11,0.105,0.11,810190
FDM,20170524,0.11,0.115,0.11,0.115,545691
FDM,20170525,0.12,0.135,0.115,0.13,1477409
FDM,20170526,0.125,0.13,0.115,0.12,1419040
FDM,20170529,0.12,0.12,0.105,0.105,242100
FDM,20170530,0.11,0.115,0.11,0.11,712940
FDM,20170531,0.11,0.115,0.107,0.115,854380
FDM,20170601,0.115,0.115,0.105,0.115,1126762
FDM,20170602,0.115,0.12,0.115,0.12,543356
FDM,20170605,0.115,0.115,0.115,0.115,10000
FDM,20170606,0.12,0.12,0.11,0.11,286993
FDM,20170607,0.115,0.115,0.105,0.115,285435
FDM,20170608,0.115,0.115,0.105,0.115,274197
FDM,20170609,0.115,0.115,0.11,0.115,189042
FDM,20170613,0.12,0.12,0.115,0.12,458939
FDM,20170614,0.12,0.12,0.115,0.115,302203
FDM,20170615,0.115,0.115,0.105,0.105,333075
FDM,20170616,0.1,0.105,0.099,0.1,658773
FDM,20170619,0.1,0.1,0.095,0.098,420877
FDM,20170620,0.096,0.098,0.095,0.097,442465
FDM,20170621,0.095,0.095,0.093,0.095,720594
FDM,20170622,0.095,0.095,0.091,0.094,110101
FDM,20170623,0.094,0.094,0.092,0.093,67451
FDM,20170626,0.092,0.094,0.086,0.092,1098551
FDM,20170627,0.091,0.093,0.091,0.092,730832
FDM,20170628,0.091,0.091,0.089,0.089,25389
FDM,20170629,0.089,0.092,0.087,0.087,171519
FDM,20170630,0.09,0.09,0.085,0.085,1189674
FDM,20170703,0.087,0.105,0.085,0.105,214865
FDM,20170704,0.105,0.105,0.105,0.105,170251
FDM,20170705,0.105,0.105,0.096,0.1,240980
FDM,20170706,0.105,0.11,0.105,0.11,742901
FDM,20170707,0.115,0.12,0.105,0.12,229153
FDM,20170710,0.12,0.12,0.1,0.11,65857
FDM,20170711,0.11,0.11,0.105,0.11,25000
FDM,20170712,0.105,0.105,0.1,0.105,287500
FDM,20170713,0.105,0.105,0.1,0.105,223400
FDM,20170714,0.105,0.105,0.1,0.105,317454
FDM,20170717,0.105,0.115,0.105,0.11,485229
FDM,20170718,0.115,0.125,0.115,0.125,806171
FDM,20170719,0.12,0.125,0.115,0.125,298637
FDM,20170720,0.125,0.125,0.12,0.12,161692
FDM,20170721,0.12,0.12,0.11,0.12,426859
FDM,20170724,0.12,0.12,0.12,0.12,87508
FDM,20170725,0.12,0.12,0.11,0.12,77600
FDM,20170726,0.11,0.12,0.11,0.12,497513
FDM,20170727,0.11,0.115,0.11,0.115,320321
FDM,20170728,0.115,0.115,0.105,0.11,674686
FDM,20170731,0.11,0.115,0.11,0.115,302850
FDM,20170801,0.115,0.12,0.115,0.12,75500
FDM,20170802,0.12,0.12,0.12,0.12,0
FDM,20170803,0.12,0.12,0.11,0.115,222980
FDM,20170804,0.11,0.115,0.11,0.11,101373
FDM,20170807,0.11,0.11,0.105,0.11,238329
FDM,20170808,0.11,0.11,0.105,0.105,67988
FDM,20170809,0.11,0.12,0.11,0.12,174521
FDM,20170810,0.12,0.12,0.11,0.115,237881
FDM,20170811,0.105,0.115,0.105,0.115,100716
FDM,20170815,0.115,0.115,0.105,0.11,509470
FDM,20170816,0.105,0.11,0.105,0.11,301726
FDM,20170817,0.105,0.11,0.105,0.11,241700
FDM,20170818,0.105,0.11,0.105,0.11,158894
FDM,20170821,0.11,0.11,0.105,0.11,394621
FDM,20170822,0.11,0.11,0.105,0.11,16673
FDM,20170823,0.11,0.11,0.105,0.11,193438
FDM,20170824,0.11,0.11,0.105,0.11,94293
FDM,20170825,0.105,0.11,0.105,0.11,466303
FDM,20170828,0.1,0.11,0.1,0.11,307500
FDM,20170829,0.1,0.11,0.1,0.11,196512
FDM,20170830,0.105,0.105,0.105,0.105,209289
FDM,20170831,0.1,0.11,0.1,0.105,231780
FDM,20170901,0.105,0.105,0.1,0.105,780000
FDM,20170904,0.105,0.105,0.105,0.105,0
FDM,20170905,0.1,0.1,0.096,0.1,661609
FDM,20170906,0.1,0.1,0.097,0.1,519498
FDM,20170907,0.098,0.1,0.098,0.1,208217
FDM,20170908,0.1,0.105,0.099,0.1,735184
FDM,20170911,0.1,0.1,0.095,0.097,820332
FDM,20170912,0.093,0.098,0.091,0.095,482577
FDM,20170913,0.094,0.099,0.094,0.099,312715
FDM,20170914,0.099,0.099,0.096,0.099,199125
FDM,20170915,0.099,0.1,0.098,0.1,1242543
FDM,20170918,0.099,0.1,0.096,0.1,1289049
FDM,20170919,0.1,0.115,0.1,0.11,1584577
FDM,20170920,0.11,0.11,0.1,0.105,1049229
FDM,20170921,0.1,0.105,0.098,0.105,791896
FDM,20170922,0.1,0.1,0.097,0.099,1146169
FDM,20170925,0.1,0.1,0.096,0.098,731261
FDM,20170926,0.096,0.098,0.095,0.098,564057
FDM,20170927,0.098,0.098,0.098,0.098,0
FDM,20170928,0.1,0.1,0.1,0.1,782612
FDM,20170929,0.1,0.11,0.1,0.11,681980
FDM,20171002,0.11,0.115,0.105,0.115,456641
FDM,20171003,0.115,0.115,0.11,0.11,793574
FDM,20171004,0.105,0.11,0.105,0.11,403348
FDM,20171005,0.11,0.115,0.11,0.115,602693
FDM,20171006,0.115,0.12,0.115,0.12,209888
FDM,20171009,0.11,0.12,0.11,0.12,118500
FDM,20171010,0.11,0.12,0.11,0.115,96219
FDM,20171011,0.115,0.12,0.115,0.115,716295
FDM,20171012,0.11,0.12,0.105,0.12,725064
FDM,20171013,0.115,0.12,0.11,0.12,197867
FDM,20171016,0.11,0.115,0.11,0.115,76992
FDM,20171017,0.115,0.12,0.11,0.12,683462
FDM,20171018,0.11,0.12,0.11,0.12,298226
FDM,20171019,0.115,0.12,0.11,0.115,206275
FDM,20171020,0.115,0.12,0.115,0.12,183467
FDM,20171023,0.12,0.125,0.12,0.125,874321
FDM,20171024,0.12,0.125,0.115,0.125,690857
FDM,20171025,0.125,0.125,0.12,0.125,1207936
FDM,20171026,0.135,0.16,0.135,0.155,1903871
FDM,20171027,0.16,0.16,0.15,0.16,1954477
FDM,20171030,0.16,0.19,0.16,0.185,2456055
FDM,20171031,0.185,0.185,0.17,0.18,1769073
FDM,20171101,0.18,0.185,0.18,0.185,572942
FDM,20171102,0.18,0.185,0.17,0.185,991936
FDM,20171103,0.175,0.175,0.165,0.17,490233
FDM,20171106,0.165,0.18,0.16,0.18,667855
FDM,20171107,0.18,0.2,0.18,0.2,1398359
FDM,20171108,0.195,0.21,0.195,0.21,2144982
FDM,20171109,0.21,0.255,0.21,0.245,2831053
FDM,20171110,0.21,0.255,0.21,0.245,2831053
FDM,20171113,0.25,0.265,0.24,0.255,1186179
FDM,20171114,0.27,0.28,0.25,0.275,1531469
FDM,20171115,0.27,0.275,0.24,0.26,861928
FDM,20171116,0.26,0.26,0.23,0.255,821979
FDM,20171117,0.255,0.26,0.255,0.26,1138462
FDM,20171120,0.255,0.255,0.24,0.24,846520
FDM,20171121,0.24,0.245,0.24,0.24,513708
FDM,20171122,0.235,0.245,0.23,0.23,572323
FDM,20171123,0.22,0.26,0.205,0.26,1679249
FDM,20171124,0.26,0.275,0.24,0.27,940230
FDM,20171127,0.27,0.27,0.25,0.27,1127559
FDM,20171128,0.27,0.27,0.26,0.27,563157
FDM,20171129,0.27,0.275,0.265,0.27,1245528
FDM,20171130,0.265,0.27,0.255,0.27,345605
FDM,20171201,0.27,0.28,0.26,0.265,863084
FDM,20171204,0.265,0.265,0.265,0.265,0
FDM,20171205,0.25,0.26,0.24,0.25,1144279
FDM,20171206,0.25,0.25,0.24,0.245,1449340
FDM,20171207,0.235,0.245,0.235,0.245,768286
FDM,20171208,0.245,0.28,0.245,0.28,1749393
FDM,20171211,0.27,0.28,0.255,0.27,2546831
FDM,20171212,0.27,0.27,0.26,0.265,565851
FDM,20171213,0.245,0.25,0.23,0.245,6027553
FDM,20171214,0.245,0.245,0.23,0.235,4461103
FDM,20171215,0.24,0.245,0.235,0.245,1181729
FDM,20171218,0.245,0.25,0.245,0.25,701912
FDM,20171219,0.245,0.255,0.24,0.24,1375102
FDM,20171220,0.24,0.255,0.24,0.255,558151
FDM,20171221,0.25,0.28,0.25,0.275,1745850
FDM,20171222,0.27,0.275,0.265,0.27,812644
FDM,20171227,0.27,0.275,0.265,0.265,357127
FDM,20171228,0.265,0.295,0.265,0.285,1919922
FDM,20171229,0.28,0.28,0.27,0.275,806910
FDM,20180102,0.28,0.32,0.28,0.3,2984840
FDM,20180103,0.305,0.325,0.295,0.295,904420
FDM,20180104,0.3,0.3,0.285,0.285,1049493
FDM,20180105,0.29,0.305,0.29,0.3,1171603
FDM,20180108,0.305,0.315,0.29,0.3,1376933
FDM,20180109,0.305,0.32,0.3,0.31,1603188
FDM,20180110,0.315,0.315,0.3,0.31,2520716
FDM,20180111,0.31,0.315,0.295,0.305,3007628
FDM,20180112,0.3,0.31,0.29,0.3,676047
FDM,20180115,0.31,0.315,0.3,0.31,1440367
FDM,20180116,0.31,0.315,0.305,0.31,1543819
FDM,20180117,0.305,0.31,0.297,0.31,2118958
FDM,20180118,0.305,0.315,0.3,0.31,1505756
FDM,20180119,0.31,0.31,0.285,0.3,2687280
FDM,20180122,0.295,0.3,0.295,0.3,750717
FDM,20180123,0.295,0.315,0.295,0.315,1795816
FDM,20180124,0.315,0.36,0.315,0.35,5495110
FDM,20180125,0.34,0.37,0.335,0.355,2108430
FDM,20180129,0.36,0.365,0.35,0.35,1018316
FDM,20180130,0.36,0.36,0.325,0.325,1275621
FDM,20180131,0.325,0.34,0.305,0.33,1202601
FDM,20180201,0.34,0.35,0.33,0.35,1943991
FDM,20180202,0.345,0.345,0.335,0.34,817138
FDM,20180205,0.325,0.325,0.31,0.315,1307841
FDM,20180207,0.32,0.325,0.3,0.31,1144099
FDM,20180208,0.305,0.32,0.305,0.315,321786
FDM,20180209,0.3,0.315,0.285,0.315,695868
FDM,20180212,0.305,0.31,0.3,0.305,262701
FDM,20180213,0.305,0.31,0.305,0.31,369099
FDM,20180214,0.31,0.31,0.3,0.31,524136
FDM,20180215,0.305,0.325,0.305,0.325,1090540
FDM,20180216,0.325,0.33,0.32,0.33,565949
FDM,20180219,0.33,0.33,0.32,0.32,576436
FDM,20180220,0.32,0.325,0.31,0.32,643088
FDM,20180221,0.32,0.335,0.32,0.33,1051498
FDM,20180222,0.33,0.34,0.325,0.33,1459601
FDM,20180223,0.33,0.33,0.31,0.325,469468
FDM,20180226,0.32,0.335,0.32,0.335,1988147
FDM,20180227,0.33,0.355,0.33,0.34,1843213
FDM,20180228,0.34,0.345,0.34,0.34,289557
FDM,20180301,0.34,0.34,0.33,0.34,779600
FDM,20180302,0.33,0.34,0.325,0.34,226894
FDM,20180305,0.33,0.33,0.32,0.32,620738
FDM,20180306,0.325,0.325,0.32,0.325,642897
FDM,20180307,0.32,0.32,0.315,0.315,455198
FDM,20180308,0.31,0.32,0.3,0.31,741725
FDM,20180309,0.31,0.315,0.305,0.31,776451
FDM,20180312,0.31,0.31,0.3,0.305,612489
FDM,20180313,0.3,0.305,0.295,0.3,759267
FDM,20180314,0.295,0.3,0.275,0.295,1316354
FDM,20180315,0.28,0.29,0.28,0.29,801585
FDM,20180316,0.285,0.29,0.28,0.29,454227
FDM,20180319,0.29,0.29,0.28,0.285,293782
FDM,20180320,0.28,0.285,0.275,0.28,531334
FDM,20180321,0.28,0.28,0.275,0.28,383540
FDM,20180322,0.275,0.305,0.275,0.3,1524745
FDM,20180323,0.295,0.3,0.29,0.295,362188
FDM,20180326,0.29,0.3,0.285,0.3,823784
FDM,20180327,0.29,0.295,0.285,0.285,314831
FDM,20180328,0.29,0.3,0.29,0.3,751788
FDM,20180329,0.295,0.3,0.29,0.295,639527
FDM,20180403,0.29,0.295,0.285,0.285,592570
FDM,20180404,0.285,0.285,0.28,0.285,260557
FDM,20180405,0.29,0.29,0.28,0.285,369813
FDM,20180406,0.285,0.29,0.28,0.285,117737
FDM,20180409,0.285,0.29,0.28,0.285,665854
FDM,20180410,0.285,0.285,0.28,0.285,464502
FDM,20180411,0.29,0.295,0.285,0.295,290695
FDM,20180412,0.29,0.29,0.28,0.28,811385
FDM,20180413,0.285,0.29,0.275,0.29,733456
FDM,20180416,0.29,0.295,0.28,0.295,299704
FDM,20180417,0.29,0.3,0.282,0.3,955241
FDM,20180418,0.3,0.3,0.295,0.3,483283
FDM,20180419,0.3,0.32,0.3,0.31,743540
FDM,20180420,0.31,0.32,0.305,0.315,1050598
FDM,20180423,0.31,0.31,0.29,0.295,615114
FDM,20180424,0.295,0.3,0.29,0.295,421636
FDM,20180426,0.3,0.3,0.29,0.29,385668
FDM,20180427,0.295,0.295,0.29,0.29,397018
FDM,20180430,0.29,0.3,0.29,0.295,101970
FDM,20180501,0.29,0.3,0.29,0.29,392303
FDM,20180502,0.295,0.305,0.292,0.305,1751220
FDM,20180503,0.31,0.31,0.295,0.295,368170
FDM,20180504,0.295,0.305,0.295,0.305,368377
FDM,20180507,0.305,0.315,0.305,0.315,484749
FDM,20180508,0.31,0.32,0.31,0.31,264061
FDM,20180509,0.31,0.31,0.295,0.3,950837
FDM,20180510,0.3,0.305,0.3,0.3,224716
FDM,20180511,0.3,0.305,0.295,0.295,458108
FDM,20180514,0.29,0.3,0.29,0.3,669816
FDM,20180515,0.295,0.295,0.29,0.295,391299
FDM,20180516,0.295,0.295,0.285,0.295,282723
FDM,20180517,0.295,0.3,0.29,0.29,678881
FDM,20180518,0.295,0.295,0.28,0.29,548130
FDM,20180521,0.29,0.29,0.28,0.29,690336
FDM,20180522,0.29,0.295,0.28,0.28,691251
FDM,20180523,0.28,0.285,0.28,0.28,332618
FDM,20180524,0.28,0.285,0.27,0.27,603545
FDM,20180525,0.27,0.285,0.27,0.285,595754
FDM,20180528,0.28,0.28,0.27,0.27,357806
FDM,20180529,0.27,0.27,0.265,0.27,252788
FDM,20180530,0.265,0.27,0.265,0.265,976448
FDM,20180531,0.27,0.28,0.27,0.275,506395
FDM,20180601,0.285,0.295,0.285,0.295,1229700
FDM,20180604,0.29,0.29,0.28,0.28,763898
FDM,20180605,0.28,0.285,0.26,0.26,2504162
FDM,20180606,0.27,0.295,0.27,0.295,957910
FDM,20180607,0.285,0.285,0.275,0.285,498919
FDM,20180608,0.28,0.29,0.275,0.285,382376
FDM,20180612,0.285,0.285,0.28,0.28,372675
FDM,20180613,0.285,0.285,0.28,0.28,685272
FDM,20180614,0.28,0.295,0.28,0.295,883514
FDM,20180615,0.29,0.295,0.285,0.29,364871
FDM,20180618,0.29,0.29,0.28,0.29,282939
FDM,20180619,0.29,0.295,0.285,0.29,479884
FDM,20180620,0.28,0.295,0.28,0.29,169747
FDM,20180621,0.285,0.285,0.275,0.275,648127
FDM,20180622,0.285,0.285,0.28,0.28,846215
FDM,20180625,0.28,0.29,0.28,0.29,743122
FDM,20180626,0.28,0.295,0.28,0.29,460165
FDM,20180627,0.29,0.29,0.285,0.285,173795
FDM,20180628,0.285,0.3,0.285,0.285,1133488
FDM,20180629,0.29,0.29,0.28,0.29,302311
FDM,20180702,0.29,0.29,0.28,0.29,128350
FDM,20180703,0.28,0.285,0.28,0.28,116215
FDM,20180704,0.28,0.28,0.28,0.28,32931
FDM,20180705,0.28,0.285,0.275,0.285,140870
FDM,20180706,0.285,0.285,0.28,0.285,223173
FDM,20180710,0.285,0.29,0.285,0.285,256646
FDM,20180711,0.285,0.285,0.28,0.28,308935
FDM,20180712,0.28,0.285,0.28,0.285,401854
FDM,20180713,0.285,0.285,0.28,0.28,151824
FDM,20180716,0.285,0.285,0.28,0.28,91213
FDM,20180717,0.285,0.285,0.275,0.275,192382
FDM,20180718,0.28,0.285,0.28,0.285,75578
FDM,20180719,0.285,0.285,0.28,0.28,154372
FDM,20180720,0.28,0.28,0.27,0.275,453058
FDM,20180723,0.28,0.28,0.265,0.265,223386
FDM,20180724,0.27,0.28,0.26,0.26,243286
FDM,20180725,0.26,0.26,0.25,0.25,527303
FDM,20180726,0.27,0.27,0.25,0.265,675194
FDM,20180727,0.265,0.265,0.26,0.265,193641
FDM,20180730,0.26,0.265,0.25,0.265,356195
FDM,20180731,0.25,0.265,0.23,0.23,1718325
FDM,20180801,0.2,0.23,0.165,0.205,5042371
FDM,20180802,0.205,0.205,0.205,0.205,0
FDM,20180803,0.205,0.205,0.205,0.205,0
FDM,20180806,0.18,0.21,0.18,0.2,3513540
FDM,20180807,0.2,0.205,0.195,0.195,2022573
FDM,20180808,0.19,0.195,0.18,0.18,2238149
FDM,20180809,0.185,0.2,0.17,0.195,4046056
FDM,20180810,0.17,0.195,0.17,0.195,4582671
FDM,20180813,0.195,0.195,0.185,0.185,2711025
FDM,20180814,0.19,0.19,0.18,0.18,1520504
FDM,20180816,0.18,0.18,0.165,0.17,4318924
FDM,20180817,0.17,0.18,0.17,0.175,825485
FDM,20180820,0.17,0.175,0.17,0.17,826641
FDM,20180821,0.175,0.18,0.17,0.17,791634
FDM,20180822,0.17,0.17,0.16,0.17,1324291
FDM,20180823,0.17,0.18,0.167,0.18,437611
FDM,20180824,0.18,0.185,0.17,0.175,2616091
FDM,20180827,0.185,0.2,0.18,0.2,2071434
FDM,20180828,0.2,0.205,0.19,0.195,1582324
FDM,20180829,0.2,0.2,0.19,0.19,598549
FDM,20180830,0.2,0.2,0.19,0.195,529727
FDM,20180831,0.19,0.195,0.19,0.19,401158
FDM,20180903,0.19,0.195,0.18,0.19,267186
FDM,20180904,0.185,0.19,0.18,0.19,382260
FDM,20180905,0.19,0.19,0.175,0.18,882019
FDM,20180906,0.18,0.18,0.17,0.175,661767
FDM,20180907,0.17,0.19,0.17,0.175,1786249
FDM,20180910,0.18,0.18,0.165,0.17,587410
FDM,20180913,0.17,0.18,0.165,0.18,855815
FDM,20180914,0.175,0.19,0.175,0.19,1136688
FDM,20180917,0.18,0.18,0.175,0.175,156155
FDM,20180918,0.18,0.185,0.175,0.185,524387
FDM,20180919,0.185,0.195,0.185,0.19,670058
FDM,20180920,0.195,0.205,0.19,0.195,1051104
FDM,20180921,0.19,0.22,0.19,0.215,1274070
FDM,20180924,0.22,0.22,0.2,0.205,630218
FDM,20180925,0.205,0.21,0.205,0.205,310397
FDM,20180926,0.205,0.21,0.2,0.2,450646
FDM,20180927,0.2,0.205,0.2,0.2,145484
FDM,20180928,0.2,0.205,0.19,0.205,659830
FDM,20181001,0.205,0.21,0.2,0.21,258150
FDM,20181002,0.205,0.205,0.195,0.2,348663
FDM,20181003,0.2,0.2,0.19,0.2,488033
FDM,20181004,0.195,0.195,0.185,0.195,477611
FDM,20181005,0.185,0.19,0.175,0.19,919663
FDM,20181008,0.185,0.19,0.18,0.18,42219
FDM,20181009,0.18,0.19,0.18,0.185,1016575
FDM,20181010,0.19,0.19,0.18,0.19,564438
FDM,20181011,0.18,0.185,0.17,0.185,1270271
FDM,20181012,0.19,0.2,0.185,0.2,1482542
FDM,20181015,0.2,0.2,0.19,0.195,221279
FDM,20181016,0.195,0.195,0.18,0.19,82519
FDM,20181017,0.19,0.2,0.185,0.195,858335
FDM,20181018,0.195,0.195,0.185,0.19,1192709
FDM,20181019,0.19,0.19,0.18,0.185,481175
FDM,20181022,0.185,0.19,0.18,0.185,178897
FDM,20181023,0.185,0.185,0.17,0.18,421315
FDM,20181024,0.17,0.175,0.165,0.175,140837
FDM,20181025,0.165,0.175,0.165,0.17,270824
FDM,20181026,0.165,0.17,0.16,0.16,566747
FDM,20181030,0.16,0.17,0.16,0.17,475454
FDM,20181031,0.165,0.17,0.16,0.17,323901
FDM,20181101,0.17,0.18,0.165,0.18,610384
FDM,20181102,0.17,0.18,0.17,0.18,206632
FDM,20181105,0.17,0.18,0.155,0.175,557587
FDM,20181106,0.165,0.175,0.155,0.165,1080018
FDM,20181107,0.165,0.17,0.165,0.17,224547
FDM,20181108,0.17,0.17,0.165,0.17,196739
FDM,20181109,0.17,0.17,0.155,0.165,554972
FDM,20181112,0.155,0.155,0.15,0.155,282625
FDM,20181113,0.155,0.16,0.155,0.16,652609
FDM,20181114,0.155,0.155,0.15,0.155,124518
FDM,20181115,0.15,0.15,0.15,0.15,66605
FDM,20181116,0.145,0.15,0.145,0.15,97942
FDM,20181119,0.15,0.15,0.145,0.15,204871
FDM,20181120,0.15,0.15,0.145,0.145,422210
FDM,20181121,0.145,0.145,0.135,0.14,414308
FDM,20181122,0.135,0.14,0.135,0.14,291225
FDM,20181123,0.135,0.145,0.135,0.145,633996
FDM,20181126,0.14,0.14,0.135,0.14,347638
FDM,20181127,0.135,0.14,0.125,0.14,432518
FDM,20181128,0.145,0.145,0.14,0.14,17245
FDM,20181129,0.135,0.14,0.135,0.14,108205
FDM,20181130,0.14,0.145,0.13,0.14,200256
FDM,20181203,0.14,0.145,0.14,0.145,60000
FDM,20181204,0.145,0.15,0.13,0.15,846914
FDM,20181205,0.145,0.15,0.145,0.15,82111
FDM,20181206,0.13,0.15,0.13,0.14,1007728
FDM,20181207,0.14,0.14,0.135,0.135,52649
FDM,20181210,0.135,0.14,0.13,0.135,208030
FDM,20181211,0.135,0.14,0.125,0.125,495130
FDM,20181212,0.13,0.135,0.125,0.135,201475
FDM,20181213,0.13,0.135,0.13,0.135,215256
FDM,20181214,0.135,0.14,0.125,0.13,561657
FDM,20181217,0.125,0.14,0.125,0.14,263623
FDM,20181218,0.125,0.13,0.125,0.13,194337
FDM,20181219,0.12,0.135,0.115,0.13,1024997
FDM,20181220,0.115,0.125,0.115,0.125,66590
FDM,20181221,0.115,0.13,0.11,0.13,1520225
FDM,20181224,0.125,0.13,0.125,0.13,5000
FDM,20181227,0.115,0.13,0.115,0.13,140700
FDM,20181228,0.13,0.14,0.13,0.14,601586
FDM,20181231,0.14,0.14,0.14,0.14,0
FDM,20190102,0.13,0.14,0.13,0.14,497500
FDM,20190103,0.14,0.14,0.12,0.14,575698
FDM,20190104,0.12,0.14,0.12,0.14,324944
FDM,20190107,0.13,0.16,0.13,0.16,1045203
FDM,20190108,0.155,0.165,0.145,0.15,759329
FDM,20190109,0.15,0.155,0.14,0.155,332760
FDM,20190110,0.155,0.16,0.155,0.155,90569
FDM,20190111,0.155,0.155,0.155,0.155,0
FDM,20190114,0.15,0.15,0.14,0.15,105734
FDM,20190115,0.14,0.15,0.14,0.15,42338
FDM,20190116,0.15,0.15,0.135,0.15,159584
FDM,20190117,0.15,0.15,0.15,0.15,6700
FDM,20190118,0.135,0.135,0.115,0.115,3080916
FDM,20190121,0.12,0.13,0.115,0.12,4703303
FDM,20190122,0.12,0.125,0.115,0.115,328640
FDM,20190123,0.115,0.125,0.115,0.125,3136614
FDM,20190124,0.125,0.125,0.12,0.12,124000
FDM,20190125,0.12,0.12,0.12,0.12,529355
FDM,20190129,0.12,0.12,0.115,0.115,824715
FDM,20190130,0.12,0.13,0.12,0.12,1234364
FDM,20190131,0.12,0.125,0.12,0.12,557121
FDM,20190201,0.12,0.12,0.115,0.12,481999
FDM,20190204,0.125,0.125,0.11,0.115,1260621
FDM,20190205,0.11,0.12,0.11,0.11,1693073
FDM,20190206,0.115,0.115,0.11,0.115,176837
FDM,20190207,0.115,0.115,0.105,0.11,859945
FDM,20190208,0.11,0.12,0.11,0.12,148558
FDM,20190211,0.115,0.12,0.115,0.115,489205
FDM,20190212,0.115,0.115,0.11,0.115,239636
FDM,20190213,0.115,0.12,0.115,0.115,394203
FDM,20190214,0.115,0.115,0.11,0.115,1298210
FDM,20190215,0.115,0.115,0.105,0.115,508993
FDM,20190218,0.115,0.115,0.11,0.11,482704
FDM,20190219,0.11,0.11,0.105,0.105,563453
FDM,20190220,0.105,0.11,0.1,0.1,2184908
FDM,20190221,0.1,0.105,0.1,0.1,894568
FDM,20190222,0.1,0.1,0.1,0.1,642780
FDM,20190225,0.1,0.1,0.091,0.095,1248499
FDM,20190226,0.091,0.094,0.09,0.09,738447
FDM,20190227,0.089,0.09,0.082,0.09,723654
FDM,20190228,0.086,0.088,0.079,0.084,1674231
FDM,20190301,0.09,0.11,0.09,0.1,1563881
FDM,20190304,0.1,0.115,0.099,0.11,1390710
FDM,20190305,0.11,0.11,0.1,0.105,550791
FDM,20190306,0.11,0.11,0.1,0.105,200727
FDM,20190307,0.105,0.105,0.099,0.1,1228454
FDM,20190308,0.1,0.1,0.095,0.097,753917
FDM,20190311,0.093,0.095,0.092,0.094,90011
FDM,20190312,0.095,0.095,0.09,0.094,988573
FDM,20190313,0.095,0.095,0.092,0.093,143500
FDM,20190314,0.094,0.097,0.091,0.092,383140
FDM,20190315,0.093,0.095,0.093,0.093,403285
FDM,20190318,0.094,0.095,0.09,0.091,470843
FDM,20190319,0.092,0.094,0.09,0.091,285314
FDM,20190320,0.09,0.093,0.089,0.089,4419544
FDM,20190321,0.089,0.095,0.085,0.085,829318
FDM,20190322,0.088,0.092,0.083,0.085,331063
FDM,20190325,0.085,0.085,0.082,0.084,146830
FDM,20190326,0.084,0.089,0.081,0.089,465800
FDM,20190327,0.089,0.089,0.081,0.084,240407
FDM,20190328,0.086,0.086,0.081,0.081,353895
FDM,20190329,0.081,0.081,0.078,0.08,716416
FDM,20190401,0.081,0.081,0.08,0.08,34084
FDM,20190402,0.077,0.079,0.074,0.075,1655174
FDM,20190403,0.075,0.076,0.073,0.073,1105362
FDM,20190404,0.074,0.079,0.073,0.079,599738
FDM,20190405,0.079,0.079,0.078,0.079,28402
FDM,20190408,0.079,0.079,0.074,0.079,549938
FDM,20190409,0.076,0.078,0.076,0.076,175195
FDM,20190410,0.076,0.079,0.074,0.074,365853
FDM,20190411,0.073,0.073,0.071,0.072,573045
FDM,20190412,0.073,0.073,0.068,0.07,1146311
FDM,20190415,0.07,0.07,0.067,0.067,720011
FDM,20190416,0.067,0.067,0.059,0.062,994547
FDM,20190417,0.061,0.075,0.06,0.071,1178698
FDM,20190418,0.073,0.08,0.071,0.08,1935741
FDM,20190423,0.084,0.084,0.072,0.076,298498
FDM,20190424,0.076,0.077,0.072,0.075,272194
FDM,20190426,0.073,0.073,0.061,0.068,3608755
FDM,20190429,0.063,0.065,0.061,0.061,1006960
FDM,20190430,0.064,0.066,0.064,0.065,373789
FDM,20190501,0.062,0.062,0.062,0.062,73311
FDM,20190502,0.064,0.064,0.058,0.059,1562656
FDM,20190503,0.06,0.06,0.053,0.053,2295340
FDM,20190506,0.055,0.055,0.048,0.053,3549209
FDM,20190507,0.05,0.055,0.049,0.049,1107300
FDM,20190508,0.049,0.05,0.048,0.048,1121088
FDM,20190509,0.05,0.05,0.046,0.047,1582696
FDM,20190510,0.048,0.048,0.044,0.046,3041970
FDM,20190513,0.046,0.046,0.043,0.043,1179444
FDM,20190514,0.043,0.043,0.04,0.041,3245356
FDM,20190515,0.044,0.054,0.041,0.054,1632928
FDM,20190516,0.054,0.058,0.054,0.057,2152883
FDM,20190517,0.055,0.065,0.055,0.059,1633437
FDM,20190520,0.061,0.061,0.057,0.057,273248
FDM,20190521,0.057,0.057,0.055,0.055,193080
FDM,20190522,0.053,0.06,0.053,0.059,592381
FDM,20190523,0.059,0.062,0.057,0.059,1654660
FDM,20190524,0.058,0.058,0.054,0.055,954445
FDM,20190527,0.055,0.055,0.054,0.054,20398
FDM,20190528,0.054,0.054,0.048,0.049,2880748
FDM,20190529,0.048,0.048,0.046,0.048,542021
FDM,20190530,0.045,0.046,0.042,0.042,2632065
FDM,20190531,0.045,0.045,0.042,0.044,831414
FDM,20190603,0.043,0.043,0.037,0.037,2338723
FDM,20190604,0.036,0.036,0.031,0.031,4082688
FDM,20190605,0.031,0.039,0.031,0.036,1914195
FDM,20190606,0.036,0.037,0.035,0.035,1433670
FDM,20190607,0.036,0.039,0.033,0.033,2801374
FDM,20190611,0.033,0.037,0.032,0.037,2059096
FDM,20190612,0.036,0.038,0.034,0.034,602663
FDM,20190613,0.034,0.034,0.032,0.033,1271971
FDM,20190614,0.034,0.034,0.032,0.032,1382688
FDM,20190617,0.031,0.031,0.03,0.03,1371890
FDM,20190618,0.03,0.032,0.028,0.031,2191579
FDM,20190619,0.03,0.03,0.026,0.03,3181214
FDM,20190620,0.03,0.031,0.028,0.028,1106828
FDM,20190621,0.03,0.03,0.027,0.028,2198071
FDM,20190624,0.029,0.029,0.024,0.025,2721352
FDM,20190625,0.025,0.025,0.02,0.022,5263258
FDM,20190626,0.022,0.029,0.022,0.029,3376680
FDM,20190627,0.031,0.033,0.026,0.03,3882918
FDM,20190628,0.03,0.03,0.026,0.029,5510272
FDM,20190701,0.03,0.03,0.026,0.029,748114
FDM,20190702,0.026,0.026,0.025,0.025,1640972
FDM,20190703,0.025,0.026,0.023,0.023,1055403
FDM,20190704,0.023,0.024,0.022,0.023,1349737
FDM,20190705,0.022,0.025,0.022,0.025,572361
FDM,20190708,0.023,0.025,0.023,0.025,542008
FDM,20190709,0.025,0.025,0.023,0.023,1291259
FDM,20190710,0.023,0.024,0.023,0.023,255755
FDM,20190711,0.024,0.029,0.024,0.028,1465829
FDM,20190712,0.029,0.031,0.028,0.028,1329045
FDM,20190715,0.028,0.029,0.027,0.027,888065
FDM,20190716,0.029,0.03,0.029,0.029,1642028
FDM,20190717,0.028,0.029,0.028,0.029,217954
FDM,20190718,0.029,0.029,0.025,0.025,1119165
FDM,20190719,0.025,0.028,0.025,0.028,144754
FDM,20190722,0.026,0.026,0.026,0.026,203000
FDM,20190723,0.026,0.028,0.024,0.025,1274415
FDM,20190724,0.026,0.026,0.024,0.024,1435649
FDM,20190725,0.025,0.025,0.022,0.025,1210589
FDM,20190726,0.024,0.024,0.023,0.023,354412
FDM,20190729,0.023,0.023,0.022,0.022,460259
FDM,20190730,0.024,0.024,0.017,0.018,5274187
FDM,20190731,0.018,0.018,0.013,0.015,8130159
FDM,20190801,0.015,0.016,0.015,0.015,1970586
FDM,20190802,0.015,0.015,0.013,0.013,1399372
FDM,20190805,0.014,0.014,0.011,0.011,12383858
FDM,20190806,0.011,0.011,0.011,0.011,0
FDM,20190807,0.011,0.011,0.011,0.011,0
FDM,20190808,0.011,0.011,0.011,0.011,0
FDM,20190809,0.011,0.011,0.011,0.011,0
FDM,20190812,0.011,0.011,0.011,0.011,0
FDM,20190813,0.011,0.011,0.011,0.011,0
FDM,20190814,0.011,0.011,0.011,0.011,0
FDM,20190815,0.011,0.011,0.011,0.011,0
FDM,20190816,0.011,0.011,0.011,0.011,0
FDM,20190819,0.011,0.011,0.011,0.011,0
FDM,20190820,0.011,0.011,0.011,0.011,0
FDM,20190821,0.011,0.011,0.011,0.011,0
FDM,20190822,0.011,0.011,0.011,0.011,0
FDM,20190823,0.011,0.011,0.011,0.011,0
FDM,20190826,0.011,0.011,0.011,0.011,0
FDM,20190827,0.011,0.011,0.011,0.011,0
FDM,20190828,0.011,0.011,0.011,0.011,0
FDM,20190829,0.011,0.011,0.011,0.011,0
FDM,20190830,0.011,0.011,0.011,0.011,0
FDM,20190902,0.011,0.011,0.011,0.011,0
FDM,20190903,0.011,0.011,0.011,0.011,0
FDM,20190904,0.011,0.011,0.011,0.011,0
FDM,20190905,0.011,0.011,0.011,0.011,0
FDM,20190906,0.011,0.011,0.011,0.011,0
FDM,20190909,0.011,0.011,0.011,0.011,0
FDM,20190910,0.011,0.011,0.011,0.011,0
FDM,20190911,0.011,0.011,0.011,0.011,0
FDM,20190912,0.011,0.011,0.011,0.011,0
FDM,20190913,0.011,0.011,0.011,0.011,0
FDM,20190916,0.011,0.011,0.011,0.011,0
FDM,20190917,0.011,0.011,0.011,0.011,0
FDM,20190918,0.011,0.011,0.011,0.011,0
FDM,20190919,0.011,0.011,0.011,0.011,0
FDM,20190920,0.011,0.011,0.011,0.011,0
FDM,20190923,0.011,0.011,0.011,0.011,0
FDM,20190924,0.011,0.011,0.011,0.011,0
FDM,20190925,0.011,0.011,0.011,0.011,0
FDM,20190926,0.011,0.011,0.011,0.011,0
FDM,20190927,0.011,0.011,0.011,0.011,0
FDM,20190930,0.011,0.011,0.011,0.011,0
FDM,20191001,0.011,0.011,0.011,0.011,0
FDM,20191002,0.011,0.011,0.011,0.011,0
FDM,20191003,0.011,0.011,0.011,0.011,0
FDM,20191004,0.011,0.011,0.011,0.011,0
FDM,20191007,0.011,0.011,0.011,0.011,0
FDM,20191008,0.011,0.011,0.011,0.011,0
FDM,20191009,0.011,0.011,0.011,0.011,0
FDM,20191010,0.011,0.011,0.011,0.011,0
FDM,20191011,0.011,0.011,0.011,0.011,0
FDM,20191014,0.011,0.011,0.011,0.011,0
FDM,20191015,0.011,0.011,0.011,0.011,0
FDM,20191016,0.011,0.011,0.011,0.011,0
FDM,20191017,0.011,0.011,0.011,0.011,0
FDM,20191018,0.011,0.011,0.011,0.011,0
FDM,20191021,0.011,0.011,0.011,0.011,0
FDM,20191022,0.011,0.011,0.011,0.011,0
FDM,20191023,0.011,0.011,0.011,0.011,0
FDM,20191024,0.011,0.011,0.011,0.011,0
FDM,20191025,0.011,0.011,0.011,0.011,0
FDM,20191028,0.011,0.011,0.011,0.011,0
FDM,20191029,0.011,0.011,0.011,0.011,0
FDM,20191030,0.011,0.011,0.011,0.011,0
FDM,20191031,0.011,0.011,0.011,0.011,0
FDM,20191101,0.011,0.011,0.011,0.011,0
FDM,20191104,0.011,0.011,0.011,0.011,0
FDM,20191105,0.011,0.011,0.011,0.011,0
FDM,20191106,0.011,0.011,0.011,0.011,0
FDM,20191107,0.011,0.011,0.011,0.011,0
FDM,20191108,0.011,0.011,0.011,0.011,0
FDM,20191111,0.011,0.011,0.011,0.011,0
FDM,20191112,0.011,0.011,0.011,0.011,0
FDM,20191113,0.011,0.011,0.011,0.011,0
FDM,20191114,0.011,0.011,0.011,0.011,0
FDM,20191115,0.011,0.011,0.011,0.011,0
FDM,20191118,0.011,0.011,0.011,0.011,0
FDM,20191119,0.011,0.011,0.011,0.011,0
FDM,20191120,0.011,0.011,0.011,0.011,0
FDM,20191121,0.011,0.011,0.011,0.011,0
FDM,20191122,0.011,0.011,0.011,0.011,0
FDM,20191125,0.011,0.011,0.011,0.011,0
FDM,20191126,0.011,0.011,0.011,0.011,0
FDM,20191127,0.011,0.011,0.011,0.011,0
FDM,20191128,0.011,0.011,0.011,0.011,0
FDM,20191129,0.011,0.011,0.011,0.011,0
FDM,20191202,0.011,0.011,0.011,0.011,0
FDM,20191203,0.011,0.011,0.011,0.011,0
FDM,20191204,0.011,0.011,0.011,0.011,0
FDM,20191205,0.011,0.011,0.011,0.011,0
FDM,20191206,0.011,0.011,0.011,0.011,0
FDM,20191209,0.011,0.011,0.011,0.011,0
FDM,20191210,0.011,0.011,0.011,0.011,0
FDM,20191211,0.011,0.011,0.011,0.011,0
FDM,20191212,0.011,0.011,0.011,0.011,0
FDM,20191213,0.011,0.011,0.011,0.011,0
FDM,20191216,0.011,0.011,0.011,0.011,0
FDM,20191217,0.011,0.011,0.011,0.011,0
FDM,20191218,0.011,0.011,0.011,0.011,0
FDM,20191219,0.011,0.011,0.011,0.011,0
FDM,20191220,0.011,0.011,0.011,0.011,0
FDM,20191223,0.011,0.011,0.011,0.011,0
FDM,20191224,0.011,0.011,0.011,0.011,0
FDM,20191227,0.011,0.011,0.011,0.011,0
FDM,20191230,0.011,0.011,0.011,0.011,0
FDM,20191231,0.011,0.011,0.011,0.011,0
FDM,20200102,0.011,0.011,0.011,0.011,0
FDM,20200103,0.011,0.011,0.011,0.011,0
FDM,20200106,0.011,0.011,0.011,0.011,0
FDM,20200107,0.011,0.011,0.011,0.011,0
FDM,20200108,0.011,0.011,0.011,0.011,0
FDM,20200109,0.011,0.011,0.011,0.011,0
FDM,20200113,0.011,0.011,0.011,0.011,0
FDM,20200114,0.011,0.011,0.011,0.011,0
FDM,20200115,0.011,0.011,0.011,0.011,0
FDM,20200116,0.011,0.011,0.011,0.011,0
FDM,20200117,0.011,0.011,0.011,0.011,0
FDM,20200120,0.011,0.011,0.011,0.011,0
FDM,20200121,0.011,0.011,0.011,0.011,0
FDM,20200122,0.011,0.011,0.011,0.011,0
FDM,20200123,0.011,0.011,0.011,0.011,0
FDM,20200124,0.011,0.011,0.011,0.011,0
FDM,20200128,0.011,0.011,0.011,0.011,0
FDM,20200129,0.011,0.011,0.011,0.011,0
FDM,20200130,0.011,0.011,0.011,0.011,0
FDM,20200203,0.011,0.011,0.011,0.011,0
FDM,20200204,0.011,0.011,0.011,0.011,0
FDM,20200205,0.011,0.011,0.011,0.011,0
FDM,20200210,0.011,0.011,0.011,0.011,0
FDM,20200211,0.011,0.011,0.011,0.011,0
FDM,20200212,0.011,0.011,0.011,0.011,0
FDM,20200213,0.011,0.011,0.011,0.011,0
FDM,20200214,0.011,0.011,0.011,0.011,0
FDM,20200217,0.011,0.011,0.011,0.011,0
FDM,20200218,0.011,0.011,0.011,0.011,0
FDM,20200219,0.011,0.011,0.011,0.011,0
FDM,20200220,0.011,0.011,0.011,0.011,0
FDM,20200221,0.011,0.011,0.011,0.011,0
FDM,20200224,0.011,0.011,0.011,0.011,0
FDM,20200225,0.011,0.011,0.011,0.011,0
FDM,20200226,0.011,0.011,0.011,0.011,0
FDM,20200227,0.011,0.011,0.011,0.011,0
FDM,20200228,0.011,0.011,0.011,0.011,0
FDM,20200302,0.011,0.011,0.011,0.011,0
FDM,20200303,0.011,0.011,0.011,0.011,0
FDM,20200304,0.011,0.011,0.011,0.011,0
FDM,20200305,0.011,0.011,0.011,0.011,0
FDM,20200306,0.011,0.011,0.011,0.011,0
FDM,20200309,0.011,0.011,0.011,0.011,0
FDM,20200310,0.011,0.011,0.011,0.011,0
FDM,20200311,0.011,0.011,0.011,0.011,0
FDM,20200312,0.011,0.011,0.011,0.011,0
FDM,20200313,0.011,0.011,0.011,0.011,0
FDM,20200316,0.011,0.011,0.011,0.011,0
FDM,20200317,0.011,0.011,0.011,0.011,0
FDM,20200318,0.011,0.011,0.011,0.011,0
FDM,20200319,0.011,0.011,0.011,0.011,0
FDM,20200320,0.011,0.011,0.011,0.011,0
FDM,20200323,0.011,0.011,0.011,0.011,0
FDM,20200324,0.011,0.011,0.011,0.011,0
FDM,20200325,0.011,0.011,0.011,0.011,0
FDM,20200326,0.011,0.011,0.011,0.011,0
FDM,20200327,0.011,0.011,0.011,0.011,0
FDM,20200330,0.011,0.011,0.011,0.011,0
FDM,20200331,0.011,0.011,0.011,0.011,0
FDM,20200401,0.011,0.011,0.011,0.011,0
FDM,20200402,0.011,0.011,0.011,0.011,0
FDM,20200403,0.011,0.011,0.011,0.011,0
FDM,20200406,0.011,0.011,0.011,0.011,0
FDM,20200407,0.011,0.011,0.011,0.011,0
FDM,20200408,0.011,0.011,0.011,0.011,0
FDM,20200409,0.011,0.011,0.011,0.011,0
FDM,20200414,0.011,0.011,0.011,0.011,0
FDM,20200415,0.011,0.011,0.011,0.011,0
FDM,20200416,0.011,0.011,0.011,0.011,0
FDM,20200417,0.011,0.011,0.011,0.011,0
FDM,20200420,0.011,0.011,0.011,0.011,0
FDM,20200421,0.011,0.011,0.011,0.011,0
FDM,20200422,0.011,0.011,0.011,0.011,0
FDM,20200423,0.011,0.011,0.011,0.011,0
FDM,20200424,0.011,0.011,0.011,0.011,0
FDM,20200427,0.011,0.011,0.011,0.011,0
FDM,20200428,0.011,0.011,0.011,0.011,0
FDM,20200429,0.011,0.011,0.011,0.011,0
FDM,20200430,0.011,0.011,0.011,0.011,0
FDM,20200501,0.011,0.011,0.011,0.011,0
FDM,20200504,0.011,0.011,0.011,0.011,0
FDM,20200505,0.011,0.011,0.011,0.011,0
FDM,20200506,0.011,0.011,0.011,0.011,0
FDM,20200507,0.011,0.011,0.011,0.011,0
FDM,20200508,0.011,0.011,0.011,0.011,0
FDM,20200511,0.011,0.011,0.011,0.011,0
FDM,20200512,0.011,0.011,0.011,0.011,0
FDM,20200513,0.011,0.011,0.011,0.011,0
FDM,20200514,0.011,0.011,0.011,0.011,0
FDM,20200515,0.011,0.011,0.011,0.011,0
FDM,20200518,0.011,0.011,0.011,0.011,0
FDM,20200519,0.011,0.011,0.011,0.011,0
FDM,20200520,0.011,0.011,0.011,0.011,0
FDM,20200521,0.011,0.011,0.011,0.011,0
FDM,20200522,0.011,0.011,0.011,0.011,0
FDM,20200525,0.011,0.011,0.011,0.011,0
FDM,20200526,0.011,0.011,0.011,0.011,0
FDM,20200527,0.011,0.011,0.011,0.011,0
FDM,20200528,0.011,0.011,0.011,0.011,0
FDM,20200529,0.011,0.011,0.011,0.011,0
FDM,20200601,0.011,0.011,0.011,0.011,0
FDM,20200602,0.011,0.011,0.011,0.011,0
FDM,20200603,0.011,0.011,0.011,0.011,0
FDM,20200604,0.011,0.011,0.011,0.011,0
FDM,20200605,0.011,0.011,0.011,0.011,0
FDM,20200609,0.011,0.011,0.011,0.011,0
FDM,20200610,0.011,0.011,0.011,0.011,0
FDM,20200611,0.011,0.011,0.011,0.011,0
FDM,20200612,0.011,0.011,0.011,0.011,0
FDM,20200615,0.011,0.011,0.011,0.011,0
FDM,20200616,0.011,0.011,0.011,0.011,0
FDM,20200617,0.011,0.011,0.011,0.011,0
FDM,20200618,0.011,0.011,0.011,0.011,0
FDM,20200619,0.011,0.011,0.011,0.011,0
FDM,20200622,0.011,0.011,0.011,0.011,0
FDM,20200623,0.011,0.011,0.011,0.011,0
FDM,20200624,0.011,0.011,0.011,0.011,0
FDM,20200625,0.011,0.011,0.011,0.011,0
FDM,20200626,0.011,0.011,0.011,0.011,0
FDM,20200629,0.011,0.011,0.011,0.011,0
FDM,20200630,0.011,0.011,0.011,0.011,0
FDM,20200701,0.011,0.011,0.011,0.011,0
FDM,20200702,0.011,0.011,0.011,0.011,0
FDM,20200703,0.011,0.011,0.011,0.011,0
FDM,20200706,0.011,0.011,0.011,0.011,0
FDM,20200707,0.011,0.011,0.011,0.011,0
FDM,20200708,0.011,0.011,0.011,0.011,0
FDM,20200709,0.011,0.011,0.011,0.011,0
FDM,20200710,0.011,0.011,0.011,0.011,0
FDM,20200713,0.011,0.011,0.011,0.011,0
FDM,20200714,0.011,0.011,0.011,0.011,0
FDM,20200715,0.011,0.011,0.011,0.011,0
FDM,20200716,0.011,0.011,0.011,0.011,0
FDM,20200717,0.011,0.011,0.011,0.011,0
FDM,20200720,0.011,0.011,0.011,0.011,0
FDM,20200721,0.011,0.011,0.011,0.011,0
FDM,20200722,0.011,0.011,0.011,0.011,0
FDM,20200723,0.011,0.011,0.011,0.011,0
FDM,20200724,0.011,0.011,0.011,0.011,0
FDM,20200727,0.011,0.011,0.011,0.011,0
FDM,20200728,0.011,0.011,0.011,0.011,0
FDM,20200729,0.011,0.011,0.011,0.011,0
FDM,20200730,0.011,0.011,0.011,0.011,0
FDM,20200731,0.011,0.011,0.011,0.011,0
FDM,20200803,0.011,0.011,0.011,0.011,0
FDM,20200804,0.011,0.011,0.011,0.011,0
FDM,20200805,0.011,0.011,0.011,0.011,0
FDM,20200806,0.011,0.011,0.011,0.011,0
FDM,20200807,0.011,0.011,0.011,0.011,0
FDM,20200810,0.011,0.011,0.011,0.011,0
FDM,20200811,0.011,0.011,0.011,0.011,0
FDM,20200812,0.011,0.011,0.011,0.011,0
FDM,20200813,0.011,0.011,0.011,0.011,0
FDM,20200814,0.011,0.011,0.011,0.011,0
FDM,20200817,0.011,0.011,0.011,0.011,0
FDM,20200818,0.011,0.011,0.011,0.011,0
FDM,20200819,0.011,0.011,0.011,0.011,0
FDM,20200820,0.011,0.011,0.011,0.011,0
FDM,20200821,0.011,0.011,0.011,0.011,0
FDM,20200824,0.011,0.011,0.011,0.011,0
FDM,20200825,0.011,0.011,0.011,0.011,0
FDM,20200826,0.011,0.011,0.011,0.011,0
FDM,20200827,0.011,0.011,0.011,0.011,0
FDM,20200828,0.011,0.011,0.011,0.011,0
FDM,20200831,0.011,0.011,0.011,0.011,0
FDM,20200901,0.011,0.011,0.011,0.011,0
FDM,20200902,0.011,0.011,0.011,0.011,0
FDM,20200903,0.011,0.011,0.011,0.011,0
FDM,20200904,0.011,0.011,0.011,0.011,0
FDM,20200907,0.011,0.011,0.011,0.011,0
FDM,20200908,0.011,0.011,0.011,0.011,0
FDM,20200909,0.011,0.011,0.011,0.011,0
FDM,20200910,0.011,0.011,0.011,0.011,0
FDM,20200911,0.011,0.011,0.011,0.011,0
FDM,20200914,0.011,0.011,0.011,0.011,0
FDM,20200915,0.011,0.011,0.011,0.011,0
FDM,20200916,0.011,0.011,0.011,0.011,0
FDM,20200917,0.011,0.011,0.011,0.011,0
FDM,20200918,0.011,0.011,0.011,0.011,0
FDM,20200921,0.011,0.011,0.011,0.011,0
FDM,20200922,0.011,0.011,0.011,0.011,0
FDM,20200923,0.011,0.011,0.011,0.011,0
FDM,20200924,0.011,0.011,0.011,0.011,0
FDM,20200925,0.011,0.011,0.011,0.011,0
FDM,20200928,0.011,0.011,0.011,0.011,0
FDM,20200929,0.011,0.011,0.011,0.011,0
FDM,20200930,0.011,0.011,0.011,0.011,0
FDM,20201001,0.011,0.011,0.011,0.011,0
FDM,20201002,0.011,0.011,0.011,0.011,0
FDM,20201005,0.011,0.011,0.011,0.011,0
FDM,20201006,0.011,0.011,0.011,0.011,0
FDM,20201007,0.011,0.011,0.011,0.011,0
FDM,20201008,0.011,0.011,0.011,0.011,0
FDM,20201009,0.011,0.011,0.011,0.011,0
FDM,20201012,0.011,0.011,0.011,0.011,0
FDM,20201013,0.011,0.011,0.011,0.011,0
FDM,20201014,0.011,0.011,0.011,0.011,0
FDM,20201015,0.011,0.011,0.011,0.011,0
FDM,20201016,0.011,0.011,0.011,0.011,0
FDM,20201019,0.011,0.011,0.011,0.011,0
FDM,20201020,0.011,0.011,0.011,0.011,0
FDM,20201021,0.011,0.011,0.011,0.011,0
FDM,20201022,0.011,0.011,0.011,0.011,0
FDM,20201023,0.011,0.011,0.011,0.011,0
FDM,20201026,0.011,0.011,0.011,0.011,0
FDM,20201027,0.011,0.011,0.011,0.011,0
FDM,20201028,0.011,0.011,0.011,0.011,0
FDM,20201029,0.011,0.011,0.011,0.011,0
FDM,20201030,0.011,0.011,0.011,0.011,0
FDM,20201102,0.011,0.011,0.011,0.011,0
FDM,20201103,0.011,0.011,0.011,0.011,0
FDM,20201104,0.011,0.011,0.011,0.011,0
FDM,20201105,0.011,0.011,0.011,0.011,0
FDM,20201106,0.011,0.011,0.011,0.011,0
FDM,20201109,0.011,0.011,0.011,0.011,0
FDM,20201110,0.011,0.011,0.011,0.011,0
FDM,20201111,0.011,0.011,0.011,0.011,0
FDM,20201112,0.011,0.011,0.011,0.011,0
FDM,20201113,0.011,0.011,0.011,0.011,0
FDM,20201116,0.011,0.011,0.011,0.011,0
FDM,20201117,0.011,0.011,0.011,0.011,0
FDM,20201118,0.011,0.011,0.011,0.011,0
FDM,20201120,0.011,0.011,0.011,0.011,0
FDM,20201123,0.011,0.011,0.011,0.011,0
FDM,20201124,0.011,0.011,0.011,0.011,0
FDM,20201125,0.011,0.011,0.011,0.011,0
FDM,20201126,0.011,0.011,0.011,0.011,0
FDM,20201127,0.011,0.011,0.011,0.011,0
FDM,20201130,0.011,0.011,0.011,0.011,0
FDM,20201201,0.011,0.011,0.011,0.011,0
FDM,20201202,0.011,0.011,0.011,0.011,0
FDM,20201203,0.011,0.011,0.011,0.011,0
FDM,20201204,0.011,0.011,0.011,0.011,0
FDM,20201207,0.011,0.011,0.011,0.011,0
FDM,20201208,0.011,0.011,0.011,0.011,0
FDM,20201209,0.011,0.011,0.011,0.011,0
FDM,20201210,0.011,0.011,0.011,0.011,0
FDM,20201211,0.011,0.011,0.011,0.011,0
FDM,20201214,0.011,0.011,0.011,0.011,0
FDM,20201215,0.011,0.011,0.011,0.011,0
FDM,20201216,0.011,0.011,0.011,0.011,0
FDM,20201217,0.011,0.011,0.011,0.011,0
FDM,20201218,0.011,0.011,0.011,0.011,0
FDM,20201221,0.011,0.011,0.011,0.011,0
FDM,20201222,0.011,0.011,0.011,0.011,0
FDM,20201224,0.011,0.011,0.011,0.011,0
FDM,20201229,0.011,0.011,0.011,0.011,0
FDM,20201230,0.011,0.011,0.011,0.011,0
FDM,20201231,0.011,0.011,0.011,0.011,0
FDM,20210104,0.011,0.011,0.011,0.011,0
FDM,20210105,0.011,0.011,0.011,0.011,0
FDM,20210106,0.011,0.011,0.011,0.011,0
FDM,20210107,0.011,0.011,0.011,0.011,0
FDM,20210108,0.011,0.011,0.011,0.011,0
FDM,20210111,0.011,0.011,0.011,0.011,0
FDM,20210112,0.011,0.011,0.011,0.011,0
FDM,20210113,0.011,0.011,0.011,0.011,0
FDM,20210114,0.011,0.011,0.011,0.011,0
FDM,20210115,0.011,0.011,0.011,0.011,0
FDM,20210118,0.011,0.011,0.011,0.011,0
FDM,20210119,0.011,0.011,0.011,0.011,0
FDM,20210120,0.011,0.011,0.011,0.011,0
FDM,20210121,0.011,0.011,0.011,0.011,0
FDM,20210122,0.011,0.011,0.011,0.011,0
FDM,20210125,0.011,0.011,0.011,0.011,0
FDM,20210127,0.011,0.011,0.011,0.011,0
FDM,20210128,0.011,0.011,0.011,0.011,0
FDM,20210129,0.011,0.011,0.011,0.011,0
FDM,20210201,0.011,0.011,0.011,0.011,0
FDM,20210203,0.011,0.011,0.011,0.011,0
FDM,20210204,0.011,0.011,0.011,0.011,0
FDM,20210205,0.011,0.011,0.011,0.011,0
FDM,20210208,0.011,0.011,0.011,0.011,0
FDM,20210209,0.011,0.011,0.011,0.011,0
FDM,20210210,0.011,0.011,0.011,0.011,0
FDM,20210211,0.011,0.011,0.011,0.011,0
FDM,20210212,0.011,0.011,0.011,0.011,0
FDM,20210215,0.011,0.011,0.011,0.011,0
FDM,20210216,0.011,0.011,0.011,0.011,0
FDM,20210217,0.011,0.011,0.011,0.011,0
FDM,20210218,0.011,0.011,0.011,0.011,0
FDM,20210219,0.011,0.011,0.011,0.011,0
FDM,20210222,0.011,0.011,0.011,0.011,0
FDM,20210223,0.011,0.011,0.011,0.011,0
FDM,20210224,0.011,0.011,0.011,0.011,0
FDM,20210225,0.011,0.011,0.011,0.011,0
FDM,20210226,0.011,0.011,0.011,0.011,0
FDM,20210301,0.011,0.011,0.011,0.011,0
FDM,20210302,0.011,0.011,0.011,0.011,0
FDM,20210303,0.011,0.011,0.011,0.011,0
FDM,20210304,0.011,0.011,0.011,0.011,0
FDM,20210305,0.011,0.011,0.011,0.011,0
FDM,20210308,0.011,0.011,0.011,0.011,0
FDM,20210309,0.011,0.011,0.011,0.011,0
FDM,20210310,0.011,0.011,0.011,0.011,0
FDM,20210311,0.011,0.011,0.011,0.011,0
FDM,20210312,0.011,0.011,0.011,0.011,0
FDM,20210315,0.011,0.011,0.011,0.011,0
FDM,20210316,0.011,0.011,0.011,0.011,0
FDM,20210317,0.011,0.011,0.011,0.011,0
FDM,20210318,0.011,0.011,0.011,0.011,0
FDM,20210319,0.011,0.011,0.011,0.011,0
FDM,20210322,0.011,0.011,0.011,0.011,0
FDM,20210323,0.011,0.011,0.011,0.011,0
FDM,20210324,0.011,0.011,0.011,0.011,0
FDM,20210325,0.011,0.011,0.011,0.011,0
FDM,20210329,0.011,0.011,0.011,0.011,0
FDM,20210330,0.011,0.011,0.011,0.011,0
FDM,20210331,0.011,0.011,0.011,0.011,0
FDM,20210401,0.011,0.011,0.011,0.011,0
FDM,20210406,0.011,0.011,0.011,0.011,0
FDM,20210407,0.011,0.011,0.011,0.011,0
FDM,20210408,0.011,0.011,0.011,0.011,0
FDM,20210409,0.011,0.011,0.011,0.011,0
FDM,20210412,0.011,0.011,0.011,0.011,0
FDM,20210413,0.011,0.011,0.011,0.011,0
FDM,20210414,0.011,0.011,0.011,0.011,0
FDM,20210415,0.011,0.011,0.011,0.011,0
FDM,20210416,0.011,0.011,0.011,0.011,0
FDM,20210419,0.011,0.011,0.011,0.011,0
FDM,20210420,0.011,0.011,0.011,0.011,0
FDM,20210421,0.011,0.011,0.011,0.011,0
FDM,20210422,0.011,0.011,0.011,0.011,0
FDM,20210423,0.011,0.011,0.011,0.011,0
FDM,20210426,0.011,0.011,0.011,0.011,0
FDM,20210427,0.011,0.011,0.011,0.011,0
FDM,20210428,0.011,0.011,0.011,0.011,0
FDM,20210429,0.011,0.011,0.011,0.011,0
FDM,20210430,0.011,0.011,0.011,0.011,0
FDM,20210503,0.011,0.011,0.011,0.011,0
FDM,20210504,0.011,0.011,0.011,0.011,0
FDM,20210505,0.011,0.011,0.011,0.011,0
FDM,20210506,0.011,0.011,0.011,0.011,0
FDM,20210507,0.011,0.011,0.011,0.011,0
FDM,20210510,0.011,0.011,0.011,0.011,0
FDM,20210511,0.011,0.011,0.011,0.011,0
FDM,20210512,0.011,0.011,0.011,0.011,0
FDM,20210513,0.011,0.011,0.011,0.011,0
FDM,20210514,0.011,0.011,0.011,0.011,0
FDM,20210517,0.011,0.011,0.011,0.011,0
FDM,20210518,0.011,0.011,0.011,0.011,0
FDM,20210519,0.011,0.011,0.011,0.011,0
FDM,20210520,0.011,0.011,0.011,0.011,0
FDM,20210521,0.011,0.011,0.011,0.011,0
FDM,20210524,0.011,0.011,0.011,0.011,0
FDM,20210525,0.011,0.011,0.011,0.011,0
FDM,20210526,0.011,0.011,0.011,0.011,0
FDM,20210527,0.011,0.011,0.011,0.011,0
FDM,20210528,0.011,0.011,0.011,0.011,0
FDM,20210531,0.011,0.011,0.011,0.011,0
FDM,20210601,0.011,0.011,0.011,0.011,0
FDM,20210602,0.011,0.011,0.011,0.011,0
FDM,20210603,0.011,0.011,0.011,0.011,0
FDM,20210604,0.011,0.011,0.011,0.011,0
FDM,20210607,0.011,0.011,0.011,0.011,0
FDM,20210609,0.011,0.011,0.011,0.011,0
FDM,20210610,0.011,0.011,0.011,0.011,0
FDM,20210611,0.011,0.011,0.011,0.011,0
FDM,20210615,0.011,0.011,0.011,0.011,0
FDM,20210616,0.011,0.011,0.011,0.011,0
FDM,20210617,0.011,0.011,0.011,0.011,0
FDM,20210618,0.011,0.011,0.011,0.011,0
FDM,20210621,0.011,0.011,0.011,0.011,0
FDM,20210622,0.011,0.011,0.011,0.011,0
FDM,20210623,0.011,0.011,0.011,0.011,0
FDM,20210625,0.011,0.011,0.011,0.011,0
FDM,20210628,0.011,0.011,0.011,0.011,0
FDM,20210629,0.011,0.011,0.011,0.011,0
FDM,20210630,0.011,0.011,0.011,0.011,0
FDM,20210701,0.011,0.011,0.011,0.011,0
FDM,20210705,0.011,0.011,0.011,0.011,0
FDM,20210706,0.011,0.011,0.011,0.011,0
FDM,20210707,0.011,0.011,0.011,0.011,0
FDM,20210708,0.011,0.011,0.011,0.011,0
FDM,20210709,0.011,0.011,0.011,0.011,0
FDM,20210712,0.011,0.011,0.011,0.011,0
FDM,20210714,0.011,0.011,0.011,0.011,0
FDM,20210715,0.011,0.011,0.011,0.011,0
FDM,20210716,0.011,0.011,0.011,0.011,0
FDM,20210719,0.011,0.011,0.011,0.011,0
FDM,20210720,0.011,0.011,0.011,0.011,0
FDM,20210723,0.011,0.011,0.011,0.011,0
FDM,20210726,0.011,0.011,0.011,0.011,0
FDM,20210727,0.011,0.011,0.011,0.011,0
FDM,20210728,0.011,0.011,0.011,0.011,0
FDM,20210729,0.011,0.011,0.011,0.011,0
FDM,20210730,0.011,0.011,0.011,0.011,0
FDM,20210802,0.011,0.011,0.011,0.011,0
FDM,20210803,0.011,0.011,0.011,0.011,0
FDM,20210804,0.011,0.011,0.011,0.011,0
FDM,20210805,0.011,0.011,0.011,0.011,0
FDM,20210806,0.011,0.011,0.011,0.011,0
FDM,20210809,0.011,0.011,0.011,0.011,0
