FFG,20160212,0.08,0.08,0.08,0.08,0
FFG,20160215,0.057,0.078,0.057,0.078,100542
FFG,20160216,0.078,0.078,0.078,0.078,0
FFG,20160217,0.078,0.078,0.078,0.078,0
FFG,20160218,0.078,0.078,0.078,0.078,0
FFG,20160219,0.074,0.074,0.074,0.074,3630
FFG,20160222,0.078,0.078,0.078,0.078,60000
FFG,20160223,0.078,0.078,0.078,0.078,0
FFG,20160224,0.073,0.073,0.073,0.073,20000
FFG,20160225,0.068,0.068,0.066,0.066,145542
FFG,20160226,0.066,0.066,0.065,0.065,64458
FFG,20160229,0.065,0.065,0.065,0.065,0
FFG,20160301,0.07,0.07,0.06,0.06,11400
FFG,20160302,0.06,0.06,0.06,0.06,23600
FFG,20160303,0.06,0.06,0.06,0.06,399627
FFG,20160304,0.06,0.06,0.06,0.06,0
FFG,20160307,0.06,0.06,0.06,0.06,0
FFG,20160308,0.06,0.06,0.06,0.06,0
FFG,20160309,0.06,0.06,0.06,0.06,10000
FFG,20160310,0.043,0.056,0.043,0.056,24875
FFG,20160311,0.056,0.056,0.055,0.055,41000
FFG,20160314,0.055,0.055,0.055,0.055,10125
FFG,20160315,0.055,0.055,0.055,0.055,0
FFG,20160316,0.055,0.055,0.055,0.055,0
FFG,20160317,0.055,0.075,0.055,0.075,144875
FFG,20160318,0.075,0.075,0.075,0.075,0
FFG,20160321,0.07,0.076,0.07,0.076,100000
FFG,20160322,0.07,0.07,0.07,0.07,300000
FFG,20160323,0.07,0.07,0.07,0.07,93200
FFG,20160324,0.07,0.07,0.07,0.07,0
FFG,20160329,0.07,0.07,0.07,0.07,0
FFG,20160330,0.07,0.07,0.07,0.07,0
FFG,20160331,0.07,0.07,0.07,0.07,29650
FFG,20160401,0.07,0.07,0.07,0.07,50000
FFG,20160404,0.07,0.07,0.07,0.07,49000
FFG,20160405,0.065,0.065,0.06,0.06,150000
FFG,20160406,0.065,0.065,0.065,0.065,150000
FFG,20160407,0.065,0.065,0.065,0.065,0
FFG,20160408,0.065,0.065,0.065,0.065,0
FFG,20160411,0.055,0.055,0.055,0.055,84300
FFG,20160412,0.055,0.055,0.055,0.055,0
FFG,20160413,0.055,0.055,0.055,0.055,0
FFG,20160414,0.06,0.06,0.06,0.06,25000
FFG,20160415,0.06,0.06,0.06,0.06,40000
FFG,20160418,0.06,0.06,0.06,0.06,0
FFG,20160419,0.06,0.06,0.06,0.06,0
FFG,20160420,0.06,0.06,0.06,0.06,0
FFG,20160421,0.06,0.06,0.06,0.06,30000
FFG,20160422,0.048,0.048,0.048,0.048,12000
FFG,20160426,0.068,0.068,0.068,0.068,40000
FFG,20160427,0.068,0.068,0.068,0.068,0
FFG,20160428,0.068,0.068,0.068,0.068,0
FFG,20160429,0.068,0.068,0.068,0.068,0
FFG,20160502,0.055,0.055,0.055,0.055,20000
FFG,20160503,0.055,0.055,0.055,0.055,0
FFG,20160504,0.055,0.055,0.055,0.055,0
FFG,20160505,0.055,0.055,0.05,0.05,51950
FFG,20160506,0.05,0.05,0.05,0.05,0
FFG,20160509,0.05,0.05,0.05,0.05,0
FFG,20160510,0.055,0.055,0.055,0.055,74600
FFG,20160511,0.05,0.05,0.05,0.05,20000
FFG,20160512,0.049,0.049,0.049,0.049,70000
FFG,20160513,0.049,0.049,0.049,0.049,0
FFG,20160516,0.049,0.049,0.049,0.049,0
FFG,20160517,0.05,0.06,0.05,0.06,120000
FFG,20160518,0.055,0.055,0.05,0.05,75000
FFG,20160519,0.05,0.05,0.05,0.05,0
FFG,20160520,0.049,0.049,0.049,0.049,10000
FFG,20160523,0.042,0.042,0.038,0.04,837069
FFG,20160524,0.04,0.042,0.04,0.042,315000
FFG,20160525,0.042,0.042,0.04,0.041,360000
FFG,20160526,0.041,0.041,0.04,0.04,225000
FFG,20160527,0.04,0.04,0.04,0.04,0
FFG,20160530,0.04,0.04,0.04,0.04,0
FFG,20160531,0.05,0.056,0.05,0.056,110000
FFG,20160601,0.056,0.056,0.056,0.056,0
FFG,20160602,0.056,0.056,0.056,0.056,0
FFG,20160603,0.056,0.056,0.056,0.056,0
FFG,20160606,0.056,0.056,0.056,0.056,0
FFG,20160607,0.056,0.056,0.056,0.056,0
FFG,20160608,0.056,0.056,0.056,0.056,0
FFG,20160609,0.05,0.05,0.05,0.05,250000
FFG,20160610,0.05,0.05,0.05,0.05,0
FFG,20160614,0.05,0.05,0.05,0.05,8000
FFG,20160615,0.05,0.05,0.05,0.05,95000
FFG,20160616,0.049,0.049,0.048,0.048,100000
FFG,20160617,0.048,0.048,0.048,0.048,110250
FFG,20160620,0.048,0.048,0.048,0.048,0
FFG,20160621,0.048,0.048,0.048,0.048,0
FFG,20160622,0.045,0.045,0.045,0.045,11201
FFG,20160623,0.045,0.045,0.045,0.045,0
FFG,20160624,0.042,0.042,0.042,0.042,200000
FFG,20160627,0.042,0.042,0.042,0.042,33799
FFG,20160628,0.042,0.042,0.04,0.04,107100
FFG,20160629,0.041,0.045,0.04,0.04,150000
FFG,20160630,0.041,0.041,0.04,0.04,59679
FFG,20160701,0.04,0.04,0.04,0.04,0
FFG,20160704,0.04,0.04,0.04,0.04,0
FFG,20160705,0.04,0.04,0.04,0.04,0
FFG,20160706,0.04,0.04,0.04,0.04,0
FFG,20160707,0.04,0.04,0.04,0.04,0
FFG,20160708,0.04,0.04,0.04,0.04,0
FFG,20160711,0.04,0.04,0.04,0.04,0
FFG,20160712,0.04,0.04,0.04,0.04,0
FFG,20160713,0.044,0.044,0.044,0.044,52977
FFG,20160714,0.044,0.044,0.044,0.044,0
FFG,20160715,0.044,0.044,0.044,0.044,0
FFG,20160718,0.044,0.044,0.044,0.044,0
FFG,20160719,0.044,0.044,0.044,0.044,0
FFG,20160720,0.044,0.044,0.044,0.044,0
FFG,20160721,0.042,0.042,0.042,0.042,1050
FFG,20160722,0.042,0.042,0.042,0.042,0
FFG,20160725,0.042,0.042,0.042,0.042,0
FFG,20160726,0.042,0.042,0.042,0.042,15000
FFG,20160727,0.042,0.042,0.042,0.042,0
FFG,20160728,0.042,0.042,0.042,0.042,0
FFG,20160729,0.042,0.042,0.042,0.042,0
FFG,20160801,0.042,0.042,0.041,0.041,18950
FFG,20160802,0.042,0.042,0.042,0.042,6050
FFG,20160803,0.042,0.042,0.042,0.042,0
FFG,20160804,0.042,0.042,0.042,0.042,0
FFG,20160805,0.042,0.042,0.042,0.042,0
FFG,20160808,0.045,0.045,0.045,0.045,4000
FFG,20160809,0.049,0.05,0.049,0.05,167900
FFG,20160810,0.05,0.05,0.05,0.05,701757
FFG,20160811,0.05,0.05,0.05,0.05,0
FFG,20160812,0.053,0.056,0.053,0.056,108193
FFG,20160815,0.056,0.056,0.056,0.056,0
FFG,20160816,0.056,0.056,0.056,0.056,0
FFG,20160817,0.056,0.056,0.056,0.056,0
FFG,20160818,0.057,0.068,0.057,0.068,68770
FFG,20160822,0.05,0.05,0.05,0.05,129900
FFG,20160823,0.05,0.05,0.05,0.05,0
FFG,20160824,0.05,0.05,0.05,0.05,0
FFG,20160825,0.05,0.05,0.045,0.045,12443
FFG,20160826,0.045,0.045,0.045,0.045,0
FFG,20160829,0.045,0.045,0.043,0.043,95000
FFG,20160830,0.044,0.044,0.044,0.044,4504
FFG,20160831,0.044,0.044,0.044,0.044,0
FFG,20160901,0.044,0.044,0.044,0.044,0
FFG,20160902,0.044,0.044,0.044,0.044,0
FFG,20160905,0.044,0.044,0.044,0.044,0
FFG,20160906,0.042,0.042,0.042,0.042,40000
FFG,20160907,0.042,0.042,0.042,0.042,0
FFG,20160908,0.042,0.042,0.042,0.042,0
FFG,20160909,0.042,0.042,0.042,0.042,0
FFG,20160912,0.043,0.043,0.043,0.043,50000
FFG,20160913,0.044,0.044,0.044,0.044,45000
FFG,20160914,0.044,0.044,0.044,0.044,0
FFG,20160915,0.044,0.044,0.044,0.044,0
FFG,20160916,0.044,0.044,0.044,0.044,0
FFG,20160919,0.044,0.044,0.044,0.044,50000
FFG,20160920,0.044,0.044,0.044,0.044,50000
FFG,20160921,0.044,0.044,0.044,0.044,0
FFG,20160922,0.044,0.044,0.044,0.044,0
FFG,20160923,0.044,0.044,0.044,0.044,0
FFG,20160926,0.044,0.044,0.044,0.044,0
FFG,20160927,0.044,0.044,0.044,0.044,0
FFG,20160928,0.044,0.044,0.044,0.044,0
FFG,20160929,0.044,0.044,0.044,0.044,24000
FFG,20160930,0.044,0.044,0.044,0.044,0
FFG,20161003,0.044,0.044,0.044,0.044,0
FFG,20161004,0.044,0.044,0.044,0.044,0
FFG,20161005,0.044,0.044,0.044,0.044,0
FFG,20161006,0.044,0.044,0.044,0.044,0
FFG,20161007,0.044,0.044,0.044,0.044,0
FFG,20161010,0.044,0.044,0.044,0.044,0
FFG,20161011,0.05,0.05,0.05,0.05,10000
FFG,20161012,0.05,0.05,0.05,0.05,10000
FFG,20161013,0.05,0.05,0.05,0.05,0
FFG,20161014,0.05,0.05,0.05,0.05,0
FFG,20161017,0.05,0.05,0.05,0.05,0
FFG,20161018,0.05,0.05,0.05,0.05,0
FFG,20161019,0.05,0.05,0.05,0.05,0
FFG,20161020,0.05,0.05,0.05,0.05,11750
FFG,20161021,0.05,0.05,0.05,0.05,0
FFG,20161024,0.05,0.05,0.05,0.05,0
FFG,20161025,0.05,0.05,0.05,0.05,10000
FFG,20161026,0.05,0.05,0.05,0.05,0
FFG,20161027,0.05,0.05,0.05,0.05,0
FFG,20161028,0.05,0.05,0.05,0.05,11115
FFG,20161031,0.05,0.05,0.05,0.05,0
FFG,20161101,0.05,0.05,0.05,0.05,20000
FFG,20161102,0.05,0.05,0.05,0.05,0
FFG,20161103,0.05,0.05,0.05,0.05,4460
FFG,20161104,0.05,0.05,0.05,0.05,0
FFG,20161107,0.05,0.05,0.05,0.05,0
FFG,20161108,0.04,0.04,0.04,0.04,15000
FFG,20161109,0.042,0.042,0.042,0.042,10000
FFG,20161110,0.045,0.045,0.045,0.045,12700
FFG,20161111,0.045,0.045,0.045,0.045,0
FFG,20161114,0.045,0.045,0.045,0.045,0
FFG,20161115,0.045,0.045,0.045,0.045,0
FFG,20161116,0.045,0.045,0.045,0.045,0
FFG,20161117,0.045,0.045,0.045,0.045,0
FFG,20161118,0.041,0.041,0.04,0.04,299970
FFG,20161121,0.04,0.04,0.04,0.04,0
FFG,20161122,0.04,0.04,0.04,0.04,3083
FFG,20161123,0.04,0.04,0.04,0.04,0
FFG,20161124,0.04,0.04,0.04,0.04,85000
FFG,20161125,0.04,0.04,0.04,0.04,0
FFG,20161128,0.04,0.04,0.04,0.04,0
FFG,20161129,0.04,0.04,0.04,0.04,250000
FFG,20161130,0.04,0.04,0.04,0.04,136947
FFG,20161201,0.04,0.04,0.04,0.04,0
FFG,20161202,0.04,0.04,0.04,0.04,0
FFG,20161205,0.04,0.04,0.04,0.04,0
FFG,20161206,0.04,0.04,0.04,0.04,0
FFG,20161207,0.04,0.04,0.04,0.04,0
FFG,20161208,0.04,0.04,0.04,0.04,0
FFG,20161209,0.04,0.04,0.04,0.04,0
FFG,20161212,0.04,0.04,0.04,0.04,0
FFG,20161213,0.04,0.04,0.04,0.04,0
FFG,20161214,0.04,0.04,0.04,0.04,0
FFG,20161215,0.04,0.04,0.04,0.04,0
FFG,20161216,0.04,0.04,0.04,0.04,0
FFG,20161219,0.04,0.04,0.04,0.04,0
FFG,20161220,0.04,0.04,0.04,0.04,0
FFG,20161221,0.04,0.04,0.04,0.04,0
FFG,20161222,0.04,0.04,0.04,0.04,0
FFG,20161223,0.04,0.04,0.04,0.04,0
FFG,20161228,0.04,0.04,0.04,0.04,0
FFG,20161229,0.04,0.04,0.04,0.04,0
FFG,20161230,0.04,0.04,0.04,0.04,0
FFG,20170103,0.04,0.04,0.04,0.04,0
FFG,20170104,0.04,0.04,0.04,0.04,0
FFG,20170105,0.04,0.04,0.04,0.04,8000
FFG,20170106,0.04,0.04,0.04,0.04,0
FFG,20170109,0.04,0.04,0.04,0.04,0
FFG,20170110,0.04,0.04,0.04,0.04,0
FFG,20170111,0.04,0.04,0.04,0.04,0
FFG,20170112,0.04,0.04,0.04,0.04,0
FFG,20170113,0.04,0.04,0.04,0.04,0
FFG,20170116,0.031,0.031,0.03,0.03,659888
FFG,20170117,0.031,0.031,0.031,0.031,100000
FFG,20170118,0.03,0.03,0.03,0.03,100000
FFG,20170119,0.03,0.03,0.03,0.03,0
FFG,20170120,0.03,0.03,0.03,0.03,0
FFG,20170123,0.031,0.031,0.03,0.03,992000
FFG,20170124,0.03,0.03,0.03,0.03,63500
FFG,20170125,0.03,0.03,0.03,0.03,0
FFG,20170127,0.03,0.03,0.03,0.03,0
FFG,20170130,0.03,0.03,0.03,0.03,0
FFG,20170131,0.03,0.03,0.03,0.03,0
FFG,20170201,0.03,0.03,0.03,0.03,0
FFG,20170202,0.03,0.03,0.03,0.03,0
FFG,20170203,0.03,0.03,0.03,0.03,0
FFG,20170206,0.031,0.031,0.03,0.03,100000
FFG,20170207,0.03,0.03,0.03,0.03,15000
FFG,20170208,0.03,0.03,0.03,0.03,16000
FFG,20170209,0.03,0.03,0.03,0.03,0
FFG,20170210,0.03,0.032,0.03,0.032,25000
FFG,20170213,0.031,0.031,0.031,0.031,16000
FFG,20170214,0.031,0.031,0.031,0.031,0
FFG,20170215,0.031,0.031,0.031,0.031,0
FFG,20170216,0.03,0.03,0.03,0.03,4000
FFG,20170217,0.03,0.03,0.03,0.03,0
FFG,20170220,0.03,0.03,0.03,0.03,0
FFG,20170221,0.03,0.03,0.03,0.03,0
FFG,20170222,0.03,0.03,0.03,0.03,21001
FFG,20170223,0.03,0.03,0.03,0.03,0
FFG,20170224,0.03,0.03,0.03,0.03,0
FFG,20170227,0.031,0.031,0.031,0.031,33250
FFG,20170228,0.031,0.031,0.031,0.031,0
FFG,20170301,0.031,0.031,0.031,0.031,0
FFG,20170302,0.025,0.031,0.025,0.031,11751
FFG,20170303,0.031,0.031,0.031,0.031,0
FFG,20170306,0.031,0.031,0.031,0.031,0
FFG,20170307,0.031,0.031,0.031,0.031,0
FFG,20170308,0.031,0.031,0.031,0.031,0
FFG,20170309,0.031,0.031,0.031,0.031,0
FFG,20170310,0.031,0.031,0.031,0.031,0
FFG,20170313,0.031,0.031,0.031,0.031,0
FFG,20170314,0.031,0.031,0.031,0.031,0
FFG,20170315,0.034,0.034,0.034,0.034,30100
FFG,20170316,0.034,0.034,0.034,0.034,0
FFG,20170317,0.034,0.034,0.034,0.034,0
FFG,20170320,0.034,0.034,0.034,0.034,0
FFG,20170321,0.034,0.034,0.034,0.034,15000
FFG,20170322,0.034,0.034,0.034,0.034,0
FFG,20170323,0.034,0.034,0.034,0.034,0
FFG,20170324,0.034,0.034,0.034,0.034,0
FFG,20170327,0.034,0.034,0.034,0.034,0
FFG,20170328,0.034,0.034,0.034,0.034,0
FFG,20170329,0.034,0.034,0.034,0.034,0
FFG,20170330,0.034,0.034,0.034,0.034,160267
FFG,20170331,0.034,0.034,0.034,0.034,37999
FFG,20170403,0.034,0.034,0.034,0.034,600
FFG,20170404,0.034,0.034,0.034,0.034,0
FFG,20170405,0.034,0.034,0.034,0.034,7400
FFG,20170406,0.034,0.034,0.03,0.03,122000
FFG,20170407,0.03,0.03,0.03,0.03,0
FFG,20170410,0.03,0.03,0.03,0.03,1600
FFG,20170411,0.03,0.03,0.03,0.03,0
FFG,20170412,0.028,0.028,0.028,0.028,119999
FFG,20170413,0.03,0.03,0.03,0.03,19401
FFG,20170418,0.03,0.03,0.03,0.03,0
FFG,20170419,0.03,0.03,0.03,0.03,0
FFG,20170420,0.03,0.03,0.03,0.03,0
FFG,20170421,0.035,0.035,0.035,0.035,27000
FFG,20170424,0.035,0.035,0.035,0.035,3000
FFG,20170426,0.035,0.035,0.035,0.035,0
FFG,20170427,0.035,0.035,0.035,0.035,0
FFG,20170428,0.035,0.035,0.035,0.035,0
FFG,20170501,0.035,0.035,0.035,0.035,0
FFG,20170502,0.035,0.038,0.035,0.038,50000
FFG,20170503,0.038,0.038,0.038,0.038,0
FFG,20170504,0.038,0.038,0.038,0.038,0
FFG,20170505,0.038,0.038,0.038,0.038,0
FFG,20170508,0.025,0.025,0.025,0.025,23979
FFG,20170509,0.025,0.025,0.025,0.025,0
FFG,20170510,0.025,0.025,0.025,0.025,0
FFG,20170511,0.025,0.025,0.025,0.025,0
FFG,20170512,0.025,0.025,0.025,0.025,0
FFG,20170515,0.026,0.026,0.025,0.025,106615
FFG,20170516,0.022,0.022,0.015,0.02,875000
FFG,20170517,0.022,0.024,0.021,0.024,373549
FFG,20170518,0.024,0.024,0.024,0.024,0
FFG,20170519,0.02,0.02,0.02,0.02,68000
FFG,20170522,0.014,0.014,0.013,0.014,140733
FFG,20170523,0.014,0.014,0.014,0.014,0
FFG,20170524,0.014,0.014,0.014,0.014,0
FFG,20170525,0.014,0.014,0.014,0.014,0
FFG,20170526,0.014,0.014,0.014,0.014,0
FFG,20170529,0.014,0.014,0.014,0.014,0
FFG,20170530,0.012,0.012,0.012,0.012,21000
FFG,20170531,0.012,0.012,0.012,0.012,0
FFG,20170601,0.013,0.013,0.01,0.01,360805
FFG,20170602,0.01,0.01,0.01,0.01,0
FFG,20170605,0.01,0.01,0.01,0.01,0
FFG,20170606,0.01,0.01,0.01,0.01,88667
FFG,20170607,0.01,0.01,0.01,0.01,365000
FFG,20170608,0.01,0.01,0.01,0.01,7194
FFG,20170609,0.01,0.01,0.01,0.01,0
FFG,20170613,0.01,0.01,0.01,0.01,0
FFG,20170614,0.009,0.009,0.009,0.009,513006
FFG,20170615,0.009,0.009,0.009,0.009,147153
FFG,20170616,0.009,0.009,0.009,0.009,0
FFG,20170619,0.009,0.009,0.009,0.009,0
FFG,20170620,0.01,0.01,0.01,0.01,50000
FFG,20170621,0.009,0.009,0.008,0.008,802800
FFG,20170622,0.008,0.008,0.008,0.008,0
FFG,20170623,0.008,0.008,0.008,0.008,6042
FFG,20170626,0.008,0.008,0.008,0.008,200000
FFG,20170627,0.008,0.008,0.008,0.008,0
FFG,20170628,0.007,0.008,0.007,0.007,444401
FFG,20170629,0.009,0.009,0.009,0.009,50000
FFG,20170630,0.009,0.009,0.009,0.009,0
FFG,20170703,0.009,0.009,0.009,0.009,0
FFG,20170704,0.009,0.009,0.009,0.009,0
FFG,20170705,0.009,0.009,0.009,0.009,0
FFG,20170706,0.009,0.009,0.009,0.009,0
FFG,20170707,0.009,0.009,0.009,0.009,0
FFG,20170710,0.009,0.009,0.009,0.009,56000
FFG,20170711,0.009,0.009,0.009,0.009,0
FFG,20170712,0.009,0.009,0.009,0.009,0
FFG,20170713,0.009,0.009,0.009,0.009,333333
FFG,20170714,0.009,0.009,0.009,0.009,311555
FFG,20170717,0.009,0.009,0.009,0.009,0
FFG,20170718,0.009,0.009,0.009,0.009,250000
FFG,20170719,0.009,0.009,0.009,0.009,0
FFG,20170720,0.009,0.009,0.008,0.008,1001112
FFG,20170721,0.008,0.008,0.008,0.008,0
FFG,20170724,0.008,0.008,0.008,0.008,0
FFG,20170725,0.008,0.008,0.008,0.008,998988
FFG,20170726,0.008,0.008,0.008,0.008,0
FFG,20170727,0.008,0.008,0.008,0.008,62500
FFG,20170728,0.008,0.008,0.008,0.008,0
FFG,20170731,0.008,0.008,0.008,0.008,0
FFG,20170801,0.008,0.008,0.008,0.008,63000
FFG,20170802,0.008,0.009,0.008,0.009,965512
FFG,20170803,0.009,0.009,0.009,0.009,0
FFG,20170804,0.01,0.01,0.009,0.009,550000
FFG,20170807,0.009,0.009,0.009,0.009,0
FFG,20170808,0.01,0.01,0.01,0.01,475555
FFG,20170809,0.01,0.01,0.01,0.01,0
FFG,20170810,0.011,0.011,0.011,0.011,100000
FFG,20170811,0.011,0.011,0.011,0.011,0
FFG,20170815,0.011,0.011,0.011,0.011,0
FFG,20170816,0.011,0.011,0.011,0.011,0
FFG,20170817,0.011,0.011,0.011,0.011,0
FFG,20170818,0.011,0.011,0.011,0.011,0
FFG,20170821,0.011,0.011,0.011,0.011,0
FFG,20170822,0.011,0.011,0.011,0.011,0
FFG,20170823,0.011,0.011,0.011,0.011,89000
FFG,20170824,0.011,0.011,0.011,0.011,0
FFG,20170825,0.011,0.011,0.011,0.011,0
FFG,20170828,0.011,0.011,0.011,0.011,0
FFG,20170829,0.011,0.011,0.011,0.011,0
FFG,20170830,0.011,0.011,0.011,0.011,0
FFG,20170831,0.012,0.012,0.012,0.012,45455
FFG,20170901,0.011,0.011,0.011,0.011,11000
FFG,20170904,0.011,0.011,0.011,0.011,0
FFG,20170905,0.011,0.012,0.011,0.012,268545
FFG,20170906,0.012,0.012,0.012,0.012,0
FFG,20170907,0.012,0.012,0.012,0.012,0
FFG,20170908,0.011,0.011,0.011,0.011,100000
FFG,20170911,0.011,0.011,0.011,0.011,0
FFG,20170912,0.011,0.011,0.011,0.011,0
FFG,20170913,0.012,0.012,0.012,0.012,56000
FFG,20170914,0.012,0.012,0.012,0.012,19000
FFG,20170915,0.012,0.012,0.012,0.012,0
FFG,20170918,0.012,0.012,0.012,0.012,0
FFG,20170919,0.012,0.012,0.012,0.012,0
FFG,20170920,0.012,0.012,0.012,0.012,0
FFG,20170921,0.012,0.012,0.012,0.012,0
FFG,20170922,0.012,0.012,0.012,0.012,4384
FFG,20170925,0.012,0.015,0.012,0.015,1724337
FFG,20170926,0.019,0.02,0.018,0.02,2220012
FFG,20170927,0.02,0.024,0.02,0.023,7445000
FFG,20170928,0.025,0.029,0.025,0.029,7955068
FFG,20170929,0.029,0.033,0.029,0.033,3635117
FFG,20171002,0.03,0.033,0.027,0.033,5593574
FFG,20171003,0.033,0.033,0.03,0.03,2980252
FFG,20171004,0.028,0.033,0.028,0.032,1419436
FFG,20171005,0.032,0.032,0.03,0.032,125168
FFG,20171006,0.031,0.045,0.031,0.045,13343444
FFG,20171009,0.05,0.05,0.032,0.035,12967138
FFG,20171010,0.034,0.036,0.029,0.03,3364623
FFG,20171011,0.03,0.04,0.03,0.04,3138621
FFG,20171012,0.046,0.052,0.04,0.049,6031940
FFG,20171013,0.05,0.05,0.042,0.042,2391314
FFG,20171016,0.043,0.045,0.04,0.045,1258003
FFG,20171017,0.044,0.044,0.039,0.04,1201013
FFG,20171018,0.04,0.04,0.035,0.035,807805
FFG,20171019,0.037,0.039,0.035,0.037,1116316
FFG,20171020,0.035,0.035,0.035,0.035,244651
FFG,20171023,0.035,0.042,0.035,0.041,2325801
FFG,20171024,0.044,0.048,0.043,0.048,1889471
FFG,20171025,0.047,0.047,0.043,0.043,773590
FFG,20171026,0.042,0.044,0.042,0.044,602970
FFG,20171027,0.044,0.044,0.042,0.043,714600
FFG,20171030,0.043,0.044,0.041,0.041,1444689
FFG,20171031,0.041,0.043,0.041,0.043,119170
FFG,20171101,0.041,0.043,0.041,0.043,350898
FFG,20171102,0.042,0.043,0.042,0.043,735000
FFG,20171103,0.045,0.051,0.045,0.051,4453388
FFG,20171106,0.052,0.055,0.051,0.051,2777576
FFG,20171107,0.05,0.05,0.042,0.043,1813286
FFG,20171108,0.044,0.046,0.044,0.046,171703
FFG,20171109,0.046,0.05,0.042,0.047,588817
FFG,20171110,0.046,0.05,0.042,0.047,588817
FFG,20171113,0.045,0.05,0.045,0.046,606924
FFG,20171114,0.045,0.045,0.043,0.044,730009
FFG,20171115,0.043,0.045,0.043,0.045,377440
FFG,20171116,0.044,0.045,0.04,0.041,947239
FFG,20171117,0.041,0.042,0.04,0.042,572784
FFG,20171120,0.042,0.049,0.042,0.049,850643
FFG,20171121,0.047,0.049,0.046,0.049,97949
FFG,20171122,0.049,0.049,0.049,0.049,0
FFG,20171123,0.049,0.049,0.043,0.043,175371
FFG,20171124,0.042,0.043,0.042,0.042,200300
FFG,20171127,0.047,0.05,0.047,0.048,609965
FFG,20171128,0.063,0.077,0.058,0.074,49601953
FFG,20171129,0.068,0.073,0.058,0.062,27748659
FFG,20171130,0.062,0.062,0.062,0.062,0
FFG,20171201,0.062,0.062,0.062,0.062,0
FFG,20171204,0.062,0.067,0.057,0.066,8520710
FFG,20171205,0.067,0.074,0.066,0.069,10245959
FFG,20171206,0.069,0.069,0.06,0.061,2793238
FFG,20171207,0.062,0.064,0.057,0.058,5994575
FFG,20171208,0.062,0.064,0.054,0.064,6456614
FFG,20171211,0.065,0.067,0.058,0.058,1921826
FFG,20171212,0.058,0.058,0.052,0.053,8439263
FFG,20171213,0.055,0.056,0.047,0.051,11815089
FFG,20171214,0.051,0.052,0.048,0.049,4745203
FFG,20171215,0.049,0.055,0.049,0.051,6063564
FFG,20171218,0.053,0.055,0.05,0.05,3820687
FFG,20171219,0.052,0.063,0.051,0.063,12589217
FFG,20171220,0.069,0.094,0.068,0.082,107071932
FFG,20171221,0.084,0.086,0.077,0.078,31344166
FFG,20171222,0.077,0.081,0.07,0.07,19660026
FFG,20171227,0.071,0.078,0.071,0.077,8894542
FFG,20171228,0.078,0.079,0.072,0.072,4775959
FFG,20171229,0.071,0.078,0.071,0.078,6585405
FFG,20180102,0.077,0.085,0.075,0.08,8126484
FFG,20180103,0.082,0.087,0.079,0.083,9925748
FFG,20180104,0.085,0.086,0.079,0.079,7179440
FFG,20180105,0.08,0.082,0.079,0.079,3936643
FFG,20180108,0.08,0.084,0.08,0.084,6293279
FFG,20180109,0.085,0.085,0.081,0.082,3305129
FFG,20180110,0.084,0.115,0.083,0.105,81239781
FFG,20180111,0.11,0.115,0.096,0.096,21690151
FFG,20180112,0.098,0.102,0.092,0.1,13041005
FFG,20180115,0.1,0.11,0.099,0.11,12355707
FFG,20180116,0.115,0.127,0.11,0.11,16696664
FFG,20180117,0.105,0.11,0.092,0.098,15613380
FFG,20180118,0.1,0.105,0.093,0.098,10817302
FFG,20180119,0.099,0.105,0.091,0.091,7732739
FFG,20180122,0.09,0.09,0.075,0.075,11890158
FFG,20180123,0.075,0.081,0.07,0.076,8921937
FFG,20180124,0.079,0.083,0.079,0.083,3770415
FFG,20180125,0.081,0.09,0.078,0.08,7141950
FFG,20180129,0.081,0.09,0.081,0.09,5175053
FFG,20180130,0.086,0.088,0.08,0.082,3612381
FFG,20180131,0.082,0.082,0.07,0.073,6740211
FFG,20180201,0.074,0.078,0.074,0.074,3197466
FFG,20180202,0.073,0.073,0.061,0.065,12216554
FFG,20180205,0.061,0.061,0.054,0.057,5814939
FFG,20180207,0.052,0.058,0.052,0.055,7237689
FFG,20180208,0.058,0.058,0.051,0.052,3177875
FFG,20180209,0.049,0.053,0.046,0.053,3360072
FFG,20180212,0.055,0.059,0.055,0.056,2910333
FFG,20180213,0.058,0.064,0.052,0.064,6375125
FFG,20180214,0.062,0.07,0.062,0.062,8094730
FFG,20180215,0.066,0.067,0.063,0.065,3460856
FFG,20180216,0.072,0.074,0.069,0.073,7447662
FFG,20180219,0.074,0.076,0.07,0.07,4700147
FFG,20180220,0.071,0.075,0.07,0.072,3019199
FFG,20180221,0.072,0.072,0.062,0.063,2928990
FFG,20180222,0.064,0.065,0.06,0.061,2052216
FFG,20180223,0.062,0.063,0.056,0.058,2637325
FFG,20180226,0.06,0.066,0.058,0.06,1585715
FFG,20180227,0.061,0.066,0.061,0.062,1995930
FFG,20180228,0.064,0.066,0.06,0.06,1932198
FFG,20180301,0.06,0.062,0.055,0.055,2034618
FFG,20180302,0.055,0.057,0.054,0.055,767102
FFG,20180305,0.055,0.058,0.055,0.055,767788
FFG,20180306,0.055,0.065,0.053,0.062,1968506
FFG,20180307,0.066,0.066,0.054,0.054,1939492
FFG,20180308,0.056,0.061,0.055,0.06,1657691
FFG,20180309,0.058,0.058,0.054,0.054,1593923
FFG,20180312,0.056,0.059,0.056,0.057,996632
FFG,20180313,0.057,0.058,0.053,0.054,460732
FFG,20180314,0.053,0.055,0.051,0.052,1403856
FFG,20180315,0.052,0.057,0.05,0.05,2931583
FFG,20180316,0.051,0.055,0.05,0.051,810986
FFG,20180319,0.051,0.051,0.049,0.049,2061659
FFG,20180320,0.048,0.049,0.046,0.047,1396278
FFG,20180321,0.047,0.048,0.046,0.048,726115
FFG,20180322,0.046,0.047,0.045,0.045,146044
FFG,20180323,0.044,0.045,0.041,0.045,1643014
FFG,20180326,0.043,0.045,0.042,0.042,518614
FFG,20180327,0.045,0.048,0.045,0.047,748947
FFG,20180328,0.047,0.047,0.042,0.042,619522
FFG,20180329,0.043,0.045,0.042,0.045,258189
FFG,20180403,0.043,0.044,0.042,0.042,715458
FFG,20180404,0.042,0.042,0.041,0.042,504025
FFG,20180405,0.042,0.042,0.041,0.041,353387
FFG,20180406,0.041,0.042,0.034,0.034,1257032
FFG,20180409,0.034,0.036,0.031,0.035,796474
FFG,20180410,0.035,0.038,0.034,0.034,2316248
FFG,20180411,0.034,0.038,0.034,0.034,325795
FFG,20180412,0.035,0.037,0.035,0.035,661252
FFG,20180413,0.038,0.044,0.037,0.044,5265541
FFG,20180416,0.045,0.045,0.036,0.036,2935595
FFG,20180417,0.038,0.039,0.034,0.034,2112711
FFG,20180418,0.036,0.036,0.032,0.033,1661741
FFG,20180419,0.037,0.044,0.037,0.04,4019737
FFG,20180420,0.042,0.044,0.039,0.039,1149829
FFG,20180423,0.04,0.044,0.04,0.042,1639214
FFG,20180424,0.043,0.048,0.043,0.046,3649484
FFG,20180426,0.047,0.049,0.044,0.045,1594529
FFG,20180427,0.045,0.048,0.045,0.046,594149
FFG,20180430,0.048,0.052,0.046,0.052,1835801
FFG,20180501,0.052,0.052,0.045,0.047,2360059
FFG,20180502,0.048,0.049,0.047,0.047,504236
FFG,20180503,0.047,0.05,0.044,0.044,2407445
FFG,20180504,0.045,0.055,0.045,0.048,7056389
FFG,20180507,0.049,0.051,0.044,0.044,2834216
FFG,20180508,0.045,0.045,0.045,0.045,120000
FFG,20180509,0.045,0.045,0.045,0.045,0
FFG,20180510,0.046,0.047,0.044,0.046,1120300
FFG,20180511,0.046,0.046,0.041,0.043,1812849
FFG,20180514,0.043,0.043,0.039,0.039,1853252
FFG,20180515,0.04,0.041,0.039,0.04,1588364
FFG,20180516,0.043,0.044,0.04,0.04,1767127
FFG,20180517,0.04,0.045,0.037,0.042,1925070
FFG,20180518,0.043,0.043,0.04,0.04,772852
FFG,20180521,0.041,0.042,0.039,0.039,430667
FFG,20180522,0.04,0.04,0.037,0.038,1153110
FFG,20180523,0.038,0.038,0.037,0.037,829010
FFG,20180524,0.039,0.039,0.036,0.037,194688
FFG,20180525,0.037,0.037,0.037,0.037,63732
FFG,20180528,0.037,0.037,0.032,0.033,2558668
FFG,20180529,0.033,0.034,0.032,0.034,587448
FFG,20180530,0.034,0.034,0.033,0.033,911032
FFG,20180531,0.033,0.034,0.032,0.033,195437
FFG,20180601,0.032,0.034,0.032,0.033,1548716
FFG,20180604,0.034,0.035,0.032,0.032,445314
FFG,20180605,0.033,0.034,0.03,0.03,1281296
FFG,20180606,0.031,0.031,0.031,0.031,100000
FFG,20180607,0.034,0.035,0.032,0.033,2193985
FFG,20180608,0.033,0.033,0.032,0.033,1302276
FFG,20180612,0.033,0.033,0.033,0.033,0
FFG,20180613,0.033,0.033,0.033,0.033,0
FFG,20180614,0.033,0.033,0.033,0.033,0
FFG,20180615,0.033,0.034,0.031,0.032,1294765
FFG,20180618,0.033,0.033,0.032,0.032,685000
FFG,20180619,0.031,0.032,0.031,0.031,561122
FFG,20180620,0.031,0.031,0.026,0.027,2482882
FFG,20180621,0.027,0.031,0.027,0.031,1371721
FFG,20180622,0.03,0.031,0.029,0.029,803910
FFG,20180625,0.029,0.031,0.029,0.03,905846
FFG,20180626,0.029,0.029,0.027,0.028,2034674
FFG,20180627,0.027,0.029,0.027,0.027,2116568
FFG,20180628,0.027,0.029,0.027,0.029,1071150
FFG,20180629,0.029,0.029,0.027,0.027,2573629
FFG,20180702,0.027,0.027,0.026,0.026,963724
FFG,20180703,0.027,0.027,0.025,0.026,197001
FFG,20180704,0.026,0.027,0.026,0.026,1061642
FFG,20180705,0.027,0.028,0.027,0.027,1114863
FFG,20180706,0.027,0.027,0.026,0.026,229673
FFG,20180710,0.026,0.026,0.025,0.025,300498
FFG,20180711,0.027,0.028,0.026,0.026,1362794
FFG,20180712,0.025,0.025,0.025,0.025,138800
FFG,20180713,0.025,0.025,0.024,0.024,619582
FFG,20180716,0.024,0.025,0.024,0.025,272220
FFG,20180717,0.026,0.029,0.026,0.029,2582284
FFG,20180718,0.032,0.036,0.032,0.032,6941729
FFG,20180719,0.032,0.032,0.029,0.03,1225431
FFG,20180720,0.03,0.032,0.03,0.03,523079
FFG,20180723,0.03,0.033,0.03,0.033,1188248
FFG,20180724,0.033,0.033,0.03,0.031,5198243
FFG,20180725,0.033,0.034,0.03,0.03,2268317
FFG,20180726,0.032,0.032,0.029,0.029,737170
FFG,20180727,0.03,0.03,0.029,0.029,1209331
FFG,20180730,0.03,0.031,0.029,0.03,1645550
FFG,20180731,0.029,0.029,0.028,0.029,1227246
FFG,20180801,0.028,0.028,0.027,0.027,620481
FFG,20180802,0.026,0.026,0.025,0.025,1618522
FFG,20180803,0.028,0.028,0.025,0.025,1958876
FFG,20180806,0.026,0.027,0.025,0.025,1102900
FFG,20180807,0.025,0.025,0.024,0.024,1319812
FFG,20180808,0.024,0.025,0.024,0.025,435984
FFG,20180809,0.026,0.027,0.025,0.025,809187
FFG,20180810,0.025,0.026,0.025,0.025,98969
FFG,20180813,0.026,0.029,0.025,0.029,2745665
FFG,20180814,0.029,0.033,0.029,0.032,4753906
FFG,20180816,0.029,0.029,0.029,0.029,220146
FFG,20180817,0.029,0.03,0.026,0.026,1313402
FFG,20180820,0.028,0.029,0.028,0.029,95416
FFG,20180821,0.028,0.031,0.028,0.03,1255025
FFG,20180822,0.029,0.032,0.029,0.03,1988817
FFG,20180823,0.029,0.031,0.028,0.031,3069622
FFG,20180824,0.031,0.031,0.03,0.03,134630
FFG,20180827,0.031,0.031,0.031,0.031,4500142
FFG,20180828,0.031,0.031,0.03,0.031,607295
FFG,20180829,0.031,0.031,0.029,0.029,746558
FFG,20180830,0.03,0.03,0.028,0.028,1426947
FFG,20180831,0.029,0.029,0.028,0.028,212755
FFG,20180903,0.028,0.031,0.028,0.031,664930
FFG,20180904,0.03,0.03,0.029,0.03,480246
FFG,20180905,0.028,0.028,0.027,0.027,824946
FFG,20180906,0.027,0.028,0.026,0.027,2219419
FFG,20180907,0.028,0.028,0.026,0.026,1056781
FFG,20180910,0.026,0.026,0.025,0.025,333725
FFG,20180913,0.026,0.026,0.025,0.025,685731
FFG,20180914,0.025,0.025,0.025,0.025,744565
FFG,20180917,0.025,0.025,0.025,0.025,666711
FFG,20180918,0.025,0.025,0.025,0.025,431170
FFG,20180919,0.024,0.025,0.023,0.023,1579190
FFG,20180920,0.024,0.025,0.023,0.024,864097
FFG,20180921,0.023,0.023,0.023,0.023,424073
FFG,20180924,0.023,0.024,0.022,0.023,554367
FFG,20180925,0.023,0.023,0.022,0.022,668854
FFG,20180926,0.022,0.022,0.02,0.02,2510498
FFG,20180927,0.02,0.021,0.02,0.021,1367185
FFG,20180928,0.021,0.021,0.02,0.02,546623
FFG,20181001,0.02,0.02,0.02,0.02,437611
FFG,20181002,0.019,0.019,0.017,0.018,889117
FFG,20181003,0.016,0.017,0.015,0.016,4386888
FFG,20181004,0.017,0.022,0.017,0.021,2769518
FFG,20181005,0.021,0.021,0.021,0.021,0
FFG,20181008,0.02,0.021,0.017,0.019,1545075
FFG,20181009,0.02,0.021,0.019,0.021,1802935
FFG,20181010,0.021,0.022,0.019,0.02,3070062
FFG,20181011,0.019,0.019,0.018,0.018,1377295
FFG,20181012,0.018,0.02,0.018,0.018,1346228
FFG,20181015,0.018,0.02,0.018,0.02,323701
FFG,20181016,0.02,0.02,0.02,0.02,150000
FFG,20181017,0.02,0.021,0.02,0.02,1897312
FFG,20181018,0.02,0.02,0.02,0.02,30000
FFG,20181019,0.021,0.021,0.019,0.019,903631
FFG,20181022,0.019,0.019,0.019,0.019,42600
FFG,20181023,0.019,0.019,0.019,0.019,540021
FFG,20181024,0.018,0.018,0.018,0.018,532611
FFG,20181025,0.018,0.019,0.017,0.017,51561
FFG,20181026,0.017,0.017,0.017,0.017,1079018
FFG,20181030,0.016,0.016,0.016,0.016,357948
FFG,20181031,0.016,0.016,0.016,0.016,0
FFG,20181101,0.016,0.018,0.016,0.018,1656065
FFG,20181102,0.019,0.019,0.017,0.017,191776
FFG,20181105,0.017,0.017,0.017,0.017,19935
FFG,20181106,0.018,0.019,0.018,0.019,226194
FFG,20181107,0.02,0.024,0.02,0.022,2956450
FFG,20181108,0.022,0.023,0.022,0.022,962207
FFG,20181109,0.022,0.026,0.022,0.025,3244827
FFG,20181112,0.026,0.029,0.026,0.028,2187687
FFG,20181113,0.028,0.029,0.028,0.028,916939
FFG,20181114,0.028,0.03,0.026,0.026,1853790
FFG,20181115,0.026,0.026,0.022,0.022,691135
FFG,20181116,0.022,0.025,0.021,0.024,572606
FFG,20181119,0.025,0.025,0.023,0.023,754330
FFG,20181120,0.021,0.023,0.019,0.019,996865
FFG,20181121,0.019,0.02,0.018,0.02,2766559
FFG,20181122,0.019,0.019,0.017,0.017,352000
FFG,20181123,0.018,0.021,0.018,0.02,690359
FFG,20181126,0.019,0.02,0.019,0.02,72100
FFG,20181127,0.02,0.02,0.019,0.019,282232
FFG,20181128,0.019,0.019,0.019,0.019,0
FFG,20181129,0.019,0.019,0.019,0.019,0
FFG,20181130,0.019,0.019,0.019,0.019,0
FFG,20181203,0.019,0.019,0.019,0.019,0
FFG,20181204,0.019,0.019,0.017,0.019,705952
FFG,20181205,0.02,0.021,0.018,0.018,1449071
FFG,20181206,0.018,0.018,0.018,0.018,150000
FFG,20181207,0.018,0.018,0.018,0.018,55555
FFG,20181210,0.017,0.017,0.017,0.017,100000
FFG,20181211,0.017,0.018,0.016,0.017,305000
FFG,20181212,0.017,0.019,0.017,0.017,263002
FFG,20181213,0.019,0.019,0.018,0.019,164000
FFG,20181214,0.019,0.019,0.018,0.018,181578
FFG,20181217,0.017,0.018,0.016,0.018,755000
FFG,20181218,0.017,0.018,0.017,0.017,1154700
FFG,20181219,0.015,0.016,0.015,0.016,298434
FFG,20181220,0.016,0.016,0.016,0.016,534955
FFG,20181221,0.016,0.016,0.016,0.016,60000
FFG,20181224,0.016,0.017,0.015,0.017,424231
FFG,20181227,0.016,0.016,0.016,0.016,100000
FFG,20181228,0.016,0.016,0.016,0.016,200000
FFG,20181231,0.016,0.016,0.016,0.016,0
FFG,20190102,0.015,0.016,0.015,0.016,250000
FFG,20190103,0.015,0.015,0.013,0.014,2057847
FFG,20190104,0.014,0.014,0.013,0.013,626992
FFG,20190107,0.014,0.014,0.013,0.014,897235
FFG,20190108,0.014,0.016,0.014,0.016,2947734
FFG,20190109,0.014,0.016,0.014,0.015,1608349
FFG,20190110,0.015,0.015,0.014,0.015,745447
FFG,20190111,0.014,0.014,0.014,0.014,1767799
FFG,20190114,0.014,0.014,0.014,0.014,70000
FFG,20190115,0.014,0.016,0.014,0.016,425001
FFG,20190116,0.016,0.016,0.016,0.016,0
FFG,20190117,0.015,0.015,0.015,0.015,34000
FFG,20190118,0.014,0.014,0.014,0.014,570099
FFG,20190121,0.015,0.015,0.014,0.014,674286
FFG,20190122,0.014,0.015,0.014,0.015,104741
FFG,20190123,0.014,0.014,0.014,0.014,300000
FFG,20190124,0.014,0.015,0.013,0.013,213287
FFG,20190125,0.014,0.015,0.014,0.014,374826
FFG,20190129,0.015,0.015,0.015,0.015,182283
FFG,20190130,0.014,0.014,0.013,0.013,1605558
FFG,20190131,0.014,0.015,0.014,0.015,1724334
FFG,20190201,0.015,0.015,0.014,0.014,1109738
FFG,20190204,0.015,0.015,0.015,0.015,57070
FFG,20190205,0.015,0.018,0.015,0.018,537366
FFG,20190206,0.017,0.017,0.016,0.016,282993
FFG,20190207,0.016,0.016,0.016,0.016,50000
FFG,20190208,0.015,0.015,0.014,0.014,605300
FFG,20190211,0.015,0.015,0.015,0.015,200000
FFG,20190212,0.014,0.016,0.014,0.015,1248336
FFG,20190213,0.015,0.015,0.013,0.013,1724886
FFG,20190214,0.014,0.014,0.014,0.014,81380
FFG,20190215,0.013,0.014,0.013,0.013,846167
FFG,20190218,0.013,0.013,0.013,0.013,297892
FFG,20190219,0.014,0.014,0.014,0.014,390000
FFG,20190220,0.014,0.014,0.013,0.013,122770
FFG,20190221,0.013,0.013,0.013,0.013,117
FFG,20190222,0.013,0.013,0.013,0.013,1000000
FFG,20190225,0.013,0.014,0.013,0.013,376690
FFG,20190226,0.013,0.013,0.012,0.012,1542189
FFG,20190227,0.012,0.013,0.012,0.013,246081
FFG,20190228,0.012,0.012,0.012,0.012,1208955
FFG,20190301,0.012,0.012,0.011,0.011,770131
FFG,20190304,0.011,0.011,0.011,0.011,64835
FFG,20190305,0.012,0.012,0.012,0.012,9999
FFG,20190306,0.011,0.011,0.011,0.011,133220
FFG,20190307,0.011,0.011,0.011,0.011,0
FFG,20190308,0.012,0.014,0.012,0.014,609366
FFG,20190311,0.013,0.014,0.012,0.012,765674
FFG,20190312,0.014,0.014,0.013,0.013,1176237
FFG,20190313,0.013,0.014,0.013,0.014,256539
FFG,20190314,0.014,0.014,0.014,0.014,0
FFG,20190315,0.013,0.013,0.013,0.013,1100350
FFG,20190318,0.013,0.013,0.013,0.013,50000
FFG,20190319,0.013,0.015,0.013,0.015,2449585
FFG,20190320,0.015,0.02,0.015,0.02,3352527
FFG,20190321,0.02,0.02,0.015,0.015,6221272
FFG,20190322,0.015,0.018,0.015,0.017,3466238
FFG,20190325,0.018,0.018,0.016,0.016,3704847
FFG,20190326,0.016,0.016,0.016,0.016,1418573
FFG,20190327,0.017,0.017,0.016,0.016,1728108
FFG,20190328,0.015,0.015,0.015,0.015,226920
FFG,20190329,0.015,0.015,0.015,0.015,0
FFG,20190401,0.016,0.016,0.015,0.015,46660
FFG,20190402,0.015,0.015,0.014,0.014,115758
FFG,20190403,0.015,0.018,0.015,0.016,10912224
FFG,20190404,0.016,0.016,0.015,0.015,3629910
FFG,20190405,0.014,0.016,0.014,0.016,2455484
FFG,20190408,0.017,0.017,0.014,0.014,8818573
FFG,20190409,0.015,0.016,0.015,0.016,910000
FFG,20190410,0.015,0.015,0.015,0.015,1488591
FFG,20190411,0.015,0.015,0.015,0.015,0
FFG,20190412,0.015,0.016,0.014,0.014,1824985
FFG,20190415,0.015,0.015,0.013,0.013,741119
FFG,20190416,0.013,0.013,0.013,0.013,1811206
FFG,20190417,0.014,0.014,0.013,0.013,1697713
FFG,20190418,0.012,0.012,0.012,0.012,940227
FFG,20190423,0.013,0.014,0.013,0.013,668725
FFG,20190424,0.013,0.013,0.013,0.013,132048
FFG,20190426,0.013,0.013,0.012,0.012,514475
FFG,20190429,0.013,0.013,0.012,0.012,276923
FFG,20190430,0.012,0.013,0.012,0.012,2231368
FFG,20190501,0.012,0.012,0.012,0.012,0
FFG,20190502,0.011,0.012,0.011,0.011,572630
FFG,20190503,0.011,0.011,0.011,0.011,0
FFG,20190506,0.011,0.011,0.011,0.011,0
FFG,20190507,0.012,0.012,0.011,0.012,734441
FFG,20190508,0.012,0.012,0.012,0.012,1058805
FFG,20190509,0.011,0.011,0.011,0.011,484804
FFG,20190510,0.012,0.013,0.012,0.012,1388044
FFG,20190513,0.013,0.013,0.012,0.012,978007
FFG,20190514,0.015,0.016,0.014,0.015,16006809
FFG,20190515,0.015,0.015,0.013,0.013,3557145
FFG,20190516,0.015,0.016,0.014,0.014,28997294
FFG,20190517,0.015,0.015,0.013,0.013,4509639
FFG,20190520,0.015,0.016,0.014,0.014,4795888
FFG,20190521,0.014,0.014,0.013,0.013,915653
FFG,20190522,0.013,0.014,0.013,0.014,2119581
FFG,20190523,0.013,0.015,0.013,0.013,6809547
FFG,20190524,0.014,0.014,0.013,0.013,2250907
FFG,20190527,0.015,0.016,0.014,0.014,9350442
FFG,20190528,0.015,0.015,0.015,0.015,402453
FFG,20190529,0.014,0.014,0.013,0.013,1426770
FFG,20190530,0.014,0.015,0.013,0.015,693352
FFG,20190531,0.013,0.013,0.013,0.013,5546311
FFG,20190603,0.013,0.013,0.013,0.013,485393
FFG,20190604,0.014,0.014,0.012,0.013,1392438
FFG,20190605,0.013,0.013,0.013,0.013,835376
FFG,20190606,0.013,0.013,0.013,0.013,124000
FFG,20190607,0.013,0.013,0.012,0.013,631623
FFG,20190611,0.013,0.013,0.012,0.012,324759
FFG,20190612,0.013,0.013,0.012,0.013,610625
FFG,20190613,0.013,0.013,0.013,0.013,280000
FFG,20190614,0.013,0.013,0.012,0.012,1293241
FFG,20190617,0.013,0.015,0.013,0.014,4700073
FFG,20190618,0.014,0.015,0.014,0.014,5000906
FFG,20190619,0.014,0.015,0.013,0.013,6449660
FFG,20190620,0.013,0.013,0.012,0.012,1850000
FFG,20190621,0.012,0.012,0.012,0.012,2746501
FFG,20190624,0.013,0.013,0.012,0.012,5411772
FFG,20190625,0.012,0.012,0.012,0.012,76900
FFG,20190626,0.012,0.014,0.012,0.014,5537200
FFG,20190627,0.014,0.016,0.014,0.015,16647571
FFG,20190628,0.015,0.015,0.013,0.014,3979283
FFG,20190701,0.015,0.019,0.015,0.017,29500165
FFG,20190702,0.017,0.018,0.015,0.015,11104703
FFG,20190703,0.015,0.018,0.014,0.015,24200471
FFG,20190704,0.016,0.017,0.016,0.016,4303773
FFG,20190705,0.016,0.016,0.015,0.016,2360543
FFG,20190708,0.016,0.016,0.014,0.014,5854189
FFG,20190709,0.015,0.017,0.015,0.016,5863298
FFG,20190710,0.016,0.016,0.015,0.016,6221855
FFG,20190711,0.016,0.016,0.014,0.014,4977168
FFG,20190712,0.014,0.014,0.013,0.013,4847293
FFG,20190715,0.014,0.014,0.013,0.013,2357502
FFG,20190716,0.013,0.013,0.013,0.013,2950233
FFG,20190717,0.013,0.013,0.012,0.012,744821
FFG,20190718,0.013,0.013,0.012,0.012,1444430
FFG,20190719,0.012,0.013,0.012,0.013,1115763
FFG,20190722,0.013,0.013,0.012,0.013,675773
FFG,20190723,0.012,0.012,0.012,0.012,313283
FFG,20190724,0.012,0.013,0.012,0.013,1075877
FFG,20190725,0.013,0.013,0.013,0.013,0
FFG,20190726,0.012,0.012,0.012,0.012,24287
FFG,20190729,0.012,0.012,0.012,0.012,568334
FFG,20190730,0.012,0.013,0.012,0.013,1840000
FFG,20190731,0.012,0.012,0.012,0.012,3379498
FFG,20190801,0.012,0.012,0.012,0.012,543341
FFG,20190802,0.012,0.012,0.012,0.012,50000
FFG,20190805,0.012,0.012,0.012,0.012,6828759
FFG,20190806,0.012,0.012,0.012,0.012,916500
FFG,20190807,0.012,0.012,0.012,0.012,0
FFG,20190808,0.012,0.012,0.012,0.012,1044743
FFG,20190809,0.011,0.011,0.011,0.011,989299
FFG,20190812,0.011,0.011,0.011,0.011,167874
FFG,20190813,0.011,0.011,0.011,0.011,3025825
FFG,20190814,0.01,0.011,0.01,0.01,729000
FFG,20190815,0.01,0.01,0.01,0.01,100000
FFG,20190816,0.01,0.01,0.009,0.01,1973300
FFG,20190819,0.01,0.01,0.009,0.009,1981953
FFG,20190820,0.01,0.011,0.01,0.011,902003
FFG,20190821,0.01,0.01,0.01,0.01,238896
FFG,20190822,0.01,0.01,0.01,0.01,841492
FFG,20190823,0.009,0.01,0.009,0.01,355000
FFG,20190826,0.01,0.01,0.009,0.009,190000
FFG,20190827,0.009,0.009,0.009,0.009,0
FFG,20190828,0.01,0.01,0.009,0.009,313491
FFG,20190829,0.01,0.01,0.01,0.01,810000
FFG,20190830,0.01,0.01,0.01,0.01,948156
FFG,20190902,0.01,0.01,0.01,0.01,2100
FFG,20190903,0.009,0.01,0.009,0.01,575000
FFG,20190904,0.01,0.01,0.01,0.01,290000
FFG,20190905,0.009,0.01,0.009,0.009,1960895
FFG,20190906,0.009,0.009,0.009,0.009,1371980
FFG,20190909,0.009,0.009,0.009,0.009,0
FFG,20190910,0.009,0.009,0.009,0.009,814449
FFG,20190911,0.01,0.01,0.01,0.01,1200000
FFG,20190912,0.01,0.01,0.01,0.01,167452
FFG,20190913,0.01,0.01,0.01,0.01,11465
FFG,20190916,0.01,0.01,0.009,0.009,1040000
FFG,20190917,0.009,0.01,0.009,0.009,1041954
FFG,20190918,0.009,0.009,0.009,0.009,0
FFG,20190919,0.009,0.009,0.009,0.009,0
FFG,20190920,0.009,0.009,0.009,0.009,0
FFG,20190923,0.009,0.009,0.009,0.009,448469
FFG,20190924,0.009,0.009,0.009,0.009,5600
FFG,20190925,0.009,0.009,0.009,0.009,7449
FFG,20190926,0.01,0.01,0.009,0.009,1275497
FFG,20190927,0.009,0.009,0.008,0.009,571829
FFG,20190930,0.008,0.009,0.008,0.008,1641533
FFG,20191001,0.008,0.008,0.008,0.008,350000
FFG,20191002,0.009,0.009,0.008,0.008,2136596
FFG,20191003,0.008,0.009,0.008,0.009,2765064
FFG,20191004,0.01,0.01,0.01,0.01,736960
FFG,20191007,0.011,0.011,0.01,0.01,104040
FFG,20191008,0.01,0.01,0.01,0.01,537954
FFG,20191009,0.01,0.01,0.01,0.01,2268732
FFG,20191010,0.01,0.01,0.01,0.01,1180000
FFG,20191011,0.01,0.01,0.01,0.01,38615
FFG,20191014,0.01,0.01,0.01,0.01,3344798
FFG,20191015,0.01,0.011,0.01,0.011,777664
FFG,20191016,0.01,0.01,0.009,0.009,2613852
FFG,20191017,0.009,0.009,0.008,0.008,5965211
FFG,20191018,0.009,0.009,0.009,0.009,2567760
FFG,20191021,0.008,0.008,0.008,0.008,783848
FFG,20191022,0.008,0.008,0.008,0.008,322999
FFG,20191023,0.008,0.008,0.008,0.008,261997
FFG,20191024,0.008,0.008,0.008,0.008,1410971
FFG,20191025,0.008,0.008,0.008,0.008,275000
FFG,20191028,0.009,0.009,0.009,0.009,6200646
FFG,20191029,0.009,0.009,0.009,0.009,1000000
FFG,20191030,0.008,0.009,0.008,0.009,322310
FFG,20191031,0.008,0.008,0.008,0.008,550000
FFG,20191101,0.008,0.009,0.008,0.009,75005
FFG,20191104,0.009,0.009,0.009,0.009,130565
FFG,20191105,0.008,0.008,0.008,0.008,39613
FFG,20191106,0.009,0.009,0.008,0.008,207839
FFG,20191107,0.008,0.009,0.008,0.009,2471672
FFG,20191108,0.009,0.009,0.009,0.009,650000
FFG,20191111,0.009,0.009,0.009,0.009,650000
FFG,20191112,0.01,0.01,0.01,0.01,140000
FFG,20191113,0.01,0.01,0.01,0.01,1044782
FFG,20191114,0.01,0.01,0.01,0.01,450000
FFG,20191115,0.013,0.016,0.012,0.013,51633115
FFG,20191118,0.014,0.014,0.012,0.012,8414024
FFG,20191119,0.012,0.013,0.012,0.012,4727453
FFG,20191120,0.012,0.012,0.012,0.012,5234833
FFG,20191121,0.011,0.011,0.011,0.011,3671552
FFG,20191122,0.01,0.01,0.01,0.01,425614
FFG,20191125,0.01,0.01,0.01,0.01,626598
FFG,20191126,0.01,0.01,0.009,0.009,2259643
FFG,20191127,0.009,0.009,0.009,0.009,40000
FFG,20191128,0.01,0.01,0.01,0.01,526058
FFG,20191129,0.01,0.01,0.01,0.01,579635
FFG,20191202,0.01,0.01,0.01,0.01,300000
FFG,20191203,0.009,0.009,0.009,0.009,250000
FFG,20191204,0.01,0.01,0.009,0.009,501112
FFG,20191205,0.009,0.009,0.009,0.009,100000
FFG,20191206,0.01,0.01,0.009,0.009,2398341
FFG,20191209,0.009,0.009,0.009,0.009,0
FFG,20191210,0.009,0.009,0.009,0.009,2369058
FFG,20191211,0.009,0.009,0.009,0.009,3414508
FFG,20191212,0.009,0.009,0.009,0.009,0
FFG,20191213,0.009,0.009,0.009,0.009,0
FFG,20191216,0.009,0.009,0.009,0.009,606702
FFG,20191217,0.008,0.009,0.008,0.009,773603
FFG,20191218,0.009,0.009,0.009,0.009,292999
FFG,20191219,0.008,0.009,0.008,0.009,829812
FFG,20191220,0.01,0.01,0.009,0.01,594675
FFG,20191223,0.01,0.01,0.01,0.01,10000
FFG,20191224,0.01,0.01,0.01,0.01,80000
FFG,20191227,0.01,0.01,0.01,0.01,0
FFG,20191230,0.009,0.009,0.009,0.009,176470
FFG,20191231,0.01,0.01,0.01,0.01,120000
FFG,20200102,0.009,0.01,0.009,0.01,338100
FFG,20200103,0.009,0.011,0.009,0.011,3433186
FFG,20200106,0.011,0.011,0.01,0.01,1403685
FFG,20200107,0.01,0.01,0.01,0.01,206529
FFG,20200108,0.01,0.011,0.01,0.011,1578075
FFG,20200109,0.01,0.01,0.009,0.01,3589979
FFG,20200113,0.01,0.011,0.01,0.011,35069
FFG,20200114,0.011,0.011,0.011,0.011,3652986
FFG,20200115,0.011,0.011,0.011,0.011,0
FFG,20200116,0.011,0.011,0.011,0.011,1111580
FFG,20200117,0.012,0.012,0.011,0.012,2048282
FFG,20200120,0.013,0.013,0.011,0.012,3234400
FFG,20200121,0.011,0.011,0.011,0.011,700000
FFG,20200122,0.011,0.011,0.011,0.011,350000
FFG,20200123,0.011,0.012,0.011,0.012,1531233
FFG,20200124,0.012,0.012,0.012,0.012,0
FFG,20200128,0.011,0.011,0.011,0.011,312000
FFG,20200129,0.012,0.012,0.01,0.01,2222554
FFG,20200130,0.01,0.01,0.01,0.01,877861
FFG,20200203,0.009,0.009,0.009,0.009,0
FFG,20200204,0.009,0.009,0.008,0.009,1246445
FFG,20200205,0.009,0.009,0.009,0.009,920946
FFG,20200210,0.008,0.009,0.008,0.009,513678
FFG,20200211,0.009,0.009,0.009,0.009,5000
FFG,20200212,0.008,0.009,0.008,0.009,161338
FFG,20200213,0.009,0.01,0.009,0.01,2000000
FFG,20200214,0.009,0.009,0.009,0.009,300000
FFG,20200217,0.009,0.009,0.009,0.009,111111
FFG,20200218,0.008,0.008,0.008,0.008,100000
FFG,20200219,0.009,0.01,0.009,0.01,787659
FFG,20200220,0.009,0.009,0.009,0.009,901857
FFG,20200221,0.008,0.008,0.008,0.008,4383651
FFG,20200224,0.008,0.008,0.008,0.008,1115131
FFG,20200225,0.007,0.008,0.007,0.008,1638235
FFG,20200226,0.008,0.008,0.008,0.008,232414
FFG,20200227,0.008,0.008,0.008,0.008,138108
FFG,20200228,0.007,0.007,0.007,0.007,1171218
FFG,20200302,0.007,0.007,0.006,0.007,747163
FFG,20200303,0.007,0.007,0.007,0.007,0
FFG,20200304,0.007,0.007,0.007,0.007,0
FFG,20200305,0.007,0.007,0.007,0.007,0
FFG,20200306,0.007,0.007,0.007,0.007,0
FFG,20200309,0.006,0.006,0.005,0.005,2857307
FFG,20200310,0.005,0.007,0.005,0.007,1987293
FFG,20200311,0.006,0.006,0.005,0.005,61337
FFG,20200312,0.005,0.005,0.005,0.005,2272150
FFG,20200313,0.004,0.005,0.004,0.005,1215770
FFG,20200316,0.005,0.005,0.005,0.005,238000
FFG,20200317,0.004,0.004,0.003,0.004,7065382
FFG,20200318,0.004,0.004,0.004,0.004,139501
FFG,20200319,0.004,0.004,0.003,0.003,1906619
FFG,20200320,0.004,0.004,0.003,0.004,1267778
FFG,20200323,0.003,0.004,0.003,0.004,250000
FFG,20200324,0.004,0.004,0.004,0.004,0
FFG,20200325,0.004,0.004,0.004,0.004,716100
FFG,20200326,0.004,0.004,0.004,0.004,0
FFG,20200327,0.004,0.004,0.004,0.004,209000
FFG,20200330,0.004,0.004,0.004,0.004,0
FFG,20200331,0.005,0.005,0.005,0.005,1676385
FFG,20200401,0.005,0.005,0.005,0.005,1443834
FFG,20200402,0.005,0.005,0.005,0.005,0
FFG,20200403,0.006,0.006,0.005,0.005,810500
FFG,20200406,0.005,0.006,0.005,0.006,1138736
FFG,20200407,0.006,0.008,0.006,0.007,10019442
FFG,20200408,0.007,0.009,0.007,0.008,5996382
FFG,20200409,0.009,0.009,0.007,0.007,3482310
FFG,20200414,0.008,0.008,0.007,0.007,495778
FFG,20200415,0.007,0.008,0.007,0.007,530000
FFG,20200416,0.007,0.007,0.007,0.007,1072323
FFG,20200417,0.007,0.007,0.007,0.007,497827
FFG,20200420,0.007,0.007,0.007,0.007,0
FFG,20200421,0.007,0.007,0.007,0.007,71450
FFG,20200422,0.006,0.006,0.006,0.006,871218
FFG,20200423,0.006,0.007,0.006,0.007,726285
FFG,20200424,0.007,0.007,0.006,0.006,1576122
FFG,20200427,0.006,0.006,0.006,0.006,692857
FFG,20200428,0.006,0.007,0.006,0.006,1841316
FFG,20200429,0.006,0.006,0.006,0.006,254700
FFG,20200430,0.007,0.007,0.007,0.007,2953012
FFG,20200501,0.007,0.007,0.007,0.007,570000
FFG,20200504,0.007,0.007,0.007,0.007,0
FFG,20200505,0.007,0.007,0.007,0.007,0
FFG,20200506,0.007,0.007,0.007,0.007,1226425
FFG,20200507,0.007,0.007,0.007,0.007,2201785
FFG,20200508,0.008,0.008,0.008,0.008,3084127
FFG,20200511,0.009,0.01,0.008,0.008,11328122
FFG,20200512,0.008,0.008,0.008,0.008,253352
FFG,20200513,0.008,0.008,0.008,0.008,0
FFG,20200514,0.009,0.009,0.008,0.008,307301
FFG,20200515,0.008,0.008,0.008,0.008,70000
FFG,20200518,0.008,0.008,0.007,0.007,459900
FFG,20200519,0.008,0.008,0.007,0.007,869700
FFG,20200520,0.007,0.007,0.007,0.007,19217
FFG,20200521,0.007,0.007,0.007,0.007,402045
FFG,20200522,0.007,0.007,0.007,0.007,1460008
FFG,20200525,0.007,0.007,0.007,0.007,240000
FFG,20200526,0.008,0.008,0.007,0.007,584500
FFG,20200527,0.008,0.008,0.008,0.008,100000
FFG,20200528,0.008,0.008,0.007,0.007,54188
FFG,20200529,0.007,0.007,0.007,0.007,75000
FFG,20200601,0.008,0.008,0.007,0.007,150000
FFG,20200602,0.008,0.008,0.008,0.008,121500
FFG,20200603,0.008,0.008,0.007,0.007,237750
FFG,20200604,0.007,0.007,0.007,0.007,84185
FFG,20200605,0.007,0.007,0.007,0.007,1838449
FFG,20200609,0.007,0.007,0.007,0.007,500000
FFG,20200610,0.006,0.006,0.006,0.006,47369
FFG,20200611,0.007,0.007,0.007,0.007,75100
FFG,20200612,0.007,0.007,0.006,0.006,429468
FFG,20200615,0.007,0.007,0.007,0.007,1009150
FFG,20200616,0.007,0.007,0.006,0.007,1317662
FFG,20200617,0.007,0.007,0.007,0.007,137472
FFG,20200618,0.007,0.007,0.006,0.006,164598
FFG,20200619,0.007,0.007,0.007,0.007,100000
FFG,20200622,0.007,0.007,0.007,0.007,200000
FFG,20200623,0.007,0.007,0.007,0.007,142857
FFG,20200624,0.006,0.006,0.006,0.006,50000
FFG,20200625,0.007,0.007,0.006,0.006,170000
FFG,20200626,0.006,0.006,0.006,0.006,54000
FFG,20200629,0.006,0.006,0.006,0.006,170517
FFG,20200630,0.007,0.007,0.007,0.007,3598543
FFG,20200701,0.007,0.007,0.007,0.007,1200000
FFG,20200702,0.007,0.007,0.007,0.007,563000
FFG,20200703,0.007,0.007,0.006,0.007,1601875
FFG,20200706,0.007,0.007,0.007,0.007,0
FFG,20200707,0.007,0.007,0.007,0.007,0
FFG,20200708,0.007,0.008,0.007,0.008,4890688
FFG,20200709,0.008,0.009,0.008,0.009,7116118
FFG,20200710,0.009,0.009,0.009,0.009,2248334
FFG,20200713,0.009,0.01,0.009,0.009,2416464
FFG,20200714,0.009,0.009,0.009,0.009,1455555
FFG,20200715,0.008,0.008,0.008,0.008,200000
FFG,20200716,0.009,0.009,0.009,0.009,170000
FFG,20200717,0.009,0.01,0.009,0.01,3328476
FFG,20200720,0.01,0.01,0.009,0.009,4550000
FFG,20200721,0.009,0.01,0.009,0.01,2296508
FFG,20200722,0.009,0.01,0.009,0.01,1189222
FFG,20200723,0.01,0.01,0.009,0.01,649142
FFG,20200724,0.009,0.01,0.009,0.01,872800
FFG,20200727,0.009,0.01,0.009,0.01,2859736
FFG,20200728,0.01,0.01,0.009,0.01,10004728
FFG,20200729,0.01,0.01,0.01,0.01,138140
FFG,20200730,0.01,0.01,0.01,0.01,0
FFG,20200731,0.009,0.01,0.009,0.01,171696
FFG,20200803,0.01,0.01,0.01,0.01,732685
FFG,20200804,0.01,0.01,0.01,0.01,1945710
FFG,20200805,0.01,0.011,0.01,0.011,1350000
FFG,20200806,0.011,0.011,0.011,0.011,1642808
FFG,20200807,0.011,0.012,0.011,0.011,2570863
FFG,20200810,0.012,0.012,0.011,0.012,1366206
FFG,20200811,0.011,0.011,0.011,0.011,1704092
FFG,20200812,0.011,0.011,0.011,0.011,5185111
FFG,20200813,0.012,0.012,0.011,0.011,224039
FFG,20200814,0.011,0.011,0.011,0.011,516568
FFG,20200817,0.011,0.011,0.01,0.01,2568400
FFG,20200818,0.011,0.012,0.011,0.012,804509
FFG,20200819,0.011,0.011,0.011,0.011,767000
FFG,20200820,0.012,0.012,0.011,0.011,163536
FFG,20200821,0.012,0.012,0.011,0.011,823747
FFG,20200824,0.012,0.012,0.011,0.011,1425860
FFG,20200825,0.011,0.011,0.011,0.011,136986
FFG,20200826,0.011,0.011,0.011,0.011,0
FFG,20200827,0.011,0.011,0.011,0.011,472500
FFG,20200828,0.011,0.011,0.011,0.011,0
FFG,20200831,0.012,0.012,0.011,0.012,392400
FFG,20200901,0.011,0.011,0.01,0.011,1243965
FFG,20200902,0.011,0.011,0.01,0.01,1952588
FFG,20200903,0.01,0.01,0.009,0.009,111785
FFG,20200904,0.009,0.011,0.009,0.011,2203631
FFG,20200907,0.011,0.011,0.011,0.011,0
FFG,20200908,0.011,0.011,0.01,0.01,887155
FFG,20200909,0.01,0.01,0.01,0.01,900208
FFG,20200910,0.01,0.01,0.01,0.01,902256
FFG,20200911,0.01,0.01,0.01,0.01,0
FFG,20200914,0.01,0.011,0.01,0.011,1009581
FFG,20200915,0.011,0.011,0.011,0.011,1180362
FFG,20200916,0.012,0.016,0.012,0.014,24922373
FFG,20200917,0.014,0.015,0.014,0.014,7324424
FFG,20200918,0.014,0.016,0.014,0.016,5877947
FFG,20200921,0.016,0.016,0.014,0.015,53969925
FFG,20200922,0.015,0.019,0.015,0.017,15742864
FFG,20200923,0.018,0.018,0.015,0.015,4233329
FFG,20200924,0.017,0.019,0.017,0.017,10811306
FFG,20200925,0.017,0.017,0.017,0.017,1092182
FFG,20200928,0.018,0.018,0.016,0.016,5817089
FFG,20200929,0.017,0.017,0.017,0.017,3120929
FFG,20200930,0.017,0.017,0.017,0.017,0
FFG,20201001,0.017,0.017,0.017,0.017,0
FFG,20201002,0.017,0.017,0.017,0.017,0
FFG,20201005,0.017,0.017,0.017,0.017,0
FFG,20201006,0.017,0.017,0.017,0.017,0
FFG,20201007,0.017,0.017,0.017,0.017,0
FFG,20201008,0.016,0.017,0.013,0.013,9598385
FFG,20201009,0.014,0.014,0.012,0.012,2364155
FFG,20201012,0.014,0.015,0.014,0.015,1893355
FFG,20201013,0.014,0.014,0.013,0.013,2051778
FFG,20201014,0.013,0.013,0.013,0.013,1281200
FFG,20201015,0.014,0.014,0.013,0.013,1727100
FFG,20201016,0.013,0.015,0.013,0.015,1504219
FFG,20201019,0.015,0.015,0.013,0.015,12597068
FFG,20201020,0.016,0.016,0.015,0.016,3709774
FFG,20201021,0.017,0.02,0.017,0.018,14428725
FFG,20201022,0.018,0.018,0.018,0.018,0
FFG,20201023,0.018,0.018,0.018,0.018,0
FFG,20201026,0.024,0.029,0.023,0.028,71464481
FFG,20201027,0.027,0.042,0.026,0.037,101560482
FFG,20201028,0.043,0.048,0.036,0.038,99748943
FFG,20201029,0.033,0.04,0.033,0.036,24515123
FFG,20201030,0.04,0.045,0.038,0.044,66888946
FFG,20201102,0.043,0.044,0.038,0.038,32811840
FFG,20201103,0.036,0.041,0.036,0.037,17916424
FFG,20201104,0.036,0.037,0.035,0.035,17234828
FFG,20201105,0.037,0.044,0.037,0.043,30539541
FFG,20201106,0.044,0.046,0.041,0.042,40080109
FFG,20201109,0.042,0.042,0.039,0.039,13817886
FFG,20201110,0.04,0.041,0.036,0.036,15735245
FFG,20201111,0.039,0.045,0.038,0.045,37666846
FFG,20201112,0.048,0.058,0.046,0.047,179588867
FFG,20201113,0.047,0.048,0.044,0.045,27229679
FFG,20201116,0.046,0.049,0.046,0.049,7840489
FFG,20201117,0.051,0.053,0.048,0.05,33630083
FFG,20201118,0.051,0.052,0.046,0.047,22553958
FFG,20201120,0.047,0.048,0.043,0.043,19011249
FFG,20201123,0.045,0.048,0.045,0.046,8322630
FFG,20201124,0.046,0.046,0.046,0.046,0
FFG,20201125,0.054,0.062,0.048,0.049,118366878
FFG,20201126,0.05,0.05,0.046,0.046,27576677
FFG,20201127,0.046,0.047,0.044,0.045,10541118
FFG,20201130,0.046,0.047,0.045,0.045,5314651
FFG,20201201,0.046,0.046,0.044,0.044,10247669
FFG,20201202,0.044,0.044,0.041,0.042,7634832
FFG,20201203,0.042,0.043,0.04,0.041,8044741
FFG,20201204,0.042,0.043,0.04,0.04,7864791
FFG,20201207,0.042,0.042,0.04,0.04,7946668
FFG,20201208,0.04,0.042,0.04,0.042,8924323
FFG,20201209,0.042,0.042,0.039,0.04,12536656
FFG,20201210,0.039,0.041,0.039,0.041,5563282
FFG,20201211,0.04,0.043,0.04,0.04,17216967
FFG,20201214,0.041,0.041,0.035,0.038,15664959
FFG,20201215,0.037,0.037,0.033,0.035,8947282
FFG,20201216,0.035,0.035,0.033,0.034,4303193
FFG,20201217,0.034,0.038,0.033,0.035,9087329
FFG,20201218,0.035,0.035,0.033,0.035,3808991
FFG,20201221,0.035,0.035,0.033,0.033,4229614
FFG,20201222,0.032,0.032,0.03,0.03,6577562
FFG,20201224,0.03,0.03,0.03,0.03,0
FFG,20201229,0.032,0.034,0.032,0.033,3051591
FFG,20201230,0.032,0.035,0.032,0.035,2866218
FFG,20201231,0.036,0.037,0.036,0.036,2668457
FFG,20210104,0.038,0.039,0.037,0.038,8396478
FFG,20210105,0.038,0.038,0.036,0.036,5868693
FFG,20210106,0.036,0.036,0.035,0.035,3129860
FFG,20210107,0.035,0.035,0.034,0.034,2416409
FFG,20210108,0.036,0.04,0.035,0.039,11717936
FFG,20210111,0.041,0.042,0.035,0.036,25704187
FFG,20210112,0.036,0.038,0.036,0.037,4781620
FFG,20210113,0.038,0.039,0.036,0.036,3877419
FFG,20210114,0.038,0.038,0.037,0.037,3522073
FFG,20210115,0.038,0.038,0.036,0.036,4886312
FFG,20210118,0.037,0.037,0.034,0.034,7706698
FFG,20210119,0.034,0.036,0.033,0.034,7992979
FFG,20210120,0.034,0.035,0.033,0.033,5287952
FFG,20210121,0.034,0.034,0.033,0.033,2097695
FFG,20210122,0.033,0.034,0.032,0.033,3588695
FFG,20210125,0.035,0.037,0.034,0.037,7904443
FFG,20210127,0.037,0.038,0.035,0.036,5443059
FFG,20210128,0.035,0.035,0.033,0.034,5498566
FFG,20210129,0.035,0.036,0.032,0.033,3400424
FFG,20210201,0.033,0.033,0.03,0.032,6691758
FFG,20210203,0.032,0.033,0.031,0.032,5129132
FFG,20210204,0.034,0.034,0.032,0.032,2098264
FFG,20210205,0.032,0.032,0.031,0.031,1534401
FFG,20210208,0.032,0.033,0.032,0.032,2574643
FFG,20210209,0.034,0.035,0.033,0.034,7744304
FFG,20210210,0.035,0.036,0.034,0.036,3873399
FFG,20210211,0.036,0.043,0.035,0.043,22931485
FFG,20210212,0.048,0.055,0.046,0.053,85555612
FFG,20210215,0.076,0.115,0.075,0.092,243059752
FFG,20210216,0.14,0.27,0.135,0.27,407340922
FFG,20210217,0.32,0.43,0.165,0.18,291716657
FFG,20210218,0.195,0.205,0.125,0.145,117669605
FFG,20210219,0.14,0.16,0.14,0.145,36441542
FFG,20210222,0.145,0.16,0.13,0.14,38946545
FFG,20210223,0.135,0.137,0.125,0.135,18707033
FFG,20210224,0.145,0.165,0.13,0.145,34191250
FFG,20210225,0.145,0.145,0.145,0.145,0
FFG,20210226,0.17,0.19,0.15,0.15,76011600
FFG,20210301,0.155,0.16,0.135,0.14,17540271
FFG,20210302,0.145,0.145,0.125,0.125,9644080
FFG,20210303,0.125,0.135,0.12,0.125,17349103
FFG,20210304,0.125,0.13,0.11,0.115,13272337
FFG,20210305,0.11,0.125,0.105,0.12,14984362
FFG,20210308,0.125,0.13,0.11,0.115,5281117
FFG,20210309,0.11,0.112,0.1,0.105,8894537
FFG,20210310,0.11,0.115,0.105,0.11,2479246
FFG,20210311,0.11,0.115,0.105,0.11,2479246
FFG,20210312,0.11,0.125,0.11,0.11,8562269
FFG,20210315,0.115,0.115,0.11,0.115,3005023
FFG,20210316,0.115,0.135,0.115,0.13,13588711
FFG,20210317,0.13,0.13,0.122,0.125,5047575
FFG,20210318,0.125,0.125,0.11,0.115,6692026
FFG,20210319,0.11,0.12,0.11,0.12,3960148
FFG,20210322,0.12,0.12,0.11,0.115,4227693
FFG,20210323,0.115,0.115,0.11,0.11,4734975
FFG,20210324,0.11,0.115,0.105,0.11,4224377
FFG,20210325,0.105,0.11,0.105,0.105,5597458
FFG,20210329,0.115,0.115,0.107,0.11,2175316
FFG,20210330,0.11,0.11,0.1,0.1,2921263
FFG,20210331,0.1,0.105,0.1,0.1,3741290
FFG,20210401,0.1,0.105,0.1,0.1,2039731
FFG,20210406,0.105,0.105,0.1,0.1,3288026
FFG,20210407,0.105,0.11,0.102,0.105,5093524
FFG,20210408,0.11,0.125,0.11,0.12,9273920
FFG,20210409,0.13,0.137,0.12,0.12,17350311
FFG,20210412,0.135,0.135,0.12,0.12,12588089
FFG,20210413,0.115,0.12,0.115,0.115,3923681
FFG,20210414,0.11,0.125,0.11,0.12,3470469
FFG,20210415,0.125,0.13,0.12,0.12,4058543
FFG,20210416,0.12,0.125,0.115,0.115,3402430
FFG,20210419,0.115,0.125,0.115,0.125,3414873
FFG,20210420,0.13,0.135,0.122,0.13,5915268
FFG,20210421,0.125,0.125,0.115,0.115,3774881
FFG,20210422,0.125,0.125,0.12,0.12,2862913
FFG,20210423,0.12,0.125,0.115,0.115,1975381
FFG,20210426,0.125,0.13,0.12,0.12,5948768
FFG,20210427,0.125,0.125,0.12,0.12,2471260
FFG,20210428,0.12,0.122,0.12,0.12,1262613
FFG,20210429,0.12,0.125,0.12,0.12,1111831
FFG,20210430,0.12,0.12,0.115,0.115,1316695
FFG,20210503,0.115,0.12,0.115,0.115,4640200
FFG,20210504,0.115,0.115,0.11,0.11,4269494
FFG,20210505,0.11,0.115,0.11,0.11,1277888
FFG,20210506,0.11,0.11,0.1,0.105,6429409
FFG,20210507,0.1,0.107,0.1,0.1,1964202
FFG,20210510,0.105,0.107,0.1,0.105,3093774
FFG,20210511,0.105,0.105,0.1,0.105,1519699
FFG,20210512,0.1,0.102,0.095,0.095,7288349
FFG,20210513,0.093,0.094,0.085,0.088,6622341
FFG,20210514,0.088,0.094,0.086,0.086,3862641
FFG,20210517,0.089,0.089,0.082,0.082,6042949
FFG,20210518,0.083,0.087,0.082,0.084,4979960
FFG,20210519,0.084,0.085,0.081,0.081,2889032
FFG,20210520,0.081,0.084,0.078,0.078,6575117
FFG,20210521,0.078,0.082,0.078,0.082,3889033
FFG,20210524,0.084,0.084,0.078,0.078,2623807
FFG,20210525,0.078,0.079,0.076,0.078,2826162
FFG,20210526,0.077,0.078,0.074,0.075,4076845
FFG,20210527,0.076,0.077,0.073,0.077,4188407
FFG,20210528,0.077,0.078,0.075,0.076,3879089
FFG,20210531,0.077,0.077,0.072,0.073,4092632
FFG,20210601,0.072,0.076,0.071,0.076,4119450
FFG,20210602,0.076,0.077,0.073,0.073,1418351
FFG,20210603,0.073,0.075,0.073,0.073,1553132
FFG,20210604,0.073,0.078,0.073,0.076,2596530
FFG,20210607,0.076,0.076,0.076,0.076,0
FFG,20210609,0.076,0.076,0.076,0.076,0
FFG,20210610,0.076,0.076,0.076,0.076,0
FFG,20210611,0.09,0.1,0.079,0.079,35409056
FFG,20210615,0.08,0.081,0.075,0.075,6296983
FFG,20210616,0.076,0.076,0.072,0.072,5284886
FFG,20210617,0.077,0.078,0.073,0.074,2963453
FFG,20210618,0.074,0.074,0.072,0.073,3320631
FFG,20210621,0.073,0.076,0.072,0.072,3147606
FFG,20210622,0.073,0.073,0.07,0.071,3886783
FFG,20210623,0.071,0.072,0.07,0.07,1292538
FFG,20210625,0.068,0.07,0.066,0.069,3060573
FFG,20210628,0.068,0.068,0.065,0.067,4673122
FFG,20210629,0.067,0.067,0.063,0.063,4061261
FFG,20210630,0.064,0.064,0.06,0.06,7136025
FFG,20210701,0.061,0.067,0.061,0.067,4597512
FFG,20210705,0.067,0.071,0.065,0.065,4187860
FFG,20210706,0.066,0.066,0.063,0.063,2772734
FFG,20210707,0.064,0.065,0.061,0.062,2393033
FFG,20210708,0.064,0.067,0.063,0.065,2403389
FFG,20210709,0.066,0.066,0.063,0.063,3712742
FFG,20210712,0.063,0.065,0.063,0.064,1151536
FFG,20210714,0.065,0.065,0.062,0.062,2151061
FFG,20210715,0.063,0.064,0.061,0.061,4261829
FFG,20210716,0.061,0.063,0.061,0.062,2350688
FFG,20210719,0.062,0.063,0.061,0.062,1075579
FFG,20210720,0.061,0.062,0.061,0.061,1979956
FFG,20210723,0.06,0.061,0.06,0.061,1485690
FFG,20210726,0.061,0.062,0.06,0.06,4202642
FFG,20210727,0.06,0.061,0.057,0.058,1965842
FFG,20210728,0.058,0.058,0.057,0.057,881370
FFG,20210729,0.059,0.059,0.057,0.059,1286783
FFG,20210730,0.058,0.058,0.057,0.058,1297647
FFG,20210802,0.059,0.059,0.057,0.057,2769736
FFG,20210803,0.058,0.064,0.056,0.063,7645847
FFG,20210804,0.063,0.071,0.061,0.062,11638636
FFG,20210805,0.062,0.063,0.06,0.06,2588149
FFG,20210806,0.062,0.062,0.058,0.058,2423150
FFG,20210809,0.059,0.059,0.057,0.058,2564003
FFG,20210810,0.059,0.06,0.059,0.059,1002600
FFG,20210811,0.059,0.059,0.057,0.058,1437328
FFG,20210812,0.066,0.07,0.061,0.062,11798211
FFG,20210813,0.063,0.064,0.061,0.062,2327717
FFG,20210819,0.065,0.07,0.063,0.066,22678669
FFG,20210820,0.066,0.067,0.061,0.062,4977617
FFG,20210823,0.062,0.063,0.061,0.062,1251809
FFG,20210824,0.061,0.062,0.061,0.061,822233
FFG,20210825,0.061,0.065,0.061,0.063,872635
FFG,20210826,0.063,0.065,0.062,0.063,1708812
FFG,20210827,0.063,0.067,0.063,0.065,2658075
FFG,20210830,0.067,0.069,0.066,0.066,6708383
FFG,20210831,0.066,0.068,0.063,0.064,2595165
FFG,20210901,0.064,0.065,0.062,0.062,2585179
FFG,20210902,0.063,0.065,0.062,0.062,1380409
FFG,20210903,0.063,0.065,0.063,0.063,1261706
FFG,20210906,0.065,0.065,0.063,0.063,2267135
FFG,20210907,0.064,0.064,0.061,0.061,3314920
FFG,20210908,0.061,0.062,0.06,0.06,3277078
FFG,20210909,0.06,0.061,0.058,0.058,5130881
FFG,20210910,0.059,0.059,0.057,0.058,1261778
FFG,20210913,0.058,0.058,0.057,0.057,1075117
FFG,20210914,0.057,0.057,0.056,0.057,1425623
FFG,20210915,0.058,0.058,0.057,0.058,1368454
FFG,20210916,0.058,0.058,0.056,0.058,1687326
FFG,20210917,0.059,0.059,0.057,0.058,1962203
FFG,20210920,0.057,0.058,0.055,0.056,1608705
FFG,20210922,0.054,0.056,0.052,0.055,2346792
FFG,20210923,0.056,0.061,0.055,0.057,3509292
FFG,20210924,0.059,0.06,0.057,0.057,1793020
FFG,20210927,0.057,0.058,0.055,0.057,1912634
FFG,20210928,0.056,0.059,0.056,0.056,1147301
FFG,20210929,0.056,0.056,0.054,0.055,2075309
FFG,20210930,0.056,0.056,0.054,0.054,769228
FFG,20211001,0.054,0.056,0.054,0.055,1978059
FFG,20211004,0.056,0.057,0.054,0.054,1957152
FFG,20211005,0.054,0.054,0.052,0.052,3203940
FFG,20211006,0.053,0.054,0.051,0.051,1968759
FFG,20211007,0.052,0.054,0.051,0.053,1875179
FFG,20211008,0.052,0.054,0.052,0.053,1848006
FFG,20211011,0.055,0.06,0.055,0.056,5399633
FFG,20211012,0.055,0.06,0.055,0.055,5431777
FFG,20211013,0.055,0.055,0.053,0.053,1500369
FFG,20211014,0.054,0.057,0.053,0.056,1218499
FFG,20211019,0.056,0.057,0.055,0.055,1015105
FFG,20211020,0.055,0.056,0.055,0.055,401345
FFG,20211021,0.056,0.057,0.055,0.057,1506982
FFG,20211022,0.057,0.059,0.056,0.058,2297652
FFG,20211025,0.058,0.059,0.056,0.057,1414957
FFG,20211026,0.057,0.058,0.055,0.055,1839471
FFG,20211028,0.057,0.057,0.055,0.055,528741
FFG,20211029,0.055,0.059,0.055,0.057,2179605
FFG,20211101,0.058,0.058,0.057,0.057,799861
FFG,20211102,0.057,0.057,0.055,0.055,1243181
FFG,20211103,0.057,0.057,0.055,0.055,628519
FFG,20211104,0.056,0.056,0.054,0.055,953117
FFG,20211105,0.055,0.055,0.054,0.054,1248193
FFG,20211109,0.055,0.055,0.053,0.054,1331854
FFG,20211110,0.055,0.055,0.053,0.054,2452094
FFG,20211112,0.054,0.056,0.054,0.056,2047626
FFG,20211115,0.056,0.057,0.055,0.055,1837215
FFG,20211116,0.056,0.056,0.055,0.055,1095116
FFG,20211117,0.055,0.056,0.054,0.054,322318
FFG,20211118,0.055,0.087,0.055,0.075,66294489
FFG,20211119,0.079,0.087,0.07,0.075,64951878
FFG,20211122,0.073,0.077,0.065,0.065,13033326
FFG,20211123,0.064,0.069,0.064,0.065,7449829
FFG,20211124,0.064,0.074,0.064,0.069,11641433
FFG,20211125,0.069,0.072,0.065,0.066,6252970
FFG,20211126,0.065,0.068,0.061,0.061,4083553
FFG,20211129,0.06,0.063,0.057,0.059,7108098
FFG,20211130,0.059,0.061,0.056,0.059,4847814
FFG,20211201,0.059,0.062,0.057,0.057,2217566
FFG,20211202,0.057,0.058,0.055,0.055,4062698
FFG,20211203,0.055,0.056,0.053,0.053,2196454
FFG,20211206,0.054,0.054,0.05,0.05,3265849
FFG,20211207,0.051,0.053,0.049,0.05,4555072
FFG,20211208,0.05,0.054,0.05,0.051,3879811
FFG,20211209,0.052,0.054,0.052,0.052,1693773
FFG,20211210,0.052,0.053,0.05,0.053,1839253
FFG,20211213,0.052,0.052,0.051,0.051,786387
FFG,20211214,0.05,0.051,0.05,0.051,1776117
FFG,20211216,0.051,0.052,0.05,0.051,567101
FFG,20211217,0.051,0.051,0.048,0.049,4272332
FFG,20211220,0.049,0.049,0.047,0.047,965915
FFG,20211221,0.047,0.047,0.046,0.046,868065
FFG,20211222,0.047,0.047,0.046,0.046,835656
FFG,20211223,0.047,0.049,0.047,0.047,756691
FFG,20211224,0.047,0.05,0.047,0.05,176724
FFG,20211229,0.049,0.05,0.048,0.05,922352
FFG,20211230,0.05,0.05,0.048,0.05,474001
FFG,20211231,0.049,0.05,0.049,0.049,119726
FFG,20220104,0.05,0.051,0.049,0.051,917578
FFG,20220105,0.05,0.051,0.05,0.051,853306
FFG,20220106,0.05,0.05,0.049,0.049,1157011
FFG,20220107,0.049,0.05,0.048,0.049,783783
FFG,20220110,0.05,0.05,0.048,0.049,1545229
FFG,20220111,0.05,0.051,0.049,0.051,1009631
FFG,20220112,0.05,0.053,0.05,0.052,3737933
FFG,20220113,0.053,0.054,0.051,0.051,1798111
FFG,20220114,0.052,0.058,0.052,0.056,5559239
FFG,20220117,0.058,0.058,0.056,0.056,2218700
FFG,20220118,0.056,0.057,0.055,0.056,496206
FFG,20220119,0.056,0.057,0.054,0.057,1982586
FFG,20220120,0.057,0.058,0.054,0.056,2379390
FFG,20220121,0.056,0.056,0.053,0.053,2324583
FFG,20220124,0.053,0.053,0.049,0.05,3089120
FFG,20220125,0.05,0.05,0.047,0.047,3761305
FFG,20220127,0.048,0.05,0.047,0.05,1662001
FFG,20220128,0.049,0.049,0.048,0.049,437855
FFG,20220131,0.048,0.049,0.048,0.049,908762
FFG,20220201,0.048,0.051,0.048,0.05,1660597
FFG,20220202,0.049,0.049,0.048,0.048,573489
FFG,20220203,0.048,0.049,0.048,0.049,92551
FFG,20220204,0.049,0.049,0.047,0.047,3071288
FFG,20220207,0.048,0.055,0.048,0.053,8283287
FFG,20220208,0.054,0.057,0.051,0.051,4052177
FFG,20220209,0.051,0.052,0.049,0.049,1646238
FFG,20220210,0.05,0.053,0.049,0.051,2674214
FFG,20220211,0.05,0.052,0.049,0.049,4218834
FFG,20220214,0.05,0.05,0.049,0.049,720022
FFG,20220215,0.05,0.05,0.049,0.05,1276438
FFG,20220216,0.05,0.05,0.049,0.049,551717
FFG,20220217,0.049,0.051,0.049,0.051,1869462
FFG,20220218,0.05,0.05,0.049,0.05,2422396
FFG,20220221,0.049,0.051,0.048,0.051,1188009
FFG,20220222,0.05,0.053,0.049,0.049,4062746
FFG,20220223,0.049,0.05,0.049,0.05,2685937
FFG,20220224,0.05,0.051,0.05,0.05,2365982
FFG,20220225,0.05,0.052,0.05,0.052,1641513
FFG,20220228,0.052,0.052,0.05,0.05,554333
FFG,20220301,0.05,0.053,0.05,0.05,2646842
FFG,20220302,0.05,0.051,0.049,0.05,1526811
FFG,20220303,0.05,0.051,0.05,0.05,1421742
FFG,20220304,0.049,0.049,0.047,0.049,2018500
FFG,20220307,0.048,0.048,0.043,0.045,8636481
FFG,20220308,0.043,0.045,0.041,0.041,2115067
FFG,20220309,0.041,0.043,0.04,0.043,661727
FFG,20220310,0.043,0.043,0.042,0.043,696609
FFG,20220311,0.042,0.042,0.041,0.042,146977
FFG,20220314,0.042,0.042,0.041,0.041,1636138
FFG,20220315,0.041,0.041,0.04,0.04,852545
FFG,20220316,0,0,0,0,0
FFG,20220317,0.04,0.042,0.039,0.041,805502
FFG,20220318,0.04,0.04,0.038,0.038,3694276
FFG,20220321,0.038,0.039,0.038,0.038,900753
FFG,20220322,0.038,0.038,0.036,0.037,1287906
FFG,20220323,0.04,0.041,0.038,0.039,4666661
FFG,20220324,0.038,0.04,0.038,0.039,833201
FFG,20220325,0.039,0.041,0.038,0.038,680559
FFG,20220328,0.039,0.04,0.038,0.038,714020
FFG,20220329,0.039,0.039,0.038,0.039,267505
FFG,20220330,0.039,0.039,0.038,0.038,218965
FFG,20220331,0.039,0.039,0.037,0.038,1559539
FFG,20220401,0.037,0.039,0.037,0.037,1295988
FFG,20220404,0.037,0.038,0.037,0.038,617062
FFG,20220405,0.039,0.039,0.037,0.038,1329304
FFG,20220406,0.039,0.039,0.038,0.039,842143
FFG,20220407,0.039,0.039,0.037,0.038,659561
FFG,20220408,0.038,0.038,0.038,0.038,0
FFG,20220411,0.038,0.038,0.038,0.038,0
FFG,20220412,0.038,0.038,0.038,0.038,0
FFG,20220413,0.038,0.038,0.038,0.038,0
FFG,20220414,0.038,0.038,0.038,0.038,0
FFG,20220419,0.039,0.046,0.038,0.041,13248164
FFG,20220420,0.04,0.041,0.039,0.04,1021204
FFG,20220421,0.04,0.041,0.039,0.04,1021204
FFG,20220422,0.037,0.039,0.037,0.037,364883
FFG,20220426,0.038,0.038,0.036,0.036,689289
FFG,20220427,0.036,0.038,0.035,0.038,1721276
FFG,20220428,0.038,0.038,0.036,0.036,462018
FFG,20220429,0.036,0.037,0.036,0.037,126334
FFG,20220502,0.037,0.037,0.035,0.037,1223645
FFG,20220503,0.036,0.038,0.036,0.036,859136
FFG,20220504,0.036,0.037,0.035,0.035,1342129
FFG,20220505,0.035,0.035,0.035,0.035,1096606
FFG,20220506,0.035,0.036,0.035,0.035,707546
FFG,20220509,0.035,0.035,0.031,0.033,1865074
FFG,20220510,0.032,0.033,0.03,0.033,1154841
FFG,20220511,0.033,0.033,0.031,0.031,278079
FFG,20220512,0.032,0.032,0.03,0.032,1192589
FFG,20220513,0.03,0.03,0.028,0.03,2413321
FFG,20220516,0.03,0.031,0.028,0.029,571894
FFG,20220517,0.029,0.029,0.027,0.029,1015934
FFG,20220518,0.029,0.029,0.027,0.027,326011
FFG,20220519,0.028,0.029,0.027,0.029,422864
FFG,20220520,0.029,0.032,0.028,0.029,2953292
FFG,20220523,0.029,0.03,0.029,0.029,386852
FFG,20220524,0.029,0.031,0.029,0.029,356311
FFG,20220525,0.029,0.029,0.028,0.028,126249
FFG,20220526,0.028,0.028,0.028,0.028,159165
FFG,20220527,0.028,0.03,0.028,0.029,335744
FFG,20220530,0.029,0.029,0.028,0.028,1244095
FFG,20220531,0.029,0.029,0.028,0.029,1111620
FFG,20220601,0.029,0.029,0.028,0.028,833805
FFG,20220602,0.028,0.029,0.028,0.029,796031
FFG,20220603,0.028,0.028,0.028,0.028,170272
FFG,20220606,0.027,0.027,0.026,0.026,1194233
FFG,20220607,0.026,0.027,0.026,0.026,376526
FFG,20220608,0.026,0.026,0.025,0.025,945972
FFG,20220609,0.025,0.026,0.023,0.026,1436089
FFG,20220610,0.024,0.024,0.022,0.022,959459
FFG,20220614,0.021,0.021,0.018,0.02,4037183
FFG,20220615,0.02,0.021,0.02,0.021,1289194
FFG,20220616,0.021,0.023,0.021,0.023,953771
FFG,20220617,0.023,0.023,0.02,0.02,839715
FFG,20220620,0.021,0.021,0.019,0.02,755477
FFG,20220621,0.02,0.021,0.018,0.02,2109838
FFG,20220622,0.018,0.018,0.017,0.017,2626850
FFG,20220623,0.017,0.017,0.016,0.017,2112313
FFG,20220624,0.017,0.02,0.017,0.02,2404850
FFG,20220627,0.02,0.02,0.017,0.018,1399920
FFG,20220628,0.019,0.023,0.018,0.023,2894975
FFG,20220629,0.023,0.025,0.021,0.022,1210950
FFG,20220630,0.023,0.024,0.022,0.024,2624914
FFG,20220701,0.023,0.023,0.022,0.022,395027
FFG,20220704,0.023,0.023,0.023,0.023,98684
FFG,20220705,0.024,0.035,0.024,0.031,5237629
FFG,20220706,0.031,0.034,0.031,0.031,1840198
FFG,20220707,0.032,0.032,0.029,0.029,1219542
FFG,20220708,0.031,0.032,0.03,0.03,731403
FFG,20220711,0.03,0.03,0.027,0.03,1592146
FFG,20220712,0.028,0.03,0.028,0.03,228571
FFG,20220713,0.03,0.03,0.027,0.027,125527
FFG,20220714,0.028,0.03,0.028,0.03,969314
FFG,20220715,0.03,0.031,0.03,0.031,585977
FFG,20220718,0.03,0.03,0.03,0.03,419108
FFG,20220719,0.03,0.031,0.03,0.031,96224
FFG,20220720,0.03,0.03,0.029,0.03,969144
FFG,20220721,0.029,0.031,0.027,0.03,1804730
FFG,20220722,0.03,0.03,0.028,0.028,871786
FFG,20220725,0.03,0.031,0.029,0.031,659582
FFG,20220726,0.031,0.031,0.028,0.029,860608
FFG,20220727,0.031,0.035,0.031,0.034,3471599
FFG,20220728,0.034,0.039,0.034,0.036,9717130
FFG,20220729,0.036,0.036,0.031,0.031,3810393
FFG,20220801,0.034,0.035,0.029,0.029,3442930
FFG,20220802,0.03,0.031,0.03,0.03,1146731
FFG,20220803,0.03,0.032,0.029,0.032,1405901
FFG,20220805,0.03,0.03,0.028,0.028,330419
FFG,20220808,0.029,0.03,0.029,0.03,1119783
FFG,20220809,0.029,0.029,0.029,0.029,336868
FFG,20220810,0.029,0.03,0.029,0.03,310414
FFG,20220811,0.029,0.03,0.029,0.029,920761
FFG,20220812,0.029,0.029,0.027,0.027,1097247
FFG,20220815,0.028,0.028,0.027,0.027,235551
FFG,20220816,0.027,0.027,0.027,0.027,107402
FFG,20220817,0.027,0.028,0.027,0.028,806032
FFG,20220818,0.028,0.028,0.027,0.028,0
FFG,20220819,0.028,0.03,0.028,0.029,165348
FFG,20220822,0.028,0.028,0.025,0.026,2453547
FFG,20220823,0.026,0.027,0.026,0.027,366252
FFG,20220824,0.026,0.028,0.025,0.027,434778
FFG,20220825,0.028,0.028,0.027,0.027,48000
FFG,20220826,0.027,0.028,0.026,0.028,13021
FFG,20220829,0.026,0.027,0.026,0.027,199861
FFG,20220830,0.028,0.028,0.026,0.026,602502
FFG,20220831,0.026,0.027,0.026,0.027,38338
FFG,20220901,0.027,0.029,0.027,0.027,353493
FFG,20220902,0.028,0.029,0.028,0.028,370027
FFG,20220905,0.027,0.027,0.026,0.026,224126
FFG,20220906,0.027,0.027,0.026,0.026,1846972
FFG,20220907,0.026,0.027,0.026,0.027,246749
FFG,20220909,0.027,0.027,0.027,0.027,36399
FFG,20220912,0.027,0.027,0.026,0.026,208245
FFG,20220913,0.026,0.027,0.026,0.026,114824
FFG,20220914,0.026,0.028,0.025,0.028,564773
FFG,20220915,0.027,0.027,0.026,0.026,510169
FFG,20220916,0.026,0.027,0.026,0.026,151133
FFG,20220919,0.025,0.025,0.023,0.023,2188927
FFG,20220920,0.024,0.028,0.024,0.027,2038425
FFG,20220921,0.024,0.024,0.022,0.022,2095905
