FID,20160212,2.2,2.2,2.2,2.2,10801
FID,20160215,2.2,2.2,2.2,2.2,18796
FID,20160216,2.2,2.2,2.2,2.2,0
FID,20160217,2.2,2.2,2.2,2.2,0
FID,20160218,2.2,2.2,2.2,2.2,0
FID,20160219,2.21,2.22,2.16,2.2,87949
FID,20160222,2.2,2.2,2.15,2.15,5200
FID,20160223,2.2,2.29,2.2,2.29,16911
FID,20160224,2.28,2.29,2.28,2.29,12400
FID,20160225,2.29,2.29,2.29,2.29,5125
FID,20160226,2.29,2.29,2.29,2.29,0
FID,20160229,2.29,2.29,2.29,2.29,6
FID,20160301,2.25,2.3,2.25,2.3,9490
FID,20160302,2.3,2.3,2.295,2.3,53803
FID,20160303,2.31,2.31,2.28,2.3,23354
FID,20160304,2.3,2.3,2.3,2.3,4347
FID,20160307,2.3,2.3,2.3,2.3,9581
FID,20160308,2.27,2.28,2.26,2.26,16811
FID,20160309,2.26,2.26,2.26,2.26,0
FID,20160310,2.25,2.25,2.2,2.2,14000
FID,20160311,2.2,2.2,2.2,2.2,0
FID,20160314,2.1,2.1,2,2.1,84500
FID,20160315,2.1,2.1,2.1,2.1,46200
FID,20160316,2.1,2.1,2.1,2.1,302
FID,20160317,2.1,2.1,2.1,2.1,4877
FID,20160318,2.1,2.1,2,2,31908
FID,20160321,2.02,2.03,2.02,2.03,16900
FID,20160322,2.02,2.02,2.02,2.02,4954
FID,20160323,2.01,2.05,2.01,2.05,25779
FID,20160324,2.05,2.05,2.05,2.05,2439
FID,20160329,2.05,2.05,2.02,2.02,15363
FID,20160330,1.98,2.07,1.98,2.07,10637
FID,20160331,2.07,2.1,2.07,2.1,5000
FID,20160401,2.05,2.05,2.05,2.05,5000
FID,20160404,2.04,2.05,2.04,2.05,12649
FID,20160405,2.03,2.04,2,2.04,10009
FID,20160406,2.04,2.04,2.04,2.04,6464
FID,20160407,2.04,2.04,1.99,1.99,31138
FID,20160408,2,2.02,1.98,1.98,21587
FID,20160411,1.99,1.99,1.98,1.98,12082
FID,20160412,1.98,2.03,1.98,2.03,37908
FID,20160413,2.07,2.17,2.07,2.16,12871
FID,20160414,2.16,2.16,2.16,2.16,0
FID,20160415,2.17,2.17,2.17,2.17,3512
FID,20160418,2.1,2.1,2.1,2.1,20488
FID,20160419,2.19,2.19,2.19,2.19,13
FID,20160420,2.19,2.29,2.19,2.29,35280
FID,20160421,2.3,2.4,2.3,2.4,40407
FID,20160422,2.4,2.4,2.4,2.4,5000
FID,20160426,2.3,2.3,2.3,2.3,6295
FID,20160427,2.3,2.3,2.3,2.3,7
FID,20160428,2.28,2.3,2.27,2.3,21358
FID,20160429,2.44,2.57,2.44,2.57,9196
FID,20160502,2.4,2.4,2.4,2.4,3000
FID,20160503,2.4,2.4,2.4,2.4,0
FID,20160504,2.4,2.4,2.4,2.4,7
FID,20160505,2.4,2.56,2.4,2.56,1208
FID,20160506,2.5,2.5,2.49,2.49,927
FID,20160509,2.4,2.4,2.4,2.4,2878
FID,20160510,2.34,2.34,2.34,2.34,1366
FID,20160511,2.34,2.34,2.28,2.28,23238
FID,20160512,2.31,2.31,2.28,2.28,20470
FID,20160513,2.3,2.35,2.3,2.35,2405
FID,20160516,2.35,2.35,2.35,2.35,0
FID,20160517,2.45,2.53,2.45,2.53,753
FID,20160518,2.53,2.53,2.53,2.53,6
FID,20160519,2.42,2.42,2.42,2.42,9
FID,20160520,2.42,2.42,2.42,2.42,178
FID,20160523,2.42,2.42,2.42,2.42,0
FID,20160524,2.36,2.39,2.32,2.39,1992
FID,20160525,2.39,2.42,2.39,2.42,10423
FID,20160526,2.42,2.42,2.42,2.42,0
FID,20160527,2.42,2.42,2.42,2.42,0
FID,20160530,2.42,2.45,2.42,2.45,5914
FID,20160531,2.45,2.55,2.45,2.55,13066
FID,20160601,2.5,2.5,2.41,2.41,5000
FID,20160602,2.41,2.41,2.41,2.41,0
FID,20160603,2.41,2.41,2.3,2.3,60000
FID,20160606,2.33,2.35,2.33,2.35,16621
FID,20160607,2.35,2.45,2.34,2.45,5014
FID,20160608,2.45,2.45,2.45,2.45,434
FID,20160609,2.45,2.45,2.45,2.45,0
FID,20160610,2.45,2.45,2.45,2.45,0
FID,20160614,2.41,2.41,2.41,2.41,2074
FID,20160615,2.45,2.45,2.45,2.45,14
FID,20160616,2.45,2.45,2.45,2.45,9
FID,20160617,2.45,2.45,2.45,2.45,0
FID,20160620,2.5,2.5,2.5,2.5,704
FID,20160621,2.5,2.5,2.45,2.45,1177
FID,20160622,2.4,2.4,2.4,2.4,3648
FID,20160623,2.4,2.4,2.35,2.35,7000
FID,20160624,2.31,2.31,2.22,2.22,53984
FID,20160627,2.3,2.3,2.3,2.3,2000
FID,20160628,2.28,2.28,2.25,2.25,17000
FID,20160629,2.25,2.25,2.25,2.25,0
FID,20160630,2.28,2.31,2.28,2.31,4501
FID,20160701,2.31,2.31,2.31,2.31,0
FID,20160704,2.31,2.31,2.31,2.31,0
FID,20160705,2.42,2.42,2.42,2.42,14
FID,20160706,2.45,2.45,2.45,2.45,435
FID,20160707,2.45,2.45,2.45,2.45,0
FID,20160708,2.38,2.38,2.38,2.38,3100
FID,20160711,2.43,2.45,2.43,2.45,20601
FID,20160712,2.5,2.52,2.5,2.52,2007
FID,20160713,2.53,2.53,2.52,2.52,1700
FID,20160714,2.53,2.53,2.53,2.53,875
FID,20160715,2.53,2.53,2.53,2.53,474
FID,20160718,2.53,2.53,2.51,2.51,607
FID,20160719,2.53,2.53,2.53,2.53,58
FID,20160720,2.53,2.53,2.53,2.53,7
FID,20160721,2.53,2.55,2.53,2.55,534
FID,20160722,2.55,2.55,2.55,2.55,0
FID,20160725,2.55,2.55,2.55,2.55,1502
FID,20160726,2.55,2.58,2.55,2.58,2294
FID,20160727,2.58,2.58,2.55,2.55,6500
FID,20160728,2.55,2.55,2.55,2.55,0
FID,20160729,2.55,2.55,2.55,2.55,0
FID,20160801,2.62,2.67,2.62,2.67,265
FID,20160802,2.67,2.67,2.67,2.67,9
FID,20160803,2.67,2.67,2.67,2.67,75
FID,20160804,2.67,2.67,2.67,2.67,0
FID,20160805,2.67,2.68,2.67,2.68,597
FID,20160808,2.68,2.68,2.49,2.49,3950
FID,20160809,2.65,2.65,2.65,2.65,488
FID,20160810,2.65,2.68,2.65,2.68,3021
FID,20160811,2.68,2.68,2.68,2.68,15
FID,20160812,2.68,2.7,2.68,2.7,8952
FID,20160815,2.7,2.7,2.7,2.7,0
FID,20160816,2.81,2.99,2.81,2.99,43418
FID,20160817,2.99,2.99,2.89,2.89,24285
FID,20160818,2.94,2.95,2.94,2.95,2397
FID,20160822,2.95,2.95,2.95,2.95,0
FID,20160823,3.01,3.02,3,3.02,8606
FID,20160824,3.02,3.02,3.02,3.02,1344
FID,20160825,3.02,3.04,3.02,3.04,5038
FID,20160826,3.04,3.05,3.04,3.04,25886
FID,20160829,3.01,3.01,3.01,3.01,825
FID,20160830,3.01,3.01,3.01,3.01,1023
FID,20160831,3.01,3.01,3.01,3.01,0
FID,20160901,2.99,2.99,2.99,2.99,245
FID,20160902,2.9,2.9,2.9,2.9,9057
FID,20160905,2.9,2.95,2.9,2.95,35220
FID,20160906,2.95,2.95,2.95,2.95,1800
FID,20160907,2.95,2.95,2.95,2.95,0
FID,20160908,2.92,2.92,2.9,2.9,11000
FID,20160909,2.9,2.9,2.86,2.87,35864
FID,20160912,2.91,2.91,2.91,2.91,13440
FID,20160913,2.9,2.9,2.8,2.8,5200
FID,20160914,2.78,2.78,2.77,2.77,10000
FID,20160915,2.9,2.91,2.9,2.91,5000
FID,20160916,2.91,2.92,2.82,2.92,10385
FID,20160919,2.92,2.92,2.92,2.92,0
FID,20160920,2.83,2.83,2.83,2.83,54
FID,20160921,2.85,2.85,2.85,2.85,205000
FID,20160922,2.85,2.86,2.85,2.86,1567
FID,20160923,2.9,3.03,2.9,3.03,14215
FID,20160926,2.91,3.03,2.91,3.03,3607
FID,20160927,3.03,3.03,3.03,3.03,0
FID,20160928,3.02,3.02,2.95,2.95,1101
FID,20160929,2.95,2.95,2.95,2.95,0
FID,20160930,2.97,3.02,2.97,3.02,472
FID,20161003,2.96,3.03,2.96,3.03,8251
FID,20161004,3,3,3,3,2000
FID,20161005,3.02,3.02,3,3,59
FID,20161006,3.01,3.06,3.01,3.05,65831
FID,20161007,3.07,3.07,3.05,3.06,11476
FID,20161010,3.07,3.11,3.05,3.06,15490
FID,20161011,3.09,3.11,3.09,3.11,3951
FID,20161012,3.1,3.1,3.1,3.1,1000
FID,20161013,3.13,3.14,3.13,3.14,3185
FID,20161014,3.14,3.15,3.1,3.15,6655
FID,20161017,3.2,3.3,3.15,3.16,12848
FID,20161018,3.17,3.17,3.14,3.15,6259
FID,20161019,3.2,3.2,3.2,3.2,23
FID,20161020,3.2,3.2,3.18,3.18,2990
FID,20161021,3.2,3.2,3.2,3.2,1328
FID,20161024,3.21,3.21,3.2,3.21,3713
FID,20161025,3.21,3.21,3.19,3.19,10320
FID,20161026,3.2,3.2,3.17,3.2,4057
FID,20161027,3.17,3.17,3.15,3.15,6143
FID,20161028,3.2,3.2,3.2,3.2,18
FID,20161031,3.15,3.2,3.1,3.2,4648
FID,20161101,3.2,3.2,3.2,3.2,0
FID,20161102,3.05,3.05,2.99,3.03,6812
FID,20161103,3.03,3.15,3.03,3.15,6865
FID,20161104,3.2,3.2,3.04,3.05,19895
FID,20161107,3.1,3.2,3.1,3.2,393
FID,20161108,3.22,3.3,3.22,3.3,18907
FID,20161109,3.33,3.33,3.06,3.06,19142
FID,20161110,3.24,3.24,3.24,3.24,2750
FID,20161111,3.33,3.45,3.33,3.41,5291
FID,20161114,3.58,3.6,3.53,3.58,27741
FID,20161115,3.58,3.59,3.54,3.55,15214
FID,20161116,3.6,3.66,3.56,3.65,10289
FID,20161117,3.7,3.7,3.69,3.69,22740
FID,20161118,3.65,3.65,3.65,3.65,999
FID,20161121,3.57,3.57,3.54,3.54,4676
FID,20161122,3.55,3.59,3.55,3.56,2138
FID,20161123,3.6,3.65,3.6,3.65,8550
FID,20161124,3.65,3.65,3.5,3.5,12157
FID,20161125,3.5,3.5,3.48,3.48,791
FID,20161128,3.55,3.55,3.49,3.5,437
FID,20161129,3.51,3.51,3.5,3.5,3450
FID,20161130,3.5,3.5,3.46,3.46,1900
FID,20161201,3.46,3.46,3.4,3.4,4650
FID,20161202,3.41,3.41,3.41,3.41,350
FID,20161205,3.45,3.45,3.45,3.45,2000
FID,20161206,3.5,3.5,3.5,3.5,6745
FID,20161207,3.6,3.65,3.58,3.58,15649
FID,20161208,3.58,3.58,3.58,3.58,0
FID,20161209,3.64,3.64,3.64,3.64,953
FID,20161212,3.64,3.64,3.64,3.64,0
FID,20161213,3.64,3.64,3.64,3.64,0
FID,20161214,3.58,3.58,3.58,3.58,200800
FID,20161215,3.6,3.65,3.6,3.65,85601
FID,20161216,3.7,3.7,3.65,3.65,7500
FID,20161219,3.7,3.73,3.65,3.66,29427
FID,20161220,3.66,3.66,3.65,3.65,1000
FID,20161221,3.66,3.66,3.65,3.65,9784
FID,20161222,3.65,3.65,3.65,3.65,2000
FID,20161223,3.65,3.65,3.65,3.65,0
FID,20161228,3.56,3.71,3.55,3.7,11181
FID,20161229,3.7,3.71,3.65,3.65,7795
FID,20161230,3.71,3.71,3.71,3.71,218
FID,20170103,3.61,3.61,3.61,3.61,2959
FID,20170104,3.61,3.61,3.61,3.61,0
FID,20170105,3.69,3.69,3.69,3.69,48930
FID,20170106,3.61,3.61,3.61,3.61,465
FID,20170109,3.65,3.68,3.65,3.68,2985
FID,20170110,3.68,3.68,3.68,3.68,2000
FID,20170111,3.68,3.68,3.68,3.68,2985
FID,20170112,3.68,3.68,3.68,3.68,0
FID,20170113,3.63,3.63,3.63,3.63,223
FID,20170116,3.64,3.64,3.63,3.63,1545
FID,20170117,3.63,3.68,3.63,3.68,9080
FID,20170118,3.7,3.71,3.7,3.71,2114
FID,20170119,3.71,3.71,3.71,3.71,5397
FID,20170120,3.71,3.71,3.71,3.71,0
FID,20170123,3.68,3.7,3.68,3.7,9519
FID,20170124,3.7,3.7,3.7,3.7,0
FID,20170125,3.7,3.7,3.7,3.7,505200
FID,20170127,3.71,3.71,3.71,3.71,84324
FID,20170130,3.71,3.71,3.7,3.7,12542
FID,20170131,3.7,3.7,3.7,3.7,200
FID,20170201,3.7,3.79,3.69,3.79,14135
FID,20170202,3.77,3.77,3.77,3.77,1010
FID,20170203,3.77,3.77,3.77,3.77,0
FID,20170206,3.71,3.71,3.71,3.71,1000
FID,20170207,3.74,3.74,3.72,3.73,4324
FID,20170208,3.7,3.77,3.7,3.77,8912
FID,20170209,3.73,3.73,3.73,3.73,2000
FID,20170210,3.73,3.75,3.73,3.75,4722
FID,20170213,3.72,3.72,3.65,3.68,11528
FID,20170214,3.68,3.68,3.68,3.68,0
FID,20170215,3.7,3.7,3.66,3.68,5357
FID,20170216,3.68,3.68,3.68,3.68,2731
FID,20170217,3.7,3.76,3.7,3.76,1696
FID,20170220,3.77,4.1,3.77,4.1,22255
FID,20170221,4.15,4.26,4.15,4.25,23138
FID,20170222,4.25,4.25,4.23,4.23,20359
FID,20170223,4.23,4.23,4.23,4.23,0
FID,20170224,4.1,4.15,3.95,3.95,4917
FID,20170227,3.96,4,3.96,4,8942
FID,20170228,4.02,4.1,4.02,4.1,2232
FID,20170301,4.14,4.29,4.1,4.1,9570
FID,20170302,4.14,4.14,4.14,4.14,1418
FID,20170303,4.14,4.14,4.14,4.14,0
FID,20170306,4.23,4.25,4.23,4.25,4861
FID,20170307,4.22,4.28,4.22,4.28,6610
FID,20170308,4.25,4.25,4.11,4.16,16014
FID,20170309,4.15,4.24,4.15,4.24,2042
FID,20170310,4.24,4.24,4.24,4.24,821
FID,20170313,4.21,4.21,4.03,4.15,71337
FID,20170314,4.19,4.2,4.19,4.2,27453
FID,20170315,4.2,4.2,4.2,4.2,160
FID,20170316,4.14,4.15,4.14,4.15,3540
FID,20170317,4.14,4.14,4.08,4.1,2483
FID,20170320,4.15,4.15,4.15,4.15,1500
FID,20170321,4.1,4.1,4.09,4.09,953
FID,20170322,4.07,4.07,4.01,4.01,10330
FID,20170323,4.01,4.01,4.01,4.01,295
FID,20170324,4.01,4.01,4.01,4.01,0
FID,20170327,4.1,4.15,4.1,4.15,5377
FID,20170328,4.15,4.15,4.1,4.1,15900
FID,20170329,4.11,4.11,4.1,4.1,5870
FID,20170330,4.1,4.13,4.04,4.04,13520
FID,20170331,4.04,4.2,4.04,4.2,8480
FID,20170403,4.2,4.2,4.2,4.2,1550
FID,20170404,4.21,4.28,4.21,4.25,18364
FID,20170405,4.25,4.28,4.22,4.23,10611
FID,20170406,4.24,4.26,4.21,4.24,61203
FID,20170407,4.25,4.25,4.22,4.22,123921
FID,20170410,4.22,4.22,4.1,4.1,39492
FID,20170411,4.11,4.11,4.1,4.1,2000
FID,20170412,4.11,4.21,4.11,4.21,1888
FID,20170413,4.2,4.21,4.2,4.21,1670
FID,20170418,4.21,4.21,4.21,4.21,0
FID,20170419,4.21,4.21,4.21,4.21,0
FID,20170420,4.15,4.15,4.12,4.15,4950
FID,20170421,4.15,4.15,4.12,4.12,8731
FID,20170424,4.12,4.15,4.12,4.13,10773
FID,20170426,4.13,4.2,4.13,4.16,16733
FID,20170427,4.15,4.18,4.15,4.18,180718
FID,20170428,4.14,4.2,4.14,4.2,6291
FID,20170501,4.2,4.2,4.14,4.16,7734
FID,20170502,4.17,4.22,4.17,4.19,20209
FID,20170503,4.17,4.17,4.14,4.16,13668
FID,20170504,4.19,4.21,4.19,4.21,590
FID,20170505,4.21,4.21,4.21,4.21,0
FID,20170508,4.18,4.24,4.18,4.24,28749
FID,20170509,4.22,4.22,4.2,4.22,7477
FID,20170510,4.24,4.24,4.22,4.24,23830
FID,20170511,4.3,4.34,4.22,4.22,12047
FID,20170512,4.22,4.22,4.22,4.22,0
FID,20170515,4.25,4.28,4.22,4.28,5475
FID,20170516,4.28,4.28,4.28,4.28,0
FID,20170517,4.26,4.26,4.26,4.26,965
FID,20170518,4.21,4.21,4.17,4.17,9950
FID,20170519,4.22,4.22,4.19,4.19,734
FID,20170522,4.19,4.19,4.19,4.19,2083
FID,20170523,4.18,4.18,4.17,4.17,2000
FID,20170524,4.19,4.19,4.16,4.16,616
FID,20170525,4.24,4.24,4.21,4.24,25894
FID,20170526,4.24,4.24,4.18,4.18,5590
FID,20170529,4.18,4.18,4.16,4.18,2300
FID,20170530,4.21,4.21,4.12,4.12,13039
FID,20170531,4.2,4.2,4.01,4.2,103250
FID,20170601,4.15,4.19,4.01,4.07,36586
FID,20170602,4.12,4.12,4.04,4.09,10921
FID,20170605,4.03,4.1,4.03,4.1,13987
FID,20170606,4.1,4.1,4.1,4.1,0
FID,20170607,4.09,4.1,4.04,4.04,3969
FID,20170608,4.04,4.04,3.83,3.97,71210
FID,20170609,3.86,3.91,3.86,3.9,11572
FID,20170613,3.9,3.95,3.85,3.94,15168
FID,20170614,3.94,3.94,3.94,3.94,0
FID,20170615,3.92,3.92,3.86,3.86,6334
FID,20170616,3.86,3.93,3.86,3.89,9715
FID,20170619,3.88,3.88,3.84,3.84,22355
FID,20170620,3.84,3.94,3.84,3.94,9318
FID,20170621,3.88,3.88,3.88,3.88,3000
FID,20170622,3.88,3.88,3.88,3.88,2000
FID,20170623,3.94,3.95,3.91,3.95,86706
FID,20170626,3.9,3.9,3.9,3.9,2094
FID,20170627,3.92,3.98,3.92,3.94,81165
FID,20170628,3.96,3.96,3.95,3.95,11010
FID,20170629,3.96,4.05,3.96,4.05,15791
FID,20170630,4.09,4.09,4.09,4.09,27
FID,20170703,4.06,4.1,4.05,4.1,3420
FID,20170704,4.1,4.1,4.1,4.1,6860
FID,20170705,4.11,4.14,4.1,4.14,6969
FID,20170706,4.17,4.17,4.15,4.15,2431
FID,20170707,4.15,4.15,4.13,4.13,19424
FID,20170710,4.1,4.1,4.1,4.1,52906
FID,20170711,4.1,4.1,4.08,4.08,15071
FID,20170712,4.1,4.11,4.1,4.1,15629
FID,20170713,4.13,4.2,4.13,4.2,6020
FID,20170714,4.2,4.2,4.1,4.2,20339
FID,20170717,4.15,4.15,4.15,4.15,25000
FID,20170718,4.19,4.25,4.19,4.25,6787
FID,20170719,4.2,4.25,4.2,4.25,12464
FID,20170720,4.25,4.3,4.25,4.29,7799
FID,20170721,4.2,4.2,4.2,4.2,9690
FID,20170724,4.2,4.2,4.14,4.17,9637
FID,20170725,4.15,4.15,4.15,4.15,280
FID,20170726,4.15,4.15,4.15,4.15,600
FID,20170727,4.15,4.27,4.14,4.27,8125
FID,20170728,4.14,4.14,4.14,4.14,1000
FID,20170731,4.15,4.26,4.15,4.26,15437
FID,20170801,4.17,4.26,4.17,4.26,3611
FID,20170802,4.26,4.26,4.17,4.17,42
FID,20170803,4.17,4.2,4.17,4.2,1223
FID,20170804,4.26,4.26,4.26,4.26,150
FID,20170807,4.26,4.26,4.26,4.26,0
FID,20170808,4.24,4.24,4.24,4.24,8765
FID,20170809,4.26,4.27,4.22,4.22,3545
FID,20170810,4.2,4.2,4.2,4.2,2000
FID,20170811,4.19,4.19,4.15,4.15,2617
FID,20170815,4.19,4.3,4.19,4.3,5232
FID,20170816,4.24,4.27,4.21,4.21,3381
FID,20170817,4.26,4.26,4.26,4.26,5944
FID,20170818,4.37,4.4,4.34,4.38,151893
FID,20170821,4.49,4.5,4.42,4.43,25902
FID,20170822,4.46,4.46,4.44,4.46,215223
FID,20170823,4.46,4.48,4.46,4.46,26266
FID,20170824,4.46,4.46,4.4,4.44,25718
FID,20170825,4.4,4.43,4.39,4.43,3150
FID,20170828,4.4,4.4,4.39,4.4,25294
FID,20170829,4.25,4.25,4.2,4.2,1000
FID,20170830,4.21,4.29,4.21,4.22,1516
FID,20170831,4.25,4.25,4.25,4.25,1618
FID,20170901,4.31,4.31,4.3,4.3,2230
FID,20170904,4.35,4.35,4.3,4.3,220
FID,20170905,4.3,4.3,4.28,4.3,19167
FID,20170906,4.35,4.35,4.29,4.3,83564
FID,20170907,4.3,4.35,4.3,4.3,1492
FID,20170908,4.31,4.35,4.3,4.3,1418
FID,20170911,4.35,4.43,4.31,4.31,1734
FID,20170912,4.39,4.4,4.32,4.39,2851
FID,20170913,4.39,4.39,4.39,4.39,0
FID,20170914,4.35,4.38,4.32,4.32,795
FID,20170915,4.33,4.33,4.29,4.31,29996
FID,20170918,4.31,4.36,4.31,4.32,4906
FID,20170919,4.33,4.33,4.32,4.32,1694
FID,20170920,4.35,4.35,4.35,4.35,1949
FID,20170921,4.36,4.38,4.35,4.35,17194
FID,20170922,4.35,4.36,4.35,4.35,3567
FID,20170925,4.36,4.36,4.36,4.36,3000
FID,20170926,4.39,4.42,4.39,4.42,1740
FID,20170927,4.44,4.49,4.44,4.49,3920
FID,20170928,4.55,4.58,4.5,4.53,5958
FID,20170929,4.64,4.795,4.64,4.78,26095
FID,20171002,4.75,4.9,4.75,4.83,10869
FID,20171003,4.85,4.85,4.77,4.77,10294
FID,20171004,4.78,4.78,4.72,4.72,6700
FID,20171005,4.76,4.76,4.73,4.76,4760
FID,20171006,4.76,4.81,4.75,4.81,6751
FID,20171009,4.75,4.9,4.75,4.9,24200
FID,20171010,4.95,4.95,4.9,4.9,7891
FID,20171011,4.9,5.08,4.9,5.08,41534
FID,20171012,5.02,5.02,4.98,5,2043
FID,20171013,5.02,5.04,4.99,5,21413
FID,20171016,5,5.09,4.99,5.09,57747
FID,20171017,5,5,4.99,4.99,45539
FID,20171018,5.03,5.03,5,5,26879
FID,20171019,5.02,5.02,5,5.02,19858
FID,20171020,5.02,5.04,5,5.04,31160
FID,20171023,5.04,5.04,5.04,5.04,2315
FID,20171024,5.03,5.04,4.96,5,18821
FID,20171025,5.02,5.02,4.98,5,21225
FID,20171026,5.02,5.02,4.98,5,27520
FID,20171027,5,5.09,4.98,5.09,35911
FID,20171030,5.09,5.19,5.09,5.18,26279
FID,20171031,5.19,5.45,5.19,5.45,31293
FID,20171101,5.45,5.5,5.45,5.5,778
FID,20171102,5.46,5.59,5.3,5.59,9858
FID,20171103,5.5,5.51,5.48,5.48,15623
FID,20171106,5.47,5.47,5.25,5.25,13341
FID,20171107,5.25,5.34,5.25,5.25,4367
FID,20171108,5.35,5.36,5.3,5.35,28216
FID,20171109,5.35,5.4,5.35,5.4,30835
FID,20171110,5.35,5.4,5.35,5.4,30835
FID,20171113,5.45,5.51,5.45,5.5,24653
FID,20171114,5.51,5.51,5.4,5.4,267602
FID,20171115,5.4,5.45,5.38,5.45,2899
FID,20171116,5.45,5.45,5.45,5.45,51
FID,20171117,5.36,5.36,5.15,5.2,5749
FID,20171120,5.2,5.2,5.2,5.2,3399
FID,20171121,5.2,5.3,5.2,5.3,1932
FID,20171122,5.3,5.3,5.3,5.3,0
FID,20171123,5.42,5.475,5.42,5.45,29470
FID,20171124,5.45,5.45,5.44,5.45,6180
FID,20171127,5.45,5.45,5.45,5.45,2171
FID,20171128,5.45,5.45,5.4,5.4,28387
FID,20171129,5.4,5.4,5.4,5.4,0
FID,20171130,5.41,5.41,5.4,5.4,2648
FID,20171201,5.4,5.4,5.4,5.4,2887
FID,20171204,5.4,5.4,5.4,5.4,180
FID,20171205,5.39,5.39,5.27,5.27,4241
FID,20171206,5.4,5.4,5.39,5.4,52685
FID,20171207,5.39,5.4,5.39,5.4,5789
FID,20171208,5.4,5.4,5.4,5.4,2000
FID,20171211,5.4,5.4,5.4,5.4,0
FID,20171212,5.35,5.35,5.21,5.24,3163
FID,20171213,5.25,5.25,5.24,5.24,2538
FID,20171214,5.24,5.24,5.2,5.2,2923
FID,20171215,5.28,5.32,5.28,5.32,1976
FID,20171218,5.25,5.25,5.25,5.25,51201
FID,20171219,5.25,5.39,5.25,5.39,4903
FID,20171220,5.3,5.38,5.28,5.37,4892
FID,20171221,5.35,5.35,5.35,5.35,5570
FID,20171222,5.3,5.35,5.3,5.34,2846
FID,20171227,5.35,5.35,5.34,5.35,8268
FID,20171228,5.35,5.39,5.35,5.38,3550
FID,20171229,5.38,5.38,5.38,5.38,0
FID,20180102,5.3,5.3,5.3,5.3,320
FID,20180103,5.3,5.3,5.3,5.3,0
FID,20180104,5.3,5.3,5.3,5.3,1450
FID,20180105,5.3,5.3,5.3,5.3,2507
FID,20180108,5.35,5.35,5.3,5.35,100303
FID,20180109,5.35,5.35,5.35,5.35,0
FID,20180110,5.35,5.35,5.35,5.35,0
FID,20180111,5.35,5.35,5.35,5.35,1000
FID,20180112,5.3,5.35,5.27,5.35,32044
FID,20180115,5.35,5.35,5.35,5.35,0
FID,20180116,5.35,5.35,5.35,5.35,1095
FID,20180117,5.35,5.35,5.3,5.35,16123
FID,20180118,5.34,5.35,5.3,5.3,105369
FID,20180119,5.35,5.35,5.28,5.3,12612
FID,20180122,5.3,5.3,5.3,5.3,6500
FID,20180123,5.28,5.29,5.27,5.28,59201
FID,20180124,5.28,5.28,5.27,5.28,16706
FID,20180125,5.28,5.28,5.28,5.28,3400
FID,20180129,5.275,5.275,5.21,5.21,14021
FID,20180130,5.2,5.25,5.2,5.25,149078
FID,20180131,5.23,5.23,5.23,5.23,956
FID,20180201,5.21,5.26,5.18,5.26,44400
FID,20180202,5.21,5.22,5.21,5.22,405
FID,20180205,5.2,5.2,5.03,5.07,25352
FID,20180207,4.8,5.11,4.79,5.05,17473
FID,20180208,4.9,5,4.81,4.97,29485
FID,20180209,4.86,4.9,4.8,4.9,15145
FID,20180212,4.81,4.81,4.6,4.6,73826
FID,20180213,4.58,4.58,4.41,4.42,48270
FID,20180214,4.36,4.6,4.36,4.43,59622
FID,20180215,4.48,4.58,4.44,4.44,63097
FID,20180216,4.43,4.66,4.43,4.5,484524
FID,20180219,4.5,4.6,4.5,4.6,64452
FID,20180220,4.73,4.99,4.66,4.79,30844
FID,20180221,4.77,5,4.77,4.94,29645
FID,20180222,4.99,5.18,4.97,5.18,21902
FID,20180223,5.15,5.23,5.14,5.2,422
FID,20180226,5.32,5.32,5.13,5.13,4800
FID,20180227,5.05,5.17,5.05,5.13,29211
FID,20180228,5.14,5.15,5.14,5.15,2000
FID,20180301,5.12,5.13,4.91,5.1,39648
FID,20180302,4.92,5.1,4.88,5,20425
FID,20180305,5.01,5.01,5,5,26478
FID,20180306,4.89,5,4.89,5,5595
FID,20180307,5,5,4.88,4.95,22317
FID,20180308,5,5,5,5,7777
FID,20180309,5,5.1,5,5.09,170
FID,20180312,5.02,5.05,4.97,5,10539
FID,20180313,5,5.1,4.95,4.95,7857
FID,20180314,5.05,5.09,4.97,4.97,6329
FID,20180315,4.95,5.09,4.92,4.92,4611
FID,20180316,4.85,4.92,4.85,4.92,1975
FID,20180319,4.92,4.96,4.92,4.95,6081
FID,20180320,4.95,4.95,4.95,4.95,0
FID,20180321,4.95,5,4.87,4.91,5537
FID,20180322,4.94,5,4.94,4.99,50860
FID,20180323,4.9,4.94,4.82,4.94,23610
FID,20180326,4.66,4.89,4.66,4.89,12929
FID,20180327,4.87,4.87,4.87,4.87,67
FID,20180328,4.87,4.88,4.7,4.79,2985
FID,20180329,4.6,4.86,4.6,4.86,15013
FID,20180403,4.86,4.86,4.86,4.86,0
FID,20180404,4.8,4.8,4.65,4.76,2907
FID,20180405,4.67,4.76,4.67,4.67,6560
FID,20180406,4.66,4.68,4.6,4.62,19484
FID,20180409,4.6,4.6,4.55,4.59,7835
FID,20180410,4.52,4.58,4.52,4.57,3361
FID,20180411,4.57,4.57,4.57,4.57,2688
FID,20180412,4.55,4.55,4.53,4.53,55677
FID,20180413,4.535,4.54,4.53,4.54,8527
FID,20180416,4.5,4.54,4.4,4.4,37316
FID,20180417,4.38,4.41,4.31,4.41,32048
FID,20180418,4.41,4.44,4.4,4.43,29896
FID,20180419,4.42,4.42,4.35,4.35,8838
FID,20180420,4.35,4.4,4.29,4.29,35278
FID,20180423,4.26,4.26,4.16,4.17,64275
FID,20180424,4.14,4.15,3.92,4.07,478437
FID,20180426,4.2,4.21,4.12,4.21,39214
FID,20180427,4.2,4.43,4.2,4.42,62117
FID,20180430,4.31,4.31,4.26,4.3,13418
FID,20180501,4.3,4.3,4.26,4.28,40280
FID,20180502,4.35,4.35,4.35,4.35,2124
FID,20180503,4.4,4.4,4.35,4.36,6324
FID,20180504,4.35,4.4,4.32,4.32,3357
FID,20180507,4.35,4.35,4.35,4.35,564
FID,20180508,4.35,4.36,4.35,4.35,7997
FID,20180509,4.35,4.39,4.33,4.33,103852
FID,20180510,4.32,4.37,4.32,4.35,16308
FID,20180511,4.32,4.35,4.3,4.3,17601
FID,20180514,4.28,4.28,4.19,4.28,19915
FID,20180515,4.25,4.25,4.24,4.25,1442
FID,20180516,4.24,4.28,4.24,4.28,5869
FID,20180517,4.28,4.35,4.28,4.35,152047
FID,20180518,4.29,4.35,4.25,4.34,22792
FID,20180521,4.34,4.34,4.31,4.31,450
FID,20180522,4.3,4.3,4.25,4.25,1698
FID,20180523,4.26,4.27,4.25,4.26,646
FID,20180524,4.28,4.36,4.28,4.29,29686
FID,20180525,4.3,4.3,4.25,4.29,11940
FID,20180528,4.3,4.32,4.3,4.3,19482
FID,20180529,4.305,4.34,4.3,4.34,26529
FID,20180530,4.31,4.31,4.28,4.28,5449
FID,20180531,4.3,4.31,4.3,4.3,37546
FID,20180601,4.3,4.33,4.29,4.29,6663
FID,20180604,4.3,4.3,4.26,4.3,3198
FID,20180605,4.3,4.3,4.22,4.23,10571
FID,20180606,4.2,4.31,4.2,4.31,90287
FID,20180607,4.3,4.35,4.3,4.35,19301
FID,20180608,4.325,4.35,4.325,4.35,6471
FID,20180612,4.35,4.52,4.35,4.5,137391
FID,20180613,4.5,4.84,4.5,4.84,21124
FID,20180614,4.83,4.83,4.74,4.75,23510
FID,20180615,4.79,4.8,4.75,4.8,121710
FID,20180618,4.76,4.79,4.75,4.76,5508
FID,20180619,4.76,4.77,4.7,4.75,7680
FID,20180620,4.79,4.8,4.75,4.76,32790
FID,20180621,4.77,4.83,4.76,4.78,21199
FID,20180622,4.78,4.78,4.71,4.75,18159
FID,20180625,4.75,4.82,4.75,4.82,37042
FID,20180626,4.78,4.82,4.78,4.79,9289
FID,20180627,4.8,4.81,4.71,4.71,16710
FID,20180628,4.72,4.72,4.61,4.63,15232
FID,20180629,4.63,4.69,4.61,4.66,5680
FID,20180702,4.64,4.65,4.51,4.52,11748
FID,20180703,4.5,4.59,4.5,4.55,6794
FID,20180704,4.52,4.52,4.4,4.41,8011
FID,20180705,4.4,4.4,4.3,4.3,10108
FID,20180706,4.34,4.4,4.33,4.34,13806
FID,20180710,4.37,4.42,4.36,4.42,10397
FID,20180711,4.4,4.4,4.35,4.36,13168
FID,20180712,4.36,4.4,4.35,4.4,20348
FID,20180713,4.41,4.59,4.41,4.52,20706
FID,20180716,4.54,4.63,4.54,4.63,24485
FID,20180717,4.63,4.7,4.58,4.58,45065
FID,20180718,4.63,4.65,4.63,4.63,29204
FID,20180719,4.55,4.67,4.55,4.57,7653
FID,20180720,4.56,4.6,4.55,4.56,20957
FID,20180723,4.55,4.55,4.54,4.54,2907
FID,20180724,4.55,4.59,4.45,4.45,7643
FID,20180725,4.46,4.55,4.45,4.54,26381
FID,20180726,4.54,4.54,4.54,4.54,3990
FID,20180727,4.47,4.52,4.47,4.47,4681
FID,20180730,4.47,4.47,4.37,4.4,27023
FID,20180731,4.35,4.35,4.19,4.2,55979
FID,20180801,4.25,4.28,4.2,4.21,27632
FID,20180802,4.22,4.22,4.2,4.22,7600
FID,20180803,4.22,4.22,4.22,4.22,582
FID,20180806,4.25,4.29,4.22,4.28,6585
FID,20180807,4.29,4.365,4.28,4.365,5598
FID,20180808,4.36,4.37,4.3,4.3,1949
FID,20180809,4.36,4.37,4.36,4.36,10326
FID,20180810,4.37,4.37,4.3,4.36,5886
FID,20180813,4.37,4.4,4.34,4.4,17401
FID,20180814,4.42,4.45,4.4,4.4,16549
FID,20180816,4.35,4.4,4.32,4.39,5311
FID,20180817,4.57,4.76,4.57,4.76,149484
FID,20180820,4.76,5.06,4.725,5.06,60293
FID,20180821,5.07,5.19,5.07,5.17,71835
FID,20180822,5.17,5.17,5.04,5.07,12719
FID,20180823,5.1,5.1,5,5,686
FID,20180824,5,5.05,5,5.03,46728
FID,20180827,5.03,5.05,5.03,5.04,8050
FID,20180828,4.97,4.97,4.81,4.81,34689
FID,20180829,4.81,5,4.78,4.89,59942
FID,20180830,4.95,4.95,4.81,4.9,12876
FID,20180831,4.93,4.94,4.88,4.88,5321
FID,20180903,4.88,4.88,4.8,4.8,15386
FID,20180904,4.8,4.87,4.8,4.87,3221
FID,20180905,4.83,4.87,4.75,4.76,42175
FID,20180906,4.74,4.79,4.74,4.79,5800
FID,20180907,4.62,4.62,4.4,4.56,35649
FID,20180910,4.4,4.4,4.35,4.4,21966
FID,20180913,4.35,4.52,4.33,4.52,18817
FID,20180914,4.38,4.5,4.38,4.5,8724
FID,20180917,4.4,4.56,4.36,4.55,34216
FID,20180918,4.55,4.55,4.55,4.55,0
FID,20180919,4.47,4.47,4.46,4.46,4186
FID,20180920,4.46,4.46,4.46,4.46,2228
FID,20180921,4.47,4.51,4.47,4.51,7902
FID,20180924,4.51,4.56,4.51,4.56,18807
FID,20180925,4.56,4.59,4.45,4.45,13993
FID,20180926,4.5,4.5,4.45,4.46,29479
FID,20180927,4.47,4.47,4.46,4.46,2915
FID,20180928,4.66,4.67,4.62,4.63,7322
FID,20181001,4.65,4.65,4.6,4.6,6847
FID,20181002,4.61,4.61,4.52,4.52,5511
FID,20181003,4.52,4.55,4.47,4.55,6418
FID,20181004,4.65,4.65,4.65,4.65,1950
FID,20181005,4.67,4.68,4.57,4.63,8151
FID,20181008,4.64,4.67,4.64,4.655,2286
FID,20181009,4.63,4.63,4.55,4.55,5170
FID,20181010,4.53,4.53,4.53,4.53,2000
FID,20181011,4.52,4.52,4.3,4.3,50611
FID,20181012,4.3,4.42,4.3,4.41,5922
FID,20181015,4.41,4.42,4.37,4.37,21595
FID,20181016,4.37,4.37,4.31,4.31,10969
FID,20181017,4.35,4.35,4.31,4.31,7822
FID,20181018,4.33,4.38,4.33,4.33,4396
FID,20181019,4.36,4.46,4.35,4.35,21797
FID,20181022,4.39,4.55,4.39,4.4,30712
FID,20181023,4.4,4.4,4.31,4.31,28737
FID,20181024,4.38,4.38,4.35,4.35,11900
FID,20181025,4.35,4.35,4.2,4.26,61277
FID,20181026,4.26,4.26,4,4.08,96565
FID,20181030,4.07,4.07,4.05,4.05,38264
FID,20181031,4.16,4.23,4.16,4.16,28505
FID,20181101,4.14,4.15,4.1,4.1,16025
FID,20181102,4.1,4.115,4.05,4.08,31712
FID,20181105,4.1,4.13,4.04,4.13,14524
FID,20181106,4.13,4.18,4.13,4.14,36613
FID,20181107,4.125,4.125,4.09,4.1,17039
FID,20181108,4.11,4.12,4.08,4.1,45060
FID,20181109,4.1,4.1,4.07,4.1,10574
FID,20181112,4.1,4.1,4.09,4.09,5287
FID,20181113,4.07,4.18,4.07,4.12,11895
FID,20181114,4.13,4.13,4.1,4.1,15927
FID,20181115,4.1,4.1,4.08,4.09,13506
FID,20181116,4.105,4.12,4.08,4.11,76013
FID,20181119,4.16,4.17,4.1,4.1,14667
FID,20181120,4.1,4.1,4.08,4.08,34322
FID,20181121,4.08,4.08,4.05,4.05,3964
FID,20181122,4.05,4.05,4.05,4.05,18269
FID,20181123,4.1,4.1,4,4,18780
FID,20181126,4.07,4.09,4,4.08,3373
FID,20181127,4.08,4.08,4.08,4.08,878
FID,20181128,4.07,4.1,4.05,4.05,25417
FID,20181129,4.12,4.18,4.12,4.15,22115
FID,20181130,4.13,4.2,4.13,4.2,7821
FID,20181203,4.26,4.3,4.26,4.3,12338
FID,20181204,4.22,4.3,4.22,4.3,3180
FID,20181205,4.24,4.24,4.21,4.21,8821
FID,20181206,4.18,4.18,4.18,4.18,1209
FID,20181207,4.16,4.16,4.12,4.12,14375
FID,20181210,4.11,4.11,4.08,4.08,8813
FID,20181211,4.1,4.1,3.99,3.99,34566
FID,20181212,3.99,4.09,3.99,4.09,2797
FID,20181213,4.08,4.08,4,4,14927
FID,20181214,4.02,4.02,3.98,3.98,16394
FID,20181217,4,4,3.95,3.95,13250
FID,20181218,3.77,3.82,3.75,3.82,15567
FID,20181219,3.83,3.83,3.77,3.77,10447
FID,20181220,3.76,3.82,3.75,3.8,29515
FID,20181221,3.7,3.75,3.63,3.63,8491
FID,20181224,3.63,3.7,3.61,3.7,22742
FID,20181227,3.65,3.88,3.65,3.88,1270
FID,20181228,3.8,3.91,3.8,3.91,5531
FID,20181231,3.9,3.9,3.9,3.9,4400
FID,20190102,3.99,4,3.99,4,2573
FID,20190103,3.99,4,3.95,3.98,5882
FID,20190104,3.98,3.98,3.91,3.91,14060
FID,20190107,3.92,4,3.92,4,23200
FID,20190108,4,4,3.91,4,90684
FID,20190109,3.95,4,3.95,4,25867
FID,20190110,3.95,4.01,3.95,4,57061
FID,20190111,4,4.05,4,4.05,25695
FID,20190114,4.02,4.02,3.99,3.99,31115
FID,20190115,3.99,4,3.99,4,48830
FID,20190116,3.99,4.13,3.99,4.07,43006
FID,20190117,4.06,4.07,4.06,4.07,9068
FID,20190118,4.07,4.1,4.07,4.1,43511
FID,20190121,4.04,4.05,4.01,4.05,16831
FID,20190122,4.06,4.09,4.01,4.09,9541
FID,20190123,4.09,4.09,4.09,4.09,0
FID,20190124,4.01,4.04,3.99,3.99,33596
FID,20190125,3.99,4.04,3.99,4.04,6372
FID,20190129,4.04,4.04,3.98,4,25673
FID,20190130,3.97,3.97,3.97,3.97,4111
FID,20190131,3.97,3.97,3.9,3.9,10458
FID,20190201,3.91,3.95,3.91,3.95,11814
FID,20190204,3.95,3.95,3.91,3.92,18062
FID,20190205,3.98,4.16,3.98,4.14,216144
FID,20190206,4.22,4.67,4.22,4.5,59016
FID,20190207,4.51,4.6,4.5,4.52,29360
FID,20190208,4.52,4.64,4.52,4.6,8577
FID,20190211,4.6,4.65,4.6,4.63,5246
FID,20190212,4.63,4.75,4.63,4.74,20012
FID,20190213,4.74,4.8,4.74,4.8,5641
FID,20190214,4.8,4.83,4.7,4.8,19526
FID,20190215,4.85,5,4.81,4.93,14969
FID,20190218,5.1,5.18,5.01,5.18,18881
FID,20190219,5.1,5.17,5.1,5.17,15409
FID,20190220,5.17,5.27,5.12,5.26,8544
FID,20190221,5.25,5.25,5.14,5.15,27075
FID,20190222,5.18,5.2,5.05,5.05,6561
FID,20190225,5.11,5.13,5.08,5.13,6371
FID,20190226,5.1,5.13,5.1,5.105,9102
FID,20190227,5.08,5.1,5.08,5.08,4616
FID,20190228,5,5.06,5,5.05,2547
FID,20190301,5.1,5.1,5.075,5.1,9029
FID,20190304,5.06,5.18,5.06,5.1,24280
FID,20190305,5.12,5.15,5.12,5.15,7109
FID,20190306,5.07,5.22,5.07,5.18,46200
FID,20190307,5.15,5.15,5.15,5.15,5382
FID,20190308,5.05,5.05,5.05,5.05,3845
FID,20190311,5,5,4.95,5,11201
FID,20190312,4.9,5,4.9,5,22345
FID,20190313,4.9,4.9,4.8,4.8,2314
FID,20190314,4.8,5,4.8,5,36825
FID,20190315,4.95,5,4.94,5,23269
FID,20190318,4.94,5,4.85,4.99,30095
FID,20190319,4.99,5,4.99,5,67778
FID,20190320,4.95,4.95,4.95,4.95,2200
FID,20190321,4.95,4.99,4.95,4.99,1466
FID,20190322,4.99,4.99,4.99,4.99,0
FID,20190325,4.9,4.9,4.78,4.78,18342
FID,20190326,4.79,4.85,4.79,4.85,6202
FID,20190327,4.8,4.81,4.8,4.81,13900
FID,20190328,4.81,4.84,4.8,4.84,10295
FID,20190329,4.8,4.8,4.8,4.8,2162
FID,20190401,4.8,4.8,4.8,4.8,0
FID,20190402,4.75,4.79,4.52,4.65,16922
FID,20190403,4.56,4.7,4.55,4.67,10842
FID,20190404,4.7,4.7,4.67,4.67,21461
FID,20190405,4.58,4.67,4.58,4.67,21495
FID,20190408,4.57,4.74,4.57,4.6,26437
FID,20190409,4.61,4.7,4.6,4.6,24973
FID,20190410,4.6,4.6,4.45,4.45,54395
FID,20190411,4.48,4.58,4.46,4.46,23735
FID,20190412,4.47,4.51,4.46,4.51,6104
FID,20190415,4.54,4.62,4.54,4.6,21329
FID,20190416,4.6,4.6,4.6,4.6,27346
FID,20190417,4.61,4.74,4.58,4.58,11513
FID,20190418,4.58,4.71,4.58,4.71,4048
FID,20190423,4.75,4.84,4.75,4.81,14776
FID,20190424,4.84,4.85,4.73,4.77,20371
FID,20190426,4.8,4.85,4.8,4.85,4469
FID,20190429,4.78,4.84,4.77,4.83,21361
FID,20190430,4.8,4.815,4.8,4.815,15034
FID,20190501,4.815,4.84,4.81,4.84,32102
FID,20190502,4.84,4.84,4.84,4.84,0
FID,20190503,4.83,4.83,4.8,4.8,2223
FID,20190506,4.8,4.83,4.68,4.8,20329
FID,20190507,4.815,4.815,4.67,4.67,25555
FID,20190508,4.72,4.72,4.47,4.56,15693
FID,20190509,4.6,4.8,4.6,4.8,14747
FID,20190510,4.67,4.67,4.67,4.67,850
FID,20190513,4.67,4.78,4.67,4.67,20796
FID,20190514,4.64,4.69,4.6,4.65,34897
FID,20190515,4.64,4.65,4.6,4.6,41100
FID,20190516,4.6,4.65,4.6,4.61,8668
FID,20190517,4.7,4.83,4.7,4.83,15450
FID,20190520,4.83,4.84,4.83,4.84,13329
FID,20190521,4.8,4.84,4.7,4.84,13215
FID,20190522,4.85,4.88,4.73,4.76,20085
FID,20190523,4.78,4.81,4.78,4.8,15000
FID,20190524,4.82,4.98,4.82,4.95,18343
FID,20190527,5,5,4.88,4.93,3378
FID,20190528,4.9,4.9,4.87,4.9,103034
FID,20190529,4.9,4.91,4.9,4.9,22453
FID,20190530,4.89,5.05,4.89,5.04,88183
FID,20190531,5.03,5.04,5.03,5.04,8497
FID,20190603,5.07,5.07,4.95,4.99,25247
FID,20190604,4.95,4.95,4.89,4.9,12383
FID,20190605,4.89,4.94,4.89,4.94,801
FID,20190606,4.91,4.91,4.87,4.9,9585
FID,20190607,4.84,4.84,4.81,4.81,1290
FID,20190611,4.85,4.995,4.85,4.9,39053
FID,20190612,4.81,4.98,4.81,4.98,31935
FID,20190613,4.98,4.98,4.95,4.95,702
FID,20190614,4.85,4.92,4.8,4.8,13799
FID,20190617,4.875,4.93,4.87,4.93,12252
FID,20190618,4.95,5.08,4.95,5.08,13594
FID,20190619,5.08,5.2,5.08,5.2,37013
FID,20190620,5.16,5.2,5.15,5.16,20565
FID,20190621,5.16,5.16,5.16,5.16,0
FID,20190624,5.22,5.3,5.2,5.3,24739
FID,20190625,5.25,5.25,5.16,5.2,22017
FID,20190626,5.2,5.2,5.2,5.2,100
FID,20190627,5.22,5.25,5.2,5.25,44168
FID,20190628,5.16,5.2,5.15,5.16,8300
FID,20190701,5.18,5.21,5.18,5.21,16872
FID,20190702,5.25,5.25,5.2,5.21,11261
FID,20190703,5.19,5.25,5.17,5.25,20316
FID,20190704,5.23,5.25,5.2,5.2,8599
FID,20190705,5.23,5.3,5.15,5.3,90069
FID,20190708,5.3,5.63,5.3,5.61,36891
FID,20190709,5.6,5.86,5.6,5.77,22389
FID,20190710,5.84,5.94,5.71,5.71,18680
FID,20190711,5.71,5.93,5.71,5.89,20864
FID,20190712,5.9,5.9,5.86,5.86,18327
FID,20190715,5.75,5.85,5.75,5.85,955
FID,20190716,5.75,5.86,5.74,5.74,6765
FID,20190717,5.62,5.75,5.62,5.75,11656
FID,20190718,5.65,5.75,5.65,5.75,8774
FID,20190719,5.7,5.7,5.51,5.69,10936
FID,20190722,5.67,5.68,5.42,5.57,16440
FID,20190723,5.5,5.59,5.49,5.59,14948
FID,20190724,5.65,5.76,5.6,5.76,19029
FID,20190725,5.8,5.8,5.76,5.79,4162
FID,20190726,5.79,5.79,5.79,5.79,1349
FID,20190729,5.71,5.78,5.71,5.71,9012
FID,20190730,5.71,5.77,5.7,5.7,12350
FID,20190731,5.7,5.7,5.58,5.7,23840
FID,20190801,5.69,5.69,5.69,5.69,700
FID,20190802,5.69,5.69,5.69,5.69,0
FID,20190805,5.69,5.7,5.36,5.36,18983
FID,20190806,5.36,5.5,5.16,5.48,39498
FID,20190807,5.5,5.57,5.4,5.54,9175
FID,20190808,5.55,5.55,5.43,5.49,11176
FID,20190809,5.49,5.49,5.38,5.38,6547
FID,20190812,5.31,5.37,5.31,5.36,5080
FID,20190813,5.36,5.36,5.22,5.22,6174
FID,20190814,5.29,5.36,5.23,5.32,28288
FID,20190815,5.21,5.28,5.21,5.25,27747
FID,20190816,5.36,5.36,5.17,5.17,66424
FID,20190819,5.25,5.3,5.22,5.3,10000
FID,20190820,5.31,5.36,5.31,5.36,4059
FID,20190821,5.38,5.52,5.38,5.52,17731
FID,20190822,5.5,5.5,5.38,5.4,6546
FID,20190823,5.4,5.44,5.36,5.36,5037
FID,20190826,5.26,5.27,5.02,5.22,121616
FID,20190827,5.22,5.22,5.22,5.22,0
FID,20190828,5.22,5.22,5.22,5.22,0
FID,20190829,5.22,5.22,5.22,5.22,0
FID,20190830,5.2,5.2,5.15,5.15,2737
FID,20190902,5.14,5.14,4.81,4.85,23305
FID,20190903,4.85,4.85,4.59,4.75,35147
FID,20190904,5,5,5,5,12325
FID,20190905,5.1,5.1,5,5.01,8318
FID,20190906,5.1,5.14,5.04,5.14,23404
FID,20190909,5.14,5.14,5.04,5.04,48042
FID,20190910,5.1,5.1,5.04,5.1,832
FID,20190911,5.04,5.3,5.04,5.3,12881
FID,20190912,5.23,5.23,5.1,5.1,4040
FID,20190913,5.12,5.17,5.1,5.17,5875
FID,20190916,5.18,5.18,5.17,5.17,987
FID,20190917,5.28,5.28,5.17,5.28,12675
FID,20190918,5.18,5.58,5.18,5.58,27944
FID,20190919,5.49,5.49,5.49,5.49,450
FID,20190920,5.45,5.45,5.33,5.33,1926
FID,20190923,5.34,5.43,5.34,5.39,3634
FID,20190924,5.44,5.45,5.39,5.44,6447
FID,20190925,5.5,5.54,5.45,5.5,8684
FID,20190926,5.54,5.66,5.54,5.66,6600
FID,20190927,5.57,5.57,5.47,5.55,21446
FID,20190930,5.55,5.6,5.54,5.55,7948
FID,20191001,5.6,5.6,5.6,5.6,3600
FID,20191002,5.58,5.6,5.56,5.57,8797
FID,20191003,5.53,5.54,5.45,5.51,12045
FID,20191004,5.51,5.51,5.44,5.44,9144
FID,20191007,5.5,5.5,5.5,5.5,1072
FID,20191008,5.44,5.6,5.44,5.6,9660
FID,20191009,5.6,5.6,5.41,5.41,19793
FID,20191010,5.53,5.65,5.41,5.64,4033
FID,20191011,5.65,5.65,5.42,5.58,5436
FID,20191014,5.41,5.59,5.41,5.59,10842
FID,20191015,5.58,5.58,5.46,5.46,1008
FID,20191016,5.57,5.6,5.47,5.55,19251
FID,20191017,5.64,5.64,5.46,5.46,11296
FID,20191018,5.56,5.56,5.46,5.46,2407
FID,20191021,5.46,5.47,5.19,5.19,36436
FID,20191022,5.28,5.3,5.28,5.3,1402
FID,20191023,5.31,5.45,5.31,5.44,4485
FID,20191024,5.36,5.36,5.36,5.36,1869
FID,20191025,5.36,5.53,5.36,5.45,2918
FID,20191028,5.55,5.58,5.36,5.37,18917
FID,20191029,5.37,5.37,5.37,5.37,0
FID,20191030,5.56,5.58,5.37,5.58,4084
FID,20191031,5.57,5.6,5.4,5.4,19678
FID,20191101,5.45,5.6,5.45,5.59,20975
FID,20191104,5.6,5.64,5.5,5.64,30078
FID,20191105,5.63,5.63,5.56,5.56,18039
FID,20191106,5.56,5.6,5.51,5.6,7526
FID,20191107,5.52,5.6,5.51,5.6,32608
FID,20191108,5.6,5.6,5.55,5.6,7526
FID,20191111,5.6,5.6,5.55,5.55,3889
FID,20191112,5.55,5.55,5.5,5.52,30972
FID,20191113,5.44,5.51,5.44,5.5,16326
FID,20191114,5.5,5.55,5.5,5.55,10832
FID,20191115,5.5,5.54,5.43,5.43,29163
FID,20191118,5.46,5.46,5.45,5.46,4693
FID,20191119,5.46,5.46,5.46,5.46,27
FID,20191120,5.46,5.51,5.4,5.4,25354
FID,20191121,5.36,5.36,5.22,5.24,9343
FID,20191122,5.24,5.4,5.2,5.4,9924
FID,20191125,5.36,5.36,5.21,5.21,2250
FID,20191126,5.22,5.38,5.14,5.24,46559
FID,20191127,5.24,5.3,5.23,5.24,7929
FID,20191128,5.4,5.5,5.4,5.49,7000
FID,20191129,5.24,5.36,5.23,5.36,2460
FID,20191202,5.37,5.37,5.3,5.3,10169
FID,20191203,5.3,5.3,5.21,5.3,9035
FID,20191204,5.25,5.32,5.25,5.3,63846
FID,20191205,5.36,5.37,5.35,5.36,11107
FID,20191206,5.35,5.36,5.3,5.3,4468
FID,20191209,5.32,5.4,5.32,5.4,8220
FID,20191210,5.45,5.54,5.41,5.45,13717
FID,20191211,5.5,5.54,5.5,5.51,15883
FID,20191212,5.5,5.6,5.5,5.6,14114
FID,20191213,5.59,5.65,5.51,5.52,2832
FID,20191216,5.52,5.54,5.52,5.54,3900
FID,20191217,5.54,5.65,5.54,5.59,16289
FID,20191218,5.59,5.6,5.53,5.6,11160
FID,20191219,5.6,5.6,5.53,5.53,4923
FID,20191220,5.58,5.59,5.5,5.5,13100
FID,20191223,5.56,5.6,5.56,5.6,5000
FID,20191224,5.6,5.6,5.6,5.6,0
FID,20191227,5.53,5.54,5.53,5.54,5360
FID,20191230,5.54,5.54,5.5,5.54,4974
FID,20191231,5.54,5.54,5.51,5.51,3015
FID,20200102,5.51,5.51,5.51,5.51,2873
FID,20200103,5.51,5.54,5.5,5.54,10503
FID,20200106,5.51,5.54,5.51,5.52,10369
FID,20200107,5.52,5.52,5.48,5.5,16261
FID,20200108,5.5,5.5,5.4,5.45,8641
FID,20200109,5.49,5.54,5.49,5.54,8277
FID,20200113,5.55,5.57,5.495,5.57,13024
FID,20200114,5.57,5.6,5.57,5.6,11357
FID,20200115,5.58,5.65,5.58,5.61,7199
FID,20200116,5.61,5.61,5.61,5.61,0
FID,20200117,5.72,5.79,5.61,5.73,4954
FID,20200120,5.63,5.71,5.6,5.71,4141
FID,20200121,5.62,5.7,5.52,5.53,34018
FID,20200122,5.55,5.71,5.55,5.67,6746
FID,20200123,5.65,5.7,5.62,5.65,288
FID,20200124,5.58,5.79,5.58,5.7,10137
FID,20200128,5.69,5.7,5.61,5.7,12809
FID,20200129,5.7,5.7,5.62,5.68,7358
FID,20200130,5.62,5.68,5.61,5.63,6705
FID,20200203,5.62,5.65,5.51,5.51,12367
FID,20200204,5.59,5.6,5.59,5.6,5047
FID,20200205,5.63,5.63,5.63,5.63,801
FID,20200210,5.79,5.89,5.77,5.77,12915
FID,20200211,5.82,5.94,5.81,5.81,20063
FID,20200212,5.82,6,5.82,6,25532
FID,20200213,6,6,5.75,5.9,22389
FID,20200214,5.85,6.12,5.85,6.06,19605
FID,20200217,6.15,6.27,6,6,42337
FID,20200218,6,6.02,6,6,24363
FID,20200219,6.05,6.08,6,6.02,73657
FID,20200220,6.03,6.17,6.02,6.07,7111
FID,20200221,6.16,6.17,6.07,6.08,3779
FID,20200224,6.15,6.15,5.85,5.85,40436
FID,20200225,5.72,5.97,5.6,5.8,33041
FID,20200226,5.72,5.72,5.56,5.61,34114
FID,20200227,5.6,5.71,5.56,5.61,59745
FID,20200228,5.5,5.5,5.21,5.25,85273
FID,20200302,5.2,5.25,4.76,5.2,119095
FID,20200303,5.3,5.42,5.3,5.35,39002
FID,20200304,5.25,5.25,5.07,5.07,18097
FID,20200305,5.2,5.2,4.98,4.98,89678
FID,20200306,4.98,5.12,4.9,4.95,27673
FID,20200309,4.92,4.95,4.52,4.67,94094
FID,20200310,4.61,5.09,4.4,4.61,51969
FID,20200311,4.7,4.99,4.66,4.99,35590
FID,20200312,4.99,4.99,4.41,4.41,48218
FID,20200313,4.4,4.45,4.02,4.45,50694
FID,20200316,4.65,4.65,4.16,4.4,53196
FID,20200317,4.11,4.4,4.1,4.4,41873
FID,20200318,4.4,4.4,4.01,4.12,45903
FID,20200319,4.07,4.08,3.74,3.74,73240
FID,20200320,3.72,3.77,3.66,3.7,74374
FID,20200323,3.5,3.5,3,3.11,114505
FID,20200324,3.11,3.5,3.1,3.5,41713
FID,20200325,3.51,4.05,3.51,3.9,52053
FID,20200326,4,4.01,3.85,3.85,47574
FID,20200327,4.1,4.46,4,4,81358
FID,20200330,3.93,4,3.72,3.72,46625
FID,20200331,3.86,4.45,3.86,4.35,46773
FID,20200401,4.37,4.5,4.35,4.5,22150
FID,20200402,4.3,4.57,4.3,4.56,18715
FID,20200403,4.5,4.5,4.21,4.21,20486
FID,20200406,4.4,4.57,4.3,4.3,43945
FID,20200407,4.5,4.55,4.37,4.38,3787
FID,20200408,4.38,4.43,4.3,4.38,31570
FID,20200409,4.45,4.45,4.21,4.25,19790
FID,20200414,4.28,4.52,4.21,4.52,27887
FID,20200415,4.55,4.55,4.36,4.4,10888
FID,20200416,4.3,4.3,4.25,4.3,16707
FID,20200417,4.3,4.55,4.28,4.55,14413
FID,20200420,4.55,4.55,4.38,4.44,2416
FID,20200421,4.54,4.54,4.32,4.32,17759
FID,20200422,4.32,4.41,4.25,4.41,21557
FID,20200423,4.5,4.5,4.37,4.48,5222
FID,20200424,4.45,4.45,4.37,4.38,4862
FID,20200427,4.35,4.35,4.26,4.27,10184
FID,20200428,4.28,4.32,4.19,4.2,52313
FID,20200429,4.38,4.38,4.37,4.38,8753
FID,20200430,4.44,4.61,4.44,4.61,14803
FID,20200501,4.59,4.59,4.45,4.45,10213
FID,20200504,4.52,4.52,4.5,4.52,4137
FID,20200505,4.53,4.53,4.43,4.5,24003
FID,20200506,4.52,4.52,4.51,4.52,8575
FID,20200507,4.47,4.74,4.47,4.48,332
FID,20200508,4.5,4.59,4.5,4.59,485
FID,20200511,4.74,4.78,4.55,4.78,8730
FID,20200512,4.78,4.78,4.75,4.78,5894
FID,20200513,4.68,4.78,4.66,4.78,20160
FID,20200514,4.78,4.85,4.68,4.69,9837
FID,20200515,4.69,4.9,4.69,4.9,677
FID,20200518,4.8,4.85,4.7,4.85,6879
FID,20200519,4.85,4.85,4.85,4.85,0
FID,20200520,4.84,4.84,4.78,4.78,1786
FID,20200521,4.85,5.06,4.85,4.97,10112
FID,20200522,5.12,5.12,4.93,4.95,4913
FID,20200525,5.12,5.14,5.12,5.14,1892
FID,20200526,5.09,5.09,4.94,5.07,9125
FID,20200527,5.14,5.28,5.14,5.28,14139
FID,20200528,5.25,5.31,5.25,5.31,30266
FID,20200529,5.29,5.38,5.29,5.3,18004
FID,20200601,5.29,5.29,5.1,5.26,6064
FID,20200602,5.26,5.27,5.24,5.24,7279
FID,20200603,5.1,5.37,5.07,5.36,17150
FID,20200604,5.33,5.36,5.3,5.3,2403
FID,20200605,5.3,5.33,5.18,5.25,15468
FID,20200609,5.24,5.38,5.24,5.37,30301
FID,20200610,5.37,5.42,5.2,5.31,20555
FID,20200611,5.42,5.42,5.06,5.06,17192
FID,20200612,4.95,5.17,4.85,5.17,13196
FID,20200615,5.25,5.25,4.99,4.99,14272
FID,20200616,5.11,5.13,5.01,5.13,7193
FID,20200617,5.09,5.15,5.09,5.15,15504
FID,20200618,5.14,5.15,4.92,4.92,4989
FID,20200619,5.13,5.15,5.02,5.05,12065
FID,20200622,5.01,5.01,4.98,4.98,4199
FID,20200623,5,5.12,4.99,4.99,6960
FID,20200624,5,5.02,4.91,4.91,17743
FID,20200625,4.9,5,4.86,4.96,4825
FID,20200626,4.95,4.95,4.91,4.91,5216
FID,20200629,4.89,4.91,4.86,4.86,17349
FID,20200630,4.92,5,4.89,5,7269
FID,20200701,4.9,4.9,4.87,4.87,4091
FID,20200702,4.96,5,4.96,4.96,5162
FID,20200703,5,5,4.95,5,2980
FID,20200706,4.96,5.025,4.95,4.95,24015
FID,20200707,4.99,5,4.99,4.99,5769
FID,20200708,5,5.02,4.95,4.98,26002
FID,20200709,4.98,5,4.96,4.98,14997
FID,20200710,4.98,4.98,4.95,4.97,7699
FID,20200713,4.95,4.95,4.85,4.85,21769
FID,20200714,4.9,4.9,4.88,4.88,6558
FID,20200715,4.83,4.94,4.8,4.93,11296
FID,20200716,4.84,4.97,4.84,4.9,13520
FID,20200717,4.91,4.96,4.91,4.96,3223
FID,20200720,4.89,4.89,4.89,4.89,216
FID,20200721,4.96,4.96,4.85,4.85,22585
FID,20200722,4.96,4.96,4.96,4.96,4167
FID,20200723,4.95,4.98,4.92,4.96,23601
FID,20200724,4.92,4.95,4.85,4.9,6666
FID,20200727,4.88,4.91,4.81,4.91,23659
FID,20200728,4.81,4.84,4.75,4.82,43460
FID,20200729,4.81,4.82,4.81,4.81,10245
FID,20200730,4.81,4.81,4.76,4.8,11143
FID,20200731,4.81,4.82,4.8,4.82,15694
FID,20200803,4.78,4.8,4.76,4.76,9221
FID,20200804,4.76,4.78,4.75,4.78,21730
FID,20200805,4.75,4.78,4.75,4.78,426
FID,20200806,4.78,4.82,4.74,4.82,19029
FID,20200807,4.82,4.92,4.82,4.88,32146
FID,20200810,4.87,4.9,4.84,4.85,18162
FID,20200811,4.85,4.9,4.85,4.9,19349
FID,20200812,4.9,4.94,4.88,4.94,53332
FID,20200813,4.94,4.96,4.92,4.95,39068
FID,20200814,4.97,5.1,4.91,5.1,67839
FID,20200817,5.25,5.99,5.25,5.86,75628
FID,20200818,5.85,6.17,5.84,6.14,44773
FID,20200819,6.17,6.27,6,6.06,19065
FID,20200820,6.08,6.18,6.07,6.18,2736
FID,20200821,6.17,6.18,6.12,6.12,6660
FID,20200824,6.19,6.19,5.78,5.78,22471
FID,20200825,5.78,5.78,5.78,5.78,0
FID,20200826,5.85,5.9,5.58,5.83,23912
FID,20200827,5.83,5.9,5.68,5.69,8959
FID,20200828,5.65,5.77,5.55,5.55,1752
FID,20200831,5.55,5.55,5.4,5.55,13001
FID,20200901,5.57,5.86,5.56,5.76,7256
FID,20200902,5.49,5.79,5.49,5.61,10666
FID,20200903,5.7,5.78,5.53,5.78,2145
FID,20200904,5.67,5.86,5.6,5.74,18167
FID,20200907,5.62,5.75,5.57,5.75,13608
FID,20200908,5.71,5.78,5.59,5.77,33548
FID,20200909,5.62,5.75,5.56,5.75,24557
FID,20200910,5.69,5.69,5.55,5.64,3162
FID,20200911,5.62,5.72,5.55,5.64,14623
FID,20200914,5.75,5.78,5.5,5.6,27745
FID,20200915,5.76,5.76,5.73,5.73,387
FID,20200916,5.71,5.71,5.58,5.65,9836
FID,20200917,5.78,5.78,5.7,5.75,2965
FID,20200918,5.72,5.74,5.65,5.65,4432
FID,20200921,5.77,5.77,5.63,5.75,356
FID,20200922,5.61,5.62,5.55,5.61,4365
FID,20200923,5.61,5.7,5.52,5.62,11449
FID,20200924,5.73,5.73,5.51,5.62,6349
FID,20200925,5.66,5.74,5.63,5.73,9932
FID,20200928,5.73,5.73,5.6,5.6,9151
FID,20200929,5.6,5.6,5.6,5.6,0
FID,20200930,5.54,5.6,5.5,5.6,21457
FID,20201001,5.6,5.7,5.6,5.66,11050
FID,20201002,5.6,5.66,5.59,5.59,1237
FID,20201005,5.66,5.66,5.61,5.61,3333
FID,20201006,5.67,5.71,5.67,5.71,871
FID,20201007,5.7,5.71,5.58,5.71,16031
FID,20201008,5.65,5.7,5.65,5.68,2206
FID,20201009,5.71,5.71,5.64,5.65,4290
FID,20201012,5.7,5.78,5.62,5.62,11521
FID,20201013,5.66,5.7,5.66,5.67,5519
FID,20201014,5.7,5.74,5.69,5.69,19952
FID,20201015,5.74,5.74,5.63,5.74,9187
FID,20201016,5.65,5.7,5.62,5.7,13848
FID,20201019,5.69,5.72,5.67,5.72,14362
FID,20201020,5.7,5.72,5.7,5.72,10561
FID,20201021,5.69,5.69,5.69,5.69,545
FID,20201022,5.61,5.62,5.5,5.59,53506
FID,20201023,5.48,5.56,5.48,5.52,12328
FID,20201026,5.51,5.6,5.48,5.6,11605
FID,20201027,5.59,5.6,5.59,5.59,3547
FID,20201028,5.55,5.6,5.53,5.59,6962
FID,20201029,5.52,5.52,5.42,5.47,28082
FID,20201030,5.48,5.48,5.43,5.43,6051
FID,20201102,5.43,5.48,5.4,5.48,37902
FID,20201103,5.41,5.48,5.41,5.47,2649
FID,20201104,5.47,5.48,5.47,5.48,9827
FID,20201105,5.48,5.49,5.48,5.49,8229
FID,20201106,5.49,5.49,5.46,5.46,2096
FID,20201109,5.46,5.53,5.45,5.53,44439
FID,20201110,5.53,5.69,5.53,5.69,14671
FID,20201111,5.69,5.79,5.69,5.75,36812
FID,20201112,5.74,5.8,5.71,5.79,11677
FID,20201113,5.79,5.79,5.78,5.79,10358
FID,20201116,5.79,5.79,5.79,5.79,0
FID,20201117,5.78,5.78,5.7,5.7,7283
FID,20201118,5.7,5.8,5.7,5.8,2578
FID,20201120,5.99,5.99,5.93,5.97,2025
FID,20201123,5.98,5.98,5.88,5.95,15845
FID,20201124,5.85,5.92,5.79,5.8,5410
FID,20201125,5.89,5.91,5.72,5.72,12286
FID,20201126,5.77,5.78,5.77,5.77,1618
FID,20201127,5.77,5.85,5.75,5.75,4972
FID,20201130,5.8,5.92,5.8,5.92,3574
FID,20201201,5.9,5.92,5.79,5.79,6944
FID,20201202,5.8,5.81,5.7,5.81,17394
FID,20201203,5.8,5.85,5.72,5.85,23545
FID,20201204,5.83,5.84,5.83,5.84,2745
FID,20201207,5.82,5.85,5.82,5.85,21849
FID,20201208,5.82,5.84,5.65,5.78,10914
FID,20201209,5.78,5.82,5.78,5.8,6518
FID,20201210,5.85,5.85,5.8,5.85,42997
FID,20201211,5.8,5.85,5.78,5.85,25960
FID,20201214,5.85,5.85,5.8,5.8,1227
FID,20201215,5.78,5.85,5.78,5.85,6555
FID,20201216,5.79,5.8,5.76,5.8,4671
FID,20201217,5.79,5.85,5.79,5.85,6653
FID,20201218,5.85,5.91,5.85,5.91,6757
FID,20201221,5.87,5.95,5.87,5.935,3527
FID,20201222,5.935,5.935,5.935,5.935,0
FID,20201224,6.16,6.16,6.16,6.16,0
FID,20201229,6.1,6.2,6.1,6.2,15634
FID,20201230,6.2,6.2,6.15,6.2,4093
FID,20201231,6.2,6.2,6.2,6.2,0
FID,20210104,5.77,6.19,5.77,6.07,3797
FID,20210105,6.02,6.15,6.02,6.15,8817
FID,20210106,6.13,6.13,6.01,6.01,3231
FID,20210107,6.14,6.23,6.13,6.23,8325
FID,20210108,6.24,6.4,6.24,6.37,5937
FID,20210111,6.47,6.47,6.47,6.47,444
FID,20210112,6.44,6.44,6.13,6.2,4856
FID,20210113,6.36,6.39,6.29,6.33,8255
FID,20210114,6.4,6.48,6.38,6.45,26912
FID,20210115,6.45,6.45,6.44,6.44,20400
FID,20210118,6.45,6.45,6.45,6.45,196
FID,20210119,6.45,6.48,6.42,6.43,1493
FID,20210120,6.43,6.43,6.11,6.12,19074
FID,20210121,6.32,6.32,6.1,6.1,12489
FID,20210122,6.1,6.1,6.1,6.1,0
FID,20210125,6.28,6.33,6.11,6.33,9435
FID,20210127,6.33,6.33,6.27,6.33,28178
FID,20210128,6.32,6.32,6.1,6.1,5078
FID,20210129,6.11,6.14,6.11,6.12,1581
FID,20210201,6.11,6.14,5.95,6.02,15718
FID,20210203,6.1,6.2,6.1,6.2,4723
FID,20210204,6.2,6.2,6.2,6.2,0
FID,20210205,6.26,6.26,6.18,6.18,6149
FID,20210208,6.18,6.3,6.17,6.3,3821
FID,20210209,6.15,6.24,6.1,6.23,364
FID,20210210,6.2,6.24,6.14,6.24,1280
FID,20210211,6.21,6.21,6.2,6.2,5652
FID,20210212,6.24,6.4,6.24,6.3,11070
FID,20210215,6.21,6.25,6.1,6.15,31327
FID,20210216,6.25,6.25,6.16,6.16,29286
FID,20210217,6.19,6.2,6.1,6.1,5342
FID,20210218,6.1,6.15,6.01,6.1,32684
FID,20210219,6.1,6.1,5.98,6.01,15919
FID,20210222,5.98,6.05,5.9,5.9,14816
FID,20210223,5.85,6.08,5.85,6.05,30265
FID,20210224,6.05,6.05,5.96,5.96,1707
FID,20210225,5.96,6.1,5.9,5.97,27368
FID,20210226,5.8,5.85,5.5,5.7,41291
FID,20210301,5.7,5.8,5.7,5.8,5913
FID,20210302,5.8,5.85,5.8,5.8,3120
FID,20210303,5.95,6,5.75,5.96,5628
FID,20210304,5.9,6,5.76,5.85,15939
FID,20210305,5.85,5.85,5.66,5.81,12051
FID,20210308,5.8,5.81,5.76,5.76,13463
FID,20210309,5.77,5.88,5.76,5.86,24943
FID,20210310,6,6.23,6,6.04,15467
FID,20210311,6,6.23,6,6.04,15467
FID,20210312,6.2,6.24,6.04,6.04,6288
FID,20210315,6.21,6.24,6.13,6.24,2455
FID,20210316,6.08,6.22,6.04,6.04,1550
FID,20210317,6.25,6.28,6.06,6.28,31644
FID,20210318,6.23,6.23,6.23,6.23,1600
FID,20210319,6.23,6.23,6.23,6.23,0
FID,20210322,6.05,6.14,6.03,6.14,4152
FID,20210323,6.05,6.07,6.04,6.07,5684
FID,20210324,6.07,6.12,6.07,6.12,1385
FID,20210325,6.08,6.14,6.07,6.07,8816
FID,20210329,6.24,6.25,6.24,6.25,320
FID,20210330,6.25,6.25,6.1,6.1,4411
FID,20210331,6.15,6.22,6.11,6.21,4307
FID,20210401,6.23,6.23,6.1,6.1,1230
FID,20210406,6.14,6.35,6.13,6.35,24054
FID,20210407,6.35,6.35,6.34,6.35,46
FID,20210408,6.35,6.35,6.22,6.22,2300
FID,20210409,6.22,6.22,6.15,6.21,4403
FID,20210412,6.21,6.3,6.17,6.17,3818
FID,20210413,6.3,6.4,6.18,6.35,29060
FID,20210414,6.35,6.43,6.35,6.43,20385
FID,20210415,6.43,6.43,6.43,6.43,0
FID,20210416,6.8,6.84,6.48,6.84,25428
FID,20210419,6.8,6.94,6.79,6.94,6513
FID,20210420,6.95,6.95,6.6,6.6,6047
FID,20210421,6.6,6.6,6.6,6.6,0
FID,20210422,6.69,6.69,6.64,6.69,5380
FID,20210423,6.89,6.9,6.77,6.79,2433
FID,20210426,6.75,6.84,6.7,6.7,2566
FID,20210427,6.64,6.77,6.62,6.62,3188
FID,20210428,6.7,6.81,6.62,6.67,10187
FID,20210429,6.84,6.88,6.8,6.88,22200
FID,20210430,6.93,6.93,6.69,6.75,49765
FID,20210503,6.9,6.95,6.77,6.86,14082
FID,20210504,6.76,6.76,6.75,6.75,2363
FID,20210505,6.83,6.86,6.74,6.8,911
FID,20210506,6.73,6.95,6.66,6.95,13057
FID,20210507,6.95,6.95,6.68,6.79,2531
FID,20210510,6.68,6.68,6.68,6.68,5397
FID,20210511,6.7,6.8,6.66,6.8,33501
FID,20210512,6.71,6.78,6.68,6.68,6202
FID,20210513,6.7,6.74,6.66,6.74,7286
FID,20210514,6.82,6.88,6.68,6.88,2425
FID,20210517,6.88,6.92,6.83,6.83,3433
FID,20210518,6.85,6.85,6.77,6.77,6781
FID,20210519,6.75,6.75,6.7,6.7,18700
FID,20210520,6.75,6.75,6.64,6.75,4687
FID,20210521,6.7,6.75,6.64,6.75,2500
FID,20210524,6.77,6.77,6.62,6.64,14075
FID,20210525,6.65,6.87,6.65,6.86,11931
FID,20210526,6.88,6.88,6.69,6.75,9022
FID,20210527,6.85,6.85,6.5,6.79,46332
FID,20210528,6.8,6.8,6.5,6.63,23024
FID,20210531,6.7,6.7,6.63,6.7,6014
FID,20210601,6.68,6.8,6.61,6.61,5810
FID,20210602,6.7,6.7,6.7,6.7,387
FID,20210603,6.79,6.79,6.53,6.78,6987
FID,20210604,6.75,6.77,6.58,6.71,2439
FID,20210607,6.77,6.83,6.7,6.7,24728
FID,20210609,6.79,6.79,6.7,6.72,4555
FID,20210610,6.785,6.83,6.76,6.76,2572
FID,20210611,6.82,6.83,6.8,6.8,1726
FID,20210615,6.8,6.86,6.72,6.86,12184
FID,20210616,6.84,6.89,6.8,6.82,17418
FID,20210617,6.74,6.84,6.74,6.83,5551
FID,20210618,6.95,6.95,6.83,6.83,2814
FID,20210621,6.73,6.73,6.73,6.73,788
FID,20210622,6.72,6.96,6.61,6.96,14099
FID,20210623,7,7,6.7,6.9,485
FID,20210625,6.77,6.99,6.7,6.7,8890
FID,20210628,6.7,7.48,6.7,7.22,11153
FID,20210629,7.22,7.22,7.22,7.22,0
FID,20210630,7.08,7.08,6.7,6.7,4272
FID,20210701,7.42,7.42,6.7,6.7,1498
FID,20210705,6.84,6.85,6.7,6.8,7022
FID,20210706,6.84,6.85,6.78,6.79,16634
FID,20210707,6.79,6.8,6.78,6.78,2782
FID,20210708,6.88,6.93,6.78,6.78,1636
FID,20210709,6.78,6.78,6.78,6.78,0
FID,20210712,6.8,6.83,6.78,6.83,21831
FID,20210714,6.88,7.22,6.87,7.04,290012
FID,20210715,7.17,7.2,7.04,7.15,5510
FID,20210716,7.08,7.29,7.01,7.29,11961
FID,20210719,7.29,7.29,7,7,8185
FID,20210720,7.22,7.22,7,7.12,2197
FID,20210723,7,7,6.8,6.8,1149
FID,20210726,7.08,7.1,7.06,7.06,23613
FID,20210727,7.16,7.16,7.06,7.06,319
FID,20210728,7.06,7.3,7.06,7.28,3404
FID,20210729,7.29,7.29,7.1,7.12,5883
FID,20210730,7.3,7.33,7.1,7.1,1155
FID,20210802,7.33,7.33,7.33,7.33,4670
FID,20210803,7.33,7.59,7.15,7.59,2253
FID,20210804,7.7,8,7.7,7.95,3254
FID,20210805,7.94,7.95,7.73,7.83,14833
FID,20210806,7.9,7.93,7.73,7.73,1657
FID,20210809,7.93,7.93,7.74,7.74,1935
FID,20210810,7.89,7.9,7.74,7.74,2355
FID,20210811,7.74,7.9,7.74,7.9,1307
FID,20210812,7.93,8,7.75,7.75,14162
FID,20210813,7.94,7.95,7.86,7.95,2015
FID,20210819,8.45,8.45,8.3,8.45,3230
FID,20210820,8.45,8.45,8.37,8.45,1576
FID,20210823,8.45,8.49,8.2,8.4,4980
FID,20210824,8.4,8.4,8.38,8.4,2962
FID,20210825,8.4,8.45,8.4,8.41,1453
FID,20210826,8.45,8.45,8.2,8.45,1499
FID,20210827,8.51,8.65,8.5,8.57,10651
FID,20210830,8.48,8.49,8.3,8.48,2732
FID,20210831,8.36,8.44,8.36,8.44,1251
FID,20210901,8.4,8.44,8.4,8.44,405
FID,20210902,8.44,8.44,8.21,8.39,3607
FID,20210903,8.35,8.35,8.06,8.29,1950
FID,20210906,8.3,8.3,8.2,8.2,790
FID,20210907,8.06,8.06,7.8,7.8,8779
FID,20210908,7.87,8.05,7.59,7.69,20807
FID,20210909,7.81,8,7.8,8,5501
FID,20210910,8,8,7.72,7.72,6909
FID,20210913,7.71,7.72,7.61,7.65,7305
FID,20210914,7.78,7.78,7.75,7.75,7450
FID,20210915,7.925,7.925,7.59,7.59,7733
FID,20210916,7.58,7.58,7.4,7.41,12388
FID,20210917,7.42,7.69,7.41,7.69,4816
FID,20210920,7.44,7.69,7.44,7.5,3077
FID,20210922,7.5,7.6,7.5,7.6,5020
FID,20210923,7.6,7.65,7.5,7.65,1664
FID,20210924,7.62,7.75,7.6,7.61,8482
FID,20210927,7.55,7.78,7.5,7.78,11998
FID,20210928,7.78,7.78,7.78,7.78,0
FID,20210929,7.5,7.6,7.5,7.6,2453
FID,20210930,7.6,7.695,7.41,7.6,8232
FID,20211001,7.6,7.6,7.49,7.6,459
FID,20211004,7.6,8.05,7.55,8.05,22873
FID,20211005,8.05,8.14,8.05,8.1,11179
FID,20211006,8.09,8.23,8,8.23,12816
FID,20211007,8.01,8.26,8.01,8.26,3511
FID,20211008,8.35,8.38,8.19,8.26,9058
FID,20211011,8.22,8.37,8.1,8.2,4987
FID,20211012,8.22,8.37,8.1,8.2,4987
FID,20211013,8.38,8.4,8.21,8.4,4268
FID,20211014,8.4,8.4,8.4,8.4,315
FID,20211019,8.5,8.52,8.5,8.5,2647
FID,20211020,8.5,8.5,8.42,8.5,5904
FID,20211021,8.46,8.57,8.42,8.57,7464
FID,20211022,8.45,9,8.45,9,18330
FID,20211025,9,9.03,8.59,8.59,6398
FID,20211026,8.9,8.9,8.6,8.6,51136
FID,20211028,8.6,8.9,8.6,8.805,16357
FID,20211029,8.89,8.895,8.74,8.74,13514
FID,20211101,8.81,8.85,8.74,8.8,11509
FID,20211102,8.82,8.85,8.78,8.85,893
FID,20211103,8.84,8.9,8.76,8.81,34468
FID,20211104,8.9,8.91,8.77,8.77,12181
FID,20211105,8.89,8.89,8.76,8.76,10590
FID,20211109,8.76,8.805,8.72,8.805,4734
FID,20211110,8.88,8.88,8.6,8.8,13543
FID,20211112,8.53,8.65,8.34,8.38,15386
FID,20211115,8.38,8.61,8.38,8.6,2284
FID,20211116,8.38,8.54,8.15,8.2,4925
FID,20211117,8.28,8.28,8.2,8.23,3949
FID,20211118,8.26,8.3,8.2,8.28,15858
FID,20211119,8.2,8.59,8.07,8.59,7087
FID,20211122,8.52,8.52,8.3,8.3,6642
FID,20211123,8.27,8.45,8.27,8.42,28820
FID,20211124,8.42,8.44,8.41,8.42,763
FID,20211125,8.4,8.5,8.39,8.46,37930
FID,20211126,8.49,8.555,8.35,8.49,6378
FID,20211129,8.2,8.47,8.2,8.44,4424
FID,20211130,8.44,8.44,8.26,8.43,1384
FID,20211201,8.3,8.4,8.2,8.4,4315
FID,20211202,8.25,8.4,8.25,8.38,1214
FID,20211203,8.25,8.38,8.16,8.29,3823
FID,20211206,8.39,8.4,8.29,8.35,31267
FID,20211207,8.25,8.27,8.17,8.27,20161
FID,20211208,8.35,8.35,8.35,8.35,36219
FID,20211209,8.38,8.39,8.35,8.365,1841
FID,20211210,8.27,8.39,8.27,8.375,1137
FID,20211213,8.355,8.4,8.3,8.4,10074
FID,20211214,8.3,8.3,8.3,8.3,49
FID,20211216,8.35,8.42,8.31,8.42,21532
FID,20211217,8.375,8.4,8.3,8.35,3218
FID,20211220,8.35,8.4,8.34,8.4,1177
FID,20211221,8.4,8.42,8.4,8.4,27129
FID,20211222,8.4,8.42,8.23,8.41,9726
FID,20211223,8.23,8.45,8.23,8.45,5585
FID,20211224,8.45,8.45,8.45,8.45,5146
FID,20211229,8.45,8.5,8.36,8.44,3164
FID,20211230,8.5,8.5,8.25,8.49,1521
FID,20211231,8.5,8.54,8.43,8.43,3578
FID,20220104,8.5,8.6,8.27,8.43,2798
FID,20220105,8.5,8.78,8.43,8.43,5274
FID,20220106,8.36,8.45,8.35,8.44,2782
FID,20220107,8.44,8.485,8.3,8.3,5054
FID,20220110,8.3,8.5,8.3,8.46,2317
FID,20220111,8.4,8.5,8.39,8.5,1645
FID,20220112,8.39,8.39,8.31,8.35,1032
FID,20220113,8.31,8.39,8.17,8.17,22916
FID,20220114,8.3,8.43,8.25,8.25,4922
FID,20220117,8.4,8.4,8.26,8.26,7530
FID,20220118,8.5,8.5,8.27,8.31,7059
FID,20220119,8.17,8.31,8.17,8.29,27365
FID,20220120,8.3,8.31,8.17,8.17,9004
FID,20220121,8.31,8.31,7.83,7.84,8256
FID,20220124,8,8,7.56,7.56,14771
FID,20220125,7.6,7.6,7.1,7.12,31235
FID,20220127,7.22,7.22,7.11,7.17,4455
FID,20220128,7.17,7.17,7.17,7.17,0
FID,20220131,7.36,7.37,7.3,7.36,3640
FID,20220201,7.74,7.75,7.65,7.65,6314
FID,20220202,7.75,8,7.75,7.75,4444
FID,20220203,7.99,7.99,7.8,7.94,3105
FID,20220204,8,8,7.91,8,395
FID,20220207,8,8,7.95,8,164
FID,20220208,7.99,8,7.68,8,1950
FID,20220209,8,8,7.8,7.8,5002
FID,20220210,7.8,8,7.8,8,4547
FID,20220211,8,8,7.95,8,1101
FID,20220214,7.95,8.18,7.95,8.1,29865
FID,20220215,8.18,8.18,8,8.01,12766
FID,20220216,8.05,8.16,8.02,8.03,1342
FID,20220217,8.24,8.28,8.07,8.25,452
FID,20220218,8.25,8.3,8.21,8.3,2878
FID,20220221,8.3,8.3,8.16,8.19,2588
FID,20220222,8.18,8.29,8.12,8.29,4274
FID,20220223,8.29,8.42,8.15,8.15,19415
FID,20220224,8.15,8.2,8,8.12,59027
FID,20220225,8.11,8.11,8.11,8.11,2
FID,20220228,8.15,8.32,7.99,8.1,47266
FID,20220301,7.83,8.19,7.83,8.19,59
FID,20220302,8.16,8.19,8.16,8.19,896
FID,20220303,8,8.05,8,8,1751
FID,20220304,8,8.19,7.94,8.1,10226
FID,20220307,8.15,8.15,7.8,7.8,21979
FID,20220308,7.83,7.84,7.21,7.4,36834
FID,20220309,7.49,7.99,7.38,7.99,23169
FID,20220310,7.99,7.99,7.6,7.85,2778
FID,20220311,7.98,8.18,7.59,8.05,35425
FID,20220314,8.05,8.2,8.05,8.2,14906
FID,20220315,8.2,8.2,8.2,8.2,0
FID,20220316,0,0,0,0,0
FID,20220317,8,8.24,8,8,16743
FID,20220318,8.24,8.24,8,8,4085
FID,20220321,7.77,8.24,7.77,8.24,6242
FID,20220322,8.24,8.25,8.24,8.25,1763
FID,20220323,8.25,8.3,8.18,8.27,5216
FID,20220324,8.27,8.27,8.27,8.27,0
FID,20220325,8.27,8.48,8.27,8.48,2776
FID,20220328,8.01,8.4,8,8.4,2294
FID,20220329,8.4,8.4,8.4,8.4,0
FID,20220330,8.47,8.48,8.35,8.48,5954
FID,20220331,8.6,8.6,8.53,8.53,1702
FID,20220401,8.62,8.62,8.62,8.62,0
FID,20220404,8.62,8.62,8.61,8.62,454
FID,20220405,8.62,8.7,8.62,8.7,1063
FID,20220406,8.7,8.7,8.52,8.55,305
FID,20220407,8.55,8.55,8.4,8.41,5204
FID,20220408,8.49,8.49,8.08,8.4,11916
FID,20220411,8.21,8.4,8.01,8.4,13522
FID,20220412,8.4,8.4,8.4,8.4,0
FID,20220413,8.32,8.39,7.87,8.06,19942
FID,20220414,8.38,8.4,8.15,8.3,3822
FID,20220419,8.3,8.3,8.3,8.3,0
FID,20220420,8.12,8.2,7.99,8.2,12165
FID,20220421,8.12,8.2,7.99,8.2,12165
FID,20220422,8.02,8.19,7.98,7.98,5668
FID,20220426,8,8.15,7.98,7.99,2304
FID,20220427,8,8.03,7.91,8,4659
FID,20220428,8,8,7.86,7.86,4327
FID,20220429,7.87,7.99,7.87,7.95,3273
FID,20220502,7.9,8,7.72,7.82,26854
FID,20220503,7.84,7.87,7.72,7.87,4322
FID,20220504,7.88,7.88,7.74,7.85,1193
FID,20220505,7.85,7.86,7.78,7.78,1535
FID,20220506,7.75,7.75,7.61,7.66,8943
FID,20220509,7.71,7.71,7.62,7.62,8528
FID,20220510,7.6,7.6,7.55,7.58,8574
FID,20220511,7.5,7.55,7.45,7.45,7359
FID,20220512,7.45,7.47,7.28,7.28,12553
FID,20220513,7.3,7.52,7.3,7.52,1856
FID,20220516,7.52,7.56,7.4,7.51,3656
FID,20220517,7.52,7.52,7.32,7.32,7094
FID,20220518,7.35,7.5,7.34,7.34,7840
FID,20220519,7.29,7.55,7.29,7.31,9053
FID,20220520,7.31,7.55,7.31,7.5,8072
FID,20220523,7.49,7.59,7.435,7.59,7422
FID,20220524,7.58,7.58,7.58,7.58,617
FID,20220525,7.48,7.55,7.48,7.48,2859
FID,20220526,7.48,7.58,7.48,7.58,5689
FID,20220527,7.57,7.57,7.41,7.41,2456
FID,20220530,7.42,7.51,7.335,7.42,25020
FID,20220531,7.4,7.42,7.4,7.4,3930
FID,20220601,7.48,7.48,7.36,7.48,693
FID,20220602,7.4,7.46,7.35,7.35,5553
FID,20220603,7.43,7.45,7.35,7.35,13444
FID,20220606,7.29,7.35,7.27,7.35,6275
FID,20220607,7.4,7.4,7.4,7.4,4197
FID,20220608,7.37,7.4,7.2,7.4,8178
FID,20220609,7.21,7.21,7.15,7.2,5373
FID,20220610,7.2,7.21,7.15,7.16,3366
FID,20220614,7.1,7.1,6.9,7.09,17309
FID,20220615,7.1,7.24,6.85,6.85,7828
FID,20220616,6.98,6.99,6.92,6.99,5752
FID,20220617,6.86,7,6.86,6.95,2054
FID,20220620,6.86,6.86,6.7,6.7,9414
FID,20220621,6.85,7.185,6.85,6.85,3358
FID,20220622,6.85,6.92,6.71,6.71,7944
FID,20220623,6.75,6.75,6.74,6.74,2053
FID,20220624,6.91,7.1,6.91,7.1,9622
FID,20220627,7.1,7.47,7.1,7.46,9283
FID,20220628,7.12,7.12,7.1,7.1,950
FID,20220629,7.11,7.11,7.1,7.1,3889
FID,20220630,7.41,7.41,7.23,7.29,385
FID,20220701,7.2,7.4,7.2,7.4,1426
FID,20220704,7.3,7.3,7.29,7.29,3868
FID,20220705,7.25,7.25,6.95,7.03,5573
FID,20220706,7.1,7.47,7.1,7.45,686
FID,20220707,7.11,7.11,7.1,7.11,1277
FID,20220708,7.28,7.5,7.28,7.5,12409
FID,20220711,7.29,7.29,7.25,7.25,742
FID,20220712,7.25,7.25,7.15,7.24,1467
FID,20220713,7.24,7.24,6.98,6.98,515
FID,20220714,7.01,7.25,7.01,7.25,2238
FID,20220715,7.25,7.25,6.95,6.95,2891
FID,20220718,7.1,7.1,6.95,6.95,6227
FID,20220719,6.96,7.25,6.96,7.25,1068
FID,20220720,7.225,7.25,7.225,7.25,3290
FID,20220721,7.1,7.1,7.05,7.06,3094
FID,20220722,7.07,7.17,7,7.06,3487
FID,20220725,7.05,7.05,7.05,7.05,1500
FID,20220726,7.08,7.1,7.07,7.1,2017
FID,20220727,7.07,7.07,7,7.02,5499
FID,20220728,7.05,7.11,7.035,7.1,14054
FID,20220729,7.1,7.25,7.09,7.25,13711
FID,20220801,7.25,7.27,7.09,7.09,3279
FID,20220802,7.39,7.39,7.35,7.35,630
FID,20220803,7.3,7.35,7.18,7.18,16383
FID,20220805,7.12,7.46,7.1,7.42,17899
FID,20220808,7.42,7.46,7.3,7.3,6775
FID,20220809,7.21,7.47,7.16,7.17,6985
FID,20220810,7.3,7.3,7.12,7.12,6972
FID,20220811,7.17,7.25,7.11,7.15,8563
FID,20220812,7.25,7.25,7.16,7.16,8248
FID,20220815,7.39,7.74,7.39,7.63,24043
FID,20220816,7.59,7.64,7.51,7.63,4141
FID,20220817,7.66,7.81,7.66,7.8,6123
FID,20220818,7.81,7.81,7.7,7.81,925
FID,20220819,7.81,8,7.76,8,58661
FID,20220822,7.87,7.87,7.8,7.8,3543
FID,20220823,7.78,8,7.78,7.82,4039
FID,20220824,7.83,7.83,7.83,7.83,209
FID,20220825,7.83,7.83,7.83,7.83,0
FID,20220826,7.85,7.85,7.83,7.84,4153
FID,20220829,7.78,7.84,7.3,7.83,9715
FID,20220830,7.51,7.775,7.5,7.725,1362
FID,20220831,7.72,7.79,7.57,7.78,10964
FID,20220901,7.75,7.75,7.49,7.49,5032
FID,20220902,7.75,7.75,7.75,7.75,40
FID,20220905,7.73,7.73,7.73,7.73,1723
FID,20220906,7.61,7.69,7.61,7.69,1470
FID,20220907,7.68,7.69,7.42,7.42,10806
FID,20220909,7.5,7.68,7.3,7.68,1122
FID,20220912,7.63,7.63,7.3,7.55,6835
FID,20220913,7.41,7.41,7.41,7.41,191
FID,20220914,7.36,7.48,7.2,7.48,19694
FID,20220915,7.46,7.46,7.23,7.23,160
FID,20220916,7.28,7.45,7,7,8278
FID,20220919,7,7.045,6.81,6.9,5499
FID,20220920,7.02,7.2,6.96,7.04,887
FID,20220921,7.18,7.18,6.9,6.9,1275
