GCI,20180525,2.01,2.02,2,2.01,203400
GCI,20180528,2.01,2.02,2.01,2.01,89336
GCI,20180529,2.01,2.02,2.01,2.01,562363
GCI,20180530,2.01,2.01,2,2,372137
GCI,20180531,2.01,2.01,2.01,2.01,110040
GCI,20180601,2,2.01,2,2.01,99150
GCI,20180604,2.01,2.01,2,2,174250
GCI,20180605,2.01,2.01,2,2.01,166316
GCI,20180606,2.01,2.01,2,2,72350
GCI,20180607,2,2.01,1.99,1.99,148150
GCI,20180608,1.98,2.01,1.98,2.01,8895
GCI,20180612,2.01,2.01,2,2,74568
GCI,20180613,1.995,2.01,1.995,2,50069
GCI,20180614,2,2,2,2,140557
GCI,20180615,2,2.01,2,2.01,229849
GCI,20180618,2,2.01,2,2.01,37445
GCI,20180619,2,2.01,2,2,59640
GCI,20180620,2,2,2,2,93370
GCI,20180621,2.01,2.01,2,2,52350
GCI,20180622,2.01,2.01,2,2,67900
GCI,20180625,2,2.01,2,2.01,173057
GCI,20180626,2,2.01,1.995,2.01,225541
GCI,20180627,2,2.01,2,2,107982
GCI,20180628,2.01,2.01,2,2,69998
GCI,20180629,2.01,2.01,2,2,182391
GCI,20180702,1.99,2.01,1.99,2.01,41350
GCI,20180703,2.01,2.01,2,2,44935
GCI,20180704,2,2.01,2,2.01,221308
GCI,20180705,2,2.01,2,2.01,12700
GCI,20180706,1.99,2.01,1.98,1.98,164004
GCI,20180710,1.99,1.99,1.98,1.99,58724
GCI,20180711,2,2,1.99,2,49264
GCI,20180712,2,2,1.99,2,109992
GCI,20180713,2,2,1.995,2,133000
GCI,20180716,2,2,1.99,1.99,182974
GCI,20180717,2,2,2,2,29950
GCI,20180718,2,2,2,2,74945
GCI,20180719,2,2,1.97,2,97049
GCI,20180720,2,2.01,2,2.01,121979
GCI,20180723,2,2.01,1.99,1.99,110396
GCI,20180724,1.99,1.99,1.98,1.98,40000
GCI,20180725,1.98,2,1.98,1.98,156691
GCI,20180726,2,2.01,2,2,190524
GCI,20180727,2,2.01,1.99,2,56178
GCI,20180730,2,2.01,2,2,167500
GCI,20180731,2.01,2.01,2,2,124850
GCI,20180801,2,2.01,2,2,143350
GCI,20180802,2,2,2,2,0
GCI,20180803,2.01,2.01,2.01,2.01,12300
GCI,20180806,2.01,2.01,2.01,2.01,10000
GCI,20180807,2,2.01,2,2,155650
GCI,20180808,2.01,2.01,2,2,259526
GCI,20180809,2,2,1.995,1.995,64500
GCI,20180810,2,2.01,2,2,69000
GCI,20180813,2,2.01,2,2,55093
GCI,20180814,2,2,2,2,61218
GCI,20180816,2,2.01,2,2.01,157604
GCI,20180817,2.01,2.01,2,2,96190
GCI,20180820,1.99,2,1.98,2,70220
GCI,20180821,2,2.01,2,2,128706
GCI,20180822,2,2,1.98,1.98,118737
GCI,20180823,1.98,2,1.98,2,80800
GCI,20180824,1.99,2,1.99,1.99,117376
GCI,20180827,1.99,2,1.99,2,40644
GCI,20180828,2,2,1.99,2,73492
GCI,20180829,2,2,1.98,1.98,81576
GCI,20180830,1.995,1.995,1.99,1.995,91930
GCI,20180831,1.995,2,1.98,1.995,197555
GCI,20180903,1.995,1.995,1.98,1.98,127865
GCI,20180904,1.985,1.995,1.94,1.995,191530
GCI,20180905,1.995,1.995,1.99,1.99,54233
GCI,20180906,1.96,1.995,1.94,1.995,81864
GCI,20180907,1.995,1.995,1.955,1.96,44651
GCI,20180910,1.96,1.995,1.955,1.99,102918
GCI,20180913,1.995,1.995,1.98,1.98,21124
GCI,20180914,1.98,1.99,1.98,1.99,60210
GCI,20180917,1.99,1.995,1.98,1.98,60931
GCI,20180918,1.98,1.995,1.98,1.995,148427
GCI,20180919,1.995,1.995,1.96,1.97,142500
GCI,20180920,1.965,1.985,1.965,1.985,30000
GCI,20180921,1.985,1.985,1.98,1.98,93575
GCI,20180924,1.985,1.99,1.975,1.98,102304
GCI,20180925,1.995,2,1.985,1.985,69148
GCI,20180926,1.995,2,1.995,2,94906
GCI,20180927,1.985,1.995,1.985,1.99,66477
GCI,20180928,1.99,1.99,1.97,1.97,47000
GCI,20181001,1.97,1.97,1.97,1.97,10000
GCI,20181002,1.98,1.99,1.97,1.97,86598
GCI,20181003,1.99,1.99,1.98,1.99,40256
GCI,20181004,1.99,1.995,1.99,1.995,42367
GCI,20181005,1.995,2,1.985,2,160000
GCI,20181008,1.99,1.99,1.99,1.99,124800
GCI,20181009,1.985,1.99,1.985,1.985,196225
GCI,20181010,1.98,1.985,1.96,1.96,120177
GCI,20181011,1.96,1.995,1.955,1.995,121295
GCI,20181012,1.995,1.995,1.96,1.96,72931
GCI,20181015,1.98,1.99,1.965,1.965,31000
GCI,20181016,1.98,1.98,1.98,1.98,12500
GCI,20181017,1.99,2,1.985,1.995,187675
GCI,20181018,1.995,2,1.99,1.99,79302
GCI,20181019,2,2,1.99,2,148484
GCI,20181022,1.99,1.99,1.985,1.985,144500
GCI,20181023,1.98,1.98,1.98,1.98,94573
GCI,20181024,1.995,1.995,1.975,1.99,85207
GCI,20181025,1.985,1.995,1.985,1.995,132441
GCI,20181026,1.995,2,1.985,2,130978
GCI,20181030,2,2,1.99,2,44962
GCI,20181031,2,2,1.99,2,38343
GCI,20181101,1.99,1.99,1.99,1.99,39007
GCI,20181102,2,2,1.995,2,143025
GCI,20181105,1.995,2,1.99,1.99,92020
GCI,20181106,1.995,1.995,1.995,1.995,4734
GCI,20181107,1.995,2,1.99,2,199652
GCI,20181108,1.995,2,1.995,2,88316
GCI,20181109,2,2,2,2,50000
GCI,20181112,1.995,1.995,1.995,1.995,15000
GCI,20181113,1.995,2,1.995,2,80214
GCI,20181114,2,2,1.99,2,77500
GCI,20181115,1.99,1.995,1.99,1.995,74274
GCI,20181116,1.99,2,1.99,2,77499
GCI,20181119,1.995,2,1.995,2,73413
GCI,20181120,2,2,1.995,2,112825
GCI,20181121,2,2,1.995,2,66000
GCI,20181122,2,2,1.995,2,101250
GCI,20181123,1.997,2,1.995,2,62716
GCI,20181126,1.995,2,1.995,2,20501
GCI,20181127,2,2,1.99,2,280405
GCI,20181128,2,2,1.995,1.995,394212
GCI,20181129,1.99,1.99,1.99,1.99,17052
GCI,20181130,1.99,1.99,1.97,1.97,45479
GCI,20181203,1.99,1.99,1.98,1.985,88696
GCI,20181204,1.99,1.995,1.985,1.99,28688
GCI,20181205,1.995,2,1.995,2,223071
GCI,20181206,1.99,2.01,1.99,2,199051
GCI,20181207,1.99,2,1.99,1.99,21221
GCI,20181210,2,2,2,2,66412
GCI,20181211,1.995,1.995,1.99,1.99,30932
GCI,20181212,1.995,2,1.995,2,19945
GCI,20181213,1.995,2,1.995,2,132350
GCI,20181214,2,2,1.995,2,65500
GCI,20181217,1.995,2,1.995,2,172738
GCI,20181218,2,2,2,2,263011
GCI,20181219,2,2,1.995,2,297000
GCI,20181220,2,2,1.995,1.995,115984
GCI,20181221,2,2,1.995,2,169500
GCI,20181224,1.995,2.01,1.995,2.01,61863
GCI,20181227,2.01,2.01,2.01,2.01,0
GCI,20181228,2.01,2.01,2.01,2.01,0
GCI,20181231,2.01,2.01,2.01,2.01,0
GCI,20190102,2.01,2.01,2.01,2.01,0
GCI,20190103,2,2.01,2,2.01,16500
GCI,20190104,2.01,2.01,2.01,2.01,0
GCI,20190107,2,2.01,2,2.01,22450
GCI,20190108,2.01,2.04,2.01,2.03,26216
GCI,20190109,2.02,2.02,2.01,2.01,35000
GCI,20190110,2.02,2.04,2.01,2.04,37385
GCI,20190111,2.02,2.02,2.01,2.01,29800
GCI,20190114,2.01,2.02,2.01,2.01,61180
GCI,20190115,2.01,2.01,2,2.01,17951
GCI,20190116,2.01,2.02,2.01,2.02,36889
GCI,20190117,2.01,2.01,2.01,2.01,2600
GCI,20190118,2.02,2.03,2.02,2.03,45165
GCI,20190121,2.02,2.02,2.02,2.02,47500
GCI,20190122,2.02,2.03,2.02,2.03,74810
GCI,20190123,2.02,2.03,2.02,2.02,25569
GCI,20190124,2.02,2.02,2.01,2.02,42377
GCI,20190125,2.03,2.03,2.01,2.02,21943
GCI,20190129,2.02,2.02,2.02,2.02,25000
GCI,20190130,2.03,2.03,2.03,2.03,5428
GCI,20190131,2.05,2.05,2.05,2.05,39500
GCI,20190201,2.04,2.04,2.04,2.04,10000
GCI,20190204,2.03,2.06,2.03,2.06,41293
GCI,20190205,2.05,2.06,2.04,2.04,97127
GCI,20190206,2.04,2.04,2.04,2.04,0
GCI,20190207,2.04,2.06,2.03,2.04,90900
GCI,20190208,2.05,2.06,2.04,2.04,95441
GCI,20190211,2.04,2.04,2.04,2.04,3500
GCI,20190212,2.04,2.04,2.04,2.04,22250
GCI,20190213,2.04,2.05,2.03,2.05,66147
GCI,20190214,2.05,2.05,2.04,2.04,170000
GCI,20190215,2.05,2.05,2.04,2.05,49016
GCI,20190218,2.05,2.05,2.05,2.05,28715
GCI,20190219,2.04,2.06,2.04,2.05,137896
GCI,20190220,2.05,2.05,2.04,2.04,144633
GCI,20190221,2.04,2.04,2.03,2.03,97905
GCI,20190222,2.04,2.04,2.03,2.04,57045
GCI,20190225,2.05,2.05,2.04,2.04,62488
GCI,20190226,2.04,2.04,2.03,2.03,14167
GCI,20190227,2.04,2.05,2.035,2.05,129367
GCI,20190228,2.05,2.05,2.04,2.04,96136
GCI,20190301,2.04,2.04,2.03,2.03,184758
GCI,20190304,2.04,2.05,2.03,2.04,100480
GCI,20190305,2.03,2.05,2.02,2.03,117291
GCI,20190306,2.03,2.05,2.01,2.01,199503
GCI,20190307,2.01,2.02,2.01,2.01,253538
GCI,20190308,2,2.02,2,2.01,64782
GCI,20190311,2.01,2.02,2,2.02,52134
GCI,20190312,2.01,2.01,2,2.01,227791
GCI,20190313,2.01,2.03,2,2.01,181037
GCI,20190314,2.01,2.05,1.995,2,368322
GCI,20190315,2,2.01,1.965,2.01,222178
GCI,20190318,2.01,2.02,1.98,2.02,108873
GCI,20190319,2.02,2.07,2.02,2.05,327603
GCI,20190320,2.05,2.05,2.03,2.04,202921
GCI,20190321,2.04,2.05,2.04,2.05,40650
GCI,20190322,2.04,2.05,2.02,2.04,180610
GCI,20190325,2.05,2.05,2.04,2.05,71348
GCI,20190326,2.04,2.05,2.04,2.04,71909
GCI,20190327,2.04,2.04,2.04,2.04,4125
GCI,20190328,2.01,2.02,2.01,2.02,55000
GCI,20190329,2.02,2.02,2,2.01,462597
GCI,20190401,2.03,2.04,2.03,2.03,81843
GCI,20190402,2.03,2.03,2.01,2.01,37900
GCI,20190403,2.03,2.04,2.02,2.04,60725
GCI,20190404,2.04,2.05,2.01,2.01,152987
GCI,20190405,2.02,2.02,2.01,2.02,188465
GCI,20190408,2.01,2.04,2.01,2.02,108459
GCI,20190409,2.02,2.05,2.02,2.03,205678
GCI,20190410,2.05,2.05,2.02,2.02,45804
GCI,20190411,2.01,2.03,2.01,2.02,84693
GCI,20190412,2.02,2.03,2.01,2.03,77067
GCI,20190415,2.03,2.04,2.02,2.02,65580
GCI,20190416,2.03,2.03,2.02,2.03,152816
GCI,20190417,2.02,2.02,2.01,2.01,67851
GCI,20190418,2.01,2.03,2.01,2.01,77908
GCI,20190423,2.02,2.03,2.02,2.03,37800
GCI,20190424,2.03,2.04,2.03,2.03,87243
GCI,20190426,2.03,2.04,2.01,2.02,131000
GCI,20190429,2.02,2.02,2.01,2.01,10000
GCI,20190430,2.02,2.02,2.01,2.01,57834
GCI,20190501,2.01,2.03,2.01,2.02,205910
GCI,20190502,2.01,2.03,2.01,2.02,37600
GCI,20190503,2.03,2.03,2,2,186851
GCI,20190506,2.01,2.03,2.01,2.02,106478
GCI,20190507,2.03,2.04,2.03,2.03,89424
GCI,20190508,2.02,2.04,2.02,2.04,140554
GCI,20190509,2.02,2.04,2.01,2.01,121449
GCI,20190510,2.02,2.03,2.01,2.03,132428
GCI,20190513,2.02,2.03,2.01,2.02,131309
GCI,20190514,2.02,2.02,2.02,2.02,67107
GCI,20190515,2.02,2.02,2.01,2.02,57500
GCI,20190516,2.02,2.02,2.02,2.02,22426
GCI,20190517,2.02,2.03,2.02,2.03,19808
GCI,20190520,2.03,2.03,2.03,2.03,44172
GCI,20190521,2.03,2.04,2.03,2.04,101060
GCI,20190522,2.03,2.04,2.03,2.04,124394
GCI,20190523,2.03,2.04,2.03,2.04,56154
GCI,20190524,2.04,2.04,2.03,2.04,180060
GCI,20190527,2.03,2.05,2.03,2.05,33363
GCI,20190528,2.05,2.05,2.05,2.05,12195
GCI,20190529,2.03,2.05,2.02,2.03,21211
GCI,20190530,2.03,2.03,2.03,2.03,47500
GCI,20190531,2.02,2.05,2.02,2.05,182700
GCI,20190603,2.04,2.05,2.03,2.03,97000
GCI,20190604,2.05,2.07,2.05,2.05,80461
GCI,20190605,2.06,2.06,2.05,2.05,62929
GCI,20190606,2.05,2.05,2.04,2.04,67558
GCI,20190607,2.04,2.05,2.04,2.04,33562
GCI,20190611,2.04,2.04,2.03,2.04,91008
GCI,20190612,2.04,2.04,2.03,2.04,102507
GCI,20190613,2.04,2.05,2.03,2.04,179238
GCI,20190614,2.03,2.04,2.03,2.04,78937
GCI,20190617,2.05,2.05,2.03,2.05,86114
GCI,20190618,2.04,2.05,2.04,2.045,112459
GCI,20190619,2.04,2.05,2.04,2.05,31861
GCI,20190620,2.05,2.05,2.03,2.03,137873
GCI,20190621,2.03,2.05,2.03,2.04,77593
GCI,20190624,2.03,2.05,2.03,2.04,158154
GCI,20190625,2.035,2.05,2.035,2.04,152718
GCI,20190626,2.045,2.05,2.04,2.05,102984
GCI,20190627,2.04,2.04,2.02,2.04,424941
GCI,20190628,2.04,2.06,2.03,2.06,304955
GCI,20190701,2.04,2.06,2.04,2.04,54756
GCI,20190702,2.04,2.04,2.03,2.04,171206
GCI,20190703,2.03,2.04,2.02,2.04,50754
GCI,20190704,2.03,2.04,2.02,2.04,166186
GCI,20190705,2.04,2.04,2.03,2.03,57098
GCI,20190708,2.03,2.04,2.03,2.04,89014
GCI,20190709,2.04,2.04,2.02,2.02,136650
GCI,20190710,2.03,2.04,2.03,2.04,27150
GCI,20190711,2.03,2.04,2.03,2.04,80519
GCI,20190712,2.03,2.04,2.03,2.03,120802
GCI,20190715,2.04,2.04,2.03,2.04,173399
GCI,20190716,2.04,2.05,2.03,2.03,143850
GCI,20190717,2.05,2.05,2.04,2.045,90523
GCI,20190718,2.05,2.05,2.03,2.04,169195
GCI,20190719,2.04,2.045,2.03,2.04,175147
GCI,20190722,2.035,2.04,2.035,2.04,143800
GCI,20190723,2.03,2.05,2.03,2.03,144383
GCI,20190724,2.04,2.07,2.04,2.07,81632
GCI,20190725,2.07,2.07,2.05,2.05,63087
GCI,20190726,2.05,2.07,2.05,2.05,84454
GCI,20190729,2.05,2.07,2.05,2.06,140964
GCI,20190730,2.06,2.12,2.06,2.07,49408
GCI,20190731,2.07,2.11,2.07,2.1,120233
GCI,20190801,2.08,2.09,2.07,2.07,23903
GCI,20190802,2.07,2.1,2.06,2.09,95603
GCI,20190805,2.09,2.11,2.09,2.09,147220
GCI,20190806,2.09,2.09,2.07,2.07,181721
GCI,20190807,2.07,2.07,2.06,2.06,100405
GCI,20190808,2.07,2.07,2.06,2.06,43287
GCI,20190809,2.06,2.06,2.05,2.06,86230
GCI,20190812,2.06,2.06,2.04,2.05,86540
GCI,20190813,2.05,2.05,2.02,2.03,258594
GCI,20190814,2.03,2.03,2.02,2.03,212461
GCI,20190815,2.01,2.02,2.01,2.02,588265
GCI,20190816,2.02,2.04,2.02,2.03,191612
GCI,20190819,2.03,2.04,2.03,2.04,229999
GCI,20190820,2.04,2.04,2.01,2.03,518830
GCI,20190821,2.03,2.05,2.02,2.05,194610
GCI,20190822,2.04,2.05,2.04,2.05,168011
GCI,20190823,2.05,2.06,2.04,2.06,277325
GCI,20190826,2.04,2.04,2.03,2.04,65111
GCI,20190827,2.04,2.06,2.04,2.04,188885
GCI,20190828,2.05,2.06,2.04,2.06,131042
GCI,20190829,2.05,2.05,2.05,2.05,30775
GCI,20190830,2.05,2.07,2.05,2.06,150941
GCI,20190902,2.06,2.07,2.04,2.06,200792
GCI,20190903,2.05,2.06,2.05,2.06,114620
GCI,20190904,2.06,2.07,2.05,2.07,186074
GCI,20190905,2.06,2.06,2.05,2.05,98921
GCI,20190906,2.05,2.06,2.05,2.06,144574
GCI,20190909,2.06,2.06,2.05,2.06,65212
GCI,20190910,2.06,2.07,2.06,2.07,98834
GCI,20190911,2.07,2.08,2.06,2.06,170462
GCI,20190912,2.06,2.06,2.05,2.05,158127
GCI,20190913,2.06,2.07,2.05,2.06,185085
GCI,20190916,2.07,2.07,2.06,2.07,66924
GCI,20190917,2.06,2.07,2.06,2.06,93186
GCI,20190918,2.07,2.07,2.05,2.06,48871
GCI,20190919,2.07,2.08,2.06,2.08,142489
GCI,20190920,2.07,2.07,2.06,2.06,100541
GCI,20190923,2.06,2.07,2.06,2.07,95660
GCI,20190924,2.06,2.08,2.06,2.07,164867
GCI,20190925,2.07,2.08,2.06,2.06,248128
GCI,20190926,2.08,2.09,2.07,2.07,109133
GCI,20190927,2.07,2.08,2.06,2.07,47625
GCI,20190930,2.07,2.08,2.07,2.08,50266
GCI,20191001,2.08,2.08,2.07,2.08,186584
GCI,20191002,2.08,2.08,2.07,2.08,90851
GCI,20191003,2.08,2.08,2.07,2.08,84677
GCI,20191004,2.08,2.09,2.07,2.07,142170
GCI,20191007,2.08,2.09,2.08,2.08,54800
GCI,20191008,2.08,2.08,2.07,2.07,140022
GCI,20191009,2.07,2.07,2.06,2.06,266320
GCI,20191010,2.06,2.06,2.05,2.06,97593
GCI,20191011,2.06,2.06,2.05,2.06,149514
GCI,20191014,2.06,2.07,2.05,2.06,340603
GCI,20191015,2.06,2.09,2.05,2.09,1339105
GCI,20191016,2.08,2.08,2.07,2.07,208001
GCI,20191017,2.08,2.08,2.07,2.07,251150
GCI,20191018,2.08,2.08,2.05,2.05,458815
GCI,20191021,2.06,2.06,2.05,2.06,166376
GCI,20191022,2.06,2.06,2.03,2.05,231843
GCI,20191023,2.06,2.06,2.02,2.06,212479
GCI,20191024,2.05,2.06,2.04,2.05,250396
GCI,20191025,2.04,2.06,2.04,2.05,245059
GCI,20191028,2.05,2.05,2.03,2.04,193376
GCI,20191029,2.045,2.05,2.04,2.05,116198
GCI,20191030,2.04,2.05,2.03,2.04,259446
GCI,20191031,2.03,2.04,2.02,2.04,245603
GCI,20191101,2.03,2.03,2.02,2.02,118799
GCI,20191104,2.03,2.03,2.02,2.03,161353
GCI,20191105,2.03,2.04,2.02,2.04,113188
GCI,20191106,2.03,2.03,2.01,2.01,195782
GCI,20191107,2.01,2.03,2.01,2.01,171740
GCI,20191108,2.02,2.03,1.995,2,256987
GCI,20191111,2.01,2.03,2.01,2.01,208354
GCI,20191112,2.02,2.03,2.01,2.03,165864
GCI,20191113,2.02,2.02,2.01,2.02,86976
GCI,20191114,2.03,2.03,2.02,2.03,59812
GCI,20191115,2.03,2.03,2.01,2.03,143515
GCI,20191118,2.02,2.03,2.01,2.03,51153
GCI,20191119,2.03,2.03,2.02,2.03,209424
GCI,20191120,2.03,2.04,2.03,2.03,313371
GCI,20191121,2.03,2.05,2.03,2.03,377727
GCI,20191122,2.04,2.04,2.03,2.04,164246
GCI,20191125,2.04,2.04,2.03,2.04,117348
GCI,20191126,2.04,2.04,2.03,2.03,174947
GCI,20191127,2.03,2.05,2.03,2.05,107689
GCI,20191128,2.04,2.04,2.03,2.04,184014
GCI,20191129,2.04,2.04,2.03,2.03,85166
GCI,20191202,2.02,2.04,2.02,2.04,220641
GCI,20191203,2.04,2.04,2.03,2.04,162954
GCI,20191204,2.04,2.05,2.03,2.05,184289
GCI,20191205,2.04,2.05,2.03,2.03,150934
GCI,20191206,2.04,2.05,2.03,2.04,113279
GCI,20191209,2.04,2.04,2.01,2.02,389007
GCI,20191210,2.03,2.03,2.02,2.03,760018
GCI,20191211,2.03,2.03,2.01,2.02,280484
GCI,20191212,2.02,2.03,2.02,2.03,215435
GCI,20191213,2.03,2.03,2.02,2.03,129023
GCI,20191216,2.03,2.03,2.01,2.02,266552
GCI,20191217,2.02,2.03,2.02,2.03,330154
GCI,20191218,2.03,2.03,2.02,2.03,380929
GCI,20191219,2.02,2.03,2.02,2.03,262554
GCI,20191220,2.03,2.04,2.02,2.03,346182
GCI,20191223,2.03,2.04,2.03,2.04,55508
GCI,20191224,2.04,2.05,2.04,2.05,203939
GCI,20191227,2.05,2.05,2.05,2.05,0
GCI,20191230,2.04,2.05,2.04,2.04,53496
GCI,20191231,2.04,2.04,2.04,2.04,8133
GCI,20200102,2.03,2.04,2.03,2.04,44398
GCI,20200103,2.04,2.04,2.03,2.03,128996
GCI,20200106,2.04,2.05,2.03,2.05,247589
GCI,20200107,2.05,2.06,2.04,2.04,123086
GCI,20200108,2.05,2.06,2.04,2.05,274968
GCI,20200109,2.05,2.06,2.05,2.06,87215
GCI,20200113,2.05,2.06,2.05,2.05,54364
GCI,20200114,2.05,2.06,2.05,2.05,160813
GCI,20200115,2.05,2.06,2.05,2.05,87797
GCI,20200116,2.05,2.05,2.04,2.05,306023
GCI,20200117,2.05,2.06,2.04,2.05,189719
GCI,20200120,2.05,2.05,2.04,2.05,199081
GCI,20200121,2.05,2.05,2.04,2.04,430391
GCI,20200122,2.04,2.05,2.03,2.05,267717
GCI,20200123,2.05,2.05,2.05,2.05,109132
GCI,20200124,2.05,2.05,2.04,2.05,276416
GCI,20200128,2.05,2.05,2.04,2.04,307377
GCI,20200129,2.04,2.05,2.03,2.05,236634
GCI,20200130,2.05,2.05,2.02,2.02,147142
GCI,20200203,2.04,2.05,2.03,2.04,80086
GCI,20200204,2.04,2.05,2.03,2.03,158614
GCI,20200205,2.03,2.04,2.03,2.04,108347
GCI,20200210,2.04,2.05,2.04,2.04,202264
GCI,20200211,2.05,2.05,2.03,2.03,127947
GCI,20200212,2.04,2.04,2.02,2.03,215442
GCI,20200213,2.03,2.04,2.02,2.02,246967
GCI,20200214,2.02,2.04,2.02,2.04,234735
GCI,20200217,2.04,2.05,2.03,2.05,150276
GCI,20200218,2.03,2.05,2.02,2.02,263930
GCI,20200219,2.03,2.03,2.03,2.03,79418
GCI,20200220,2.03,2.04,2.03,2.04,200333
GCI,20200221,2.04,2.05,2.03,2.05,347343
GCI,20200224,2.05,2.05,2.03,2.03,158179
GCI,20200225,2.03,2.04,2.02,2.02,341816
GCI,20200226,2.03,2.04,2.02,2.03,201182
GCI,20200227,2.01,2.02,1.99,1.995,533268
GCI,20200228,1.99,2.01,1.945,1.99,896647
GCI,20200302,1.96,1.99,1.96,1.97,431401
GCI,20200303,1.99,2,1.97,1.97,295678
GCI,20200304,1.97,1.97,1.925,1.945,283920
GCI,20200305,1.96,1.99,1.96,1.99,216492
GCI,20200306,1.98,1.99,1.96,1.97,551527
GCI,20200309,1.98,1.98,1.85,1.85,357189
GCI,20200310,1.84,1.9,1.735,1.8,558607
GCI,20200311,1.84,1.84,1.655,1.785,1164961
GCI,20200312,1.74,1.835,1.74,1.755,694321
GCI,20200313,1.78,1.795,1.7,1.75,370055
GCI,20200316,1.7,1.7,1.6,1.645,377548
GCI,20200317,1.5,1.65,1.45,1.63,250625
GCI,20200318,1.65,1.68,1.6,1.62,74818
GCI,20200319,1.62,1.65,1.59,1.59,76093
GCI,20200320,1.6,1.6,1.49,1.5,237846
GCI,20200323,1.465,1.465,1.24,1.3,368824
GCI,20200324,1.34,1.4,1.25,1.4,178007
GCI,20200325,1.465,1.58,1.45,1.53,227091
GCI,20200326,1.56,1.635,1.53,1.54,268092
GCI,20200327,1.58,1.605,1.42,1.42,251212
GCI,20200330,1.505,1.545,1.495,1.51,158931
GCI,20200331,1.535,1.66,1.52,1.65,118620
GCI,20200401,1.6,1.65,1.6,1.645,34481
GCI,20200402,1.62,1.7,1.62,1.7,51981
GCI,20200403,1.67,1.75,1.67,1.73,87811
GCI,20200406,1.7,1.7,1.68,1.69,61637
GCI,20200407,1.7,1.71,1.68,1.69,112737
GCI,20200408,1.67,1.75,1.67,1.71,310954
GCI,20200409,1.72,1.72,1.68,1.71,35207
GCI,20200414,1.72,1.79,1.71,1.77,151707
GCI,20200415,1.77,1.79,1.75,1.78,109247
GCI,20200416,1.79,1.79,1.73,1.75,344660
GCI,20200417,1.75,1.76,1.6,1.64,266961
GCI,20200420,1.665,1.72,1.665,1.69,151984
GCI,20200421,1.68,1.71,1.68,1.7,233116
GCI,20200422,1.69,1.7,1.65,1.7,236514
GCI,20200423,1.73,1.73,1.695,1.695,126444
GCI,20200424,1.695,1.7,1.69,1.7,88335
GCI,20200427,1.7,1.7,1.68,1.695,70500
GCI,20200428,1.68,1.73,1.68,1.697,150677
GCI,20200429,1.685,1.725,1.675,1.705,244065
GCI,20200430,1.69,1.7,1.665,1.695,247171
GCI,20200501,1.695,1.73,1.69,1.7,163076
GCI,20200504,1.7,1.71,1.665,1.68,87833
GCI,20200505,1.695,1.7,1.68,1.68,59338
GCI,20200506,1.68,1.72,1.68,1.72,142656
GCI,20200507,1.71,1.71,1.69,1.69,178478
GCI,20200508,1.69,1.7,1.69,1.7,56298
GCI,20200511,1.685,1.7,1.685,1.695,83204
GCI,20200512,1.685,1.685,1.66,1.685,95375
GCI,20200513,1.695,1.7,1.69,1.7,48957
GCI,20200514,1.7,1.7,1.69,1.69,35782
GCI,20200515,1.69,1.695,1.67,1.675,80148
GCI,20200518,1.68,1.68,1.68,1.68,186913
GCI,20200519,1.685,1.69,1.685,1.685,118201
GCI,20200520,1.69,1.71,1.685,1.7,194012
GCI,20200521,1.7,1.745,1.7,1.745,144092
GCI,20200522,1.745,1.75,1.71,1.72,125626
GCI,20200525,1.75,1.75,1.72,1.75,38692
GCI,20200526,1.75,1.76,1.75,1.75,99976
GCI,20200527,1.755,1.755,1.73,1.755,380177
GCI,20200528,1.845,1.875,1.8,1.86,175666
GCI,20200529,1.86,1.875,1.815,1.82,292842
GCI,20200601,1.885,1.9,1.88,1.9,145082
GCI,20200602,1.9,1.945,1.89,1.94,158794
GCI,20200603,1.935,1.94,1.92,1.92,78523
GCI,20200604,1.92,1.93,1.88,1.93,251668
GCI,20200605,1.92,1.935,1.91,1.93,87089
GCI,20200609,1.92,1.94,1.89,1.91,146147
GCI,20200610,1.91,1.91,1.875,1.89,175414
GCI,20200611,1.9,1.915,1.87,1.88,171016
GCI,20200612,1.87,1.87,1.825,1.825,214955
GCI,20200615,1.84,1.87,1.81,1.81,131646
GCI,20200616,1.85,1.855,1.81,1.835,64497
GCI,20200617,1.84,1.85,1.815,1.83,100564
GCI,20200618,1.82,1.865,1.82,1.865,61033
GCI,20200619,1.865,1.865,1.83,1.83,77880
GCI,20200622,1.845,1.845,1.82,1.82,174219
GCI,20200623,1.82,1.845,1.81,1.825,119919
GCI,20200624,1.845,1.85,1.81,1.81,128284
GCI,20200625,1.81,1.825,1.76,1.76,354814
GCI,20200626,1.77,1.8,1.755,1.78,323360
GCI,20200629,1.715,1.765,1.7,1.765,130133
GCI,20200630,1.74,1.77,1.735,1.745,256791
GCI,20200701,1.77,1.79,1.765,1.79,170909
GCI,20200702,1.79,1.86,1.79,1.82,149301
GCI,20200703,1.825,1.85,1.82,1.83,54753
GCI,20200706,1.835,1.835,1.81,1.815,115908
GCI,20200707,1.84,1.85,1.815,1.815,95745
GCI,20200708,1.78,1.8,1.765,1.785,62334
GCI,20200709,1.81,1.81,1.78,1.78,76284
GCI,20200710,1.815,1.855,1.815,1.83,124612
GCI,20200713,1.81,1.855,1.81,1.84,71140
GCI,20200714,1.85,1.85,1.83,1.85,104013
GCI,20200715,1.845,1.855,1.83,1.83,119355
GCI,20200716,1.835,1.885,1.83,1.88,127699
GCI,20200717,1.88,1.89,1.88,1.89,67122
GCI,20200720,1.89,1.89,1.86,1.89,140243
GCI,20200721,1.875,1.88,1.87,1.88,155127
GCI,20200722,1.875,1.89,1.86,1.87,93943
GCI,20200723,1.86,1.865,1.85,1.86,85419
GCI,20200724,1.85,1.86,1.85,1.86,97273
GCI,20200727,1.86,1.86,1.85,1.85,70103
GCI,20200728,1.85,1.85,1.84,1.84,96960
GCI,20200729,1.84,1.86,1.84,1.855,43419
GCI,20200730,1.855,1.865,1.85,1.865,55199
GCI,20200731,1.86,1.885,1.84,1.88,185110
GCI,20200803,1.85,1.86,1.85,1.86,69491
GCI,20200804,1.86,1.865,1.85,1.85,105624
GCI,20200805,1.86,1.865,1.855,1.86,299275
GCI,20200806,1.865,1.865,1.855,1.86,57925
GCI,20200807,1.87,1.88,1.865,1.87,68604
GCI,20200810,1.86,1.875,1.855,1.855,204921
GCI,20200811,1.855,1.86,1.82,1.835,139541
GCI,20200812,1.835,1.835,1.83,1.83,67215
GCI,20200813,1.835,1.835,1.83,1.835,80164
GCI,20200814,1.83,1.835,1.8,1.8,84973
GCI,20200817,1.825,1.835,1.77,1.78,110500
GCI,20200818,1.8,1.815,1.8,1.8,68049
GCI,20200819,1.825,1.88,1.825,1.86,193409
GCI,20200820,1.86,1.865,1.82,1.83,120775
GCI,20200821,1.85,1.88,1.85,1.855,169304
GCI,20200824,1.88,1.885,1.87,1.88,114476
GCI,20200825,1.86,1.86,1.825,1.825,80822
GCI,20200826,1.85,1.89,1.85,1.89,113381
GCI,20200827,1.88,1.88,1.87,1.88,59414
GCI,20200828,1.86,1.9,1.86,1.9,62636
GCI,20200831,1.9,1.9,1.875,1.9,207195
GCI,20200901,1.9,1.905,1.86,1.895,178889
GCI,20200902,1.87,1.91,1.8,1.91,213659
GCI,20200903,1.91,1.91,1.89,1.9,123420
GCI,20200904,1.87,1.91,1.82,1.86,263397
GCI,20200907,1.86,1.895,1.86,1.895,84777
GCI,20200908,1.895,1.9,1.87,1.89,174048
GCI,20200909,1.865,1.89,1.84,1.86,219994
GCI,20200910,1.875,1.89,1.865,1.89,106013
GCI,20200911,1.89,1.89,1.88,1.89,73902
GCI,20200914,1.89,1.895,1.87,1.88,103231
GCI,20200915,1.88,1.9,1.88,1.89,128683
GCI,20200916,1.88,1.89,1.87,1.89,109199
GCI,20200917,1.87,1.88,1.865,1.865,135044
GCI,20200918,1.865,1.885,1.85,1.885,86810
GCI,20200921,1.875,1.885,1.875,1.885,129458
GCI,20200922,1.89,1.89,1.865,1.89,80919
GCI,20200923,1.87,1.9,1.87,1.9,156111
GCI,20200924,1.89,1.89,1.865,1.88,120046
GCI,20200925,1.88,1.89,1.865,1.875,95350
GCI,20200928,1.88,1.9,1.875,1.9,141352
GCI,20200929,1.9,1.945,1.89,1.89,49213
GCI,20200930,1.895,1.915,1.875,1.875,99061
GCI,20201001,1.9,1.9,1.89,1.9,173910
GCI,20201002,1.9,1.915,1.89,1.89,117238
GCI,20201005,1.87,1.875,1.87,1.875,2336
GCI,20201006,1.89,1.9,1.885,1.9,216612
GCI,20201007,1.905,1.905,1.885,1.89,181749
GCI,20201008,1.89,1.905,1.89,1.905,161553
GCI,20201009,1.9,1.9,1.895,1.9,83110
GCI,20201012,1.9,1.91,1.89,1.91,150683
GCI,20201013,1.9,1.91,1.9,1.91,153563
GCI,20201014,1.91,1.95,1.905,1.95,254135
GCI,20201015,1.97,2.01,1.97,2,425590
GCI,20201016,1.99,1.99,1.935,1.935,144478
GCI,20201019,1.94,1.94,1.92,1.92,144323
GCI,20201020,1.925,1.93,1.905,1.93,170208
GCI,20201021,1.92,1.94,1.92,1.94,121811
GCI,20201022,1.95,1.955,1.925,1.925,137082
GCI,20201023,1.94,1.97,1.91,1.94,160805
GCI,20201026,1.96,1.96,1.935,1.94,119177
GCI,20201027,1.945,1.95,1.9,1.905,233212
GCI,20201028,1.92,1.94,1.92,1.94,105509
GCI,20201029,1.85,1.935,1.85,1.9,135407
GCI,20201030,1.905,1.935,1.905,1.93,29051
GCI,20201102,1.92,1.92,1.9,1.905,108739
GCI,20201103,1.905,1.925,1.905,1.91,56759
GCI,20201104,1.91,1.93,1.91,1.93,71676
GCI,20201105,1.915,1.93,1.91,1.92,103489
GCI,20201106,1.925,1.935,1.925,1.935,61847
GCI,20201109,1.935,1.935,1.925,1.935,114804
GCI,20201110,1.93,1.94,1.93,1.93,188630
GCI,20201111,1.93,1.94,1.92,1.925,290188
GCI,20201112,1.925,1.94,1.925,1.925,137749
GCI,20201113,1.925,1.96,1.925,1.96,439349
GCI,20201116,1.96,1.96,1.96,1.96,0
GCI,20201117,1.95,1.99,1.95,1.99,142373
GCI,20201118,1.955,1.98,1.955,1.98,141212
GCI,20201120,1.94,1.96,1.94,1.95,89155
GCI,20201123,1.945,1.97,1.945,1.97,235548
GCI,20201124,1.96,1.97,1.95,1.965,127763
GCI,20201125,1.965,1.98,1.96,1.97,376493
GCI,20201126,1.97,1.97,1.955,1.955,110415
GCI,20201127,1.96,1.96,1.915,1.95,338366
GCI,20201130,1.95,1.95,1.91,1.935,270924
GCI,20201201,1.925,1.95,1.905,1.95,357205
GCI,20201202,1.96,1.97,1.95,1.97,267665
GCI,20201203,1.97,2,1.96,1.985,400863
GCI,20201204,1.985,2,1.965,1.97,184261
GCI,20201207,1.99,1.995,1.97,1.98,65466
GCI,20201208,1.975,1.995,1.975,1.98,122829
GCI,20201209,1.99,1.99,1.98,1.98,28380
GCI,20201210,1.98,1.985,1.97,1.98,89174
GCI,20201211,1.98,1.985,1.97,1.985,201179
GCI,20201214,1.98,1.98,1.96,1.975,129862
GCI,20201215,1.985,1.985,1.965,1.98,174261
GCI,20201216,1.975,1.98,1.965,1.98,84926
GCI,20201217,1.98,1.985,1.96,1.96,190948
GCI,20201218,1.975,1.98,1.96,1.96,70127
GCI,20201221,1.96,1.985,1.955,1.985,124820
GCI,20201222,1.965,1.965,1.95,1.95,67317
GCI,20201224,1.98,1.98,1.98,1.98,0
GCI,20201229,1.99,1.99,1.99,1.99,400
GCI,20201230,2,2,2,2,1070
GCI,20201231,2,2.01,1.98,2,87438
GCI,20210104,2.01,2.03,2,2,150700
GCI,20210105,2,2.01,1.98,2.01,78765
GCI,20210106,2.01,2.01,2,2,38559
GCI,20210107,2.01,2.01,1.99,2,77126
GCI,20210108,1.985,1.995,1.98,1.98,145930
GCI,20210111,1.995,2,1.98,1.98,86033
GCI,20210112,1.985,1.995,1.98,1.995,108049
GCI,20210113,1.98,2,1.98,1.98,119758
GCI,20210114,1.98,2,1.98,2,64828
GCI,20210115,1.995,2,1.99,1.99,27540
GCI,20210118,2,2,1.985,1.985,80199
GCI,20210119,1.99,2,1.985,1.985,146356
GCI,20210120,1.985,2,1.97,1.97,283866
GCI,20210121,1.98,1.995,1.98,1.995,129596
GCI,20210122,1.995,2,1.985,1.985,74668
GCI,20210125,1.99,2,1.99,1.995,308814
GCI,20210127,1.99,2,1.99,2,137620
GCI,20210128,1.99,2,1.95,1.98,126017
GCI,20210129,1.985,1.995,1.98,1.98,164644
GCI,20210201,1.98,1.995,1.965,1.97,145678
GCI,20210203,1.985,2,1.98,1.98,233947
GCI,20210204,1.98,1.995,1.98,1.98,151584
GCI,20210205,1.99,1.99,1.98,1.98,124083
GCI,20210208,1.99,1.99,1.97,1.985,46474
GCI,20210209,1.985,1.99,1.975,1.985,138656
GCI,20210210,1.985,1.985,1.975,1.985,63552
GCI,20210211,1.985,1.99,1.985,1.99,82931
GCI,20210212,1.99,1.99,1.98,1.99,118533
GCI,20210215,1.99,1.995,1.99,1.995,113246
GCI,20210216,2,2.03,1.995,2.03,283868
GCI,20210217,2.03,2.03,2,2,312571
GCI,20210218,2,2.03,2,2.02,229391
GCI,20210219,2.01,2.02,2,2,311526
GCI,20210222,2,2.01,1.99,2,337699
GCI,20210223,2,2,1.98,1.98,170081
GCI,20210224,1.98,1.98,1.97,1.97,221103
GCI,20210225,1.98,1.98,1.97,1.975,304518
GCI,20210226,1.975,1.98,1.96,1.96,166902
GCI,20210301,1.975,1.98,1.975,1.98,179056
GCI,20210302,1.98,2,1.98,1.99,119121
GCI,20210303,1.995,2,1.99,1.99,90273
GCI,20210304,1.99,2.01,1.99,2.01,61538
GCI,20210305,2.01,2.02,1.99,1.99,228524
GCI,20210308,1.995,2.01,1.98,1.99,188755
GCI,20210309,1.985,2,1.985,1.99,114601
GCI,20210310,2,2.01,1.98,2,233840
GCI,20210311,2,2.01,1.98,2,233840
GCI,20210312,1.995,1.995,1.985,1.995,133138
GCI,20210315,2,2.02,2,2.01,167155
GCI,20210316,2,2.01,1.99,2,227389
GCI,20210317,2,2.01,1.99,2.01,243510
GCI,20210318,1.99,2,1.98,1.98,328176
GCI,20210319,1.985,2.01,1.985,2.01,94138
GCI,20210322,1.99,2.01,1.98,2,262093
GCI,20210323,2,2,1.99,2,121869
GCI,20210324,2,2.01,2,2,301865
GCI,20210325,2,2.01,2,2.01,203637
GCI,20210329,2.01,2.01,1.985,1.985,237562
GCI,20210330,2,2.01,1.985,1.985,225631
GCI,20210331,2,2,1.99,1.995,158251
GCI,20210401,1.99,2.01,1.985,2,331687
GCI,20210406,2.01,2.01,2,2,46482
GCI,20210407,2,2.01,2,2.01,330516
GCI,20210408,2,2.01,1.985,2,227327
GCI,20210409,1.99,2,1.99,2,124761
GCI,20210412,2,2.01,2,2,279630
GCI,20210413,2,2.01,2,2.01,330753
GCI,20210414,2.01,2.01,2,2.01,133729
GCI,20210415,2.01,2.01,2,2,99127
GCI,20210416,2,2.02,2,2.02,206207
GCI,20210419,2.02,2.02,2,2.01,49766
GCI,20210420,2.01,2.02,2,2.02,497057
GCI,20210421,2.01,2.01,1.99,2,195162
GCI,20210422,2.01,2.02,2,2.02,108795
GCI,20210423,2.02,2.04,2.01,2.01,134169
GCI,20210426,2.02,2.02,2.01,2.01,49696
GCI,20210427,2.01,2.02,2,2.02,213649
GCI,20210428,2.01,2.02,2,2,475943
GCI,20210429,2.02,2.02,2,2.01,119268
GCI,20210430,2.01,2.02,2.01,2.01,273359
GCI,20210503,2.01,2.02,2.01,2.01,208954
GCI,20210504,2.01,2.02,2,2,203926
GCI,20210505,2.01,2.02,2,2.01,173596
GCI,20210506,2.01,2.02,2.01,2.02,136540
GCI,20210507,2.01,2.01,1.995,1.995,259332
GCI,20210510,2,2.01,2,2,206279
GCI,20210511,2.01,2.01,2,2,199890
GCI,20210512,2.01,2.02,1.995,2,207303
GCI,20210513,2,2,1.99,2,240263
GCI,20210514,2,2.01,1.995,2,117162
GCI,20210517,2,2.01,1.995,2,172054
GCI,20210518,2.01,2.02,2,2.01,140803
GCI,20210519,2.01,2.02,2,2.02,168796
GCI,20210520,2.02,2.02,1.995,2,195123
GCI,20210521,2,2.02,2,2.02,358598
GCI,20210524,2.02,2.03,2.01,2.02,256889
GCI,20210525,2.01,2.02,2.01,2.01,157907
GCI,20210526,2.02,2.02,2.01,2.02,150993
GCI,20210527,2.02,2.03,2.01,2.03,216607
GCI,20210528,2.02,2.02,2.01,2.02,189645
GCI,20210531,2.02,2.03,2.01,2.02,389392
GCI,20210601,2.01,2.04,2.01,2.01,273259
GCI,20210602,2.01,2.02,2.01,2.01,61422
GCI,20210603,2.01,2.03,2.01,2.02,203682
GCI,20210604,2.03,2.03,2.02,2.02,112555
GCI,20210607,2.03,2.03,2.01,2.02,334131
GCI,20210609,2.03,2.04,2.02,2.02,110025
GCI,20210610,2.03,2.03,2,2.01,891367
GCI,20210611,2.02,2.03,2.01,2.02,326302
GCI,20210615,2.02,2.03,2.02,2.02,173088
GCI,20210616,2.02,2.03,2.01,2.01,364633
GCI,20210617,2.02,2.02,2.01,2.01,299499
GCI,20210618,2.01,2.02,2.01,2.02,128687
GCI,20210621,2.02,2.02,2.01,2.02,121272
GCI,20210622,2.02,2.03,2.01,2.03,589820
GCI,20210623,2.03,2.03,2.02,2.02,120609
GCI,20210625,2.03,2.03,2.02,2.02,102853
GCI,20210628,2.02,2.03,2.02,2.03,123102
GCI,20210629,2.03,2.03,2.02,2.03,121813
GCI,20210630,2.02,2.03,2.02,2.03,80940
GCI,20210701,2.03,2.03,2.01,2.02,382280
GCI,20210705,2.03,2.03,2.02,2.03,142894
GCI,20210706,2.03,2.04,2.02,2.02,224316
GCI,20210707,2.02,2.05,2.02,2.03,346874
GCI,20210708,2.05,2.1,2.03,2.04,207228
GCI,20210709,2.05,2.07,2.04,2.04,94551
GCI,20210712,2.04,2.07,2.04,2.05,109940
GCI,20210714,2.04,2.06,2.04,2.05,262147
GCI,20210715,2.05,2.06,2.04,2.06,257432
GCI,20210716,2.05,2.05,2.03,2.04,174929
GCI,20210719,2.04,2.05,2.03,2.05,67427
GCI,20210720,2.04,2.04,2.03,2.03,171508
GCI,20210723,2.04,2.05,2.03,2.04,190333
GCI,20210726,2.03,2.04,2.03,2.03,69630
GCI,20210727,2.04,2.05,2.03,2.03,199248
GCI,20210728,2.04,2.04,2.04,2.04,138370
GCI,20210729,2.03,2.04,2.03,2.03,186799
GCI,20210730,2.03,2.05,2.03,2.05,66787
GCI,20210802,2.04,2.045,2.03,2.03,20359
GCI,20210803,2.04,2.05,2.03,2.03,137473
GCI,20210804,2.04,2.05,2.01,2.01,462401
GCI,20210805,2.01,2.03,2.01,2.03,171837
GCI,20210806,2.03,2.04,2.02,2.04,111705
GCI,20210809,2.04,2.04,2.04,2.04,0
GCI,20210810,2.04,2.04,2.04,2.04,0
GCI,20210811,2.04,2.05,2.02,2.04,250746
GCI,20210812,2.03,2.04,2.03,2.03,113469
GCI,20210813,2.03,2.05,2.03,2.04,315925
GCI,20210819,2.05,2.05,2.03,2.05,264101
GCI,20210820,2.05,2.05,2.04,2.04,198596
GCI,20210823,2.05,2.05,2.04,2.05,109046
GCI,20210824,2.04,2.05,2.035,2.05,441455
GCI,20210825,2.05,2.05,2.04,2.05,270215
GCI,20210826,2.05,2.05,2.03,2.03,378917
GCI,20210827,2.03,2.05,2.03,2.05,192419
GCI,20210830,2.04,2.05,2.04,2.05,171870
GCI,20210831,2.05,2.06,2.04,2.06,180263
GCI,20210901,2.05,2.05,2.04,2.04,506941
GCI,20210902,2.04,2.05,2.035,2.04,528008
GCI,20210903,2.04,2.05,2.03,2.04,393080
GCI,20210906,2.045,2.05,2.04,2.05,151702
GCI,20210907,2.04,2.045,2.04,2.04,399018
GCI,20210908,2.04,2.04,2.03,2.03,277568
GCI,20210909,2.04,2.04,2.03,2.03,290826
GCI,20210910,2.04,2.04,2.03,2.03,228525
GCI,20210913,2.03,2.04,2.03,2.03,166565
GCI,20210914,2.04,2.05,2.03,2.03,224299
GCI,20210915,2.04,2.04,2.03,2.03,201910
GCI,20210916,2.04,2.05,2.03,2.04,181224
GCI,20210917,2.04,2.04,2.03,2.03,109903
GCI,20210920,2.03,2.04,2.03,2.03,327074
GCI,20210922,2.03,2.04,2.03,2.03,203783
GCI,20210923,2.03,2.04,2.01,2.01,479854
GCI,20210924,2.02,2.03,2.02,2.02,246168
GCI,20210927,2.01,2.03,2.01,2.02,114706
GCI,20210928,2.03,2.03,2.02,2.03,495982
GCI,20210929,2.02,2.04,2.02,2.02,605630
GCI,20210930,2.02,2.04,2.01,2.02,345277
GCI,20211001,2.01,2.03,2.01,2.01,99299
GCI,20211004,2.03,2.03,2.02,2.03,29328
GCI,20211005,2.03,2.04,2.02,2.03,96413
GCI,20211006,2.03,2.04,2.02,2.04,154810
GCI,20211007,2.03,2.03,2.02,2.02,162059
GCI,20211008,2.02,2.03,2.01,2.01,120744
GCI,20211011,2.02,2.03,2.01,2.02,181126
GCI,20211012,2.02,2.03,2.01,2.02,181126
GCI,20211013,2.03,2.03,2.02,2.03,195943
GCI,20211014,2.03,2.03,2.02,2.03,408306
GCI,20211019,2.03,2.03,2.02,2.03,368331
GCI,20211020,2.03,2.04,2.02,2.03,456728
GCI,20211021,2.02,2.03,2.02,2.03,344259
GCI,20211022,2.03,2.04,2.02,2.04,467885
GCI,20211025,2.04,2.04,2.03,2.03,233366
GCI,20211026,2.04,2.04,2.03,2.04,100688
GCI,20211028,2.03,2.04,2.025,2.03,134062
GCI,20211029,2.03,2.03,2.025,2.03,214096
GCI,20211101,2.03,2.04,2.03,2.03,201252
GCI,20211102,2.03,2.04,2.03,2.04,245428
GCI,20211103,2.03,2.04,2.03,2.03,248797
GCI,20211104,2.03,2.04,2.03,2.03,237432
GCI,20211105,2.03,2.04,2.03,2.03,241083
GCI,20211109,2.04,2.04,2.03,2.04,161041
GCI,20211110,2.04,2.04,2.03,2.04,260341
GCI,20211112,2.05,2.05,2.04,2.05,159481
GCI,20211115,2.04,2.05,2.03,2.04,182396
GCI,20211116,2.05,2.05,2.04,2.04,131340
GCI,20211117,2.04,2.05,2.04,2.04,131870
GCI,20211118,2.04,2.06,2.04,2.05,248556
GCI,20211119,2.05,2.06,2.04,2.06,312371
GCI,20211122,2.05,2.09,2.04,2.09,236928
GCI,20211123,2.06,2.06,2.05,2.05,168592
GCI,20211124,2.05,2.05,2.04,2.04,140286
GCI,20211125,2.045,2.06,2.04,2.06,147988
GCI,20211126,2.06,2.06,2.05,2.06,210497
GCI,20211129,2.05,2.06,2.04,2.04,248943
GCI,20211130,2.05,2.1,2.05,2.06,115356
GCI,20211201,2.05,2.06,2.04,2.04,207225
GCI,20211202,2.05,2.07,2.04,2.04,139584
GCI,20211203,2.05,2.06,2.05,2.05,145071
GCI,20211206,2.06,2.07,2.05,2.06,193918
GCI,20211207,2.06,2.07,2.05,2.06,124313
GCI,20211208,2.06,2.06,2.05,2.05,50988
GCI,20211209,2.05,2.06,2.05,2.06,271135
GCI,20211210,2.05,2.06,2.05,2.05,246945
GCI,20211213,2.06,2.06,2.05,2.06,150221
GCI,20211214,2.05,2.07,2.05,2.07,160038
GCI,20211216,2.05,2.06,2.04,2.04,598849
GCI,20211217,2.05,2.06,2.04,2.06,217805
GCI,20211220,2.05,2.06,2.04,2.04,257838
GCI,20211221,2.04,2.06,2.04,2.05,96507
GCI,20211222,2.05,2.06,2.04,2.05,302929
GCI,20211223,2.04,2.06,2.04,2.05,107383
GCI,20211224,2.05,2.05,2.05,2.05,4910
GCI,20211229,2.05,2.06,2.05,2.05,34046
GCI,20211230,2.04,2.055,2.04,2.055,20439
GCI,20211231,2.06,2.07,2.05,2.06,153527
GCI,20220104,2.06,2.06,2.05,2.06,65991
GCI,20220105,2.06,2.06,2.05,2.06,124792
GCI,20220106,2.05,2.06,2.05,2.05,105358
GCI,20220107,2.05,2.06,2.05,2.06,144507
GCI,20220110,2.06,2.06,2.05,2.05,191111
GCI,20220111,2.05,2.06,2.05,2.05,94820
GCI,20220112,2.06,2.07,2.05,2.07,72754
GCI,20220113,2.05,2.07,2.05,2.06,90117
GCI,20220114,2.06,2.07,2.06,2.06,84198
GCI,20220117,2.06,2.08,2.06,2.08,94146
GCI,20220118,2.07,2.08,2.07,2.07,45673
GCI,20220119,2.07,2.08,2.07,2.08,86513
GCI,20220120,2.08,2.08,2.07,2.07,233012
GCI,20220121,2.07,2.08,2.06,2.07,264129
GCI,20220124,2.06,2.07,2.05,2.05,598122
GCI,20220125,2.06,2.07,2.05,2.05,507361
GCI,20220127,2.06,2.07,2.06,2.07,60712
GCI,20220128,2.05,2.09,2.04,2.09,342769
GCI,20220131,2.08,2.08,2.06,2.06,133395
GCI,20220201,2.06,2.07,2.06,2.07,67384
GCI,20220202,2.06,2.07,2.06,2.07,120408
GCI,20220203,2.06,2.08,2.06,2.07,233752
GCI,20220204,2.07,2.07,2.06,2.07,43280
GCI,20220207,2.06,2.08,2.06,2.08,138261
GCI,20220208,2.07,2.08,2.06,2.065,58831
GCI,20220209,2.07,2.07,2.06,2.07,136921
GCI,20220210,2.08,2.08,2.07,2.07,40646
GCI,20220211,2.08,2.08,2.06,2.08,322061
GCI,20220214,2.08,2.08,2.06,2.08,121874
GCI,20220215,2.06,2.08,2.06,2.06,450391
GCI,20220216,2.06,2.07,2.05,2.07,277602
GCI,20220217,2.07,2.07,2.07,2.07,27413
GCI,20220218,2.07,2.08,2.06,2.07,246567
GCI,20220221,2.06,2.07,2.06,2.07,86294
GCI,20220222,2.06,2.07,2.06,2.06,271233
GCI,20220223,2.06,2.06,2.05,2.05,264457
GCI,20220224,2.06,2.07,2.05,2.05,222219
GCI,20220225,2.05,2.08,2.03,2.03,645816
GCI,20220228,2.04,2.05,2.03,2.03,590825
GCI,20220301,2.03,2.05,2.02,2.02,359102
GCI,20220302,2.02,2.03,2.02,2.025,135875
GCI,20220303,2.02,2.025,2.01,2.01,323188
GCI,20220304,2.03,2.03,2.02,2.03,233658
GCI,20220307,2.04,2.04,2.03,2.03,93311
GCI,20220308,2.03,2.04,2.01,2.01,236635
GCI,20220309,2.02,2.02,2,2.01,545603
GCI,20220310,2.01,2.03,2,2.03,178978
GCI,20220311,2.02,2.02,2.01,2.02,201768
GCI,20220314,2.02,2.02,2.02,2.02,68582
GCI,20220315,2.03,2.03,2.02,2.02,251773
GCI,20220316,0,0,0,0,0
GCI,20220317,2.04,2.05,2.03,2.03,111521
GCI,20220318,2.04,2.05,2.02,2.03,478282
GCI,20220321,2.02,2.03,2.02,2.02,304559
GCI,20220322,2.02,2.04,2.02,2.03,157410
GCI,20220323,2.03,2.04,2.02,2.03,256140
GCI,20220324,2.02,2.04,2.02,2.04,125245
GCI,20220325,2.035,2.04,2.02,2.04,197589
GCI,20220328,2.04,2.06,2.03,2.04,239605
GCI,20220329,2.04,2.05,2.04,2.05,92524
GCI,20220330,2.03,2.06,2.03,2.06,147573
GCI,20220331,2.05,2.06,2.04,2.06,174771
GCI,20220401,2.05,2.08,2.04,2.07,267925
GCI,20220404,2.07,2.07,2.06,2.07,66069
GCI,20220405,2.05,2.07,2.05,2.07,44233
GCI,20220406,2.06,2.07,2.06,2.07,143163
GCI,20220407,2.07,2.08,2.06,2.06,189577
GCI,20220408,2.06,2.07,2.05,2.05,297051
GCI,20220411,2.06,2.06,2.05,2.05,97253
GCI,20220412,2.05,2.07,2.05,2.05,69961
GCI,20220413,2.05,2.07,2.05,2.06,233939
GCI,20220414,2.06,2.06,2.05,2.06,211864
GCI,20220419,2.05,2.07,2.05,2.06,89743
GCI,20220420,2.05,2.06,2.05,2.06,107526
GCI,20220421,2.05,2.06,2.05,2.06,107526
GCI,20220422,2.06,2.06,2.05,2.06,132751
GCI,20220426,2.07,2.07,2.05,2.06,199919
GCI,20220427,2.06,2.06,2.04,2.06,245373
GCI,20220428,2.06,2.09,2.05,2.07,177507
GCI,20220429,2.06,2.06,2.05,2.05,244356
GCI,20220502,2.06,2.06,2.05,2.06,88955
GCI,20220503,2.05,2.06,2.04,2.05,194118
GCI,20220504,2.06,2.06,2.04,2.04,123882
GCI,20220505,2.05,2.06,2.04,2.04,242283
GCI,20220506,2.05,2.06,2.04,2.05,161054
GCI,20220509,2.045,2.06,2.04,2.05,133563
GCI,20220510,2.05,2.05,2.04,2.05,328420
GCI,20220511,2.05,2.06,2.04,2.05,254392
GCI,20220512,2.05,2.06,2.04,2.05,352781
GCI,20220513,2.05,2.05,2.03,2.04,134204
GCI,20220516,2.04,2.04,2.03,2.04,54858
GCI,20220517,2.04,2.04,2.03,2.03,171014
GCI,20220518,2.04,2.05,2.03,2.05,170505
GCI,20220519,2.04,2.05,2.04,2.05,287219
GCI,20220520,2.05,2.05,2.04,2.05,35622
GCI,20220523,2.05,2.05,2.05,2.05,8
GCI,20220524,2.04,2.05,2.04,2.04,20797
GCI,20220525,2.04,2.05,2.04,2.04,139124
GCI,20220526,2.04,2.05,2.04,2.04,83647
GCI,20220527,2.04,2.05,2.04,2.05,217073
GCI,20220530,2.045,2.05,2.04,2.04,90578
GCI,20220531,2.03,2.04,2.03,2.04,159809
GCI,20220601,2.03,2.04,2.02,2.02,226282
GCI,20220602,2.03,2.04,2.02,2.02,342713
GCI,20220603,2.02,2.03,2.02,2.03,166404
GCI,20220606,2.02,2.03,2.01,2.01,220291
GCI,20220607,2.01,2.02,1.995,2.02,207358
GCI,20220608,2.02,2.02,2,2,160577
GCI,20220609,2,2.01,1.98,1.99,387401
GCI,20220610,1.98,2.01,1.97,1.985,261406
GCI,20220614,1.95,1.95,1.805,1.85,219920
GCI,20220615,1.895,1.95,1.84,1.84,279398
GCI,20220616,1.895,1.925,1.87,1.9,196840
GCI,20220617,1.9,1.95,1.85,1.95,242518
GCI,20220620,1.95,1.95,1.915,1.925,109998
GCI,20220621,1.92,1.925,1.885,1.915,160267
GCI,20220622,1.92,1.92,1.9,1.92,188171
GCI,20220623,1.91,1.91,1.86,1.885,213950
GCI,20220624,1.9,1.9,1.865,1.88,207800
GCI,20220627,1.91,1.975,1.905,1.975,234265
GCI,20220628,1.965,2,1.96,1.975,147013
GCI,20220629,1.955,2,1.955,1.965,81841
GCI,20220630,1.965,2,1.96,1.965,69252
GCI,20220701,1.96,1.96,1.925,1.93,165109
GCI,20220704,1.93,1.97,1.93,1.965,32799
GCI,20220705,1.965,1.99,1.965,1.99,60507
GCI,20220706,1.985,2.03,1.97,2.03,214461
GCI,20220707,2.02,2.02,1.97,1.98,132827
GCI,20220708,1.98,2,1.98,2,187626
GCI,20220711,2,2,1.965,1.97,148122
GCI,20220712,1.965,1.99,1.95,1.98,143177
GCI,20220713,1.995,2.01,1.985,1.995,77208
GCI,20220714,1.98,1.99,1.965,1.975,77096
GCI,20220715,1.965,1.995,1.965,1.995,80186
GCI,20220718,1.99,2.01,1.99,2,302796
GCI,20220719,1.99,2.03,1.98,1.985,446670
GCI,20220720,1.985,2.01,1.985,1.99,415916
GCI,20220721,1.99,2,1.99,1.99,195993
GCI,20220722,1.99,2,1.99,2,213352
GCI,20220725,2,2.01,1.99,2,267277
GCI,20220726,2,2.03,1.995,1.995,274410
GCI,20220727,1.995,2,1.985,1.985,234687
GCI,20220728,1.995,2.01,1.985,1.995,190019
GCI,20220729,1.99,2,1.99,1.99,197917
GCI,20220801,2,2,1.97,1.995,262969
GCI,20220802,1.995,2.01,1.99,2.01,228516
GCI,20220803,2.01,2.01,2,2,102874
GCI,20220805,2.01,2.03,2,2.03,130704
GCI,20220808,2,2,1.995,2,328554
GCI,20220809,1.995,2,1.99,2,206447
GCI,20220810,2,2.01,1.99,2.01,103256
GCI,20220811,2.01,2.01,1.99,2,244584
GCI,20220812,1.995,2,1.99,2,244872
GCI,20220815,2,2.02,2,2.01,169948
GCI,20220816,2.01,2.02,2,2.02,238382
GCI,20220817,2.02,2.02,2,2,161855
GCI,20220818,2,2.01,2,2,98466
GCI,20220819,2.01,2.01,2,2,148551
GCI,20220822,1.995,2,1.98,2,500385
GCI,20220823,2,2,1.985,2,242692
GCI,20220824,2,2,1.99,1.99,176185
GCI,20220825,1.995,2,1.99,1.99,125253
GCI,20220826,2,2.01,1.99,2,167353
GCI,20220829,1.99,2,1.97,1.975,368645
GCI,20220830,1.975,1.98,1.975,1.98,193716
GCI,20220831,1.99,2,1.985,1.99,106449
GCI,20220901,1.975,1.985,1.97,1.985,112625
GCI,20220902,1.975,2,1.975,1.995,120050
GCI,20220905,1.99,2.01,1.99,1.99,288227
GCI,20220906,2.01,2.01,1.99,1.995,118247
GCI,20220907,1.99,2,1.98,1.985,108996
GCI,20220909,1.97,1.99,1.97,1.99,169706
GCI,20220912,1.98,1.995,1.98,1.995,101089
GCI,20220913,1.995,2.02,1.995,2.01,477769
GCI,20220914,2,2,1.98,1.985,315401
GCI,20220915,1.985,1.99,1.98,1.98,167700
GCI,20220916,1.98,1.99,1.975,1.99,158866
