GXY,20160212,0.145,0.155,0.145,0.15,2181484
GXY,20160215,0.16,0.16,0.15,0.155,1820304
GXY,20160216,0.155,0.155,0.15,0.15,1253057
GXY,20160217,0.155,0.17,0.155,0.165,4752643
GXY,20160218,0.17,0.18,0.165,0.18,4173028
GXY,20160219,0.18,0.195,0.175,0.19,83950199
GXY,20160222,0.2,0.205,0.2,0.2,8869518
GXY,20160223,0.2,0.205,0.195,0.195,7596233
GXY,20160224,0.2,0.2,0.185,0.19,2864385
GXY,20160225,0.195,0.195,0.18,0.18,1824201
GXY,20160226,0.18,0.185,0.175,0.175,2438351
GXY,20160229,0.18,0.18,0.17,0.17,1710813
GXY,20160301,0.17,0.185,0.17,0.185,4502254
GXY,20160302,0.19,0.205,0.18,0.205,5662319
GXY,20160303,0.205,0.215,0.195,0.2,11583197
GXY,20160304,0.21,0.225,0.21,0.215,10878327
GXY,20160307,0.215,0.215,0.215,0.215,0
GXY,20160308,0.245,0.245,0.22,0.225,9996906
GXY,20160309,0.23,0.235,0.215,0.215,4339636
GXY,20160310,0.22,0.225,0.215,0.225,3248176
GXY,20160311,0.225,0.235,0.225,0.225,2247858
GXY,20160314,0.23,0.235,0.225,0.225,2391486
GXY,20160315,0.225,0.225,0.21,0.21,3327728
GXY,20160316,0.21,0.215,0.205,0.205,3248338
GXY,20160317,0.215,0.215,0.205,0.205,1768948
GXY,20160318,0.21,0.22,0.205,0.215,2934374
GXY,20160321,0.22,0.235,0.22,0.23,5678695
GXY,20160322,0.24,0.255,0.235,0.25,7900796
GXY,20160323,0.25,0.25,0.24,0.24,3327400
GXY,20160324,0.245,0.245,0.235,0.24,2114223
GXY,20160329,0.25,0.265,0.25,0.255,8432609
GXY,20160330,0.26,0.267,0.255,0.265,7425826
GXY,20160331,0.265,0.275,0.25,0.255,6826251
GXY,20160401,0.26,0.27,0.255,0.255,7326970
GXY,20160404,0.26,0.28,0.26,0.28,8817646
GXY,20160405,0.28,0.29,0.275,0.28,8511138
GXY,20160406,0.275,0.28,0.265,0.265,8924242
GXY,20160407,0.275,0.29,0.265,0.29,6170018
GXY,20160408,0.29,0.325,0.29,0.32,15232650
GXY,20160411,0.345,0.37,0.335,0.345,32785668
GXY,20160412,0.365,0.37,0.355,0.355,11851815
GXY,20160413,0.355,0.365,0.335,0.34,8947436
GXY,20160414,0.35,0.355,0.34,0.345,5614494
GXY,20160415,0.345,0.4,0.345,0.4,12122757
GXY,20160418,0.425,0.445,0.41,0.415,16227489
GXY,20160419,0.425,0.435,0.415,0.425,9511292
GXY,20160420,0.44,0.485,0.435,0.485,13237158
GXY,20160421,0.485,0.492,0.41,0.45,22961024
GXY,20160422,0.45,0.455,0.43,0.43,10355944
GXY,20160426,0.425,0.43,0.345,0.38,32700527
GXY,20160427,0.385,0.395,0.34,0.355,21824542
GXY,20160428,0.35,0.37,0.345,0.37,10488796
GXY,20160429,0.375,0.395,0.375,0.385,7657741
GXY,20160502,0.39,0.39,0.36,0.365,5315751
GXY,20160503,0.37,0.385,0.37,0.385,5916495
GXY,20160504,0.385,0.402,0.38,0.385,7269826
GXY,20160505,0.385,0.39,0.37,0.37,3736441
GXY,20160506,0.385,0.4,0.375,0.375,9616337
GXY,20160509,0.39,0.43,0.39,0.43,15806070
GXY,20160510,0.435,0.44,0.41,0.425,9611790
GXY,20160511,0.43,0.46,0.425,0.455,9342622
GXY,20160512,0.445,0.452,0.43,0.44,8516365
GXY,20160513,0.46,0.46,0.427,0.43,9294686
GXY,20160516,0.43,0.435,0.382,0.39,8934723
GXY,20160517,0.4,0.407,0.38,0.385,3145417
GXY,20160518,0.41,0.43,0.407,0.42,11359583
GXY,20160519,0.42,0.42,0.395,0.4,8701028
GXY,20160520,0.39,0.395,0.38,0.38,4966370
GXY,20160523,0.39,0.41,0.39,0.41,6462086
GXY,20160524,0.415,0.425,0.395,0.405,5323503
GXY,20160525,0.4,0.402,0.385,0.395,2643700
GXY,20160526,0.395,0.395,0.395,0.395,0
GXY,20160527,0.395,0.395,0.395,0.395,0
GXY,20160530,0.44,0.52,0.425,0.44,34102466
GXY,20160531,0.455,0.47,0.45,0.465,31520232
GXY,20160601,0.48,0.515,0.48,0.5,28449680
GXY,20160602,0.515,0.515,0.47,0.485,12883206
GXY,20160603,0.495,0.495,0.475,0.48,7369493
GXY,20160606,0.48,0.485,0.465,0.47,9553067
GXY,20160607,0.475,0.49,0.47,0.48,8064899
GXY,20160608,0.485,0.53,0.48,0.515,22644553
GXY,20160609,0.54,0.58,0.535,0.545,20195323
GXY,20160610,0.54,0.562,0.52,0.525,6721120
GXY,20160614,0.525,0.527,0.5,0.5,6801665
GXY,20160615,0.49,0.495,0.46,0.49,11190809
GXY,20160616,0.5,0.505,0.48,0.485,3911926
GXY,20160617,0.48,0.485,0.465,0.475,8036252
GXY,20160620,0.47,0.512,0.46,0.48,10822628
GXY,20160621,0.49,0.52,0.485,0.52,9024870
GXY,20160622,0.52,0.53,0.5,0.5,6822872
GXY,20160623,0.5,0.52,0.49,0.5,5098432
GXY,20160624,0.505,0.515,0.45,0.46,17815284
GXY,20160627,0.455,0.465,0.43,0.465,10300182
GXY,20160628,0.465,0.5,0.46,0.495,5729611
GXY,20160629,0.51,0.515,0.495,0.5,9881496
GXY,20160630,0.5,0.505,0.49,0.495,8322141
GXY,20160701,0.495,0.51,0.495,0.5,4475858
GXY,20160704,0.505,0.53,0.5,0.525,9675730
GXY,20160705,0.53,0.535,0.495,0.505,7360978
GXY,20160706,0.505,0.505,0.495,0.505,3278883
GXY,20160707,0.5,0.505,0.49,0.5,3770729
GXY,20160708,0.5,0.51,0.497,0.51,2351287
GXY,20160711,0.52,0.525,0.5,0.51,6382052
GXY,20160712,0.505,0.51,0.49,0.49,5174299
GXY,20160713,0.495,0.495,0.47,0.48,6399525
GXY,20160714,0.49,0.495,0.485,0.49,2459909
GXY,20160715,0.49,0.495,0.48,0.485,2311701
GXY,20160718,0.495,0.495,0.465,0.475,6663005
GXY,20160719,0.48,0.49,0.47,0.49,4118370
GXY,20160720,0.49,0.492,0.48,0.48,2930696
GXY,20160721,0.49,0.49,0.445,0.445,8801545
GXY,20160722,0.445,0.46,0.44,0.44,5988022
GXY,20160725,0.455,0.465,0.45,0.45,3092727
GXY,20160726,0.45,0.455,0.44,0.445,3529210
GXY,20160727,0.445,0.46,0.435,0.45,3517293
GXY,20160728,0.46,0.495,0.455,0.485,6902542
GXY,20160729,0.49,0.49,0.465,0.47,4447117
GXY,20160801,0.48,0.495,0.475,0.475,3809242
GXY,20160802,0.48,0.485,0.47,0.47,1923958
GXY,20160803,0.47,0.475,0.45,0.46,5078033
GXY,20160804,0.475,0.48,0.465,0.47,1718039
GXY,20160805,0.475,0.485,0.47,0.47,3430158
GXY,20160808,0.475,0.48,0.465,0.47,2201921
GXY,20160809,0.47,0.48,0.465,0.47,2528537
GXY,20160810,0.47,0.472,0.43,0.44,7411354
GXY,20160811,0.43,0.43,0.405,0.405,11731400
GXY,20160812,0.405,0.415,0.38,0.41,13554394
GXY,20160815,0.41,0.41,0.377,0.39,12862314
GXY,20160816,0.39,0.39,0.365,0.385,17506205
GXY,20160817,0.375,0.375,0.35,0.355,12617203
GXY,20160818,0.35,0.405,0.325,0.405,49162624
GXY,20160822,0.415,0.425,0.387,0.395,11015297
GXY,20160823,0.39,0.417,0.39,0.405,10481658
GXY,20160824,0.415,0.415,0.397,0.41,4814007
GXY,20160825,0.4,0.405,0.385,0.395,9753071
GXY,20160826,0.39,0.39,0.37,0.375,5924151
GXY,20160829,0.37,0.375,0.35,0.37,7735530
GXY,20160830,0.36,0.395,0.355,0.39,7750564
GXY,20160831,0.39,0.4,0.375,0.4,9015984
GXY,20160901,0.385,0.392,0.375,0.38,6860768
GXY,20160902,0.39,0.405,0.385,0.39,16236721
GXY,20160905,0.4,0.415,0.39,0.405,13100942
GXY,20160906,0.41,0.415,0.387,0.395,14270219
GXY,20160907,0.395,0.405,0.395,0.405,6707033
GXY,20160908,0.4,0.4,0.39,0.395,5634631
GXY,20160909,0.39,0.39,0.36,0.37,14528805
GXY,20160912,0.35,0.355,0.32,0.325,25106184
GXY,20160913,0.335,0.355,0.33,0.355,14958534
GXY,20160914,0.35,0.365,0.35,0.36,13093077
GXY,20160915,0.365,0.367,0.355,0.36,8540481
GXY,20160916,0.365,0.385,0.362,0.38,101211182
GXY,20160919,0.385,0.395,0.38,0.382,6745916
GXY,20160920,0.38,0.38,0.347,0.355,30046240
GXY,20160921,0.35,0.355,0.325,0.33,17173477
GXY,20160922,0.34,0.34,0.32,0.32,13799355
GXY,20160923,0.325,0.335,0.295,0.305,21623657
GXY,20160926,0.295,0.312,0.285,0.3,30168739
GXY,20160927,0.305,0.325,0.305,0.32,18784803
GXY,20160928,0.325,0.325,0.285,0.295,19574265
GXY,20160929,0.3,0.305,0.29,0.3,11346668
GXY,20160930,0.305,0.33,0.3,0.325,13334440
GXY,20161003,0.33,0.33,0.312,0.32,8265199
GXY,20161004,0.325,0.365,0.317,0.365,16500640
GXY,20161005,0.36,0.375,0.34,0.355,22350462
GXY,20161006,0.36,0.375,0.34,0.34,8851817
GXY,20161007,0.35,0.36,0.33,0.335,9991766
GXY,20161010,0.335,0.34,0.32,0.325,4614586
GXY,20161011,0.32,0.33,0.315,0.315,5289096
GXY,20161012,0.32,0.327,0.31,0.315,5768505
GXY,20161013,0.315,0.32,0.3,0.305,9346594
GXY,20161014,0.305,0.335,0.3,0.33,10183474
GXY,20161017,0.34,0.345,0.315,0.325,10590634
GXY,20161018,0.325,0.335,0.32,0.325,6403894
GXY,20161019,0.335,0.347,0.33,0.345,9348319
GXY,20161020,0.345,0.35,0.335,0.345,7314190
GXY,20161021,0.345,0.355,0.34,0.345,4410293
GXY,20161024,0.35,0.35,0.335,0.34,4554504
GXY,20161025,0.34,0.347,0.335,0.345,3364681
GXY,20161026,0.345,0.35,0.34,0.345,5332678
GXY,20161027,0.35,0.35,0.33,0.33,6333956
GXY,20161028,0.345,0.345,0.33,0.33,7587908
GXY,20161031,0.335,0.355,0.33,0.35,7597026
GXY,20161101,0.35,0.355,0.345,0.35,3997700
GXY,20161102,0.345,0.35,0.345,0.345,3668407
GXY,20161103,0.345,0.345,0.325,0.33,8676930
GXY,20161104,0.33,0.337,0.32,0.335,7314159
GXY,20161107,0.335,0.34,0.325,0.33,3797601
GXY,20161108,0.33,0.34,0.325,0.33,4390801
GXY,20161109,0.33,0.34,0.3,0.3,15138129
GXY,20161110,0.32,0.335,0.315,0.32,9685290
GXY,20161111,0.33,0.38,0.33,0.36,29007078
GXY,20161114,0.365,0.37,0.35,0.36,10230078
GXY,20161115,0.36,0.36,0.345,0.35,11849517
GXY,20161116,0.365,0.365,0.345,0.355,8870887
GXY,20161117,0.355,0.357,0.345,0.35,5181211
GXY,20161118,0.355,0.36,0.345,0.355,5147721
GXY,20161121,0.36,0.36,0.35,0.35,4350917
GXY,20161122,0.355,0.375,0.35,0.37,10018806
GXY,20161123,0.38,0.4,0.37,0.395,16718388
GXY,20161124,0.395,0.4,0.385,0.4,10233965
GXY,20161125,0.4,0.4,0.395,0.4,2015477
GXY,20161128,0.405,0.42,0.402,0.41,11101150
GXY,20161129,0.42,0.427,0.41,0.42,14701310
GXY,20161130,0.42,0.43,0.41,0.43,11804651
GXY,20161201,0.44,0.477,0.437,0.465,24400824
GXY,20161202,0.47,0.475,0.455,0.475,11440760
GXY,20161205,0.465,0.47,0.435,0.44,13759537
GXY,20161206,0.45,0.455,0.44,0.445,5968615
GXY,20161207,0.45,0.475,0.43,0.47,15321695
GXY,20161208,0.48,0.52,0.475,0.51,31782478
GXY,20161209,0.5,0.525,0.497,0.505,16424806
GXY,20161212,0.505,0.505,0.485,0.49,8045690
GXY,20161213,0.485,0.49,0.46,0.46,15967045
GXY,20161214,0.51,0.53,0.495,0.515,34781634
GXY,20161215,0.51,0.51,0.495,0.5,14673160
GXY,20161216,0.5,0.515,0.495,0.515,15153496
GXY,20161219,0.515,0.52,0.505,0.51,6756277
GXY,20161220,0.51,0.51,0.48,0.485,10292884
GXY,20161221,0.49,0.5,0.485,0.495,8236297
GXY,20161222,0.495,0.5,0.49,0.495,3737706
GXY,20161223,0.495,0.505,0.495,0.5,8293903
GXY,20161228,0.5,0.52,0.5,0.505,8928305
GXY,20161229,0.505,0.525,0.5,0.52,9060781
GXY,20161230,0.52,0.525,0.515,0.525,5981165
GXY,20170103,0.535,0.555,0.535,0.555,14579401
GXY,20170104,0.545,0.562,0.54,0.555,15977554
GXY,20170105,0.555,0.575,0.555,0.575,10004977
GXY,20170106,0.58,0.59,0.55,0.56,12041284
GXY,20170109,0.565,0.595,0.565,0.595,11137607
GXY,20170110,0.6,0.615,0.595,0.595,16434419
GXY,20170111,0.6,0.625,0.595,0.625,17147256
GXY,20170112,0.635,0.66,0.635,0.66,14747608
GXY,20170113,0.665,0.695,0.64,0.66,23674796
GXY,20170116,0.65,0.67,0.615,0.67,17905538
GXY,20170117,0.67,0.67,0.637,0.64,11219904
GXY,20170118,0.645,0.65,0.63,0.645,12730840
GXY,20170119,0.64,0.645,0.59,0.6,24404782
GXY,20170120,0.6,0.637,0.58,0.625,28958374
GXY,20170123,0.635,0.642,0.615,0.62,11933721
GXY,20170124,0.62,0.64,0.61,0.635,13701676
GXY,20170125,0.635,0.64,0.62,0.625,12383377
GXY,20170127,0.63,0.63,0.615,0.63,6684749
GXY,20170130,0.625,0.63,0.615,0.62,4719820
GXY,20170131,0.615,0.622,0.605,0.61,6926929
GXY,20170201,0.605,0.61,0.572,0.59,18269489
GXY,20170202,0.6,0.615,0.595,0.6,14262565
GXY,20170203,0.6,0.61,0.59,0.595,4152862
GXY,20170206,0.595,0.595,0.595,0.595,0
GXY,20170207,0.595,0.595,0.595,0.595,0
GXY,20170208,0.56,0.585,0.555,0.56,21449733
GXY,20170209,0.56,0.565,0.545,0.55,11727549
GXY,20170210,0.565,0.59,0.565,0.58,14251641
GXY,20170213,0.585,0.59,0.562,0.57,9382016
GXY,20170214,0.57,0.575,0.56,0.565,26125253
GXY,20170215,0.56,0.56,0.535,0.54,27354118
GXY,20170216,0.535,0.545,0.515,0.525,18110351
GXY,20170217,0.535,0.54,0.525,0.54,7373066
GXY,20170220,0.54,0.555,0.535,0.555,14928740
GXY,20170221,0.56,0.57,0.55,0.56,12605668
GXY,20170222,0.565,0.57,0.54,0.55,9546068
GXY,20170223,0.545,0.545,0.52,0.52,9570384
GXY,20170224,0.525,0.535,0.492,0.5,18534898
GXY,20170227,0.495,0.52,0.495,0.51,7481959
GXY,20170228,0.515,0.53,0.485,0.5,19503362
GXY,20170301,0.5,0.51,0.49,0.505,7943724
GXY,20170302,0.515,0.517,0.492,0.51,9617278
GXY,20170303,0.5,0.51,0.477,0.48,8841672
GXY,20170306,0.47,0.475,0.455,0.475,17030099
GXY,20170307,0.47,0.47,0.435,0.45,20207275
GXY,20170308,0.445,0.465,0.437,0.445,21581992
GXY,20170309,0.45,0.47,0.445,0.45,9712698
GXY,20170310,0.455,0.46,0.45,0.45,5316512
GXY,20170313,0.46,0.47,0.455,0.47,8464051
GXY,20170314,0.48,0.49,0.475,0.48,11599156
GXY,20170315,0.485,0.485,0.46,0.465,10532560
GXY,20170316,0.47,0.5,0.462,0.495,13957939
GXY,20170317,0.5,0.53,0.5,0.53,24035302
GXY,20170320,0.53,0.535,0.51,0.52,7689238
GXY,20170321,0.53,0.535,0.515,0.53,9687320
GXY,20170322,0.52,0.525,0.5,0.515,10917164
GXY,20170323,0.515,0.52,0.495,0.505,8508586
GXY,20170324,0.505,0.51,0.495,0.5,5125230
GXY,20170327,0.5,0.5,0.477,0.485,5834123
GXY,20170328,0.485,0.495,0.465,0.48,8847681
GXY,20170329,0.48,0.48,0.46,0.46,13122708
GXY,20170330,0.46,0.465,0.45,0.455,38921908
GXY,20170331,0.46,0.465,0.445,0.455,7880535
GXY,20170403,0.455,0.46,0.43,0.435,12983445
GXY,20170404,0.445,0.45,0.412,0.415,25902755
GXY,20170405,0.415,0.455,0.405,0.445,34116777
GXY,20170406,0.45,0.475,0.437,0.475,22055279
GXY,20170407,0.48,0.49,0.46,0.46,11584414
GXY,20170410,0.47,0.475,0.45,0.465,7722013
GXY,20170411,0.45,0.452,0.435,0.44,12201027
GXY,20170412,0.44,0.44,0.415,0.42,18027533
GXY,20170413,0.425,0.43,0.425,0.425,5326955
GXY,20170418,0.42,0.43,0.405,0.415,22884500
GXY,20170419,0.415,0.42,0.4,0.41,12261517
GXY,20170420,0.405,0.42,0.402,0.41,12373584
GXY,20170421,0.415,0.43,0.41,0.425,15990948
GXY,20170424,0.43,0.435,0.42,0.425,6465805
GXY,20170426,0.435,0.435,0.422,0.43,10935940
GXY,20170427,0.425,0.437,0.42,0.43,9408914
GXY,20170428,0.435,0.435,0.422,0.425,12309079
GXY,20170501,0.425,0.425,0.41,0.42,14746861
GXY,20170502,0.42,0.425,0.41,0.415,6274249
GXY,20170503,0.42,0.425,0.415,0.42,7554165
GXY,20170504,0.42,0.425,0.41,0.41,8359790
GXY,20170505,0.41,0.42,0.405,0.41,24772514
GXY,20170508,0.41,0.435,0.405,0.43,17644014
GXY,20170509,0.445,0.485,0.43,0.475,30643237
GXY,20170510,0.48,0.5,0.472,0.495,16045730
GXY,20170511,0.495,0.495,0.465,0.48,15524655
GXY,20170512,0.475,0.49,0.47,0.475,15151759
GXY,20170515,0.48,0.5,0.475,0.495,14794247
GXY,20170516,0.495,0.505,0.485,0.495,15760691
GXY,20170517,0.495,0.495,0.455,0.46,16184961
GXY,20170518,0.44,0.445,0.42,0.435,31780929
GXY,20170519,0.44,0.445,0.43,0.435,7175546
GXY,20170531,2.33,2.37,2.265,2.28,1142963
GXY,20170601,2.27,2.28,2.23,2.24,2081622
GXY,20170602,2.28,2.33,2.25,2.25,2126490
GXY,20170605,2.26,2.285,2.17,2.19,1924792
GXY,20170606,2.19,2.21,2.04,2.06,3646663
GXY,20170607,2.08,2.085,2,2,3498057
GXY,20170608,2.02,2.06,1.96,1.975,3887585
GXY,20170609,1.98,2.05,1.92,2.03,3668557
GXY,20170613,2.05,2.05,1.91,1.92,3100706
GXY,20170614,1.96,1.97,1.74,1.755,8628638
GXY,20170615,1.68,1.7,1.52,1.55,17292933
GXY,20170616,1.62,1.702,1.59,1.64,11478824
GXY,20170619,1.69,1.72,1.655,1.665,7263392
GXY,20170620,1.695,1.76,1.675,1.745,5236610
GXY,20170621,1.75,1.755,1.68,1.685,3877631
GXY,20170622,1.68,1.68,1.625,1.63,3129932
GXY,20170623,1.64,1.64,1.61,1.63,1850041
GXY,20170626,1.65,1.68,1.645,1.655,1700537
GXY,20170627,1.665,1.68,1.645,1.645,4423597
GXY,20170628,1.645,1.675,1.615,1.655,2836011
GXY,20170629,1.655,1.7,1.655,1.675,2339069
GXY,20170630,1.67,1.705,1.65,1.655,2769765
GXY,20170703,1.665,1.67,1.605,1.61,2460025
GXY,20170704,1.61,1.74,1.6,1.72,4546398
GXY,20170705,1.73,1.905,1.69,1.86,5979554
GXY,20170706,1.97,2.07,1.92,2,8281906
GXY,20170707,2.02,2.105,1.985,2.1,6410076
GXY,20170710,2.16,2.28,2.1,2.15,7972514
GXY,20170711,2.16,2.19,2.1,2.13,3133560
GXY,20170712,2.13,2.13,2.02,2.05,3898758
GXY,20170713,2.05,2.05,1.975,1.985,4896436
GXY,20170714,1.99,1.995,1.915,1.93,3440970
GXY,20170717,1.98,1.98,1.832,1.845,4344498
GXY,20170718,1.85,1.855,1.77,1.785,4025273
GXY,20170719,1.79,1.875,1.725,1.84,6213417
GXY,20170720,1.855,1.88,1.82,1.855,2315974
GXY,20170721,1.86,1.94,1.835,1.925,2443835
GXY,20170724,1.92,1.945,1.785,1.8,4666734
GXY,20170725,1.805,1.84,1.8,1.82,1707636
GXY,20170726,1.85,1.92,1.84,1.89,2845851
GXY,20170727,1.915,1.925,1.87,1.875,2407649
GXY,20170728,1.88,1.88,1.805,1.825,3029302
GXY,20170731,1.835,1.885,1.835,1.84,2109340
GXY,20170801,1.85,1.875,1.83,1.85,2108045
GXY,20170802,1.86,1.9,1.835,1.835,1793775
GXY,20170803,1.88,1.895,1.85,1.87,2366294
GXY,20170804,1.885,2.03,1.88,2.03,5561856
GXY,20170807,2.09,2.09,1.96,2,3833785
GXY,20170808,2.02,2.05,1.965,1.975,2379927
GXY,20170809,1.99,2,1.92,1.93,2046852
GXY,20170810,1.95,1.985,1.95,1.975,2168395
GXY,20170811,1.94,1.945,1.88,1.895,2621272
GXY,20170815,1.885,1.942,1.862,1.9,2323297
GXY,20170816,1.915,1.93,1.89,1.925,2566344
GXY,20170817,1.95,1.95,1.91,1.925,2588001
GXY,20170818,1.9,1.93,1.89,1.91,1528445
GXY,20170821,1.9,1.917,1.815,1.83,3486326
GXY,20170822,1.81,1.812,1.745,1.75,4554957
GXY,20170823,1.75,1.78,1.72,1.73,3280872
GXY,20170824,1.745,1.775,1.72,1.755,3241649
GXY,20170825,1.81,1.84,1.755,1.77,3509191
GXY,20170828,1.785,1.785,1.745,1.745,1895748
GXY,20170829,1.74,1.75,1.71,1.72,2002583
GXY,20170830,1.74,1.765,1.73,1.76,2388113
GXY,20170831,1.78,1.905,1.755,1.9,5178884
GXY,20170901,1.93,2.05,1.922,2.04,7349673
GXY,20170904,2.06,2.125,2.055,2.11,5070713
GXY,20170905,2.12,2.12,1.975,2.03,5240871
GXY,20170906,2.01,2.18,2.01,2.18,5092647
GXY,20170907,2.2,2.28,2.19,2.27,6579928
GXY,20170908,2.28,2.285,2.15,2.22,3342610
GXY,20170911,2.24,2.37,2.23,2.37,4983613
GXY,20170912,2.47,2.65,2.43,2.65,8113042
GXY,20170913,2.61,2.78,2.53,2.57,9852714
GXY,20170914,2.72,2.74,2.6,2.65,5931265
GXY,20170915,2.65,2.67,2.54,2.63,3927119
GXY,20170918,2.67,2.72,2.61,2.67,3833345
GXY,20170919,2.71,2.82,2.71,2.82,7152424
GXY,20170920,2.85,2.86,2.735,2.75,6019776
GXY,20170921,2.75,2.75,2.55,2.6,7295555
GXY,20170922,2.54,2.57,2.46,2.52,5943654
GXY,20170925,2.49,2.54,2.41,2.42,3721547
GXY,20170926,2.4,2.59,2.36,2.55,6026382
GXY,20170927,2.59,2.63,2.43,2.45,6866311
GXY,20170928,2.48,2.52,2.46,2.49,3529658
GXY,20170929,2.56,2.6,2.52,2.6,6383760
GXY,20171002,2.63,2.74,2.61,2.74,3899694
GXY,20171003,2.79,3.03,2.72,2.9,12345421
GXY,20171004,2.92,2.99,2.82,2.97,7647904
GXY,20171005,3,3.08,2.99,3.06,5526215
GXY,20171006,3.1,3.21,3.015,3.11,8092694
GXY,20171009,3.05,3.09,3.01,3.02,3687140
GXY,20171010,3.02,3.16,2.91,3.14,6555104
GXY,20171011,3.14,3.17,3.05,3.14,6597215
GXY,20171012,3.15,3.165,3.07,3.14,3477675
GXY,20171013,3.19,3.32,3.16,3.3,6148208
GXY,20171016,3.35,3.545,3.33,3.54,9338627
GXY,20171017,3.62,3.735,3.47,3.49,12087995
GXY,20171018,3.44,3.65,3.33,3.64,8456731
GXY,20171019,3.7,3.84,3.69,3.84,12640558
GXY,20171020,3.75,3.82,3.73,3.77,4791001
GXY,20171023,3.79,3.82,3.75,3.77,3712564
GXY,20171024,3.76,3.82,3.62,3.74,6090662
GXY,20171025,3.74,3.82,3.69,3.7,5112187
GXY,20171026,3.7,3.76,3.42,3.46,7716074
GXY,20171027,3.4,3.58,3.37,3.44,6319315
GXY,20171030,3.52,3.54,3.42,3.46,4937966
GXY,20171031,3.5,3.52,3.41,3.45,4366606
GXY,20171101,3.48,3.72,3.45,3.71,5651430
GXY,20171102,3.79,3.79,3.61,3.69,4095782
GXY,20171103,3.67,3.75,3.65,3.71,4361907
GXY,20171106,3.72,3.84,3.695,3.83,5435034
GXY,20171107,3.85,3.935,3.69,3.91,6919520
GXY,20171108,3.89,3.915,3.84,3.86,3360365
GXY,20171109,3.9,4,3.9,3.92,4675964
GXY,20171110,3.9,4,3.9,3.92,4675964
GXY,20171113,3.91,3.92,3.83,3.85,3038691
GXY,20171114,3.85,4.08,3.85,4.02,5954501
GXY,20171115,3.96,3.97,3.835,3.88,5215996
GXY,20171116,3.87,3.87,3.75,3.79,3963791
GXY,20171117,3.81,3.9,3.72,3.73,3373242
GXY,20171120,3.76,3.83,3.63,3.64,2883354
GXY,20171121,3.65,3.72,3.54,3.54,3957561
GXY,20171122,3.54,3.73,3.52,3.68,3221058
GXY,20171123,3.7,3.75,3.58,3.6,2656210
GXY,20171124,3.6,3.65,3.59,3.62,1295803
GXY,20171127,3.65,3.75,3.64,3.69,2025995
GXY,20171128,3.72,3.72,3.54,3.59,3010123
GXY,20171129,3.72,3.9,3.67,3.9,7252475
GXY,20171130,3.91,3.95,3.83,3.85,4146705
GXY,20171201,3.88,3.92,3.78,3.8,2382242
GXY,20171204,3.91,3.91,3.8,3.83,3807070
GXY,20171205,3.79,3.79,3.58,3.6,4125937
GXY,20171206,3.57,3.6,3.41,3.44,5563770
GXY,20171207,3.41,3.44,3.33,3.37,5161729
GXY,20171208,3.43,3.55,3.41,3.47,3468243
GXY,20171211,3.53,3.53,3.41,3.42,2672039
GXY,20171212,3.48,3.5,3.36,3.42,3259792
GXY,20171213,3.45,3.67,3.41,3.65,5344375
GXY,20171214,3.69,3.835,3.66,3.78,4928033
GXY,20171215,3.83,3.86,3.71,3.72,3486285
GXY,20171218,3.76,3.92,3.72,3.91,5729253
GXY,20171219,3.91,3.975,3.88,3.95,3700479
GXY,20171220,3.91,4.015,3.82,3.95,4683640
GXY,20171221,3.9,3.97,3.85,3.9,3028831
GXY,20171222,3.9,3.94,3.85,3.88,2210285
GXY,20171227,3.86,3.92,3.83,3.91,1514563
GXY,20171228,3.94,3.95,3.88,3.9,1674969
GXY,20171229,3.9,3.91,3.82,3.83,1413423
GXY,20180102,3.84,3.9,3.72,3.87,2350296
GXY,20180103,3.9,3.99,3.88,3.96,3300896
GXY,20180104,3.99,4.08,3.99,4.03,4986213
GXY,20180105,4.08,4.23,4.075,4.2,7165614
GXY,20180108,4.27,4.34,4.23,4.27,3590842
GXY,20180109,4.3,4.465,4.3,4.4,5266569
GXY,20180110,4.45,4.54,4.4,4.46,4419046
GXY,20180111,4.42,4.42,3.965,3.98,11288377
GXY,20180112,4.07,4.295,4.06,4.24,4881056
GXY,20180115,4.34,4.4,4.21,4.3,5122770
GXY,20180116,4.42,4.44,4.195,4.26,6358095
GXY,20180117,4.14,4.18,4.01,4.07,4311073
GXY,20180118,4.04,4.1,3.77,3.8,9762647
GXY,20180119,3.67,3.68,3.4,3.52,16312475
GXY,20180122,3.51,3.53,3.38,3.45,6684984
GXY,20180123,3.47,3.645,3.46,3.6,7702052
GXY,20180124,3.62,3.64,3.5,3.52,4879186
GXY,20180125,3.52,3.53,3.41,3.48,3288406
GXY,20180129,3.5,3.59,3.47,3.56,4497130
GXY,20180130,3.5,3.55,3.42,3.43,4080687
GXY,20180131,3.4,3.4,3.29,3.32,5873097
GXY,20180201,3.32,3.455,3.32,3.39,4785735
GXY,20180202,3.36,3.36,3.2,3.2,5279440
GXY,20180205,3,3.07,2.95,3.05,9279082
GXY,20180207,3.15,3.24,3.13,3.21,7189280
GXY,20180208,3.22,3.22,3.06,3.11,5342649
GXY,20180209,3,3.13,2.95,3.04,4629074
GXY,20180212,3.13,3.25,3.04,3.21,4719812
GXY,20180213,3.38,3.48,3.32,3.44,7131461
GXY,20180214,3.48,3.49,3.27,3.34,6564118
GXY,20180215,3.45,3.525,3.42,3.49,4525082
GXY,20180216,3.53,3.54,3.41,3.44,2036004
GXY,20180219,3.4,3.51,3.38,3.47,1932575
GXY,20180220,3.48,3.48,3.37,3.42,2434564
GXY,20180221,3.37,3.41,3.36,3.37,1514309
GXY,20180222,3.37,3.485,3.35,3.45,1381678
GXY,20180223,3.49,3.505,3.42,3.45,1477280
GXY,20180226,3.52,3.52,3.41,3.44,7270327
GXY,20180227,3.3,3.33,3.18,3.29,5641147
GXY,20180228,3.3,3.515,3.3,3.5,5225568
GXY,20180301,3.37,3.38,3.27,3.33,5287422
GXY,20180302,3.23,3.23,3.095,3.11,6049485
GXY,20180305,3.11,3.14,2.94,2.98,6469387
GXY,20180306,3.04,3.1,2.925,2.93,5788898
GXY,20180307,2.92,2.97,2.87,2.91,4710845
GXY,20180308,2.96,3.045,2.95,3.03,5102396
GXY,20180309,3.05,3.14,3.02,3.04,3340885
GXY,20180312,3.13,3.13,3.045,3.09,2126976
GXY,20180313,3.09,3.2,3.07,3.2,3375893
GXY,20180314,3.17,3.51,3.16,3.49,6857379
GXY,20180315,3.45,3.53,3.36,3.52,5051440
GXY,20180316,3.51,3.575,3.43,3.57,3650610
GXY,20180319,3.55,3.55,3.41,3.43,2444789
GXY,20180320,3.32,3.37,3.245,3.34,2784689
GXY,20180321,3.35,3.4,3.335,3.35,1621994
GXY,20180322,3.36,3.46,3.35,3.38,2455777
GXY,20180323,3.28,3.37,3.25,3.28,2652867
GXY,20180326,3.25,3.25,3.11,3.16,3644580
GXY,20180327,3.21,3.27,3.18,3.23,2904507
GXY,20180328,3.18,3.18,3.06,3.08,3045556
GXY,20180329,3.05,3.06,2.96,2.96,3913165
GXY,20180403,2.92,3.025,2.88,2.97,2666427
GXY,20180404,3,3,2.9,2.92,2526986
GXY,20180405,2.92,2.97,2.88,2.89,3995713
GXY,20180406,2.92,3.08,2.9,3.04,3401976
GXY,20180409,3.02,3.06,2.97,3.05,2288117
GXY,20180410,3.02,3.1,3.02,3.08,2309782
GXY,20180411,3.07,3.11,2.97,2.98,2562809
GXY,20180412,2.98,3.04,2.96,2.96,1972036
GXY,20180413,3,3.01,2.91,2.91,2897640
GXY,20180416,2.92,2.96,2.86,2.89,2828384
GXY,20180417,2.87,2.96,2.79,2.8,5461170
GXY,20180418,2.83,2.9,2.73,2.87,3445867
GXY,20180419,2.9,3.02,2.89,2.94,8369933
GXY,20180420,2.96,3.04,2.91,3.03,4138464
GXY,20180423,2.97,2.98,2.8,2.94,4719399
GXY,20180424,2.9,2.92,2.82,2.87,2466869
GXY,20180426,2.83,2.93,2.83,2.89,3008073
GXY,20180427,2.89,2.93,2.86,2.88,1323640
GXY,20180430,2.92,3.08,2.92,3.06,2539163
GXY,20180501,3.1,3.175,3.05,3.15,4785719
GXY,20180502,3.14,3.27,3.13,3.26,3207622
GXY,20180503,3.26,3.33,3.2,3.26,4887374
GXY,20180504,3.28,3.29,3.16,3.23,2718081
GXY,20180507,3.28,3.32,3.245,3.3,2508114
GXY,20180508,3.3,3.31,3.25,3.27,2111017
GXY,20180509,3.27,3.29,3.24,3.27,1727784
GXY,20180510,3.3,3.32,3.17,3.2,3167287
GXY,20180511,3.21,3.21,3.1,3.12,1857753
GXY,20180514,3.14,3.23,3.12,3.21,1100073
GXY,20180515,3.24,3.26,3.07,3.09,2641371
GXY,20180516,3.08,3.13,3.03,3.11,1891534
GXY,20180517,3.18,3.37,3.16,3.37,7620781
GXY,20180518,3.38,3.44,3.22,3.24,2722694
GXY,20180521,3.26,3.32,3.23,3.31,1439595
GXY,20180522,3.3,3.31,3.19,3.21,1537713
GXY,20180523,3.16,3.21,3.11,3.12,1617684
GXY,20180524,3.1,3.11,3.01,3.02,3065626
GXY,20180525,2.9,2.98,2.89,2.97,3174186
GXY,20180528,2.97,3.01,2.95,2.99,1570718
GXY,20180529,3.53,3.53,3.28,3.42,10627964
GXY,20180530,3.38,3.39,3.285,3.34,4094911
GXY,20180531,3.45,3.58,3.44,3.49,7177776
GXY,20180601,3.48,3.5,3.43,3.49,2139368
GXY,20180604,3.57,3.66,3.57,3.59,4324669
GXY,20180605,3.58,3.64,3.54,3.55,3049694
GXY,20180606,3.57,3.58,3.43,3.44,4896404
GXY,20180607,3.47,3.51,3.38,3.42,2129580
GXY,20180608,3.41,3.49,3.39,3.42,2281711
GXY,20180612,3.44,3.44,3.31,3.37,3633433
GXY,20180613,3.34,3.37,3.2,3.21,3136195
GXY,20180614,3.2,3.32,3.185,3.27,1960323
GXY,20180615,3.3,3.37,3.25,3.25,3123852
GXY,20180618,3.18,3.21,3.12,3.13,3506515
GXY,20180619,3.14,3.18,3.03,3.03,3217950
GXY,20180620,3.02,3.14,3,3.13,2044208
GXY,20180621,3.18,3.18,3.06,3.07,2330750
GXY,20180622,3.07,3.08,3.02,3.04,1966548
GXY,20180625,3.07,3.15,3.06,3.09,2178718
GXY,20180626,3.04,3.08,3.01,3.03,2042249
GXY,20180627,3.02,3.06,2.97,2.97,2352744
GXY,20180628,2.99,3.04,2.93,2.99,3866135
GXY,20180629,2.99,3.04,2.95,3.03,2170477
GXY,20180702,3.07,3.115,2.99,3.07,3212695
GXY,20180703,3.08,3.13,2.995,3.03,3212507
GXY,20180704,3.03,3.09,3.01,3.04,1291310
GXY,20180705,3.05,3.05,2.99,3,1802098
GXY,20180706,3.03,3.15,3.01,3.12,2911925
GXY,20180710,3.27,3.31,3.225,3.27,2654717
GXY,20180711,3.27,3.29,3.23,3.25,2082476
GXY,20180712,3.22,3.32,3.18,3.29,2355688
GXY,20180713,3.25,3.31,3.23,3.28,1262799
GXY,20180716,3.27,3.3,3.16,3.18,1582420
GXY,20180717,3.2,3.25,3.115,3.17,1740319
GXY,20180718,3.14,3.21,3.115,3.14,1866728
GXY,20180719,3.14,3.145,3.06,3.11,1624983
GXY,20180720,3.1,3.1,3.04,3.06,1286984
GXY,20180723,3.06,3.09,3.055,3.08,849624
GXY,20180724,3.09,3.14,3.07,3.1,3787874
GXY,20180725,3.12,3.16,3.06,3.08,1727197
GXY,20180726,3.08,3.08,3.02,3.05,4559853
GXY,20180727,3.02,3.03,2.93,2.93,6617223
GXY,20180730,2.92,2.96,2.885,2.89,3198184
GXY,20180731,2.88,2.93,2.815,2.85,3026830
GXY,20180801,2.87,2.91,2.84,2.84,1667665
GXY,20180802,2.82,2.84,2.745,2.75,3713010
GXY,20180803,2.72,2.78,2.68,2.75,3571189
GXY,20180806,2.77,2.89,2.77,2.84,3254487
GXY,20180807,2.83,2.83,2.72,2.73,3344040
GXY,20180808,2.75,2.75,2.7,2.7,1837938
GXY,20180809,2.72,2.8,2.72,2.78,1809319
GXY,20180810,2.8,2.82,2.76,2.78,1496033
GXY,20180813,2.79,2.79,2.67,2.67,1863808
GXY,20180814,2.68,2.71,2.65,2.66,2120350
GXY,20180816,2.61,2.68,2.54,2.66,2244059
GXY,20180817,2.69,2.78,2.69,2.78,3542375
GXY,20180820,2.81,2.85,2.74,2.75,1551771
GXY,20180821,2.75,2.8,2.72,2.72,1136952
GXY,20180822,2.75,2.83,2.73,2.82,2004670
GXY,20180823,2.84,2.84,2.75,2.79,1887592
GXY,20180824,2.79,2.8,2.71,2.77,2149156
GXY,20180827,2.77,2.77,2.77,2.77,0
GXY,20180828,3.03,3.07,2.84,2.93,8379055
GXY,20180829,2.95,2.98,2.85,2.93,2828495
GXY,20180830,2.98,2.98,2.85,2.86,2995918
GXY,20180831,2.82,2.83,2.72,2.73,2198115
GXY,20180903,2.72,2.76,2.68,2.73,1578452
GXY,20180904,2.68,2.73,2.63,2.63,10047463
GXY,20180905,2.62,2.62,2.52,2.53,3857785
GXY,20180906,2.49,2.5,2.4,2.41,3580244
GXY,20180907,2.4,2.66,2.36,2.65,4779388
GXY,20180910,2.64,2.64,2.51,2.52,2058739
GXY,20180913,2.53,2.555,2.49,2.52,1718703
GXY,20180914,2.54,2.59,2.49,2.49,3095142
GXY,20180917,2.51,2.525,2.45,2.49,2135229
GXY,20180918,2.5,2.5,2.39,2.41,2173467
GXY,20180919,2.44,2.48,2.39,2.44,2973099
GXY,20180920,2.45,2.6,2.45,2.54,5241269
GXY,20180921,2.56,2.65,2.56,2.63,4408864
GXY,20180924,2.65,2.66,2.59,2.6,3017691
GXY,20180925,2.58,2.65,2.57,2.58,1566512
GXY,20180926,2.57,2.57,2.495,2.52,1969697
GXY,20180927,2.5,2.51,2.46,2.48,1490635
GXY,20180928,2.49,2.55,2.48,2.49,2125127
GXY,20181001,2.5,2.52,2.49,2.51,1042673
GXY,20181002,2.52,2.7,2.52,2.69,4196830
GXY,20181003,2.71,2.78,2.64,2.68,2294420
GXY,20181004,2.7,2.85,2.68,2.8,3091850
GXY,20181005,2.78,2.81,2.705,2.71,1926126
GXY,20181008,2.7,2.7,2.565,2.61,2029108
GXY,20181009,2.63,2.65,2.535,2.54,1572783
GXY,20181010,2.6,2.61,2.49,2.49,2459592
GXY,20181011,2.4,2.41,2.34,2.37,3469144
GXY,20181012,2.31,2.43,2.31,2.37,2142582
GXY,20181015,2.39,2.42,2.32,2.33,2015357
GXY,20181016,2.36,2.39,2.335,2.36,2108007
GXY,20181017,2.4,2.41,2.31,2.33,2743837
GXY,20181018,2.35,2.35,2.17,2.2,5487268
GXY,20181019,2.2,2.39,2.2,2.34,5770582
GXY,20181022,2.35,2.4,2.31,2.36,1981797
GXY,20181023,2.35,2.36,2.26,2.26,2375254
GXY,20181024,2.27,2.285,2.22,2.26,1670931
GXY,20181025,2.2,2.24,2.19,2.19,1939602
GXY,20181026,2.23,2.26,2.185,2.19,1646879
GXY,20181030,2.11,2.25,2.08,2.24,2860450
GXY,20181031,2.25,2.25,2.13,2.19,2620894
GXY,20181101,2.19,2.28,2.16,2.28,2559679
GXY,20181102,2.36,2.615,2.36,2.58,6536883
GXY,20181105,2.58,2.65,2.51,2.57,3948767
GXY,20181106,2.6,2.65,2.57,2.62,2337557
GXY,20181107,2.65,2.8,2.62,2.76,3756566
GXY,20181108,2.81,2.85,2.76,2.79,2695987
GXY,20181109,2.75,2.75,2.62,2.7,2713896
GXY,20181112,2.67,2.82,2.66,2.75,2228836
GXY,20181113,2.65,2.7,2.61,2.63,2789818
GXY,20181114,2.61,2.64,2.55,2.57,1911638
GXY,20181115,2.57,2.65,2.555,2.61,2054468
GXY,20181116,2.61,2.67,2.58,2.62,1477386
GXY,20181119,2.6,2.71,2.58,2.64,1732248
GXY,20181120,2.62,2.63,2.54,2.59,1426909
GXY,20181121,2.48,2.52,2.43,2.49,1594933
GXY,20181122,2.62,2.72,2.58,2.72,4760166
GXY,20181123,2.68,2.7,2.61,2.62,1385822
GXY,20181126,2.61,2.62,2.54,2.58,1350983
GXY,20181127,2.6,2.66,2.6,2.66,1718139
GXY,20181128,2.71,2.74,2.64,2.73,2140330
GXY,20181129,2.78,2.79,2.69,2.72,2888138
GXY,20181130,2.68,2.7,2.61,2.7,2431085
GXY,20181203,2.73,2.82,2.72,2.78,5626456
GXY,20181204,2.76,2.76,2.71,2.71,1877476
GXY,20181205,2.62,2.63,2.55,2.61,2433831
GXY,20181206,2.63,2.645,2.57,2.63,2234723
GXY,20181207,2.62,2.62,2.56,2.6,1331590
GXY,20181210,2.57,2.61,2.46,2.46,2380320
GXY,20181211,2.45,2.56,2.33,2.4,4010698
GXY,20181212,2.41,2.61,2.39,2.54,3446812
GXY,20181213,2.54,2.6,2.485,2.54,1631995
GXY,20181214,2.51,2.54,2.44,2.45,1382259
GXY,20181217,2.42,2.57,2.41,2.56,1251726
GXY,20181218,2.49,2.59,2.47,2.52,1520151
GXY,20181219,2.5,2.52,2.45,2.45,1569827
GXY,20181220,2.41,2.44,2.17,2.2,4770290
GXY,20181221,2.21,2.25,2.02,2.07,6910275
GXY,20181224,2.06,2.2,2.03,2.14,1889578
GXY,20181227,2.21,2.215,2.15,2.16,1614560
GXY,20181228,2.17,2.275,2.17,2.23,1772009
GXY,20181231,2.25,2.25,2.16,2.17,1452402
GXY,20190102,2.18,2.295,2.17,2.19,1862983
GXY,20190103,2.21,2.27,2.19,2.22,1138111
GXY,20190104,2.18,2.24,2.09,2.2,2334931
GXY,20190107,2.26,2.36,2.25,2.26,1868021
GXY,20190108,2.33,2.34,2.23,2.29,1448878
GXY,20190109,2.33,2.415,2.3,2.38,1975409
GXY,20190110,2.38,2.4,2.29,2.3,1234286
GXY,20190111,2.32,2.33,2.22,2.22,1367457
GXY,20190114,2.24,2.27,2.21,2.24,899182
GXY,20190115,2.24,2.27,2.22,2.25,1537291
GXY,20190116,2.23,2.25,2.18,2.2,1275901
GXY,20190117,2.21,2.27,2.2,2.22,1148219
GXY,20190118,2.23,2.27,2.23,2.25,2303207
GXY,20190121,2.28,2.3,2.24,2.27,1852460
GXY,20190122,2.26,2.27,2.2,2.21,1025427
GXY,20190123,2.23,2.25,2.19,2.24,1559761
GXY,20190124,2.15,2.19,2.08,2.1,4544566
GXY,20190125,2.1,2.16,2.06,2.08,2790518
GXY,20190129,2.08,2.08,1.98,1.98,3885744
GXY,20190130,2,2.03,1.965,1.97,3078216
GXY,20190131,2,2.045,1.975,2,4922119
GXY,20190201,2,2.03,1.96,1.98,3488428
GXY,20190204,1.99,2.01,1.97,1.97,3069972
GXY,20190205,1.97,2.04,1.95,2.01,5588926
GXY,20190206,2.01,2.13,2,2.04,5160291
GXY,20190207,2.06,2.08,2.01,2.02,2596095
GXY,20190208,2,2.02,1.975,1.975,4038035
GXY,20190211,1.985,2.01,1.94,1.955,2545364
GXY,20190212,1.965,1.975,1.895,1.94,3680326
GXY,20190213,1.95,1.97,1.905,1.945,2919899
GXY,20190214,1.945,2.04,1.945,2.01,3016220
GXY,20190215,2.01,2.05,2,2.02,1474188
GXY,20190218,2.04,2.08,2,2.01,2468067
GXY,20190219,2,2.01,1.92,1.93,2627054
GXY,20190220,1.94,2.015,1.94,1.975,3564048
GXY,20190221,1.99,2.1,1.94,2.08,4259664
GXY,20190222,2.1,2.14,2.07,2.12,1229251
GXY,20190225,2.2,2.3,2.12,2.2,6888267
GXY,20190226,2.21,2.26,2.19,2.23,3117342
GXY,20190227,2.21,2.26,2.19,2.22,3398891
GXY,20190228,2.25,2.29,2.12,2.19,5542578
GXY,20190301,2.15,2.2,2.13,2.17,1846680
GXY,20190304,2.18,2.19,2.11,2.13,1918561
GXY,20190305,2.1,2.11,2.02,2.04,2747663
GXY,20190306,2.04,2.11,2.04,2.11,2154005
GXY,20190307,2.11,2.13,2.08,2.11,1705291
GXY,20190308,2.09,2.12,2.045,2.07,2569187
GXY,20190311,2.05,2.08,2.045,2.07,1619132
GXY,20190312,2.09,2.1,1.995,2,3183690
GXY,20190313,2,2.02,1.967,1.98,2216884
GXY,20190314,1.995,2.03,1.98,2.02,1890621
GXY,20190315,2.01,2.06,2.01,2.05,2950342
GXY,20190318,2.04,2.06,2,2.02,1460488
GXY,20190319,2.01,2.04,1.995,2.02,1443217
GXY,20190320,2,2.005,1.96,1.97,2641074
GXY,20190321,1.965,1.985,1.94,1.97,2590055
GXY,20190322,1.98,2.01,1.965,1.99,1247928
GXY,20190325,1.96,1.96,1.92,1.92,2928878
GXY,20190326,1.92,1.95,1.895,1.905,2449564
GXY,20190327,1.91,1.91,1.825,1.84,3683282
GXY,20190328,1.84,1.86,1.807,1.85,2726516
GXY,20190329,1.86,1.915,1.852,1.88,3167157
GXY,20190401,1.88,1.93,1.88,1.92,2751664
GXY,20190402,1.94,1.98,1.932,1.98,2275475
GXY,20190403,1.99,2.03,1.985,2.01,2055441
GXY,20190404,1.995,2.01,1.935,1.955,1616441
GXY,20190405,1.94,1.965,1.907,1.935,1507941
GXY,20190408,1.94,1.975,1.92,1.93,1430009
GXY,20190409,1.93,1.942,1.9,1.905,1439460
GXY,20190410,1.905,1.915,1.885,1.9,1051774
GXY,20190411,1.895,1.9,1.83,1.83,2480411
GXY,20190412,1.86,1.86,1.83,1.835,1097443
GXY,20190415,1.84,1.84,1.805,1.82,1450491
GXY,20190416,1.82,1.885,1.81,1.87,1851359
GXY,20190417,1.89,1.89,1.82,1.85,1436245
GXY,20190418,1.785,1.785,1.52,1.635,20345161
GXY,20190423,1.65,1.65,1.555,1.57,10514190
GXY,20190424,1.57,1.585,1.535,1.55,6467779
GXY,20190426,1.545,1.57,1.545,1.55,6887225
GXY,20190429,1.56,1.565,1.505,1.515,4363045
GXY,20190430,1.51,1.515,1.452,1.46,6743104
GXY,20190501,1.46,1.487,1.445,1.475,4134428
GXY,20190502,1.545,1.565,1.49,1.525,9060447
GXY,20190503,1.55,1.605,1.545,1.585,8970854
GXY,20190506,1.585,1.59,1.507,1.52,5296943
GXY,20190507,1.52,1.565,1.515,1.515,3734872
GXY,20190508,1.5,1.547,1.48,1.535,3557846
GXY,20190509,1.52,1.652,1.52,1.65,6483043
GXY,20190510,1.66,1.68,1.6,1.61,3342612
GXY,20190513,1.68,1.69,1.635,1.635,4468737
GXY,20190514,1.585,1.62,1.57,1.61,2725520
GXY,20190515,1.62,1.65,1.62,1.64,1887611
GXY,20190516,1.66,1.67,1.617,1.64,2107446
GXY,20190517,1.66,1.67,1.64,1.64,1908828
GXY,20190520,1.65,1.65,1.6,1.62,1685053
GXY,20190521,1.64,1.69,1.61,1.685,3714912
GXY,20190522,1.72,1.81,1.72,1.79,4771486
GXY,20190523,1.78,1.78,1.675,1.68,4273203
GXY,20190524,1.65,1.655,1.565,1.57,5767404
GXY,20190527,1.58,1.62,1.555,1.555,4887157
GXY,20190528,1.565,1.58,1.55,1.55,3778403
GXY,20190529,1.555,1.575,1.525,1.545,2792552
GXY,20190530,1.62,1.65,1.55,1.555,4427134
GXY,20190531,1.555,1.58,1.535,1.57,3216339
GXY,20190603,1.565,1.565,1.495,1.5,2758096
GXY,20190604,1.505,1.51,1.475,1.475,2599483
GXY,20190605,1.51,1.545,1.48,1.485,1850905
GXY,20190606,1.485,1.485,1.455,1.455,3032869
GXY,20190607,1.47,1.495,1.46,1.47,2530954
GXY,20190611,1.48,1.485,1.45,1.48,3691206
GXY,20190612,1.475,1.51,1.46,1.47,4806855
GXY,20190613,1.48,1.495,1.462,1.475,3019592
GXY,20190614,1.475,1.48,1.455,1.46,1851741
GXY,20190617,1.445,1.45,1.385,1.41,6183378
GXY,20190618,1.395,1.415,1.355,1.37,6813899
GXY,20190619,1.385,1.392,1.335,1.34,6291801
GXY,20190620,1.325,1.33,1.287,1.295,9106248
GXY,20190621,1.3,1.33,1.295,1.31,8323789
GXY,20190624,1.31,1.325,1.265,1.32,7125730
GXY,20190625,1.31,1.32,1.27,1.285,4871917
GXY,20190626,1.265,1.285,1.235,1.265,6393534
GXY,20190627,1.24,1.265,1.21,1.26,5243193
GXY,20190628,1.27,1.27,1.215,1.225,5619862
GXY,20190701,1.23,1.322,1.23,1.315,5611902
GXY,20190702,1.32,1.345,1.28,1.34,4260717
GXY,20190703,1.34,1.36,1.325,1.34,4318379
GXY,20190704,1.35,1.35,1.29,1.305,3325280
GXY,20190705,1.305,1.357,1.305,1.335,2587126
GXY,20190708,1.32,1.34,1.305,1.305,2008636
GXY,20190709,1.3,1.34,1.275,1.32,4158622
GXY,20190710,1.325,1.335,1.285,1.31,2577217
GXY,20190711,1.31,1.35,1.27,1.275,5550931
GXY,20190712,1.285,1.315,1.27,1.305,3135583
GXY,20190715,1.295,1.33,1.285,1.31,2782544
GXY,20190716,1.35,1.412,1.33,1.365,8091851
GXY,20190717,1.35,1.357,1.275,1.275,6543117
GXY,20190718,1.28,1.297,1.26,1.285,4111774
GXY,20190719,1.295,1.34,1.285,1.33,3778711
GXY,20190722,1.345,1.365,1.33,1.355,2708323
GXY,20190723,1.355,1.38,1.35,1.365,2352838
GXY,20190724,1.375,1.39,1.365,1.385,2648325
GXY,20190725,1.39,1.39,1.355,1.375,3122524
GXY,20190726,1.355,1.37,1.33,1.365,2368460
GXY,20190729,1.36,1.375,1.335,1.34,1744429
GXY,20190730,1.34,1.36,1.295,1.295,2987745
GXY,20190731,1.3,1.307,1.275,1.28,1694176
GXY,20190801,1.28,1.29,1.255,1.265,2606050
GXY,20190802,1.265,1.265,1.23,1.24,2954495
GXY,20190805,1.24,1.24,1.2,1.2,3417757
GXY,20190806,1.165,1.165,1.105,1.14,4250477
GXY,20190807,1.14,1.17,1.085,1.145,5606991
GXY,20190808,1.155,1.295,1.14,1.27,6679081
GXY,20190809,1.305,1.355,1.29,1.33,5871653
GXY,20190812,1.32,1.34,1.29,1.295,2399258
GXY,20190813,1.26,1.275,1.21,1.22,3721525
GXY,20190814,1.25,1.27,1.22,1.23,2076548
GXY,20190815,1.18,1.18,1.145,1.16,3482008
GXY,20190816,1.155,1.16,1.117,1.125,3242109
GXY,20190819,1.145,1.185,1.11,1.17,3084057
GXY,20190820,1.18,1.23,1.17,1.21,2360423
GXY,20190821,1.19,1.21,1.17,1.2,2284832
GXY,20190822,1.21,1.235,1.205,1.21,1953711
GXY,20190823,1.19,1.215,1.17,1.205,1670220
GXY,20190826,1.145,1.17,1.13,1.135,1984027
GXY,20190827,1.155,1.19,1.155,1.17,1247696
GXY,20190828,1.16,1.235,1.155,1.215,1633281
GXY,20190829,1.2,1.225,1.172,1.18,2362770
GXY,20190830,1.16,1.19,1.1,1.155,5736552
GXY,20190902,1.13,1.147,1.115,1.12,3691249
GXY,20190903,1.115,1.135,1.095,1.095,3049842
GXY,20190904,1.085,1.085,1.06,1.06,2591915
GXY,20190905,1.075,1.085,1.05,1.055,4871315
GXY,20190906,1.065,1.13,1.06,1.105,4204856
GXY,20190909,1.11,1.13,1.095,1.1,3657514
GXY,20190910,1.11,1.17,1.105,1.12,3468549
GXY,20190911,1.13,1.165,1.122,1.13,3922268
GXY,20190912,1.155,1.155,1.107,1.12,3472809
GXY,20190913,1.13,1.15,1.115,1.13,1925655
GXY,20190916,1.125,1.18,1.12,1.17,2892073
GXY,20190917,1.17,1.18,1.135,1.145,1833157
GXY,20190918,1.15,1.175,1.125,1.145,2098550
GXY,20190919,1.135,1.162,1.12,1.13,3271139
GXY,20190920,1.13,1.175,1.13,1.14,4851499
GXY,20190923,1.15,1.167,1.125,1.135,3169299
GXY,20190924,1.135,1.145,1.1,1.11,4398568
GXY,20190925,1.09,1.095,1.07,1.075,2965693
GXY,20190926,1.085,1.09,1.065,1.065,2025680
GXY,20190927,1.06,1.095,1.06,1.08,2156540
GXY,20190930,1.08,1.13,1.075,1.095,2959100
GXY,20191001,1.11,1.125,1.065,1.075,2874898
GXY,20191002,1.07,1.07,1.02,1.02,3866818
GXY,20191003,1,1.02,0.98,0.99,4925475
GXY,20191004,1.01,1.01,0.93,0.94,5108375
GXY,20191007,0.945,0.96,0.93,0.935,1925930
GXY,20191008,0.94,0.965,0.94,0.96,2910564
GXY,20191009,0.95,0.95,0.93,0.93,1818255
GXY,20191010,0.935,0.94,0.9,0.905,3053438
GXY,20191011,0.925,0.95,0.92,0.94,2761827
GXY,20191014,0.96,0.96,0.95,0.955,2125174
GXY,20191015,0.955,0.96,0.92,0.93,2718563
GXY,20191016,0.95,0.96,0.94,0.945,1621111
GXY,20191017,0.95,0.95,0.92,0.925,2122262
GXY,20191018,0.93,0.93,0.91,0.91,1168503
GXY,20191021,0.92,0.92,0.9,0.91,1110095
GXY,20191022,0.91,0.925,0.902,0.915,2527180
GXY,20191023,0.91,0.915,0.837,0.85,6977554
GXY,20191024,0.855,0.895,0.83,0.835,5832166
GXY,20191025,0.85,0.85,0.815,0.835,3907659
GXY,20191028,0.835,0.89,0.835,0.89,4312862
GXY,20191029,0.89,0.925,0.875,0.88,4509804
GXY,20191030,0.88,0.935,0.875,0.93,4732804
GXY,20191031,0.925,0.94,0.9,0.935,3057210
GXY,20191101,0.92,0.985,0.91,0.975,4350675
GXY,20191104,0.995,1.072,0.99,1.07,5752486
GXY,20191105,1.095,1.095,1.01,1.02,5254853
GXY,20191106,1.035,1.065,1.02,1.04,4759312
GXY,20191107,1.035,1.035,1,1.01,2359984
GXY,20191108,1.035,1.1,1.03,1.095,7251331
GXY,20191111,1.09,1.115,1.075,1.095,4724027
GXY,20191112,1.105,1.105,1.065,1.065,2340084
GXY,20191113,1.05,1.05,1.01,1.01,2939611
GXY,20191114,1.01,1.04,1.005,1.02,1499540
GXY,20191115,1.03,1.08,1.02,1.08,2301449
GXY,20191118,1.1,1.105,1.03,1.055,3460914
GXY,20191119,1.05,1.07,1.035,1.05,1682671
GXY,20191120,1.045,1.045,1.01,1.015,1872908
GXY,20191121,1.01,1.015,0.97,0.975,3007930
GXY,20191122,0.975,1,0.975,1,1208113
GXY,20191125,1,1.01,0.96,0.96,2164333
GXY,20191126,0.97,0.98,0.955,0.965,1261017
GXY,20191127,0.965,0.98,0.96,0.98,1314693
GXY,20191128,0.98,0.98,0.945,0.945,1887751
GXY,20191129,0.945,0.96,0.92,0.925,1481146
GXY,20191202,0.94,0.955,0.925,0.93,1677371
GXY,20191203,0.91,0.915,0.885,0.9,3104525
GXY,20191204,0.895,0.895,0.875,0.875,2089785
GXY,20191205,0.89,0.915,0.86,0.86,3068673
GXY,20191206,0.86,0.87,0.84,0.85,1831040
GXY,20191209,0.855,0.875,0.845,0.87,1832261
GXY,20191210,0.86,0.915,0.86,0.875,3287731
GXY,20191211,0.88,0.89,0.87,0.875,1421434
GXY,20191212,0.88,0.885,0.86,0.86,1307668
GXY,20191213,0.875,0.957,0.865,0.945,5094962
GXY,20191216,0.93,0.94,0.905,0.935,5042238
GXY,20191217,0.93,0.932,0.875,0.89,4286274
GXY,20191218,0.89,0.93,0.89,0.93,3480382
GXY,20191219,0.93,0.95,0.92,0.93,2690859
GXY,20191220,0.935,0.945,0.885,0.885,14182645
GXY,20191223,0.89,0.895,0.87,0.885,2057139
GXY,20191224,0.89,0.89,0.855,0.865,1936053
GXY,20191227,0.87,0.9,0.86,0.895,2830832
GXY,20191230,0.89,0.95,0.885,0.945,2431532
GXY,20191231,0.925,0.94,0.917,0.925,1354287
GXY,20200102,0.935,1.005,0.935,1.005,4947879
GXY,20200103,1.015,1.03,0.995,1.02,3258955
GXY,20200106,1,1,0.97,0.98,1924236
GXY,20200107,0.985,1.075,0.985,1.065,5352598
GXY,20200108,1.065,1.075,1.02,1.055,4370141
GXY,20200109,1.07,1.14,1.07,1.14,8210099
GXY,20200113,1.18,1.21,1.157,1.185,7364600
GXY,20200114,1.24,1.29,1.225,1.27,11267799
GXY,20200115,1.305,1.32,1.19,1.21,9741600
GXY,20200116,1.215,1.235,1.17,1.215,5883420
GXY,20200117,1.215,1.235,1.19,1.235,6576311
GXY,20200120,1.24,1.27,1.22,1.22,4411601
GXY,20200121,1.23,1.23,1.14,1.145,5076887
GXY,20200122,1.15,1.185,1.12,1.16,4389289
GXY,20200123,1.15,1.165,1.11,1.11,3943259
GXY,20200124,1.11,1.115,1.075,1.115,4210792
GXY,20200128,1.03,1.075,1.01,1.05,4670768
GXY,20200129,1.07,1.095,1.05,1.06,2534302
GXY,20200130,1.065,1.085,1.02,1.02,2400161
GXY,20200203,0.99,0.995,0.965,0.995,2783771
GXY,20200204,1.005,1.05,1.005,1.045,4024734
GXY,20200205,1.13,1.23,1.12,1.23,11451461
GXY,20200210,1.095,1.105,1.055,1.08,4223184
GXY,20200211,1.085,1.13,1.085,1.09,3148054
GXY,20200212,1.11,1.13,1.08,1.105,2474650
GXY,20200213,1.14,1.155,1.09,1.095,3257189
GXY,20200214,1.1,1.115,1.08,1.08,1839976
GXY,20200217,1.1,1.105,1.08,1.09,1317054
GXY,20200218,1.09,1.1,1.05,1.055,1417187
GXY,20200219,1.055,1.07,1.03,1.05,2041125
GXY,20200220,1.07,1.085,1.035,1.035,2088750
GXY,20200221,1.07,1.1,1.035,1.09,5126577
GXY,20200224,1.07,1.08,1,1.005,3728615
GXY,20200225,0.97,1.045,0.94,1.04,3596537
GXY,20200226,1,1.01,0.98,1,2368749
GXY,20200227,0.995,1.025,0.96,0.965,2413222
GXY,20200228,0.94,0.96,0.885,0.89,4338788
GXY,20200302,0.85,0.91,0.82,0.895,4342404
GXY,20200303,0.93,0.955,0.88,0.905,2698299
GXY,20200304,0.89,0.9,0.87,0.88,1585241
GXY,20200305,0.92,0.925,0.885,0.905,1811235
GXY,20200306,0.88,0.905,0.86,0.875,1471233
GXY,20200309,0.855,0.857,0.755,0.755,4849109
GXY,20200310,0.72,0.845,0.695,0.845,4320905
GXY,20200311,0.835,0.865,0.787,0.79,4079617
GXY,20200312,0.75,0.77,0.705,0.72,3309874
GXY,20200313,0.695,0.795,0.685,0.795,5515863
GXY,20200316,0.76,0.79,0.73,0.745,4810672
GXY,20200317,0.725,0.875,0.725,0.84,6758320
GXY,20200318,0.82,0.845,0.77,0.785,3498279
GXY,20200319,0.8,0.82,0.735,0.79,4925346
GXY,20200320,0.795,0.89,0.77,0.89,5539348
GXY,20200323,0.815,0.815,0.76,0.765,3395084
GXY,20200324,0.77,0.82,0.765,0.79,3481626
GXY,20200325,0.835,0.86,0.775,0.785,2210867
GXY,20200326,0.8,0.835,0.77,0.785,3238240
GXY,20200327,0.81,0.83,0.765,0.79,2758338
GXY,20200330,0.78,0.8,0.77,0.795,2042193
GXY,20200331,0.805,0.84,0.775,0.8,3292964
GXY,20200401,0.8,0.85,0.785,0.84,3616924
GXY,20200402,0.8,0.83,0.792,0.815,2279575
GXY,20200403,0.83,0.835,0.805,0.81,2664689
GXY,20200406,0.81,0.885,0.81,0.88,4718814
GXY,20200407,0.89,0.915,0.82,0.83,3571105
GXY,20200408,0.83,0.85,0.825,0.83,1617589
GXY,20200409,0.845,0.85,0.82,0.82,1246372
GXY,20200414,0.825,0.84,0.81,0.825,2132760
GXY,20200415,0.83,0.84,0.79,0.79,2742957
GXY,20200416,0.79,0.805,0.77,0.77,2100101
GXY,20200417,0.78,0.8,0.77,0.78,3184685
GXY,20200420,0.78,0.79,0.77,0.785,1520375
GXY,20200421,0.78,0.78,0.745,0.745,3022402
GXY,20200422,0.74,0.775,0.715,0.72,4480664
GXY,20200423,0.75,0.79,0.745,0.76,2975327
GXY,20200424,0.77,0.785,0.765,0.775,4987490
GXY,20200427,0.77,0.78,0.76,0.77,2639482
GXY,20200428,0.77,0.78,0.73,0.73,2569059
GXY,20200429,0.755,0.76,0.735,0.74,1733691
GXY,20200430,0.76,0.78,0.75,0.765,3835624
GXY,20200501,0.75,0.76,0.725,0.725,2975828
GXY,20200504,0.725,0.735,0.705,0.71,2616554
GXY,20200505,0.71,0.74,0.71,0.74,1559143
GXY,20200506,0.735,0.735,0.715,0.72,1231431
GXY,20200507,0.72,0.74,0.72,0.725,810830
GXY,20200508,0.735,0.75,0.73,0.745,2859026
GXY,20200511,0.74,0.815,0.74,0.815,5247322
GXY,20200512,0.815,0.82,0.775,0.785,1641235
GXY,20200513,0.775,0.78,0.75,0.76,2099184
GXY,20200514,0.75,0.755,0.725,0.725,2900616
GXY,20200515,0.75,0.795,0.73,0.785,4149725
GXY,20200518,0.78,0.79,0.765,0.77,1153489
GXY,20200519,0.8,0.8,0.76,0.76,1875672
GXY,20200520,0.755,0.87,0.755,0.845,5725472
GXY,20200521,0.84,0.855,0.82,0.83,2827746
GXY,20200522,0.83,0.835,0.78,0.78,3149688
GXY,20200525,0.79,0.81,0.775,0.775,2177776
GXY,20200526,0.79,0.79,0.76,0.775,12042053
GXY,20200527,0.79,0.845,0.785,0.845,7438745
GXY,20200528,0.85,0.87,0.8,0.805,3329673
GXY,20200529,0.825,0.84,0.775,0.775,17653819
GXY,20200601,0.78,0.8,0.77,0.78,4019120
GXY,20200602,0.79,0.8,0.77,0.785,2928835
GXY,20200603,0.8,0.865,0.79,0.86,7672378
GXY,20200604,0.87,0.89,0.825,0.835,3829647
GXY,20200605,0.85,0.965,0.85,0.965,8399498
GXY,20200609,1,1.095,1,1.085,8841974
GXY,20200610,1.05,1.13,1.015,1.085,5880120
GXY,20200611,1.05,1.12,1.01,1.035,3945733
GXY,20200612,0.96,1.02,0.94,1.01,6217732
GXY,20200615,1.01,1.01,0.855,0.855,11136930
GXY,20200616,0.905,0.925,0.88,0.915,5921461
GXY,20200617,0.925,0.93,0.85,0.855,5729306
GXY,20200618,0.86,0.885,0.84,0.85,5803495
GXY,20200619,0.86,0.885,0.84,0.845,4017472
GXY,20200622,0.84,0.865,0.835,0.86,2157958
GXY,20200623,0.86,0.865,0.82,0.825,3872195
GXY,20200624,0.83,0.85,0.82,0.82,3896394
GXY,20200625,0.81,0.835,0.795,0.815,3704706
GXY,20200626,0.82,0.83,0.79,0.79,3147333
GXY,20200629,0.78,0.785,0.75,0.77,4511348
GXY,20200630,0.79,0.79,0.76,0.775,3467139
GXY,20200701,0.78,0.81,0.77,0.8,2313063
GXY,20200702,0.81,0.82,0.785,0.82,2520719
GXY,20200703,0.825,0.845,0.8,0.81,1987991
GXY,20200706,0.8,0.85,0.8,0.85,3500747
GXY,20200707,0.885,0.925,0.832,0.835,6821239
GXY,20200708,0.845,0.875,0.82,0.845,2865051
GXY,20200709,0.865,0.875,0.825,0.83,2815146
GXY,20200710,0.835,0.845,0.815,0.825,1145244
GXY,20200713,0.865,0.895,0.855,0.875,4412247
GXY,20200714,0.895,0.895,0.84,0.855,2879172
GXY,20200715,0.87,0.885,0.85,0.875,2662249
GXY,20200716,0.88,0.91,0.87,0.875,4229242
GXY,20200717,0.89,0.905,0.845,0.86,3478705
GXY,20200720,0.865,0.94,0.845,0.935,6015964
GXY,20200721,0.945,1.045,0.925,1.045,9095528
GXY,20200722,1.05,1.065,0.975,0.995,4985962
GXY,20200723,1.005,1.09,0.985,1.09,5596329
GXY,20200724,1.055,1.115,1.045,1.1,5297877
GXY,20200727,1.09,1.12,1.065,1.095,2542712
GXY,20200728,1.1,1.175,1.095,1.12,5419008
GXY,20200729,1.13,1.135,1.035,1.035,3782749
GXY,20200730,1.1,1.1,1.055,1.08,2224104
GXY,20200731,1.08,1.11,1.045,1.1,3193341
GXY,20200803,1.11,1.15,1.09,1.11,2494806
GXY,20200804,1.13,1.2,1.12,1.18,4753092
GXY,20200805,1.18,1.205,1.147,1.16,3779225
GXY,20200806,1.185,1.285,1.18,1.285,5788769
GXY,20200807,1.275,1.35,1.245,1.275,6502840
GXY,20200810,1.29,1.29,1.21,1.26,2437998
GXY,20200811,1.27,1.29,1.232,1.235,2398407
GXY,20200812,1.23,1.24,1.165,1.18,4184936
GXY,20200813,1.2,1.235,1.177,1.22,2519188
GXY,20200814,1.215,1.22,1.19,1.2,1616326
GXY,20200817,1.2,1.205,1.175,1.175,1220445
GXY,20200818,1.2,1.265,1.19,1.23,2972412
GXY,20200819,1.24,1.24,1.165,1.175,2870929
GXY,20200820,1.18,1.2,1.155,1.155,1634966
GXY,20200821,1.16,1.17,1.127,1.145,2811022
GXY,20200824,1.14,1.16,1.125,1.145,2534142
GXY,20200825,1.16,1.17,1.125,1.135,2206131
GXY,20200826,1.13,1.15,1.115,1.12,1474785
GXY,20200827,1.14,1.24,1.14,1.24,5466345
GXY,20200828,1.245,1.245,1.17,1.195,2633275
GXY,20200831,1.185,1.235,1.145,1.235,5115379
GXY,20200901,1.21,1.25,1.19,1.24,2095042
GXY,20200902,1.27,1.45,1.265,1.45,9008397
GXY,20200903,1.45,1.475,1.385,1.44,5196165
GXY,20200904,1.35,1.4,1.315,1.32,3703032
GXY,20200907,1.31,1.382,1.31,1.36,2711212
GXY,20200908,1.39,1.43,1.345,1.36,3761587
GXY,20200909,1.33,1.485,1.32,1.395,5548117
GXY,20200910,1.435,1.45,1.37,1.41,2774677
GXY,20200911,1.37,1.4,1.345,1.37,2355095
GXY,20200914,1.36,1.39,1.335,1.35,2236380
GXY,20200915,1.37,1.44,1.35,1.38,3282148
GXY,20200916,1.38,1.482,1.38,1.46,4234938
GXY,20200917,1.46,1.505,1.435,1.46,5053875
GXY,20200918,1.475,1.615,1.46,1.565,8705278
GXY,20200921,1.6,1.615,1.53,1.555,3167146
GXY,20200922,1.505,1.57,1.415,1.46,9398002
GXY,20200923,1.48,1.5,1.28,1.29,12482316
GXY,20200924,1.23,1.24,1.15,1.17,13040801
GXY,20200925,1.225,1.255,1.1,1.12,12633384
GXY,20200928,1.125,1.155,1.105,1.115,5326898
GXY,20200929,1.145,1.185,1.105,1.105,6913320
GXY,20200930,1.13,1.147,1.105,1.135,5749963
GXY,20201001,1.15,1.21,1.135,1.195,6197177
GXY,20201002,1.2,1.215,1.115,1.12,8019820
GXY,20201005,1.145,1.175,1.115,1.165,4112947
GXY,20201006,1.2,1.28,1.185,1.275,6872396
GXY,20201007,1.265,1.28,1.225,1.26,4082684
GXY,20201008,1.28,1.32,1.26,1.29,4465999
GXY,20201009,1.29,1.315,1.26,1.3,3357494
GXY,20201012,1.32,1.34,1.285,1.295,2856030
GXY,20201013,1.31,1.325,1.235,1.235,3607035
GXY,20201014,1.24,1.285,1.225,1.275,2709990
GXY,20201015,1.27,1.315,1.265,1.3,3386953
GXY,20201016,1.29,1.325,1.257,1.27,3527229
GXY,20201019,1.28,1.29,1.252,1.26,1826003
GXY,20201020,1.26,1.29,1.24,1.28,2608839
GXY,20201021,1.25,1.34,1.25,1.335,5598485
GXY,20201022,1.325,1.335,1.285,1.33,2396662
GXY,20201023,1.33,1.357,1.315,1.35,2567223
GXY,20201026,1.34,1.41,1.32,1.38,3670835
GXY,20201027,1.35,1.375,1.285,1.3,5979400
GXY,20201028,1.34,1.355,1.285,1.34,5079772
GXY,20201029,1.295,1.345,1.285,1.34,3037307
GXY,20201030,1.36,1.42,1.35,1.395,6187143
GXY,20201102,1.39,1.41,1.355,1.375,2656101
GXY,20201103,1.39,1.405,1.37,1.39,2122532
GXY,20201104,1.4,1.46,1.38,1.435,4213191
GXY,20201105,1.435,1.435,1.35,1.39,5030306
GXY,20201106,1.44,1.48,1.42,1.45,6309544
GXY,20201109,1.46,1.6,1.455,1.595,7100338
GXY,20201110,1.63,1.66,1.55,1.59,4565667
GXY,20201111,1.625,1.635,1.57,1.615,3799671
GXY,20201112,1.605,1.63,1.57,1.605,5008454
GXY,20201113,1.59,1.645,1.575,1.635,3818289
GXY,20201116,1.65,1.675,1.65,1.66,858390
GXY,20201117,1.7,1.78,1.695,1.73,9478509
GXY,20201118,1.76,1.81,1.7,1.765,6840836
GXY,20201120,1.82,1.86,1.795,1.82,4877308
GXY,20201123,1.85,2.08,1.845,2.08,7546276
GXY,20201124,2.15,2.28,1.975,2,15319930
GXY,20201125,2,2,2,2,0
GXY,20201126,1.94,2.04,1.89,1.955,15249889
GXY,20201127,2.01,2.15,1.962,2.14,8575171
GXY,20201130,2.14,2.21,2.11,2.16,4610021
GXY,20201201,2.16,2.19,2.07,2.15,3352725
GXY,20201202,2.15,2.15,2,2.01,4025086
GXY,20201203,1.99,2.07,1.99,2.02,4789164
GXY,20201204,1.985,2.03,1.92,1.935,6483116
GXY,20201207,1.96,2.035,1.94,2.01,5584163
GXY,20201208,2.03,2.2,2.03,2.16,5991022
GXY,20201209,2.21,2.25,2,2.05,6147881
GXY,20201210,2.04,2.09,1.98,2.01,3546346
GXY,20201211,2.02,2.14,2.02,2.11,3653881
GXY,20201214,2.11,2.11,2.05,2.08,1635138
GXY,20201215,2.08,2.08,1.96,1.98,4551010
GXY,20201216,1.995,2.02,1.955,1.98,3510951
GXY,20201217,1.96,2.05,1.955,2,2628925
GXY,20201218,2.03,2.06,1.995,2.04,4910913
GXY,20201221,2.05,2.11,2.03,2.09,2794874
GXY,20201222,2.11,2.11,2,2.03,2671436
GXY,20201224,2.09,2.09,2.09,2.09,0
GXY,20201229,2.15,2.27,2.14,2.27,3879443
GXY,20201230,2.25,2.25,2.15,2.2,2668229
GXY,20201231,2.25,2.33,2.22,2.23,2864801
GXY,20210104,2.27,2.35,2.21,2.31,3391058
GXY,20210105,2.34,2.61,2.33,2.59,8103582
GXY,20210106,2.67,2.74,2.59,2.63,9092043
GXY,20210107,2.69,2.91,2.69,2.87,8856721
GXY,20210108,2.94,2.94,2.79,2.87,7359463
GXY,20210111,2.9,3.025,2.8,2.87,6659774
GXY,20210112,2.85,2.85,2.62,2.62,6809056
GXY,20210113,2.64,2.8,2.64,2.77,4712389
GXY,20210114,2.82,2.84,2.64,2.84,5054134
GXY,20210115,2.83,2.83,2.76,2.8,3078999
GXY,20210118,2.76,2.82,2.71,2.79,2435264
GXY,20210119,2.79,2.92,2.77,2.79,3393672
GXY,20210120,2.82,3,2.79,3,5694020
GXY,20210121,2.97,3.19,2.96,3.19,5927366
GXY,20210122,3.19,3.29,3.11,3.2,8750056
GXY,20210125,3.21,3.26,3.04,3.1,4847795
GXY,20210127,3.09,3.175,2.96,3,6388637
GXY,20210128,2.9,2.98,2.8,2.94,5059993
GXY,20210129,3,3.04,2.63,2.69,10064771
GXY,20210201,2.6,2.87,2.55,2.84,7169331
GXY,20210203,2.8,2.85,2.76,2.84,2072082
GXY,20210204,2.85,2.85,2.72,2.76,1668131
GXY,20210205,2.77,2.78,2.62,2.66,5397742
GXY,20210208,2.69,2.72,2.66,2.69,3013868
GXY,20210209,2.75,2.77,2.59,2.64,4350601
GXY,20210210,2.6,2.65,2.54,2.59,5290207
GXY,20210211,2.56,2.59,2.46,2.49,4661216
GXY,20210212,2.49,2.6,2.46,2.53,3738405
GXY,20210215,2.57,2.73,2.57,2.72,4034387
GXY,20210216,2.77,2.82,2.7,2.78,4600487
GXY,20210217,2.78,2.84,2.705,2.81,3462494
GXY,20210218,2.81,2.91,2.75,2.79,3753115
GXY,20210219,2.66,2.7,2.62,2.64,2305119
GXY,20210222,2.68,2.82,2.67,2.79,3791184
GXY,20210223,2.76,2.79,2.71,2.77,2778994
GXY,20210224,2.73,2.73,2.58,2.62,4005780
GXY,20210225,2.68,2.715,2.65,2.68,2468399
GXY,20210226,2.55,2.63,2.52,2.61,3599466
GXY,20210301,2.59,2.6,2.47,2.54,4032888
GXY,20210302,2.57,2.63,2.44,2.46,4880068
GXY,20210303,2.45,2.59,2.45,2.57,5739673
GXY,20210304,2.54,2.55,2.41,2.44,3754213
GXY,20210305,2.32,2.32,2.06,2.2,12609950
GXY,20210308,2.25,2.3,2.19,2.24,5081616
GXY,20210309,2.27,2.33,2.19,2.29,4613406
GXY,20210310,2.36,2.37,2.19,2.19,3572246
GXY,20210311,2.36,2.37,2.19,2.19,3572246
GXY,20210312,2.37,2.4,2.28,2.4,5964860
GXY,20210315,2.41,2.5,2.37,2.5,3514438
GXY,20210316,2.55,2.57,2.47,2.51,5974877
GXY,20210317,2.46,2.54,2.44,2.5,2765615
GXY,20210318,2.57,2.66,2.53,2.64,2956003
GXY,20210319,2.57,2.58,2.49,2.51,6658723
GXY,20210322,2.51,2.52,2.405,2.41,2462171
GXY,20210323,2.41,2.45,2.35,2.35,2366397
GXY,20210324,2.31,2.39,2.28,2.31,2928934
GXY,20210325,2.29,2.34,2.27,2.27,1343126
GXY,20210329,2.53,2.555,2.48,2.52,4702978
GXY,20210330,2.5,2.535,2.465,2.51,2162343
GXY,20210331,2.53,2.595,2.5,2.53,3313549
GXY,20210401,2.57,2.75,2.51,2.71,5175180
GXY,20210406,2.79,2.85,2.74,2.78,3107294
GXY,20210407,2.81,2.98,2.81,2.94,5315178
GXY,20210408,2.85,2.91,2.82,2.9,2658793
GXY,20210409,2.93,3.02,2.88,2.98,4803224
GXY,20210412,3.05,3.3,3,3.12,10164676
GXY,20210413,3.14,3.27,3.04,3.26,6361756
GXY,20210414,3.29,3.53,3.28,3.53,9397868
GXY,20210415,3.55,3.62,3.42,3.46,6947886
GXY,20210416,3.47,3.61,3.365,3.61,5969073
GXY,20210419,3.65,3.835,3.59,3.83,10791837
GXY,20210420,3.8,3.85,3.67,3.7,11064626
GXY,20210421,3.56,3.78,3.46,3.75,6691272
GXY,20210422,3.72,3.75,3.48,3.57,5508938
GXY,20210423,3.51,3.685,3.5,3.67,2814515
GXY,20210426,3.72,3.9,3.7,3.86,4170097
GXY,20210427,3.93,4.03,3.8,3.84,6010384
GXY,20210428,3.83,3.83,3.71,3.76,2722701
GXY,20210429,3.75,3.98,3.7,3.98,4488194
GXY,20210430,3.95,3.975,3.87,3.93,2757146
GXY,20210503,3.93,3.96,3.79,3.89,2452044
GXY,20210504,3.86,4.01,3.85,4.01,4179596
GXY,20210505,3.94,4.09,3.905,4.02,3718452
GXY,20210506,4.03,4.17,4,4.11,4882099
GXY,20210507,4.05,4.09,3.94,4.03,4033328
GXY,20210510,4,4.15,3.98,4.15,4127587
GXY,20210511,4.14,4.14,3.97,4.08,4162098
GXY,20210512,4.03,4.04,3.88,3.94,3865037
GXY,20210513,3.84,3.89,3.77,3.77,2761015
GXY,20210514,3.75,3.82,3.54,3.6,5299954
GXY,20210517,3.55,3.64,3.455,3.51,3190055
GXY,20210518,3.44,3.7,3.29,3.61,11273939
GXY,20210519,3.6,3.67,3.43,3.44,3628464
GXY,20210520,3.44,3.49,3.34,3.37,2898278
GXY,20210521,3.3,3.45,3.3,3.39,10222930
GXY,20210524,3.44,3.57,3.41,3.46,3490902
GXY,20210525,3.55,3.64,3.54,3.6,3729476
GXY,20210526,3.6,3.64,3.54,3.57,1774741
GXY,20210527,3.63,3.88,3.61,3.88,22179221
GXY,20210528,3.87,3.93,3.81,3.84,4223437
GXY,20210531,3.92,3.92,3.77,3.8,2228531
GXY,20210601,3.85,3.92,3.82,3.87,2411390
GXY,20210602,3.9,4.02,3.89,3.97,4311059
GXY,20210603,4.02,4.08,3.92,4.01,5228041
GXY,20210604,4.05,4.05,3.91,4.01,3953144
GXY,20210607,4.02,4.12,3.99,4.005,3017275
GXY,20210609,3.82,3.85,3.78,3.81,3812124
GXY,20210610,3.8,3.86,3.77,3.86,2601163
GXY,20210611,3.87,3.94,3.86,3.92,2403057
GXY,20210615,3.87,3.89,3.57,3.63,7545417
GXY,20210616,3.56,3.57,3.37,3.41,8134938
GXY,20210617,3.36,3.37,3.21,3.24,8135546
GXY,20210618,3.21,3.39,3.1,3.38,14997281
GXY,20210621,3.3,3.34,3.21,3.24,3941029
GXY,20210622,3.34,3.42,3.32,3.4,3256108
GXY,20210623,3.42,3.45,3.37,3.39,2735697
GXY,20210625,3.56,3.655,3.52,3.64,5653061
GXY,20210628,3.73,3.73,3.59,3.59,3492948
GXY,20210629,3.64,3.7,3.53,3.55,2614765
GXY,20210630,3.64,3.72,3.59,3.67,2630460
GXY,20210701,3.7,3.72,3.62,3.69,2571022
GXY,20210705,3.8,3.9,3.78,3.85,4303367
GXY,20210706,3.9,3.95,3.7,3.75,3992389
GXY,20210707,3.72,3.775,3.62,3.76,2690963
GXY,20210708,3.8,3.87,3.78,3.87,3009245
GXY,20210709,3.79,3.8,3.71,3.74,3664230
GXY,20210712,3.84,3.91,3.81,3.85,3338584
GXY,20210714,4.02,4.235,4.01,4.14,8002430
GXY,20210715,4.1,4.22,4.095,4.17,3179392
GXY,20210716,4.15,4.17,4.045,4.13,2558060
GXY,20210719,4.04,4.05,3.935,3.95,3668707
GXY,20210720,3.82,3.96,3.79,3.83,3273173
GXY,20210723,4.41,4.435,4.27,4.38,3923153
GXY,20210726,4.38,4.49,4.31,4.49,3596143
GXY,20210727,4.52,4.67,4.465,4.51,6255880
GXY,20210728,4.36,4.44,4.33,4.41,3625872
GXY,20210729,4.48,4.53,4.42,4.5,3091566
GXY,20210730,4.62,4.84,4.6,4.66,5690239
GXY,20210802,4.76,4.81,4.64,4.69,3423915
GXY,20210803,4.7,4.88,4.67,4.82,4277296
GXY,20210804,4.85,4.88,4.77,4.86,3630047
GXY,20210805,4.85,4.94,4.75,4.76,4013918
GXY,20210806,4.81,4.94,4.77,4.84,3581832
GXY,20210809,4.94,4.96,4.84,4.88,2817467
GXY,20210810,4.97,5.45,4.96,5.3,11119338
GXY,20210811,5.5,5.65,5.4,5.65,9895232
GXY,20210812,5.66,5.67,5.48,5.67,5638349
GXY,20210813,5.61,5.63,5.26,5.38,8181869
GXY,20210819,5.28,5.28,5.28,5.28,0
GXY,20210820,5.28,5.28,5.28,5.28,0
GXY,20210823,5.28,5.28,5.28,5.28,0
GXY,20210824,5.28,5.28,5.28,5.28,0
GXY,20210825,5.28,5.28,5.28,5.28,0
GXY,20210826,5.28,5.28,5.28,5.28,0
GXY,20210827,5.28,5.28,5.28,5.28,0
