IJH,20160212,173.67,175.23,173.67,174.26,401
IJH,20160215,177.86,177.86,177.75,177.75,57
IJH,20160216,178.63,179.6,178.63,179.25,257
IJH,20160217,182.11,182.11,181.43,181.43,138
IJH,20160218,183.62,183.62,182.85,182.85,385
IJH,20160219,183,183,182.65,182.79,109
IJH,20160222,182.87,182.87,182.14,182.5,533
IJH,20160223,182.62,182.62,181.34,181.36,2382
IJH,20160224,181.74,182.27,181.63,182.27,207
IJH,20160225,183.88,184.76,183.88,184.2,313
IJH,20160226,184.32,184.43,184,184.3,2231
IJH,20160229,188.31,188.31,187.11,187.11,53
IJH,20160301,187.08,187.08,187.08,187.08,7
IJH,20160302,190,190,190,190,68
IJH,20160303,188.19,188.99,187.89,187.89,650
IJH,20160304,189.51,189.7,188.5,188.69,466
IJH,20160307,188.92,188.95,187.95,187.95,222
IJH,20160308,189.07,189.07,188.62,188.62,309
IJH,20160309,186.73,186.95,186.42,186.95,216
IJH,20160310,186.14,186.14,185.85,185.96,197
IJH,20160311,185.9,186.04,185.23,186.04,155
IJH,20160314,186.63,186.63,185.53,186.13,149
IJH,20160315,187.24,187.63,186.53,187.63,253
IJH,20160316,186.95,186.95,186.95,186.95,1
IJH,20160317,187.28,187.28,186.39,186.39,252
IJH,20160318,186.71,187,186.06,186.61,1068
IJH,20160321,187.88,187.95,187.87,187.87,1702
IJH,20160322,189.46,189.46,188.92,188.92,536
IJH,20160323,188.54,188.54,187.87,187.87,301
IJH,20160324,187.48,187.58,187.48,187.49,68
IJH,20160329,188.1,188.1,188.1,188.1,45
IJH,20160330,188.89,189.6,188.83,189.6,87
IJH,20160331,188.39,188.39,187.82,187.82,104
IJH,20160401,187.7,187.7,187.7,187.7,1
IJH,20160404,189,190.18,189,190,266
IJH,20160405,189,189,187.76,187.76,814
IJH,20160406,189.26,189.3,188.68,188.68,697
IJH,20160407,188.2,189.15,188.04,188.11,5533
IJH,20160408,188.04,188.07,187.84,188.07,768
IJH,20160411,188.9,188.98,188.11,188.78,165
IJH,20160412,187.53,187.53,186.3,186.3,3974
IJH,20160413,186.77,187.93,186.7,187.87,645
IJH,20160414,190.58,191.04,190.58,191.04,1003
IJH,20160415,190.07,190.07,188.85,189,338
IJH,20160418,190.13,190.13,189.53,189.84,380
IJH,20160419,189.57,189.57,188.51,188.51,349
IJH,20160420,189.09,189.09,188.6,188.6,726
IJH,20160421,189,189.8,189,189.8,209
IJH,20160422,188.66,188.66,187.96,188.4,246
IJH,20160426,190,190.67,190,190.67,645
IJH,20160427,190.67,193.92,190.67,193.92,668
IJH,20160428,196.04,196.04,194.19,194.19,207
IJH,20160429,192.02,192.28,191.38,191.38,351
IJH,20160502,191.4,192,191.4,192,422
IJH,20160503,191.59,191.8,191.1,191.8,245
IJH,20160504,193.35,195.04,193.35,194.07,343
IJH,20160505,194.91,194.91,193.84,193.84,1110
IJH,20160506,194.5,195.07,194.5,195.07,280
IJH,20160509,196.76,197.61,196.76,197.61,702
IJH,20160510,198.22,198.88,198.22,198.51,210
IJH,20160511,198.81,199.67,198.81,199.61,249
IJH,20160512,198.14,198.56,198.14,198.56,505
IJH,20160513,198.38,198.68,198.38,198.68,699
IJH,20160516,197.56,198.33,197.56,198.33,495
IJH,20160517,198.94,199.13,197.87,197.87,750
IJH,20160518,197.22,197.72,197.22,197.5,410
IJH,20160519,198.42,199.12,198.33,198.33,355
IJH,20160520,198.36,198.73,198.36,198.73,163
IJH,20160523,200.58,200.58,199.98,200.4,133
IJH,20160524,200.5,200.5,200.42,200.42,177
IJH,20160525,204.73,205,204.63,204.96,994
IJH,20160526,205.63,206.16,204.74,204.74,971
IJH,20160527,205.79,205.79,205.05,205.05,471
IJH,20160530,208.89,209.44,208.64,209.44,323
IJH,20160531,206.31,206.31,206.31,206.31,1
IJH,20160601,205.58,205.58,205.58,205.58,20
IJH,20160602,206.35,206.85,206.35,206.85,310
IJH,20160603,208.35,208.39,208,208.39,442
IJH,20160606,215,215,204.25,204.97,1146
IJH,20160607,205.76,205.76,204.82,204.93,492
IJH,20160608,203.94,204.05,203.94,204.05,8
IJH,20160609,204,204.77,204,204.77,465
IJH,20160610,205,205.46,204.76,205.46,177
IJH,20160614,201.46,201.46,200.56,200.93,476
IJH,20160615,200.94,201.51,200.94,201.51,29
IJH,20160616,199.97,199.97,199.93,199.93,244
IJH,20160617,201,201.13,200.45,201.03,249
IJH,20160620,200.68,201.42,200.68,200.78,61
IJH,20160621,200.75,201.48,200.6,201.3,172
IJH,20160622,200.36,200.36,199.57,200.33,985
IJH,20160623,199.47,199.47,198.51,199,72
IJH,20160624,199.59,199.59,197.7,197.7,228
IJH,20160627,193.35,195,193.29,195,986
IJH,20160628,192.44,192.84,192.25,192.39,605
IJH,20160629,194.28,195.47,194.28,195,142
IJH,20160630,196.71,197.35,196.71,197.21,1397
IJH,20160701,200.65,200.83,199.93,200.44,254
IJH,20160704,200.44,200.83,200.38,200.38,1701
IJH,20160705,199.56,199.56,198.75,199.43,748
IJH,20160706,198.53,198.91,198.53,198.91,233
IJH,20160707,198.38,198.66,197.71,198.1,1223
IJH,20160708,198.53,198.53,198.28,198.28,157
IJH,20160711,200.79,201.45,200.79,201.45,1441
IJH,20160712,202.27,202.7,201.5,201.65,332
IJH,20160713,202.5,202.91,202.5,202.5,349
IJH,20160714,201.79,202.81,201.79,202.81,474
IJH,20160715,202.53,202.53,201.4,201.4,143
IJH,20160718,202.93,203.64,202.93,203.29,304
IJH,20160719,204.05,205,204.05,204.95,711
IJH,20160720,205,205.59,205,205.59,58
IJH,20160721,207.05,207.73,206.77,207.08,394
IJH,20160722,205.56,206.35,205.04,205.33,498
IJH,20160725,207.5,207.92,207.25,207.37,262
IJH,20160726,206.45,207.18,205.99,205.99,542
IJH,20160727,207,208.88,207,208.25,678
IJH,20160728,205.05,206.06,205.05,205.19,832
IJH,20160729,206.04,206.69,206.04,206.69,107
IJH,20160801,206.69,206.69,206.4,206.4,309
IJH,20160802,204,206.95,204,206.7,2495
IJH,20160803,204,204,202,202.77,285
IJH,20160804,202.77,202.77,202.77,202.77,0
IJH,20160805,215,215,201.88,202.2,148
IJH,20160808,206.5,206.5,204.35,204.38,1663
IJH,20160809,204,204.71,203.9,203.9,813
IJH,20160810,202.5,202.97,202.1,202.5,456
IJH,20160811,201.21,202.09,201.21,202.09,285
IJH,20160812,202.5,202.91,202.5,202.91,283
IJH,20160815,204.62,204.71,202.83,204.18,1773
IJH,20160816,204.56,204.9,203.5,203.5,522
IJH,20160817,203.35,203.35,201.96,202.66,498
IJH,20160818,201.77,201.77,201.77,201.77,147
IJH,20160822,204.8,206.22,204.79,206.22,1699
IJH,20160823,204.21,205.32,204.16,205.32,203
IJH,20160824,206.99,206.99,206.63,206.69,133
IJH,20160825,205.66,205.66,205.2,205.2,305
IJH,20160826,205.18,206.17,205,205,341
IJH,20160829,207,207,206.05,206.1,1579
IJH,20160830,206.5,208.06,206.5,207.05,657
IJH,20160831,208.25,209.29,208.25,209.21,636
IJH,20160901,208.6,208.6,208.6,208.6,231
IJH,20160902,207.5,208.2,207,207,106
IJH,20160905,208.54,208.78,207.78,208.4,1737
IJH,20160906,208.22,208.22,206.62,207.3,592
IJH,20160907,206.38,206.38,204.97,205.75,270
IJH,20160908,206,206.41,205.75,205.75,406
IJH,20160909,206.07,206.07,205.43,205.43,269
IJH,20160912,203.3,203.3,200.97,200.97,1409
IJH,20160913,202.98,204.56,202.98,204.08,1908
IJH,20160914,204.52,204.52,203.32,203.32,53
IJH,20160915,203.4,203.4,202.21,202.28,752
IJH,20160916,202.44,203.34,202.44,203.34,1365
IJH,20160919,203.34,203.34,203.18,203.18,38
IJH,20160920,203.1,204.95,203.03,203.98,595
IJH,20160921,203.15,203.42,202.27,203,633
IJH,20160922,202.52,202.64,202.05,202.35,1378
IJH,20160923,204.61,204.61,203.98,204.39,635
IJH,20160926,199.28,203.07,199.28,202.84,2016
IJH,20160927,200.87,202.45,200.87,202.41,1102
IJH,20160928,201,201,199.69,199.69,153
IJH,20160929,201.5,201.65,201.4,201.65,2460
IJH,20160930,200.01,202.4,200.01,200.7,257
IJH,20161003,202.02,202.2,201.85,201.85,1904
IJH,20161004,199.49,200.62,199.49,200.55,977
IJH,20161005,200.56,200.6,200.56,200.6,349
IJH,20161006,201.27,202.27,201.27,202.27,376
IJH,20161007,201.8,203.5,201.8,202.54,2251
IJH,20161010,202,202.98,201.83,201.85,336
IJH,20161011,203.5,203.5,203.5,203.5,240
IJH,20161012,202.5,202.5,200.6,200.6,391
IJH,20161013,201.11,201.32,200.13,200.13,1082
IJH,20161014,200.13,200.27,199.16,200.27,622
IJH,20161017,199.03,199.33,199.03,199.2,1065
IJH,20161018,198.6,198.6,198.47,198.51,295
IJH,20161019,198.95,198.95,198.34,198.34,70
IJH,20161020,198.53,199.35,198.5,199.35,1470
IJH,20161021,199.88,199.88,199.1,199.7,126
IJH,20161024,200.02,200.5,200.02,200.5,325
IJH,20161025,201.87,201.87,200.53,201.27,300
IJH,20161026,199.5,199.5,196.49,197.8,615
IJH,20161027,197.79,197.8,196.66,197.8,2347
IJH,20161028,197.53,197.53,196.5,197.22,766
IJH,20161031,197,197,196.45,196.82,1500
IJH,20161101,197.8,198,197.61,198,73
IJH,20161102,196.29,196.29,194.03,194.14,1735
IJH,20161103,191.7,192.4,191.7,192,2238
IJH,20161104,191.73,191.73,191.59,191.6,2967
IJH,20161107,192.05,196.49,192.05,195.28,1555
IJH,20161108,195.31,195.5,195.31,195.44,899
IJH,20161109,195.45,195.45,187.95,188.5,798
IJH,20161110,203.15,203.21,199.62,200.79,755
IJH,20161111,203.15,204.19,202.65,203.97,5983
IJH,20161114,203,209.74,203,208.59,1302
IJH,20161115,209.9,210,209.01,210,1967
IJH,20161116,210.51,213.7,210.51,211.86,784
IJH,20161117,214.97,214.97,212.42,214.22,1405
IJH,20161118,214.5,217.99,214.5,217.47,977
IJH,20161121,218,219.74,218,219,916
IJH,20161122,219,219,218.19,218.92,1705
IJH,20161123,219.75,221.76,219.55,220.98,985
IJH,20161124,221.08,224.99,221.01,221.12,3554
IJH,20161125,220.32,221.36,220.22,220.68,743
IJH,20161128,222,222,218.62,218.62,853
IJH,20161129,218.75,218.75,217.08,217.65,705
IJH,20161130,218.39,218.39,218.38,218.38,76
IJH,20161201,219,223.95,219,220.05,1715
IJH,20161202,219,219,218.68,218.68,27
IJH,20161205,220,220,217.92,217.92,2349
IJH,20161206,219.92,219.99,219.92,219.95,98
IJH,20161207,222,223.59,222,222.71,606
IJH,20161208,225.4,225.4,223.33,224.15,374
IJH,20161209,225.2,227.78,225.2,227.5,306
IJH,20161212,227.95,228.74,226.6,226.96,3402
IJH,20161213,225.82,225.82,223.99,224.92,2992
IJH,20161214,224.92,225.65,224.92,225.4,131
IJH,20161215,225.82,225.82,224.5,225.82,1267
IJH,20161216,228.15,228.15,226.8,227.45,334
IJH,20161219,229.99,229.99,228.84,229.28,347
IJH,20161220,230.01,231.88,230.01,231.85,4835
IJH,20161221,234.99,234.99,232.38,232.41,1042
IJH,20161222,232,232,230.22,230.39,2786
IJH,20161223,230.99,230.99,230.05,230.76,262
IJH,20161228,230.9,232.19,230.9,232,1879
IJH,20161229,231.42,231.59,229.45,229.45,1225
IJH,20161230,230.05,230.05,230,230,56
IJH,20170103,230,231.12,229.79,229.79,1641
IJH,20170104,230,231,230,230.15,290
IJH,20170105,231.75,232.17,231.34,231.77,497
IJH,20170106,233,233,228.4,228.55,458
IJH,20170109,230,230,228.76,229.22,698
IJH,20170110,229.22,229.22,225.1,225.1,735
IJH,20170111,227.5,227.5,226.49,226.49,359
IJH,20170112,227,227,224.46,225,936
IJH,20170113,225,225,223.14,223.86,1634
IJH,20170116,224,224.57,224,224.57,567
IJH,20170117,225.54,225.54,224.57,224.57,210
IJH,20170118,221.16,221.51,220.58,221.51,747
IJH,20170119,223.26,223.33,223.26,223.27,31
IJH,20170120,220.43,220.43,219.52,219.53,1052
IJH,20170123,218,220.53,217.9,219.5,9441
IJH,20170124,219.5,220.09,219,220,2088
IJH,20170125,220,224.39,220,224,588
IJH,20170127,224.61,226.02,223.01,225.8,3059
IJH,20170130,235.8,235.8,222.7,223.43,18994
IJH,20170131,223.16,223.16,220.89,221.08,4991
IJH,20170201,230.6,230.6,222.1,222.57,3105
IJH,20170202,221.08,221.15,218.77,218.93,7752
IJH,20170203,218.23,219.76,218.23,219,3205
IJH,20170206,222.7,222.72,221.66,221.89,1166
IJH,20170207,221.9,221.96,220.85,220.85,2258
IJH,20170208,221.75,221.75,221.05,221.47,1166
IJH,20170209,225.89,225.89,221.55,221.8,3211
IJH,20170210,222.6,224.65,222.6,223.77,1411
IJH,20170213,223.77,225,223.77,224.54,5647
IJH,20170214,225.99,225.99,224.1,224.1,1640
IJH,20170215,224.42,225.39,224.42,225.05,6941
IJH,20170216,225.67,225.67,224.26,224.67,3248
IJH,20170217,224.71,225.32,224.07,224.39,7266
IJH,20170220,224.39,226.26,224.39,225.66,2171
IJH,20170221,226.17,226.19,225.33,226,7007
IJH,20170222,227.05,227.14,226.5,226.82,3778
IJH,20170223,227.04,227.04,226.15,226.15,3269
IJH,20170224,225.5,225.5,224.34,224.54,2041
IJH,20170227,225.47,226.46,225.4,225.4,2959
IJH,20170228,226.63,227.06,226.63,227.04,2536
IJH,20170301,227,227,225.1,226.07,2446
IJH,20170302,228.76,229.24,228.34,228.65,1478
IJH,20170303,228.45,229.49,228.2,228.81,3213
IJH,20170306,225.5,228.43,216.09,228.4,3487
IJH,20170307,226.17,226.64,226.17,226.25,441
IJH,20170308,227.09,227.09,225.16,225.25,933
IJH,20170309,225.07,227.36,225.07,227.1,1723
IJH,20170310,226.24,227.3,226.24,227.03,3478
IJH,20170313,226.01,226.49,225.25,225.62,3095
IJH,20170314,225.88,226.69,225.75,226.69,1654
IJH,20170315,226.3,226.3,224.46,225.59,2331
IJH,20170316,225.09,225.34,224.76,225.34,1161
IJH,20170317,225,225.28,224.51,224.7,6029
IJH,20170320,225.29,225.29,223.11,223.63,5765
IJH,20170321,223,224.05,221.3,224.01,1017
IJH,20170322,218.58,221.07,218.58,220.1,4108
IJH,20170323,221.25,222.75,221.14,222.6,1385
IJH,20170324,221.41,223.95,220.65,221.34,2084
IJH,20170327,220.5,221.5,220.5,221.4,2433
IJH,20170328,222.88,222.95,221.5,222,460
IJH,20170329,222.8,223.83,222,223.53,966
IJH,20170330,223.58,223.87,222.19,222.25,488
IJH,20170331,222.35,225.41,222.35,223.78,1500
IJH,20170403,224.64,225.62,224.64,225.62,2972
IJH,20170404,226,226,222.4,224.01,2749
IJH,20170405,225.06,225.06,224.55,224.75,1580
IJH,20170406,222.58,223.9,222.56,223.9,1079
IJH,20170407,226.85,226.85,224.87,225.98,1769
IJH,20170410,225,227.99,225,227.04,1305
IJH,20170411,228,229,226,227.36,868
IJH,20170412,228.5,229.82,228.01,229.21,812
IJH,20170413,226.52,226.52,223.93,224.33,3108
IJH,20170418,223.61,225.63,222.28,224.19,1432
IJH,20170419,223.52,225.4,223.52,225.4,1032
IJH,20170420,227.04,227.04,225.96,226.38,1047
IJH,20170421,227.71,227.9,227.31,227.77,854
IJH,20170424,227.9,228.8,227.9,228.66,8887
IJH,20170426,231,231.97,230.56,231.97,2088
IJH,20170427,232.82,233.16,232.66,232.66,350
IJH,20170428,234.32,234.32,233.21,233.21,5919
IJH,20170501,232,232,230.32,230.98,1344
IJH,20170502,230.85,230.85,229.5,230,1348
IJH,20170503,229.99,230.5,229.3,230.48,554
IJH,20170504,230,232.84,230,232.55,344
IJH,20170505,234.98,234.98,232.36,232.36,1866
IJH,20170508,233.5,234.65,233.5,233.94,1321
IJH,20170509,234,234.74,233.5,234.74,964
IJH,20170510,234.37,234.37,233.46,233.46,788
IJH,20170511,235.17,235.6,235.17,235.26,921
IJH,20170512,235.21,235.21,233,233,342
IJH,20170515,232.36,232.36,231.85,231.85,2662
IJH,20170516,232.14,232.53,231.98,232.53,4358
IJH,20170517,231.9,231.9,230.34,230.34,1933
IJH,20170518,229.86,229.86,227.28,227.33,3331
IJH,20170519,226.91,228.05,226.91,227.62,4049
IJH,20170522,227.62,229.85,227.62,229.85,2458
IJH,20170523,229.49,229.49,228.91,228.96,666
IJH,20170524,230,230.92,230,230.85,173
IJH,20170525,230.36,231,230.36,231,232
IJH,20170526,231.72,232.43,231.72,232.43,1840
IJH,20170529,232.94,233.02,231.5,232.1,3230
IJH,20170530,232.49,233.5,232,233.5,2103
IJH,20170531,231.59,231.59,230,230.4,1036
IJH,20170601,231.07,232.8,231.07,232.37,356
IJH,20170602,233.51,236.77,233.51,236.77,1342
IJH,20170605,236.53,236.53,233.61,234.51,421
IJH,20170606,232.21,233.13,232,232,1409
IJH,20170607,231.01,231.01,230.26,230.59,1512
IJH,20170608,230,230.1,229.8,229.81,1818
IJH,20170609,231.83,232.37,231.7,232.2,326
IJH,20170613,232.5,233.03,232.48,233.03,340
IJH,20170614,234.88,234.88,234.34,234.34,457
IJH,20170615,230.04,230.89,230.04,230.89,108
IJH,20170616,231.31,231.58,231.26,231.33,1785
IJH,20170619,230.4,230.5,230.11,230.48,1974
IJH,20170620,231.7,232.29,231.7,231.95,1556
IJH,20170621,230.6,230.97,230.15,230.97,3398
IJH,20170622,229.27,229.7,229.27,229.7,131
IJH,20170623,229.96,230.07,229.96,230.07,793
IJH,20170626,230,230.37,230,230.37,2742
IJH,20170627,231.03,231.03,230.07,230.07,753
IJH,20170628,229.69,229.69,227.41,227.51,320
IJH,20170629,229.1,229.1,228.87,228.89,896
IJH,20170630,225.64,226.12,225.64,226,222
IJH,20170703,223.01,223.01,223.01,223.01,240
IJH,20170704,226,229.89,226,229.67,11193
IJH,20170705,229.14,229.52,228.43,229.16,8345
IJH,20170706,229.67,229.79,229.27,229.79,439
IJH,20170707,228,228,227.5,227.8,307
IJH,20170710,229.65,229.65,229.2,229.39,602
IJH,20170711,228.5,228.5,228.26,228.49,1845
IJH,20170712,227.81,227.81,227.08,227.08,355
IJH,20170713,227.6,227.6,227.01,227.01,132
IJH,20170714,226.83,226.83,226.4,226.67,1230
IJH,20170717,224.66,225.16,224.66,225.1,2956
IJH,20170718,225.1,226,223,223.1,22527
IJH,20170719,221.5,222.06,221.5,221.89,386
IJH,20170720,223,223.51,223,223.23,1636
IJH,20170721,223.25,224.4,223.25,224.4,199
IJH,20170724,223.2,223.2,222.81,223.08,1135
IJH,20170725,224.1,224.1,223.11,223.3,1807
IJH,20170726,225,225.78,224.92,225.4,362
IJH,20170727,221.86,221.86,220.35,220.39,3173
IJH,20170728,221.71,222.04,220.96,222.04,4012
IJH,20170731,220.95,221,220.02,220.02,1086
IJH,20170801,219.1,219.5,219.03,219.3,10456
IJH,20170802,220.5,221.1,220.5,220.69,28270
IJH,20170803,219.56,220.3,219.56,220.27,203
IJH,20170804,218.95,219.36,218.45,218.77,404
IJH,20170807,220.11,220.21,219.95,220.19,1247
IJH,20170808,220.33,220.84,220.15,220.57,895
IJH,20170809,221,221,220.38,220.58,11345
IJH,20170810,219.32,219.32,218.91,219.16,68
IJH,20170811,217.22,217.22,216.5,216.5,21106
IJH,20170815,220.06,220.06,220,220,2053
IJH,20170816,218.88,219.1,218.88,219.1,230
IJH,20170817,216.35,217.08,216.35,216.71,1895
IJH,20170818,214.56,214.56,214.38,214.38,205
IJH,20170821,214.4,214.4,212.87,212.91,334
IJH,20170822,212.9,212.91,212.87,212.91,435
IJH,20170823,215.36,215.36,215.27,215.27,399
IJH,20170824,214.37,215.18,214.37,215.18,9463
IJH,20170825,215.84,215.84,215.08,215.08,355
IJH,20170828,215.08,215.08,214.5,215.05,64
IJH,20170829,215.05,215.05,215.05,215.05,0
IJH,20170830,215.05,215.05,215.05,215.05,0
IJH,20170831,214.5,217.25,214.5,217.25,2257
IJH,20170901,217.78,218,217.73,217.73,202
IJH,20170904,217.81,217.81,216.91,217,430
IJH,20170905,218.3,218.4,217.74,217.74,2919
IJH,20170906,215.05,215.05,214.71,214.9,289
IJH,20170907,214.42,215,214.3,214.64,351
IJH,20170908,212.61,212.61,211.7,211.7,2165
IJH,20170911,214.16,214.75,214.16,214.6,2004
IJH,20170912,215.01,217.21,215.01,216.9,1296
IJH,20170913,217.9,218.12,217.9,218.01,72
IJH,20170914,218.79,219.02,217.68,218.4,5964
IJH,20170915,217.91,218.73,217.91,218.28,2003
IJH,20170918,225,225,218.47,219.27,3785
IJH,20170919,221.15,222.56,220.9,221.65,1250
IJH,20170920,221.33,221.36,219.6,221.11,894
IJH,20170921,221,221.75,221,221.75,582
IJH,20170922,221.72,221.72,221.7,221.7,425
IJH,20170925,222.42,222.42,221.92,221.92,294
IJH,20170926,222.36,224.64,222.36,224.52,711
IJH,20170927,223.25,225.04,223.25,225.04,1059
IJH,20170928,227,228.19,226.77,228.19,748
IJH,20170929,228,228.01,227.9,227.9,369
IJH,20171002,228.3,230,228.29,229.05,510
IJH,20171003,230.65,231.28,230.65,231.28,187
IJH,20171004,231.3,231.3,230.16,230.16,366
IJH,20171005,230.69,230.9,230.69,230.9,1786
IJH,20171006,232.99,234.06,232.98,234.06,1168
IJH,20171009,235,235,233.18,233.5,118
IJH,20171010,232.64,232.64,232.6,232.6,139
IJH,20171011,232.05,233.04,232.05,233.04,119
IJH,20171012,232.64,232.64,232,232,211
IJH,20171013,232.01,232.01,231.58,232,831
IJH,20171016,231,231,230.56,230.9,205
IJH,20171017,231.56,231.56,231.41,231.41,36
IJH,20171018,231.41,231.41,231.41,231.41,0
IJH,20171019,231.6,231.6,230.74,231.37,525
IJH,20171020,231.02,233.32,230.96,232.79,4848
IJH,20171023,234.28,234.65,233.9,233.9,638
IJH,20171024,233.99,233.99,232.68,232.87,514
IJH,20171025,234.28,236.2,234.28,236.2,1231
IJH,20171026,235.75,235.98,235.62,235.85,2009
IJH,20171027,235.82,239.06,235.82,238.7,4880
IJH,20171030,239,239,238.35,238.39,3328
IJH,20171031,237,237.34,236.34,237.34,1920
IJH,20171101,238.7,239.57,238.7,239.54,800
IJH,20171102,237.01,237.21,235.65,235.85,9068
IJH,20171103,238,238,237,237.72,391
IJH,20171106,240,240,238.85,238.85,193
IJH,20171107,239.13,239.2,239.04,239.2,252
IJH,20171108,238.26,238.71,238.15,238.71,226
IJH,20171109,238.7,239.35,238.5,238.5,2274
IJH,20171110,238.7,239.35,238.5,238.5,2274
IJH,20171113,244.47,244.47,238.06,238.39,466
IJH,20171114,239.47,239.47,238.73,238.73,969
IJH,20171115,241,241,238.76,239.68,62
IJH,20171116,238.85,239.63,238.85,239.63,10131
IJH,20171117,241,241.4,240.85,241.2,1209
IJH,20171120,242.95,242.95,242.34,242.65,605
IJH,20171121,244.45,244.99,244.45,244.99,264
IJH,20171122,244.99,245.24,244.58,244.95,8502
IJH,20171123,243.46,243.46,243.46,243.46,56
IJH,20171124,249.75,249.75,243.51,243.97,13097
IJH,20171127,243.97,244.17,243.97,244.05,532
IJH,20171128,243.5,243.75,243.28,243.4,1238
IJH,20171129,245.76,247,245.76,247,436
IJH,20171130,249.63,249.63,248.14,248.78,516
IJH,20171201,250,256.14,250,250.25,2501
IJH,20171204,251,256.99,250.96,250.96,3064
IJH,20171205,249.59,249.59,247.6,248.16,5681
IJH,20171206,246.94,247.69,246.94,247.21,50
IJH,20171207,248.03,248.06,248.03,248.06,22
IJH,20171208,250.81,251.13,250.81,251.1,1612
IJH,20171211,250.7,251.75,250.7,251.51,2208
IJH,20171212,251.52,251.55,251,251.08,3055
IJH,20171213,248.92,248.92,248.01,248.22,407
IJH,20171214,247,250,246.1,250,170
IJH,20171215,250,250,243.26,244.16,6930
IJH,20171218,247.5,247.69,247.1,247.14,568
IJH,20171219,248,248.89,248,248.89,325
IJH,20171220,248.8,248.81,247.45,247.51,447
IJH,20171221,247.51,247.52,247,247.47,1611
IJH,20171222,247.5,247.5,246.68,246.71,838
IJH,20171227,246.57,246.6,245.83,246.1,548
IJH,20171228,246,246,243.92,244.67,296
IJH,20171229,244.85,244.85,244.85,244.85,17
IJH,20180102,244,244,242.71,242.71,4918
IJH,20180103,245.58,245.61,245.58,245.61,44
IJH,20180104,246.52,246.52,244.01,244.01,105
IJH,20180105,244.01,244.01,244.01,244.01,0
IJH,20180108,245.01,246.37,245.01,246.1,688
IJH,20180109,249.11,249.11,247.05,247.05,494
IJH,20180110,247.71,248.94,247.5,248.94,510
IJH,20180111,247.29,247.29,245.19,245.19,205
IJH,20180112,247.66,248.83,247.66,248.32,1237
IJH,20180115,249.06,249.06,247.94,247.94,102
IJH,20180116,248.01,248.01,246.41,246.8,9090
IJH,20180117,246,246.2,244.87,245.4,885
IJH,20180118,246.53,246.89,246.35,246.89,2670
IJH,20180119,244.8,244.8,243.87,244.2,107
IJH,20180122,247,247.52,246.58,246.89,8053
IJH,20180123,247.7,248.71,247.55,248.71,7007
IJH,20180124,248.66,249.21,248.2,248.58,715
IJH,20180125,246.2,246.2,246.2,246.2,6
IJH,20180129,247.38,247.38,245.82,247.03,576
IJH,20180130,244.34,244.35,242.38,243.09,513
IJH,20180131,244.7,244.7,241.65,243.3,1229
IJH,20180201,243.5,243.64,243.11,243.11,492
IJH,20180202,244,244.01,243.59,243.87,1225
IJH,20180205,240.5,240.5,239.88,240.39,11740
IJH,20180207,234.01,238.34,234.01,234.82,16529
IJH,20180208,235.8,236.76,235.55,236.61,3812
IJH,20180209,234.05,234.05,230.21,232.75,12911
IJH,20180212,235.6,235.6,233.02,233.41,1013
IJH,20180213,233.7,233.9,233.23,233.27,694
IJH,20180214,235,235,233.86,234.23,515
IJH,20180215,236.9,237.51,236.67,237.51,10775
IJH,20180216,240.98,240.99,238.49,240.99,7892
IJH,20180219,241.02,241.02,240.56,240.95,1706
IJH,20180220,241.24,241.24,239.87,239.87,267
IJH,20180221,239.9,240.75,239.85,240.04,30100
IJH,20180222,241.94,241.94,240.58,240.58,10322
IJH,20180223,240.59,241.63,240.59,241.6,2311
IJH,20180226,242.02,243.98,242.02,242.55,3318
IJH,20180227,244.05,244.76,242.56,243.9,6924
IJH,20180228,244.94,244.94,242,242.06,2274
IJH,20180301,241.03,241.68,240.94,241.16,305
IJH,20180302,238.98,239.65,238.98,239.65,270
IJH,20180305,240.07,241.5,240.07,240.65,755
IJH,20180306,241.42,244.25,241.42,243.62,1015
IJH,20180307,243.57,243.85,243.06,243.08,1938
IJH,20180308,244.59,245.59,244.59,245.53,2243
IJH,20180309,245,247,245,246.4,2236
IJH,20180312,248.6,248.81,248.3,248.81,283
IJH,20180313,248.02,248.11,247.57,248.11,232
IJH,20180314,246.92,247.31,246.9,246.9,615
IJH,20180315,246.55,246.55,244.8,245.53,1349
IJH,20180316,248.73,248.73,247.09,247.38,2873
IJH,20180319,251.05,251.05,250.35,250.9,4368
IJH,20180320,250.73,250.73,249.3,250.5,48
IJH,20180321,250,250.04,249.96,250.04,450
IJH,20180322,247.93,250.69,247.93,249,744
IJH,20180323,242.2,242.2,241.15,241.15,412
IJH,20180326,240,240,239,239.45,1463
IJH,20180327,242.8,242.95,241.5,242.85,37478
IJH,20180328,241.05,241.05,240.05,240.06,3142
IJH,20180329,240,242.77,240,241.61,1056
IJH,20180403,239.98,239.98,238.71,238.73,4456
IJH,20180404,241.1,241.1,238.51,240.45,143
IJH,20180405,243.06,244.82,243.06,244.28,360
IJH,20180406,243.93,243.95,242.82,243.86,17195
IJH,20180409,241.46,242.11,241.46,242.11,34
IJH,20180410,240.49,242.79,240.33,242.25,9797
IJH,20180411,242.25,242.25,242.25,242.25,0
IJH,20180412,242.53,242.88,242.45,242.88,1242
IJH,20180413,242.18,242.46,242.12,242.12,556
IJH,20180416,243.34,243.34,242.39,242.88,8956
IJH,20180417,244.5,245,244.47,245,1181
IJH,20180418,246.98,247.2,246.97,247.19,17454
IJH,20180419,246.98,247.03,246.1,246.1,8413
IJH,20180420,246.85,247.72,246.85,247.72,214
IJH,20180423,247.32,248.14,247.32,247.92,1453
IJH,20180424,249.99,250.15,249.99,250.15,247
IJH,20180426,249.65,249.9,249.22,249.3,3219
IJH,20180427,250.29,250.31,249.92,250.21,5182
IJH,20180430,250,250.59,250,250.44,4276
IJH,20180501,249.39,249.39,248.09,248.11,6365
IJH,20180502,250.13,250.58,249.64,249.9,17609
IJH,20180503,250,250.78,248.62,248.62,3514
IJH,20180504,248.73,248.73,247.68,248.65,247
IJH,20180507,251.85,252.89,251.85,252.77,544
IJH,20180508,253,254.33,253,253.94,883
IJH,20180509,257.5,257.5,257,257.41,2746
IJH,20180510,257.79,258.2,257.63,258.2,642
IJH,20180511,260.1,260.1,257.22,257.31,19547
IJH,20180514,259,259.79,257.21,257.51,1115
IJH,20180515,258.23,258.23,256.94,257.31,748
IJH,20180516,258,258.55,258,258.4,11145
IJH,20180517,259,259,257.63,257.63,394
IJH,20180518,259.5,259.91,259.5,259.67,766
IJH,20180521,260.8,260.8,259.6,259.78,3611
IJH,20180522,259.05,259.19,258.49,258.89,872
IJH,20180523,259.62,259.62,257,258.02,2028
IJH,20180524,257.99,257.99,257.17,257.28,1308
IJH,20180525,258,258.86,258,258.86,343
IJH,20180528,258.5,258.5,257.77,257.77,599
IJH,20180529,260,260,257.7,258.17,1288
IJH,20180530,258.95,259.12,258.92,258.92,1584
IJH,20180531,259.93,260.67,259.91,260.45,2339
IJH,20180601,258.1,258.93,258,258.93,228
IJH,20180604,258.96,260.98,255.3,257.7,1891
IJH,20180605,257.18,257.91,254.79,257.91,484
IJH,20180606,258.69,259.12,258.03,258.27,10670
IJH,20180607,259.71,260.55,259.71,260.28,752
IJH,20180608,261.97,261.97,261.51,261.51,1359
IJH,20180612,262.54,264.03,262.54,263.34,588
IJH,20180613,265.03,265.85,265.03,265.4,1223
IJH,20180614,263.5,264,263.46,263.65,810
IJH,20180615,267.93,267.93,267.79,267.79,22
IJH,20180618,269.15,269.15,266.45,266.45,688
IJH,20180619,268.83,268.83,267.75,268.64,4370
IJH,20180620,270.44,270.49,269.75,270.4,8326
IJH,20180621,272.83,273.8,272.67,273.8,1793
IJH,20180622,270,270.24,269.42,269.82,1325
IJH,20180625,269.15,269.15,267.2,267.5,218
IJH,20180626,265.99,265.99,265,265.06,6182
IJH,20180627,265,266,265,265.36,454
IJH,20180628,263.93,264.7,263.92,264.04,621
IJH,20180629,264.5,265.14,263.51,263.51,1868
IJH,20180702,263.5,264.07,262.68,262.68,5366
IJH,20180703,265.41,265.53,265.2,265.38,2948
IJH,20180704,264.27,265.14,264.27,264.45,838
IJH,20180705,265.38,265.38,265.35,265.35,427
IJH,20180706,266.32,267.01,266.25,266.72,8219
IJH,20180710,268.91,269.48,268.56,269.48,777
IJH,20180711,270,270,268.29,268.76,391
IJH,20180712,270.33,270.5,270,270.25,608
IJH,20180713,269.21,269.53,269.14,269.5,181
IJH,20180716,269.17,269.17,268.54,268.54,534
IJH,20180717,267.45,267.99,267,267.19,7269
IJH,20180718,272.77,272.77,269.66,270.54,648
IJH,20180719,269.65,269.82,268.9,269.11,1109
IJH,20180720,272.33,273.39,270,270,4311
IJH,20180723,268.6,268.7,268.01,268.4,832
IJH,20180724,271.1,271.3,270.99,271.3,1887
IJH,20180725,266.55,267.47,265.69,267.27,4193
IJH,20180726,266.55,267.52,266.51,267.52,6876
IJH,20180727,270.39,270.58,270.18,270.29,9283
IJH,20180730,267,267,265.73,265.91,2414
IJH,20180731,265.17,265.17,264.45,264.45,1751
IJH,20180801,265.87,267.3,265.87,267.3,748
IJH,20180802,266.85,267.41,266.83,267,2664
IJH,20180803,270.6,272.2,267.54,270.16,9763
IJH,20180806,270,270.65,270,270.65,2399
IJH,20180807,271.65,271.8,271.24,271.35,2081
IJH,20180808,271.15,271.15,270.82,270.88,414
IJH,20180809,270,270.32,269.51,270.28,5561
IJH,20180810,271.86,273.05,271.6,273.05,350
IJH,20180813,273.54,273.54,272.69,272.69,614
IJH,20180814,273.25,273.56,273.07,273.56,860
IJH,20180816,275.61,275.61,273.47,274,22157
IJH,20180817,276.67,276.67,275.24,275.62,953
IJH,20180820,275.39,275.62,275,275,819
IJH,20180821,274,274.44,274,274.15,559
IJH,20180822,274.7,276,274.7,275.8,915
IJH,20180823,277.53,278.92,277.53,278.5,3068
IJH,20180824,279.62,280,278.58,278.58,313
IJH,20180827,277.94,278.6,277.77,278.2,2029
IJH,20180828,278.68,279.09,278.4,279.06,617
IJH,20180829,278.88,279.89,278.45,279.89,1552
IJH,20180830,281.59,281.59,280.37,281.48,799
IJH,20180831,280.74,282.2,280.7,281.1,1482
IJH,20180903,283.41,285.14,283.41,284.29,3878
IJH,20180904,284.25,284.45,283,283.03,1730
IJH,20180910,285.5,286.89,285.4,285.6,6822
IJH,20180913,286.54,286.54,283.09,283.09,1086
IJH,20180914,284,284.03,283.7,283.75,654
IJH,20180917,286,286.13,285.75,285.78,1463
IJH,20180918,283.4,283.4,282,282,1498
IJH,20180919,282.46,282.54,281.5,281.5,559
IJH,20180920,281.23,281.23,279.7,279.7,337
IJH,20180921,281.6,281.6,280.8,280.99,229
IJH,20180924,281.7,284.07,279.9,280.3,903
IJH,20180925,280.35,281.06,280.15,280.75,1017
IJH,20180926,280.2,282.11,279.6,279.99,855
IJH,20180927,278,278.4,277.34,277.86,496
IJH,20180928,279.7,279.98,279.31,279.31,735
IJH,20181001,280.03,282.94,280.03,281.68,693
IJH,20181002,280.4,280.41,277,278,810
IJH,20181003,278,278.5,277.8,278.5,447
IJH,20181004,281.73,281.87,281.37,281.68,1990
IJH,20181005,281.67,281.67,279.39,279.39,651
IJH,20181008,270,279.5,270,279.5,745
IJH,20181009,279.82,279.82,276.71,277,2634
IJH,20181010,277,277,273.93,274.09,3123
IJH,20181011,266.92,267.95,264.88,265.11,29342
IJH,20181012,263.09,264.64,263.09,264.45,2819
IJH,20181015,261.69,262.21,261.69,262.2,1085
IJH,20181016,262.2,264.4,262.2,262.66,503
IJH,20181017,267.22,269,267.22,267.9,994
IJH,20181018,270,270,266.98,266.98,1154
IJH,20181019,265.13,265.73,265,265,8107
IJH,20181022,263.44,263.44,261.27,262.86,367
IJH,20181023,263.03,263.03,261.07,261.11,4873
IJH,20181024,260.6,260.6,259.3,259.6,1101
IJH,20181025,255.78,255.78,252.97,253.08,1110
IJH,20181026,253.43,254.26,253.1,253.94,23874
IJH,20181030,253.3,253.52,252.8,253.52,3265
IJH,20181031,255.91,256.65,255.8,256.33,4785
IJH,20181101,259.18,259.18,256.38,256.38,265
IJH,20181102,259.35,259.35,257.85,257.96,595
IJH,20181105,257.76,258.87,257.51,257.51,369
IJH,20181106,259.1,259.49,258.52,259.49,603
IJH,20181107,260,261,258.5,260,737
IJH,20181108,263.27,263.27,261.65,262.1,1237
IJH,20181109,263.31,263.33,261.06,262.72,16042
IJH,20181112,262.57,262.57,260.58,261.72,22719
IJH,20181113,260.26,260.26,257.6,257.68,2607
IJH,20181114,257,258.09,256.04,256.5,1879
IJH,20181115,256,256,252.19,253,1513
IJH,20181116,255.59,256.51,254.7,256.51,3423
IJH,20181119,256.28,256.28,254,254.57,150
IJH,20181120,252.46,252.46,252,252.06,377
IJH,20181121,251.59,251.59,249.6,250.52,4602
IJH,20181122,250.5,253.74,250.5,251.34,1095
IJH,20181123,251.33,251.33,250.52,251.07,128
IJH,20181126,251.62,252.82,251.62,252.82,4321
IJH,20181127,254.5,254.5,254.3,254.3,1370
IJH,20181128,254,254,253.22,253.5,3628
IJH,20181129,254.96,255.48,254.4,254.4,337
IJH,20181130,255,255.58,254.67,255,803
IJH,20181203,258,259.79,258,259.24,1036
IJH,20181204,258.97,258.97,256.05,256.05,1549
IJH,20181205,250.62,251.77,249.52,251.29,3183
IJH,20181206,249.95,250.72,249.89,250,618
IJH,20181207,249.85,251.75,249.85,251.75,74
IJH,20181210,248,248,244.99,245,256
IJH,20181211,244.16,247.66,244.16,245.5,3715
IJH,20181212,245.49,246.27,245.18,246.12,3565
IJH,20181213,247,247,246.66,246.66,15381
IJH,20181214,243.25,243.41,242.33,242.33,7180
IJH,20181217,241.61,242.27,240.88,242.19,1368
IJH,20181218,240.51,240.51,236.97,237.6,404
IJH,20181219,234.4,236.2,234.4,236.17,1276
IJH,20181220,234.41,234.51,232.34,232.34,2539
IJH,20181221,232.73,232.73,231.59,232.55,1888
IJH,20181224,228.19,229.44,228.19,229.44,1355
IJH,20181227,235,235,230.85,232.37,4636
IJH,20181228,234.39,234.4,234.09,234.4,2092
IJH,20181231,235.2,235.72,234.82,234.82,144
IJH,20190102,235,237.79,234,235.17,232
IJH,20190103,238.78,238.78,237.15,237.15,185
IJH,20190104,233.32,233.76,232.1,233.56,3051
IJH,20190107,237.03,238.04,236.08,236.64,5051
IJH,20190108,238.04,238.77,237.87,238.55,434
IJH,20190109,242,242.71,241.75,242.71,1137
IJH,20190110,242.9,242.9,241.82,242.33,1006
IJH,20190111,244.4,244.4,243.6,243.6,317
IJH,20190114,243.6,243.6,242.72,242.96,1084
IJH,20190115,243.74,244.4,243.72,244.4,2929
IJH,20190116,244.45,245,244.35,244.46,1424
IJH,20190117,246.49,246.49,246.49,246.49,22
IJH,20190118,249.55,249.96,248.9,249.96,5917
IJH,20190121,252.93,253.3,252.85,253.07,556
IJH,20190122,253,253.13,252.38,252.93,529
IJH,20190123,250.46,251.59,250.46,251.59,223
IJH,20190124,249.96,251.16,249.22,251.16,361
IJH,20190125,253.65,253.68,253.61,253.68,1250
IJH,20190129,253.61,253.61,252.09,252.2,1022
IJH,20190130,254.67,254.67,252.49,252.72,2198
IJH,20190131,251.79,251.95,251.78,251.95,1360
IJH,20190201,252.75,253.86,252.75,253.86,133
IJH,20190204,253.63,254.17,253.3,254.17,96
IJH,20190205,254.83,258,254.83,255.86,272
IJH,20190206,257.75,260.25,257.75,260.25,664
IJH,20190207,261.5,261.5,261,261,119
IJH,20190208,261.55,261.55,260.73,260.8,384
IJH,20190211,261.96,261.96,260.95,261.28,443
IJH,20190212,262.26,264.49,262.26,264.44,942
IJH,20190213,265.84,266.26,264.73,264.81,738
IJH,20190214,266.4,267,265.77,265.77,366
IJH,20190215,266.48,266.48,265.51,265.52,354
IJH,20190218,268.24,268.74,267.6,268.11,1630
IJH,20190219,269.33,269.68,269.33,269.68,196
IJH,20190220,268.16,268.16,266.89,267.59,1069
IJH,20190221,268.23,270.3,267.5,270.3,788
IJH,20190222,270,270.89,270,270.66,1064
IJH,20190225,270.65,273.44,270.57,271.64,18080
IJH,20190226,271.4,271.4,269.25,269.25,551
IJH,20190227,266.55,269.3,266.52,266.84,1940
IJH,20190228,271.15,271.15,268.52,269.06,126
IJH,20190301,270,271.14,269.71,271.14,261
IJH,20190304,272.02,273.4,272.02,273.15,772
IJH,20190305,270.54,272,270.4,272,584
IJH,20190306,270.88,271.23,269.8,271.23,1619
IJH,20190307,271.23,271.23,266.85,266.85,387
IJH,20190308,266.09,266.45,265.87,265.9,792
IJH,20190311,265,265.86,264.54,265.11,174
IJH,20190312,267.16,267.7,267.16,267.7,136
IJH,20190313,267.7,267.85,267.21,267.82,637
IJH,20190314,269.08,269.13,268,269.13,969
IJH,20190315,267.97,268.58,267.97,268.58,122
IJH,20190318,268.39,268.39,267.75,268.16,1482
IJH,20190319,268.16,270,266.37,269.85,380
IJH,20190320,269.9,269.9,268.5,269.19,253
IJH,20190321,264.05,265.84,263.54,263.75,3893
IJH,20190322,268.67,269.57,268.67,269.22,3668
IJH,20190325,266.09,266.09,261.49,262,1191
IJH,20190326,262.5,262.79,262.17,262.4,224
IJH,20190327,263,264.25,262.95,264.25,478
IJH,20190328,264.55,264.55,262.77,263.97,2449
IJH,20190329,265.13,269.36,265.13,267.83,651
IJH,20190401,267.83,269.89,267.76,267.76,2183
IJH,20190402,270,271.57,269.66,270.32,475
IJH,20190403,271.41,271.41,270.34,270.34,343
IJH,20190404,270.57,270.57,269.92,270.25,1202
IJH,20190405,271.5,271.5,271.5,271.5,215
IJH,20190408,274.06,274.59,273.83,274.37,1381
IJH,20190409,273.15,273.15,272.44,272.49,1834
IJH,20190410,270.55,270.55,269.88,269.88,93
IJH,20190411,272.15,272.15,272.15,272.15,7
IJH,20190412,273.62,274.46,273.32,273.45,2491
IJH,20190415,273.75,274.65,273.71,274.65,142
IJH,20190416,273.7,274.85,273.7,274.8,2023
IJH,20190417,274.06,274.5,272.88,272.88,614
IJH,20190418,271.74,271.74,270.57,270.71,326
IJH,20190423,272.82,273.07,272.82,273.07,332
IJH,20190424,277.78,280.63,277.78,280.41,1195
IJH,20190426,278.8,278.8,277.34,278.68,4204
IJH,20190429,279.89,279.91,279.86,279.91,160
IJH,20190430,280.36,280.55,279.92,280.55,401
IJH,20190501,279.5,280.93,279.5,280,4981
IJH,20190502,277.77,277.77,277.02,277.75,1029
IJH,20190503,279.73,279.73,279,279.1,940
IJH,20190506,279,279.3,278.5,279.08,1705
IJH,20190507,280,281,279.51,279.51,10164
IJH,20190508,277.64,277.64,276.41,276.41,767
IJH,20190509,276.95,276.95,276.05,276.05,132
IJH,20190510,276.53,276.53,274.15,275,1978
IJH,20190513,274.32,274.47,274.32,274.47,154
IJH,20190514,269.74,271.62,268.88,271.62,785
IJH,20190515,274.28,275.05,273.47,275.05,2084
IJH,20190516,275.22,275.22,274.67,274.99,314
IJH,20190517,277.38,278.43,276.54,276.57,673
IJH,20190520,275.83,275.83,275,275.33,553
IJH,20190521,272.5,274.49,272.5,274.49,1105
IJH,20190522,276,276.3,275.66,276.3,44
IJH,20190523,274.45,274.45,273.1,274,374
IJH,20190524,268.91,270.6,268.9,270.44,585
IJH,20190527,269.75,269.75,269.17,269.44,306
IJH,20190528,270,270.64,270,270.61,499
IJH,20190529,267.63,267.63,265.5,265.74,2378
IJH,20190530,264.61,265.72,264.31,265,8779
IJH,20190531,263.03,263.42,262.67,262.67,9396
IJH,20190603,261.06,261.06,259.68,260.47,5380
IJH,20190604,262.16,262.67,262.16,262.67,323
IJH,20190605,267.66,268.65,267.66,267.83,743
IJH,20190606,269.67,269.7,268.67,268.7,586
IJH,20190607,269.54,271.31,269.54,271.31,455
IJH,20190611,275.81,276.33,274,275.09,8282
IJH,20190612,274.25,274.9,274.25,274.8,2917
IJH,20190613,275.19,275.89,275.19,275.47,283
IJH,20190614,277.45,278.9,277.45,278.19,742
IJH,20190617,278.18,278.4,277.5,277.5,397
IJH,20190618,277.53,278.85,277.53,278.65,486
IJH,20190619,279.61,280.61,279.61,279.91,1359
IJH,20190620,281.15,281.57,280.28,281,2517
IJH,20190621,280.8,280.89,279.64,279.64,873
IJH,20190624,278.65,278.65,277.7,277.96,531
IJH,20190625,275.78,276.01,275,275,871
IJH,20190626,273.94,273.94,273.2,273.2,1158
IJH,20190627,271.96,273.23,271.96,273.23,213
IJH,20190628,275.97,275.97,275,275,211
IJH,20190701,279.04,280,278.88,280,2008
IJH,20190702,279.62,280.1,279,279.98,4753
IJH,20190703,278.24,278.24,277.18,277.33,7199
IJH,20190704,278.41,278.84,278.27,278.81,2622
IJH,20190705,279,279.83,279,279.81,6143
IJH,20190708,280.46,280.5,279.86,280.25,595
IJH,20190709,278.79,279.09,278,278.12,861
IJH,20190710,280.53,281.14,280.53,280.6,452
IJH,20190711,279.57,279.65,278.81,279.2,435
IJH,20190712,278.46,278.46,277.81,278.25,230
IJH,20190715,278.89,278.89,278.29,278.4,837
IJH,20190716,277.12,277.12,277.1,277.12,42
IJH,20190717,277.53,278.21,277.53,278,694
IJH,20190718,275.53,275.53,274.31,274.31,6357
IJH,20190719,274.99,275.29,274.39,275.2,12534
IJH,20190722,274.8,274.8,274.5,274.5,111
IJH,20190723,275,275.83,275,275.76,258
IJH,20190724,279.17,279.98,279.17,279.69,3553
IJH,20190725,283.7,284.83,283.7,284.83,719
IJH,20190726,282.23,282.89,282,282.89,1297
IJH,20190729,284,286.74,284,285.9,603
IJH,20190730,286.1,286.26,285.59,285.8,1365
IJH,20190731,288.08,288.78,288,288,2680
IJH,20190801,288.5,288.5,286.7,286.9,313
IJH,20190802,282.6,283.3,282.51,282.67,1458
IJH,20190805,280.83,280.85,278.41,279.55,6460
IJH,20190806,269.12,273.47,269.12,273.05,4011
IJH,20190807,273.05,279.51,273.05,279.51,16560
IJH,20190808,277.54,278.52,277.54,278.34,816
IJH,20190809,281.87,281.87,281.16,281.28,6415
IJH,20190812,280.16,280.99,280.16,280.32,7432
IJH,20190813,277.73,277.74,276.68,276.71,7444
IJH,20190814,277.5,279.17,277.5,278.96,3379
IJH,20190815,273.24,273.24,271.98,272.04,1998
IJH,20190816,271.09,272.21,270.99,272,7002
IJH,20190819,277.26,278.19,276.66,278.19,2021
IJH,20190820,279.13,279.54,278.9,279.1,474
IJH,20190821,277.08,277.11,276.4,276.81,477
IJH,20190822,278.74,278.74,278.74,278.74,6
IJH,20190823,280.4,280.4,279.86,280.25,294
IJH,20190826,272,272.44,271.27,272.05,583
IJH,20190827,273.68,274.5,273.24,274.42,6592
IJH,20190828,273.7,273.7,271.5,272.82,385
IJH,20190829,273.64,274.99,273.56,274.86,982
IJH,20190830,278.53,280.17,278.53,280,292
IJH,20190902,278.65,278.7,277.76,278.24,2414
IJH,20190903,278.33,279.68,277.93,278.5,517
IJH,20190904,274.35,276.5,274.25,276.5,5270
IJH,20190905,277.74,279.27,277.49,278.7,9741
IJH,20190906,280.78,281.58,280.41,280.41,963
IJH,20190909,279.28,279.73,279.28,279.56,634
IJH,20190910,281.55,281.58,280.74,281.21,335
IJH,20190911,282.46,283,282.26,282.26,842
IJH,20190912,287.13,287.8,287,287,2801
IJH,20190913,286.79,286.95,286.55,286.95,2452
IJH,20190916,286.54,286.54,284.24,284.24,723
IJH,20190917,286.95,287.41,286.5,287.41,331
IJH,20190918,286.03,286.03,285.8,285.8,80
IJH,20190919,286.5,288,286.5,286.82,810
IJH,20190920,287.3,288.14,287.3,287.64,110
IJH,20190923,291.01,291.01,287.51,287.9,4303
IJH,20190924,287.6,289.08,287.6,289.08,1109
IJH,20190925,284.38,285.35,283.62,285.26,4849
IJH,20190926,288.5,288.5,287.68,287.68,2364
IJH,20190927,286.88,287.09,286.46,286.51,2219
IJH,20190930,286,286.3,286,286.3,73
IJH,20191001,287.75,289.67,287.75,289.5,394
IJH,20191002,283.5,283.5,283,283.5,147
IJH,20191003,281.22,281.22,276.96,277.11,2763
IJH,20191004,278.01,278.26,278.01,278.26,203
IJH,20191007,280.5,280.5,280.5,280.5,180
IJH,20191008,281.99,281.99,280.53,281.41,1754
IJH,20191009,277,277.4,274.83,276.51,555
IJH,20191010,274.5,277.47,274.5,276.35,1390
IJH,20191011,278.4,278.82,277.41,278.82,6307
IJH,20191014,282.5,282.59,282.5,282.59,391
IJH,20191015,282.87,282.87,281.6,281.6,87
IJH,20191016,286.06,286.06,284,284.14,818
IJH,20191017,287,287,282.71,283.2,339
IJH,20191018,283.76,283.76,282.63,282.63,252
IJH,20191021,283.02,283.02,282.48,282.48,2739
IJH,20191022,284,287,282.42,283.79,559
IJH,20191023,287,287.05,283,283.47,262
IJH,20191024,284.39,284.39,283.82,283.82,75
IJH,20191025,286.8,286.8,285.06,285.06,114
IJH,20191028,286.8,286.9,286.8,286.9,1300
IJH,20191029,292,292,287,287.36,3681
IJH,20191030,287.12,287.96,287,287.29,2174
IJH,20191031,285.1,285.1,284.11,284.11,787
IJH,20191101,282.12,283.9,282.11,283.35,180
IJH,20191104,285.88,287.16,285.88,286.44,1980
IJH,20191105,287.92,289.99,287.92,289.44,131
IJH,20191106,290,290,288.83,289.01,1946
IJH,20191107,289.65,289.65,288.8,289.61,14
IJH,20191108,287.48,289.17,287.48,289.17,96
IJH,20191111,290.11,290.72,289.83,290.41,188
IJH,20191112,291.1,291.58,291,291.4,971
IJH,20191113,290.36,290.62,290.06,290.44,2861
IJH,20191114,291.45,292.64,290.91,292.38,3407
IJH,20191115,294.5,295.47,293.73,293.73,67
IJH,20191118,293.6,293.72,293,293.6,695
IJH,20191119,293.29,294.18,293.01,293.79,494
IJH,20191120,292.24,293.15,292.24,293.15,247
IJH,20191121,293.3,293.3,292.67,292.67,1630
IJH,20191122,293.7,293.7,291.8,292.28,1275
IJH,20191125,293,293.62,292.87,293.45,2651
IJH,20191126,295.17,297.51,295.17,296.92,1007
IJH,20191127,299.71,299.71,297.33,298.71,653
IJH,20191128,301.5,301.5,299.66,299.96,101
IJH,20191129,299.67,300.1,299.11,299.11,8133
IJH,20191202,299,299,297.56,298.09,5169
IJH,20191203,294,294,292.51,292.83,596
IJH,20191204,290.55,291.18,289.91,291.18,3501
IJH,20191205,291.2,293.48,291.2,292.74,297
IJH,20191206,295.12,295.59,292.37,293.11,1373
IJH,20191209,298.17,298.17,298.17,298.17,41
IJH,20191210,296.82,296.82,294.2,295.25,901
IJH,20191211,295.3,295.85,295.3,295.85,598
IJH,20191212,294.23,294.23,293.15,293.24,515
IJH,20191213,297.58,297.58,294.92,294.92,5831
IJH,20191216,296.76,296.99,295.16,296.1,1274
IJH,20191217,296.1,298.31,296.1,297.47,411
IJH,20191218,300.4,300.4,299.4,299.53,558
IJH,20191219,298.5,299,298,298.1,298
IJH,20191220,301,301,298.1,298.1,383
IJH,20191223,298.01,300.4,298.01,300.4,495
IJH,20191224,298,298,296.86,297.68,48
IJH,20191227,297.07,297.07,296.86,296.86,31
IJH,20191230,295.5,295.5,294,294.54,235
IJH,20191231,293,295.46,292.95,295.46,59
IJH,20200102,291.22,294.78,291.22,294.78,385
IJH,20200103,294.78,294.78,293.55,293.78,1411
IJH,20200106,293.77,294.56,293.77,294.06,587
IJH,20200107,296.5,296.63,295,296.63,769
IJH,20200108,296,296.74,293.78,296.74,294
IJH,20200109,297.77,299.3,297.77,298.75,588
IJH,20200113,297.61,297.61,296.5,297.08,852
IJH,20200114,297.43,300,297.43,298.98,335
IJH,20200115,299.9,300.06,299.54,299.97,216
IJH,20200116,301.5,301.5,300.22,300.75,894
IJH,20200117,301.51,304.56,301.51,303.98,381
IJH,20200120,305,305,303,303.8,621
IJH,20200121,304,304.18,303.21,303.61,1423
IJH,20200122,303.65,305.54,303.65,305.54,161
IJH,20200123,305.31,305.31,301.85,303.31,1423
IJH,20200124,308,308,304.2,304.2,226
IJH,20200128,301.72,302.25,301.04,302,461
IJH,20200129,302.16,304.41,302.1,304.41,757
IJH,20200130,302.5,303.03,301.36,301.36,1855
IJH,20200203,299.5,301.7,299.5,301.64,418
IJH,20200204,303.02,304.42,303.02,303.5,3280
IJH,20200205,305.13,305.26,304.75,304.97,1053
IJH,20200210,305.2,306.34,305.2,305.61,969
IJH,20200211,308.29,308.64,308.29,308.57,1176
IJH,20200212,310,310.05,308.83,308.83,576
IJH,20200213,309.5,311.69,309.48,309.9,727
IJH,20200214,312.83,313.75,312.83,313.75,376
IJH,20200217,314,314,312.09,312.64,691
IJH,20200218,312.46,313.09,311.75,312.97,2741
IJH,20200219,313.82,313.82,312.95,313.05,317
IJH,20200220,314.53,316.48,314.53,315.36,581
IJH,20200221,316.9,317.79,316.85,317.79,1291
IJH,20200224,316.9,316.9,310.49,310.71,1121
IJH,20200225,309,309,305,308.52,4115
IJH,20200226,300,300,292.7,298.37,14695
IJH,20200227,279.99,293.04,278.55,288.47,39802
IJH,20200228,266.85,282.13,266.85,279.89,4375
IJH,20200302,279.85,280.89,265.53,279.64,7549
IJH,20200303,285.18,289.19,284.03,284.03,1201
IJH,20200304,279.53,281.04,276.48,280.7,1456
IJH,20200305,284.77,285.76,283.53,283.53,705
IJH,20200306,275.1,278.15,273.62,273.62,681
IJH,20200309,264.5,264.5,249.13,251.86,16544
IJH,20200310,249.13,257,249.13,255.97,5960
IJH,20200311,256,256.55,253.23,254.41,693
IJH,20200312,253.4,253.4,234.01,238.49,7679
IJH,20200313,238.01,238.01,218.84,226.4,7458
IJH,20200316,236,239.83,219.99,229.63,1816
IJH,20200317,220,229.76,220,226.8,6880
IJH,20200318,230.8,230.8,225,225.86,4317
IJH,20200319,223.75,226.75,218,219.04,13732
IJH,20200320,223.71,224.99,222.94,224.99,1367
IJH,20200323,150.44,211.7,150,209.54,8595
IJH,20200324,200,214,200,213.6,4681
IJH,20200325,227,230,214,215,1506
IJH,20200326,229.99,233.74,229.99,233.26,1340
IJH,20200327,234,252,234,235,1234
IJH,20200330,235,235,220,232.5,4026
IJH,20200331,231.2,240,231.2,237,998
IJH,20200401,229.74,231,229.26,229.26,820
IJH,20200402,224.98,226.1,211.01,225.38,2952
IJH,20200403,220.46,225.73,220.46,224.41,970
IJH,20200406,228.65,230.58,228.65,230.03,979
IJH,20200407,237.72,237.72,233.21,233.21,403
IJH,20200408,234.77,239.34,234.77,238.67,440
IJH,20200409,240.02,246.12,240.02,245.32,5933
IJH,20200414,246.35,246.35,239.58,243.49,1336
IJH,20200415,247.96,247.96,243.1,244.29,2235
IJH,20200416,243,243,236.52,238.99,2253
IJH,20200417,242.8,249.9,242.8,243.98,253
IJH,20200420,244.99,245.93,244.99,245.93,385
IJH,20200421,246.4,246.4,239.65,239.85,2680
IJH,20200422,239.8,239.8,236.01,236.01,757
IJH,20200423,237.96,239.75,237.95,239.62,434
IJH,20200424,237.5,237.93,237.5,237.93,321
IJH,20200427,241.98,243.61,240.6,243.17,2144
IJH,20200428,258.9,258.9,248.58,249.24,1024
IJH,20200429,253.57,253.57,251.66,251.9,1276
IJH,20200430,259.42,260.69,258.17,260.12,1442
IJH,20200501,264,264,250.3,251,16678
IJH,20200504,250,251.78,243.11,245.77,12877
IJH,20200505,247.86,249.05,247.86,249,8510
IJH,20200506,251.08,251.08,248.19,250.75,4022
IJH,20200507,248.67,249.45,247.86,249,1248
IJH,20200508,250.83,252.58,246.34,252,3110
IJH,20200511,258.49,258.74,257.15,257.47,22180
IJH,20200512,255.22,256.46,254.59,255.39,494
IJH,20200513,245.17,247.16,244.66,246,2312
IJH,20200514,241.08,241.08,239.23,239.23,1275
IJH,20200515,243.65,244,242,243.3,2002
IJH,20200518,248.01,248.92,248,248.92,366
IJH,20200519,256,257.17,255.16,256,2602
IJH,20200520,254.43,254.55,254.43,254.55,294
IJH,20200521,256.25,256.53,255.13,255.13,2057
IJH,20200522,258.67,259.63,255.63,256,618
IJH,20200525,260.12,261.13,260.12,261.13,402
IJH,20200526,262.17,264.98,262.17,264.53,446
IJH,20200527,264.8,268,264.8,267.97,3763
IJH,20200528,273.26,275.08,273.14,273.7,625
IJH,20200529,268.27,268.27,266.53,267.4,405
IJH,20200601,264.85,264.85,263,263,1054
IJH,20200602,263.5,263.5,262.55,262.55,144
IJH,20200603,261.87,261.87,259.49,261.47,1339
IJH,20200604,267.54,267.8,266.77,267.38,1473
IJH,20200605,267.5,269.06,267.43,268.55,2187
IJH,20200609,275.93,277.43,275.93,277.43,461
IJH,20200610,276.66,277.5,274.86,274.86,527
IJH,20200611,264.52,264.85,261.62,261.62,2519
IJH,20200612,256.26,258.34,254.54,257.69,707
IJH,20200615,248.45,252.5,245.11,246.13,21514
IJH,20200616,253.46,263.25,253.46,263.25,6131
IJH,20200617,263,265.38,262.71,264,526
IJH,20200618,258.19,260.32,258.19,259.79,2347
IJH,20200619,263.18,263.18,261.5,262.12,2554
IJH,20200622,258.4,259.74,258.4,258.66,1325
IJH,20200623,258,260.37,256.39,260.37,2045
IJH,20200624,258.13,258.13,257.7,257.7,234
IJH,20200625,257.49,257.49,251.61,251.99,360
IJH,20200626,254,255.83,254,255.54,289
IJH,20200629,250.89,252.27,250.13,250.13,955
IJH,20200630,255,258.23,255,256.41,505
IJH,20200701,252.08,256.95,252.08,255.02,575
IJH,20200702,255.14,255.24,254.64,255.15,330
IJH,20200703,256.76,256.76,256.76,256.76,2
IJH,20200706,256.45,260.3,256.45,259.92,1733
IJH,20200707,256.5,256.6,256.24,256.6,1165
IJH,20200708,253.22,255.54,253.08,253.08,234
IJH,20200709,253.74,253.74,252.68,252.68,316
IJH,20200710,252.09,252.09,249,249.19,1892
IJH,20200713,255.5,255.6,255.5,255.59,181
IJH,20200714,254.37,254.5,253.26,253.26,307
IJH,20200715,256.73,256.99,255.8,256.84,2273
IJH,20200716,261.12,261.91,261.1,261.49,62
IJH,20200717,265.77,265.77,260.65,260.65,435
IJH,20200720,261.9,261.9,260,260,335
IJH,20200721,258.91,260.78,258.91,260.78,1657
IJH,20200722,260.7,262.6,259.61,262.2,1328
IJH,20200723,262.2,262.67,260.2,260.2,410
IJH,20200724,262.88,262.88,261.62,262.57,435
IJH,20200727,259.88,260.22,259.55,260,135
IJH,20200728,260.91,261.36,260.9,261.36,266
IJH,20200729,258.96,258.96,257.35,257.54,349
IJH,20200730,262.39,262.75,261.84,262.75,560
IJH,20200731,262.7,262.7,259.08,259.08,121
IJH,20200803,260.45,260.58,260.45,260.58,73
IJH,20200804,265,265,264.16,264.16,365
IJH,20200805,264.13,264.39,263.45,264.19,7689
IJH,20200806,266.37,267.27,265.83,266.6,2047
IJH,20200807,264.48,264.48,263.75,264.34,1987
IJH,20200810,270.09,271.3,270,271.3,2385
IJH,20200811,272.4,272.44,271.24,271.48,1167
IJH,20200812,272.23,273.9,272.23,273.9,406
IJH,20200813,271.4,272.09,271.4,272.09,106
IJH,20200814,273.28,274.2,273.28,273.31,426
IJH,20200817,272,272.04,271,272.04,279
IJH,20200818,271.22,271.38,270.15,270.26,261
IJH,20200819,267.19,268.04,266.72,267.01,533
IJH,20200820,267.37,267.37,266.25,266.25,175
IJH,20200821,265.75,266.67,265.75,266.03,463
IJH,20200824,266,267,266,267,219
IJH,20200825,270,272,270,271.15,1529
IJH,20200826,271.2,271.2,268.3,268.35,383
IJH,20200827,268,268,266.08,266.6,467
IJH,20200828,267.3,268.27,266.8,267.65,442
IJH,20200831,266.81,266.82,265,265.76,1202
IJH,20200901,261.72,261.72,260.21,260.34,469
IJH,20200902,264.06,265.19,264.06,264.6,222
IJH,20200903,268,269.22,264.11,268.98,877
IJH,20200904,262.22,264.47,261.83,264.47,362
IJH,20200907,264.32,264.32,260.01,260.01,1049
IJH,20200908,261.71,263.15,261.71,263.07,1369
IJH,20200909,256.83,257.96,254.43,257.47,2004
IJH,20200910,260.21,260.21,257.09,257.7,1233
IJH,20200911,256.89,257.38,256.89,256.97,189
IJH,20200914,256.64,257.76,256.64,257.76,305
IJH,20200915,259.71,260.16,258.66,258.96,383
IJH,20200916,259.22,259.64,259.15,259.59,182
IJH,20200917,260.85,260.99,258.14,258.14,411
IJH,20200918,258.28,258.28,257.2,257.94,694
IJH,20200921,257,257.02,254,254,1080
IJH,20200922,252.97,253.4,251.43,251.8,9063
IJH,20200923,252.79,257.15,252.79,256.71,1655
IJH,20200924,253.33,254.75,253.33,254.75,1196
IJH,20200925,255.43,255.43,254.95,255.01,1100
IJH,20200928,258.31,259,258.01,258.5,1475
IJH,20200929,262.88,263.98,262.88,263.9,378
IJH,20200930,259.9,261.49,258.41,258.41,6045
IJH,20201001,261,261,259.5,259.77,2596
IJH,20201002,261.29,261.5,258,258,2553
IJH,20201005,266.02,270.88,265.84,266.15,340
IJH,20201006,267.47,270.01,267.47,269.28,565
IJH,20201007,270.66,272.33,270.66,271.99,600
IJH,20201008,275.37,276.6,275.37,276.07,741
IJH,20201009,276.34,278.76,276.34,278.59,2183
IJH,20201012,276.2,276.2,275.35,275.95,345
IJH,20201013,278,278.43,277.8,278.02,161
IJH,20201014,277.65,278.29,277.27,278.29,2540
IJH,20201015,278.3,278.3,276.61,276.77,2115
IJH,20201016,281.48,283.63,281.48,283.5,928
IJH,20201019,282.94,282.94,281.23,281.71,870
IJH,20201020,284.99,284.99,280.34,280.34,75
IJH,20201021,281.59,281.59,280.3,281.12,207
IJH,20201022,280,280,275.47,275.76,135
IJH,20201023,282.39,282.39,280.58,281.45,128
IJH,20201026,279.66,280.41,279.66,279.7,138
IJH,20201027,277.23,277.23,276.11,276.38,44
IJH,20201028,276.5,276.5,269.75,269.75,462
IJH,20201029,268.65,270.27,268.65,270.22,6852
IJH,20201030,271.01,271.01,268.43,268.43,2105
IJH,20201102,269.3,271.03,269.18,271.03,7114
IJH,20201103,275.5,276.53,275.5,276.07,278
IJH,20201104,279.12,280.34,275.7,278.23,582
IJH,20201105,275.01,276.83,274.58,276.52,985
IJH,20201106,280.6,280.6,278.16,278.98,9394
IJH,20201109,279,281.7,279,281.44,564
IJH,20201110,285,287.37,283.29,283.29,1053
IJH,20201111,286,288.78,286,288.25,1069
IJH,20201112,288.27,290,286.59,286.96,820
IJH,20201113,288,288.01,284.48,284.5,445
IJH,20201116,284.5,290,284.5,290,79
IJH,20201117,307,307,292.8,292.8,1380
IJH,20201118,295.35,296.13,295.1,295.1,313
IJH,20201120,291.82,292.92,291.71,292.39,212
IJH,20201123,293.92,294.38,293.6,294.29,215
IJH,20201124,297.17,300.77,297.17,300.72,518
IJH,20201125,301.64,302.3,301.34,302.03,1003
IJH,20201126,298.97,299.715,298.43,299.1,6925
IJH,20201127,301.75,301.75,296.92,297.54,727
IJH,20201130,296.32,296.32,295.8,295.8,135
IJH,20201201,296.77,297.73,296.5,297.45,737
IJH,20201202,296.55,296.55,294.93,296.4,17248
IJH,20201203,296.27,296.4,295.24,295.87,1213
IJH,20201204,296.16,297.43,296.16,297.08,1270
IJH,20201207,302.61,302.61,300.63,301.21,841
IJH,20201208,301,301,299.37,300.24,559
IJH,20201209,305,305,303,303,5586
IJH,20201210,301,301,299.37,299.37,498
IJH,20201211,298.53,298.72,296.46,296.46,428
IJH,20201214,298.5,299.42,298.5,299.11,510
IJH,20201215,296.62,298,296.62,298,1037
IJH,20201216,301.8,302.45,301.8,301.93,596
IJH,20201217,302,302,300.49,300.97,611
IJH,20201218,301.04,301.46,300.93,301.24,917
IJH,20201221,301.26,301.95,300,300.5,673
IJH,20201222,300.51,300.51,299.41,299.5,526
IJH,20201224,301.56,301.56,301.56,301.56,0
IJH,20201229,304.2,304.89,304.2,304.68,686
IJH,20201230,302.37,302.37,298.34,298.43,520
IJH,20201231,298.7,298.7,298.3,298.3,288
IJH,20210104,298.16,300.19,298.13,299.71,281
IJH,20210105,296.13,296.47,293.93,294.01,804
IJH,20210106,296.23,297.09,296.23,297.09,256
IJH,20210107,306.86,307.69,306.08,307.56,1714
IJH,20210108,310.96,313.23,310.87,313.23,534
IJH,20210111,313.22,313.22,310,310.32,717
IJH,20210112,313.62,314.9,312,313.89,2451
IJH,20210113,314.56,314.85,314,314.38,783
IJH,20210114,314.37,315.08,312.71,315.03,2515
IJH,20210115,314.65,314.65,312.48,312.48,296
IJH,20210118,313,314.66,313,314.66,459
IJH,20210119,317.22,317.57,316.15,317.36,2853
IJH,20210120,317.4,317.59,315.08,315.08,835
IJH,20210121,317.62,318.23,317.35,318.23,916
IJH,20210122,316.01,316.11,315.51,315.51,314
IJH,20210125,317.4,319.26,315.5,318.44,1579
IJH,20210127,313.41,313.41,311.49,311.49,595
IJH,20210128,310,310.29,305.7,309.29,708
IJH,20210129,310.11,310.52,307.3,308.04,3133
IJH,20210201,305,306.2,302.48,306.2,1991
IJH,20210203,317.69,318,316.7,316.7,797
IJH,20210204,316.59,316.59,315.95,316.08,631
IJH,20210205,321.85,323.21,321.2,322.41,874
IJH,20210208,322.41,324.66,322.41,323.75,950
IJH,20210209,326.4,326.4,325,325,535
IJH,20210210,327.07,327.07,325.7,326.95,140
IJH,20210211,326.85,326.85,324.52,325.06,982
IJH,20210212,327.57,327.57,326.1,326.53,379
IJH,20210215,327,329.16,327,328.79,587
IJH,20210216,328.51,332,328.51,329.28,1160
IJH,20210217,328.8,328.8,325.83,326.27,701
IJH,20210218,325.23,326.28,325.23,325.31,2698
IJH,20210219,321.43,321.43,320,320.58,858
IJH,20210222,323.5,323.5,321.78,321.93,464
IJH,20210223,321.69,321.69,319.17,320.34,247
IJH,20210224,319,319.98,319,319.98,857
IJH,20210225,323.84,325.43,323.84,324.99,516
IJH,20210226,324,324,317,317.56,1610
IJH,20210301,325.6,327.39,325.38,327.29,884
IJH,20210302,333.34,333.34,328.15,328.39,6007
IJH,20210303,324.3,325.5,324.125,325,1886
IJH,20210304,321.97,322.21,319.74,319.75,1554
IJH,20210305,319,319.02,315.65,317.8,1170
IJH,20210308,325.12,331.68,325.12,326.09,1965
IJH,20210309,329,334.56,329,333.47,329
IJH,20210310,331.09,331.51,330.28,331.38,979
IJH,20210311,331.09,331.51,330.28,331.38,979
IJH,20210312,336.8,337.69,336.8,337.55,532
IJH,20210315,338,344.24,338,342.74,539
IJH,20210316,345.01,346.98,344.3,344.97,6136
IJH,20210317,341.36,342.69,341.36,341.52,18040
IJH,20210318,344,346.97,340.84,341.39,2076
IJH,20210319,337.19,339.2,337.05,338.19,1035
IJH,20210322,338.2,338.2,336.2,336.2,1237
IJH,20210323,340,340,335.51,335.67,1495
IJH,20210324,334.65,334.65,331.96,332.87,6556
IJH,20210325,330.01,335.33,329.82,331.98,2575
IJH,20210329,342,343.08,340.7,340.98,23546
IJH,20210330,339.08,339.68,337.33,339.68,929
IJH,20210331,343.33,345.28,343.33,345.1,2267
IJH,20210401,346,346.03,343.18,344.5,1696
IJH,20210406,347.12,347.12,345.74,347.12,13989
IJH,20210407,349.2,349.2,347.43,348.61,4814
IJH,20210408,348.58,349.77,347.27,347.69,1373
IJH,20210409,347.55,348.39,346.9,348.06,5190
IJH,20210412,349.7,349.7,348,348.14,9447
IJH,20210413,351,353.12,350.67,351.9,1353
IJH,20210414,353,353.01,346.99,347.35,1454
IJH,20210415,347.15,349.21,347.15,348.39,19295
IJH,20210416,347.95,349.98,347.54,347.82,1059
IJH,20210419,350.5,351.1,350.11,350.27,454
IJH,20210420,345.39,348.24,345.39,347.24,513
IJH,20210421,346.78,347.25,344.36,344.95,2843
IJH,20210422,347.67,349.23,347.54,348.83,19870
IJH,20210423,345.61,352.08,345.61,350.09,13627
IJH,20210426,353.7,353.9,353.2,353.43,4740
IJH,20210427,355.68,355.69,353.29,353.95,983
IJH,20210428,354.69,356.23,354.69,356.07,1937
IJH,20210429,355,355.69,352.7,355.69,1111
IJH,20210430,355.6,356.58,352.86,352.86,1622
IJH,20210503,354.11,355.64,353.02,355.24,2204
IJH,20210504,355.41,355.41,351.88,351.88,1649
IJH,20210505,353.29,357.35,351.37,354.6,1666
IJH,20210506,354.17,354.99,351,352.46,1945
IJH,20210507,352.8,353.08,352.02,352.74,984
IJH,20210510,352.74,354.19,352.57,352.57,281
IJH,20210511,349.33,349.33,345.5,347,1165
IJH,20210512,347,347,344.05,345.49,8049
IJH,20210513,342.26,342.7,341.14,341.47,3214
IJH,20210514,342,347.25,342,347.25,2799
IJH,20210517,346,351.96,346,351,5680
IJH,20210518,351.5,351.5,349.09,349.51,554
IJH,20210519,344,344.51,343.32,343.43,4069
IJH,20210520,346,346.03,343.96,345,561
IJH,20210521,345,349.85,345,347.8,2144
IJH,20210524,349.69,350.5,349.01,349.5,456
IJH,20210525,350,350,348.29,348.29,169
IJH,20210526,348,348.27,345,345.5,964
IJH,20210527,347,350.99,347,349.62,6935
IJH,20210528,353.43,353.43,352.55,353.28,525
IJH,20210531,355,355,353.05,353.8,1328
IJH,20210601,350.96,351.94,350.13,351.94,925
IJH,20210602,352.9,355,352.53,354.77,299
IJH,20210603,352.75,353.47,352.75,352.91,464
IJH,20210604,351.01,355,351.01,355,304
IJH,20210607,354,355,351.06,351.6,18182
IJH,20210609,355,355.87,354.93,355.21,553
IJH,20210610,352.96,354.47,352.91,353.97,270
IJH,20210611,352.97,353.79,352.69,352.69,1507
IJH,20210615,352.65,354.95,352.61,354.3,593
IJH,20210616,354.7,354.7,352.14,352.26,1270
IJH,20210617,354.02,354.55,351.29,352.34,863
IJH,20210618,352,352.89,351.51,352.89,592
IJH,20210621,349.69,349.69,346,346,298
IJH,20210622,354.6,356.95,354.3,355.67,390
IJH,20210623,355.17,355.25,354.74,355.25,389
IJH,20210625,356.8,356.95,356.26,356.86,330
IJH,20210628,360.67,361.39,360.44,360.44,4182
IJH,20210629,359.02,359.02,355.67,355.94,521
IJH,20210630,360,360.03,358.48,358.83,1068
IJH,20210701,360.83,360.83,359.36,360.09,1042
IJH,20210705,360.81,360.81,358.8,360.45,953
IJH,20210706,360.45,360.95,357.43,359.11,781
IJH,20210707,357.24,357.28,356,356.16,1777
IJH,20210708,358,358.4,356.59,357.56,639
IJH,20210709,356.48,356.67,353.82,355.95,3793
IJH,20210712,359.61,361.77,359.61,360.51,687
IJH,20210714,359.43,359.43,356.58,357.27,675
IJH,20210715,356,356,353.5,353.5,1608
IJH,20210716,354.1,356,354.1,356,338
IJH,20210719,353.2,353.2,351.1,351.1,945
IJH,20210720,351.45,351.82,350.62,351.53,562
IJH,20210723,359.33,360.11,359.33,360,321
IJH,20210726,361.95,361.95,360.54,360.7,1004
IJH,20210727,361.07,361.88,361.07,361.58,534
IJH,20210728,361.02,361.85,360.03,361.34,747
IJH,20210729,362.85,363.61,362.78,363.12,832
IJH,20210730,364.99,364.99,363.12,363.33,627
IJH,20210802,369.04,370.1,369.04,369.57,1813
IJH,20210803,366.03,366.11,363.89,363.89,1495
IJH,20210804,364.78,364.97,364.47,364.97,210
IJH,20210805,363.22,363.92,362.97,363.21,399
IJH,20210806,364.45,366.12,364.45,366,533
IJH,20210809,368.78,368.78,367.35,367.57,764
IJH,20210810,370,370,367.83,368.73,1266
IJH,20210811,370,370.66,368.75,369.37,1018
IJH,20210812,372,372.41,371.99,372.37,205
IJH,20210813,373,373,372.03,372.24,367
IJH,20210819,368.55,369.42,368.55,369.03,1036
IJH,20210820,368.74,369.55,368.74,369.29,156
IJH,20210823,375.3,376.05,374.77,375.62,806
IJH,20210824,375.62,375.62,373.92,373.92,1402
IJH,20210825,375.46,375.82,375.32,375.66,1316
IJH,20210826,376.54,377.06,376,377.06,407
IJH,20210827,376.92,376.92,374.95,375.05,293
IJH,20210830,378.28,379.56,377.63,379.56,2128
IJH,20210831,379.31,379.31,377.64,377.64,1514
IJH,20210901,376.99,377.89,376.99,377.78,176
IJH,20210902,374.59,374.59,373.8,373.8,145
IJH,20210903,374.75,375.59,374.75,374.98,296
IJH,20210906,372.15,372.15,369.6,370.65,744
IJH,20210907,371,371.96,369.5,371.33,1616
IJH,20210908,368.84,369.67,368.84,369.67,1346
IJH,20210909,369.1,369.11,367.28,367.5,1470
IJH,20210910,368.59,368.95,368.56,368.95,269
IJH,20210913,366.76,366.76,365.75,365.75,1811
IJH,20210914,367.36,369.26,367.36,369.26,900
IJH,20210915,365.91,366.7,365.3,365.89,123
IJH,20210916,367.87,368.52,367.69,368.31,4126
IJH,20210917,369.72,369.9,369.4,369.82,452
IJH,20210920,367.78,367.78,365.91,365.91,800
IJH,20210922,362.77,363.8,361.2,363.57,1932
IJH,20210923,366.85,370.11,366.85,369.7,5383
IJH,20210924,368.7,371.04,368.7,370,1292
IJH,20210927,366.77,373.15,366.77,372.58,937
IJH,20210928,374.21,374.21,372.38,373.04,384
IJH,20210929,370.88,371.81,370.74,371.64,1116
IJH,20210930,373.98,375.05,373.98,375.05,1584
IJH,20211001,375.5,375.5,361.35,362.84,13337
IJH,20211004,369.96,370.01,366.71,367.18,1759
IJH,20211005,366.1,366.64,364.45,366.64,1080
IJH,20211006,365.5,365.5,363.5,364.28,1063
IJH,20211007,364.28,367,364.28,366.23,623
IJH,20211008,369.2,370.12,369.05,370.11,1293
IJH,20211011,366.17,366.17,365,365.72,1459
IJH,20211012,366.17,366.17,365,365.72,1459
IJH,20211013,361.12,365.95,361.12,365.48,683
IJH,20211014,365.47,366.15,365.36,365.66,8156
IJH,20211019,370.43,370.5,368,368,917
IJH,20211020,369.65,369.92,367.35,367.35,415
IJH,20211021,368.73,368.91,367.7,368.91,1353
IJH,20211022,373.31,374.31,372.71,373.94,1166
IJH,20211025,372.77,373.07,372.17,372.46,180
IJH,20211026,373.82,375,373.38,373.38,916
IJH,20211028,366.67,366.98,365.71,366,848
IJH,20211029,369.59,370.39,368.26,368.26,752
IJH,20211101,371.67,372.41,371.67,371.85,509
IJH,20211102,378.17,380,377.95,378.44,600
IJH,20211103,382.85,383.5,382.73,383.13,1026
IJH,20211104,387.04,387.09,386,386.34,1458
IJH,20211105,391.74,391.74,388.1,388.56,378
IJH,20211109,392,392,390.06,390.06,470
IJH,20211110,391.72,395.42,391.67,391.82,320
IJH,20211112,393.99,397.77,393.99,396.89,674
IJH,20211115,398.5,398.5,394.25,394.25,154
IJH,20211116,395,395.52,395,395.1,470
IJH,20211117,398.17,399.07,397.84,398.55,571
IJH,20211118,396.5,397.3,396.5,396.53,332
IJH,20211119,396.51,397.44,395.58,397.03,768
IJH,20211122,396.99,397.56,396.43,397.4,496
IJH,20211123,397.54,397.78,396.54,397.68,937
IJH,20211124,396.43,397.55,396.41,397.37,1319
IJH,20211125,398.78,399.95,398.47,399.95,980
IJH,20211126,399.97,399.97,394.03,395.01,844
IJH,20211129,389.98,393.16,388.88,391.98,5702
IJH,20211130,391.31,391.31,390,390.4,642
IJH,20211201,384.58,384.58,381.02,381.54,4532
IJH,20211202,370.51,377.88,370.51,377.73,11676
IJH,20211203,384.2,386.3,383.5,385.03,4047
IJH,20211206,385.41,388.35,385,387.17,2533
IJH,20211207,391.32,391.56,390.58,391.46,3602
IJH,20211208,397,397,393.29,394.42,11631
IJH,20211209,394.4,394.42,391.47,393.14,3529
IJH,20211210,391.2,391.2,383.57,386.93,3044
IJH,20211213,388.45,391.44,388.45,390.31,1241
IJH,20211214,389,389.43,386.79,388.39,1184
IJH,20211216,384,387.5,384,387.02,402
IJH,20211217,394.42,394.42,379.8,379.8,2787
IJH,20211220,380.01,381,376.45,378.77,1686
IJH,20211221,378.77,378.77,377,378.33,829
IJH,20211222,384.9,384.9,383.15,384.36,997
IJH,20211223,386.02,386.02,383.46,384.17,673
IJH,20211224,386.02,386.02,384.9,384.9,162
IJH,20211229,393.85,393.85,387.78,391.14,723
IJH,20211230,391.14,393,390.96,390.96,639
IJH,20211231,391.25,391.59,389.5,389.5,513
IJH,20220104,394,395.99,392.84,394.69,540
IJH,20220105,394.69,394.69,393.12,393.75,230
IJH,20220106,389.54,389.54,386.43,386.55,1138
IJH,20220107,388.15,393,388.15,392.23,252
IJH,20220110,390.79,390.79,385.89,387,1651
IJH,20220111,388.05,388.05,385.27,385.95,586
IJH,20220112,387.31,388.42,386.25,388.28,428
IJH,20220113,386.02,386.02,381.94,381.94,189
IJH,20220114,382.37,383,382.1,382.31,621
IJH,20220117,385.25,386,383.33,383.6,323
IJH,20220118,385,385,382.1,383.97,1108
IJH,20220119,380,380,375.7,375.7,2759
IJH,20220120,374.7,374.7,369.37,371.54,2172
IJH,20220121,365.04,365.04,362.73,364.2,2733
IJH,20220124,359.01,363.23,359.01,363,20803
IJH,20220125,367.15,368.73,363.66,364.62,6512
IJH,20220127,362.64,362.64,354.3,354.3,4155
IJH,20220128,358.55,360.52,357.5,359,2452
IJH,20220131,365.9,367,365.46,366.54,452
IJH,20220201,370.83,371.09,369.3,370.74,1001
IJH,20220202,372.52,372.52,370.19,371.45,2196
IJH,20220203,371.82,372.7,370.53,371.17,4101
IJH,20220204,371.17,371.17,367.25,367.7,1298
IJH,20220207,370.26,370.58,368.7,368.7,284
IJH,20220208,368.69,368.82,366.8,367,479
IJH,20220209,374.5,374.79,373.45,373.95,328
IJH,20220210,379.73,381.09,377.4,377.75,7210
IJH,20220211,375.85,375.85,372.33,373.31,1973
IJH,20220214,372.7,372.7,369.15,372.31,138
IJH,20220215,371.53,371.53,368.2,368.99,605
IJH,20220216,374.53,375.9,374.53,375.57,527
IJH,20220217,374,374.83,373.03,373.71,989
IJH,20220218,370.1,370.16,366.61,369.41,2270
IJH,20220221,367.59,367.59,363.67,365.7,1696
IJH,20220222,363.93,363.93,358.5,358.98,1908
IJH,20220223,361.25,361.25,359.66,360.84,3278
IJH,20220224,356.7,356.7,346.67,348.33,2237
IJH,20220225,354.95,359.74,354.95,357.11,1993
IJH,20220228,359.53,362.89,358.75,360.31,674
IJH,20220301,362.46,368.05,362.46,366.75,1379
IJH,20220302,370,370,358.42,360,1543
IJH,20220303,362,366.78,362,366.04,363
IJH,20220304,359,362.74,357.12,357.45,1139
IJH,20220307,355.5,355.5,345,346.85,453
IJH,20220308,342.9,344.25,341.61,344.04,7892
IJH,20220309,344.04,348.31,344.04,348.3,1507
IJH,20220310,354.47,355.96,353.75,353.75,194
IJH,20220311,353.75,353.89,351.25,351.99,1420
IJH,20220314,354.51,357,354.51,357,83
IJH,20220315,353.33,354.85,353.17,354.3,316
IJH,20220316,0,0,0,0,0
IJH,20220317,366,366,366,366,41
IJH,20220318,364.2,364.2,360.75,361.02,281
IJH,20220321,361.19,366.22,361.19,364.13,951
IJH,20220322,362.58,364.14,362.54,363.595,408
IJH,20220323,364,364.51,363.89,364.05,9559
IJH,20220324,357.93,357.93,355,355.51,278
IJH,20220325,357.01,358.6,357.01,358.49,168
IJH,20220328,358,360.35,358,358.57,52
IJH,20220329,359.55,362.72,359.55,362.72,526
IJH,20220330,369,369,367.04,367.04,359
IJH,20220331,366.55,366.55,362.94,365.3,344
IJH,20220401,359.65,359.98,359.6,359.87,288
IJH,20220404,360,360.27,359.01,360.27,1160
IJH,20220405,359.63,359.63,354.12,354.12,1559
IJH,20220406,348.9,350.01,348.9,350,126
IJH,20220407,349.01,349.01,347.71,348.28,669
IJH,20220408,348.3,348.72,348.28,348.72,603
IJH,20220411,350.08,350.08,348,348.04,491
IJH,20220412,349.35,349.4,347.71,347.71,907
IJH,20220413,350.09,350.09,349.44,350,1126
IJH,20220414,352,353.75,352,353.75,105
IJH,20220419,355,357.41,355,356.32,41
IJH,20220420,360,360.99,359.48,359.48,219
IJH,20220421,360,360.99,359.48,359.48,219
IJH,20220422,358.68,359.9,357.25,359.9,968
IJH,20220426,363.18,363.18,359.13,359.46,1552
IJH,20220427,354.61,354.61,350.93,352,1160
IJH,20220428,354.85,356.7,353.99,356.1,2634
IJH,20220429,358.04,359.56,358.04,358.55,1351
IJH,20220502,356,356.19,352.92,355.72,5432
IJH,20220503,354.22,355.52,353,353.8,2937
IJH,20220504,357.93,358.16,355.96,356.98,2442
IJH,20220505,357,360.14,357,358.45,192
IJH,20220506,355.44,355.44,352.06,353.5,290
IJH,20220509,347.71,349.55,347.3,349.52,1923
IJH,20220510,345,345.62,342.7,344.98,582
IJH,20220511,342.68,343.84,342.17,342.78,478
IJH,20220512,339.93,340.19,338.34,339.7,694
IJH,20220513,341.6,346.47,341.6,346.2,3114
IJH,20220516,349.9,350.03,349.5,349.62,246
IJH,20220517,349.11,349.11,346,346.78,353
IJH,20220518,353.5,354.1,352.45,353.32,4187
IJH,20220519,343.3,343.3,341.86,342.35,1445
IJH,20220520,341.85,343.26,340.79,342.19,2046
IJH,20220523,340.53,340.71,338.12,338.27,974
IJH,20220524,339.44,339.44,337,337,3104
IJH,20220525,336.99,336.99,335.97,335.97,260
IJH,20220526,343.12,343.35,342.4,343.2,185
IJH,20220527,349.97,349.97,347.07,347.36,393
IJH,20220530,352.61,355.45,352.61,354.99,443
IJH,20220531,356.96,356.96,353.54,353.95,817
IJH,20220601,352.16,352.16,350.73,350.73,145
IJH,20220602,349.01,349.01,347.26,348.81,236
IJH,20220603,351.01,351.65,351.01,351.65,691
IJH,20220606,351.65,352.09,351,352.03,202
IJH,20220607,352.92,352.92,348.8,350.06,562
IJH,20220608,355.08,355.26,354.95,355.19,283
IJH,20220609,351.24,352.03,349.9,351.01,623
IJH,20220610,351.05,351.05,348,348,90
IJH,20220614,332.31,333.74,331.05,333.18,1398
IJH,20220615,331.4,332.19,331.16,331.16,355
IJH,20220616,331.16,332.5,330.32,330.32,408
IJH,20220617,315,317.21,309.59,316.47,1384
IJH,20220620,320.91,321.39,318.3,318.64,3254
IJH,20220621,319.34,324.34,319.1,323.95,1167
IJH,20220622,322.12,322.12,320.74,321.56,659
IJH,20220623,322.04,325.34,322.04,325.24,954
IJH,20220624,326,328.81,325.93,328.49,1546
IJH,20220627,335.11,338.35,335.11,337.01,231
IJH,20220628,339.52,339.52,337.5,338.8,602
IJH,20220629,335.69,336.21,333.92,335.5,2337
IJH,20220630,332.25,332.25,330.09,330.09,219
IJH,20220701,325.53,328.66,325.53,327.75,571
IJH,20220704,335,335,333.55,333.72,587
IJH,20220705,333.58,335.03,332.96,334.14,868
IJH,20220706,336.09,336.42,334.69,336.22,195
IJH,20220707,336.3,336.3,334.09,335.04,328
IJH,20220708,335.42,339.8,335.42,339.68,140
IJH,20220711,340,340,336.7,337.3,4854
IJH,20220712,340.04,340.04,338.4,339.02,443
IJH,20220713,339.01,339.01,338.37,338.7,138
IJH,20220714,337.97,337.97,335.6,336.4,536
IJH,20220715,335.4,336.01,334.62,336,394
IJH,20220718,337.48,340.16,337.48,339.99,635
IJH,20220719,338.3,338.3,335.91,335.91,560
IJH,20220720,343.75,345.1,343.75,344.06,327
IJH,20220721,346.88,347.86,346.02,346.84,314
IJH,20220722,346.15,348.7,346.15,348.57,601
IJH,20220725,346.65,346.88,346.07,346.88,590
IJH,20220726,345.22,346,345,345.89,384
IJH,20220727,344.66,346.77,344.66,346.52,629
IJH,20220728,346.52,349.2,346.52,348.64,737
IJH,20220729,351.5,355.05,351.5,353.4,895
IJH,20220801,360,360,357.09,357.27,267
IJH,20220802,357.27,358.64,356.48,358.64,230
IJH,20220803,361,361,359.15,360.05,2246
IJH,20220805,358.23,358.52,358,358,701
IJH,20220808,361.52,361.52,360.83,361.17,358
IJH,20220809,361.72,362.48,361.19,362.48,1576
IJH,20220810,361.4,361.4,358.47,358.95,322
IJH,20220811,362.18,363.31,362.18,363.25,2181
IJH,20220812,364,364,362.4,362.76,455
IJH,20220815,365.83,367.88,365.83,367.88,172
IJH,20220816,371.9,373,371.78,371.78,968
IJH,20220817,375,376.48,375,376.48,35
IJH,20220818,376.9,376.9,374.01,375.08,819
IJH,20220819,377.97,379.53,377.68,378.44,688
IJH,20220822,373.44,375.84,371.4,371.52,6507
IJH,20220823,367.45,367.73,365.64,365.83,525
IJH,20220824,365,365,363.95,364.15,939
IJH,20220825,367,367,366.1,366.1,268
IJH,20220826,369.36,369.63,368.94,369.35,302
IJH,20220829,362.26,362.26,359.43,361,259
IJH,20220830,360.01,361.97,359.76,361.85,472
IJH,20220831,357.25,357.98,356.54,357,442
IJH,20220901,352.98,355.25,350.61,353.47,4255
IJH,20220902,354.28,354.73,353.95,354,721
IJH,20220905,353.22,353.54,353.03,353.28,238
IJH,20220906,353.35,354.33,352.91,353.42,752
IJH,20220907,353.43,353.43,352.43,353.23,1465
IJH,20220909,362.58,362.58,361.08,361.08,59
IJH,20220912,365.39,366.1,365.39,366.07,745
IJH,20220913,369.24,369.26,367,368.61,3510
IJH,20220914,361.2,361.8,360.31,361.6,651
IJH,20220915,362,362,359.95,360.63,1252
IJH,20220916,359.14,360.01,358.08,358.08,456
