INIF,20180619,2.51,2.52,2.5,2.51,414179
INIF,20180620,2.51,2.52,2.51,2.52,247571
INIF,20180621,2.54,2.55,2.53,2.54,153495
INIF,20180622,2.56,2.56,2.54,2.54,136939
INIF,20180625,2.54,2.54,2.54,2.54,69114
INIF,20180626,2.58,2.58,2.52,2.53,129760
INIF,20180627,2.52,2.53,2.52,2.53,55103
INIF,20180628,2.53,2.53,2.52,2.53,222019
INIF,20180629,2.53,2.53,2.52,2.52,67169
INIF,20180702,2.53,2.53,2.52,2.52,72246
INIF,20180703,2.52,2.53,2.52,2.53,35745
INIF,20180704,2.53,2.53,2.51,2.52,37344
INIF,20180705,2.55,2.55,2.51,2.53,72393
INIF,20180706,2.53,2.53,2.53,2.53,12727
INIF,20180710,2.55,2.55,2.54,2.54,13400
INIF,20180711,2.54,2.54,2.52,2.52,52136
INIF,20180712,2.51,2.54,2.51,2.54,30500
INIF,20180713,2.54,2.54,2.53,2.53,34746
INIF,20180716,2.54,2.54,2.51,2.53,49935
INIF,20180717,2.52,2.52,2.51,2.51,71830
INIF,20180718,2.53,2.53,2.53,2.53,31810
INIF,20180719,2.54,2.54,2.52,2.52,2400
INIF,20180720,2.55,2.55,2.55,2.55,1700
INIF,20180723,2.55,2.55,2.52,2.52,81400
INIF,20180724,2.53,2.53,2.53,2.53,99428
INIF,20180725,2.52,2.53,2.51,2.51,85680
INIF,20180726,2.53,2.53,2.53,2.53,41185
INIF,20180727,2.53,2.53,2.53,2.53,30000
INIF,20180730,2.54,2.54,2.53,2.53,10327
INIF,20180731,2.53,2.54,2.53,2.53,62500
INIF,20180801,2.52,2.53,2.52,2.52,14382
INIF,20180802,2.52,2.52,2.51,2.51,95857
INIF,20180803,2.51,2.52,2.5,2.51,97066
INIF,20180806,2.55,2.55,2.51,2.51,2260
INIF,20180807,2.51,2.51,2.5,2.51,11000
INIF,20180808,2.5,2.5,2.5,2.5,62000
INIF,20180809,2.51,2.53,2.51,2.51,7040
INIF,20180810,2.51,2.53,2.51,2.53,15897
INIF,20180813,2.53,2.53,2.48,2.49,125424
INIF,20180814,2.52,2.52,2.51,2.51,8250
INIF,20180816,2.53,2.53,2.53,2.53,1014
INIF,20180817,2.53,2.53,2.52,2.53,52000
INIF,20180820,2.53,2.53,2.52,2.52,8000
INIF,20180821,2.51,2.52,2.51,2.52,78632
INIF,20180822,2.51,2.52,2.51,2.52,2250
INIF,20180823,2.52,2.52,2.51,2.52,42500
INIF,20180824,2.53,2.53,2.52,2.52,13964
INIF,20180827,2.54,2.54,2.51,2.53,28750
INIF,20180828,2.53,2.53,2.53,2.53,0
INIF,20180829,2.52,2.54,2.52,2.54,5000
INIF,20180830,2.54,2.54,2.53,2.53,21622
INIF,20180831,2.53,2.53,2.53,2.53,4000
INIF,20180903,2.53,2.54,2.52,2.53,93120
INIF,20180904,2.52,2.52,2.52,2.52,4320
INIF,20180905,2.52,2.52,2.51,2.52,6900
INIF,20180906,2.52,2.52,2.47,2.48,73367
INIF,20180907,2.48,2.48,2.47,2.47,6888
INIF,20180910,2.47,2.47,2.47,2.47,0
INIF,20180913,2.5,2.5,2.49,2.49,10763
INIF,20180914,2.5,2.5,2.5,2.5,200
INIF,20180917,2.49,2.51,2.49,2.51,27000
INIF,20180918,2.51,2.51,2.51,2.51,0
INIF,20180919,2.5,2.5,2.49,2.49,14000
INIF,20180920,2.49,2.49,2.49,2.49,1700
INIF,20180921,2.48,2.48,2.48,2.48,1200
INIF,20180924,2.52,2.52,2.5,2.5,35780
INIF,20180925,2.5,2.5,2.5,2.5,8000
INIF,20180926,2.5,2.51,2.5,2.51,5000
INIF,20180927,2.5,2.5,2.5,2.5,7500
INIF,20180928,2.5,2.5,2.5,2.5,15000
INIF,20181001,2.52,2.52,2.5,2.5,6490
INIF,20181002,2.48,2.48,2.47,2.48,32310
INIF,20181003,2.47,2.47,2.46,2.47,22555
INIF,20181004,2.5,2.5,2.5,2.5,13120
INIF,20181005,2.47,2.49,2.47,2.49,6016
INIF,20181008,2.49,2.49,2.46,2.46,14414
INIF,20181009,2.46,2.46,2.44,2.44,284244
INIF,20181010,2.44,2.44,2.44,2.44,8000
INIF,20181011,2.45,2.45,2.39,2.4,227734
INIF,20181012,2.39,2.4,2.39,2.4,45803
INIF,20181015,2.39,2.39,2.36,2.36,22775
INIF,20181016,2.38,2.39,2.38,2.39,8300
INIF,20181017,2.41,2.41,2.4,2.4,7309
INIF,20181018,2.4,2.4,2.4,2.4,400
INIF,20181019,2.4,2.4,2.4,2.4,1800
INIF,20181022,2.4,2.4,2.37,2.39,31446
INIF,20181023,2.37,2.37,2.36,2.36,87496
INIF,20181024,2.36,2.36,2.36,2.36,2000
INIF,20181025,2.36,2.41,2.29,2.3,288462
INIF,20181026,2.4,2.4,2.27,2.27,67476
INIF,20181030,2.29,2.32,2.29,2.32,62066
INIF,20181031,2.32,2.33,2.32,2.32,34730
INIF,20181101,2.32,2.32,2.32,2.32,4000
INIF,20181102,2.47,2.47,2.31,2.33,35216
INIF,20181105,2.32,2.32,2.31,2.31,4000
INIF,20181106,2.32,2.35,2.32,2.35,29262
INIF,20181107,2.37,2.37,2.33,2.33,8177
INIF,20181108,2.33,2.36,2.33,2.34,35962
INIF,20181109,2.32,2.36,2.32,2.36,6166
INIF,20181112,2.37,2.37,2.37,2.37,21056
INIF,20181113,2.33,2.34,2.33,2.34,8000
INIF,20181114,2.33,2.33,2.32,2.32,5056
INIF,20181115,2.33,2.33,2.3,2.3,156727
INIF,20181116,2.35,2.35,2.31,2.31,16701
INIF,20181119,2.32,2.32,2.29,2.29,15438
INIF,20181120,2.3,2.3,2.29,2.29,171051
INIF,20181121,2.29,2.29,2.26,2.27,44563
INIF,20181122,2.31,2.31,2.31,2.31,21750
INIF,20181123,2.31,2.33,2.31,2.33,23587
INIF,20181126,2.32,2.32,2.31,2.31,9786
INIF,20181127,2.33,2.34,2.33,2.34,30098
INIF,20181128,2.33,2.33,2.33,2.33,5000
INIF,20181129,2.35,2.35,2.35,2.35,36994
INIF,20181130,2.36,2.36,2.31,2.31,51234
INIF,20181203,2.33,2.34,2.33,2.34,30492
INIF,20181204,2.35,2.35,2.31,2.31,84797
INIF,20181205,2.3,2.3,2.3,2.3,12387
INIF,20181206,2.29,2.29,2.29,2.29,12059
INIF,20181207,2.3,2.31,2.3,2.3,81592
INIF,20181210,2.28,2.28,2.27,2.27,7000
INIF,20181211,2.27,2.27,2.27,2.27,0
INIF,20181212,2.29,2.29,2.29,2.29,13039
INIF,20181213,2.29,2.29,2.29,2.29,0
INIF,20181214,2.27,2.27,2.27,2.27,12212
INIF,20181217,2.3,2.3,2.29,2.29,13870
INIF,20181218,2.28,2.29,2.27,2.29,17430
INIF,20181219,2.28,2.28,2.28,2.28,19807
INIF,20181220,2.27,2.27,2.25,2.25,20410
INIF,20181221,2.26,2.28,2.25,2.25,30165
INIF,20181224,2.23,2.25,2.23,2.25,5500
INIF,20181227,2.26,2.26,2.26,2.26,8152
INIF,20181228,2.24,2.24,2.24,2.24,19490
INIF,20181231,2.26,2.26,2.26,2.26,20560
INIF,20190102,2.26,2.26,2.23,2.23,17074
INIF,20190103,2.23,2.25,2.23,2.24,13545
INIF,20190104,2.23,2.24,2.23,2.24,102500
INIF,20190107,2.26,2.27,2.26,2.27,2800
INIF,20190108,2.27,2.27,2.27,2.27,5433
INIF,20190109,2.27,2.27,2.27,2.27,0
INIF,20190110,2.27,2.27,2.27,2.27,800
INIF,20190111,2.27,2.27,2.27,2.27,0
INIF,20190114,2.26,2.26,2.26,2.26,2000
INIF,20190115,2.26,2.26,2.26,2.26,0
INIF,20190116,2.27,2.28,2.27,2.27,30886
INIF,20190117,2.28,2.28,2.28,2.28,4000
INIF,20190118,2.29,2.29,2.29,2.29,3315
INIF,20190121,2.3,2.31,2.29,2.29,42007
INIF,20190122,2.29,2.29,2.29,2.29,0
INIF,20190123,2.28,2.28,2.28,2.28,1455
INIF,20190124,2.29,2.3,2.29,2.3,432
INIF,20190125,2.3,2.32,2.3,2.32,69383
INIF,20190129,2.32,2.32,2.29,2.31,3405
INIF,20190130,2.31,2.31,2.28,2.29,19053
INIF,20190131,2.29,2.29,2.27,2.27,13237
INIF,20190201,2.27,2.28,2.27,2.28,1700
INIF,20190204,2.28,2.28,2.28,2.28,0
INIF,20190205,2.3,2.33,2.3,2.32,36868
INIF,20190206,2.33,2.33,2.33,2.33,38820
INIF,20190207,2.33,2.35,2.33,2.35,25734
INIF,20190208,2.35,2.35,2.33,2.33,16209
INIF,20190211,2.34,2.34,2.34,2.34,218
INIF,20190212,2.33,2.33,2.33,2.33,13746
INIF,20190213,2.33,2.33,2.33,2.33,0
INIF,20190214,2.33,2.33,2.33,2.33,0
INIF,20190215,2.31,2.31,2.31,2.31,1000
INIF,20190218,2.34,2.34,2.33,2.33,3914
INIF,20190219,2.33,2.33,2.33,2.33,0
INIF,20190220,2.32,2.32,2.32,2.32,35511
INIF,20190221,2.31,2.34,2.31,2.34,37098
INIF,20190222,2.34,2.34,2.34,2.34,0
INIF,20190225,2.34,2.35,2.34,2.35,12000
INIF,20190226,2.37,2.37,2.35,2.35,11500
INIF,20190227,2.35,2.36,2.35,2.36,7000
INIF,20190228,2.37,2.37,2.37,2.37,570
INIF,20190301,2.39,2.4,2.38,2.4,20075
INIF,20190304,2.4,2.4,2.4,2.4,218
INIF,20190305,2.38,2.38,2.38,2.38,416
INIF,20190306,2.38,2.38,2.38,2.38,0
INIF,20190307,2.39,2.4,2.39,2.4,32282
INIF,20190308,2.4,2.4,2.4,2.4,43435
INIF,20190311,2.39,2.39,2.38,2.38,51200
INIF,20190312,2.4,2.4,2.39,2.39,54191
INIF,20190313,2.39,2.39,2.39,2.39,0
INIF,20190314,2.38,2.38,2.38,2.38,37452
INIF,20190315,2.39,2.39,2.39,2.39,6603
INIF,20190318,2.4,2.41,2.4,2.41,2194
INIF,20190319,2.41,2.41,2.41,2.41,0
INIF,20190320,2.39,2.39,2.34,2.34,14729
INIF,20190321,2.36,2.36,2.36,2.36,5392
INIF,20190322,2.36,2.36,2.36,2.36,5371
INIF,20190325,2.35,2.35,2.34,2.34,10259
INIF,20190326,2.34,2.34,2.34,2.34,0
INIF,20190327,2.34,2.34,2.34,2.34,11133
INIF,20190328,2.34,2.34,2.34,2.34,1000
INIF,20190329,2.34,2.34,2.34,2.34,0
INIF,20190401,2.34,2.36,2.34,2.36,13353
INIF,20190402,2.36,2.38,2.36,2.36,6239
INIF,20190403,2.36,2.36,2.36,2.36,0
INIF,20190404,2.36,2.36,2.36,2.36,0
INIF,20190405,2.37,2.37,2.37,2.37,100
INIF,20190408,2.38,2.38,2.37,2.37,43235
INIF,20190409,2.37,2.37,2.37,2.37,4000
INIF,20190410,2.37,2.37,2.37,2.37,10015
INIF,20190411,2.37,2.37,2.36,2.36,13984
INIF,20190412,2.38,2.39,2.38,2.39,64900
INIF,20190415,2.39,2.4,2.39,2.4,14031
INIF,20190416,2.4,2.4,2.4,2.4,0
INIF,20190417,2.41,2.41,2.41,2.41,20817
INIF,20190418,2.43,2.43,2.41,2.42,17701
INIF,20190423,2.42,2.42,2.42,2.42,9000
INIF,20190424,2.42,2.42,2.42,2.42,0
INIF,20190426,2.42,2.42,2.42,2.42,0
INIF,20190429,2.43,2.44,2.43,2.44,9140
INIF,20190430,2.43,2.43,2.43,2.43,46355
INIF,20190501,2.44,2.44,2.44,2.44,23000
INIF,20190502,2.44,2.44,2.44,2.44,500
INIF,20190503,2.44,2.44,2.44,2.44,26000
INIF,20190506,2.44,2.44,2.44,2.44,0
INIF,20190507,2.43,2.45,2.43,2.45,4825
INIF,20190508,2.42,2.42,2.41,2.41,3999
INIF,20190509,2.41,2.42,2.41,2.42,15394
INIF,20190510,2.42,2.43,2.41,2.41,8529
INIF,20190513,2.41,2.41,2.41,2.41,0
INIF,20190514,2.41,2.41,2.41,2.41,0
INIF,20190515,2.41,2.41,2.41,2.41,0
INIF,20190516,2.42,2.42,2.42,2.42,207
INIF,20190517,2.43,2.43,2.43,2.43,4000
INIF,20190520,2.44,2.45,2.44,2.45,78293
INIF,20190521,2.45,2.45,2.45,2.45,0
INIF,20190522,2.46,2.47,2.46,2.47,795
INIF,20190523,2.48,2.48,2.48,2.48,59000
INIF,20190524,2.47,2.48,2.47,2.48,14322
INIF,20190527,2.48,2.48,2.48,2.48,0
INIF,20190528,2.48,2.48,2.48,2.48,0
INIF,20190529,2.48,2.48,2.48,2.48,0
INIF,20190530,2.46,2.46,2.44,2.44,34670
INIF,20190531,2.44,2.44,2.44,2.44,4000
INIF,20190603,2.41,2.41,2.38,2.38,9942
INIF,20190604,2.38,2.38,2.38,2.38,3860
INIF,20190605,2.38,2.38,2.38,2.38,0
INIF,20190606,2.38,2.38,2.38,2.38,0
INIF,20190607,2.38,2.38,2.38,2.38,0
INIF,20190611,2.45,2.45,2.44,2.44,7927
INIF,20190612,2.45,2.45,2.44,2.44,30000
INIF,20190613,2.43,2.43,2.41,2.41,7464
INIF,20190614,2.42,2.42,2.42,2.42,7881
INIF,20190617,2.41,2.41,2.41,2.41,27500
INIF,20190618,2.43,2.43,2.42,2.42,5185
INIF,20190619,2.45,2.45,2.45,2.45,22000
INIF,20190620,2.45,2.46,2.45,2.46,70640
INIF,20190621,2.46,2.47,2.46,2.46,57000
INIF,20190624,2.44,2.44,2.44,2.44,78210
INIF,20190625,2.45,2.45,2.45,2.45,1015
INIF,20190626,2.43,2.43,2.43,2.43,20000
INIF,20190627,2.43,2.43,2.43,2.43,0
INIF,20190628,2.41,2.41,2.41,2.41,6000
INIF,20190701,2.41,2.41,2.41,2.41,6257
INIF,20190702,2.41,2.41,2.41,2.41,0
INIF,20190703,2.42,2.42,2.42,2.42,1245
INIF,20190704,2.42,2.42,2.41,2.41,127799
INIF,20190705,2.43,2.43,2.43,2.43,10000
INIF,20190708,2.43,2.43,2.43,2.43,7683
INIF,20190709,2.41,2.41,2.41,2.41,5155
INIF,20190710,2.41,2.41,2.41,2.41,3312
INIF,20190711,2.42,2.42,2.42,2.42,20000
INIF,20190712,2.43,2.43,2.43,2.43,205
INIF,20190715,2.41,2.42,2.41,2.42,15613
INIF,20190716,2.41,2.41,2.41,2.41,5025
INIF,20190717,2.42,2.42,2.42,2.42,1250
INIF,20190718,2.41,2.41,2.41,2.41,1355
INIF,20190719,2.43,2.43,2.43,2.43,1200
INIF,20190722,2.43,2.43,2.43,2.43,0
INIF,20190723,2.43,2.43,2.43,2.43,0
INIF,20190724,2.43,2.43,2.43,2.43,48000
INIF,20190725,2.43,2.43,2.43,2.43,0
INIF,20190726,2.43,2.43,2.43,2.43,0
INIF,20190729,2.43,2.43,2.43,2.43,8869
INIF,20190730,2.44,2.45,2.44,2.45,29097
INIF,20190731,2.41,2.42,2.4,2.4,75065
INIF,20190801,2.39,2.41,2.39,2.39,25207
INIF,20190802,2.38,2.38,2.38,2.38,4500
INIF,20190805,2.4,2.4,2.4,2.4,211
INIF,20190806,2.29,2.3,2.29,2.3,140860
INIF,20190807,2.31,2.31,2.3,2.3,12749
INIF,20190808,2.3,2.3,2.3,2.3,0
INIF,20190809,2.31,2.31,2.31,2.31,5315
INIF,20190812,2.31,2.33,2.31,2.33,1266
INIF,20190813,2.33,2.33,2.33,2.33,106476
INIF,20190814,2.33,2.33,2.33,2.33,13819
INIF,20190815,2.32,2.32,2.29,2.3,18900
INIF,20190816,2.3,2.3,2.3,2.3,0
INIF,20190819,2.3,2.3,2.3,2.3,0
INIF,20190820,2.35,2.35,2.35,2.35,11000
INIF,20190821,2.35,2.35,2.35,2.35,20000
INIF,20190822,2.37,2.37,2.37,2.37,49260
INIF,20190823,2.37,2.37,2.37,2.37,15217
INIF,20190826,2.34,2.34,2.33,2.33,7950
INIF,20190827,2.35,2.35,2.35,2.35,4723
INIF,20190828,2.36,2.37,2.36,2.37,7999
INIF,20190829,2.37,2.38,2.37,2.38,38151
INIF,20190830,2.4,2.41,2.4,2.41,3379
INIF,20190902,2.4,2.4,2.39,2.39,3826
INIF,20190903,2.42,2.42,2.41,2.41,21000
INIF,20190904,2.41,2.41,2.41,2.41,0
INIF,20190905,2.41,2.42,2.41,2.42,127999
INIF,20190906,2.43,2.43,2.43,2.43,20000
INIF,20190909,2.43,2.43,2.43,2.43,0
INIF,20190910,2.43,2.43,2.42,2.42,40017
INIF,20190911,2.44,2.45,2.44,2.45,30200
INIF,20190912,2.45,2.46,2.45,2.46,29776
INIF,20190913,2.46,2.47,2.46,2.46,79660
INIF,20190916,2.43,2.46,2.43,2.46,152989
INIF,20190917,2.46,2.46,2.46,2.46,0
INIF,20190918,2.46,2.46,2.46,2.46,25830
INIF,20190919,2.48,2.48,2.47,2.47,12000
INIF,20190920,2.49,2.49,2.49,2.49,6000
INIF,20190923,2.48,2.48,2.48,2.48,49260
INIF,20190924,2.47,2.47,2.47,2.47,4000
INIF,20190925,2.46,2.46,2.46,2.46,5830
INIF,20190926,2.46,2.46,2.46,2.46,0
INIF,20190927,2.48,2.48,2.48,2.48,12000
INIF,20190930,2.47,2.47,2.47,2.47,150740
INIF,20191001,2.47,2.47,2.47,2.47,0
INIF,20191002,2.46,2.46,2.46,2.46,8100
INIF,20191003,2.4,2.41,2.39,2.41,188354
INIF,20191004,2.41,2.41,2.41,2.41,0
INIF,20191007,2.41,2.41,2.41,2.41,0
INIF,20191008,2.44,2.44,2.44,2.44,5200
INIF,20191009,2.42,2.42,2.42,2.42,2892
INIF,20191010,2.42,2.42,2.42,2.42,0
INIF,20191011,2.41,2.41,2.41,2.41,776
INIF,20191014,2.43,2.43,2.43,2.43,5088
INIF,20191015,2.43,2.43,2.43,2.43,0
INIF,20191016,2.43,2.43,2.43,2.43,0
INIF,20191017,2.43,2.43,2.43,2.43,0
INIF,20191018,2.43,2.43,2.43,2.43,0
INIF,20191021,2.43,2.43,2.43,2.43,0
INIF,20191022,2.46,2.46,2.46,2.46,8100
INIF,20191023,2.44,2.44,2.44,2.44,4151
INIF,20191024,2.46,2.46,2.46,2.46,19176
INIF,20191025,2.46,2.47,2.46,2.47,47416
INIF,20191028,2.47,2.47,2.47,2.47,14206
INIF,20191029,2.47,2.47,2.47,2.47,525000
INIF,20191030,2.47,2.47,2.47,2.47,0
INIF,20191031,2.45,2.46,2.45,2.45,623757
INIF,20191101,2.45,2.45,2.45,2.45,0
INIF,20191104,2.47,2.47,2.47,2.47,108457
INIF,20191105,2.46,2.46,2.46,2.46,51359
INIF,20191106,2.46,2.47,2.46,2.46,5860
INIF,20191107,2.46,2.46,2.46,2.46,0
INIF,20191108,2.46,2.46,2.46,2.46,217
INIF,20191111,2.46,2.47,2.46,2.47,10200
INIF,20191112,2.46,2.46,2.46,2.46,26000
INIF,20191113,2.46,2.46,2.46,2.46,0
INIF,20191114,2.45,2.45,2.45,2.45,3600
INIF,20191115,2.47,2.47,2.47,2.47,4000
INIF,20191118,2.45,2.45,2.45,2.45,1390
INIF,20191119,2.45,2.45,2.45,2.45,0
INIF,20191120,2.45,2.45,2.45,2.45,49000
INIF,20191121,2.44,2.44,2.44,2.44,2459
INIF,20191122,2.44,2.44,2.43,2.43,6007
INIF,20191125,2.43,2.43,2.43,2.43,0
INIF,20191126,2.44,2.44,2.44,2.44,600
INIF,20191127,2.45,2.46,2.45,2.46,58442
INIF,20191128,2.46,2.48,2.46,2.48,254178
INIF,20191129,2.48,2.48,2.48,2.48,58213
INIF,20191202,2.48,2.48,2.48,2.48,15269
INIF,20191203,2.46,2.46,2.45,2.45,2400
INIF,20191204,2.41,2.41,2.41,2.41,19450
INIF,20191205,2.41,2.41,2.41,2.41,0
INIF,20191206,2.41,2.41,2.41,2.41,0
INIF,20191209,2.45,2.45,2.45,2.45,20000
INIF,20191210,2.45,2.45,2.44,2.44,23408
INIF,20191211,2.44,2.44,2.44,2.44,0
INIF,20191212,2.44,2.44,2.44,2.44,0
INIF,20191213,2.44,2.44,2.44,2.44,0
INIF,20191216,2.45,2.45,2.45,2.45,12000
INIF,20191217,2.49,2.49,2.47,2.47,43175
INIF,20191218,2.48,2.48,2.48,2.48,12000
INIF,20191219,2.48,2.48,2.48,2.48,0
INIF,20191220,2.48,2.48,2.48,2.48,12193
INIF,20191223,2.48,2.48,2.48,2.48,21000
INIF,20191224,2.48,2.48,2.48,2.48,0
INIF,20191227,2.48,2.48,2.48,2.48,0
INIF,20191230,2.48,2.48,2.48,2.48,0
INIF,20191231,2.48,2.48,2.48,2.48,0
INIF,20200102,2.39,2.39,2.39,2.39,6800
INIF,20200103,2.39,2.39,2.39,2.39,0
INIF,20200106,2.4,2.4,2.4,2.4,256
INIF,20200107,2.43,2.43,2.43,2.43,41077
INIF,20200108,2.42,2.42,2.42,2.42,20000
INIF,20200109,2.44,2.44,2.44,2.44,7000
INIF,20200113,2.45,2.45,2.45,2.45,0
INIF,20200114,2.45,2.45,2.45,2.45,0
INIF,20200115,2.47,2.47,2.47,2.47,40000
INIF,20200116,2.51,2.51,2.48,2.48,43742
INIF,20200117,2.49,2.49,2.49,2.49,65486
INIF,20200120,2.48,2.48,2.48,2.48,1104
INIF,20200121,2.48,2.48,2.48,2.48,0
INIF,20200122,2.48,2.48,2.48,2.48,1200
INIF,20200123,2.48,2.48,2.48,2.48,8000
INIF,20200124,2.48,2.48,2.48,2.48,3056
INIF,20200128,2.48,2.48,2.48,2.48,0
INIF,20200129,2.48,2.48,2.48,2.48,0
INIF,20200130,2.48,2.48,2.48,2.48,0
INIF,20200203,2.45,2.45,2.45,2.45,0
INIF,20200204,2.45,2.45,2.45,2.45,0
INIF,20200205,2.43,2.43,2.43,2.43,5000
INIF,20200210,2.44,2.44,2.44,2.44,0
INIF,20200211,2.44,2.45,2.44,2.45,24500
INIF,20200212,2.45,2.45,2.45,2.45,19220
INIF,20200213,2.46,2.46,2.46,2.46,3065
INIF,20200214,2.46,2.46,2.46,2.46,0
INIF,20200217,2.46,2.46,2.45,2.45,1400
INIF,20200218,2.45,2.45,2.43,2.43,6000
INIF,20200219,2.43,2.43,2.43,2.43,15178
INIF,20200220,2.43,2.43,2.43,2.43,0
INIF,20200221,2.45,2.45,2.45,2.45,10000
INIF,20200224,2.43,2.43,2.39,2.4,53051
INIF,20200225,2.35,2.36,2.35,2.36,4278
INIF,20200226,2.35,2.35,2.33,2.33,135000
INIF,20200227,2.34,2.34,2.27,2.27,184911
INIF,20200228,2.22,2.23,2.2,2.21,42305
INIF,20200302,2.2,2.21,2.16,2.21,18695
INIF,20200303,2.21,2.25,2.21,2.23,141350
INIF,20200304,2.22,2.22,2.18,2.21,383301
INIF,20200305,2.22,2.22,2.2,2.2,7124
INIF,20200306,2.17,2.17,2.15,2.15,14774
INIF,20200309,2.12,2.12,2.03,2.03,27126
INIF,20200310,2.01,2.01,2,2.01,68968
INIF,20200311,2.02,2.03,2.02,2.03,20100
INIF,20200312,1.97,1.97,1.88,1.88,32348
INIF,20200313,1.75,1.88,1.72,1.88,28974
INIF,20200316,1.77,1.79,1.75,1.77,142319
INIF,20200317,1.73,1.78,1.73,1.75,38614
INIF,20200318,1.73,1.73,1.7,1.71,11480
INIF,20200319,1.7,1.7,1.61,1.61,15624
INIF,20200320,1.63,1.66,1.63,1.65,44388
INIF,20200323,1.47,1.47,1.46,1.47,6360
INIF,20200324,1.47,1.47,1.47,1.47,0
INIF,20200325,1.64,1.64,1.58,1.58,29681
INIF,20200326,1.63,1.76,1.63,1.75,16091
INIF,20200327,1.76,1.76,1.74,1.74,10772
INIF,20200330,1.7,1.7,1.69,1.69,11000
INIF,20200331,1.82,1.82,1.75,1.75,98138
INIF,20200401,1.77,1.77,1.76,1.76,16500
INIF,20200402,1.76,1.77,1.76,1.77,19934
INIF,20200403,1.77,1.77,1.71,1.71,31934
INIF,20200406,1.73,1.76,1.73,1.76,11715
INIF,20200407,1.81,1.81,1.81,1.81,28000
INIF,20200408,1.75,1.75,1.75,1.75,10000
INIF,20200409,1.77,1.83,1.77,1.83,62467
INIF,20200414,1.83,1.86,1.83,1.86,10355
INIF,20200415,1.84,1.87,1.84,1.87,15893
INIF,20200416,1.85,1.85,1.83,1.83,45901
INIF,20200417,1.9,1.9,1.89,1.89,14513
INIF,20200420,1.87,1.88,1.87,1.88,22500
INIF,20200421,1.85,1.85,1.82,1.82,780
INIF,20200422,1.8,1.8,1.78,1.79,15600
INIF,20200423,1.79,1.79,1.79,1.79,0
INIF,20200424,1.79,1.79,1.79,1.79,0
INIF,20200427,1.83,1.83,1.83,1.83,7960
INIF,20200428,1.86,1.86,1.86,1.86,10000
INIF,20200429,1.905,1.905,1.88,1.88,18323
INIF,20200430,1.94,1.95,1.94,1.95,11460
INIF,20200501,1.95,1.95,1.95,1.95,0
INIF,20200504,1.85,1.85,1.85,1.85,1000
INIF,20200505,1.9,1.9,1.9,1.9,4779
INIF,20200506,1.905,1.905,1.895,1.9,12946
INIF,20200507,1.9,1.9,1.9,1.9,0
INIF,20200508,1.9,1.93,1.9,1.91,11180
INIF,20200511,1.9,1.96,1.9,1.96,15524
INIF,20200512,1.96,1.96,1.96,1.96,0
INIF,20200513,1.91,1.91,1.91,1.91,5230
INIF,20200514,1.91,1.91,1.91,1.91,0
INIF,20200515,1.9,1.9,1.88,1.88,6500
INIF,20200518,1.91,1.91,1.91,1.91,4195
INIF,20200519,1.96,1.96,1.96,1.96,24125
INIF,20200520,2,2,1.96,1.98,33000
INIF,20200521,1.99,1.99,1.99,1.99,8720
INIF,20200522,1.99,1.99,1.97,1.97,29000
INIF,20200525,2,2.01,2,2.01,28157
INIF,20200526,2.06,2.06,2.05,2.05,20710
INIF,20200527,2.08,2.08,2.08,2.08,4800
INIF,20200528,2.11,2.11,2.1,2.1,11547
INIF,20200529,2.1,2.1,2.1,2.1,0
INIF,20200601,2.1,2.1,2.1,2.1,0
INIF,20200602,2.09,2.11,2.09,2.11,36714
INIF,20200603,2.12,2.13,2.11,2.13,28275
INIF,20200604,2.15,2.15,2.14,2.14,6850
INIF,20200605,2.16,2.16,2.16,2.16,1150
INIF,20200609,2.16,2.21,2.16,2.21,10500
INIF,20200610,2.2,2.2,2.2,2.2,22000
INIF,20200611,2.2,2.2,2.2,2.2,0
INIF,20200612,2.12,2.12,2.05,2.06,14241
INIF,20200615,2.08,2.08,2.08,2.08,24300
INIF,20200616,2.1,2.1,2.1,2.1,1000
INIF,20200617,2.1,2.1,2.1,2.1,0
INIF,20200618,2.1,2.11,2.1,2.11,5000
INIF,20200619,2.1,2.1,2.1,2.1,4000
INIF,20200622,2.11,2.11,2.11,2.11,3000
INIF,20200623,2.12,2.12,2.11,2.11,4000
INIF,20200624,2.1,2.12,2.1,2.12,3015
INIF,20200625,2.09,2.09,2.07,2.07,6720
INIF,20200626,2.07,2.08,2.06,2.08,22750
INIF,20200629,2.08,2.08,2.08,2.08,0
INIF,20200630,2.06,2.06,2.06,2.06,3500
INIF,20200701,2.08,2.08,2.08,2.08,600
INIF,20200702,2.09,2.09,2.09,2.09,5750
INIF,20200703,2.09,2.09,2.09,2.09,4000
INIF,20200706,2.09,2.09,2.09,2.09,0
INIF,20200707,2.09,2.09,2.09,2.09,0
INIF,20200708,2.09,2.09,2.09,2.09,0
INIF,20200709,2.09,2.09,2.09,2.09,0
INIF,20200710,2.09,2.09,2.09,2.09,0
INIF,20200713,2.04,2.05,2.04,2.05,6700
INIF,20200714,2.05,2.05,2.05,2.05,0
INIF,20200715,2.05,2.05,2.05,2.05,0
INIF,20200716,2.07,2.07,2.06,2.06,22500
INIF,20200717,2.07,2.07,2.07,2.07,17633
INIF,20200720,2.07,2.07,2.07,2.07,0
INIF,20200721,2.07,2.07,2.07,2.07,4000
INIF,20200722,2.1,2.1,2.1,2.1,12000
INIF,20200723,2.1,2.1,2.1,2.1,2000
INIF,20200724,2.1,2.1,2.1,2.1,0
INIF,20200727,2.1,2.1,2.1,2.1,0
INIF,20200728,2.1,2.1,2.1,2.1,0
INIF,20200729,2.09,2.09,2.09,2.09,3268
INIF,20200730,2.09,2.09,2.09,2.09,0
INIF,20200731,2.09,2.09,2.09,2.09,0
INIF,20200803,2.05,2.05,2.05,2.05,2000
INIF,20200804,2.05,2.1,2.05,2.1,20200
INIF,20200805,2.1,2.1,2.1,2.1,0
INIF,20200806,2.1,2.1,2.1,2.1,0
INIF,20200807,2.11,2.11,2.1,2.1,12000
INIF,20200810,2.12,2.14,2.12,2.14,7000
INIF,20200811,2.13,2.13,2.13,2.13,3000
INIF,20200812,2.11,2.11,2.11,2.11,1631
INIF,20200813,2.13,2.16,2.13,2.16,17750
INIF,20200814,2.15,2.15,2.13,2.13,695
INIF,20200817,2.13,2.13,2.13,2.13,0
INIF,20200818,2.14,2.14,2.14,2.14,2000
INIF,20200819,2.14,2.14,2.14,2.14,2138
INIF,20200820,2.14,2.14,2.14,2.14,9065
INIF,20200821,2.17,2.17,2.17,2.17,20000
INIF,20200824,2.16,2.16,2.16,2.16,1263
INIF,20200825,2.16,2.16,2.16,2.16,0
INIF,20200826,2.16,2.17,2.16,2.17,7939
INIF,20200827,2.17,2.17,2.17,2.17,0
INIF,20200828,2.2,2.2,2.19,2.19,2221
INIF,20200831,2.19,2.19,2.19,2.19,1000
INIF,20200901,2.14,2.14,2.14,2.14,1068
INIF,20200902,2.17,2.19,2.17,2.19,58390
INIF,20200903,2.24,2.24,2.2,2.2,47472
INIF,20200904,2.1,2.17,2.1,2.17,2631
INIF,20200907,2.17,2.17,2.17,2.17,11243
INIF,20200908,2.24,2.24,2.18,2.18,8770
INIF,20200909,2.16,2.16,2.13,2.13,5196
INIF,20200910,2.15,2.16,2.15,2.16,14817
INIF,20200911,2.16,2.16,2.13,2.13,18679
INIF,20200914,2.15,2.15,2.15,2.15,1722
INIF,20200915,2.13,2.13,2.13,2.13,1131
INIF,20200916,2.14,2.17,2.14,2.15,56668
INIF,20200917,2.17,2.19,2.17,2.19,21579
INIF,20200918,2.15,2.15,2.15,2.15,7120
INIF,20200921,2.14,2.15,2.13,2.13,91346
INIF,20200922,2.14,2.14,2.13,2.13,23298
INIF,20200923,2.14,2.14,2.14,2.14,536
INIF,20200924,2.14,2.14,2.14,2.14,19464
INIF,20200925,2.15,2.15,2.15,2.15,24819
INIF,20200928,2.15,2.16,2.15,2.16,12281
INIF,20200929,2.17,2.17,2.17,2.17,20000
INIF,20200930,2.16,2.17,2.16,2.17,17249
INIF,20201001,2.17,2.17,2.17,2.17,841
INIF,20201002,2.16,2.16,2.16,2.16,748
INIF,20201005,2.16,2.17,2.16,2.17,2524
INIF,20201006,2.2,2.2,2.2,2.2,8000
INIF,20201007,2.2,2.2,2.2,2.2,0
INIF,20201008,2.23,2.23,2.22,2.22,5374
INIF,20201009,2.22,2.25,2.22,2.24,17214
INIF,20201012,2.25,2.25,2.24,2.24,779
INIF,20201013,2.26,2.27,2.25,2.25,70376
INIF,20201014,2.25,2.25,2.25,2.25,2900
INIF,20201015,2.25,2.25,2.25,2.25,0
INIF,20201016,2.28,2.28,2.26,2.26,23888
INIF,20201019,2.27,2.27,2.27,2.27,26000
INIF,20201020,2.27,2.27,2.25,2.25,2929
INIF,20201021,2.26,2.27,2.26,2.26,69328
INIF,20201022,2.26,2.26,2.26,2.26,0
INIF,20201023,2.26,2.26,2.25,2.25,12628
INIF,20201026,2.26,2.26,2.26,2.26,12400
INIF,20201027,2.26,2.26,2.26,2.26,0
INIF,20201028,2.2,2.22,2.2,2.22,19000
INIF,20201029,2.17,2.17,2.17,2.17,3960
INIF,20201030,2.16,2.16,2.16,2.16,2020
INIF,20201102,2.13,2.14,2.13,2.14,13693
INIF,20201103,2.14,2.14,2.14,2.14,0
INIF,20201104,2.14,2.14,2.14,2.14,0
INIF,20201105,2.21,2.21,2.21,2.21,4840
INIF,20201106,2.21,2.21,2.21,2.21,0
INIF,20201109,2.25,2.25,2.25,2.25,25587
INIF,20201110,2.3,2.35,2.3,2.32,36225
INIF,20201111,2.35,2.38,2.35,2.38,46041
INIF,20201112,2.36,2.36,2.36,2.36,6925
INIF,20201113,2.36,2.38,2.36,2.36,23224
INIF,20201116,2.37,2.37,2.37,2.37,400
INIF,20201117,2.38,2.42,2.38,2.4,87290
INIF,20201118,2.42,2.42,2.41,2.42,27702
INIF,20201120,2.43,2.43,2.43,2.43,39
INIF,20201123,2.42,2.43,2.42,2.43,10847
INIF,20201124,2.45,2.45,2.44,2.44,32743
INIF,20201125,2.48,2.48,2.48,2.48,20038
INIF,20201126,2.46,2.46,2.45,2.45,12866
INIF,20201127,2.48,2.48,2.44,2.44,27231
INIF,20201130,2.44,2.45,2.44,2.45,4327
INIF,20201201,2.43,2.44,2.43,2.44,6141
INIF,20201202,2.44,2.44,2.44,2.44,0
INIF,20201203,2.46,2.47,2.46,2.47,12362
INIF,20201204,2.48,2.49,2.47,2.47,75646
INIF,20201207,2.48,2.48,2.48,2.48,2138
INIF,20201208,2.49,2.51,2.49,2.51,84994
INIF,20201209,2.52,2.54,2.52,2.54,18841
INIF,20201210,2.53,2.53,2.53,2.53,111257
INIF,20201211,2.53,2.53,2.53,2.53,0
INIF,20201214,2.51,2.53,2.51,2.53,51433
INIF,20201215,2.5,2.51,2.5,2.51,20377
INIF,20201216,2.53,2.54,2.51,2.54,33871
INIF,20201217,2.55,2.56,2.54,2.55,6247
INIF,20201218,2.55,2.55,2.55,2.55,628
INIF,20201221,2.51,2.52,2.5,2.52,13985
INIF,20201222,2.5,2.5,2.48,2.48,9393
INIF,20201224,2.5,2.5,2.5,2.5,0
INIF,20201229,2.55,2.56,2.55,2.56,11250
INIF,20201230,2.58,2.58,2.56,2.56,48491
INIF,20201231,2.56,2.56,2.56,2.56,75
INIF,20210104,2.56,2.58,2.55,2.58,16890
INIF,20210105,2.58,2.58,2.58,2.58,36
INIF,20210106,2.56,2.58,2.56,2.58,11503
INIF,20210107,2.57,2.58,2.57,2.58,41500
INIF,20210108,2.58,2.58,2.58,2.58,6964
INIF,20210111,2.59,2.59,2.58,2.58,20473
INIF,20210112,2.58,2.58,2.58,2.58,806
INIF,20210113,2.57,2.58,2.57,2.58,38402
INIF,20210114,2.57,2.58,2.57,2.58,3046
INIF,20210115,2.58,2.58,2.58,2.58,0
INIF,20210118,2.56,2.56,2.55,2.55,22406
INIF,20210119,2.56,2.57,2.56,2.57,11853
INIF,20210120,2.58,2.58,2.57,2.58,23937
INIF,20210121,2.59,2.59,2.59,2.59,1248
INIF,20210122,2.59,2.59,2.57,2.57,42254
INIF,20210125,2.54,2.6,2.54,2.58,122559
INIF,20210127,2.57,2.57,2.54,2.54,20754
INIF,20210128,2.52,2.52,2.49,2.49,21616
INIF,20210129,2.52,2.53,2.49,2.49,9232
INIF,20210201,2.46,2.46,2.46,2.46,4793
INIF,20210203,2.58,2.59,2.58,2.59,46240
INIF,20210204,2.6,2.6,2.59,2.59,17450
INIF,20210205,2.61,2.62,2.61,2.62,149372
INIF,20210208,2.62,2.68,2.62,2.65,70303
INIF,20210209,2.65,2.65,2.63,2.63,24905
INIF,20210210,2.62,2.62,2.62,2.62,4454
INIF,20210211,2.61,2.61,2.61,2.61,209
INIF,20210212,2.61,2.61,2.6,2.6,1568
INIF,20210215,2.6,2.61,2.6,2.6,7025
INIF,20210216,2.61,2.63,2.61,2.61,3138
INIF,20210217,2.63,2.64,2.63,2.64,5651
INIF,20210218,2.61,2.63,2.61,2.63,2979
INIF,20210219,2.62,2.62,2.62,2.62,4474
INIF,20210222,2.65,2.66,2.64,2.66,12278
INIF,20210223,2.66,2.67,2.65,2.65,16797
INIF,20210224,2.67,2.67,2.65,2.65,35373
INIF,20210225,2.67,2.69,2.67,2.68,9080
INIF,20210226,2.62,2.64,2.62,2.64,6092
INIF,20210301,2.64,2.67,2.64,2.67,2758
INIF,20210302,2.67,2.67,2.64,2.64,9477
INIF,20210303,2.64,2.65,2.64,2.65,18000
INIF,20210304,2.63,2.66,2.63,2.64,21931
INIF,20210305,2.64,2.64,2.64,2.64,1000
INIF,20210308,2.67,2.67,2.67,2.67,6141
INIF,20210309,2.66,2.66,2.66,2.66,1685
INIF,20210310,2.67,2.67,2.67,2.67,3000
INIF,20210311,2.67,2.67,2.67,2.67,3000
INIF,20210312,2.68,2.71,2.68,2.71,40102
INIF,20210315,2.7,2.72,2.7,2.72,1997
INIF,20210316,2.77,2.77,2.71,2.74,19269
INIF,20210317,2.74,2.74,2.74,2.74,0
INIF,20210318,2.72,2.72,2.7,2.71,15732
INIF,20210319,2.7,2.7,2.7,2.7,6509
INIF,20210322,2.7,2.73,2.7,2.73,16382
INIF,20210323,2.73,2.73,2.7,2.71,5863
INIF,20210324,2.7,2.7,2.7,2.7,93670
INIF,20210325,2.7,2.7,2.7,2.7,219
INIF,20210329,2.71,2.71,2.71,2.71,0
INIF,20210330,2.7,2.7,2.7,2.7,3653
INIF,20210331,2.74,2.74,2.73,2.73,23800
INIF,20210401,2.7,2.71,2.7,2.71,7151
INIF,20210406,2.75,2.75,2.75,2.75,22459
INIF,20210407,2.75,2.75,2.75,2.75,4800
INIF,20210408,2.78,2.78,2.76,2.76,20519
INIF,20210409,2.79,2.79,2.76,2.76,2712
INIF,20210412,2.77,2.77,2.77,2.77,2000
INIF,20210413,2.75,2.77,2.75,2.77,59290
INIF,20210414,2.75,2.77,2.75,2.77,4355
INIF,20210415,2.77,2.77,2.75,2.76,20515
INIF,20210416,2.77,2.77,2.76,2.76,800
INIF,20210419,2.77,2.77,2.77,2.77,540
INIF,20210420,2.74,2.76,2.74,2.75,23333
INIF,20210421,2.75,2.75,2.71,2.71,355
INIF,20210422,2.74,2.75,2.72,2.75,19782
INIF,20210423,2.75,2.75,2.75,2.75,0
INIF,20210426,2.76,2.76,2.76,2.76,150
INIF,20210427,2.74,2.76,2.74,2.76,30896
INIF,20210428,2.76,2.76,2.76,2.76,0
INIF,20210429,2.76,2.78,2.76,2.77,26412
INIF,20210430,2.79,2.79,2.76,2.78,10582
INIF,20210503,2.78,2.78,2.76,2.76,11067
INIF,20210504,2.79,2.79,2.76,2.76,20600
INIF,20210505,2.76,2.76,2.76,2.76,750
INIF,20210506,2.78,2.78,2.75,2.75,2361
INIF,20210507,2.74,2.74,2.74,2.74,781
INIF,20210510,2.71,2.71,2.71,2.71,99
INIF,20210511,2.79,2.79,2.75,2.75,4663
INIF,20210512,2.75,2.75,2.75,2.75,24950
INIF,20210513,2.73,2.73,2.72,2.72,10599
INIF,20210514,2.74,2.76,2.74,2.76,4400
INIF,20210517,2.76,2.76,2.74,2.74,213
INIF,20210518,2.76,2.76,2.74,2.76,1057
INIF,20210519,2.73,2.73,2.72,2.72,5272
INIF,20210520,2.75,2.75,2.75,2.75,8
INIF,20210521,2.75,2.75,2.75,2.75,3613
INIF,20210524,2.73,2.75,2.73,2.75,1610
INIF,20210525,2.73,2.75,2.73,2.74,8012
INIF,20210526,2.75,2.76,2.74,2.75,38552
INIF,20210527,2.75,2.75,2.74,2.75,75204
INIF,20210528,2.77,2.77,2.77,2.77,12023
INIF,20210531,2.79,2.8,2.78,2.8,29265
INIF,20210601,2.79,2.79,2.77,2.79,27572
INIF,20210602,2.78,2.8,2.78,2.8,7600
INIF,20210603,2.81,2.83,2.81,2.81,41951
INIF,20210604,2.81,2.81,2.81,2.81,0
INIF,20210607,2.85,2.85,2.83,2.83,10586
INIF,20210609,2.85,2.85,2.84,2.85,13306
INIF,20210610,2.83,2.84,2.83,2.84,25044
INIF,20210611,2.85,2.85,2.85,2.85,2746
INIF,20210615,2.83,2.85,2.83,2.84,2419
INIF,20210616,2.88,2.88,2.81,2.81,852
INIF,20210617,2.76,2.77,2.76,2.77,19517
INIF,20210618,2.82,2.84,2.82,2.82,17705
INIF,20210621,2.8,2.8,2.78,2.78,4350
INIF,20210622,2.81,2.81,2.8,2.81,36803
INIF,20210623,2.84,2.84,2.8,2.82,17074
INIF,20210625,2.81,2.84,2.81,2.84,90696
INIF,20210628,2.87,2.87,2.81,2.81,60001
INIF,20210629,2.81,2.81,2.78,2.78,5707
INIF,20210630,2.78,2.84,2.78,2.82,14153
INIF,20210701,2.84,2.84,2.8,2.8,10663
INIF,20210705,2.85,2.9,2.85,2.88,17512
INIF,20210706,2.9,2.9,2.87,2.87,14129
INIF,20210707,2.85,2.85,2.85,2.85,6960
INIF,20210708,2.87,2.89,2.87,2.89,29101
INIF,20210709,2.84,2.85,2.84,2.85,35982
INIF,20210712,2.86,2.88,2.86,2.88,56424
INIF,20210714,2.9,2.9,2.89,2.89,10501
INIF,20210715,2.89,2.89,2.89,2.89,0
INIF,20210716,2.86,2.9,2.86,2.9,17244
INIF,20210719,2.9,2.92,2.88,2.88,65195
INIF,20210720,2.88,2.88,2.86,2.86,38839
INIF,20210723,2.89,2.89,2.86,2.88,47742
INIF,20210726,2.9,2.9,2.88,2.89,76633
INIF,20210727,2.88,2.9,2.88,2.9,79008
INIF,20210728,2.9,2.9,2.86,2.86,90612
INIF,20210729,2.88,2.89,2.87,2.89,164022
INIF,20210730,2.92,2.92,2.89,2.9,78692
INIF,20210802,2.91,2.93,2.9,2.91,109151
INIF,20210803,2.92,2.92,2.89,2.91,24524
INIF,20210804,2.92,2.94,2.92,2.92,39563
INIF,20210805,2.92,2.94,2.92,2.92,102943
INIF,20210806,2.93,2.94,2.92,2.94,134736
INIF,20210809,2.95,2.96,2.94,2.95,45923
INIF,20210810,2.99,2.99,2.95,2.95,33355
INIF,20210811,2.99,2.99,2.97,2.97,16712
INIF,20210812,2.96,2.98,2.96,2.97,9350
INIF,20210813,2.99,2.99,2.98,2.985,11260
INIF,20210819,2.9,2.91,2.89,2.91,28488
INIF,20210820,2.92,2.92,2.91,2.91,20668
INIF,20210823,2.91,2.91,2.91,2.91,14596
INIF,20210824,2.94,2.94,2.93,2.94,6934
INIF,20210825,2.94,2.98,2.94,2.97,24862
INIF,20210826,2.98,3,2.97,2.97,70925
INIF,20210827,2.98,2.99,2.97,2.98,61630
INIF,20210830,2.99,3.02,2.99,3.01,23004
INIF,20210831,3.02,3.02,3,3.01,7606
INIF,20210901,3.01,3.04,3.01,3.03,11855
INIF,20210902,3.02,3.03,3.01,3.01,13956
INIF,20210903,3.03,3.05,3.03,3.04,5719
INIF,20210906,3.04,3.05,3.02,3.05,36222
INIF,20210907,3.05,3.07,3.03,3.03,8424
INIF,20210908,3.01,3.06,3.01,3.06,13954
INIF,20210909,3.05,3.05,3.02,3.02,1706
INIF,20210910,3.03,3.05,3.03,3.05,10205
INIF,20210913,3.05,3.07,3.05,3.07,10694
INIF,20210914,3.07,3.07,3.05,3.07,4587
INIF,20210915,3.07,3.07,3.04,3.05,24506
INIF,20210916,3.07,3.07,3.04,3.07,44450
INIF,20210917,3.03,3.07,3.03,3.06,4493
INIF,20210920,3.1,3.1,3.02,3.02,4259
INIF,20210922,3.02,3.05,3.01,3.05,10893
INIF,20210923,3.07,3.09,3.07,3.07,15072
INIF,20210924,3.11,3.11,3.08,3.08,31499
INIF,20210927,3.08,3.08,3.08,3.08,2457
INIF,20210928,3.08,3.1,3.08,3.1,8229
INIF,20210929,3.1,3.1,3.04,3.05,16769
INIF,20210930,3.08,3.09,3.07,3.08,672
INIF,20211001,3.12,3.12,3.04,3.04,9761
INIF,20211004,3.09,3.09,3.07,3.07,7155
INIF,20211005,3.05,3.08,3.05,3.08,4847
INIF,20211006,3.1,3.1,3.07,3.07,12010
INIF,20211007,3.07,3.07,3.06,3.06,9381
INIF,20211008,3.15,3.15,3.07,3.07,2114
INIF,20211011,3.05,3.05,3.03,3.05,4551
INIF,20211012,3.05,3.05,3.03,3.05,4551
INIF,20211013,3.04,3.04,3.02,3.02,4
INIF,20211014,3.06,3.06,3.06,3.06,10724
INIF,20211019,3.1,3.12,3.1,3.12,58061
INIF,20211020,3.15,3.15,3.08,3.09,36282
INIF,20211021,3.12,3.12,3.09,3.09,13581
INIF,20211022,3.08,3.08,3.06,3.06,19023
INIF,20211025,3.08,3.09,3.06,3.07,2139
INIF,20211026,3.1,3.1,3.06,3.06,24285
INIF,20211028,3.11,3.11,3.05,3.05,28258
INIF,20211029,3.05,3.07,3.05,3.07,814
INIF,20211101,3.07,3.07,3.07,3.07,4654
INIF,20211102,3.07,3.07,3.04,3.06,35933
INIF,20211103,3.02,3.06,3.02,3.06,8384
INIF,20211104,3.12,3.12,3.08,3.08,7737
INIF,20211105,3.08,3.09,3.08,3.09,1189
INIF,20211109,3.1,3.1,3.09,3.1,7767
INIF,20211110,3.12,3.12,3.07,3.07,54639
INIF,20211112,3.12,3.12,3.04,3.07,1048
INIF,20211115,3.07,3.07,3.06,3.07,65880
INIF,20211116,3.07,3.07,3.04,3.04,33349
INIF,20211117,3.04,3.05,3.02,3.05,8713
INIF,20211118,3.04,3.04,3.04,3.04,1966
INIF,20211119,3.05,3.07,3.05,3.05,5936
INIF,20211122,3.05,3.05,3.03,3.03,11799
INIF,20211123,3.07,3.07,3.05,3.05,336
INIF,20211124,3.03,3.04,3.03,3.04,4030
INIF,20211125,3.03,3.05,3.02,3.04,23963
INIF,20211126,3.07,3.07,3,3,64544
INIF,20211129,2.97,2.97,2.95,2.97,19510
INIF,20211130,3.01,3.01,3.01,3.01,753
INIF,20211201,3.01,3.01,2.99,3,15363
INIF,20211202,3,3,2.98,2.99,15925
INIF,20211203,3,3,3,3,1831
INIF,20211206,3.01,3.02,3,3,31514
INIF,20211207,3.01,3.02,3.01,3.01,10670
INIF,20211208,3.04,3.06,3.04,3.06,7306
INIF,20211209,3.09,3.09,3.05,3.05,15655
INIF,20211210,3.05,3.06,3.05,3.06,7292
INIF,20211213,3.06,3.06,3.06,3.06,3
INIF,20211214,3.05,3.06,3.04,3.06,4446
INIF,20211216,3.04,3.05,3.04,3.05,8279
INIF,20211217,3,3.05,3,3.03,94446
INIF,20211220,3.05,3.05,3.03,3.03,939
INIF,20211221,3,3.03,3,3.03,14949
INIF,20211222,3.06,3.06,3.06,3.06,2353
INIF,20211223,3.07,3.08,3.06,3.07,41902
INIF,20211224,3.05,3.05,3.05,3.05,1917
INIF,20211229,3.09,3.12,3.09,3.1,16245
INIF,20211230,3.12,3.12,3.1,3.1,1036
INIF,20211231,3.1,3.1,3.1,3.1,0
INIF,20220104,3.06,3.1,3.06,3.1,5870
INIF,20220105,3.12,3.13,3.11,3.12,4767
INIF,20220106,3.12,3.12,3.02,3.02,87422
INIF,20220107,3.03,3.05,3.03,3.05,11090
INIF,20220110,3.1,3.1,3.06,3.06,2246
INIF,20220111,3.08,3.08,3.06,3.06,507
INIF,20220112,3.07,3.08,3.07,3.08,17026
INIF,20220113,3.1,3.12,3.1,3.12,8319
INIF,20220114,3.12,3.12,3.09,3.09,3400
INIF,20220117,3.1,3.11,3.09,3.1,91645
INIF,20220118,3.12,3.12,3.11,3.11,43206
INIF,20220119,3.09,3.1,3.08,3.08,51593
INIF,20220120,3.1,3.1,3.08,3.08,1282
INIF,20220121,3.08,3.08,2.99,2.99,104474
INIF,20220124,2.98,2.98,2.94,2.95,23470
INIF,20220125,2.9,2.92,2.87,2.87,51658
INIF,20220127,2.86,2.97,2.85,2.86,22632
INIF,20220128,2.88,2.92,2.88,2.92,41846
INIF,20220131,2.92,2.94,2.91,2.94,32206
INIF,20220201,2.96,2.99,2.96,2.99,9999
INIF,20220202,2.99,3.02,2.99,3.02,30473
INIF,20220203,3,3,2.99,2.99,965
INIF,20220204,3,3,2.99,2.99,5423
INIF,20220207,3,3.03,3,3.02,14452
INIF,20220208,3.03,3.04,3.03,3.03,10341
INIF,20220209,3.05,3.05,3.04,3.04,8446
INIF,20220210,3.09,3.09,3.05,3.07,6857
INIF,20220211,3.02,3.03,3.02,3.03,517
INIF,20220214,3.03,3.03,3.01,3.01,11705
INIF,20220215,3.01,3.01,3,3,12489
INIF,20220216,3,3,3,3,13160
INIF,20220217,3.01,3.05,3.01,3.05,12069
INIF,20220218,3.02,3.02,3.02,3.02,1650
INIF,20220221,3,3,2.98,3,6273
INIF,20220222,2.97,2.99,2.97,2.99,2667
INIF,20220223,2.99,2.99,2.98,2.98,14315
INIF,20220224,3,3,3,3,1374
INIF,20220225,2.97,2.99,2.97,2.99,3069
INIF,20220228,3.01,3.01,3.01,3.01,1729
INIF,20220301,3.02,3.04,3.02,3.04,10002
INIF,20220302,3.04,3.06,3.04,3.06,3360
INIF,20220303,3.12,3.13,3.1,3.1,7783
INIF,20220304,3.1,3.1,3.06,3.1,675
INIF,20220307,3.12,3.12,3.08,3.08,6722
INIF,20220308,3.1,3.1,3.03,3.03,4654
INIF,20220309,3.03,3.04,3.03,3.04,397
INIF,20220310,3.06,3.06,3.06,3.06,3335
INIF,20220311,3.06,3.06,3.06,3.06,4201
INIF,20220314,3.05,3.08,3.05,3.05,32455
INIF,20220315,3.03,3.04,3.03,3.04,14824
INIF,20220316,0,0,0,0,0
INIF,20220317,3.07,3.09,3.06,3.08,13306
INIF,20220318,3.1,3.1,3.08,3.1,363
INIF,20220321,3.09,3.12,3.09,3.11,89119
INIF,20220322,3.12,3.14,3.12,3.14,10959
INIF,20220323,3.13,3.15,3.13,3.15,9203
INIF,20220324,3.15,3.16,3.12,3.16,30948
INIF,20220325,3.17,3.18,3.17,3.18,13192
INIF,20220328,3.18,3.2,3.18,3.2,19334
INIF,20220329,3.2,3.2,3.17,3.19,39266
INIF,20220330,3.19,3.19,3.18,3.18,19180
INIF,20220331,3.2,3.22,3.2,3.22,21643
INIF,20220401,3.21,3.21,3.19,3.19,26926
INIF,20220404,3.23,3.23,3.21,3.22,53065
INIF,20220405,3.27,3.27,3.22,3.22,9870
INIF,20220406,3.23,3.23,3.22,3.22,32
INIF,20220407,3.22,3.22,3.2,3.22,16799
INIF,20220408,3.25,3.25,3.22,3.23,3980
INIF,20220411,3.26,3.26,3.22,3.22,13158
INIF,20220412,3.18,3.2,3.18,3.19,6353
INIF,20220413,3.2,3.2,3.18,3.18,189014
INIF,20220414,3.18,3.23,3.04,3.22,110182
INIF,20220419,3.25,3.25,3.23,3.24,66361
INIF,20220420,3.3,3.3,3.24,3.25,23703
INIF,20220421,3.3,3.3,3.24,3.25,23703
INIF,20220422,3.3,3.3,3.18,3.2,3180
INIF,20220426,3.2,3.2,3.11,3.11,31353
INIF,20220427,3.11,3.11,3.08,3.11,22778
INIF,20220428,3.1,3.16,3.1,3.16,9773
INIF,20220429,3.2,3.2,3.16,3.18,1791
INIF,20220502,3.2,3.2,3.14,3.15,14347
INIF,20220503,3.12,3.14,3.11,3.11,74153
INIF,20220504,3.11,3.11,3.11,3.11,321
INIF,20220505,3.2,3.2,3.11,3.14,36292
INIF,20220506,3.1,3.1,3.1,3.1,322
INIF,20220509,3.04,3.05,3.03,3.05,31137
INIF,20220510,3,3,2.95,3,60565
INIF,20220511,3.01,3.01,3,3.01,7332
INIF,20220512,3.01,3.02,2.98,2.99,14060
INIF,20220513,3.01,3.01,3.01,3.01,331
INIF,20220516,3.01,3.04,3.01,3.02,8907
INIF,20220517,3.04,3.05,3.04,3.05,4327
INIF,20220518,3.09,3.09,3.06,3.07,11985
INIF,20220519,3.16,3.16,3.04,3.07,4523
INIF,20220520,3.06,3.06,3.05,3.05,2829
INIF,20220523,3.05,3.14,3.05,3.08,3981
INIF,20220524,3.03,3.05,2.955,3.05,228534
INIF,20220525,3.05,3.06,3.05,3.05,41595
INIF,20220526,3.05,3.05,3.03,3.03,1395
INIF,20220527,2.96,3.05,2.96,3.05,104034
INIF,20220530,3.11,3.11,3.08,3.08,4637
INIF,20220531,3.1,3.1,3.07,3.07,5025
INIF,20220601,3.07,3.07,3.06,3.06,12625
INIF,20220602,3.06,3.08,3.06,3.08,18864
INIF,20220603,3.08,3.08,3.08,3.08,0
INIF,20220606,3.08,3.08,3.08,3.08,11161
INIF,20220607,3.08,3.08,3.08,3.08,0
INIF,20220608,3.09,3.09,3.08,3.09,21708
INIF,20220609,3.09,3.09,3.09,3.09,0
INIF,20220610,3.05,3.05,3.03,3.05,3005
INIF,20220614,3.05,3.05,2.92,2.94,10515
INIF,20220615,2.93,2.94,2.92,2.92,18766
INIF,20220616,2.93,2.97,2.93,2.93,40421
INIF,20220617,3.07,3.07,2.86,2.86,7032
INIF,20220620,2.94,2.94,2.86,2.86,3829
INIF,20220621,2.94,2.94,2.89,2.9,26309
INIF,20220622,2.88,2.9,2.87,2.9,14624
INIF,20220623,2.98,2.98,2.88,2.88,38388
INIF,20220624,2.88,2.9,2.88,2.9,28346
INIF,20220627,2.99,2.99,2.91,2.96,9962
INIF,20220628,2.95,2.98,2.94,2.98,45030
INIF,20220629,2.65,2.66,2.63,2.66,61924
INIF,20220630,2.69,2.69,2.61,2.63,15404
INIF,20220701,2.64,2.64,2.6,2.6,6576
INIF,20220704,2.64,2.64,2.62,2.63,21176
INIF,20220705,2.64,2.64,2.63,2.64,18780
INIF,20220706,2.62,2.63,2.62,2.62,17520
INIF,20220707,2.62,2.63,2.61,2.63,10541
INIF,20220708,2.63,2.63,2.63,2.63,0
INIF,20220711,2.66,2.66,2.64,2.64,9151
INIF,20220712,2.75,2.75,2.64,2.64,12655
INIF,20220713,2.62,2.62,2.61,2.61,13481
INIF,20220714,2.61,2.61,2.61,2.61,0
INIF,20220715,2.64,2.64,2.63,2.63,620
INIF,20220718,2.7,2.7,2.67,2.68,4122
INIF,20220719,2.75,2.75,2.69,2.69,4500
INIF,20220720,2.71,2.72,2.71,2.72,34119
INIF,20220721,2.74,2.74,2.7,2.7,10156
INIF,20220722,2.75,2.75,2.7,2.71,39964
INIF,20220725,2.75,2.83,2.7,2.7,6562
INIF,20220726,2.78,2.78,2.69,2.72,146389
INIF,20220727,2.8,2.8,2.69,2.71,89909
INIF,20220728,2.79,2.79,2.73,2.75,18256
INIF,20220729,2.78,2.79,2.77,2.79,115878
INIF,20220801,2.81,2.81,2.78,2.78,45695
INIF,20220802,2.78,2.78,2.77,2.78,16952
INIF,20220803,2.79,2.79,2.76,2.78,19731
INIF,20220805,2.78,2.79,2.78,2.79,4024
INIF,20220808,2.8,2.8,2.76,2.76,5066
INIF,20220809,2.8,2.8,2.79,2.79,6315
INIF,20220810,2.78,2.78,2.78,2.78,10582
INIF,20220811,2.86,2.86,2.78,2.8,67191
INIF,20220812,2.79,2.81,2.78,2.81,10521
INIF,20220815,2.85,2.85,2.81,2.82,16142
INIF,20220816,2.82,2.83,2.81,2.83,12630
INIF,20220817,2.85,2.85,2.83,2.83,5296
INIF,20220818,2.83,2.85,2.83,2.83,0
INIF,20220819,2.85,2.87,2.85,2.85,21646
INIF,20220822,2.93,2.93,2.83,2.84,12979
INIF,20220823,2.85,2.85,2.82,2.84,26052
INIF,20220824,2.86,2.86,2.86,2.86,1000
INIF,20220825,2.94,2.94,2.88,2.88,5721
INIF,20220826,2.87,2.9,2.87,2.89,18816
INIF,20220829,2.97,2.97,2.86,2.86,1142
INIF,20220830,2.89,2.89,2.84,2.89,18707
INIF,20220831,2.89,2.89,2.84,2.89,0
INIF,20220901,2.82,2.83,2.82,2.83,22308
INIF,20220902,2.81,2.83,2.81,2.83,4006
INIF,20220905,2.91,2.91,2.84,2.84,10736
INIF,20220906,2.88,2.88,2.87,2.87,9201
INIF,20220907,2.9,2.9,2.82,2.82,2651
INIF,20220909,2.88,2.88,2.86,2.86,6046
INIF,20220912,2.89,2.91,2.88,2.91,3734
INIF,20220913,2.98,2.98,2.91,2.91,23732
INIF,20220914,2.87,2.88,2.86,2.88,17022
INIF,20220915,2.88,2.9,2.88,2.89,6426
INIF,20220916,2.86,2.86,2.85,2.85,20815
