JBH,20160212,22.04,22.5,21.96,22.17,1123687
JBH,20160215,22.38,22.59,22.18,22.32,548195
JBH,20160216,22.38,22.7,22.14,22.67,923520
JBH,20160217,22.2,22.49,21.91,21.97,1120524
JBH,20160218,21.71,21.9,21.13,21.17,1995146
JBH,20160219,20.6,21.05,20.59,20.81,1305549
JBH,20160222,20.82,21.43,20.8,21.35,773083
JBH,20160223,21.38,21.39,20.88,21.01,594593
JBH,20160224,21.08,21.28,20.9,20.99,698612
JBH,20160225,21.11,22.28,21.02,22.23,1646765
JBH,20160226,22.3,23.16,21.9,22.15,1265719
JBH,20160229,22.22,22.5,22.08,22.13,787443
JBH,20160301,22.2,22.68,22.14,22.59,679265
JBH,20160302,22.83,22.83,22.37,22.52,527013
JBH,20160303,22.93,22.93,22.29,22.49,595060
JBH,20160304,22.49,22.69,22.2,22.33,527342
JBH,20160307,22.42,22.5,22,22.42,380939
JBH,20160308,22.38,22.66,22.225,22.58,446447
JBH,20160309,22.53,23.13,22.52,23.1,685600
JBH,20160310,23.13,23.79,23.05,23.61,793511
JBH,20160311,23.6,23.8,23.36,23.45,595864
JBH,20160314,23.49,23.52,23.18,23.39,419846
JBH,20160315,23.21,23.21,22.55,22.65,436172
JBH,20160316,23.05,23.48,22.95,23.28,442377
JBH,20160317,23.37,23.4,22.93,23.17,405997
JBH,20160318,23.2,23.25,22.54,22.68,775906
JBH,20160321,22.75,23.1,22.7,23.05,374850
JBH,20160322,22.98,23.05,22.72,23,379692
JBH,20160323,23,23.01,22.76,22.81,836528
JBH,20160324,22.73,23.54,22.72,23.11,616638
JBH,20160329,23.15,23.22,22.96,23,568891
JBH,20160330,23.07,23.365,22.85,23.27,541843
JBH,20160331,23.48,23.69,23.34,23.58,557500
JBH,20160401,23.38,23.56,23.21,23.41,861767
JBH,20160404,23.4,23.64,23.06,23.08,286822
JBH,20160405,23.02,23.09,22.65,22.72,632049
JBH,20160406,22.67,23.09,22.38,23.09,389110
JBH,20160407,23.11,23.12,22.69,22.81,380867
JBH,20160408,22.33,22.73,22.33,22.6,285309
JBH,20160411,22.6,22.71,22.16,22.21,383470
JBH,20160412,22.09,22.25,22.06,22.2,600509
JBH,20160413,22.3,22.4,22.18,22.26,352837
JBH,20160414,22.35,22.59,22.25,22.39,253801
JBH,20160415,22.45,22.68,22.41,22.5,250503
JBH,20160418,22.37,22.61,22.24,22.34,393884
JBH,20160419,22.43,22.5,20.95,21.63,1525014
JBH,20160420,21.86,22.2,21.69,21.9,1482485
JBH,20160421,22.09,22.11,21.24,21.4,966286
JBH,20160422,21.2,21.53,21.14,21.4,1989835
JBH,20160426,21.4,21.78,21.34,21.56,621099
JBH,20160427,21.56,21.57,21.24,21.29,1958544
JBH,20160428,21.46,21.68,21.285,21.42,1480167
JBH,20160429,21.44,22.1,21.3,21.97,654104
JBH,20160502,21.9,22.2,21.75,22.18,792183
JBH,20160503,22.14,23.51,22.04,23.05,1177981
JBH,20160504,23.08,23.65,23,23.51,1246167
JBH,20160505,23.5,23.85,23.09,23.67,885342
JBH,20160506,23.5,24.25,23.34,24.25,800304
JBH,20160509,24.25,24.43,23.71,24.41,666190
JBH,20160510,24.4,24.61,24.07,24.4,529646
JBH,20160511,24.54,24.81,24.4,24.5,529938
JBH,20160512,24.3,24.65,24.07,24.49,935889
JBH,20160513,24.5,24.73,24.38,24.38,605059
JBH,20160516,24.29,24.4,24.07,24.3,378320
JBH,20160517,24.14,24.14,23.53,23.76,517974
JBH,20160518,23.63,23.77,22.86,22.86,1241276
JBH,20160519,22.83,23.91,22.82,23.63,940485
JBH,20160520,23.69,24.35,23.63,23.87,490655
JBH,20160523,23.84,23.92,23.29,23.32,630319
JBH,20160524,23.37,23.51,23.12,23.3,532233
JBH,20160525,23.55,23.93,23.36,23.82,475672
JBH,20160526,23.68,23.79,23.22,23.38,538421
JBH,20160527,23.38,23.49,23.12,23.22,534611
JBH,20160530,23.45,23.74,23.23,23.58,365014
JBH,20160531,23.43,23.55,23.17,23.32,442018
JBH,20160601,23.15,23.34,22.82,22.85,499142
JBH,20160602,22.98,23.2,22.37,22.49,1171975
JBH,20160603,22.48,22.63,22.14,22.5,717687
JBH,20160606,22.41,22.61,22.27,22.58,299006
JBH,20160607,22.6,22.84,22.37,22.58,679952
JBH,20160608,22.65,22.81,22.56,22.68,449287
JBH,20160609,22.77,22.82,22.58,22.7,292029
JBH,20160610,22.57,22.93,22.53,22.68,238749
JBH,20160614,22.6,22.6,22.29,22.55,405048
JBH,20160615,22.54,23.27,22.52,22.82,754634
JBH,20160616,22.98,23.86,22.98,23.52,1034481
JBH,20160617,23.51,23.525,22.52,23.13,1429595
JBH,20160620,22.75,23.22,22.75,23.22,444369
JBH,20160621,23.11,23.53,22.76,23.52,428237
JBH,20160622,23.56,23.92,23.27,23.74,432252
JBH,20160623,23.65,23.65,23.27,23.37,218834
JBH,20160624,23.42,23.58,22.54,23.05,431383
JBH,20160627,22.99,23.79,22.93,23.51,449490
JBH,20160628,23.16,23.17,22.565,22.95,563385
JBH,20160629,23.14,23.4,22.97,23.26,597531
JBH,20160630,23.53,24.1,23.38,24.1,872466
JBH,20160701,24.2,24.34,23.91,24.15,992945
JBH,20160704,24.1,24.52,24.03,24.51,432082
JBH,20160705,24.6,24.75,23.65,23.76,455918
JBH,20160706,23.66,23.85,23.46,23.56,515079
JBH,20160707,23.66,23.99,23.5,23.63,274036
JBH,20160708,23.53,23.77,23.445,23.53,294690
JBH,20160711,23.95,24.09,23.78,23.84,183147
JBH,20160712,24.01,24.3,23.92,23.92,318811
JBH,20160713,24.1,24.1,23.5,23.5,649613
JBH,20160714,23.68,23.975,23.54,23.75,387025
JBH,20160715,23.8,23.93,23.53,23.62,395298
JBH,20160718,23.61,24.33,23.61,24.25,495613
JBH,20160719,24.22,24.92,24.18,24.76,656837
JBH,20160720,24.92,25.38,24.87,24.97,568425
JBH,20160721,25.18,25.19,24.63,24.82,559405
JBH,20160722,24.66,24.69,24.335,24.38,315639
JBH,20160725,24.59,25,24.49,24.59,519570
JBH,20160726,24.77,25.465,24.77,25.17,692550
JBH,20160727,25.25,25.5,24.88,25,477749
JBH,20160728,25.13,25.99,25.13,25.39,595585
JBH,20160729,25.5,25.99,25.46,25.94,575179
JBH,20160801,26,26.15,25.71,25.86,303249
JBH,20160802,25.98,26.06,25.72,25.79,513943
JBH,20160803,25.51,25.74,25.15,25.31,642048
JBH,20160804,25.31,25.49,25.08,25.37,741303
JBH,20160805,25.47,25.88,25.47,25.8,606002
JBH,20160808,25.92,26.65,25.91,26.62,821908
JBH,20160809,26.67,26.85,25.7,26.63,761573
JBH,20160810,26.54,26.565,26.1,26.45,807987
JBH,20160811,26.45,27.52,26.33,27,1711934
JBH,20160812,27.2,27.78,27.09,27.38,1467740
JBH,20160815,28.4,30.36,28.4,30.09,912868
JBH,20160816,29.42,30.05,28.94,29,1592275
JBH,20160817,28.02,30.01,28.02,29.57,1267230
JBH,20160818,29.78,29.95,29.06,29.33,848347
JBH,20160822,29.1,29.93,29,29.5,528626
JBH,20160823,29.58,30.36,29.57,29.88,652024
JBH,20160824,29.95,30.42,29.82,30.16,660981
JBH,20160825,29.84,30.46,29.55,30.1,1179188
JBH,20160826,29.98,30.53,29.88,30.44,634476
JBH,20160829,30.48,30.53,29.73,30.03,511129
JBH,20160830,30.24,30.39,29.72,29.86,444608
JBH,20160831,29.87,30.17,29.53,29.69,546549
JBH,20160901,29.62,29.83,29.27,29.36,405059
JBH,20160902,29.36,30.04,28.88,28.99,701851
JBH,20160905,29.06,29.63,29.06,29.24,376255
JBH,20160906,29.46,30.87,29.46,30.87,1387646
JBH,20160907,30.8,31.59,30.6,31.19,1325675
JBH,20160908,31.11,31.48,30.38,30.6,636063
JBH,20160909,30.32,30.5,29.64,30.09,710231
JBH,20160912,29.68,29.99,28.62,28.85,875013
JBH,20160913,28.85,28.85,28.85,28.85,0
JBH,20160914,28.85,28.85,28.85,28.85,0
JBH,20160915,28.85,28.85,28.85,28.85,0
JBH,20160916,30.4,31.14,30,30,2527999
JBH,20160919,29.67,29.9,28.88,29.33,347990
JBH,20160920,29.4,29.5,29.01,29.06,1225601
JBH,20160921,29,29.69,28.99,29.69,1352584
JBH,20160922,29.22,29.3,28.56,28.88,1130262
JBH,20160923,28.5,29.43,28.25,29.31,1750320
JBH,20160926,29.3,29.91,29.13,29.2,504772
JBH,20160927,28.84,29.06,28.76,29.02,422104
JBH,20160928,29,29.84,29,29.2,665095
JBH,20160929,29.49,30,29.2,29.55,483640
JBH,20160930,29.32,29.33,28.66,28.97,761327
JBH,20161003,29.32,30.17,29,29.94,458084
JBH,20161004,30,30.38,29.76,29.82,715818
JBH,20161005,30,30.3,29.52,29.84,730538
JBH,20161006,29.59,29.83,29.26,29.44,1122127
JBH,20161007,29.5,29.62,28.5,28.95,1052137
JBH,20161010,28.89,28.99,28.25,28.33,728624
JBH,20161011,28.61,28.91,28.36,28.85,825123
JBH,20161012,28.79,28.79,28.5,28.74,617674
JBH,20161013,28.75,28.95,28.35,28.51,331453
JBH,20161014,28.63,29.23,28.61,28.99,590520
JBH,20161017,28.98,29.16,28.46,28.53,458345
JBH,20161018,28.7,29.26,28.61,28.79,883885
JBH,20161019,28.85,29.03,28.54,28.79,479566
JBH,20161020,28.79,29.225,28.69,29.08,390395
JBH,20161021,28.99,29.45,28.98,29.31,513765
JBH,20161024,29.46,29.75,29.09,29.75,844293
JBH,20161025,29.53,29.54,28.96,29.08,502870
JBH,20161026,28.69,28.83,27.51,28.01,1125351
JBH,20161027,28.15,29.41,28.13,28.26,1479195
JBH,20161028,28.14,28.59,27.9,28.04,637523
JBH,20161031,28.09,28.44,27.92,28.39,316188
JBH,20161101,28.01,28.49,27.9,28.25,334249
JBH,20161102,28.03,28.125,27.31,27.41,1172600
JBH,20161103,27.15,27.37,26.8,27.08,523937
JBH,20161104,27.2,27.44,26.6,26.72,720209
JBH,20161107,26.52,27.09,26.18,26.95,491842
JBH,20161108,26.85,27.05,26.69,26.91,498692
JBH,20161109,27,27.2,25.52,25.99,794788
JBH,20161110,26.7,26.79,26.02,26.02,545731
JBH,20161111,26.5,26.73,25.45,25.6,580558
JBH,20161114,25.78,25.95,25.41,25.64,1172224
JBH,20161115,25.65,25.91,25.16,25.82,898221
JBH,20161116,26,26.12,25.83,25.9,758645
JBH,20161117,25.67,26.06,25.56,25.99,728400
JBH,20161118,25.99,26.15,25.77,26.12,808099
JBH,20161121,26.3,26.77,26.2,26.61,811971
JBH,20161122,26.81,26.9,26.38,26.75,807191
JBH,20161123,26.55,26.71,26.47,26.62,679472
JBH,20161124,26.85,27.205,26.6,26.72,536145
JBH,20161125,26.75,26.84,26.37,26.51,533057
JBH,20161128,26.5,26.55,26.13,26.22,543418
JBH,20161129,26.11,27.06,26.11,26.8,1023469
JBH,20161130,27.13,28.03,27.13,27.68,1102247
JBH,20161201,27.75,27.75,27.06,27.61,1091383
JBH,20161202,27.61,27.93,27.03,27.1,1041138
JBH,20161205,26.7,27.02,26.14,26.41,1229784
JBH,20161206,26.53,26.58,25.86,26.57,832806
JBH,20161207,26.61,26.94,26.36,26.5,557313
JBH,20161208,26.7,26.73,26.38,26.51,676081
JBH,20161209,26.4,26.545,26.04,26.17,637062
JBH,20161212,26.25,26.68,26.16,26.21,629533
JBH,20161213,26.5,26.81,26.32,26.63,707529
JBH,20161214,27.31,27.95,26.97,27.29,940687
JBH,20161215,27,27.24,26.57,26.67,670295
JBH,20161216,26.67,27.45,26.67,27.45,608624
JBH,20161219,27.4,27.5,27.04,27.14,454415
JBH,20161220,27.18,27.57,27,27.42,549267
JBH,20161221,27.87,28.15,27.55,28.03,553004
JBH,20161222,28.15,28.15,27.69,27.83,518818
JBH,20161223,28.03,28.03,27.25,27.3,287718
JBH,20161228,27.35,27.88,27.34,27.71,306840
JBH,20161229,27.86,28.09,27.74,27.96,456610
JBH,20161230,28.14,28.14,27.75,28.04,239067
JBH,20170103,27.94,28.08,27.75,27.91,396555
JBH,20170104,27.91,28.5,27.54,28.26,684819
JBH,20170105,28.5,28.56,28.035,28.15,541820
JBH,20170106,28.3,28.48,28.08,28.33,604230
JBH,20170109,28.69,29.11,28.36,28.91,782309
JBH,20170110,28.9,29.205,28.75,28.93,848676
JBH,20170111,29.55,29.74,28.88,29.03,645475
JBH,20170112,29.34,29.34,28.94,29.04,478535
JBH,20170113,29.12,29.16,28.91,29.03,991121
JBH,20170116,29.07,29.38,29.01,29.17,338187
JBH,20170117,29.1,29.15,28.74,28.89,419634
JBH,20170118,28.89,28.89,28.56,28.85,707396
JBH,20170119,29.5,29.5,28.66,28.77,781026
JBH,20170120,28.77,28.84,28.42,28.81,536816
JBH,20170123,28.91,29.08,28.11,28.17,495593
JBH,20170124,28.16,28.39,27.92,28.38,775454
JBH,20170125,28.55,28.58,28.18,28.33,538640
JBH,20170127,28.2,28.52,27.55,27.92,917820
JBH,20170130,27.91,27.91,27.465,27.63,392943
JBH,20170131,27.41,27.69,27.34,27.65,575212
JBH,20170201,27.24,27.47,27.03,27.15,758457
JBH,20170202,27.54,27.71,27.27,27.38,496520
JBH,20170203,27.24,27.53,27.24,27.48,691267
JBH,20170206,27.68,27.68,27.16,27.3,598269
JBH,20170207,27.25,27.8,27.04,27.78,1034713
JBH,20170208,27.85,28.13,27.76,28.08,798512
JBH,20170209,28,28.05,27.43,27.75,709334
JBH,20170210,28.01,28.47,27.61,28.47,634340
JBH,20170213,30.5,30.78,29.1,29.38,2542213
JBH,20170214,29,29.15,28.32,28.5,1825679
JBH,20170215,28.4,28.65,28,28.53,1333509
JBH,20170216,28.49,28.5,28.09,28.15,1261494
JBH,20170217,28,28.015,27.73,27.79,1254338
JBH,20170220,27.6,27.68,27.26,27.27,1284609
JBH,20170221,27.67,27.84,27.43,27.66,1090502
JBH,20170222,27.72,27.88,27.22,27.33,1332030
JBH,20170223,26.38,27.2,25.98,26.69,1759637
JBH,20170224,26.8,26.98,26.32,26.32,1073233
JBH,20170227,26.24,26.57,26.16,26.25,753509
JBH,20170228,26.49,26.97,26.33,26.82,1129419
JBH,20170301,26.78,26.78,25.85,26.11,1027206
JBH,20170302,26.25,26.53,26.07,26.42,1134969
JBH,20170303,26.2,26.28,25.71,25.82,969641
JBH,20170306,25.8,26.06,25.69,26.06,666409
JBH,20170307,25.99,26.425,25.85,26.14,792329
JBH,20170308,26.3,26.3,25.72,25.74,811457
JBH,20170309,25.77,25.88,25.49,25.61,636478
JBH,20170310,25.62,25.88,25.55,25.62,488176
JBH,20170313,25.95,25.95,25.34,25.34,570594
JBH,20170314,25.45,25.57,25.1,25.15,785644
JBH,20170315,25.06,25.14,24.59,24.9,1322622
JBH,20170316,24.66,25.055,24.48,24.82,1448817
JBH,20170317,24.81,24.88,24.53,24.69,771311
JBH,20170320,24.65,24.74,23.76,23.99,1084239
JBH,20170321,24.29,24.91,23.885,23.91,1817440
JBH,20170322,23.8,23.8,23.22,23.43,2391305
JBH,20170323,23.36,24.4,23.36,24.23,1438778
JBH,20170324,24.41,24.67,24.15,24.17,877388
JBH,20170327,24,24.14,23.75,23.75,710659
JBH,20170328,23.85,24.04,23.51,23.95,1001418
JBH,20170329,24.01,25.08,24.01,24.68,1807071
JBH,20170330,25.06,25.28,24.47,24.6,1412388
JBH,20170331,24.93,24.98,24.57,24.7,570988
JBH,20170403,24.64,24.71,24.18,24.38,524269
JBH,20170404,24.37,24.41,24.08,24.18,518951
JBH,20170405,24.04,24.475,24.04,24.41,1348433
JBH,20170406,25.11,25.5,24.25,25.38,1825901
JBH,20170407,25.3,25.31,24.66,25.05,1569680
JBH,20170410,25.38,25.38,24.985,25.13,1091797
JBH,20170411,25.1,25.11,24.82,25,1003077
JBH,20170412,25.05,25.23,25,25.12,716366
JBH,20170413,25.15,25.15,24.8,25.05,821471
JBH,20170418,24.92,24.93,24.39,24.46,1175671
JBH,20170419,24.3,24.95,24.19,24.9,873815
JBH,20170420,24.75,24.88,24.46,24.46,1728631
JBH,20170421,24.31,24.61,24.02,24.25,1260924
JBH,20170424,24.21,24.47,23.78,24.38,874746
JBH,20170426,24.68,24.68,24.02,24.08,856480
JBH,20170427,24,24.59,23.9,24.53,1042086
JBH,20170428,24.38,24.7,24.32,24.69,822880
JBH,20170501,24.67,25.04,24.6,24.94,943653
JBH,20170502,24.99,25.41,24.99,25.41,986934
JBH,20170503,25.42,25.55,25.33,25.5,845066
JBH,20170504,25.5,25.8,25.33,25.62,935897
JBH,20170505,25.4,25.77,25.31,25.65,837011
JBH,20170508,25.65,25.67,24.73,25.08,1016451
JBH,20170509,24.85,24.85,23.8,23.98,2441495
JBH,20170510,24,24.48,23.42,24.31,2049716
JBH,20170511,23.55,24.33,23.51,24.03,1858105
JBH,20170512,23.79,23.93,23.58,23.86,716632
JBH,20170515,23.7,23.8,23.38,23.64,1319778
JBH,20170516,23.44,23.93,23.03,23.78,2370572
JBH,20170517,23.24,23.64,23.19,23.25,1975025
JBH,20170518,23,23,22.6,22.88,1770047
JBH,20170519,22.67,23.39,22.67,23.27,781482
JBH,20170522,23.45,23.69,23.09,23.2,798001
JBH,20170523,23.2,23.51,22.89,22.96,970896
JBH,20170524,22.87,22.99,22.67,22.76,936374
JBH,20170525,22.43,22.54,21.92,22.39,1650104
JBH,20170526,22.83,23.27,22.63,23.12,1885320
JBH,20170529,23,23.53,22.89,23.09,1218763
JBH,20170530,23.09,23.56,23.02,23.37,834209
JBH,20170531,23.15,23.3,22.81,23.12,1781917
JBH,20170601,22.85,23.35,22.8,23.2,1020719
JBH,20170602,23.42,23.69,23.16,23.27,959642
JBH,20170605,23.61,23.7,22.91,23.05,501744
JBH,20170606,22.71,22.82,22.23,22.36,1366899
JBH,20170607,22.24,22.31,21.77,21.85,1117252
JBH,20170608,21.48,21.84,21.2,21.61,1086439
JBH,20170609,21.58,22.04,21.51,21.85,963986
JBH,20170613,21.92,22.16,21.5,22,1125904
JBH,20170614,21.96,22.61,21.86,22.6,1369501
JBH,20170615,22.81,23.14,22.47,22.8,1494976
JBH,20170616,22.9,23.72,22.88,23.3,1513173
JBH,20170619,23.18,23.28,22.63,22.67,917260
JBH,20170620,22.61,23.33,22.47,23.13,841990
JBH,20170621,23.04,23.2,22.43,22.44,839302
JBH,20170622,22.54,23.01,22.34,22.87,596575
JBH,20170623,23.01,23.12,22.81,22.96,686140
JBH,20170626,23,23.38,22.91,23.24,645771
JBH,20170627,23.32,23.37,22.97,23.33,561083
JBH,20170628,23.17,23.73,23,23.73,733522
JBH,20170629,23.8,24.05,23.66,23.71,559912
JBH,20170630,23.45,23.78,23.3,23.37,496116
JBH,20170703,23.4,23.46,23.21,23.25,622683
JBH,20170704,23.41,24.56,23.41,24.48,1124131
JBH,20170705,24.48,24.94,24.39,24.7,1217190
JBH,20170706,24.79,24.98,24.515,24.6,1234209
JBH,20170707,24.1,24.32,23.93,24.02,1023872
JBH,20170710,24.2,24.92,24.11,24.71,856121
JBH,20170711,24.33,25.14,24.22,24.94,1243896
JBH,20170712,24.54,25.01,24.46,25,728572
JBH,20170713,25.13,25.72,25.01,25.66,1400905
JBH,20170714,25.75,25.87,25.27,25.66,922742
JBH,20170717,25.54,25.65,25.27,25.59,372082
JBH,20170718,25.25,25.4,24.765,24.93,1262465
JBH,20170719,24.97,25.39,24.73,25.32,617690
JBH,20170720,25.45,25.47,24.83,24.86,527563
JBH,20170721,24.78,25.27,24.53,24.91,399295
JBH,20170724,24.71,24.995,24.65,24.88,358215
JBH,20170725,25,25.46,25,25.29,509099
JBH,20170726,25.32,25.59,25.32,25.46,312863
JBH,20170727,25.41,25.96,25.41,25.67,516045
JBH,20170728,25.52,25.67,25.33,25.53,553470
JBH,20170731,25.55,26.4,25.54,26.01,809406
JBH,20170801,26.02,26.365,25.78,26.21,630968
JBH,20170802,26.3,26.47,26.16,26.29,458335
JBH,20170803,26.06,26.63,26.06,26.43,721828
JBH,20170804,26.3,26.6,26.09,26.17,576806
JBH,20170807,26.21,26.29,25.9,25.9,583816
JBH,20170808,25.9,26.09,25.52,25.55,669866
JBH,20170809,25.6,26.01,25.55,25.81,638262
JBH,20170810,25.6,25.8,24.42,25.51,1148836
JBH,20170811,24.77,25.56,24.6,25.37,873224
JBH,20170815,24.43,24.67,24.01,24.3,1459332
JBH,20170816,24.02,25.125,23.87,25.02,1942717
JBH,20170817,24.93,25.855,24.93,25.5,930037
JBH,20170818,25.05,25.73,24.9,25.62,557774
JBH,20170821,25.36,25.64,25.17,25.53,505763
JBH,20170822,25.52,25.87,25.36,25.7,561878
JBH,20170823,25.7,25.72,25.04,25.4,1120810
JBH,20170824,24.8,25.21,24.65,24.83,855841
JBH,20170825,24.68,24.95,24.57,24.57,498346
JBH,20170828,24.39,24.54,24.15,24.16,554465
JBH,20170829,23.84,23.86,23.36,23.56,701117
JBH,20170830,23.42,23.86,23.42,23.65,563705
JBH,20170831,23.66,23.66,23.1,23.13,798830
JBH,20170901,23.05,23.09,22.6,22.8,660895
JBH,20170904,22.7,22.91,22.505,22.86,823483
JBH,20170905,22.86,23.18,22.64,23.16,1000240
JBH,20170906,22.96,23.185,22.64,22.95,632242
JBH,20170907,23.1,23.4,22.85,23.3,901228
JBH,20170908,23.3,23.455,22.62,22.65,1117756
JBH,20170911,22.84,23.32,22.73,23.07,479175
JBH,20170912,23.14,23.25,22.81,23,312716
JBH,20170913,23,23.16,22.81,22.91,466805
JBH,20170914,22.8,22.88,22.45,22.62,538991
JBH,20170915,22.5,22.935,22.5,22.85,604608
JBH,20170918,22.77,23.16,22.73,22.9,514728
JBH,20170919,23,23.15,22.87,23.03,546107
JBH,20170920,23.03,23.57,23.03,23.55,755962
JBH,20170921,23.2,23.24,22.61,22.84,681073
JBH,20170922,22.84,22.94,22.47,22.67,397946
JBH,20170925,22.75,23.2,22.74,23.06,479605
JBH,20170926,23.01,23.01,22.42,22.86,777000
JBH,20170927,22.73,22.845,22.425,22.49,413737
JBH,20170928,22.44,22.72,22.44,22.68,463366
JBH,20170929,22.55,23.11,22.5,22.92,548367
JBH,20171002,22.92,23.16,22.74,22.86,326439
JBH,20171003,22.78,23.13,22.78,23.12,406537
JBH,20171004,23,23.1,22.85,22.98,1054670
JBH,20171005,22.94,23.02,22.45,22.81,961564
JBH,20171006,23,23,22.46,22.61,665859
JBH,20171009,22.7,23.12,22.66,23,547073
JBH,20171010,22.77,23.22,22.75,23.03,414540
JBH,20171011,23.04,23.565,23.04,23.28,580000
JBH,20171012,23.28,23.58,23.15,23.28,380313
JBH,20171013,23.23,23.65,23.23,23.46,348547
JBH,20171016,23.46,23.9,23.42,23.65,398572
JBH,20171017,23.68,24.01,23.65,24.01,603778
JBH,20171018,24,24.05,23.31,23.35,453969
JBH,20171019,23.35,23.93,23.22,23.85,738898
JBH,20171020,23.83,24.19,23.76,23.86,412501
JBH,20171023,23.96,24.15,23.71,23.88,539668
JBH,20171024,23.88,24.03,23.13,24.03,454672
JBH,20171025,23.96,23.96,23.45,23.53,577873
JBH,20171026,23.41,23.63,22.69,23.53,1163724
JBH,20171027,23.41,23.5,22.69,23.04,482399
JBH,20171030,23.09,23.09,22.86,22.94,404147
JBH,20171031,22.88,22.97,22.73,22.9,380708
JBH,20171101,22.87,22.96,22.32,22.6,948064
JBH,20171102,22.7,22.77,22.275,22.35,654744
JBH,20171103,22.33,22.75,22.19,22.3,668263
JBH,20171106,22.35,22.54,22.19,22.39,489343
JBH,20171107,22.63,23.13,22.48,22.55,530622
JBH,20171108,22.5,22.64,22.28,22.51,319767
JBH,20171109,22.57,22.91,22.56,22.81,946366
JBH,20171110,22.57,22.91,22.56,22.81,946366
JBH,20171113,23.34,23.47,23.01,23.3,485414
JBH,20171114,23.22,23.27,22.495,22.7,934953
JBH,20171115,22.67,22.68,22.25,22.49,977172
JBH,20171116,22.42,22.89,22.27,22.66,594709
JBH,20171117,22.86,22.88,22.34,22.58,697071
JBH,20171120,22.4,22.4,21.82,21.89,1114819
JBH,20171121,21.92,22.05,21.79,21.89,1142149
JBH,20171122,21.86,22.41,21.79,22.31,630315
JBH,20171123,22.34,22.42,22.11,22.2,572199
JBH,20171124,22.4,22.51,21.64,22.46,756453
JBH,20171127,22.48,22.6,22.06,22.28,584441
JBH,20171128,22.28,22.7,22.25,22.57,524641
JBH,20171129,22.6,23.49,22.51,23.43,953219
JBH,20171130,23.49,24.25,23.45,23.61,878952
JBH,20171201,23.58,24.05,23.58,23.76,743207
JBH,20171204,23.78,24.19,23.78,24.1,576251
JBH,20171205,23.99,25.73,23.92,25.73,2297976
JBH,20171206,25.73,26.15,25.02,25.35,1417114
JBH,20171207,25.15,25.305,24.94,25.25,729840
JBH,20171208,25.03,25.54,24.51,25.32,806688
JBH,20171211,25.13,25.65,25.1,25.35,1138209
JBH,20171212,25.29,25.6,24.55,24.74,1511012
JBH,20171213,24.58,25,24.52,24.96,1234531
JBH,20171214,25.05,25.24,24.67,25.1,1086899
JBH,20171215,24.99,25.25,24.38,24.38,1520249
JBH,20171218,24.61,25.19,24.61,25,900717
JBH,20171219,25,25.11,24.665,24.93,477619
JBH,20171220,24.62,24.93,24.45,24.79,477692
JBH,20171221,24.47,24.95,24.46,24.79,765112
JBH,20171222,24.79,24.89,24.71,24.8,397150
JBH,20171227,24.8,25.43,24.8,25.19,298524
JBH,20171228,25.19,25.31,25.04,25.08,225377
JBH,20171229,25.08,25.1,24.82,24.94,435191
JBH,20180102,24.86,25.2,24.6,24.81,356102
JBH,20180103,24.79,25.38,24.71,25.38,490617
JBH,20180104,25.4,25.61,25.29,25.55,485660
JBH,20180105,25.66,26.08,25.66,26.06,791208
JBH,20180108,26.1,26.73,26.1,26.61,973363
JBH,20180109,26.81,27.37,26.44,27.35,960200
JBH,20180110,27.33,27.33,26.53,26.8,882782
JBH,20180111,28.1,28.65,27.8,27.99,1764878
JBH,20180112,27.97,28.63,27.91,28.36,983375
JBH,20180115,28.36,28.47,28.1,28.18,731709
JBH,20180116,28.03,28.57,28.02,28.51,335764
JBH,20180117,28.4,28.55,27.96,28,659841
JBH,20180118,27.7,27.79,27.42,27.56,726034
JBH,20180119,27.49,28.06,27.49,27.89,280813
JBH,20180122,28,28.2,27.7,27.83,291425
JBH,20180123,28.08,28.8,28.08,28.51,831455
JBH,20180124,28.15,28.53,27.89,28.03,846879
JBH,20180125,28,28.55,27.96,28.4,387114
JBH,20180129,28.85,29.21,28.68,28.82,533328
JBH,20180130,28.66,28.91,28.61,28.79,472761
JBH,20180131,28.51,29.31,28.41,29.23,647670
JBH,20180201,29.25,29.47,28.9,29.03,427621
JBH,20180202,28.88,28.95,28.29,28.39,591537
JBH,20180205,28.29,28.4,27.86,27.87,463063
JBH,20180207,27.45,27.86,27.06,27.35,812489
JBH,20180208,27.04,28.17,27.04,27.98,421095
JBH,20180209,27.25,28.24,27.09,28.11,497227
JBH,20180212,26.76,27,25.6,25.86,2925679
JBH,20180213,26,26.55,25.72,26.42,1010217
JBH,20180214,26.2,26.84,26.01,26.77,790273
JBH,20180215,26.96,27.23,26.7,26.92,848883
JBH,20180216,27.04,27.08,26.72,26.78,472964
JBH,20180219,26.99,27.78,26.69,27.7,463115
JBH,20180220,27.45,27.65,27.12,27.57,336148
JBH,20180221,27.72,27.74,27.4,27.66,664528
JBH,20180222,26.6,26.9,26.52,26.72,765826
JBH,20180223,26.74,27.04,26.64,26.92,546747
JBH,20180226,27.03,27.51,27.03,27.22,378465
JBH,20180227,27.18,27.52,26.54,26.7,794118
JBH,20180228,26.4,26.55,25.47,25.95,886076
JBH,20180301,25.77,26.12,25.36,26.11,687169
JBH,20180302,25.93,26.28,25.71,25.98,611931
JBH,20180305,25.82,26.2,25.82,25.9,330849
JBH,20180306,26.19,26.46,25.96,26.38,521480
JBH,20180307,26.16,26.42,26.07,26.07,411383
JBH,20180308,26.3,26.63,26.3,26.43,354679
JBH,20180309,26.44,26.555,26.17,26.28,413015
JBH,20180312,26.36,26.36,25.73,25.99,356498
JBH,20180313,25.85,25.92,25.66,25.77,673966
JBH,20180314,25.67,26.13,25.65,25.85,814586
JBH,20180315,26.1,26.2,25.77,25.85,684818
JBH,20180316,25.79,26.26,25.77,26.2,656736
JBH,20180319,26.23,26.39,25.93,26.21,227644
JBH,20180320,26.02,26.19,25.93,26.06,314277
JBH,20180321,26.26,26.41,26.08,26.4,360396
JBH,20180322,26.39,26.4,25.95,26.22,464625
JBH,20180323,25.95,25.99,25.19,25.59,853380
JBH,20180326,25.27,25.88,25.16,25.76,353334
JBH,20180327,25.85,26.01,25.7,25.91,458759
JBH,20180328,25.7,25.95,25.65,25.8,277108
JBH,20180329,25.74,26.28,25.65,25.81,745634
JBH,20180403,25.25,25.56,25.21,25.3,445218
JBH,20180404,25.19,25.8,25.18,25.8,531805
JBH,20180405,26.26,26.69,25.76,25.99,667281
JBH,20180406,25.88,26.21,25.81,26.07,317714
JBH,20180409,26.11,26.3,25.94,26.2,303991
JBH,20180410,26,26.22,25.96,26.15,340321
JBH,20180411,26.04,26.37,25.96,26,311337
JBH,20180412,25.8,25.98,25.56,25.8,455801
JBH,20180413,25.8,25.99,25.73,25.77,297804
JBH,20180416,25.75,25.85,25.64,25.77,233322
JBH,20180417,25.66,25.79,25.31,25.37,391745
JBH,20180418,25.49,26.125,25.4,25.94,413184
JBH,20180419,26.06,26.1,25.77,25.9,492236
JBH,20180420,25.7,25.8,25.24,25.33,330364
JBH,20180423,25.33,25.53,24.95,25.25,850214
JBH,20180424,25.3,25.63,25.14,25.44,685904
JBH,20180426,25.47,25.8,25.39,25.63,862682
JBH,20180427,25.81,25.84,25.47,25.53,421772
JBH,20180430,25.6,25.84,25.38,25.7,450673
JBH,20180501,25.66,25.7,25.46,25.57,573685
JBH,20180502,23.48,23.89,23.06,23.28,2597853
JBH,20180503,23.24,23.88,22.99,23.65,1334453
JBH,20180504,23.7,23.7,23.5,23.52,370566
JBH,20180507,23.56,23.74,23.29,23.29,594539
JBH,20180508,23.2,23.35,22.92,22.99,752520
JBH,20180509,22.79,22.87,22.19,22.71,980816
JBH,20180510,22.62,22.7,22.14,22.29,1006437
JBH,20180511,22.38,22.54,21.99,22.05,667633
JBH,20180514,22.11,22.29,22.06,22.23,827408
JBH,20180515,22.22,22.65,22.16,22.36,573803
JBH,20180516,22.44,23.34,22.435,23.3,854965
JBH,20180517,23.35,23.44,23.06,23.4,573116
JBH,20180518,23.5,23.54,23.15,23.51,458988
JBH,20180521,23.31,23.53,23.21,23.27,523833
JBH,20180522,23.26,23.76,23.21,23.56,453511
JBH,20180523,23.59,23.93,23.5,23.86,666266
JBH,20180524,23.58,23.61,23.26,23.48,806809
JBH,20180525,23.32,23.85,23.32,23.69,467260
JBH,20180528,23.68,23.92,23.6,23.76,220070
JBH,20180529,23.6,23.83,23.27,23.39,573277
JBH,20180530,23.23,23.63,23.14,23.44,429017
JBH,20180531,23.46,24.02,23.4,23.99,806896
JBH,20180601,23.99,24.3,23.84,24.18,535210
JBH,20180604,24,24.04,23.07,23.39,498887
JBH,20180605,23.16,23.6,22.91,23.45,486033
JBH,20180606,23.51,23.88,23.415,23.6,435517
JBH,20180607,23.25,23.62,23.25,23.41,403642
JBH,20180608,23.09,23.87,23.09,23.43,319035
JBH,20180612,23.43,23.62,23.27,23.42,491856
JBH,20180613,23.24,23.59,22.95,22.98,515028
JBH,20180614,22.89,23,22.54,22.82,450623
JBH,20180615,22.92,23.02,22.58,22.71,653931
JBH,20180618,22.72,22.94,22.59,22.89,523354
JBH,20180619,22.9,23.02,22.57,22.8,949795
JBH,20180620,22.67,22.75,22.31,22.7,1760025
JBH,20180621,22.9,23.28,22.86,22.9,1320065
JBH,20180622,22.99,23.41,22.85,23.33,958299
JBH,20180625,23.2,23.39,22.945,23.08,352690
JBH,20180626,22.92,23.08,22.78,22.9,378985
JBH,20180627,22.9,23.14,22.5,22.72,1057650
JBH,20180628,22.64,23.04,22.54,22.65,922581
JBH,20180629,22.66,22.96,22.52,22.52,822657
JBH,20180702,22.63,22.76,22.4,22.42,613552
JBH,20180703,22.44,22.77,22.31,22.74,1034766
JBH,20180704,22.8,22.89,22.35,22.41,1028020
JBH,20180705,22.58,22.71,22.48,22.6,466107
JBH,20180706,22.65,22.69,22.48,22.6,403833
JBH,20180710,22.69,22.94,22.52,22.78,715164
JBH,20180711,22.75,22.89,22.49,22.62,353128
JBH,20180712,22.75,23.56,22.64,23.41,786514
JBH,20180713,23.41,23.52,23.125,23.29,370880
JBH,20180716,23.29,23.79,23.29,23.53,424655
JBH,20180717,23.6,23.8,23.305,23.42,477329
JBH,20180718,23.33,23.8,23.33,23.65,452349
JBH,20180719,23.84,24.11,23.5,23.79,747098
JBH,20180720,23.88,23.9,23.52,23.7,412288
JBH,20180723,23.5,23.6,23.31,23.37,358450
JBH,20180724,23.37,23.76,23.37,23.64,315068
JBH,20180725,23.85,23.87,23.47,23.58,314023
JBH,20180726,23.58,23.83,23.4,23.8,351421
JBH,20180727,23.95,24.4,23.79,23.98,413833
JBH,20180730,23.8,23.96,23.58,23.84,251929
JBH,20180731,23.65,23.98,23.57,23.85,442498
JBH,20180801,23.66,23.88,23.43,23.76,451168
JBH,20180802,23.68,23.83,22.58,22.66,908891
JBH,20180803,22.83,22.99,22.52,22.74,666444
JBH,20180806,22.8,22.95,22.57,22.71,271051
JBH,20180807,22.68,22.79,22.15,22.2,605395
JBH,20180808,22.09,22.47,21.99,22.37,590627
JBH,20180809,22.49,22.97,22.36,22.78,544146
JBH,20180810,22.99,23.74,22.99,23.47,659730
JBH,20180813,24.66,24.8,23.28,23.38,1117192
JBH,20180814,23.69,24.79,23.47,24.73,1576612
JBH,20180816,25.89,26.38,25.6,26.19,2237165
JBH,20180817,26.09,26.2,25.78,26.04,641054
JBH,20180820,26.1,26.46,25.88,26.21,763187
JBH,20180821,26.26,26.39,25.74,26,887831
JBH,20180822,25.5,26.2,25.5,26,891068
JBH,20180823,25.46,25.67,25.24,25.59,1031476
JBH,20180824,25.6,25.93,25.53,25.6,869603
JBH,20180827,25.51,25.76,25.39,25.47,516149
JBH,20180828,25.4,25.8,25.21,25.29,541704
JBH,20180829,25.31,25.74,25.29,25.58,950404
JBH,20180830,25.69,26.28,25.69,26.06,936116
JBH,20180831,25.8,26.45,25.8,26.4,958879
JBH,20180903,26.15,26.4,25.48,25.86,851280
JBH,20180904,25.5,25.92,25.4,25.87,501885
JBH,20180905,25.95,26.37,25.75,25.87,840773
JBH,20180906,25.55,25.79,25.17,25.28,399371
JBH,20180907,25,25.12,24.8,25,596025
JBH,20180910,24.58,25.07,24.54,24.92,534952
JBH,20180913,25.03,25.19,24.62,24.7,777771
JBH,20180914,24.75,24.97,24.595,24.85,355293
JBH,20180917,24.85,25.33,24.77,25.18,365303
JBH,20180918,25,25.27,24.57,24.7,555907
JBH,20180919,24.62,25.25,24.62,24.95,521201
JBH,20180920,24.64,24.93,24.54,24.9,801624
JBH,20180921,24.65,25.4,24.65,25.02,462187
JBH,20180924,24.8,25.22,24.8,24.95,301380
JBH,20180925,24.9,25.4,24.9,25.12,348521
JBH,20180926,25.12,25.89,25.12,25.25,523560
JBH,20180927,25.48,25.71,25.23,25.34,611426
JBH,20180928,25.32,25.61,25.1,25.19,399193
JBH,20181001,24.84,25.19,24.84,25,181231
JBH,20181002,24.81,25.22,24.24,24.33,378787
JBH,20181003,24.1,24.68,24.1,24.58,668642
JBH,20181004,24.34,24.74,24.32,24.41,296330
JBH,20181005,24.21,24.68,24.21,24.48,435933
JBH,20181008,24.33,24.58,24.06,24.16,302779
JBH,20181009,24.39,24.79,24.06,24.45,310329
JBH,20181010,24.2,25.15,24.2,25.05,378545
JBH,20181011,24.48,25.07,24.4,24.56,469706
JBH,20181012,24.04,24.69,23.92,24.65,526050
JBH,20181015,24.04,24.62,24.03,24.52,191979
JBH,20181016,24.31,25.11,24.31,25,246762
JBH,20181017,24.95,25.27,24.88,25.11,576574
JBH,20181018,25.15,25.3,24.84,24.96,375748
JBH,20181019,24.8,24.85,24.32,24.61,292536
JBH,20181022,24.32,25.19,24.32,24.61,407719
JBH,20181023,24.3,25.085,24.2,24.59,591359
JBH,20181024,24.68,25.13,23.3,23.57,1082291
JBH,20181025,23,23.99,22.52,22.88,1102225
JBH,20181026,23.12,23.12,22.09,22.54,706386
JBH,20181030,22.47,23.37,22.37,23.27,646917
JBH,20181031,23.32,23.59,22.85,23,603408
JBH,20181101,23,23.15,22.82,23.07,555693
JBH,20181102,22.73,23.32,22.71,23.25,345584
JBH,20181105,23,23.54,23,23.3,590345
JBH,20181106,23.1,23.58,23.1,23.38,784645
JBH,20181107,23.3,23.63,23.03,23.58,816247
JBH,20181108,23.67,23.75,23.33,23.5,627966
JBH,20181109,23.51,23.78,23.37,23.76,384035
JBH,20181112,23.5,24.13,23.5,24.05,365924
JBH,20181113,23.76,23.99,23.58,23.87,541376
JBH,20181114,23.86,24.32,23.56,23.69,479371
JBH,20181115,24.21,24.48,23.715,23.94,722003
JBH,20181116,23.84,24.26,23.62,23.62,527981
JBH,20181119,23.6,23.68,23.125,23.24,587511
JBH,20181120,23.5,23.55,22.32,22.56,738842
JBH,20181121,22.37,22.65,22.055,22.48,548736
JBH,20181122,22.5,23.27,22.37,23.23,420687
JBH,20181123,23.23,23.6,23.05,23.38,304311
JBH,20181126,23.05,23.81,23.05,23.59,1192980
JBH,20181127,23.81,23.98,23.29,23.54,393777
JBH,20181128,23.55,23.55,22.89,23.15,604768
JBH,20181129,23,23.6,23,23.38,848928
JBH,20181130,23.19,23.42,22.99,23.17,987693
JBH,20181203,23.5,23.6,23.19,23.4,566140
JBH,20181204,23.2,23.41,22.8,22.86,551267
JBH,20181205,22.54,22.76,22.39,22.62,374115
JBH,20181206,22.65,22.91,22.43,22.59,507762
JBH,20181207,22.46,22.95,22.46,22.92,301193
JBH,20181210,22.59,22.72,21.97,22.17,558396
JBH,20181211,22.35,22.35,21.53,21.8,884778
JBH,20181212,21.77,22.78,21.75,22.59,960312
JBH,20181213,22.48,22.92,22.48,22.75,592573
JBH,20181214,22.41,22.66,22.12,22.3,695358
JBH,20181217,22.11,22.87,22.11,22.71,381992
JBH,20181218,22.25,22.64,21.95,21.95,1044783
JBH,20181219,21.88,22.31,21.75,22.1,794977
JBH,20181220,22.15,22.78,21.97,22.47,977141
JBH,20181221,22.71,22.78,21.91,21.96,1066983
JBH,20181224,21.9,21.91,21.56,21.8,235001
JBH,20181227,22.2,22.3,21.875,22.15,235288
JBH,20181228,22.35,24.49,22.08,22.25,373070
JBH,20181231,22.46,22.57,22.11,22.14,235470
JBH,20190102,22.05,22.14,21.57,21.6,312514
JBH,20190103,21.5,21.59,20.61,20.68,1074964
JBH,20190104,20.67,20.8,20.3,20.42,682661
JBH,20190107,20.47,21.365,20.47,21.06,821817
JBH,20190108,21.06,21.665,20.96,21.41,607371
JBH,20190109,21.41,21.48,20.76,20.98,1050644
JBH,20190110,21.12,21.47,20.9,21.04,1478918
JBH,20190111,20.99,21.95,20.99,21.58,729423
JBH,20190114,21.38,21.49,21.12,21.26,489766
JBH,20190115,21.19,21.33,20.94,21.08,592121
JBH,20190116,20.98,21.3,20.6,21.06,915307
JBH,20190117,21.32,21.32,20.95,21.12,307867
JBH,20190118,21.2,21.715,21.15,21.6,338382
JBH,20190121,21.62,21.87,21.59,21.66,236360
JBH,20190122,21.65,22.19,21.65,21.93,548643
JBH,20190123,21.88,22.29,21.71,22.21,625749
JBH,20190124,22.36,22.8,22.11,22.28,356885
JBH,20190125,22.5,23.3,22.21,23,454535
JBH,20190129,22.68,22.87,22.06,22.29,546647
JBH,20190130,22.5,22.63,22.18,22.38,484663
JBH,20190131,22.62,22.62,21.98,22.37,755534
JBH,20190201,22.43,23.04,22.43,22.73,765138
JBH,20190204,23.14,23.18,22.63,22.91,268846
JBH,20190205,22.8,23.18,22.55,22.84,1070994
JBH,20190206,23.1,23.41,22.67,22.7,509612
JBH,20190207,22.35,23.12,22.35,22.82,644916
JBH,20190208,22.76,22.89,22.47,22.58,626992
JBH,20190211,23.86,24.2,22.86,22.92,2564811
JBH,20190212,23,23.65,22.65,23.11,1691869
JBH,20190213,23.24,23.48,22.72,22.98,1510938
JBH,20190214,23,23.1,22.65,22.69,1398106
JBH,20190215,22.8,23.25,22.73,23.11,624620
JBH,20190218,23.61,24.02,23.26,23.5,1040536
JBH,20190219,23.94,24.18,23.77,23.91,1205643
JBH,20190220,23.95,23.99,23.31,23.38,957642
JBH,20190221,22.51,22.72,22.02,22.33,750728
JBH,20190222,22.36,22.68,22.33,22.45,1146827
JBH,20190225,22.54,22.61,21.72,21.74,818461
JBH,20190226,21.72,22,21.3,21.44,1426804
JBH,20190227,21.46,21.61,21.24,21.4,750439
JBH,20190228,21.63,21.94,21.46,21.7,1980262
JBH,20190301,21.88,22.29,21.72,22.24,739668
JBH,20190304,22.46,22.52,22.2,22.29,523922
JBH,20190305,22.23,22.42,21.99,22.3,845545
JBH,20190306,22.32,22.86,22.26,22.86,693820
JBH,20190307,23,23.62,22.91,23.62,2146814
JBH,20190308,23.63,24.32,23.33,23.92,4303263
JBH,20190311,23.91,24.05,23.68,23.97,722437
JBH,20190312,24.2,24.22,23.64,23.77,998286
JBH,20190313,23.5,24.02,23.21,23.94,776985
JBH,20190314,23.89,24.13,23.58,24.09,970559
JBH,20190315,24,24.2,23.82,24.1,2123599
JBH,20190318,24,24.08,23.77,23.98,758834
JBH,20190319,24.01,24.14,23.79,23.84,292184
JBH,20190320,23.89,24.11,23.67,23.98,589506
JBH,20190321,23.98,24,23.79,23.95,484788
JBH,20190322,23.95,24.15,23.885,24.04,494593
JBH,20190325,23.96,23.98,23.62,23.69,355824
JBH,20190326,23.65,23.85,23.58,23.81,315382
JBH,20190327,23.6,23.9,23.6,23.89,316646
JBH,20190328,23.7,24.5,23.68,24.37,1253820
JBH,20190329,24.44,25.11,24.33,24.95,1329996
JBH,20190401,24.91,25.44,24.66,25.2,623313
JBH,20190402,25.2,25.29,24.84,24.97,775110
JBH,20190403,23.8,24.63,23.62,24.4,912824
JBH,20190404,24.48,24.8,24.45,24.6,523935
JBH,20190405,24.28,24.67,24.25,24.5,210489
JBH,20190408,24.45,24.8,24.45,24.69,148980
JBH,20190409,24.61,24.87,24.34,24.47,259564
JBH,20190410,24.2,24.71,24.17,24.64,443405
JBH,20190411,24.88,24.92,24.71,24.92,258833
JBH,20190412,24.9,25.22,24.86,25.08,784857
JBH,20190415,25,25.07,24.71,24.99,170695
JBH,20190416,24.71,25.29,24.71,25.29,271317
JBH,20190417,25.43,25.57,25.295,25.5,336285
JBH,20190418,25.53,25.7,25.42,25.67,272593
JBH,20190423,25.73,26.13,25.7,26.12,335276
JBH,20190424,26.27,26.6,26.22,26.45,501916
JBH,20190426,25.93,25.98,25.43,25.6,693424
JBH,20190429,25.51,25.98,25.51,25.87,318151
JBH,20190430,25.64,26.09,25.44,25.77,727939
JBH,20190501,25.81,26,25.1,25.28,542085
JBH,20190502,25.36,25.56,25.1,25.31,300552
JBH,20190503,25.21,25.61,25.19,25.35,334083
JBH,20190506,25.12,25.31,25.07,25.25,330971
JBH,20190507,25.17,25.56,25.16,25.26,272073
JBH,20190508,24.9,25.4,24.65,25.27,398802
JBH,20190509,25.02,25.48,25.02,25.44,245752
JBH,20190510,25.47,25.64,25.32,25.44,203780
JBH,20190513,25.41,25.475,25.19,25.4,216617
JBH,20190514,24.99,25.22,24.92,25.09,290348
JBH,20190515,25.13,25.4,25.1,25.29,316667
JBH,20190516,25.25,25.48,25.22,25.47,343372
JBH,20190517,25.74,25.95,25.56,25.58,230243
JBH,20190520,26,27.135,25.83,26.92,559642
JBH,20190521,26.68,26.9,26.32,26.86,346072
JBH,20190522,27.6,27.94,26.925,27.45,2008254
JBH,20190523,27.54,27.85,27.37,27.64,945814
JBH,20190524,27.55,27.85,27.27,27.81,565772
JBH,20190527,27.75,27.97,27.61,27.92,391523
JBH,20190528,27.9,28.37,27.68,28.28,782522
JBH,20190529,28.3,28.52,28.11,28.25,607194
JBH,20190530,28.02,28.18,27.76,28.17,273430
JBH,20190531,28,28.23,28,28.12,284626
JBH,20190603,28,28.29,27.76,27.82,458857
JBH,20190604,27.51,27.76,27.08,27.21,601310
JBH,20190605,27.4,27.75,27.26,27.51,747664
JBH,20190606,27.56,27.96,27.54,27.92,574990
JBH,20190607,27.57,27.81,27.41,27.72,437219
JBH,20190611,27.76,28.54,27.61,28.39,609499
JBH,20190612,28.43,28.65,27.95,28.01,575388
JBH,20190613,27.64,27.88,26.64,26.75,963874
JBH,20190614,26.9,27.125,26.56,26.58,524016
JBH,20190617,26.76,26.88,26.52,26.62,415405
JBH,20190618,26.89,26.96,26.73,26.8,659000
JBH,20190619,26.84,27.24,26.77,27.14,3182629
JBH,20190620,27.12,27.17,26.64,26.64,920030
JBH,20190621,26.7,26.85,25.95,25.95,848902
JBH,20190624,25.84,26.03,25.635,25.78,690795
JBH,20190625,25.53,26.05,25.51,25.89,624789
JBH,20190626,26.06,26.32,25.85,26.05,650710
JBH,20190627,25.99,26.2,25.6,25.75,569704
JBH,20190628,25.98,26.19,25.84,25.85,608239
JBH,20190701,25.63,25.83,25.57,25.66,709216
JBH,20190702,25.84,26.32,25.81,26.25,814640
JBH,20190703,26.08,26.57,25.87,26.25,1091761
JBH,20190704,26.46,26.7,26.24,26.34,436837
JBH,20190705,26.5,27.06,26.42,27.01,425448
JBH,20190708,27.19,27.25,26.74,26.88,405504
JBH,20190709,26.85,27.42,26.8,27.41,482721
JBH,20190710,27.5,27.97,27.46,27.81,702658
JBH,20190711,27.72,28.34,27.55,28.27,1173356
JBH,20190712,28,28.48,27.95,28.44,1572342
JBH,20190715,28.5,29.02,28.44,28.78,480135
JBH,20190716,28.5,29,28.5,28.97,338149
JBH,20190717,28.8,28.99,28.51,28.91,463487
JBH,20190718,28.95,29.31,28.915,29.13,864581
JBH,20190719,28.91,29.34,28.81,29.3,415582
JBH,20190722,29.46,29.745,29.28,29.62,2315296
JBH,20190723,29.65,29.85,29.46,29.77,1163184
JBH,20190724,29.97,30.07,29.63,30.05,506232
JBH,20190725,30.07,30.51,29.87,29.92,2406791
JBH,20190726,29.6,30.86,29.6,30.35,1081013
JBH,20190729,30.36,30.4,29.77,29.96,478598
JBH,20190730,30.19,30.58,30.06,30.44,547904
JBH,20190731,30.09,30.6,29.78,30.09,911076
JBH,20190801,30.19,30.36,29.78,30.3,583442
JBH,20190802,30.16,30.3,29.18,29.24,836280
JBH,20190805,29.3,29.48,28.43,28.5,600358
JBH,20190806,27.72,28.18,27.41,27.57,1024592
JBH,20190807,27.57,27.95,27.5,27.69,420975
JBH,20190808,27.48,28.005,27.4,27.89,651484
JBH,20190809,27.91,28.29,27.775,27.96,519019
JBH,20190812,31,31.6,29.34,30.75,1789639
JBH,20190813,30.92,31.18,29.85,30.99,1669336
JBH,20190814,31,31.27,30.66,31.2,1011896
JBH,20190815,30.58,31.2,30.42,30.97,884875
JBH,20190816,31.17,31.2,30.59,31.05,979418
JBH,20190819,31.47,32.06,31.24,32.06,844673
JBH,20190820,33.05,33.24,32.31,32.85,1083411
JBH,20190821,32.9,33.21,32.42,32.95,804126
JBH,20190822,32.02,32.37,31.67,31.92,882896
JBH,20190823,32.04,32.3,31.48,31.61,512254
JBH,20190826,31.05,31.79,30.83,31.72,770949
JBH,20190827,31.85,32.19,31.59,31.82,399036
JBH,20190828,31.82,32.12,31.7,31.93,794997
JBH,20190829,31.98,32.52,31.84,32.47,598752
JBH,20190830,32.62,33.29,32.5,32.9,1198527
JBH,20190902,32.65,32.8,32.38,32.68,468961
JBH,20190903,32.35,32.53,32.19,32.41,301613
JBH,20190904,32.2,32.98,32.08,32.77,423161
JBH,20190905,32.72,33.26,32.64,33.15,414257
JBH,20190906,33.26,33.46,33.1,33.14,308894
JBH,20190909,32.97,33.81,32.96,33.73,404757
JBH,20190910,33.69,33.735,33.2,33.66,496841
JBH,20190911,33.41,33.81,33.28,33.72,392780
JBH,20190912,33.75,34.09,33.68,33.99,388909
JBH,20190913,34.06,34.45,33.95,34.24,589887
JBH,20190916,34.08,34.28,33.77,34.24,394748
JBH,20190917,33.94,34.29,33.72,33.77,582605
JBH,20190918,34.09,34.8,33.81,34.36,631057
JBH,20190919,34.61,34.72,33.89,34.34,613626
JBH,20190920,34.44,34.95,34.34,34.86,613289
JBH,20190923,34.72,34.9,34.15,34.16,556181
JBH,20190924,34.39,35,34.37,34.63,520338
JBH,20190925,34.38,34.74,33.9,33.9,547434
JBH,20190926,34.1,34.86,34.03,34.09,751607
JBH,20190927,34.66,34.8,34.21,34.5,713657
JBH,20190930,34.7,34.79,33.97,34,507984
JBH,20191001,34.43,34.5,33.9,34.37,372963
JBH,20191002,33.91,34.63,33.74,33.85,631148
JBH,20191003,33.31,33.98,33.31,33.62,1120762
JBH,20191004,33.6,34.455,33.6,34.24,522139
JBH,20191007,34.28,34.93,34.17,34.8,331701
JBH,20191008,34.83,35.445,34.68,35.31,1099703
JBH,20191009,35.27,35.595,34.76,34.76,930708
JBH,20191010,34.28,34.77,34.28,34.69,681869
JBH,20191011,34.66,35.1,34.59,34.77,545352
JBH,20191014,34.89,35.58,34.59,34.63,560715
JBH,20191015,34.34,34.59,32.74,33.06,1480274
JBH,20191016,33.11,33.59,32.92,33.5,851608
JBH,20191017,33.63,33.66,33.17,33.55,508156
JBH,20191018,33.24,33.89,33.09,33.82,553536
JBH,20191021,33.89,34.315,33.79,34.24,318719
JBH,20191022,34.08,34.66,33.85,34.55,328662
JBH,20191023,34.05,34.43,33.99,34.14,476418
JBH,20191024,36.11,37.06,35.9,36.45,1265761
JBH,20191025,36.77,37.19,36.37,37.19,639873
JBH,20191028,37.49,37.67,37.1,37.24,401902
JBH,20191029,37.51,37.73,37.29,37.36,625955
JBH,20191030,37.24,37.54,36.84,36.91,384786
JBH,20191031,37.35,37.545,37.04,37.04,454283
JBH,20191101,36.94,36.98,36.49,36.63,413683
JBH,20191104,36.65,36.9,35.63,35.83,777879
JBH,20191105,35.91,36.25,35.7,35.85,420050
JBH,20191106,35.7,36.01,35.64,35.77,432741
JBH,20191107,35.97,36.86,35.7,36.73,542287
JBH,20191108,36.99,36.99,36.345,36.59,381354
JBH,20191111,36.46,36.71,36.21,36.47,562542
JBH,20191112,36.53,36.81,36.03,36.15,427397
JBH,20191113,36.06,36.57,35.94,36.24,476892
JBH,20191114,36.42,36.65,36.24,36.48,308933
JBH,20191115,36.2,36.77,36.12,36.61,365628
JBH,20191118,36.8,37.05,36.5,36.68,209375
JBH,20191119,36.38,36.915,36.3,36.72,459452
JBH,20191120,36.5,37.08,36.37,36.6,522279
JBH,20191121,36.49,36.54,35.65,35.98,471072
JBH,20191122,35.88,36.43,35.8,36.4,287773
JBH,20191125,36.33,36.65,36.25,36.31,287346
JBH,20191126,36.34,37.08,36.34,36.81,459071
JBH,20191127,37.07,37.46,36.71,37.39,319426
JBH,20191128,37.4,37.83,37.4,37.49,359649
JBH,20191129,37.56,37.87,37.4,37.41,212178
JBH,20191202,37.98,38.19,37.19,37.25,314472
JBH,20191203,36.93,37.21,36.62,36.75,397930
JBH,20191204,36.75,37.05,36.425,36.59,503845
JBH,20191205,36.65,37.52,36.65,37.43,333572
JBH,20191206,37.88,38.31,37.52,38.08,429603
JBH,20191209,38.24,38.5,37.85,38.01,357175
JBH,20191210,38.09,38.28,37.28,37.37,462468
JBH,20191211,37.49,37.62,37.03,37.31,267090
JBH,20191212,37.53,37.53,37.02,37.16,249455
JBH,20191213,37.28,37.71,37.02,37.48,579785
JBH,20191216,38.15,38.85,37.85,38.6,414985
JBH,20191217,38.61,39.16,38.54,38.62,524588
JBH,20191218,38.87,39.18,38.56,38.71,325966
JBH,20191219,39.5,39.74,38.96,39.29,523194
JBH,20191220,39.64,39.69,39.27,39.59,490203
JBH,20191223,39.59,39.65,38.69,39.19,354178
JBH,20191224,39.45,39.82,39.23,39.82,153370
JBH,20191227,39.61,39.77,39.21,39.47,216401
JBH,20191230,39.27,39.45,39.03,39.35,169204
JBH,20191231,38.56,38.81,37.6,37.67,205405
JBH,20200102,37.67,38.32,37.6,38.16,202345
JBH,20200103,38.63,38.84,38.21,38.33,207615
JBH,20200106,38,38.75,37.67,38.54,247621
JBH,20200107,39.1,39.47,38.95,39.23,270345
JBH,20200108,39,39.23,38.3,38.5,526490
JBH,20200109,38.98,40.1,38.73,40.07,357722
JBH,20200113,40.68,40.76,40.15,40.21,280732
JBH,20200114,40.17,41.25,40.055,41.2,336337
JBH,20200115,41,41.41,40.92,40.99,453193
JBH,20200116,41.11,41.64,40.88,41.25,770107
JBH,20200117,41.51,41.6,40.8,41,374697
JBH,20200120,40.79,40.84,39.86,40.2,468345
JBH,20200121,40.49,40.59,40.19,40.35,230029
JBH,20200122,40.65,41,40.35,40.92,323919
JBH,20200123,41,41.25,40.71,40.93,239486
JBH,20200124,41.16,41.51,40.85,41.01,240121
JBH,20200128,40,40.63,39.69,40.32,322123
JBH,20200129,40.3,41.03,40.29,40.63,274561
JBH,20200130,41.3,41.3,40.48,40.79,486828
JBH,20200203,39.1,39.85,37.5,39.77,476775
JBH,20200204,40.14,41.88,40.14,41.15,486469
JBH,20200205,41.58,41.94,40.87,41.16,566573
JBH,20200210,43.01,46.09,42.13,44.71,1669899
JBH,20200211,45.01,45.65,42.01,42.95,3146704
JBH,20200212,42.3,42.92,41.82,42.57,831603
JBH,20200213,42.57,42.9,41.36,41.58,566505
JBH,20200214,41.98,41.98,41.2,41.55,547690
JBH,20200217,41.39,41.58,40.9,41.4,278669
JBH,20200218,41.38,41.46,40.95,41.21,324149
JBH,20200219,41.52,41.84,41.05,41.6,506084
JBH,20200220,40.82,41.06,39.62,39.62,585453
JBH,20200221,40.19,40.82,39.96,40.23,526991
JBH,20200224,39.11,39.3,37.73,38.29,580165
JBH,20200225,36.9,37.92,36.63,37.45,854994
JBH,20200226,36.95,37.4,36.43,36.7,855676
JBH,20200227,36.55,37.44,36.5,37.13,1165909
JBH,20200228,37.13,37.68,35.92,36.79,1354975
JBH,20200302,36.15,36.45,35.515,36.07,1735992
JBH,20200303,36.27,37.31,35.89,35.89,1359068
JBH,20200304,35.5,35.93,34.88,35.09,949686
JBH,20200305,35.44,35.95,34.39,34.61,977075
JBH,20200306,34.5,35.15,34.13,34.26,1296898
JBH,20200309,33,33.375,31.88,31.88,1275385
JBH,20200310,31.01,33.68,30.97,33.68,1374098
JBH,20200311,33.91,34.53,32.22,33.61,1878653
JBH,20200312,33.21,33.45,29.38,30.87,2146476
JBH,20200313,27.3,33.86,27.1,33.53,2476973
JBH,20200316,30.04,32.95,30.04,30.19,1994566
JBH,20200317,29.13,32.47,29.04,30.92,2018748
JBH,20200318,30.01,30.48,28.25,29.01,1578707
JBH,20200319,29.59,29.81,26.68,27.57,1388710
JBH,20200320,28.31,29.47,26.565,27.58,2658543
JBH,20200323,25.75,25.75,20.79,24.61,1868389
JBH,20200324,24.6,25.52,23.31,24.16,1360931
JBH,20200325,26,26.34,22.75,23.5,1351630
JBH,20200326,24.46,26.175,23.69,25.84,1268971
JBH,20200327,26.87,26.87,24,24.29,891108
JBH,20200330,24,26.85,23.56,26.85,855580
JBH,20200331,27.5,30.18,27.39,28,1811995
JBH,20200401,28.83,30.99,28.19,30.99,1312359
JBH,20200402,30,32.04,29.23,31.71,1287725
JBH,20200403,31.65,32.36,28.9,29.12,1390496
JBH,20200406,29.98,30.98,29.12,30.73,753330
JBH,20200407,32.32,32.36,29.64,30.62,989843
JBH,20200408,30.16,32.57,29.75,31.63,1143678
JBH,20200409,32.74,33.9,32.17,33.9,1092505
JBH,20200414,34,34.75,32.8,33.83,983579
JBH,20200415,33.83,34.22,33.44,33.91,1345861
JBH,20200416,33.75,33.75,31.92,32.28,1565283
JBH,20200417,33.13,33.74,32.77,33.07,873779
JBH,20200420,33.26,33.65,31.97,32.2,526196
JBH,20200421,32.2,33.05,31.82,32.11,781370
JBH,20200422,32.02,33.54,31.12,33.34,671051
JBH,20200423,33.55,33.9,32.71,33.24,714575
JBH,20200424,33.01,33.87,32.51,33.72,744983
JBH,20200427,33.88,34.6,33.5,34.48,590618
JBH,20200428,34.79,34.85,33.75,34.15,472404
JBH,20200429,34,34.82,33.26,34.82,557915
JBH,20200430,34.9,35.49,34.28,35.16,1025812
JBH,20200501,34.83,35.4,33.97,34.33,494828
JBH,20200504,33.81,34.34,33.1,33.97,613993
JBH,20200505,33.8,34.21,33.32,33.95,552553
JBH,20200506,35.82,36.6,34.57,35.1,1173325
JBH,20200507,34.69,34.92,33.56,33.99,828600
JBH,20200508,34.29,35.58,34.18,35.26,614221
JBH,20200511,35.7,36.49,35.55,36.12,369286
JBH,20200512,35.75,36.03,34.91,35.11,570642
JBH,20200513,34.4,35.22,33.87,35.03,474973
JBH,20200514,34.73,35.55,34.17,34.2,687360
JBH,20200515,34.31,34.72,34.07,34.29,315447
JBH,20200518,34.63,34.65,33.95,34.01,451461
JBH,20200519,35,35.53,34.3,35.32,691383
JBH,20200520,35.01,35.77,34.79,35.36,471027
JBH,20200521,35.46,35.94,35.1,35.64,440395
JBH,20200522,35.64,35.83,35.06,35.15,199460
JBH,20200525,35.53,36.6,35.44,36.45,432310
JBH,20200526,36.6,37.44,36.37,36.5,718796
JBH,20200527,36.39,37.84,36.13,37.5,841469
JBH,20200528,37.79,38.25,37.43,37.74,781381
JBH,20200529,37.07,37.69,36.8,37.12,528366
JBH,20200601,36.61,38.05,36.5,37.96,414715
JBH,20200602,37.98,39.1,37.54,38.81,923099
JBH,20200603,39.36,40.1,38.59,39.89,1362786
JBH,20200604,40.1,40.8,39.73,40.29,1767058
JBH,20200605,39.94,40.51,39.51,40.35,576334
JBH,20200609,40.24,40.87,39.865,40.31,1015075
JBH,20200610,40.16,42.28,40,42,884102
JBH,20200611,41.01,43.86,40.02,40.22,1658488
JBH,20200612,39,40.43,38.31,40,1095637
JBH,20200615,39.35,39.76,37.87,38.01,1160419
JBH,20200616,38.67,40.38,38.45,40.21,1094503
JBH,20200617,40.86,42.04,40.64,41.82,1032162
JBH,20200618,41.9,41.9,39.67,39.8,1138819
JBH,20200619,40.12,40.74,38.53,39.98,4140778
JBH,20200622,38.86,40.23,38.86,39.82,576954
JBH,20200623,40.29,41.64,40,41.45,875021
JBH,20200624,41.7,42.05,41.23,41.87,994427
JBH,20200625,41,42.49,40.8,41.51,844511
JBH,20200626,41.74,42.4,41.51,42.24,480973
JBH,20200629,41.61,43.5,41.5,42.91,1045465
JBH,20200630,43.74,43.84,42.75,43.03,658013
JBH,20200701,42.55,43.58,42.42,42.8,717981
JBH,20200702,43.22,43.49,42.55,42.7,635891
JBH,20200703,43.05,43.43,42.24,42.69,693230
JBH,20200706,42.7,43.61,42.7,43.09,443251
JBH,20200707,43.5,44.27,43.25,43.48,639435
JBH,20200708,42.92,43.33,42.31,42.4,558315
JBH,20200709,42.19,43.1,42.04,42.66,313339
JBH,20200710,43.1,43.42,42.19,42.4,438889
JBH,20200713,43.06,43.6,42.475,42.95,476337
JBH,20200714,42.65,43.15,42.27,42.47,419031
JBH,20200715,43.25,43.38,42.81,43.13,412928
JBH,20200716,43.01,43.57,42.2,42.57,511218
JBH,20200717,42.69,43.51,42.65,43.22,388685
JBH,20200720,43.23,43.42,42.69,42.87,263536
JBH,20200721,43.04,43.74,42.91,43.72,421503
JBH,20200722,43.72,44.13,42.91,43.21,356574
JBH,20200723,43.21,45.12,43.06,44.27,777196
JBH,20200724,43.63,44.56,43.26,44.44,371393
JBH,20200727,44.55,45.2,44.29,45,447757
JBH,20200728,45.07,45.53,44.62,44.63,344322
JBH,20200729,44.68,45.08,44.22,44.47,419342
JBH,20200730,45,46.3,44.93,45.59,407603
JBH,20200731,45.61,46.5,45.33,45.67,464082
JBH,20200803,45.21,45.47,44.5,44.62,747469
JBH,20200804,44.37,45.04,43.83,44.08,877071
JBH,20200805,44.08,45.03,43.54,44.79,533193
JBH,20200806,44.92,46.19,44.92,45.78,401853
JBH,20200807,45.8,46.12,45.52,45.66,302157
JBH,20200810,46.06,46.45,45.67,46.04,601178
JBH,20200811,45.68,46.15,45.58,45.74,240453
JBH,20200812,45.85,46.36,45.6,46.3,288165
JBH,20200813,46.7,47.54,46.23,46.4,617265
JBH,20200814,46.62,47.41,46.28,47.33,612357
JBH,20200817,47.9,51.33,47.8,49.6,1708127
JBH,20200818,49.4,49.6,47.535,48.07,1530948
JBH,20200819,48.34,50.92,48.24,50.24,1041040
JBH,20200820,49.81,51.51,49.74,51,930500
JBH,20200821,51.04,51.83,50.85,50.94,676532
JBH,20200824,51.04,52.07,51.04,51.46,819226
JBH,20200825,51.99,52.88,51.47,52.4,640564
JBH,20200826,52.47,52.78,51.95,52.27,685309
JBH,20200827,51.49,52.32,51.04,51.76,930858
JBH,20200828,51.28,52.1,50.96,51.16,1135390
JBH,20200831,51.15,51.89,50.11,50.16,824488
JBH,20200901,49.46,50.47,49.25,50.12,743334
JBH,20200902,50.68,51.81,50.51,51.1,1208247
JBH,20200903,51.44,51.74,50.69,50.83,570791
JBH,20200904,49.72,50.79,49.09,49.78,858405
JBH,20200907,49.16,49.45,48.26,48.68,552528
JBH,20200908,48.37,48.9,46.92,47.3,735554
JBH,20200909,46.09,47.29,45.93,47.08,646263
JBH,20200910,47.67,47.82,46.7,47.14,712805
JBH,20200911,46.5,47.7,46.47,46.85,726178
JBH,20200914,46.85,47.34,46.1,46.46,687761
JBH,20200915,46.7,47.75,46.6,46.76,751580
JBH,20200916,47.55,48.44,47.44,47.67,966572
JBH,20200917,47.64,47.83,46.86,47.26,612166
JBH,20200918,47.75,47.9,46.84,47.05,817995
JBH,20200921,47.6,47.93,46.81,47,779717
JBH,20200922,46.86,47.9,46.86,47.07,1086428
JBH,20200923,47.76,48.91,47.61,48.14,1154895
JBH,20200924,47.54,47.76,47.03,47.44,639947
JBH,20200925,47.6,47.93,46.93,47.59,640500
JBH,20200928,47.67,48.01,46.82,47.11,604110
JBH,20200929,47.5,47.77,47.07,47.36,784509
JBH,20200930,47.1,47.91,46.88,47.06,905650
JBH,20201001,47.5,47.59,46.47,46.49,559743
JBH,20201002,46.3,46.96,45.91,46.21,669603
JBH,20201005,47,47.47,46.53,47.24,351412
JBH,20201006,47.28,47.52,46.87,47.04,580415
JBH,20201007,47.07,48.82,46.81,48.75,774869
JBH,20201008,49.18,49.655,48.82,49.6,740280
JBH,20201009,49.56,50.19,49.34,49.69,423598
JBH,20201012,49.7,50.46,49.7,50.21,421952
JBH,20201013,50.75,51.475,50.14,51.3,371198
JBH,20201014,51.5,52.63,51.36,52.58,414935
JBH,20201015,52.67,52.79,51.69,52.03,461772
JBH,20201016,52.05,52.54,51.86,52.18,674177
JBH,20201019,52.52,52.99,52.2,52.2,333663
JBH,20201020,51.7,52.5,51.65,51.86,426501
JBH,20201021,51.52,51.81,50.78,51.03,539949
JBH,20201022,50.08,51.4,49.76,51.28,481821
JBH,20201023,50.73,51.16,50.405,50.83,237280
JBH,20201026,51.08,51.74,49.36,49.51,566035
JBH,20201027,49.08,49.51,48.68,49.41,385545
JBH,20201028,48.94,50.95,48.88,50.5,443079
JBH,20201029,49.74,49.74,46.92,47.38,924106
JBH,20201030,47.43,48.72,47.1,47.43,728067
JBH,20201102,47.53,47.94,47.19,47.8,535143
JBH,20201103,47.6,48.77,47.6,48.17,445969
JBH,20201104,48.04,48.74,47.26,48.55,527819
JBH,20201105,48.58,48.94,48.27,48.81,453145
JBH,20201106,49.31,49.55,48.47,48.75,452194
JBH,20201109,49.62,50.34,49.27,50.18,425099
JBH,20201110,49.7,49.7,46.19,46.46,999433
JBH,20201111,46.3,46.31,44.12,44.42,919355
JBH,20201112,45.3,45.5,44.5,45.46,715480
JBH,20201113,45.63,46.36,45.5,45.81,647730
JBH,20201116,46.16,46.49,46.05,46.37,38003
JBH,20201117,46.38,46.4,45.5,45.74,672661
JBH,20201118,45.5,46.13,45.24,45.57,734432
JBH,20201120,45.9,46.47,45.74,46.02,425886
JBH,20201123,46,46.01,45.38,45.5,377980
JBH,20201124,45.53,46.21,45.44,46.15,554188
JBH,20201125,46.08,46.83,45.39,45.39,464478
JBH,20201126,45.57,46.3,45.54,45.78,317786
JBH,20201127,46.06,46.49,45.97,46.04,351620
JBH,20201130,46.58,46.68,45.44,45.71,591466
JBH,20201201,45.68,46.78,45.51,46.35,393635
JBH,20201202,46.4,46.47,45.11,45.3,744515
JBH,20201203,45.3,45.84,45.23,45.59,297848
JBH,20201204,45.42,45.73,44.94,45,407430
JBH,20201207,45.05,45.11,43.78,43.97,649238
JBH,20201208,43.01,43.88,42.3,42.89,1030760
JBH,20201209,43.01,44.19,42.9,43.92,929749
JBH,20201210,43.92,44.93,43.92,44.77,569444
JBH,20201211,44.72,44.86,43.92,44.02,535542
JBH,20201214,44.89,46.41,44.89,46.16,539330
JBH,20201215,46.3,47.2,45.92,46.21,591261
JBH,20201216,46.88,47.2,46.12,46.7,537567
JBH,20201217,46.92,47.68,46.66,47.38,538229
JBH,20201218,47.43,48.18,47.36,48,799145
JBH,20201221,48.5,49.43,48.24,48.38,527420
JBH,20201222,48.8,48.96,47.61,47.68,357414
JBH,20201224,48.05,48.05,48.05,48.05,0
JBH,20201229,48.55,48.86,48.1,48.47,183492
JBH,20201230,48.25,48.85,48.09,48.85,237425
JBH,20201231,48.75,48.95,48.51,48.62,386538
JBH,20210104,48.62,49.88,48.45,49.88,273577
JBH,20210105,49.26,50.24,48.9,49.25,468903
JBH,20210106,49.04,49.38,47.8,48.27,344675
JBH,20210107,49,49.7,47.34,47.45,358842
JBH,20210108,48.33,49.92,48.21,49.82,440984
JBH,20210111,49.87,50.57,49.55,49.76,398113
JBH,20210112,50.24,51.04,50.2,50.7,519458
JBH,20210113,51.1,53.05,51.1,51.86,626308
JBH,20210114,50.61,51.68,50.02,51.24,507736
JBH,20210115,50.86,51.59,50.705,50.77,406447
JBH,20210118,54,55.25,51.93,52.7,623971
JBH,20210119,52.75,53.72,52.6,53.69,561652
JBH,20210120,53.5,53.5,51.89,52.15,351089
JBH,20210121,52.2,52.79,51.71,52,331106
JBH,20210122,51.72,52.16,50.77,51.01,537960
JBH,20210125,50.8,52.23,50.52,52.04,310401
JBH,20210127,52.98,53.7,52.1,52.47,477785
JBH,20210128,51.74,52.22,51,51.26,288415
JBH,20210129,51.8,52.87,51.44,51.77,490640
JBH,20210201,50.53,51.41,50.13,50.74,420389
JBH,20210203,52,52.39,51.75,52.04,282857
JBH,20210204,52.22,52.74,51.52,51.58,173615
JBH,20210205,52.3,52.49,51.09,51.09,260724
JBH,20210208,51.32,52.26,51.27,52.15,257630
JBH,20210209,51.68,52.33,51.08,52.05,358071
JBH,20210210,51.78,52.3,51.37,51.92,252543
JBH,20210211,51.62,51.99,50.93,51.18,246948
JBH,20210212,50.88,51.62,50.81,50.89,206630
JBH,20210215,50.9,52.52,50.87,52.44,371498
JBH,20210216,53,53.37,51.33,51.59,468420
JBH,20210217,51.58,51.9,50.35,51.06,555167
JBH,20210218,51.01,51.38,50.41,50.47,632481
JBH,20210219,50.96,51.31,49.145,49.72,679237
JBH,20210222,49.5,50.01,48.99,49.67,605400
JBH,20210223,49.25,49.25,47.62,47.91,810424
JBH,20210224,47.61,48.18,45.95,47.33,1229191
JBH,20210225,45.8,45.97,45.27,45.55,572877
JBH,20210226,44.98,44.98,43.35,43.41,813117
JBH,20210301,43.6,44.82,43.6,44.62,851277
JBH,20210302,45.11,46.21,45,45.76,679656
JBH,20210303,46,46.5,44.55,45.54,736370
JBH,20210304,45.3,46.59,45.17,46.4,543381
JBH,20210305,45.35,45.47,44.14,45.33,647352
JBH,20210308,45.5,46.75,45.5,45.98,420172
JBH,20210309,46.15,46.72,45.42,46.54,717928
JBH,20210310,47.22,47.99,47.08,47.65,633588
JBH,20210311,47.22,47.99,47.08,47.65,633588
JBH,20210312,47.2,49.88,47.2,48.67,754065
JBH,20210315,48.7,48.99,48.07,48.58,616856
JBH,20210316,48.78,49.66,48.45,49.32,948476
JBH,20210317,49.51,50.11,49.14,50.04,781925
JBH,20210318,50.96,51.6,50.42,51.1,1501407
JBH,20210319,50.91,52.58,50.55,52.01,4151974
JBH,20210322,52.01,52.2,51.05,51.84,774735
JBH,20210323,51.86,52.2,51.33,51.49,658959
JBH,20210324,51.76,52.9,51.47,52.76,607452
JBH,20210325,52.69,53.2,52.27,53.12,411067
JBH,20210329,54.09,54.29,51.89,52.04,550825
JBH,20210330,52.92,52.92,51.57,51.75,490070
JBH,20210331,52,52.5,51.65,51.78,696399
JBH,20210401,51.66,52.13,50.78,51.01,621999
JBH,20210406,51.8,52.93,51.3,52.61,502879
JBH,20210407,52.71,52.85,51.97,52.35,353020
JBH,20210408,52.51,52.8,51.79,52.23,340302
JBH,20210409,52.43,52.43,51.61,52.23,341437
JBH,20210412,52.56,52.56,51.67,52.15,323999
JBH,20210413,52.4,53.34,52.12,52.65,648057
JBH,20210414,52.79,53.19,52.155,52.75,358641
JBH,20210415,52.46,52.6,51.61,52.18,364534
JBH,20210416,52.11,52.42,51.69,51.93,274008
JBH,20210419,52.14,53.27,51.96,52.51,240807
JBH,20210420,51.93,53.46,51.54,52.98,398152
JBH,20210421,53.46,53.8,52.575,53.4,460651
JBH,20210422,53.02,53.4,51.85,52.8,423827
JBH,20210423,52.8,52.83,50.14,50.14,845367
JBH,20210426,48.91,49.34,47.33,48.11,1398665
JBH,20210427,48,48.01,47.15,47.52,677413
JBH,20210428,46.55,46.66,44.25,45.61,1321145
JBH,20210429,46.09,46.84,45.55,46.22,1250272
JBH,20210430,46.4,46.96,46.11,46.28,856425
JBH,20210503,46.08,46.42,45.56,46.23,532493
JBH,20210504,46.33,47.02,45.8,45.92,420970
JBH,20210505,45.28,46.35,45.11,45.99,325856
JBH,20210506,45.55,46.3,45.17,46.21,490871
JBH,20210507,46.51,47.52,46.51,46.83,667272
JBH,20210510,46.51,47.46,46.26,47.04,536955
JBH,20210511,46.67,46.92,45.95,46.72,637037
JBH,20210512,46.3,46.78,45.96,46.6,595086
JBH,20210513,46.06,46.6,45.85,46.39,611514
JBH,20210514,47.23,47.45,46.72,47.26,636142
JBH,20210517,47.5,48.95,47.4,48.47,690618
JBH,20210518,48.79,49.04,47.61,47.8,487815
JBH,20210519,47.31,47.94,47.22,47.59,602335
JBH,20210520,47.5,48.62,47.42,48.54,625333
JBH,20210521,48.21,48.25,47.1,47.45,533718
JBH,20210524,47.45,48,46.86,47.89,294935
JBH,20210525,47.27,48.25,47.15,48.22,493012
JBH,20210526,48.26,48.8,47.74,48.21,318057
JBH,20210527,48.15,48.43,47.71,48.07,697853
JBH,20210528,48.58,48.61,47.96,48.17,292664
JBH,20210531,48.4,48.91,48.255,48.55,247524
JBH,20210601,48.5,48.64,47.81,48.13,291572
JBH,20210602,47.82,48.31,47.53,48.11,332023
JBH,20210603,48.16,48.89,47.85,48.09,497962
JBH,20210604,48,48.42,47.37,48.41,445510
JBH,20210607,48.8,49.43,48.32,48.33,286535
JBH,20210609,47.98,48.55,47.42,47.48,421561
JBH,20210610,47.33,48.44,47.13,48.17,356362
JBH,20210611,48.29,48.32,47.455,47.61,398467
JBH,20210615,47.7,48.49,47.1,47.99,524512
JBH,20210616,48,48.26,47.72,47.95,287846
JBH,20210617,47.8,48.13,47.56,47.63,457034
JBH,20210618,47.99,49.04,47.81,48.67,651087
JBH,20210621,48.29,48.66,47.83,48.45,352130
JBH,20210622,49,49.28,47.51,47.68,695637
JBH,20210623,47.7,48.33,47.61,47.71,579805
JBH,20210625,48.56,49.18,48.3,49.06,366516
JBH,20210628,49.06,49.99,48.52,49.68,532905
JBH,20210629,49.75,50.14,49.5,49.94,465522
JBH,20210630,50,50.66,49.56,50.58,725965
JBH,20210701,50.8,51.26,49.85,50.1,671399
JBH,20210705,50.29,50.68,50.07,50.12,274524
JBH,20210706,50.2,50.65,48.5,48.5,445478
JBH,20210707,48.26,49.11,48.1,48.66,378951
JBH,20210708,48.99,49.13,48.18,48.41,277470
JBH,20210709,48,48.15,46.88,47.39,614887
JBH,20210712,47.8,47.93,46.81,47.12,702115
JBH,20210714,47.15,47.98,47.01,47.9,564716
JBH,20210715,47.9,48.68,47.72,47.92,423727
JBH,20210716,47.61,48.37,47.51,47.98,380358
JBH,20210719,47.5,47.98,47.09,47.73,723911
JBH,20210720,48.4,49.59,48.32,49.51,1127459
JBH,20210723,49.52,50.2,49.46,50.2,618867
JBH,20210726,50.39,50.99,50.35,50.4,507737
JBH,20210727,50.44,50.78,49.83,50,466862
JBH,20210728,50,50.44,48.84,49.25,575840
JBH,20210729,49.01,50.06,49.01,49.38,469452
JBH,20210730,49.05,49.3,48.04,48.04,584063
JBH,20210802,48.55,49.55,48.54,49.48,551751
JBH,20210803,49.21,49.93,49.15,49.46,345100
JBH,20210804,49.38,49.61,48.77,48.93,342250
JBH,20210805,48.8,49.3,48.73,48.97,467310
JBH,20210806,48.88,49.28,48.72,48.88,395561
JBH,20210809,48.8,49.05,48.05,48.14,410012
JBH,20210810,48.21,48.55,47.81,48.3,535153
JBH,20210811,48.5,48.96,48.01,48.19,630022
JBH,20210812,48.4,48.56,47.66,47.74,537221
JBH,20210813,47.74,48.53,47.69,48.32,662743
JBH,20210819,49.48,49.9,48.79,49.65,723714
JBH,20210820,49.75,49.76,48.47,48.47,560614
JBH,20210823,48.71,48.89,48.08,48.09,483130
JBH,20210824,48.29,48.35,47.16,47.35,721569
JBH,20210825,47.79,48.34,47.37,48.16,611309
JBH,20210826,46.9,46.98,45.68,46.06,813574
JBH,20210827,45.65,45.96,45.18,45.57,771409
JBH,20210830,45.75,45.95,45.25,45.8,516791
JBH,20210831,45.94,46.15,45.25,45.79,743147
JBH,20210901,45.7,46.09,45.4,45.81,676611
JBH,20210902,45.9,46.02,45.01,45.13,679226
JBH,20210903,45.36,45.5,45,45.06,963599
JBH,20210906,45.06,45.6,44.55,45.55,639456
JBH,20210907,45.63,46.13,45.35,45.85,502867
JBH,20210908,45.37,45.95,45.32,45.79,613885
JBH,20210909,45.73,45.99,44.86,44.9,408858
JBH,20210910,45.23,45.48,44.71,44.91,715397
JBH,20210913,44.66,45.04,44.24,44.82,478883
JBH,20210914,45,45.55,44.7,45.55,585856
JBH,20210915,45.38,45.39,45,45.2,363110
JBH,20210916,45.12,45.25,44.56,44.92,475109
JBH,20210917,44.96,46.35,44.8,45.64,933477
JBH,20210920,45.55,45.63,44.39,44.39,434968
JBH,20210922,44.5,44.78,43.52,44.43,593258
JBH,20210923,44.6,45.74,44.6,45.57,415230
JBH,20210924,45.3,45.38,44.23,44.61,462728
JBH,20210927,44.27,45.09,44.04,45.05,399665
JBH,20210928,44.5,44.84,44.21,44.35,335843
JBH,20210929,43.71,44.64,43.12,44.19,556155
JBH,20210930,44.7,45.79,44.7,45.52,493890
JBH,20211001,44.9,45.31,44.25,45.27,611672
JBH,20211004,46,46.31,45.215,45.56,316174
JBH,20211005,45.37,45.59,44.79,45.1,450051
JBH,20211006,45.82,46.19,45.545,45.95,532662
JBH,20211007,46.31,47.11,46.265,46.72,266156
JBH,20211008,47.5,47.86,46.91,47.51,508421
JBH,20211011,47.52,47.84,47.08,47.75,287189
JBH,20211012,47.52,47.84,47.08,47.75,389131
JBH,20211013,47.16,47.45,46.81,46.83,559425
JBH,20211014,46.89,47.55,46.72,46.93,345177
JBH,20211019,46.66,47.77,46.58,47.65,423094
JBH,20211020,47.66,48.18,47.28,47.65,369701
JBH,20211021,47.49,47.63,46.3,47.17,407202
JBH,20211022,47.35,48.27,47.35,47.83,454304
JBH,20211025,48.06,48.38,47.3,47.37,354396
JBH,20211026,48,48.02,47.45,47.74,570181
JBH,20211028,47.46,48.49,47.1,48.43,564142
JBH,20211029,49.09,50.95,49.03,50.49,1016746
JBH,20211101,50.57,50.93,50.06,50.7,395055
JBH,20211102,50.71,51.18,50.35,50.58,235149
JBH,20211103,50.72,50.9,50.15,50.3,448315
JBH,20211104,50.3,50.61,49.91,50.3,318635
JBH,20211105,50.34,50.78,50,50.18,346487
JBH,20211109,50.2,50.79,49.96,50.39,199489
JBH,20211110,50.32,50.84,50.04,50.56,258773
JBH,20211112,49.82,50.7,49.78,50.02,320090
JBH,20211115,50.05,50.46,49.925,50.1,151765
JBH,20211116,49.88,50.4,49.52,49.71,248001
JBH,20211117,50,50.59,49.94,50.24,376307
JBH,20211118,49.54,50.33,49.54,49.89,615747
JBH,20211119,49.85,50.24,49.65,49.65,331846
JBH,20211122,49.58,50.1,49.3,49.47,257282
JBH,20211123,49.48,49.53,48.96,49.07,216635
JBH,20211124,48.7,48.7,47.84,48.14,308634
JBH,20211125,48.16,48.43,47.24,47.7,606781
JBH,20211126,47.71,48.28,47.27,47.42,610579
JBH,20211129,47.42,48.21,47.04,47.75,571806
JBH,20211130,47.95,48.59,47.84,48.19,550166
JBH,20211201,47.84,48.09,47.03,47.23,394135
JBH,20211202,47.03,47.79,46.55,47.63,413854
JBH,20211203,48.18,48.18,47.2,47.47,375130
JBH,20211206,47.65,47.66,46.75,46.95,500085
JBH,20211207,47.21,48.06,47.19,47.89,262960
JBH,20211208,48.96,49.11,48.09,48.15,450403
JBH,20211209,48,48,47.33,47.67,379693
JBH,20211210,47.67,47.87,47.02,47.8,292067
JBH,20211213,48.65,48.67,47.55,47.6,213330
JBH,20211214,47.9,48,46.88,47.07,433064
JBH,20211216,46.8,47.4,46.41,47.11,921961
JBH,20211217,47.68,48.35,47.55,47.65,691917
JBH,20211220,47.53,48.22,47.3,47.9,343971
JBH,20211221,48.1,48.43,47.98,48.24,165941
JBH,20211222,48.01,48.27,47.64,48.26,391682
JBH,20211223,48.47,48.81,48.36,48.45,143026
JBH,20211224,48.26,48.5,47.85,48.5,125411
JBH,20211229,48.5,48.83,48.11,48.83,289692
JBH,20211230,48.82,49.16,48.7,49.15,93242
JBH,20211231,49.15,49.28,48.32,48.32,159599
JBH,20220104,48.62,48.91,48.42,48.8,275364
JBH,20220105,48.8,48.98,48.46,48.58,283097
JBH,20220106,47.5,47.9,46.1,46.25,374107
JBH,20220107,46.81,47.32,46.35,46.43,317359
JBH,20220110,46.45,46.75,45.17,45.33,413381
JBH,20220111,45.14,45.56,44.845,45.08,578965
JBH,20220112,45.73,45.82,44.81,44.91,426680
JBH,20220113,44.88,45.1,44.5,44.93,415249
JBH,20220114,44.64,45.43,44.48,45.12,375393
JBH,20220117,45.7,46.75,45.65,46.64,273458
JBH,20220118,49.56,50.59,48.89,49.85,989910
JBH,20220119,50.4,50.43,48.84,49.02,597917
JBH,20220120,48.62,48.87,47.53,48.18,440523
JBH,20220121,47.79,48.1,47.47,47.87,1173929
JBH,20220124,47.8,48.06,46.89,46.93,250191
JBH,20220125,47.11,47.39,45.68,45.75,564883
JBH,20220127,44.99,45.7,43.395,43.88,748308
JBH,20220128,44.32,45.67,44.1,45.24,1058893
JBH,20220131,45.13,46.11,44.93,45.99,286095
JBH,20220201,45.95,46.74,45.8,46.47,338810
JBH,20220202,46.93,47.845,46.61,47.65,438880
JBH,20220203,47.01,47.35,46.54,47.14,350474
JBH,20220204,47.28,48.12,47.28,48.12,283588
JBH,20220207,47.7,48.39,47.65,48.21,372899
JBH,20220208,47.74,48.93,47.74,48.71,381492
JBH,20220209,48.89,49.3,48.66,49.3,477317
JBH,20220210,49.56,49.8,49.05,49.4,487959
JBH,20220211,48.78,49.34,48.26,49.05,463028
JBH,20220214,50,52.75,49.87,51.71,931232
JBH,20220215,52.29,53.97,51.87,53.7,803532
JBH,20220216,54.12,54.22,52.95,54.15,772253
JBH,20220217,54.2,54.32,52.77,53.31,744352
JBH,20220218,53.29,54.07,52.97,53.66,430845
JBH,20220221,53.5,54.05,53.11,53.73,580060
JBH,20220222,53.43,53.89,52.5,52.92,609746
JBH,20220223,50.57,50.7,49.43,50.15,454802
JBH,20220224,49.23,49.67,48.825,49.07,587911
JBH,20220225,49.33,49.67,48.85,49.06,322702
JBH,20220228,48.89,49.39,48.61,49.31,369047
JBH,20220301,49.71,50.02,49.38,50.01,280862
JBH,20220302,49.83,50.18,49.26,50.18,598982
JBH,20220303,50.55,50.98,49.91,50.75,421288
JBH,20220304,49.73,50.08,49.09,49.52,456775
JBH,20220307,49.25,50.28,49.25,49.77,537510
JBH,20220308,50.02,50.4,49.17,49.33,851211
JBH,20220309,49.5,50.42,49.35,49.69,637653
JBH,20220310,50.16,51.57,50.16,51.08,335787
JBH,20220311,50.74,50.93,49.85,49.96,432960
JBH,20220314,50.25,51.3,50.25,50.57,466017
JBH,20220315,50.12,50.5,49.175,49.4,1152584
JBH,20220316,0,0,0,0,0
JBH,20220317,49.68,50.19,49.18,49.7,632630
JBH,20220318,49.99,50.19,48.48,48.93,1258030
JBH,20220321,49.44,50.27,49.2,49.74,372349
JBH,20220322,50,50.53,49.86,50.21,290996
JBH,20220323,50.78,51.09,50.63,50.75,212660
JBH,20220324,51.89,53.05,51.81,52.9,816244
JBH,20220325,53.58,55.26,53.55,54.62,669959
JBH,20220328,53.66,54.35,53,53.95,727608
JBH,20220329,54.14,55.53,54.14,55.21,623139
JBH,20220330,56.22,56.85,55.4,55.78,412412
JBH,20220331,55.71,55.71,54.22,54.22,553428
JBH,20220401,54.31,54.45,53.13,53.22,471461
JBH,20220404,53.3,53.73,52.63,52.65,481646
JBH,20220405,53.13,53.82,52.35,53.12,680037
JBH,20220406,52.53,53,52.25,52.4,800316
JBH,20220407,51.81,51.93,51.11,51.54,502861
JBH,20220408,52.15,52.45,51.51,51.7,529651
JBH,20220411,51.22,52.14,51.02,51.8,603554
JBH,20220412,51.59,51.87,51.16,51.43,434329
JBH,20220413,51.44,51.71,50.94,51.43,351377
JBH,20220414,51.5,51.78,50.83,51.01,289543
JBH,20220419,51.01,51.5,50.79,51.07,561581
JBH,20220420,51.9,52.46,51.53,51.7,473492
JBH,20220421,51.9,52.46,51.53,51.7,473492
JBH,20220422,50.76,52,50.75,51.83,307445
JBH,20220426,52.14,52.62,51.46,52.23,463273
JBH,20220427,51.64,52.22,51.57,51.94,484627
JBH,20220428,52.19,52.55,52.02,52.28,228820
JBH,20220429,52.55,53.28,52.2,52.97,521175
JBH,20220502,52.51,52.94,52.15,52.27,265474
JBH,20220503,52.12,52.95,52.02,52.22,471330
JBH,20220504,52.07,52.31,49.155,49.73,979724
JBH,20220505,50.18,50.88,49.82,50.42,325618
JBH,20220506,49.6,50.31,48.57,48.72,583023
JBH,20220509,48.2,48.8,47.66,47.96,436351
JBH,20220510,47.99,48.41,47.14,48.16,891353
JBH,20220511,48.1,48.2,46.88,47.48,673596
JBH,20220512,46.88,47.69,46.69,47.18,774207
JBH,20220513,48.49,49.08,47.38,48.53,481908
JBH,20220516,48.72,49.06,48.03,48.14,319194
JBH,20220517,47.99,48.45,47.57,47.71,393410
JBH,20220518,47.91,48.29,47.4,47.98,448638
JBH,20220519,45.23,45.9,44.035,44.89,1442017
JBH,20220520,44.85,46.29,44.83,46.15,460620
JBH,20220523,46.2,46.58,45.78,46.58,439641
JBH,20220524,46.77,46.77,45.34,45.64,673875
JBH,20220525,45.33,46.07,45.12,45.98,385656
JBH,20220526,46.04,46.42,45.29,45.29,410815
JBH,20220527,46.19,46.91,46.19,46.42,642113
JBH,20220530,47.2,47.27,46.27,46.49,284116
JBH,20220531,46.63,46.67,45.93,45.96,599179
JBH,20220601,46.05,46.45,45.77,46.01,390993
JBH,20220602,45.76,46.23,45.45,46.09,420169
JBH,20220603,46.6,46.8,46,46.3,389511
JBH,20220606,45.9,46.045,45.04,45.18,428710
JBH,20220607,45.12,45.64,43.1,43.62,857923
JBH,20220608,43.6,44.28,43.17,43.71,739911
JBH,20220609,44.38,44.38,42.71,43.71,602105
JBH,20220610,43.5,43.53,41.69,41.69,919108
JBH,20220614,38.97,39.59,38.3,39.31,1518293
JBH,20220615,39.6,39.99,38.36,38.48,1170976
JBH,20220616,38.52,39.15,38.11,38.33,919454
JBH,20220617,37.01,37.435,36.69,37.05,1519620
JBH,20220620,37.62,38.78,37.52,38.52,766055
JBH,20220621,39.22,39.55,38.54,39.53,1250207
JBH,20220622,39.42,39.68,38.6,39.37,698670
JBH,20220623,39.54,39.89,38.77,38.77,500521
JBH,20220624,38.7,39.45,38.44,39.43,589461
JBH,20220627,39.78,40.75,39.73,40.59,546423
JBH,20220628,38.97,39.71,38.78,39.01,626370
JBH,20220629,38.4,38.86,38,38.69,696225
JBH,20220630,38.54,39.21,38.46,38.46,744732
JBH,20220701,38.67,39.06,38.06,38.06,553868
JBH,20220704,39.09,39.42,38.83,39.05,448144
JBH,20220705,39,39.16,38.32,38.92,496742
JBH,20220706,38.96,39.47,38.57,39.04,622052
JBH,20220707,39.2,39.81,38.91,39.63,356432
JBH,20220708,39.97,40.7,39.67,40.64,517233
JBH,20220711,40.49,40.57,39.87,40.02,353195
JBH,20220712,39.9,40.22,38.89,39.34,586982
JBH,20220713,39.59,40.72,39.59,40.27,638706
JBH,20220714,40.39,41.27,40.19,40.77,541964
JBH,20220715,40.22,40.71,39.85,40.38,449660
JBH,20220718,40.81,41.18,40.27,40.88,237680
JBH,20220719,42.5,43.08,41.38,41.76,1522601
JBH,20220720,43.43,44.35,42.9,43.69,1063294
JBH,20220721,43.68,43.84,42.79,43.43,707205
JBH,20220722,43.74,44.75,43.55,44.46,714150
JBH,20220725,44.2,44.37,43.44,43.57,499077
JBH,20220726,43.3,43.44,42.56,43.17,637126
JBH,20220727,42.62,43.09,42.55,43.06,361754
JBH,20220728,43.33,43.36,41.88,42.1,655819
JBH,20220729,42.61,42.78,41.82,42.09,648931
JBH,20220801,42.3,42.81,42.06,42.3,497266
JBH,20220802,42.62,43.64,42.38,43.61,436280
JBH,20220803,43.21,43.29,42.58,42.97,365874
JBH,20220805,43.8,44.5,43.45,44.38,448224
JBH,20220808,43.81,43.96,43.32,43.8,294335
JBH,20220809,44.08,44.44,43.65,44.26,430620
JBH,20220810,43.99,45.11,43.86,44.84,677364
JBH,20220811,46.12,46.84,45.64,46.04,877179
JBH,20220812,45.8,45.88,45.17,45.55,495498
JBH,20220815,45.85,46.12,44.71,45.1,901465
JBH,20220816,44.25,44.25,43.77,44.15,845698
JBH,20220817,44.33,44.99,44,44.22,755332
JBH,20220818,44.44,44.65,43.37,43.82,759725
JBH,20220819,43.48,44.41,43.13,44.28,620817
JBH,20220822,43.94,44.12,43.41,43.77,558482
JBH,20220823,43.4,44,43.35,43.35,557266
JBH,20220824,43.35,43.81,43.2,43.81,536184
JBH,20220825,42.47,42.47,41.42,41.42,627336
JBH,20220826,41.55,42.7,41.44,42.51,526049
JBH,20220829,41.35,41.5,40.15,40.51,721297
JBH,20220830,41.13,41.48,40.945,41.32,580158
JBH,20220831,40.65,40.89,40.36,40.69,940847
JBH,20220901,40.04,40.08,39.51,39.82,510023
JBH,20220902,39.97,39.97,39.3,39.47,451535
JBH,20220905,39.75,40.23,39.68,40.15,341429
JBH,20220906,39.72,40.56,39.72,39.77,347837
JBH,20220907,39.23,39.37,38.57,39.18,643606
JBH,20220909,40.1,41.24,40.1,41,465684
JBH,20220912,41.77,42.71,41.47,42.56,517478
JBH,20220913,42.66,42.95,42.41,42.61,404537
JBH,20220914,41.7,41.82,40.7,40.75,512101
JBH,20220915,41.42,41.75,41.01,41.4,501884
JBH,20220916,40.76,41.78,40.76,41.39,787805
JBH,20220919,41.44,41.44,40.74,40.83,323127
JBH,20220920,40.89,41.38,40.77,40.83,379491
JBH,20220921,40.1,40.34,39.87,40.17,414343
