JDR,20180103,0.032,0.04,0.03,0.035,32476918
JDR,20180104,0.038,0.041,0.036,0.037,18216282
JDR,20180105,0.038,0.038,0.034,0.037,8295276
JDR,20180108,0.037,0.039,0.037,0.038,6915873
JDR,20180109,0.039,0.043,0.037,0.039,16654419
JDR,20180110,0.04,0.04,0.036,0.036,9363427
JDR,20180111,0.036,0.037,0.034,0.034,5964779
JDR,20180112,0.036,0.036,0.035,0.035,4741082
JDR,20180115,0.037,0.039,0.035,0.035,9193351
JDR,20180116,0.035,0.035,0.032,0.032,8228527
JDR,20180117,0.033,0.033,0.029,0.031,7248393
JDR,20180118,0.032,0.032,0.029,0.029,6183186
JDR,20180119,0.03,0.031,0.028,0.029,6601345
JDR,20180122,0.03,0.03,0.024,0.025,12332651
JDR,20180123,0.023,0.026,0.022,0.025,8577659
JDR,20180124,0.026,0.026,0.022,0.023,6143314
JDR,20180125,0.023,0.024,0.022,0.022,2504773
JDR,20180129,0.023,0.026,0.023,0.024,5621723
JDR,20180130,0.024,0.024,0.022,0.023,3731268
JDR,20180131,0.023,0.023,0.022,0.022,2328465
JDR,20180201,0.023,0.024,0.023,0.023,4934906
JDR,20180202,0.024,0.024,0.022,0.023,2674505
JDR,20180205,0.022,0.023,0.022,0.022,2001428
JDR,20180207,0.02,0.021,0.02,0.02,5823967
JDR,20180208,0.019,0.019,0.019,0.019,1780881
JDR,20180209,0.018,0.019,0.018,0.019,1847631
JDR,20180212,0.02,0.02,0.017,0.018,1599391
JDR,20180213,0.019,0.019,0.018,0.019,659538
JDR,20180214,0.019,0.019,0.019,0.019,200000
JDR,20180215,0.02,0.021,0.02,0.02,1199500
JDR,20180216,0.021,0.022,0.021,0.022,2968250
JDR,20180219,0.023,0.024,0.022,0.023,5784595
JDR,20180220,0.024,0.027,0.024,0.026,28980081
JDR,20180221,0.028,0.031,0.028,0.03,35001779
JDR,20180222,0.03,0.031,0.027,0.028,15824891
JDR,20180223,0.028,0.028,0.025,0.026,6418711
JDR,20180226,0.027,0.027,0.026,0.027,4931584
JDR,20180227,0.026,0.026,0.024,0.024,6187793
JDR,20180228,0.024,0.024,0.022,0.022,3883425
JDR,20180301,0.022,0.023,0.022,0.023,2574392
JDR,20180302,0.024,0.024,0.022,0.022,779500
JDR,20180305,0.022,0.022,0.019,0.021,6719681
JDR,20180306,0.021,0.021,0.02,0.02,1953169
JDR,20180307,0.021,0.022,0.02,0.021,1228682
JDR,20180308,0.021,0.021,0.021,0.021,681033
JDR,20180309,0.02,0.02,0.02,0.02,385000
JDR,20180312,0.021,0.021,0.02,0.02,886100
JDR,20180313,0.021,0.021,0.018,0.018,2942577
JDR,20180314,0.019,0.022,0.019,0.021,2295541
JDR,20180315,0.021,0.021,0.02,0.02,1427833
JDR,20180316,0.02,0.02,0.019,0.02,1246694
JDR,20180319,0.021,0.021,0.02,0.02,1925035
JDR,20180320,0.02,0.02,0.019,0.019,1539390
JDR,20180321,0.02,0.02,0.019,0.019,2102980
JDR,20180322,0.02,0.02,0.02,0.02,810000
JDR,20180323,0.02,0.02,0.019,0.02,532797
JDR,20180326,0.02,0.02,0.02,0.02,1225000
JDR,20180327,0.02,0.02,0.02,0.02,533000
JDR,20180328,0.02,0.02,0.019,0.019,1150000
JDR,20180329,0.019,0.019,0.019,0.019,2263830
JDR,20180403,0.019,0.019,0.018,0.019,1200305
JDR,20180404,0.02,0.02,0.018,0.018,418729
JDR,20180405,0.018,0.02,0.018,0.019,3152139
JDR,20180406,0.019,0.019,0.018,0.018,2652946
JDR,20180409,0.018,0.018,0.018,0.018,521947
JDR,20180410,0.018,0.018,0.018,0.018,0
JDR,20180411,0.018,0.018,0.018,0.018,200000
JDR,20180412,0.018,0.018,0.017,0.017,802000
JDR,20180413,0.017,0.017,0.017,0.017,268333
JDR,20180416,0.017,0.018,0.017,0.017,1507071
JDR,20180417,0.016,0.017,0.016,0.016,3405595
JDR,20180418,0.018,0.018,0.016,0.018,674500
JDR,20180419,0.019,0.019,0.017,0.018,705770
JDR,20180420,0.019,0.019,0.018,0.018,408000
JDR,20180423,0.017,0.017,0.017,0.017,1418449
JDR,20180424,0.017,0.018,0.017,0.017,137889
JDR,20180426,0.017,0.018,0.017,0.017,424436
JDR,20180427,0.017,0.017,0.017,0.017,0
JDR,20180430,0.017,0.018,0.017,0.018,284889
JDR,20180501,0.018,0.018,0.016,0.017,1510675
JDR,20180502,0.017,0.017,0.015,0.017,2803977
JDR,20180503,0.017,0.018,0.017,0.018,180513
JDR,20180504,0.017,0.018,0.016,0.016,857792
JDR,20180507,0.016,0.016,0.015,0.015,2842183
JDR,20180508,0.014,0.016,0.014,0.015,236800
JDR,20180509,0.015,0.015,0.015,0.015,0
JDR,20180510,0.016,0.016,0.016,0.016,513000
JDR,20180511,0.016,0.016,0.016,0.016,10000
JDR,20180514,0.015,0.015,0.015,0.015,1132064
JDR,20180515,0.015,0.015,0.014,0.014,2772759
JDR,20180516,0.014,0.014,0.014,0.014,53237
JDR,20180517,0.014,0.015,0.014,0.015,1090612
JDR,20180518,0.015,0.015,0.014,0.014,123801
JDR,20180521,0.014,0.014,0.014,0.014,660000
JDR,20180522,0.014,0.015,0.014,0.015,1071026
JDR,20180523,0.014,0.015,0.014,0.015,526999
JDR,20180524,0.014,0.014,0.014,0.014,107242
JDR,20180525,0.015,0.015,0.014,0.014,385000
JDR,20180528,0.015,0.015,0.015,0.015,433333
JDR,20180529,0.014,0.014,0.014,0.014,836174
JDR,20180530,0.013,0.014,0.013,0.014,756453
JDR,20180531,0.015,0.015,0.014,0.014,500000
JDR,20180601,0.015,0.016,0.015,0.015,781500
JDR,20180604,0.014,0.015,0.014,0.015,100000
JDR,20180605,0.015,0.015,0.015,0.015,470000
JDR,20180606,0.014,0.014,0.014,0.014,3024280
JDR,20180607,0.014,0.014,0.014,0.014,0
JDR,20180608,0.014,0.014,0.013,0.014,3003767
JDR,20180612,0.015,0.015,0.014,0.015,1093384
JDR,20180613,0.014,0.014,0.013,0.013,500000
JDR,20180614,0.013,0.013,0.013,0.013,280000
JDR,20180615,0.013,0.013,0.013,0.013,2928
JDR,20180618,0.013,0.014,0.013,0.014,957311
JDR,20180619,0.014,0.014,0.013,0.014,633132
JDR,20180620,0.014,0.014,0.014,0.014,0
JDR,20180621,0.013,0.013,0.013,0.013,86928
JDR,20180622,0.013,0.013,0.013,0.013,1276148
JDR,20180625,0.013,0.013,0.012,0.012,693630
JDR,20180626,0.012,0.012,0.012,0.012,1193836
JDR,20180627,0.013,0.013,0.012,0.012,978016
JDR,20180628,0.012,0.012,0.012,0.012,500000
JDR,20180629,0.013,0.013,0.013,0.013,2801625
JDR,20180702,0.014,0.017,0.014,0.017,8599817
JDR,20180703,0.017,0.017,0.017,0.017,0
JDR,20180704,0.017,0.017,0.017,0.017,0
JDR,20180705,0.017,0.017,0.017,0.017,0
JDR,20180706,0.013,0.015,0.012,0.015,2245842
JDR,20180710,0.014,0.014,0.013,0.014,466600
JDR,20180711,0.014,0.014,0.013,0.014,1295260
JDR,20180712,0.014,0.014,0.014,0.014,1192126
JDR,20180713,0.015,0.015,0.014,0.014,1221940
JDR,20180716,0.014,0.014,0.014,0.014,36666
JDR,20180717,0.013,0.014,0.013,0.013,1777672
JDR,20180718,0.014,0.014,0.014,0.014,373896
JDR,20180719,0.014,0.014,0.014,0.014,600000
JDR,20180720,0.014,0.015,0.014,0.015,2097921
JDR,20180723,0.015,0.015,0.015,0.015,216938
JDR,20180724,0.015,0.016,0.015,0.016,180000
JDR,20180725,0.015,0.015,0.015,0.015,30000
JDR,20180726,0.015,0.016,0.015,0.015,2266334
JDR,20180727,0.015,0.015,0.015,0.015,7000
JDR,20180730,0.016,0.016,0.014,0.014,496000
JDR,20180731,0.014,0.015,0.014,0.015,312679
JDR,20180801,0.015,0.015,0.013,0.013,1309759
JDR,20180802,0.015,0.015,0.014,0.014,2291903
JDR,20180803,0.015,0.015,0.014,0.014,482478
JDR,20180806,0.014,0.014,0.014,0.014,905316
JDR,20180807,0.014,0.014,0.014,0.014,80684
JDR,20180808,0.013,0.013,0.013,0.013,500000
JDR,20180809,0.013,0.014,0.013,0.014,268114
JDR,20180810,0.014,0.014,0.013,0.013,161000
JDR,20180813,0.013,0.013,0.013,0.013,0
JDR,20180814,0.013,0.013,0.013,0.013,410000
JDR,20180816,0.012,0.012,0.011,0.011,1184500
JDR,20180817,0.012,0.013,0.012,0.013,1396145
JDR,20180820,0.013,0.013,0.012,0.013,756881
JDR,20180821,0.013,0.013,0.013,0.013,649
JDR,20180822,0.013,0.013,0.012,0.012,716340
JDR,20180823,0.013,0.013,0.013,0.013,38400
JDR,20180824,0.012,0.013,0.012,0.013,291335
JDR,20180827,0.011,0.011,0.011,0.011,173368
JDR,20180828,0.011,0.011,0.011,0.011,471311
JDR,20180829,0.012,0.013,0.012,0.013,1931922
JDR,20180830,0.013,0.013,0.013,0.013,0
JDR,20180831,0.013,0.013,0.013,0.013,400000
JDR,20180903,0.013,0.013,0.013,0.013,865000
JDR,20180904,0.013,0.014,0.013,0.014,570000
JDR,20180905,0.013,0.013,0.013,0.013,784138
JDR,20180906,0.013,0.013,0.013,0.013,1150261
JDR,20180907,0.013,0.013,0.012,0.012,174837
JDR,20180910,0.014,0.014,0.014,0.014,180167
JDR,20180913,0.014,0.014,0.014,0.014,9000
JDR,20180914,0.014,0.014,0.014,0.014,0
JDR,20180917,0.014,0.014,0.014,0.014,0
JDR,20180918,0.013,0.013,0.013,0.013,852625
JDR,20180919,0.013,0.014,0.013,0.013,576900
JDR,20180920,0.013,0.013,0.013,0.013,0
JDR,20180921,0.013,0.013,0.012,0.012,2658777
JDR,20180924,0.012,0.012,0.012,0.012,597669
JDR,20180925,0.012,0.012,0.012,0.012,222331
JDR,20180926,0.012,0.012,0.012,0.012,0
JDR,20180927,0.012,0.012,0.012,0.012,300000
JDR,20180928,0.012,0.012,0.012,0.012,0
JDR,20181001,0.012,0.012,0.011,0.011,209000
JDR,20181002,0.013,0.014,0.013,0.013,824500
JDR,20181003,0.014,0.016,0.014,0.015,3937000
JDR,20181004,0.014,0.015,0.014,0.014,3726900
JDR,20181005,0.014,0.014,0.013,0.014,2128318
JDR,20181008,0.014,0.014,0.012,0.013,837733
JDR,20181009,0.012,0.012,0.012,0.012,1194000
JDR,20181010,0.012,0.012,0.012,0.012,500000
JDR,20181011,0.012,0.012,0.012,0.012,500000
JDR,20181012,0.012,0.012,0.012,0.012,900000
JDR,20181015,0.012,0.012,0.012,0.012,0
JDR,20181016,0.012,0.012,0.012,0.012,440104
JDR,20181017,0.012,0.012,0.011,0.011,4032196
JDR,20181018,0.011,0.011,0.01,0.01,7713144
JDR,20181019,0.011,0.011,0.01,0.01,569665
JDR,20181022,0.01,0.01,0.01,0.01,0
JDR,20181023,0.012,0.012,0.01,0.01,1133833
JDR,20181024,0.011,0.011,0.011,0.011,500000
JDR,20181025,0.011,0.011,0.01,0.011,2174000
JDR,20181026,0.01,0.011,0.01,0.01,334545
JDR,20181030,0.01,0.01,0.01,0.01,60000
JDR,20181031,0.009,0.01,0.009,0.009,919838
JDR,20181101,0.009,0.009,0.009,0.009,60606
JDR,20181102,0.01,0.01,0.01,0.01,684000
JDR,20181105,0.011,0.015,0.011,0.015,11963767
JDR,20181106,0.014,0.014,0.011,0.012,19496568
JDR,20181107,0.012,0.012,0.012,0.012,2412000
JDR,20181108,0.012,0.012,0.011,0.011,492500
JDR,20181109,0.011,0.011,0.011,0.011,639244
JDR,20181112,0.011,0.012,0.011,0.012,3416774
JDR,20181113,0.012,0.012,0.011,0.011,295000
JDR,20181114,0.012,0.012,0.011,0.011,2037431
JDR,20181115,0.011,0.012,0.011,0.012,376011
JDR,20181116,0.012,0.012,0.012,0.012,1549032
JDR,20181119,0.012,0.012,0.011,0.011,457205
JDR,20181120,0.012,0.012,0.012,0.012,103168
JDR,20181121,0.012,0.012,0.012,0.012,81700
JDR,20181122,0.012,0.013,0.012,0.012,3086944
JDR,20181123,0.013,0.013,0.012,0.013,2128030
JDR,20181126,0.013,0.013,0.013,0.013,0
JDR,20181127,0.013,0.013,0.013,0.013,220000
JDR,20181128,0.013,0.013,0.013,0.013,146000
JDR,20181129,0.013,0.013,0.012,0.013,387672
JDR,20181130,0.013,0.013,0.013,0.013,0
JDR,20181203,0.012,0.013,0.012,0.013,422357
JDR,20181204,0.012,0.012,0.012,0.012,1051702
JDR,20181205,0.011,0.011,0.011,0.011,65000
JDR,20181206,0.012,0.012,0.011,0.011,550000
JDR,20181207,0.011,0.011,0.011,0.011,0
JDR,20181210,0.012,0.012,0.012,0.012,350000
JDR,20181211,0.012,0.012,0.012,0.012,0
JDR,20181212,0.011,0.011,0.011,0.011,138084
JDR,20181213,0.011,0.011,0.011,0.011,0
JDR,20181214,0.011,0.011,0.011,0.011,532150
JDR,20181217,0.011,0.011,0.011,0.011,0
JDR,20181218,0.011,0.011,0.011,0.011,209091
JDR,20181219,0.01,0.01,0.01,0.01,124500
JDR,20181220,0.01,0.01,0.01,0.01,0
JDR,20181221,0.01,0.01,0.01,0.01,700000
JDR,20181224,0.01,0.01,0.01,0.01,0
JDR,20181227,0.01,0.01,0.01,0.01,0
JDR,20181228,0.01,0.01,0.009,0.009,2286123
JDR,20181231,0.009,0.01,0.009,0.01,254000
JDR,20190102,0.01,0.01,0.01,0.01,38970
JDR,20190103,0.01,0.01,0.01,0.01,50000
JDR,20190104,0.01,0.01,0.01,0.01,64000
JDR,20190107,0.01,0.01,0.01,0.01,0
JDR,20190108,0.01,0.01,0.01,0.01,0
JDR,20190109,0.009,0.009,0.009,0.009,16738
JDR,20190110,0.009,0.009,0.009,0.009,0
JDR,20190111,0.009,0.01,0.009,0.01,1276094
JDR,20190114,0.01,0.01,0.01,0.01,0
JDR,20190115,0.01,0.01,0.01,0.01,495281
JDR,20190116,0.011,0.011,0.011,0.011,871404
JDR,20190117,0.01,0.01,0.01,0.01,1138959
JDR,20190118,0.01,0.01,0.01,0.01,0
JDR,20190121,0.01,0.01,0.01,0.01,0
JDR,20190122,0.01,0.01,0.01,0.01,0
JDR,20190123,0.01,0.01,0.01,0.01,400000
JDR,20190124,0.01,0.01,0.01,0.01,285000
JDR,20190125,0.01,0.01,0.01,0.01,213769
JDR,20190129,0.01,0.01,0.01,0.01,0
JDR,20190130,0.01,0.01,0.01,0.01,0
JDR,20190131,0.009,0.009,0.009,0.009,174153
JDR,20190201,0.009,0.009,0.009,0.009,0
JDR,20190204,0.01,0.01,0.009,0.009,433546
JDR,20190205,0.009,0.009,0.009,0.009,0
JDR,20190206,0.01,0.01,0.01,0.01,200000
JDR,20190207,0.01,0.01,0.01,0.01,0
JDR,20190208,0.009,0.009,0.009,0.009,1000000
JDR,20190211,0.009,0.009,0.009,0.009,0
JDR,20190212,0.01,0.01,0.01,0.01,200000
JDR,20190213,0.01,0.01,0.01,0.01,0
JDR,20190214,0.01,0.01,0.01,0.01,0
JDR,20190215,0.01,0.01,0.01,0.01,35000
JDR,20190218,0.01,0.01,0.01,0.01,0
JDR,20190219,0.01,0.01,0.009,0.009,50284
JDR,20190220,0.009,0.009,0.009,0.009,0
JDR,20190221,0.01,0.01,0.01,0.01,250000
JDR,20190222,0.01,0.01,0.01,0.01,8000
JDR,20190225,0.01,0.01,0.01,0.01,2000000
JDR,20190226,0.011,0.011,0.011,0.011,193000
JDR,20190227,0.01,0.01,0.01,0.01,611316
JDR,20190228,0.01,0.01,0.01,0.01,0
JDR,20190301,0.01,0.01,0.009,0.009,1510459
JDR,20190304,0.01,0.01,0.01,0.01,200000
JDR,20190305,0.01,0.01,0.01,0.01,0
JDR,20190306,0.01,0.01,0.01,0.01,300000
JDR,20190307,0.009,0.009,0.009,0.009,3218384
JDR,20190308,0.008,0.008,0.008,0.008,90000
JDR,20190311,0.009,0.009,0.009,0.009,170156
JDR,20190312,0.008,0.008,0.008,0.008,1000000
JDR,20190313,0.008,0.009,0.008,0.009,95201
JDR,20190314,0.009,0.01,0.009,0.009,1791289
JDR,20190315,0.01,0.01,0.01,0.01,156112
JDR,20190318,0.01,0.01,0.01,0.01,300000
JDR,20190319,0.011,0.015,0.011,0.013,19040602
JDR,20190320,0.013,0.013,0.012,0.013,1882833
JDR,20190321,0.013,0.013,0.011,0.011,3346700
JDR,20190322,0.011,0.011,0.011,0.011,682358
JDR,20190325,0.012,0.012,0.011,0.011,205500
JDR,20190326,0.011,0.011,0.011,0.011,0
JDR,20190327,0.011,0.011,0.011,0.011,150000
JDR,20190328,0.011,0.011,0.011,0.011,0
JDR,20190329,0.011,0.011,0.011,0.011,987289
JDR,20190401,0.012,0.012,0.012,0.012,450000
JDR,20190402,0.013,0.013,0.012,0.012,1221743
JDR,20190403,0.012,0.012,0.012,0.012,100000
JDR,20190404,0.012,0.012,0.012,0.012,74000
JDR,20190405,0.011,0.011,0.011,0.011,615862
JDR,20190408,0.012,0.012,0.012,0.012,390945
JDR,20190409,0.012,0.012,0.012,0.012,800000
JDR,20190410,0.012,0.012,0.012,0.012,0
JDR,20190411,0.012,0.012,0.012,0.012,0
JDR,20190412,0.011,0.011,0.011,0.011,330000
JDR,20190415,0.011,0.011,0.011,0.011,124000
JDR,20190416,0.011,0.011,0.011,0.011,0
JDR,20190417,0.011,0.011,0.01,0.011,248500
JDR,20190418,0.011,0.011,0.011,0.011,0
JDR,20190423,0.011,0.011,0.011,0.011,50000
JDR,20190424,0.011,0.011,0.01,0.01,4750019
JDR,20190426,0.01,0.01,0.01,0.01,0
JDR,20190429,0.01,0.01,0.01,0.01,0
JDR,20190430,0.01,0.01,0.01,0.01,0
JDR,20190501,0.009,0.009,0.009,0.009,300000
JDR,20190502,0.01,0.01,0.01,0.01,50100
JDR,20190503,0.01,0.01,0.01,0.01,0
JDR,20190506,0.009,0.009,0.009,0.009,1000000
JDR,20190507,0.009,0.009,0.009,0.009,3168197
JDR,20190508,0.01,0.01,0.01,0.01,917437
JDR,20190509,0.01,0.01,0.01,0.01,190000
JDR,20190510,0.009,0.01,0.009,0.01,668559
JDR,20190513,0.009,0.009,0.009,0.009,765163
JDR,20190514,0.009,0.009,0.009,0.009,0
JDR,20190515,0.009,0.009,0.009,0.009,386712
JDR,20190516,0.01,0.01,0.01,0.01,100000
JDR,20190517,0.009,0.01,0.009,0.01,588368
JDR,20190520,0.009,0.009,0.009,0.009,590460
JDR,20190521,0.009,0.009,0.009,0.009,65789
JDR,20190522,0.01,0.01,0.01,0.01,2146375
JDR,20190523,0.009,0.009,0.009,0.009,315141
JDR,20190524,0.009,0.009,0.009,0.009,824418
JDR,20190527,0.009,0.009,0.009,0.009,0
JDR,20190528,0.01,0.01,0.01,0.01,576975
JDR,20190529,0.009,0.009,0.009,0.009,2969
JDR,20190530,0.009,0.009,0.009,0.009,0
JDR,20190531,0.009,0.009,0.009,0.009,0
JDR,20190603,0.009,0.009,0.009,0.009,0
JDR,20190604,0.009,0.009,0.009,0.009,250000
JDR,20190605,0.009,0.009,0.009,0.009,0
JDR,20190606,0.009,0.009,0.009,0.009,886549
JDR,20190607,0.009,0.009,0.009,0.009,473586
JDR,20190611,0.01,0.01,0.009,0.009,203620
JDR,20190612,0.009,0.009,0.009,0.009,0
JDR,20190613,0.009,0.009,0.009,0.009,0
JDR,20190614,0.009,0.009,0.009,0.009,10500
JDR,20190617,0.009,0.009,0.009,0.009,810908
JDR,20190618,0.009,0.009,0.009,0.009,10000
JDR,20190619,0.008,0.009,0.008,0.009,194200
JDR,20190620,0.008,0.008,0.008,0.008,100000
JDR,20190621,0.008,0.008,0.008,0.008,440958
JDR,20190624,0.008,0.008,0.008,0.008,0
JDR,20190625,0.008,0.008,0.008,0.008,600675
JDR,20190626,0.008,0.008,0.008,0.008,0
JDR,20190627,0.008,0.008,0.008,0.008,698758
JDR,20190628,0.008,0.008,0.007,0.008,1988470
JDR,20190701,0.008,0.008,0.008,0.008,700000
JDR,20190702,0.008,0.008,0.008,0.008,0
JDR,20190703,0.008,0.008,0.008,0.008,0
JDR,20190704,0.008,0.008,0.008,0.008,122556
JDR,20190705,0.009,0.009,0.008,0.008,1132054
JDR,20190708,0.009,0.009,0.009,0.009,150001
JDR,20190709,0.01,0.01,0.009,0.009,650000
JDR,20190710,0.009,0.009,0.009,0.009,1249999
JDR,20190711,0.009,0.009,0.008,0.008,147153
JDR,20190712,0.009,0.009,0.008,0.008,108420
JDR,20190715,0.008,0.008,0.008,0.008,12500
JDR,20190716,0.009,0.009,0.009,0.009,489444
JDR,20190717,0.009,0.009,0.009,0.009,110556
JDR,20190718,0.009,0.009,0.009,0.009,0
JDR,20190719,0.009,0.009,0.009,0.009,0
JDR,20190722,0.009,0.009,0.009,0.009,0
JDR,20190723,0.009,0.009,0.009,0.009,0
JDR,20190724,0.009,0.009,0.009,0.009,61077
JDR,20190725,0.01,0.01,0.008,0.008,2200000
JDR,20190726,0.008,0.008,0.008,0.008,0
JDR,20190729,0.008,0.008,0.008,0.008,1000000
JDR,20190730,0.009,0.009,0.009,0.009,200000
JDR,20190731,0.009,0.009,0.009,0.009,530000
JDR,20190801,0.009,0.009,0.009,0.009,0
JDR,20190802,0.009,0.009,0.009,0.009,0
JDR,20190805,0.009,0.009,0.009,0.009,0
JDR,20190806,0.008,0.008,0.008,0.008,391784
JDR,20190807,0.009,0.009,0.009,0.009,1922741
JDR,20190808,0.009,0.009,0.009,0.009,0
JDR,20190809,0.009,0.009,0.009,0.009,0
JDR,20190812,0.009,0.009,0.009,0.009,0
JDR,20190813,0.009,0.009,0.009,0.009,0
JDR,20190814,0.009,0.009,0.009,0.009,0
JDR,20190815,0.009,0.009,0.009,0.009,0
JDR,20190816,0.009,0.009,0.009,0.009,0
JDR,20190819,0.009,0.009,0.009,0.009,161111
JDR,20190820,0.009,0.009,0.009,0.009,0
JDR,20190821,0.009,0.009,0.009,0.009,222222
JDR,20190822,0.009,0.009,0.009,0.009,524024
JDR,20190823,0.009,0.009,0.009,0.009,852057
JDR,20190826,0.009,0.009,0.009,0.009,175200
JDR,20190827,0.009,0.009,0.009,0.009,275005
JDR,20190828,0.009,0.009,0.009,0.009,2501396
JDR,20190829,0.009,0.01,0.009,0.01,2909889
JDR,20190830,0.011,0.011,0.011,0.011,4266457
JDR,20190902,0.012,0.012,0.011,0.012,3244602
JDR,20190903,0.012,0.012,0.011,0.011,1900607
JDR,20190904,0.012,0.012,0.012,0.012,27778
JDR,20190905,0.011,0.011,0.011,0.011,50000
JDR,20190906,0.011,0.011,0.011,0.011,0
JDR,20190909,0.012,0.012,0.012,0.012,3009389
JDR,20190910,0.012,0.012,0.011,0.011,912933
JDR,20190911,0.011,0.011,0.011,0.011,0
JDR,20190912,0.011,0.011,0.011,0.011,1305681
JDR,20190913,0.011,0.011,0.01,0.01,512967
JDR,20190916,0.013,0.013,0.012,0.012,15694348
JDR,20190917,0.011,0.012,0.011,0.011,12754214
JDR,20190918,0.011,0.011,0.011,0.011,0
JDR,20190919,0.012,0.013,0.012,0.013,5958914
JDR,20190920,0.013,0.013,0.012,0.013,1043620
JDR,20190923,0.012,0.012,0.012,0.012,224842
JDR,20190924,0.012,0.012,0.012,0.012,810000
JDR,20190925,0.012,0.012,0.012,0.012,1882218
JDR,20190926,0.012,0.012,0.012,0.012,0
JDR,20190927,0.012,0.012,0.012,0.012,2388479
JDR,20190930,0.013,0.013,0.012,0.012,1657159
JDR,20191001,0.012,0.012,0.012,0.012,0
JDR,20191002,0.011,0.011,0.011,0.011,1424074
JDR,20191003,0.011,0.011,0.011,0.011,850
JDR,20191004,0.011,0.011,0.011,0.011,107954
JDR,20191007,0.012,0.012,0.011,0.011,225721
JDR,20191008,0.012,0.012,0.011,0.011,1132000
JDR,20191009,0.011,0.011,0.011,0.011,0
JDR,20191010,0.011,0.011,0.011,0.011,1254105
JDR,20191011,0.011,0.011,0.011,0.011,425217
JDR,20191014,0.011,0.011,0.011,0.011,0
JDR,20191015,0.011,0.011,0.011,0.011,1390935
JDR,20191016,0.011,0.011,0.011,0.011,4723739
JDR,20191017,0.012,0.012,0.011,0.011,168170
JDR,20191018,0.011,0.011,0.011,0.011,0
JDR,20191021,0.011,0.011,0.011,0.011,350500
JDR,20191022,0.011,0.011,0.01,0.011,4922308
JDR,20191023,0.011,0.011,0.011,0.011,1212
JDR,20191024,0.01,0.011,0.01,0.011,800000
JDR,20191025,0.011,0.011,0.011,0.011,0
JDR,20191028,0.011,0.011,0.011,0.011,0
JDR,20191029,0.011,0.011,0.011,0.011,0
JDR,20191030,0.011,0.011,0.011,0.011,2793117
JDR,20191031,0.011,0.011,0.011,0.011,2061296
JDR,20191101,0.011,0.011,0.011,0.011,42960
JDR,20191104,0.012,0.013,0.012,0.012,2832888
JDR,20191105,0.012,0.012,0.012,0.012,0
JDR,20191106,0.013,0.013,0.013,0.013,800000
JDR,20191107,0.013,0.013,0.013,0.013,51315
JDR,20191108,0.013,0.013,0.012,0.013,874319
JDR,20191111,0.013,0.013,0.013,0.013,0
JDR,20191112,0.013,0.013,0.013,0.013,0
JDR,20191113,0.013,0.013,0.013,0.013,960000
JDR,20191114,0.012,0.012,0.012,0.012,3089406
JDR,20191115,0.012,0.012,0.012,0.012,0
JDR,20191118,0.013,0.013,0.013,0.013,2200000
JDR,20191119,0.012,0.012,0.012,0.012,2332829
JDR,20191120,0.012,0.012,0.012,0.012,0
JDR,20191121,0.012,0.012,0.012,0.012,962367
JDR,20191122,0.012,0.012,0.012,0.012,0
JDR,20191125,0.012,0.012,0.012,0.012,0
JDR,20191126,0.012,0.012,0.012,0.012,0
JDR,20191127,0.012,0.012,0.012,0.012,295000
JDR,20191128,0.012,0.012,0.012,0.012,0
JDR,20191129,0.012,0.012,0.012,0.012,0
JDR,20191202,0.012,0.012,0.012,0.012,3500
JDR,20191203,0.012,0.012,0.012,0.012,0
JDR,20191204,0.012,0.012,0.012,0.012,0
JDR,20191205,0.012,0.012,0.012,0.012,0
JDR,20191206,0.012,0.012,0.012,0.012,0
JDR,20191209,0.012,0.012,0.012,0.012,0
JDR,20191210,0.012,0.012,0.012,0.012,0
JDR,20191211,0.011,0.011,0.011,0.011,384668
JDR,20191212,0.011,0.011,0.011,0.011,0
JDR,20191213,0.012,0.012,0.012,0.012,41670
JDR,20191216,0.012,0.012,0.012,0.012,0
JDR,20191217,0.011,0.011,0.011,0.011,74000
JDR,20191218,0.012,0.012,0.011,0.011,48422
JDR,20191219,0.011,0.011,0.011,0.011,0
JDR,20191220,0.011,0.011,0.011,0.011,0
JDR,20191223,0.012,0.012,0.012,0.012,22660
JDR,20191224,0.012,0.012,0.012,0.012,0
JDR,20191227,0.012,0.012,0.012,0.012,0
JDR,20191230,0.011,0.011,0.01,0.01,5762100
JDR,20191231,0.01,0.01,0.01,0.01,927535
JDR,20200102,0.01,0.01,0.01,0.01,1325000
JDR,20200103,0.011,0.011,0.011,0.011,50000
JDR,20200106,0.01,0.01,0.01,0.01,600000
JDR,20200107,0.01,0.01,0.01,0.01,0
JDR,20200108,0.011,0.012,0.011,0.012,1906806
JDR,20200109,0.013,0.013,0.012,0.012,236804
JDR,20200113,0.011,0.011,0.011,0.011,518399
JDR,20200114,0.011,0.011,0.011,0.011,0
JDR,20200115,0.011,0.011,0.011,0.011,88000
JDR,20200116,0.011,0.011,0.011,0.011,0
JDR,20200117,0.011,0.011,0.011,0.011,0
JDR,20200120,0.011,0.011,0.011,0.011,0
JDR,20200121,0.012,0.012,0.012,0.012,7666
JDR,20200122,0.011,0.011,0.011,0.011,100000
JDR,20200123,0.011,0.012,0.011,0.012,1160142
JDR,20200124,0.012,0.014,0.012,0.012,8889970
JDR,20200128,0.012,0.012,0.012,0.012,786996
JDR,20200129,0.012,0.012,0.012,0.012,320000
JDR,20200130,0.013,0.013,0.012,0.012,304348
JDR,20200203,0.012,0.012,0.012,0.012,22660
JDR,20200204,0.012,0.012,0.011,0.011,1875304
JDR,20200205,0.011,0.011,0.011,0.011,0
JDR,20200210,0.012,0.012,0.011,0.011,1111421
JDR,20200211,0.012,0.012,0.012,0.012,444884
JDR,20200212,0.012,0.012,0.011,0.011,2050000
JDR,20200213,0.012,0.012,0.012,0.012,300000
JDR,20200214,0.011,0.011,0.011,0.011,216022
JDR,20200217,0.012,0.012,0.012,0.012,3453701
JDR,20200218,0.012,0.012,0.012,0.012,57666
JDR,20200219,0.012,0.012,0.012,0.012,200000
JDR,20200220,0.012,0.012,0.012,0.012,200000
JDR,20200221,0.012,0.012,0.012,0.012,0
JDR,20200224,0.012,0.012,0.012,0.012,12245
JDR,20200225,0.012,0.012,0.012,0.012,970000
JDR,20200226,0.012,0.012,0.012,0.012,1399201
JDR,20200227,0.012,0.012,0.012,0.012,12831
JDR,20200228,0.012,0.012,0.011,0.012,1674901
JDR,20200302,0.012,0.012,0.012,0.012,196826
JDR,20200303,0.012,0.012,0.012,0.012,500000
JDR,20200304,0.012,0.012,0.012,0.012,0
JDR,20200305,0.011,0.011,0.01,0.011,1150000
JDR,20200306,0.011,0.011,0.011,0.011,0
JDR,20200309,0.011,0.011,0.011,0.011,769748
JDR,20200310,0.011,0.012,0.011,0.011,606565
JDR,20200311,0.011,0.011,0.011,0.011,0
JDR,20200312,0.012,0.012,0.011,0.011,1286145
JDR,20200313,0.01,0.01,0.007,0.007,327350
JDR,20200316,0.008,0.008,0.008,0.008,194000
JDR,20200317,0.008,0.008,0.008,0.008,0
JDR,20200318,0.008,0.008,0.008,0.008,0
JDR,20200319,0.009,0.009,0.008,0.008,587477
JDR,20200320,0.008,0.008,0.008,0.008,236146
JDR,20200323,0.008,0.008,0.008,0.008,0
JDR,20200324,0.007,0.007,0.007,0.007,142857
JDR,20200325,0.006,0.007,0.006,0.007,199676
JDR,20200326,0.007,0.007,0.007,0.007,0
JDR,20200327,0.007,0.007,0.007,0.007,62000
JDR,20200330,0.007,0.007,0.007,0.007,0
JDR,20200331,0.007,0.007,0.007,0.007,0
JDR,20200401,0.007,0.007,0.007,0.007,0
JDR,20200402,0.007,0.007,0.007,0.007,0
JDR,20200403,0.007,0.007,0.007,0.007,0
JDR,20200406,0.008,0.008,0.008,0.008,62500
JDR,20200407,0.008,0.008,0.008,0.008,129999
JDR,20200408,0.008,0.008,0.008,0.008,0
JDR,20200409,0.009,0.009,0.008,0.008,2953345
JDR,20200414,0.01,0.01,0.01,0.01,774893
JDR,20200415,0.01,0.01,0.01,0.01,2087267
JDR,20200416,0.011,0.011,0.01,0.01,1465764
JDR,20200417,0.01,0.01,0.01,0.01,508000
JDR,20200420,0.01,0.01,0.01,0.01,0
JDR,20200421,0.01,0.01,0.01,0.01,0
JDR,20200422,0.01,0.011,0.01,0.011,670840
JDR,20200423,0.011,0.011,0.011,0.011,0
JDR,20200424,0.01,0.01,0.01,0.01,1581876
JDR,20200427,0.01,0.011,0.01,0.011,1776195
JDR,20200428,0.011,0.011,0.011,0.011,596024
JDR,20200429,0.011,0.011,0.011,0.011,0
JDR,20200430,0.011,0.011,0.011,0.011,468900
JDR,20200501,0.011,0.011,0.011,0.011,36000
JDR,20200504,0.011,0.011,0.011,0.011,0
JDR,20200505,0.011,0.011,0.011,0.011,399861
JDR,20200506,0.011,0.011,0.011,0.011,1806015
JDR,20200507,0.012,0.012,0.011,0.011,1906100
JDR,20200508,0.011,0.011,0.011,0.011,0
JDR,20200511,0.012,0.012,0.012,0.012,1625833
JDR,20200512,0.012,0.012,0.012,0.012,25000
JDR,20200513,0.012,0.012,0.012,0.012,0
JDR,20200514,0.012,0.012,0.012,0.012,0
JDR,20200515,0.012,0.012,0.012,0.012,0
JDR,20200518,0.011,0.011,0.011,0.011,771755
JDR,20200519,0.011,0.011,0.011,0.011,1071151
JDR,20200520,0.012,0.013,0.011,0.011,12093861
JDR,20200521,0.012,0.014,0.012,0.013,6364709
JDR,20200522,0.014,0.014,0.013,0.013,3822335
JDR,20200525,0.014,0.014,0.013,0.013,4815178
JDR,20200526,0.013,0.013,0.011,0.011,4003545
JDR,20200527,0.012,0.014,0.012,0.014,2183782
JDR,20200528,0.012,0.012,0.012,0.012,1786398
JDR,20200529,0.012,0.012,0.012,0.012,42083
JDR,20200601,0.012,0.012,0.012,0.012,0
JDR,20200602,0.012,0.012,0.012,0.012,784940
JDR,20200603,0.013,0.014,0.013,0.014,1800000
JDR,20200604,0.014,0.014,0.013,0.013,354922
JDR,20200605,0.012,0.012,0.012,0.012,900000
JDR,20200609,0.013,0.013,0.013,0.013,768182
JDR,20200610,0.013,0.013,0.012,0.012,1332673
JDR,20200611,0.013,0.014,0.013,0.013,1557102
JDR,20200612,0.013,0.013,0.013,0.013,0
JDR,20200615,0.013,0.013,0.013,0.013,1388439
JDR,20200616,0.013,0.013,0.013,0.013,100000
JDR,20200617,0.013,0.014,0.013,0.014,285121
JDR,20200618,0.013,0.013,0.012,0.012,283320
JDR,20200619,0.013,0.013,0.012,0.012,555965
JDR,20200622,0.012,0.012,0.012,0.012,1252500
JDR,20200623,0.012,0.012,0.012,0.012,1066845
JDR,20200624,0.012,0.012,0.012,0.012,0
JDR,20200625,0.012,0.013,0.012,0.012,3885600
JDR,20200626,0.013,0.013,0.012,0.012,754000
JDR,20200629,0.013,0.015,0.013,0.015,10223303
JDR,20200630,0.014,0.014,0.014,0.014,503213
JDR,20200701,0.015,0.017,0.015,0.017,5092556
JDR,20200702,0.016,0.017,0.016,0.016,328809
JDR,20200703,0.016,0.016,0.016,0.016,287782
JDR,20200706,0.02,0.02,0.016,0.016,4777857
JDR,20200707,0.016,0.018,0.016,0.018,1852149
JDR,20200708,0.018,0.018,0.018,0.018,930000
JDR,20200709,0.018,0.018,0.017,0.018,2688954
JDR,20200710,0.018,0.019,0.018,0.019,3156074
JDR,20200713,0.018,0.018,0.017,0.017,2303800
JDR,20200714,0.018,0.018,0.018,0.018,170800
JDR,20200715,0.018,0.02,0.018,0.02,5878713
JDR,20200716,0.02,0.02,0.019,0.02,3932700
JDR,20200717,0.019,0.026,0.019,0.025,13382372
JDR,20200720,0.024,0.025,0.021,0.021,3945017
JDR,20200721,0.021,0.024,0.021,0.021,6997292
JDR,20200722,0.021,0.023,0.021,0.021,2511510
JDR,20200723,0.022,0.023,0.02,0.02,5217478
JDR,20200724,0.021,0.021,0.019,0.02,1674385
JDR,20200727,0.02,0.023,0.019,0.021,3621260
JDR,20200728,0.02,0.026,0.02,0.024,11159530
JDR,20200729,0.023,0.03,0.023,0.027,19319952
JDR,20200730,0.028,0.03,0.027,0.028,9098580
JDR,20200731,0.028,0.028,0.028,0.028,0
JDR,20200803,0.038,0.043,0.03,0.032,14126297
JDR,20200804,0.033,0.033,0.03,0.03,7088165
JDR,20200805,0.03,0.034,0.029,0.033,4101736
JDR,20200806,0.034,0.038,0.034,0.038,7570972
JDR,20200807,0.038,0.038,0.036,0.038,5107817
JDR,20200810,0.038,0.04,0.037,0.038,6162193
JDR,20200811,0.039,0.039,0.034,0.035,2436140
JDR,20200812,0.036,0.037,0.035,0.037,3075840
JDR,20200813,0.038,0.045,0.038,0.04,4046521
JDR,20200814,0.041,0.041,0.038,0.038,2767349
JDR,20200817,0.038,0.038,0.036,0.038,2079777
JDR,20200818,0.038,0.041,0.037,0.037,6385774
JDR,20200819,0.038,0.039,0.037,0.038,1689272
JDR,20200820,0.038,0.038,0.036,0.036,3300617
JDR,20200821,0.036,0.038,0.036,0.037,1747658
JDR,20200824,0.038,0.041,0.037,0.037,6513377
JDR,20200825,0.038,0.04,0.037,0.038,2351280
JDR,20200826,0.037,0.038,0.035,0.035,2135151
JDR,20200827,0.036,0.037,0.036,0.036,1364458
JDR,20200828,0.037,0.038,0.035,0.035,2740337
JDR,20200831,0.037,0.037,0.036,0.036,1745580
JDR,20200901,0.036,0.036,0.035,0.035,1602235
JDR,20200902,0.036,0.036,0.035,0.035,1127320
JDR,20200903,0.035,0.035,0.033,0.033,1440000
JDR,20200904,0.032,0.032,0.03,0.032,1653292
JDR,20200907,0.032,0.032,0.032,0.032,773616
JDR,20200908,0.031,0.031,0.03,0.03,2747709
JDR,20200909,0.029,0.03,0.026,0.03,5113846
JDR,20200910,0.03,0.031,0.03,0.031,2486899
JDR,20200911,0.03,0.03,0.028,0.028,1892127
JDR,20200914,0.029,0.03,0.029,0.03,1389281
JDR,20200915,0.03,0.032,0.028,0.031,1828425
JDR,20200916,0.031,0.031,0.03,0.03,480689
JDR,20200917,0.031,0.032,0.03,0.032,1774769
JDR,20200918,0.032,0.036,0.032,0.035,2600216
JDR,20200921,0.038,0.039,0.037,0.038,2115050
JDR,20200922,0.037,0.037,0.034,0.034,2466365
JDR,20200923,0.035,0.035,0.034,0.034,577982
JDR,20200924,0.032,0.032,0.028,0.029,3983745
JDR,20200925,0.03,0.031,0.03,0.031,880719
JDR,20200928,0.032,0.032,0.03,0.03,1268551
JDR,20200929,0.031,0.031,0.029,0.029,2621537
JDR,20200930,0.029,0.029,0.029,0.029,1949710
JDR,20201001,0.029,0.03,0.028,0.03,2433768
JDR,20201002,0.028,0.028,0.027,0.028,2049060
JDR,20201005,0.028,0.028,0.027,0.028,623760
JDR,20201006,0.03,0.032,0.03,0.032,1317400
JDR,20201007,0.031,0.031,0.03,0.031,1704254
JDR,20201008,0.032,0.033,0.031,0.032,3467046
JDR,20201009,0.033,0.033,0.029,0.031,682519
JDR,20201012,0.031,0.031,0.03,0.031,1094300
JDR,20201013,0.03,0.03,0.03,0.03,1488114
JDR,20201014,0.029,0.03,0.029,0.03,797156
JDR,20201015,0.03,0.035,0.028,0.028,6822955
JDR,20201016,0.029,0.029,0.026,0.028,1452988
JDR,20201019,0.028,0.028,0.028,0.028,739432
JDR,20201020,0.029,0.029,0.027,0.027,1274553
JDR,20201021,0.028,0.028,0.027,0.027,586068
JDR,20201022,0.029,0.029,0.028,0.028,855451
JDR,20201023,0.029,0.031,0.029,0.03,2342788
JDR,20201026,0.03,0.031,0.03,0.031,2204012
JDR,20201027,0.03,0.03,0.029,0.03,481146
JDR,20201028,0.029,0.029,0.029,0.029,275716
JDR,20201029,0.028,0.029,0.027,0.029,2368231
JDR,20201030,0.03,0.03,0.029,0.029,632668
JDR,20201102,0.029,0.029,0.028,0.028,546306
JDR,20201103,0.028,0.028,0.027,0.027,300000
JDR,20201104,0.027,0.027,0.027,0.027,200000
JDR,20201105,0.026,0.027,0.025,0.027,1141286
JDR,20201106,0.029,0.034,0.029,0.031,3385361
JDR,20201109,0.031,0.031,0.031,0.031,0
JDR,20201110,0.031,0.031,0.031,0.031,0
JDR,20201111,0.031,0.035,0.031,0.032,665530
JDR,20201112,0.033,0.033,0.031,0.031,1622816
JDR,20201113,0.03,0.031,0.03,0.031,918939
JDR,20201116,0.031,0.031,0.031,0.031,0
JDR,20201117,0.028,0.028,0.026,0.027,5693678
JDR,20201118,0.026,0.029,0.026,0.026,2819775
JDR,20201120,0.029,0.029,0.029,0.029,188825
JDR,20201123,0.031,0.031,0.029,0.03,1072833
JDR,20201124,0.03,0.03,0.028,0.028,525000
JDR,20201125,0.028,0.028,0.028,0.028,630892
JDR,20201126,0.028,0.028,0.027,0.027,2094920
JDR,20201127,0.028,0.028,0.027,0.027,794109
JDR,20201130,0.027,0.028,0.027,0.027,859164
JDR,20201201,0.027,0.027,0.027,0.027,94073
JDR,20201202,0.027,0.027,0.026,0.027,2180649
JDR,20201203,0.027,0.027,0.027,0.027,300000
JDR,20201204,0.027,0.027,0.027,0.027,1103939
JDR,20201207,0.026,0.027,0.026,0.026,895807
JDR,20201208,0.026,0.026,0.026,0.026,503440
JDR,20201209,0.028,0.028,0.027,0.027,713960
JDR,20201210,0.028,0.029,0.027,0.029,6404875
JDR,20201211,0.029,0.029,0.028,0.028,489382
JDR,20201214,0.028,0.028,0.027,0.027,1742046
JDR,20201215,0.028,0.029,0.027,0.029,1136493
JDR,20201216,0.028,0.028,0.027,0.027,1296649
JDR,20201217,0.027,0.027,0.027,0.027,859002
JDR,20201218,0.028,0.028,0.028,0.028,200000
JDR,20201221,0.028,0.029,0.028,0.028,1115402
JDR,20201222,0.028,0.028,0.028,0.028,330000
JDR,20201224,0.028,0.028,0.028,0.028,0
JDR,20201229,0.027,0.027,0.025,0.025,3951575
JDR,20201230,0.026,0.026,0.024,0.024,1390439
JDR,20201231,0.025,0.025,0.025,0.025,200000
JDR,20210104,0.025,0.026,0.022,0.026,1702898
JDR,20210105,0.027,0.028,0.027,0.028,383500
JDR,20210106,0.028,0.028,0.026,0.026,1278142
JDR,20210107,0.027,0.03,0.025,0.025,4201234
JDR,20210108,0.025,0.026,0.025,0.025,2321924
JDR,20210111,0.025,0.026,0.024,0.025,1469503
JDR,20210112,0.026,0.026,0.024,0.024,274650
JDR,20210113,0.026,0.026,0.025,0.025,902000
JDR,20210114,0.025,0.029,0.024,0.029,4079873
JDR,20210115,0.031,0.031,0.028,0.029,3091293
JDR,20210118,0.028,0.029,0.027,0.027,2536450
JDR,20210119,0.027,0.036,0.027,0.031,19707383
JDR,20210120,0.031,0.031,0.031,0.031,0
JDR,20210121,0.04,0.042,0.035,0.036,66597007
JDR,20210122,0.039,0.04,0.036,0.037,23845895
JDR,20210125,0.038,0.041,0.038,0.038,17083402
JDR,20210127,0.038,0.039,0.037,0.038,8510598
JDR,20210128,0.038,0.047,0.037,0.047,60153247
JDR,20210129,0.049,0.05,0.038,0.039,38054497
JDR,20210201,0.039,0.045,0.038,0.042,23552456
JDR,20210203,0.038,0.039,0.037,0.039,11882366
JDR,20210204,0.038,0.038,0.035,0.036,6789959
JDR,20210205,0.035,0.035,0.035,0.035,0
JDR,20210208,0.035,0.035,0.035,0.035,0
JDR,20210209,0.04,0.04,0.035,0.035,11900381
JDR,20210210,0.036,0.037,0.035,0.036,2855547
JDR,20210211,0.037,0.037,0.035,0.035,2848245
JDR,20210212,0.036,0.036,0.034,0.034,3634713
JDR,20210215,0.035,0.035,0.034,0.034,968437
JDR,20210216,0.036,0.038,0.034,0.037,5698883
JDR,20210217,0.038,0.038,0.035,0.036,2867723
JDR,20210218,0.036,0.037,0.035,0.035,2001650
JDR,20210219,0.035,0.038,0.034,0.034,3482161
JDR,20210222,0.035,0.036,0.033,0.033,7079349
JDR,20210223,0.038,0.051,0.038,0.046,74740053
JDR,20210224,0.045,0.045,0.037,0.04,42986456
JDR,20210225,0.04,0.042,0.038,0.041,23191294
JDR,20210226,0.038,0.041,0.037,0.041,12416243
JDR,20210301,0.041,0.044,0.039,0.039,10274302
JDR,20210302,0.039,0.041,0.039,0.039,4340836
JDR,20210303,0.038,0.039,0.038,0.039,8187622
JDR,20210304,0.039,0.039,0.037,0.038,7146420
JDR,20210305,0.036,0.038,0.036,0.038,4344157
JDR,20210308,0.038,0.038,0.036,0.036,3456253
JDR,20210309,0.036,0.04,0.036,0.04,8176994
JDR,20210310,0.04,0.04,0.037,0.037,3217580
JDR,20210311,0.04,0.04,0.037,0.037,3217580
JDR,20210312,0.037,0.038,0.036,0.037,3219061
JDR,20210315,0.037,0.038,0.036,0.037,2164013
JDR,20210316,0.037,0.037,0.036,0.036,4169912
JDR,20210317,0.036,0.036,0.034,0.034,5810400
JDR,20210318,0.035,0.036,0.034,0.034,4207163
JDR,20210319,0.034,0.035,0.034,0.035,6288763
JDR,20210322,0.034,0.035,0.034,0.034,4386741
JDR,20210323,0.036,0.038,0.034,0.035,17073998
JDR,20210324,0.036,0.036,0.033,0.033,2159821
JDR,20210325,0.035,0.035,0.033,0.033,4942638
JDR,20210329,0.034,0.034,0.032,0.032,3526586
JDR,20210330,0.032,0.033,0.032,0.032,4559298
JDR,20210331,0.033,0.033,0.031,0.032,1717791
JDR,20210401,0.033,0.033,0.031,0.032,1150672
JDR,20210406,0.032,0.034,0.031,0.034,2269607
JDR,20210407,0.034,0.034,0.031,0.031,1018453
JDR,20210408,0.032,0.033,0.031,0.031,2241635
JDR,20210409,0.032,0.035,0.032,0.034,2926921
JDR,20210412,0.034,0.034,0.032,0.032,2111626
JDR,20210413,0.034,0.034,0.033,0.033,1816230
JDR,20210414,0.033,0.034,0.031,0.031,2979043
JDR,20210415,0.031,0.032,0.031,0.032,708140
JDR,20210416,0.032,0.033,0.031,0.031,1826931
JDR,20210419,0.031,0.031,0.029,0.03,7847875
JDR,20210420,0.03,0.03,0.029,0.03,1907665
JDR,20210421,0.03,0.03,0.029,0.029,4410121
JDR,20210422,0.03,0.03,0.029,0.029,1029202
JDR,20210423,0.03,0.03,0.028,0.028,1683191
JDR,20210426,0.029,0.031,0.029,0.031,1223424
JDR,20210427,0.03,0.032,0.03,0.032,1960969
JDR,20210428,0.032,0.033,0.031,0.032,1671608
JDR,20210429,0.032,0.032,0.029,0.029,1474548
JDR,20210430,0.03,0.032,0.03,0.03,2118207
JDR,20210503,0.029,0.032,0.029,0.032,2737457
JDR,20210504,0.032,0.032,0.029,0.029,4163220
JDR,20210505,0.03,0.03,0.028,0.029,1938443
JDR,20210506,0.03,0.03,0.029,0.029,1000655
JDR,20210507,0.029,0.03,0.029,0.03,3617598
JDR,20210510,0.029,0.031,0.029,0.03,2751972
JDR,20210511,0.03,0.03,0.028,0.028,908204
JDR,20210512,0.029,0.029,0.028,0.028,1404401
JDR,20210513,0.03,0.03,0.029,0.029,1356821
JDR,20210514,0.029,0.03,0.028,0.028,851137
JDR,20210517,0.03,0.03,0.028,0.029,407838
JDR,20210518,0.028,0.029,0.027,0.027,124583
JDR,20210519,0.026,0.027,0.026,0.027,562814
JDR,20210520,0.027,0.027,0.026,0.026,458814
JDR,20210521,0.027,0.027,0.025,0.025,3434294
JDR,20210524,0.026,0.026,0.024,0.024,1839925
JDR,20210525,0.025,0.026,0.024,0.025,1110518
JDR,20210526,0.027,0.028,0.024,0.026,2972900
JDR,20210527,0.025,0.026,0.025,0.026,2143496
JDR,20210528,0.026,0.026,0.025,0.025,2061508
JDR,20210531,0.025,0.025,0.024,0.024,1644366
JDR,20210601,0.024,0.025,0.023,0.023,3697106
JDR,20210602,0.024,0.026,0.024,0.026,6668344
JDR,20210603,0.026,0.026,0.025,0.026,503122
JDR,20210604,0.025,0.025,0.025,0.025,676572
JDR,20210607,0.024,0.025,0.024,0.025,1879853
JDR,20210609,0.025,0.025,0.025,0.025,662000
JDR,20210610,0.026,0.026,0.025,0.025,1575258
JDR,20210611,0.025,0.026,0.025,0.026,2788337
JDR,20210615,0.026,0.026,0.024,0.024,1764893
JDR,20210616,0.024,0.025,0.023,0.025,1345402
JDR,20210617,0.025,0.025,0.025,0.025,0
JDR,20210618,0.023,0.024,0.022,0.023,1046563
JDR,20210621,0.023,0.023,0.022,0.022,297095
JDR,20210622,0.023,0.023,0.023,0.023,608209
JDR,20210623,0.023,0.023,0.022,0.022,795444
JDR,20210625,0.021,0.022,0.021,0.021,2359099
JDR,20210628,0.022,0.022,0.021,0.021,1926427
JDR,20210629,0.021,0.022,0.021,0.021,1250960
JDR,20210630,0.021,0.022,0.021,0.022,1618528
JDR,20210701,0.022,0.022,0.022,0.022,215362
JDR,20210705,0.024,0.024,0.023,0.023,55831
JDR,20210706,0.024,0.024,0.023,0.023,661715
JDR,20210707,0.022,0.022,0.022,0.022,50000
JDR,20210708,0.024,0.024,0.023,0.024,628766
JDR,20210709,0.024,0.024,0.024,0.024,1093946
JDR,20210712,0.024,0.024,0.024,0.024,506220
JDR,20210714,0.024,0.026,0.024,0.024,11709902
JDR,20210715,0.025,0.025,0.024,0.024,2615445
JDR,20210716,0.024,0.024,0.024,0.024,0
JDR,20210719,0.023,0.023,0.023,0.023,130564
JDR,20210720,0.022,0.022,0.021,0.022,2738442
JDR,20210723,0.022,0.024,0.022,0.023,3892419
JDR,20210726,0.024,0.024,0.023,0.023,2657505
JDR,20210727,0.023,0.023,0.023,0.023,632000
JDR,20210728,0.024,0.024,0.023,0.023,931333
JDR,20210729,0.023,0.024,0.022,0.023,2823506
JDR,20210730,0.023,0.023,0.022,0.022,1646999
JDR,20210802,0.023,0.024,0.023,0.023,2027510
JDR,20210803,0.024,0.024,0.023,0.024,775784
JDR,20210804,0.024,0.027,0.024,0.025,4573599
JDR,20210805,0.025,0.027,0.025,0.026,1616297
JDR,20210806,0.027,0.031,0.027,0.031,12760829
JDR,20210809,0.032,0.033,0.03,0.031,12635894
JDR,20210810,0.031,0.031,0.029,0.029,1630426
JDR,20210811,0.03,0.031,0.029,0.029,2728027
JDR,20210812,0.03,0.033,0.03,0.031,11444708
JDR,20210813,0.032,0.034,0.031,0.031,15107484
JDR,20210819,0.03,0.03,0.028,0.028,6253377
JDR,20210820,0.029,0.029,0.027,0.027,4460957
JDR,20210823,0.028,0.029,0.028,0.029,2024396
JDR,20210824,0.029,0.029,0.029,0.029,549732
JDR,20210825,0.029,0.029,0.028,0.028,1367112
JDR,20210826,0.028,0.029,0.028,0.028,899787
JDR,20210827,0.028,0.028,0.027,0.028,2540817
JDR,20210830,0.027,0.028,0.026,0.027,1993999
JDR,20210831,0.026,0.026,0.026,0.026,362571
JDR,20210901,0.027,0.028,0.026,0.028,1994797
JDR,20210902,0.029,0.029,0.028,0.028,1115092
JDR,20210903,0.028,0.03,0.028,0.03,5000013
JDR,20210906,0.03,0.032,0.029,0.029,5750210
JDR,20210907,0.029,0.03,0.029,0.03,2159182
JDR,20210908,0.03,0.031,0.029,0.03,3694255
JDR,20210909,0.03,0.031,0.029,0.03,4875456
JDR,20210910,0.031,0.034,0.031,0.033,12348265
JDR,20210913,0.034,0.035,0.032,0.033,8239019
JDR,20210914,0.035,0.036,0.033,0.034,10072423
JDR,20210915,0.034,0.034,0.034,0.034,0
JDR,20210916,0.039,0.039,0.032,0.032,39497007
JDR,20210917,0.032,0.033,0.031,0.033,7309118
JDR,20210920,0.033,0.033,0.03,0.03,8646790
JDR,20210922,0.03,0.033,0.03,0.032,7125305
JDR,20210923,0.032,0.032,0.031,0.031,1625614
JDR,20210924,0.031,0.034,0.031,0.033,8076045
JDR,20210927,0.033,0.035,0.033,0.034,13530250
JDR,20210928,0.035,0.035,0.032,0.033,4391238
JDR,20210929,0.032,0.034,0.032,0.034,3363973
JDR,20210930,0.034,0.034,0.031,0.032,9869017
JDR,20211001,0.033,0.034,0.032,0.034,5953072
JDR,20211004,0.035,0.035,0.032,0.032,6531954
JDR,20211005,0.033,0.034,0.032,0.033,6337492
JDR,20211006,0.033,0.034,0.031,0.031,6015794
JDR,20211007,0.031,0.033,0.031,0.032,7170787
JDR,20211008,0.031,0.033,0.031,0.032,7761902
JDR,20211011,0.032,0.033,0.031,0.031,2018300
JDR,20211012,0.032,0.033,0.031,0.031,2068300
JDR,20211013,0.031,0.031,0.031,0.031,0
JDR,20211014,0.034,0.034,0.03,0.031,7710011
JDR,20211019,0.032,0.033,0.032,0.033,425216
JDR,20211020,0.033,0.033,0.032,0.033,1203408
JDR,20211021,0.033,0.033,0.031,0.031,3624980
JDR,20211022,0.032,0.034,0.031,0.034,6718138
JDR,20211025,0.035,0.039,0.034,0.038,11449980
JDR,20211026,0.039,0.04,0.037,0.039,13724616
JDR,20211028,0.039,0.039,0.036,0.039,7706775
JDR,20211029,0.039,0.039,0.037,0.039,4066240
JDR,20211101,0.038,0.038,0.035,0.037,6791050
JDR,20211102,0.037,0.037,0.036,0.036,2105996
JDR,20211103,0.037,0.039,0.035,0.039,10508735
JDR,20211104,0.039,0.039,0.037,0.038,6069053
JDR,20211105,0.038,0.042,0.038,0.042,31034224
JDR,20211109,0.047,0.048,0.045,0.046,27849799
JDR,20211110,0.045,0.045,0.042,0.044,14579138
JDR,20211112,0.044,0.044,0.044,0.044,0
JDR,20211115,0.046,0.048,0.044,0.047,14269488
JDR,20211116,0.05,0.051,0.045,0.046,27246813
JDR,20211117,0.047,0.047,0.044,0.046,9020562
JDR,20211118,0.046,0.054,0.046,0.054,32700931
JDR,20211119,0.057,0.057,0.052,0.054,28245916
JDR,20211122,0.054,0.054,0.052,0.053,7349746
JDR,20211123,0.052,0.053,0.05,0.053,9585257
JDR,20211124,0.053,0.053,0.05,0.052,6759303
JDR,20211125,0.046,0.053,0.043,0.049,15895875
JDR,20211126,0.049,0.056,0.049,0.052,26605954
JDR,20211129,0.049,0.053,0.047,0.053,9022401
JDR,20211130,0.053,0.055,0.052,0.054,8336701
JDR,20211201,0.054,0.054,0.054,0.054,0
JDR,20211202,0.061,0.073,0.06,0.065,153956125
JDR,20211203,0.069,0.071,0.057,0.057,54268200
JDR,20211206,0.059,0.059,0.054,0.055,13199781
JDR,20211207,0.057,0.057,0.054,0.054,13579001
JDR,20211208,0.055,0.056,0.052,0.053,8620248
JDR,20211209,0.053,0.053,0.053,0.053,0
JDR,20220304,0.053,0.053,0.053,0.053,0
