JMS,20180418,0.39,0.41,0.362,0.4,51897694
JMS,20180419,0.425,0.43,0.41,0.415,12382877
JMS,20180420,0.415,0.415,0.407,0.415,8768759
JMS,20180423,0.41,0.415,0.382,0.385,5383897
JMS,20180424,0.385,0.395,0.385,0.39,3718187
JMS,20180426,0.385,0.405,0.385,0.39,9948773
JMS,20180427,0.39,0.405,0.39,0.39,5451262
JMS,20180430,0.39,0.395,0.385,0.385,3720426
JMS,20180501,0.385,0.39,0.38,0.385,2976135
JMS,20180502,0.39,0.39,0.38,0.38,4628240
JMS,20180503,0.38,0.39,0.38,0.385,4001703
JMS,20180504,0.385,0.4,0.385,0.39,5098045
JMS,20180507,0.39,0.395,0.375,0.38,2445903
JMS,20180508,0.375,0.385,0.375,0.375,2874412
JMS,20180509,0.375,0.375,0.35,0.37,3819948
JMS,20180510,0.355,0.36,0.35,0.35,5796937
JMS,20180511,0.36,0.37,0.355,0.37,1366532
JMS,20180514,0.37,0.37,0.355,0.36,4492132
JMS,20180515,0.355,0.36,0.35,0.35,1964328
JMS,20180516,0.345,0.365,0.345,0.36,2852324
JMS,20180517,0.36,0.37,0.355,0.36,3656167
JMS,20180518,0.365,0.365,0.355,0.365,2675347
JMS,20180521,0.36,0.365,0.36,0.365,2973413
JMS,20180522,0.365,0.37,0.36,0.365,2257971
JMS,20180523,0.365,0.365,0.36,0.365,1838771
JMS,20180524,0.365,0.37,0.355,0.36,2251517
JMS,20180525,0.36,0.36,0.345,0.345,2738610
JMS,20180528,0.34,0.345,0.325,0.335,3592927
JMS,20180529,0.33,0.35,0.33,0.345,1763975
JMS,20180530,0.34,0.34,0.33,0.335,786101
JMS,20180531,0.335,0.352,0.335,0.35,1753366
JMS,20180601,0.35,0.38,0.35,0.375,1677613
JMS,20180604,0.375,0.38,0.355,0.355,1186350
JMS,20180605,0.355,0.37,0.355,0.36,771905
JMS,20180606,0.36,0.365,0.355,0.36,1046365
JMS,20180607,0.355,0.36,0.345,0.35,447020
JMS,20180608,0.35,0.355,0.34,0.35,483795
JMS,20180612,0.35,0.36,0.35,0.35,714302
JMS,20180613,0.35,0.355,0.335,0.34,1428292
JMS,20180614,0.34,0.355,0.335,0.35,766272
JMS,20180615,0.35,0.355,0.345,0.35,468007
JMS,20180618,0.37,0.4,0.37,0.37,3533503
JMS,20180619,0.375,0.375,0.345,0.36,2408042
JMS,20180620,0.36,0.375,0.355,0.375,1641399
JMS,20180621,0.375,0.38,0.36,0.36,2119745
JMS,20180622,0.365,0.375,0.365,0.375,352988
JMS,20180625,0.37,0.385,0.37,0.38,1340672
JMS,20180626,0.385,0.39,0.375,0.375,2505057
JMS,20180627,0.38,0.385,0.375,0.385,1388299
JMS,20180628,0.385,0.39,0.38,0.38,426740
JMS,20180629,0.38,0.39,0.38,0.385,2103498
JMS,20180702,0.385,0.395,0.385,0.39,3070755
JMS,20180703,0.385,0.395,0.385,0.39,1229149
JMS,20180704,0.39,0.395,0.39,0.395,605001
JMS,20180705,0.39,0.395,0.38,0.385,2371177
JMS,20180706,0.39,0.395,0.385,0.39,1285379
JMS,20180710,0.395,0.4,0.385,0.39,761752
JMS,20180711,0.39,0.39,0.38,0.38,668188
JMS,20180712,0.38,0.385,0.38,0.38,206171
JMS,20180713,0.38,0.39,0.375,0.38,494253
JMS,20180716,0.39,0.4,0.39,0.395,3009415
JMS,20180717,0.39,0.395,0.385,0.39,766893
JMS,20180718,0.39,0.395,0.385,0.39,882628
JMS,20180719,0.395,0.395,0.39,0.39,3116418
JMS,20180720,0.39,0.395,0.39,0.395,5572952
JMS,20180723,0.395,0.395,0.39,0.39,3052078
JMS,20180724,0.39,0.395,0.385,0.39,1186637
JMS,20180725,0.39,0.39,0.365,0.38,3437837
JMS,20180726,0.385,0.385,0.375,0.385,353245
JMS,20180727,0.38,0.39,0.38,0.38,463854
JMS,20180730,0.385,0.385,0.38,0.38,470865
JMS,20180731,0.39,0.39,0.375,0.385,850414
JMS,20180801,0.385,0.385,0.375,0.385,337536
JMS,20180802,0.35,0.355,0.345,0.345,277917081
JMS,20180803,0.35,0.355,0.345,0.35,24461992
JMS,20180806,0.35,0.355,0.35,0.355,10105970
JMS,20180807,0.355,0.355,0.35,0.35,7290263
JMS,20180808,0.35,0.355,0.35,0.35,2224132
JMS,20180809,0.35,0.35,0.345,0.35,769054
JMS,20180810,0.35,0.355,0.35,0.35,1278666
JMS,20180813,0.35,0.355,0.345,0.35,1245686
JMS,20180814,0.35,0.36,0.35,0.355,3015671
JMS,20180816,0.35,0.355,0.345,0.355,1984240
JMS,20180817,0.35,0.355,0.345,0.355,1514979
JMS,20180820,0.355,0.355,0.345,0.345,1496037
JMS,20180821,0.35,0.35,0.34,0.34,2043841
JMS,20180822,0.34,0.35,0.34,0.345,853491
JMS,20180823,0.345,0.355,0.345,0.355,2084830
JMS,20180824,0.35,0.355,0.35,0.35,4841969
JMS,20180827,0.33,0.355,0.315,0.34,3131687
JMS,20180828,0.35,0.35,0.345,0.35,2233397
JMS,20180829,0.345,0.35,0.34,0.345,822045
JMS,20180830,0.35,0.35,0.345,0.35,8439116
JMS,20180831,0.35,0.35,0.34,0.345,549228
JMS,20180903,0.35,0.355,0.345,0.355,10260881
JMS,20180904,0.35,0.35,0.345,0.35,645092
JMS,20180905,0.345,0.355,0.345,0.35,10886781
JMS,20180906,0.35,0.35,0.34,0.34,696379
JMS,20180907,0.34,0.345,0.335,0.345,1455945
JMS,20180910,0.35,0.355,0.34,0.35,3139443
JMS,20180913,0.34,0.35,0.34,0.35,4055987
JMS,20180914,0.345,0.35,0.34,0.345,1174770
JMS,20180917,0.355,0.375,0.35,0.355,11816569
JMS,20180918,0.365,0.375,0.365,0.37,3888754
JMS,20180919,0.375,0.38,0.365,0.375,18045141
JMS,20180920,0.385,0.39,0.375,0.385,5846818
JMS,20180921,0.345,0.345,0.322,0.33,26097005
JMS,20180924,0.335,0.335,0.33,0.335,2055747
JMS,20180925,0.335,0.347,0.33,0.335,2333166
JMS,20180926,0.34,0.34,0.33,0.33,1158035
JMS,20180927,0.34,0.34,0.33,0.335,1493086
JMS,20180928,0.335,0.34,0.33,0.34,2319779
JMS,20181001,0.34,0.345,0.335,0.34,345698
JMS,20181002,0.34,0.345,0.335,0.34,2051508
JMS,20181003,0.335,0.345,0.335,0.34,2580239
JMS,20181004,0.34,0.34,0.33,0.34,795649
JMS,20181005,0.34,0.34,0.33,0.34,6121125
JMS,20181008,0.34,0.34,0.332,0.335,11192411
JMS,20181009,0.34,0.34,0.325,0.33,3017332
JMS,20181010,0.33,0.33,0.32,0.33,695022
JMS,20181011,0.325,0.325,0.31,0.315,4359050
JMS,20181012,0.32,0.32,0.31,0.31,2698100
JMS,20181015,0.32,0.325,0.315,0.325,3990227
JMS,20181016,0.325,0.325,0.315,0.32,2638089
JMS,20181017,0.33,0.33,0.32,0.325,2873786
JMS,20181018,0.33,0.33,0.315,0.315,1288836
JMS,20181019,0.32,0.32,0.31,0.315,1326079
JMS,20181022,0.315,0.32,0.31,0.315,2522119
JMS,20181023,0.315,0.32,0.315,0.32,861144
JMS,20181024,0.315,0.32,0.31,0.315,647222
JMS,20181025,0.315,0.32,0.29,0.315,3081045
JMS,20181026,0.315,0.32,0.31,0.32,2125241
JMS,20181030,0.305,0.31,0.3,0.305,14133007
JMS,20181031,0.31,0.32,0.305,0.315,2581943
JMS,20181101,0.315,0.315,0.305,0.305,737317
JMS,20181102,0.31,0.315,0.3,0.31,1064235
JMS,20181105,0.31,0.31,0.3,0.305,1195241
JMS,20181106,0.31,0.31,0.3,0.31,464784
JMS,20181107,0.31,0.315,0.3,0.31,1228586
JMS,20181108,0.315,0.32,0.31,0.32,891109
JMS,20181109,0.32,0.34,0.315,0.33,3258262
JMS,20181112,0.33,0.33,0.32,0.32,970194
JMS,20181113,0.32,0.33,0.31,0.315,2417283
JMS,20181114,0.31,0.315,0.29,0.29,7867958
JMS,20181115,0.295,0.3,0.29,0.295,1958142
JMS,20181116,0.305,0.31,0.295,0.3,3334557
JMS,20181119,0.3,0.3,0.29,0.29,1132786
JMS,20181120,0.295,0.295,0.29,0.29,1515225
JMS,20181121,0.3,0.302,0.29,0.29,2393453
JMS,20181122,0.295,0.3,0.29,0.29,1168958
JMS,20181123,0.295,0.297,0.29,0.29,491175
JMS,20181126,0.29,0.295,0.28,0.29,1799700
JMS,20181127,0.29,0.295,0.285,0.285,1175196
JMS,20181128,0.285,0.285,0.275,0.28,2854288
JMS,20181129,0.285,0.295,0.285,0.29,1645196
JMS,20181130,0.29,0.29,0.28,0.285,931377
JMS,20181203,0.285,0.29,0.28,0.285,975588
JMS,20181204,0.29,0.295,0.275,0.285,2324508
JMS,20181205,0.285,0.295,0.28,0.28,1161515
JMS,20181206,0.285,0.29,0.282,0.285,1114716
JMS,20181207,0.29,0.29,0.27,0.27,2412772
JMS,20181210,0.27,0.28,0.27,0.275,1855976
JMS,20181211,0.275,0.275,0.26,0.26,1842806
JMS,20181212,0.26,0.275,0.26,0.265,2910414
JMS,20181213,0.265,0.27,0.26,0.265,1111919
JMS,20181214,0.265,0.27,0.26,0.265,1778582
JMS,20181217,0.26,0.285,0.26,0.27,1661857
JMS,20181218,0.27,0.27,0.26,0.265,1396240
JMS,20181219,0.265,0.27,0.255,0.255,4121169
JMS,20181220,0.255,0.255,0.235,0.24,3093158
JMS,20181221,0.245,0.245,0.235,0.24,1396857
JMS,20181224,0.24,0.245,0.24,0.245,365759
JMS,20181227,0.245,0.25,0.245,0.245,122965
JMS,20181228,0.25,0.25,0.245,0.245,296193
JMS,20181231,0.245,0.25,0.24,0.25,488238
JMS,20190102,0.25,0.25,0.24,0.24,601645
JMS,20190103,0.25,0.25,0.24,0.245,398750
JMS,20190104,0.245,0.25,0.237,0.24,307927
JMS,20190107,0.245,0.245,0.235,0.235,551445
JMS,20190108,0.24,0.24,0.23,0.23,1690584
JMS,20190109,0.23,0.24,0.23,0.235,405880
JMS,20190110,0.24,0.25,0.235,0.245,933091
JMS,20190111,0.25,0.255,0.245,0.245,1087002
JMS,20190114,0.245,0.25,0.24,0.245,1204682
JMS,20190115,0.245,0.245,0.24,0.24,520383
JMS,20190116,0.245,0.245,0.24,0.24,266231
JMS,20190117,0.24,0.245,0.24,0.24,274020
JMS,20190118,0.25,0.25,0.245,0.25,5847745
JMS,20190121,0.25,0.25,0.24,0.24,1363864
JMS,20190122,0.245,0.25,0.24,0.245,2517768
JMS,20190123,0.245,0.245,0.24,0.24,348671
JMS,20190124,0.24,0.242,0.235,0.235,1530669
JMS,20190125,0.24,0.24,0.235,0.235,390294
JMS,20190129,0.24,0.24,0.235,0.235,347537
JMS,20190130,0.24,0.245,0.235,0.24,996281
JMS,20190131,0.25,0.25,0.24,0.245,2309910
JMS,20190201,0.255,0.255,0.24,0.24,1816735
JMS,20190204,0.245,0.245,0.235,0.245,3725650
JMS,20190205,0.24,0.245,0.24,0.245,877424
JMS,20190206,0.25,0.255,0.245,0.25,4127387
JMS,20190207,0.26,0.27,0.26,0.265,5360367
JMS,20190208,0.27,0.28,0.265,0.275,12224293
JMS,20190211,0.285,0.305,0.28,0.295,13981392
JMS,20190212,0.3,0.305,0.29,0.295,19883440
JMS,20190213,0.29,0.295,0.285,0.29,2599696
JMS,20190214,0.29,0.315,0.285,0.31,4421637
JMS,20190215,0.315,0.317,0.31,0.315,2672573
JMS,20190218,0.315,0.315,0.305,0.31,4385758
JMS,20190219,0.31,0.31,0.3,0.305,6697212
JMS,20190220,0.305,0.322,0.3,0.31,4788513
JMS,20190221,0.33,0.33,0.325,0.33,1715299
JMS,20190222,0.325,0.325,0.315,0.32,1846416
JMS,20190225,0.33,0.335,0.325,0.325,7897921
JMS,20190226,0.335,0.335,0.32,0.32,5249077
JMS,20190227,0.325,0.355,0.325,0.34,11372424
JMS,20190228,0.35,0.35,0.34,0.34,2153840
JMS,20190301,0.345,0.35,0.34,0.34,1396383
JMS,20190304,0.345,0.35,0.34,0.34,714625
JMS,20190305,0.34,0.345,0.325,0.325,3480756
JMS,20190306,0.33,0.34,0.327,0.34,8244415
JMS,20190307,0.335,0.345,0.335,0.335,1029094
JMS,20190308,0.335,0.34,0.33,0.335,2661956
JMS,20190311,0.33,0.335,0.325,0.33,2225271
JMS,20190312,0.335,0.345,0.33,0.345,1211328
JMS,20190313,0.34,0.345,0.33,0.34,1652803
JMS,20190314,0.335,0.335,0.33,0.335,2457715
JMS,20190315,0.335,0.34,0.33,0.335,1474117
JMS,20190318,0.335,0.34,0.33,0.335,2233187
JMS,20190319,0.34,0.34,0.33,0.34,1395665
JMS,20190320,0.34,0.345,0.335,0.345,2678397
JMS,20190321,0.34,0.345,0.335,0.345,1765705
JMS,20190322,0.345,0.345,0.332,0.34,2198181
JMS,20190325,0.335,0.345,0.33,0.34,2542135
JMS,20190326,0.34,0.345,0.34,0.345,3124721
JMS,20190327,0.345,0.35,0.34,0.35,1715715
JMS,20190328,0.35,0.35,0.34,0.34,2498846
JMS,20190329,0.345,0.35,0.337,0.34,4937607
JMS,20190401,0.345,0.355,0.34,0.345,4810747
JMS,20190402,0.35,0.355,0.335,0.335,12352417
JMS,20190403,0.35,0.35,0.335,0.335,5049634
JMS,20190404,0.345,0.345,0.33,0.33,4423728
JMS,20190405,0.335,0.34,0.325,0.33,3380360
JMS,20190408,0.34,0.34,0.325,0.325,2536022
JMS,20190409,0.33,0.335,0.325,0.335,1270885
JMS,20190410,0.335,0.337,0.315,0.32,3884123
JMS,20190411,0.32,0.325,0.305,0.315,3582948
JMS,20190412,0.315,0.315,0.305,0.315,1281195
JMS,20190415,0.315,0.325,0.31,0.315,1236027
JMS,20190416,0.33,0.335,0.325,0.33,1960820
JMS,20190417,0.335,0.335,0.315,0.325,1180209
JMS,20190418,0.325,0.33,0.32,0.32,1634968
JMS,20190423,0.33,0.335,0.32,0.33,3129244
JMS,20190424,0.33,0.335,0.325,0.335,2353109
JMS,20190426,0.335,0.34,0.327,0.335,3604265
JMS,20190429,0.34,0.345,0.335,0.34,9258851
JMS,20190430,0.345,0.355,0.34,0.355,12215149
JMS,20190501,0.355,0.355,0.34,0.34,3687828
JMS,20190502,0.345,0.35,0.34,0.345,1529199
JMS,20190503,0.345,0.345,0.335,0.335,2836625
JMS,20190506,0.31,0.31,0.295,0.305,2685384
JMS,20190507,0.305,0.31,0.305,0.305,3749185
JMS,20190508,0.305,0.31,0.29,0.3,3507372
JMS,20190509,0.31,0.31,0.297,0.305,1731014
JMS,20190510,0.305,0.31,0.3,0.3,1078258
JMS,20190513,0.305,0.31,0.295,0.3,1724672
JMS,20190514,0.3,0.305,0.295,0.305,6095402
JMS,20190515,0.305,0.305,0.3,0.3,1468032
JMS,20190516,0.305,0.312,0.3,0.31,5569439
JMS,20190517,0.32,0.325,0.315,0.32,4390086
JMS,20190520,0.325,0.345,0.325,0.345,3519825
JMS,20190521,0.34,0.35,0.335,0.335,3131835
JMS,20190522,0.34,0.345,0.335,0.34,1754985
JMS,20190523,0.355,0.37,0.345,0.345,12821879
JMS,20190524,0.35,0.352,0.34,0.34,6199490
JMS,20190527,0.35,0.355,0.345,0.35,27033131
JMS,20190528,0.35,0.355,0.34,0.355,29710554
JMS,20190529,0.355,0.36,0.345,0.36,7560234
JMS,20190530,0.355,0.36,0.35,0.36,3257052
JMS,20190531,0.36,0.36,0.35,0.36,4782876
JMS,20190603,0.355,0.355,0.345,0.35,4285496
JMS,20190604,0.35,0.355,0.345,0.35,2495157
JMS,20190605,0.35,0.35,0.34,0.34,4369839
JMS,20190606,0.35,0.35,0.34,0.35,3686873
JMS,20190607,0.355,0.357,0.335,0.345,3440348
JMS,20190611,0.345,0.35,0.34,0.35,2289865
JMS,20190612,0.35,0.36,0.345,0.355,2736482
JMS,20190613,0.36,0.36,0.34,0.34,5461380
JMS,20190614,0.35,0.355,0.335,0.34,5648282
JMS,20190617,0.35,0.355,0.34,0.355,3948343
JMS,20190618,0.355,0.37,0.35,0.36,7022161
JMS,20190619,0.365,0.372,0.36,0.37,5571854
JMS,20190620,0.365,0.37,0.362,0.365,4275664
JMS,20190621,0.365,0.365,0.345,0.345,20083467
JMS,20190624,0.35,0.35,0.34,0.345,2256103
JMS,20190625,0.345,0.35,0.34,0.345,3953770
JMS,20190626,0.35,0.35,0.345,0.345,1830552
JMS,20190627,0.35,0.36,0.345,0.35,3028287
JMS,20190628,0.35,0.352,0.34,0.345,7466191
JMS,20190701,0.345,0.345,0.34,0.34,1894382
JMS,20190702,0.34,0.345,0.34,0.34,5375659
JMS,20190703,0.34,0.35,0.335,0.35,5154108
JMS,20190704,0.35,0.35,0.34,0.345,5405055
JMS,20190705,0.345,0.345,0.335,0.34,4274799
JMS,20190708,0.335,0.34,0.335,0.34,3746778
JMS,20190709,0.34,0.34,0.335,0.335,1569612
JMS,20190710,0.34,0.34,0.335,0.34,1939463
JMS,20190711,0.345,0.35,0.34,0.35,3721040
JMS,20190712,0.35,0.35,0.34,0.35,4885220
JMS,20190715,0.35,0.365,0.345,0.365,4720412
JMS,20190716,0.365,0.37,0.36,0.365,3589807
JMS,20190717,0.36,0.37,0.36,0.37,2189101
JMS,20190718,0.37,0.37,0.365,0.37,1429318
JMS,20190719,0.37,0.375,0.365,0.37,1800364
JMS,20190722,0.37,0.375,0.365,0.37,2268774
JMS,20190723,0.375,0.375,0.365,0.37,2624762
JMS,20190724,0.375,0.375,0.365,0.37,1918942
JMS,20190725,0.375,0.38,0.37,0.38,1580539
JMS,20190726,0.38,0.4,0.375,0.4,6202749
JMS,20190729,0.4,0.405,0.39,0.395,7132641
JMS,20190730,0.4,0.41,0.395,0.4,4316784
JMS,20190731,0.405,0.415,0.4,0.405,5006192
JMS,20190801,0.405,0.43,0.402,0.42,3926861
JMS,20190802,0.41,0.415,0.405,0.41,3954837
JMS,20190805,0.41,0.41,0.38,0.39,4837414
JMS,20190806,0.365,0.377,0.347,0.365,8823657
JMS,20190807,0.37,0.39,0.37,0.39,2342107
JMS,20190808,0.39,0.39,0.375,0.375,1088055
JMS,20190809,0.385,0.387,0.375,0.375,1422974
JMS,20190812,0.385,0.385,0.37,0.38,2831410
JMS,20190813,0.38,0.385,0.375,0.38,4605231
JMS,20190814,0.375,0.39,0.375,0.385,3393487
JMS,20190815,0.38,0.385,0.37,0.38,2360682
JMS,20190816,0.38,0.38,0.37,0.37,7812929
JMS,20190819,0.375,0.39,0.375,0.39,2159716
JMS,20190820,0.385,0.39,0.375,0.38,1966420
JMS,20190821,0.39,0.39,0.38,0.39,1029678
JMS,20190822,0.39,0.39,0.38,0.39,1495775
JMS,20190823,0.385,0.39,0.38,0.39,2381393
JMS,20190826,0.39,0.4,0.385,0.395,4135640
JMS,20190827,0.395,0.395,0.38,0.39,3716364
JMS,20190828,0.39,0.395,0.38,0.385,2136738
JMS,20190829,0.39,0.39,0.38,0.385,2901637
JMS,20190830,0.39,0.39,0.375,0.375,1874555
JMS,20190902,0.375,0.39,0.375,0.385,2045620
JMS,20190903,0.385,0.385,0.375,0.375,1393283
JMS,20190904,0.375,0.38,0.37,0.37,2907743
JMS,20190905,0.375,0.375,0.36,0.375,5196371
JMS,20190906,0.375,0.385,0.37,0.38,6627112
JMS,20190909,0.385,0.4,0.38,0.4,3105424
JMS,20190910,0.4,0.405,0.39,0.4,2385476
JMS,20190911,0.395,0.402,0.395,0.4,2622587
JMS,20190912,0.4,0.4,0.39,0.39,2445351
JMS,20190913,0.395,0.405,0.392,0.395,3833021
JMS,20190916,0.4,0.4,0.39,0.395,2621635
JMS,20190917,0.405,0.415,0.395,0.405,2463222
JMS,20190918,0.405,0.42,0.4,0.42,4212569
JMS,20190919,0.415,0.415,0.405,0.41,5452965
JMS,20190920,0.41,0.415,0.41,0.415,38009329
JMS,20190923,0.42,0.42,0.405,0.41,3215899
JMS,20190924,0.405,0.41,0.395,0.395,3467746
JMS,20190925,0.395,0.395,0.385,0.39,3701537
JMS,20190926,0.395,0.4,0.385,0.39,4000506
JMS,20190927,0.39,0.39,0.377,0.39,8113171
JMS,20190930,0.39,0.392,0.38,0.39,2658619
JMS,20191001,0.385,0.39,0.375,0.385,3781853
JMS,20191002,0.39,0.39,0.37,0.37,4941957
JMS,20191003,0.39,0.39,0.37,0.37,3812276
JMS,20191004,0.375,0.38,0.37,0.375,1441013
JMS,20191007,0.375,0.38,0.37,0.375,2618558
JMS,20191008,0.38,0.387,0.37,0.385,1940001
JMS,20191009,0.375,0.385,0.37,0.38,2027090
JMS,20191010,0.38,0.382,0.375,0.38,2432907
JMS,20191011,0.38,0.38,0.37,0.37,6455495
JMS,20191014,0.38,0.38,0.365,0.365,2940049
JMS,20191015,0.36,0.365,0.345,0.35,8399446
JMS,20191016,0.35,0.36,0.34,0.345,5012309
JMS,20191017,0.35,0.35,0.34,0.34,1852926
JMS,20191018,0.345,0.35,0.33,0.35,3189946
JMS,20191021,0.345,0.35,0.34,0.345,4808991
JMS,20191022,0.35,0.355,0.34,0.35,1804801
JMS,20191023,0.345,0.35,0.34,0.345,1485430
JMS,20191024,0.345,0.35,0.335,0.335,1873618
JMS,20191025,0.34,0.345,0.33,0.33,2962468
JMS,20191028,0.335,0.335,0.31,0.32,10255074
JMS,20191029,0.32,0.32,0.31,0.31,5885610
JMS,20191030,0.315,0.335,0.31,0.325,3304907
JMS,20191031,0.35,0.355,0.332,0.335,8976658
JMS,20191101,0.335,0.34,0.325,0.325,8108365
JMS,20191104,0.33,0.335,0.32,0.325,8854212
JMS,20191105,0.325,0.325,0.31,0.315,10906903
JMS,20191106,0.275,0.285,0.265,0.275,11219812
JMS,20191107,0.27,0.275,0.265,0.265,8248813
JMS,20191108,0.27,0.27,0.245,0.25,12039147
JMS,20191111,0.27,0.27,0.245,0.25,12039147
JMS,20191112,0.26,0.265,0.255,0.26,8127988
JMS,20191113,0.26,0.265,0.255,0.26,9863405
JMS,20191114,0.26,0.26,0.255,0.255,5006546
JMS,20191115,0.26,0.26,0.25,0.26,3022280
JMS,20191118,0.255,0.265,0.255,0.255,2622987
JMS,20191119,0.26,0.265,0.26,0.26,7580088
JMS,20191120,0.26,0.265,0.25,0.265,12518588
JMS,20191121,0.26,0.265,0.255,0.26,6604493
JMS,20191122,0.26,0.26,0.255,0.255,1008419
JMS,20191125,0.26,0.26,0.25,0.25,3948157
JMS,20191126,0.255,0.255,0.245,0.25,6474003
JMS,20191127,0.245,0.255,0.245,0.25,3849222
JMS,20191128,0.255,0.26,0.245,0.25,2607003
JMS,20191129,0.25,0.255,0.245,0.25,1478896
JMS,20191202,0.25,0.255,0.25,0.25,1647317
JMS,20191203,0.25,0.26,0.247,0.255,5188404
JMS,20191204,0.26,0.26,0.25,0.25,3137356
JMS,20191205,0.255,0.26,0.25,0.25,6678307
JMS,20191206,0.255,0.255,0.25,0.25,1724860
JMS,20191209,0.25,0.255,0.24,0.24,5931748
JMS,20191210,0.245,0.25,0.245,0.245,2675887
JMS,20191211,0.25,0.25,0.235,0.235,3708084
JMS,20191212,0.245,0.25,0.24,0.245,5170101
JMS,20191213,0.25,0.255,0.245,0.25,7182648
JMS,20191216,0.255,0.27,0.255,0.265,39025026
JMS,20191217,0.27,0.27,0.255,0.265,11748766
JMS,20191218,0.26,0.275,0.26,0.27,21353194
JMS,20191219,0.275,0.3,0.265,0.29,10883440
JMS,20191220,0.295,0.305,0.28,0.28,37080451
JMS,20191223,0.275,0.287,0.275,0.285,3605727
JMS,20191224,0.29,0.295,0.285,0.285,1126446
JMS,20191227,0.29,0.3,0.28,0.29,3291234
JMS,20191230,0.295,0.295,0.28,0.28,2734566
JMS,20191231,0.28,0.29,0.28,0.28,3144403
JMS,20200102,0.285,0.29,0.277,0.29,1660575
JMS,20200103,0.29,0.3,0.28,0.3,3331435
JMS,20200106,0.3,0.3,0.29,0.29,1674078
JMS,20200107,0.3,0.3,0.29,0.29,2507270
JMS,20200108,0.3,0.3,0.29,0.295,3563112
JMS,20200109,0.3,0.305,0.295,0.305,2428738
JMS,20200113,0.305,0.315,0.3,0.305,2434330
JMS,20200114,0.31,0.31,0.3,0.305,1252369
JMS,20200115,0.305,0.315,0.305,0.315,2130890
JMS,20200116,0.31,0.312,0.305,0.305,1375056
JMS,20200117,0.305,0.31,0.3,0.31,1405709
JMS,20200120,0.31,0.31,0.3,0.31,1365015
JMS,20200121,0.31,0.315,0.305,0.31,1086979
JMS,20200122,0.31,0.31,0.3,0.31,1501045
JMS,20200123,0.31,0.31,0.3,0.31,998046
JMS,20200124,0.305,0.31,0.3,0.305,1160372
JMS,20200128,0.3,0.3,0.285,0.285,3875911
JMS,20200129,0.29,0.295,0.287,0.295,1109378
JMS,20200130,0.295,0.295,0.285,0.285,1890384
JMS,20200203,0.285,0.285,0.275,0.275,3914145
JMS,20200204,0.285,0.285,0.275,0.275,1697667
JMS,20200205,0.285,0.285,0.275,0.275,1402498
JMS,20200210,0.28,0.28,0.275,0.275,2068787
JMS,20200211,0.275,0.28,0.27,0.27,1695222
JMS,20200212,0.27,0.29,0.27,0.29,1627214
JMS,20200213,0.29,0.295,0.285,0.29,3286424
JMS,20200214,0.29,0.295,0.285,0.295,3793627
JMS,20200217,0.295,0.295,0.28,0.29,3689405
JMS,20200218,0.285,0.285,0.275,0.275,888542
JMS,20200219,0.28,0.28,0.265,0.275,5849008
JMS,20200220,0.28,0.285,0.275,0.275,2281244
JMS,20200221,0.28,0.28,0.27,0.28,2176508
JMS,20200224,0.28,0.282,0.26,0.27,10889279
JMS,20200225,0.255,0.27,0.25,0.27,3059114
JMS,20200226,0.26,0.265,0.25,0.255,4864359
JMS,20200227,0.26,0.265,0.245,0.25,6902180
JMS,20200228,0.25,0.25,0.235,0.24,5980636
JMS,20200302,0.235,0.245,0.22,0.24,9054282
JMS,20200303,0.25,0.26,0.245,0.25,5229976
JMS,20200304,0.24,0.26,0.24,0.255,7109016
JMS,20200305,0.26,0.265,0.245,0.25,4744447
JMS,20200306,0.245,0.25,0.235,0.245,5582026
JMS,20200309,0.245,0.25,0.22,0.23,11668155
JMS,20200310,0.22,0.24,0.22,0.24,2857913
JMS,20200311,0.245,0.247,0.225,0.225,3211841
JMS,20200312,0.225,0.23,0.21,0.23,5417214
JMS,20200313,0.215,0.225,0.2,0.225,10664238
JMS,20200316,0.22,0.22,0.205,0.205,3678847
JMS,20200317,0.205,0.225,0.205,0.22,3671451
JMS,20200318,0.225,0.225,0.2,0.205,5740267
JMS,20200319,0.2,0.21,0.19,0.195,5253543
JMS,20200320,0.2,0.245,0.2,0.245,12827881
JMS,20200323,0.22,0.23,0.205,0.22,4853982
JMS,20200324,0.205,0.205,0.195,0.195,5307978
JMS,20200325,0.205,0.215,0.2,0.215,2447876
JMS,20200326,0.23,0.24,0.215,0.22,8821550
JMS,20200327,0.22,0.225,0.205,0.205,3309367
JMS,20200330,0.21,0.23,0.2,0.23,5721815
JMS,20200331,0.225,0.232,0.215,0.22,6239803
JMS,20200401,0.225,0.227,0.22,0.225,1476712
JMS,20200402,0.22,0.23,0.217,0.225,1851739
JMS,20200403,0.225,0.235,0.22,0.225,4985290
JMS,20200406,0.23,0.23,0.215,0.225,5061132
JMS,20200407,0.235,0.235,0.22,0.235,3447051
JMS,20200408,0.235,0.24,0.225,0.23,2331370
JMS,20200409,0.23,0.23,0.225,0.225,6312052
JMS,20200414,0.23,0.265,0.23,0.255,7319832
JMS,20200415,0.26,0.265,0.255,0.26,4414830
JMS,20200416,0.26,0.26,0.24,0.245,1725713
JMS,20200417,0.245,0.255,0.24,0.245,1171371
JMS,20200420,0.25,0.255,0.245,0.255,1314392
JMS,20200421,0.255,0.255,0.245,0.255,1407627
JMS,20200422,0.245,0.255,0.24,0.25,2392537
JMS,20200423,0.255,0.26,0.24,0.245,5367341
JMS,20200424,0.245,0.25,0.237,0.24,3352835
JMS,20200427,0.26,0.265,0.25,0.255,4197702
JMS,20200428,0.265,0.265,0.26,0.26,2663796
JMS,20200429,0.265,0.275,0.26,0.27,5275336
JMS,20200430,0.275,0.28,0.27,0.27,3256209
JMS,20200501,0.275,0.28,0.27,0.27,3877126
JMS,20200504,0.28,0.28,0.272,0.28,2308089
JMS,20200505,0.28,0.285,0.27,0.28,4645592
JMS,20200506,0.285,0.285,0.265,0.275,1601200
JMS,20200507,0.27,0.27,0.265,0.27,820596
JMS,20200508,0.27,0.28,0.27,0.28,1728650
JMS,20200511,0.28,0.28,0.267,0.27,2518133
JMS,20200512,0.275,0.28,0.27,0.27,1822093
JMS,20200513,0.275,0.275,0.26,0.27,3096762
JMS,20200514,0.275,0.275,0.265,0.275,2442634
JMS,20200515,0.275,0.28,0.265,0.27,2976300
JMS,20200518,0.275,0.28,0.265,0.27,3245454
JMS,20200519,0.27,0.285,0.27,0.285,1131812
JMS,20200520,0.28,0.285,0.275,0.285,1558602
JMS,20200521,0.285,0.295,0.28,0.285,4498997
JMS,20200522,0.29,0.305,0.29,0.295,3633043
JMS,20200525,0.305,0.305,0.295,0.3,1474553
JMS,20200526,0.3,0.3,0.285,0.29,2147488
JMS,20200527,0.29,0.29,0.277,0.28,2570483
JMS,20200528,0.28,0.285,0.275,0.285,2182862
JMS,20200529,0.28,0.285,0.277,0.28,7776539
JMS,20200601,0.28,0.295,0.28,0.29,2211090
JMS,20200602,0.285,0.295,0.285,0.285,3013978
JMS,20200603,0.29,0.29,0.28,0.28,2799997
JMS,20200604,0.29,0.3,0.29,0.3,2188843
JMS,20200605,0.3,0.307,0.3,0.3,4204089
JMS,20200609,0.3,0.305,0.295,0.295,2369037
JMS,20200610,0.3,0.305,0.29,0.295,2776030
JMS,20200611,0.3,0.3,0.28,0.28,5288459
JMS,20200612,0.275,0.275,0.26,0.265,9533570
JMS,20200615,0.265,0.267,0.245,0.25,12882250
JMS,20200616,0.255,0.265,0.25,0.255,11331860
JMS,20200617,0.265,0.265,0.255,0.255,5474703
JMS,20200618,0.26,0.27,0.255,0.27,9580803
JMS,20200619,0.27,0.285,0.265,0.28,9038027
JMS,20200622,0.28,0.29,0.275,0.285,2182030
JMS,20200623,0.29,0.292,0.28,0.285,4539903
JMS,20200624,0.285,0.285,0.28,0.28,1646638
JMS,20200625,0.28,0.285,0.275,0.285,4111966
JMS,20200626,0.285,0.285,0.275,0.285,1009733
JMS,20200629,0.275,0.285,0.275,0.285,2787583
JMS,20200630,0.285,0.285,0.277,0.28,9998896
JMS,20200701,0.28,0.29,0.275,0.275,1839339
JMS,20200702,0.28,0.28,0.27,0.27,859629
JMS,20200703,0.275,0.28,0.265,0.27,3151231
JMS,20200706,0.265,0.28,0.265,0.27,1830606
JMS,20200707,0.275,0.28,0.27,0.275,1255111
JMS,20200708,0.275,0.28,0.27,0.27,946797
JMS,20200709,0.275,0.28,0.27,0.275,742478
JMS,20200710,0.28,0.285,0.28,0.285,1031002
JMS,20200713,0.28,0.285,0.27,0.27,1257786
JMS,20200714,0.28,0.28,0.27,0.27,899898
JMS,20200715,0.275,0.275,0.265,0.27,1986197
JMS,20200716,0.27,0.275,0.27,0.275,278343
JMS,20200717,0.275,0.28,0.27,0.27,1105624
JMS,20200720,0.275,0.28,0.27,0.28,1989746
JMS,20200721,0.28,0.29,0.275,0.29,3480836
JMS,20200722,0.285,0.295,0.285,0.295,1230886
JMS,20200723,0.295,0.295,0.29,0.295,1004460
JMS,20200724,0.29,0.3,0.285,0.3,10995041
JMS,20200727,0.295,0.3,0.29,0.29,5001620
JMS,20200728,0.295,0.3,0.295,0.3,2100482
JMS,20200729,0.3,0.3,0.29,0.29,1680569
JMS,20200730,0.3,0.3,0.29,0.29,656654
JMS,20200731,0.295,0.295,0.29,0.295,887260
JMS,20200803,0.29,0.3,0.29,0.29,1361286
JMS,20200804,0.295,0.295,0.29,0.29,1217348
JMS,20200805,0.29,0.295,0.29,0.29,1841154
JMS,20200806,0.295,0.295,0.29,0.295,499360
JMS,20200807,0.295,0.315,0.295,0.31,6699183
JMS,20200810,0.315,0.32,0.31,0.32,1965023
JMS,20200811,0.32,0.32,0.3,0.3,2833161
JMS,20200812,0.31,0.31,0.295,0.31,2215421
JMS,20200813,0.31,0.31,0.3,0.3,997087
JMS,20200814,0.3,0.305,0.295,0.295,1023014
JMS,20200817,0.295,0.305,0.295,0.305,526849
JMS,20200818,0.3,0.31,0.295,0.295,1842275
JMS,20200819,0.295,0.3,0.28,0.28,2997100
JMS,20200820,0.285,0.3,0.285,0.3,1154250
JMS,20200821,0.3,0.3,0.29,0.29,1560025
JMS,20200824,0.295,0.295,0.29,0.29,647412
JMS,20200825,0.29,0.295,0.285,0.285,3773567
JMS,20200826,0.29,0.29,0.275,0.275,5441408
JMS,20200827,0.28,0.285,0.275,0.28,5500371
JMS,20200828,0.28,0.282,0.275,0.28,1520904
JMS,20200831,0.28,0.285,0.275,0.275,1004194
JMS,20200901,0.275,0.28,0.275,0.275,1832100
JMS,20200902,0.28,0.28,0.27,0.27,2542939
JMS,20200903,0.28,0.28,0.27,0.27,1625538
JMS,20200904,0.27,0.275,0.27,0.27,1422490
JMS,20200907,0.27,0.275,0.27,0.275,2197969
JMS,20200908,0.27,0.275,0.265,0.265,1915333
JMS,20200909,0.265,0.27,0.255,0.255,3492812
JMS,20200910,0.265,0.27,0.262,0.27,1259060
JMS,20200911,0.27,0.27,0.26,0.27,2247229
JMS,20200914,0.27,0.275,0.26,0.265,3205891
JMS,20200915,0.26,0.26,0.255,0.255,2405945
JMS,20200916,0.26,0.265,0.26,0.26,1100079
JMS,20200917,0.26,0.27,0.26,0.27,4029072
JMS,20200918,0.27,0.28,0.27,0.27,4915030
JMS,20200921,0.27,0.28,0.27,0.27,1251511
JMS,20200922,0.275,0.275,0.26,0.27,2777604
JMS,20200923,0.275,0.275,0.265,0.27,1699953
JMS,20200924,0.275,0.285,0.27,0.275,4192773
JMS,20200925,0.28,0.285,0.275,0.275,3514417
JMS,20200928,0.28,0.28,0.275,0.275,1027104
JMS,20200929,0.28,0.28,0.275,0.28,2120896
JMS,20200930,0.28,0.28,0.275,0.28,1988153
JMS,20201001,0.28,0.28,0.275,0.28,714733
JMS,20201002,0.28,0.28,0.265,0.265,2286608
JMS,20201005,0.27,0.275,0.265,0.265,1547831
JMS,20201006,0.265,0.27,0.265,0.27,613443
JMS,20201007,0.275,0.275,0.27,0.27,889830
JMS,20201008,0.275,0.28,0.27,0.28,859792
JMS,20201009,0.28,0.28,0.275,0.28,827182
JMS,20201012,0.28,0.28,0.275,0.28,418278
JMS,20201013,0.28,0.28,0.275,0.275,3108960
JMS,20201014,0.28,0.28,0.27,0.275,1420396
JMS,20201015,0.275,0.28,0.275,0.28,2204971
JMS,20201016,0.28,0.28,0.275,0.28,957029
JMS,20201019,0.28,0.28,0.275,0.275,929836
JMS,20201020,0.275,0.28,0.275,0.28,2031432
JMS,20201021,0.28,0.285,0.275,0.275,2113141
JMS,20201022,0.28,0.285,0.28,0.28,1602722
JMS,20201023,0.285,0.285,0.28,0.28,1022790
JMS,20201026,0.28,0.285,0.28,0.285,726021
JMS,20201027,0.28,0.282,0.275,0.275,2197879
JMS,20201028,0.28,0.28,0.275,0.28,2140279
JMS,20201029,0.275,0.285,0.27,0.28,3179486
JMS,20201030,0.28,0.285,0.275,0.285,2275509
JMS,20201102,0.28,0.29,0.275,0.29,3699256
JMS,20201103,0.28,0.28,0.27,0.27,1938817
JMS,20201104,0.275,0.275,0.26,0.26,1664094
JMS,20201105,0.27,0.27,0.26,0.26,7756907
JMS,20201106,0.265,0.27,0.26,0.27,2669940
JMS,20201109,0.27,0.27,0.26,0.265,11832536
JMS,20201110,0.27,0.275,0.265,0.27,3732729
JMS,20201111,0.275,0.28,0.27,0.275,2117959
JMS,20201112,0.275,0.285,0.275,0.285,1779485
JMS,20201113,0.285,0.285,0.275,0.285,1855092
JMS,20201116,0.285,0.29,0.285,0.29,372397
JMS,20201117,0.29,0.29,0.28,0.285,1143977
JMS,20201118,0.285,0.285,0.28,0.28,399569
JMS,20201120,0.28,0.29,0.275,0.275,911103
JMS,20201123,0.275,0.29,0.275,0.29,1459742
JMS,20201124,0.29,0.295,0.285,0.29,5236336
JMS,20201125,0.29,0.295,0.29,0.29,2342099
JMS,20201126,0.29,0.295,0.287,0.29,5260042
JMS,20201127,0.295,0.295,0.29,0.295,1783248
JMS,20201130,0.295,0.295,0.28,0.28,10865726
JMS,20201201,0.28,0.29,0.28,0.285,1175530
JMS,20201202,0.285,0.285,0.275,0.275,1879982
JMS,20201203,0.28,0.29,0.28,0.28,13433709
JMS,20201204,0.285,0.29,0.282,0.285,8239964
JMS,20201207,0.29,0.295,0.285,0.285,5312520
JMS,20201208,0.285,0.285,0.28,0.285,2200514
JMS,20201209,0.285,0.285,0.28,0.285,1560450
JMS,20201210,0.285,0.285,0.275,0.275,2074449
JMS,20201211,0.28,0.28,0.275,0.28,2173298
JMS,20201214,0.28,0.285,0.275,0.285,1012933
JMS,20201215,0.28,0.285,0.27,0.285,5621347
JMS,20201216,0.285,0.285,0.27,0.275,4850932
JMS,20201217,0.275,0.285,0.27,0.285,4491415
JMS,20201218,0.28,0.285,0.277,0.28,7720085
JMS,20201221,0.285,0.29,0.28,0.29,3342618
JMS,20201222,0.29,0.315,0.29,0.31,11301823
JMS,20201224,0.315,0.315,0.315,0.315,0
JMS,20201229,0.315,0.32,0.31,0.31,1972103
JMS,20201230,0.31,0.31,0.3,0.3,1029557
JMS,20201231,0.305,0.305,0.3,0.305,313142
JMS,20210104,0.305,0.325,0.305,0.325,2459662
JMS,20210105,0.325,0.33,0.315,0.33,2969957
JMS,20210106,0.33,0.35,0.325,0.345,5243699
JMS,20210107,0.345,0.35,0.335,0.35,2859608
JMS,20210108,0.35,0.35,0.32,0.325,3426315
JMS,20210111,0.32,0.33,0.32,0.325,1913552
JMS,20210112,0.32,0.32,0.305,0.305,3981289
JMS,20210113,0.305,0.31,0.3,0.3,2542033
JMS,20210114,0.32,0.325,0.31,0.32,1388565
JMS,20210115,0.325,0.325,0.32,0.32,1238912
JMS,20210118,0.325,0.33,0.315,0.32,2140029
JMS,20210119,0.32,0.32,0.315,0.315,545748
JMS,20210120,0.32,0.32,0.31,0.32,644502
JMS,20210121,0.32,0.33,0.31,0.33,2037267
JMS,20210122,0.325,0.33,0.315,0.33,2049006
JMS,20210125,0.33,0.33,0.32,0.32,1310511
JMS,20210127,0.32,0.325,0.32,0.32,1235591
JMS,20210128,0.32,0.32,0.31,0.31,1972162
JMS,20210129,0.315,0.315,0.295,0.295,2714105
JMS,20210201,0.305,0.305,0.29,0.305,1947565
JMS,20210203,0.31,0.32,0.305,0.32,1657606
JMS,20210204,0.315,0.32,0.305,0.31,1519691
JMS,20210205,0.31,0.315,0.3,0.3,951690
JMS,20210208,0.305,0.315,0.305,0.315,732749
JMS,20210209,0.32,0.32,0.315,0.32,1801621
JMS,20210210,0.33,0.35,0.33,0.35,7207268
JMS,20210211,0.335,0.34,0.325,0.33,999632
JMS,20210212,0.34,0.34,0.325,0.34,1115357
JMS,20210215,0.34,0.34,0.33,0.33,593437
JMS,20210216,0.335,0.335,0.325,0.33,457303
JMS,20210217,0.335,0.345,0.335,0.345,1531069
JMS,20210218,0.35,0.36,0.34,0.36,8132202
JMS,20210219,0.345,0.36,0.345,0.355,1187454
JMS,20210222,0.355,0.36,0.345,0.355,884010
JMS,20210223,0.35,0.375,0.35,0.375,3772092
JMS,20210224,0.37,0.37,0.345,0.345,3235196
JMS,20210225,0.35,0.36,0.345,0.355,2981744
JMS,20210226,0.345,0.355,0.335,0.355,5143589
JMS,20210301,0.35,0.35,0.335,0.335,974949
JMS,20210302,0.345,0.347,0.33,0.33,3269228
JMS,20210303,0.33,0.34,0.33,0.33,513333
JMS,20210304,0.33,0.34,0.33,0.34,1005291
JMS,20210305,0.335,0.35,0.325,0.35,2729476
JMS,20210308,0.33,0.345,0.325,0.345,1973844
JMS,20210309,0.345,0.345,0.33,0.335,989263
JMS,20210310,0.33,0.335,0.32,0.335,2392681
JMS,20210311,0.33,0.335,0.32,0.335,2392681
JMS,20210312,0.33,0.34,0.33,0.33,562367
JMS,20210315,0.315,0.315,0.295,0.3,10581021
JMS,20210316,0.3,0.305,0.29,0.295,11548213
JMS,20210317,0.295,0.295,0.285,0.29,11638377
JMS,20210318,0.29,0.292,0.28,0.285,11615142
JMS,20210319,0.285,0.31,0.285,0.295,61335375
JMS,20210322,0.295,0.315,0.29,0.3,11595380
JMS,20210323,0.3,0.31,0.295,0.295,4143482
JMS,20210324,0.3,0.3,0.285,0.285,2250253
JMS,20210325,0.29,0.3,0.285,0.3,2375681
JMS,20210329,0.31,0.315,0.305,0.315,1736753
JMS,20210330,0.315,0.325,0.31,0.325,4391877
JMS,20210331,0.32,0.32,0.31,0.315,1641008
JMS,20210401,0.315,0.325,0.315,0.325,2252374
JMS,20210406,0.32,0.325,0.315,0.325,3826058
JMS,20210407,0.32,0.33,0.32,0.33,2676479
JMS,20210408,0.32,0.325,0.315,0.325,987340
JMS,20210409,0.325,0.325,0.31,0.315,2268073
JMS,20210412,0.315,0.325,0.31,0.31,920610
JMS,20210413,0.31,0.315,0.305,0.305,1772527
JMS,20210414,0.305,0.315,0.305,0.315,272557799
JMS,20210415,0.32,0.335,0.32,0.325,5081250
JMS,20210416,0.33,0.335,0.32,0.335,4612271
JMS,20210419,0.33,0.332,0.32,0.32,1386644
JMS,20210420,0.325,0.33,0.32,0.33,2708032
JMS,20210421,0.32,0.33,0.315,0.315,1189258
JMS,20210422,0.325,0.327,0.32,0.325,2739035
JMS,20210423,0.325,0.33,0.315,0.33,3219431
JMS,20210426,0.33,0.335,0.325,0.33,2745868
JMS,20210427,0.33,0.34,0.33,0.34,9163825
JMS,20210428,0.345,0.35,0.34,0.345,3291088
JMS,20210429,0.345,0.35,0.34,0.34,998883
JMS,20210430,0.33,0.345,0.33,0.34,1555691
JMS,20210503,0.34,0.345,0.335,0.34,2324384
JMS,20210504,0.34,0.34,0.335,0.34,4026445
JMS,20210505,0.34,0.34,0.33,0.335,1970890
JMS,20210506,0.325,0.33,0.3,0.3,3600871
JMS,20210507,0.3,0.31,0.3,0.31,1227784
JMS,20210510,0.305,0.317,0.305,0.315,2406018
JMS,20210511,0.31,0.315,0.3,0.31,1746046
JMS,20210512,0.31,0.315,0.305,0.315,4662685
JMS,20210513,0.305,0.315,0.29,0.295,6474812
JMS,20210514,0.295,0.305,0.29,0.29,1337352
JMS,20210517,0.295,0.305,0.28,0.28,2839640
JMS,20210518,0.28,0.3,0.28,0.3,1758722
JMS,20210519,0.295,0.3,0.285,0.295,6439871
JMS,20210520,0.29,0.3,0.285,0.295,1997262
JMS,20210521,0.3,0.3,0.29,0.295,892751
JMS,20210524,0.3,0.3,0.29,0.29,1595791
JMS,20210525,0.29,0.295,0.285,0.29,2203919
JMS,20210526,0.29,0.295,0.285,0.29,802607
JMS,20210527,0.29,0.295,0.285,0.285,6411228
JMS,20210528,0.29,0.295,0.285,0.29,3399529
JMS,20210531,0.29,0.29,0.285,0.29,1619708
JMS,20210601,0.285,0.295,0.285,0.285,723098
JMS,20210602,0.285,0.3,0.285,0.29,6583423
JMS,20210603,0.295,0.3,0.295,0.3,1516146
JMS,20210604,0.3,0.315,0.295,0.315,5137854
JMS,20210607,0.315,0.315,0.305,0.305,921882
JMS,20210609,0.305,0.31,0.305,0.31,909693
JMS,20210610,0.305,0.31,0.305,0.305,1266434
JMS,20210611,0.305,0.31,0.302,0.31,1126941
JMS,20210615,0.31,0.31,0.3,0.3,2205002
JMS,20210616,0.3,0.31,0.3,0.31,1161087
JMS,20210617,0.31,0.31,0.3,0.3,1586833
JMS,20210618,0.3,0.31,0.3,0.3,3048889
JMS,20210621,0.305,0.305,0.295,0.295,2800124
JMS,20210622,0.3,0.3,0.29,0.29,2264523
JMS,20210623,0.295,0.295,0.285,0.285,3655884
JMS,20210625,0.285,0.295,0.285,0.295,1222683
JMS,20210628,0.29,0.295,0.29,0.29,1429435
JMS,20210629,0.29,0.295,0.285,0.29,1686821
JMS,20210630,0.29,0.295,0.29,0.29,1518408
JMS,20210701,0.29,0.295,0.287,0.295,1170739
JMS,20210705,0.3,0.3,0.295,0.295,595578
JMS,20210706,0.3,0.305,0.3,0.3,978968
JMS,20210707,0.3,0.305,0.295,0.305,874584
JMS,20210708,0.305,0.305,0.297,0.305,1026704
JMS,20210709,0.305,0.31,0.3,0.305,1960354
JMS,20210712,0.3,0.31,0.3,0.3,694578
JMS,20210714,0.305,0.305,0.295,0.295,1949702
JMS,20210715,0.295,0.3,0.295,0.295,2089330
JMS,20210716,0.295,0.305,0.295,0.3,905252
JMS,20210719,0.3,0.3,0.29,0.29,2137738
JMS,20210720,0.29,0.3,0.29,0.29,3556342
JMS,20210723,0.29,0.295,0.287,0.29,1052189
JMS,20210726,0.29,0.3,0.285,0.29,3329546
JMS,20210727,0.29,0.295,0.285,0.29,5719421
JMS,20210728,0.29,0.295,0.285,0.285,5351271
JMS,20210729,0.29,0.29,0.28,0.28,4587114
JMS,20210730,0.285,0.295,0.285,0.295,5237409
JMS,20210802,0.295,0.295,0.29,0.295,1332265
JMS,20210803,0.295,0.3,0.292,0.3,1683546
JMS,20210804,0.295,0.305,0.29,0.295,2848711
JMS,20210805,0.3,0.305,0.3,0.305,1362162
JMS,20210806,0.3,0.305,0.295,0.305,2036547
JMS,20210809,0.3,0.305,0.3,0.305,1607842
JMS,20210810,0.305,0.305,0.3,0.305,1355160
JMS,20210811,0.3,0.305,0.3,0.3,11134568
JMS,20210812,0.3,0.31,0.3,0.3,4801430
JMS,20210813,0.3,0.305,0.3,0.3,350788
JMS,20210819,0.29,0.29,0.27,0.27,7154361
JMS,20210820,0.27,0.27,0.25,0.255,9184581
JMS,20210823,0.26,0.26,0.25,0.255,6869683
JMS,20210824,0.255,0.255,0.245,0.25,4093385
JMS,20210825,0.255,0.26,0.245,0.26,4220348
JMS,20210826,0.255,0.26,0.245,0.25,3902459
JMS,20210827,0.255,0.255,0.25,0.255,1946685
JMS,20210830,0.255,0.26,0.25,0.255,2570378
JMS,20210831,0.26,0.26,0.245,0.255,13943629
JMS,20210901,0.255,0.255,0.245,0.245,2729768
JMS,20210902,0.25,0.252,0.245,0.25,2399257
JMS,20210903,0.25,0.25,0.245,0.25,1317463
JMS,20210906,0.25,0.25,0.235,0.235,7119801
JMS,20210907,0.235,0.24,0.23,0.24,13680457
JMS,20210908,0.24,0.245,0.24,0.24,2098573
JMS,20210909,0.245,0.245,0.24,0.24,4637864
JMS,20210910,0.24,0.245,0.23,0.245,6932051
JMS,20210913,0.245,0.245,0.23,0.23,4395609
JMS,20210914,0.23,0.235,0.225,0.225,6214712
JMS,20210915,0.225,0.225,0.22,0.22,5223506
JMS,20210916,0.23,0.23,0.22,0.22,3199507
JMS,20210917,0.22,0.225,0.21,0.215,50514199
JMS,20210920,0.22,0.22,0.205,0.215,4774948
JMS,20210922,0.215,0.23,0.21,0.23,3893553
JMS,20210923,0.225,0.23,0.22,0.22,923159
JMS,20210924,0.225,0.225,0.215,0.22,1937511
JMS,20210927,0.215,0.232,0.21,0.23,4358257
JMS,20210928,0.23,0.23,0.215,0.225,2788656
JMS,20210929,0.225,0.23,0.22,0.225,1946653
JMS,20210930,0.225,0.23,0.22,0.22,1635169
JMS,20211001,0.225,0.225,0.215,0.22,2892137
JMS,20211004,0.22,0.22,0.215,0.215,2556051
JMS,20211005,0.22,0.225,0.21,0.21,6311605
JMS,20211006,0.215,0.225,0.215,0.225,1404319
JMS,20211007,0.225,0.225,0.215,0.222,1523514
JMS,20211008,0.23,0.23,0.217,0.225,1194714
JMS,20211011,0.225,0.23,0.225,0.225,539262
JMS,20211012,0.225,0.23,0.225,0.225,630183
JMS,20211013,0.24,0.245,0.235,0.24,1546216
JMS,20211014,0.24,0.24,0.23,0.23,1720060
JMS,20211019,0.24,0.24,0.235,0.24,1178147
JMS,20211020,0.24,0.24,0.23,0.23,1049216
JMS,20211021,0.235,0.245,0.23,0.245,2696166
JMS,20211022,0.24,0.245,0.235,0.235,3610994
JMS,20211025,0.24,0.24,0.23,0.235,2117697
JMS,20211026,0.24,0.24,0.23,0.23,1181481
JMS,20211028,0.235,0.235,0.23,0.23,1179892
JMS,20211029,0.23,0.24,0.23,0.235,873618
JMS,20211101,0.235,0.235,0.23,0.23,719505
JMS,20211102,0.23,0.23,0.21,0.21,4484672
JMS,20211103,0.21,0.22,0.21,0.215,2497212
JMS,20211104,0.215,0.22,0.212,0.22,2619194
JMS,20211105,0.215,0.22,0.21,0.21,2629301
JMS,20211109,0.215,0.23,0.212,0.225,3783333
JMS,20211110,0.225,0.245,0.22,0.245,9145457
JMS,20211112,0.235,0.24,0.23,0.23,2986354
JMS,20211115,0.23,0.24,0.227,0.23,3623676
JMS,20211116,0.235,0.235,0.22,0.22,3168622
JMS,20211117,0.22,0.225,0.21,0.215,4369853
JMS,20211118,0.21,0.22,0.21,0.21,1999420
JMS,20211119,0.215,0.215,0.21,0.21,3417601
JMS,20211122,0.215,0.22,0.21,0.215,3561200
JMS,20211123,0.215,0.215,0.2,0.205,4386208
JMS,20211124,0.205,0.21,0.2,0.205,3158910
JMS,20211125,0.205,0.21,0.2,0.2,2803560
JMS,20211126,0.2,0.205,0.185,0.19,8418200
JMS,20211129,0.185,0.19,0.182,0.185,4016437
JMS,20211130,0.19,0.19,0.18,0.185,40464667
JMS,20211201,0.185,0.195,0.185,0.19,3938888
JMS,20211202,0.195,0.195,0.185,0.19,8656090
JMS,20211203,0.19,0.195,0.19,0.19,2198298
JMS,20211206,0.19,0.195,0.185,0.19,1690081
JMS,20211207,0.19,0.19,0.18,0.19,1549979
JMS,20211208,0.19,0.2,0.185,0.195,2257608
JMS,20211209,0.2,0.21,0.2,0.21,5186966
JMS,20211210,0.2,0.21,0.2,0.21,1831660
JMS,20211213,0.21,0.215,0.205,0.215,3755388
JMS,20211214,0.215,0.22,0.21,0.215,2421205
JMS,20211216,0.22,0.22,0.207,0.215,2658142
JMS,20211217,0.21,0.215,0.205,0.205,2738389
JMS,20211220,0.21,0.215,0.207,0.21,2849811
JMS,20211221,0.21,0.215,0.21,0.21,641744
JMS,20211222,0.215,0.22,0.21,0.21,1790633
JMS,20211223,0.22,0.22,0.215,0.22,1587639
JMS,20211224,0.22,0.23,0.22,0.225,2577238
JMS,20211229,0.225,0.23,0.22,0.22,2152863
JMS,20211230,0.225,0.235,0.225,0.235,2262421
JMS,20211231,0.225,0.235,0.225,0.23,2040529
JMS,20220104,0.235,0.235,0.222,0.225,861550
JMS,20220105,0.225,0.227,0.21,0.22,2121441
JMS,20220106,0.215,0.22,0.212,0.215,841836
JMS,20220107,0.215,0.215,0.205,0.215,3235613
JMS,20220110,0.215,0.217,0.21,0.215,1887516
JMS,20220111,0.215,0.222,0.21,0.22,4484595
JMS,20220112,0.22,0.23,0.22,0.225,2107047
JMS,20220113,0.225,0.23,0.225,0.23,1062184
JMS,20220114,0.23,0.23,0.225,0.225,860894
JMS,20220117,0.225,0.23,0.22,0.23,666254
JMS,20220118,0.225,0.23,0.225,0.225,724055
JMS,20220119,0.23,0.23,0.222,0.225,864548
JMS,20220120,0.225,0.227,0.222,0.225,786195
JMS,20220121,0.23,0.23,0.22,0.222,1477853
JMS,20220124,0.22,0.225,0.215,0.22,1576402
JMS,20220125,0.215,0.225,0.215,0.225,4182505
JMS,20220127,0.225,0.225,0.215,0.225,3381111
JMS,20220128,0.22,0.225,0.215,0.22,4281479
JMS,20220131,0.22,0.225,0.215,0.22,1367034
JMS,20220201,0.22,0.23,0.22,0.225,1757422
JMS,20220202,0.225,0.23,0.225,0.23,1778327
JMS,20220203,0.225,0.23,0.225,0.23,206184
JMS,20220204,0.225,0.23,0.225,0.225,1497680
JMS,20220207,0.225,0.23,0.225,0.23,1150938
JMS,20220208,0.23,0.235,0.22,0.22,3116535
JMS,20220209,0.22,0.23,0.22,0.22,855945
JMS,20220210,0.22,0.225,0.215,0.225,2641040
JMS,20220211,0.22,0.227,0.217,0.22,2037379
JMS,20220214,0.225,0.225,0.22,0.22,1253734
JMS,20220215,0.22,0.225,0.215,0.225,976820
JMS,20220216,0.22,0.22,0.215,0.215,6379847
JMS,20220217,0.215,0.22,0.21,0.22,2087909
JMS,20220218,0.215,0.22,0.21,0.21,1717738
JMS,20220221,0.21,0.22,0.21,0.21,2362797
JMS,20220222,0.212,0.215,0.21,0.21,850026
JMS,20220223,0.215,0.215,0.21,0.215,228821
JMS,20220224,0.212,0.22,0.207,0.215,4589280
JMS,20220225,0.215,0.225,0.215,0.225,3368472
JMS,20220228,0.22,0.225,0.22,0.225,444703
JMS,20220301,0.22,0.23,0.22,0.23,1436597
JMS,20220302,0.225,0.23,0.225,0.23,963999
JMS,20220303,0.225,0.235,0.225,0.235,3502864
JMS,20220304,0.235,0.235,0.227,0.235,1609485
JMS,20220307,0.23,0.24,0.23,0.24,1775474
JMS,20220308,0.23,0.235,0.225,0.23,860627
JMS,20220309,0.23,0.235,0.227,0.235,1026002
JMS,20220310,0.235,0.24,0.23,0.23,1085118
JMS,20220311,0.235,0.242,0.23,0.24,1645166
JMS,20220314,0.23,0.24,0.23,0.235,1380948
JMS,20220315,0.235,0.255,0.235,0.255,7513188
JMS,20220316,0,0,0,0,0
JMS,20220317,0.25,0.255,0.25,0.25,2882789
JMS,20220318,0.255,0.26,0.25,0.255,5129297
JMS,20220321,0.255,0.265,0.255,0.265,2662912
JMS,20220322,0.265,0.265,0.26,0.265,1234507
JMS,20220323,0.265,0.275,0.265,0.275,3299769
JMS,20220324,0.275,0.275,0.27,0.27,608875
JMS,20220325,0.27,0.275,0.25,0.265,3454680
JMS,20220328,0.265,0.265,0.255,0.255,2544821
JMS,20220329,0.255,0.27,0.255,0.27,2323977
JMS,20220330,0.265,0.27,0.26,0.27,1664126
JMS,20220331,0.265,0.27,0.26,0.26,501274
JMS,20220401,0.26,0.265,0.255,0.265,829665
JMS,20220404,0.26,0.27,0.26,0.265,3101105
JMS,20220405,0.265,0.265,0.26,0.26,517273
JMS,20220406,0.26,0.285,0.252,0.27,10239379
JMS,20220407,0.275,0.275,0.255,0.255,5768875
JMS,20220408,0.26,0.26,0.255,0.26,2576597
JMS,20220411,0.26,0.265,0.25,0.255,3129062
JMS,20220412,0.255,0.255,0.245,0.255,2271216
JMS,20220413,0.255,0.257,0.247,0.25,3172395
JMS,20220414,0.25,0.255,0.247,0.25,5355551
JMS,20220419,0.25,0.265,0.25,0.255,3885580
JMS,20220420,0.26,0.26,0.25,0.255,1495510
JMS,20220421,0.26,0.26,0.25,0.255,1495510
JMS,20220422,0.24,0.25,0.235,0.25,1642868
JMS,20220426,0.25,0.25,0.23,0.23,1817106
JMS,20220427,0.23,0.24,0.23,0.23,2849308
JMS,20220428,0.235,0.245,0.23,0.245,720722
JMS,20220429,0.24,0.25,0.235,0.245,1366371
JMS,20220502,0.235,0.245,0.235,0.245,1023634
JMS,20220503,0.25,0.255,0.24,0.24,5428148
JMS,20220504,0.24,0.25,0.235,0.235,2182086
JMS,20220505,0.235,0.24,0.225,0.23,2060994
JMS,20220506,0.23,0.235,0.22,0.235,1880852
JMS,20220509,0.225,0.23,0.215,0.215,2150747
JMS,20220510,0.215,0.22,0.202,0.215,4982253
JMS,20220511,0.21,0.21,0.2,0.21,2969411
JMS,20220512,0.22,0.22,0.2,0.205,3308650
JMS,20220513,0.21,0.215,0.205,0.215,1216746
JMS,20220516,0.22,0.22,0.21,0.215,1377180
JMS,20220517,0.215,0.225,0.215,0.225,1290410
JMS,20220518,0.225,0.225,0.215,0.225,1284864
JMS,20220519,0.215,0.215,0.205,0.215,1710408
JMS,20220520,0.215,0.22,0.205,0.215,5227860
JMS,20220523,0.22,0.22,0.21,0.21,671503
JMS,20220524,0.21,0.215,0.21,0.215,376265
JMS,20220525,0.215,0.22,0.212,0.212,1314690
JMS,20220526,0.215,0.215,0.21,0.215,1048811
JMS,20220527,0.22,0.22,0.21,0.21,1235055
JMS,20220530,0.215,0.215,0.21,0.21,922760
JMS,20220531,0.21,0.22,0.21,0.22,3460496
JMS,20220601,0.22,0.225,0.215,0.22,2997114
JMS,20220602,0.22,0.22,0.215,0.215,356268
JMS,20220603,0.22,0.22,0.215,0.22,1325103
JMS,20220606,0.22,0.22,0.215,0.215,301653
JMS,20220607,0.215,0.22,0.215,0.22,577114
JMS,20220608,0.22,0.22,0.212,0.22,1217868
JMS,20220609,0.22,0.22,0.21,0.215,1473265
JMS,20220610,0.215,0.22,0.21,0.22,749613
JMS,20220614,0.21,0.21,0.195,0.195,8142160
JMS,20220615,0.195,0.197,0.192,0.195,2819436
JMS,20220616,0.2,0.205,0.195,0.195,2430260
JMS,20220617,0.195,0.2,0.192,0.195,1336249
JMS,20220620,0.195,0.195,0.19,0.19,2051342
JMS,20220621,0.19,0.2,0.19,0.195,2804757
JMS,20220622,0.2,0.2,0.19,0.19,1068628
JMS,20220623,0.19,0.19,0.18,0.18,6107705
JMS,20220624,0.185,0.195,0.182,0.19,3102440
JMS,20220627,0.19,0.195,0.19,0.19,1396666
JMS,20220628,0.195,0.195,0.19,0.195,1424015
JMS,20220629,0.195,0.195,0.19,0.19,1820927
JMS,20220630,0.19,0.195,0.187,0.195,1688133
JMS,20220701,0.19,0.195,0.187,0.195,806373
JMS,20220704,0.19,0.195,0.19,0.19,462084
JMS,20220705,0.195,0.195,0.19,0.19,1100118
JMS,20220706,0.195,0.195,0.19,0.195,214409
JMS,20220707,0.19,0.195,0.19,0.19,850376
JMS,20220708,0.195,0.195,0.19,0.19,394435
JMS,20220711,0.19,0.19,0.185,0.185,1743509
JMS,20220712,0.185,0.187,0.185,0.185,570198
JMS,20220713,0.185,0.19,0.185,0.19,824158
JMS,20220714,0.187,0.19,0.185,0.185,636747
JMS,20220715,0.185,0.19,0.185,0.185,343923
JMS,20220718,0.185,0.19,0.185,0.185,910332
JMS,20220719,0.187,0.19,0.185,0.19,60044
JMS,20220720,0.19,0.19,0.185,0.19,844172
JMS,20220721,0.192,0.192,0.19,0.19,417046
JMS,20220722,0.19,0.192,0.19,0.19,198099
JMS,20220725,0.19,0.195,0.19,0.195,1244428
JMS,20220726,0.195,0.2,0.195,0.2,247813
JMS,20220727,0.195,0.2,0.192,0.195,1117983
JMS,20220728,0.19,0.2,0.19,0.2,520175
JMS,20220729,0.197,0.2,0.195,0.2,894255
JMS,20220801,0.2,0.2,0.195,0.195,372780
JMS,20220802,0.195,0.195,0.193,0.195,149026
JMS,20220803,0.195,0.2,0.195,0.2,566142
JMS,20220805,0.2,0.205,0.198,0.2,1242827
JMS,20220808,0.2,0.205,0.198,0.2,1622552
JMS,20220809,0.2,0.205,0.2,0.205,401725
JMS,20220810,0.2,0.205,0.2,0.2,172521
JMS,20220811,0.205,0.21,0.2,0.21,431321
JMS,20220812,0.205,0.205,0.205,0.205,27879
JMS,20220815,0.21,0.215,0.205,0.215,778084
JMS,20220816,0.205,0.215,0.205,0.215,819810
JMS,20220817,0.205,0.21,0.205,0.21,186808
JMS,20220818,0.21,0.21,0.205,0.21,440436
JMS,20220819,0.21,0.21,0.205,0.205,917870
JMS,20220822,0.205,0.21,0.205,0.21,69380
JMS,20220823,0.21,0.21,0.205,0.205,207715
JMS,20220824,0.202,0.205,0.2,0.205,1496007
JMS,20220825,0.2,0.2,0.195,0.2,1183194
JMS,20220826,0.195,0.2,0.195,0.195,312144
JMS,20220829,0.2,0.2,0.195,0.195,1018271
JMS,20220830,0.195,0.2,0.195,0.2,762391
JMS,20220831,0.2,0.2,0.195,0.2,1754721
JMS,20220901,0.2,0.2,0.195,0.2,874995
JMS,20220902,0.2,0.2,0.195,0.195,502841
JMS,20220905,0.205,0.205,0.195,0.2,1227385
JMS,20220906,0.2,0.2,0.195,0.195,189067
JMS,20220907,0.2,0.205,0.195,0.205,820165
JMS,20220909,0.195,0.195,0.19,0.19,3202810
JMS,20220912,0.195,0.195,0.193,0.195,740950
JMS,20220913,0.19,0.195,0.19,0.195,315261
JMS,20220914,0.19,0.19,0.185,0.19,2917292
JMS,20220915,0.195,0.2,0.19,0.195,1950683
JMS,20220916,0.195,0.195,0.193,0.195,2420650
JMS,20220919,0.195,0.195,0.193,0.195,22059
JMS,20220920,0.192,0.195,0.193,0.195,169098
JMS,20220921,0.195,0.2,0.193,0.2,1046851
