KIN,20160212,0.087,0.087,0.087,0.087,70000
KIN,20160215,0.086,0.087,0.086,0.086,81515
KIN,20160216,0.086,0.086,0.086,0.086,0
KIN,20160217,0.086,0.086,0.086,0.086,14243
KIN,20160218,0.086,0.086,0.086,0.086,0
KIN,20160219,0.086,0.086,0.086,0.086,0
KIN,20160222,0.086,0.086,0.086,0.086,0
KIN,20160223,0.087,0.087,0.087,0.087,60000
KIN,20160224,0.08,0.081,0.08,0.081,180000
KIN,20160225,0.08,0.082,0.08,0.082,180000
KIN,20160226,0.085,0.085,0.08,0.085,95000
KIN,20160229,0.08,0.08,0.08,0.08,317000
KIN,20160301,0.08,0.08,0.08,0.08,18000
KIN,20160302,0.08,0.08,0.08,0.08,455000
KIN,20160303,0.08,0.082,0.08,0.082,48000
KIN,20160304,0.085,0.087,0.08,0.081,183000
KIN,20160307,0.087,0.087,0.087,0.087,120000
KIN,20160308,0.085,0.087,0.085,0.087,25600
KIN,20160309,0.085,0.085,0.085,0.085,196400
KIN,20160310,0.082,0.082,0.082,0.082,14100
KIN,20160311,0.082,0.082,0.08,0.08,117000
KIN,20160314,0.082,0.082,0.08,0.08,155000
KIN,20160315,0.08,0.08,0.08,0.08,0
KIN,20160316,0.081,0.081,0.081,0.081,100000
KIN,20160317,0.08,0.08,0.08,0.08,127400
KIN,20160318,0.08,0.08,0.08,0.08,11000
KIN,20160321,0.08,0.08,0.08,0.08,279000
KIN,20160322,0.078,0.087,0.078,0.087,387566
KIN,20160323,0.08,0.08,0.08,0.08,25000
KIN,20160324,0.076,0.076,0.075,0.076,82920
KIN,20160329,0.08,0.08,0.08,0.08,107900
KIN,20160330,0.08,0.08,0.08,0.08,0
KIN,20160331,0.084,0.087,0.084,0.087,111111
KIN,20160401,0.087,0.087,0.087,0.087,6000
KIN,20160404,0.087,0.087,0.087,0.087,0
KIN,20160405,0.087,0.087,0.087,0.087,0
KIN,20160406,0.087,0.088,0.087,0.088,25000
KIN,20160407,0.088,0.088,0.088,0.088,0
KIN,20160408,0.085,0.088,0.085,0.088,26000
KIN,20160411,0.088,0.088,0.088,0.088,0
KIN,20160412,0.088,0.09,0.088,0.09,619789
KIN,20160413,0.09,0.09,0.086,0.086,44858
KIN,20160414,0.088,0.088,0.088,0.088,50000
KIN,20160415,0.088,0.088,0.088,0.088,0
KIN,20160418,0.088,0.088,0.085,0.085,75134
KIN,20160419,0.088,0.088,0.083,0.083,80547
KIN,20160420,0.085,0.085,0.083,0.085,80924
KIN,20160421,0.078,0.08,0.078,0.08,229958
KIN,20160422,0.09,0.09,0.09,0.09,5566
KIN,20160426,0.09,0.09,0.09,0.09,50000
KIN,20160427,0.08,0.082,0.078,0.082,227428
KIN,20160428,0.082,0.082,0.082,0.082,50000
KIN,20160429,0.095,0.1,0.095,0.1,214000
KIN,20160502,0.1,0.1,0.1,0.1,30000
KIN,20160503,0.096,0.1,0.092,0.1,392800
KIN,20160504,0.11,0.11,0.105,0.105,64550
KIN,20160505,0.1,0.102,0.1,0.1,217747
KIN,20160506,0.1,0.105,0.1,0.105,150253
KIN,20160509,0.11,0.115,0.1,0.115,923450
KIN,20160510,0.12,0.125,0.12,0.125,779045
KIN,20160511,0.13,0.18,0.13,0.135,1325705
KIN,20160512,0.155,0.16,0.14,0.145,359206
KIN,20160513,0.145,0.15,0.135,0.15,136632
KIN,20160516,0.145,0.15,0.13,0.14,181426
KIN,20160517,0.15,0.15,0.14,0.14,111466
KIN,20160518,0.145,0.15,0.14,0.14,194336
KIN,20160519,0.14,0.14,0.135,0.14,301447
KIN,20160520,0.14,0.16,0.14,0.15,351659
KIN,20160523,0.15,0.15,0.15,0.15,0
KIN,20160524,0.14,0.14,0.14,0.14,95000
KIN,20160525,0.14,0.14,0.14,0.14,14285
KIN,20160526,0.14,0.14,0.14,0.14,0
KIN,20160527,0.14,0.14,0.14,0.14,0
KIN,20160530,0.14,0.15,0.14,0.145,400465
KIN,20160531,0.145,0.15,0.14,0.14,167521
KIN,20160601,0.15,0.15,0.145,0.145,175000
KIN,20160602,0.15,0.18,0.145,0.18,823231
KIN,20160603,0.175,0.175,0.165,0.165,318336
KIN,20160606,0.17,0.175,0.165,0.165,190630
KIN,20160607,0.165,0.17,0.16,0.165,142622
KIN,20160608,0.155,0.16,0.155,0.16,54906
KIN,20160609,0.165,0.18,0.16,0.18,728222
KIN,20160610,0.18,0.195,0.18,0.19,957121
KIN,20160614,0.19,0.19,0.17,0.17,944742
KIN,20160615,0.175,0.18,0.165,0.17,143475
KIN,20160616,0.165,0.175,0.165,0.17,419922
KIN,20160617,0.17,0.17,0.16,0.16,91191
KIN,20160620,0.16,0.18,0.16,0.18,210600
KIN,20160621,0.18,0.18,0.18,0.18,0
KIN,20160622,0.18,0.18,0.18,0.18,0
KIN,20160623,0.17,0.18,0.17,0.175,572276
KIN,20160624,0.17,0.19,0.17,0.19,1129550
KIN,20160627,0.185,0.2,0.185,0.19,244258
KIN,20160628,0.195,0.24,0.195,0.22,1967725
KIN,20160629,0.22,0.25,0.22,0.25,1190976
KIN,20160630,0.25,0.25,0.245,0.25,466784
KIN,20160701,0.245,0.25,0.24,0.25,175598
KIN,20160704,0.26,0.27,0.25,0.265,1381302
KIN,20160705,0.27,0.29,0.265,0.27,1479601
KIN,20160706,0.27,0.28,0.23,0.24,597971
KIN,20160707,0.24,0.29,0.24,0.275,885506
KIN,20160708,0.29,0.3,0.275,0.29,465592
KIN,20160711,0.3,0.3,0.29,0.3,485025
KIN,20160712,0.31,0.31,0.28,0.3,475362
KIN,20160713,0.3,0.3,0.3,0.3,0
KIN,20160714,0.3,0.315,0.29,0.3,668662
KIN,20160715,0.305,0.315,0.3,0.315,167000
KIN,20160718,0.32,0.325,0.26,0.265,285822
KIN,20160719,0.28,0.28,0.24,0.26,699323
KIN,20160720,0.255,0.26,0.245,0.245,165671
KIN,20160721,0.24,0.24,0.21,0.22,696408
KIN,20160722,0.245,0.26,0.22,0.22,796662
KIN,20160725,0.235,0.25,0.23,0.24,211663
KIN,20160726,0.26,0.265,0.26,0.26,63983
KIN,20160727,0.255,0.275,0.255,0.275,44000
KIN,20160728,0.29,0.295,0.26,0.265,168404
KIN,20160729,0.275,0.285,0.27,0.27,133661
KIN,20160801,0.275,0.275,0.25,0.25,309108
KIN,20160802,0.245,0.25,0.24,0.245,220598
KIN,20160803,0.24,0.24,0.23,0.24,193904
KIN,20160804,0.24,0.27,0.24,0.27,278162
KIN,20160805,0.255,0.255,0.255,0.255,49000
KIN,20160808,0.26,0.26,0.25,0.25,262330
KIN,20160809,0.25,0.25,0.25,0.25,31800
KIN,20160810,0.245,0.25,0.24,0.25,45730
KIN,20160811,0.25,0.26,0.25,0.255,224855
KIN,20160812,0.245,0.245,0.23,0.23,252520
KIN,20160815,0.23,0.23,0.23,0.23,0
KIN,20160816,0.23,0.23,0.23,0.23,0
KIN,20160817,0.23,0.24,0.23,0.23,167357
KIN,20160818,0.235,0.24,0.22,0.24,137792
KIN,20160822,0.24,0.25,0.225,0.225,447297
KIN,20160823,0.235,0.235,0.225,0.225,2980
KIN,20160824,0.225,0.23,0.225,0.23,24754
KIN,20160825,0.23,0.245,0.23,0.245,111765
KIN,20160826,0.24,0.25,0.24,0.24,41206
KIN,20160829,0.24,0.255,0.225,0.255,176859
KIN,20160830,0.255,0.255,0.225,0.25,81090
KIN,20160831,0.225,0.225,0.21,0.225,104687
KIN,20160901,0.225,0.255,0.225,0.255,98000
KIN,20160902,0.235,0.245,0.22,0.24,52011
KIN,20160905,0.24,0.25,0.225,0.23,229443
KIN,20160906,0.23,0.245,0.225,0.225,127565
KIN,20160907,0.23,0.25,0.23,0.25,95300
KIN,20160908,0.25,0.255,0.25,0.255,53000
KIN,20160909,0.265,0.285,0.26,0.26,269372
KIN,20160912,0.275,0.285,0.265,0.27,248055
KIN,20160913,0.27,0.27,0.27,0.27,33828
KIN,20160914,0.26,0.27,0.255,0.27,106336
KIN,20160915,0.265,0.27,0.24,0.27,84099
KIN,20160916,0.245,0.26,0.23,0.26,82081
KIN,20160919,0.26,0.26,0.255,0.255,53654
KIN,20160920,0.26,0.26,0.26,0.26,36038
KIN,20160921,0.26,0.27,0.255,0.255,131494
KIN,20160922,0.255,0.255,0.235,0.255,121352
KIN,20160923,0.25,0.27,0.25,0.27,78824
KIN,20160926,0.255,0.255,0.255,0.255,100000
KIN,20160927,0.255,0.255,0.255,0.255,13100
KIN,20160928,0.255,0.255,0.25,0.255,162433
KIN,20160929,0.255,0.28,0.255,0.255,530522
KIN,20160930,0.255,0.255,0.255,0.255,44796
KIN,20161003,0.255,0.255,0.23,0.23,229604
KIN,20161004,0.23,0.24,0.225,0.225,240253
KIN,20161005,0.205,0.24,0.205,0.23,153736
KIN,20161006,0.24,0.245,0.23,0.23,90174
KIN,20161007,0.23,0.23,0.21,0.225,402772
KIN,20161010,0.245,0.25,0.225,0.225,102055
KIN,20161011,0.25,0.255,0.25,0.25,287273
KIN,20161012,0.25,0.25,0.25,0.25,152968
KIN,20161013,0.26,0.26,0.25,0.25,141300
KIN,20161014,0.27,0.3,0.26,0.3,475584
KIN,20161017,0.28,0.28,0.255,0.255,145079
KIN,20161018,0.255,0.255,0.255,0.255,0
KIN,20161019,0.255,0.255,0.255,0.255,0
KIN,20161020,0.255,0.255,0.255,0.255,0
KIN,20161021,0.255,0.255,0.255,0.255,0
KIN,20161024,0.26,0.27,0.255,0.26,146500
KIN,20161025,0.26,0.275,0.255,0.275,89877
KIN,20161026,0.28,0.28,0.26,0.265,323080
KIN,20161027,0.265,0.27,0.26,0.27,19635
KIN,20161028,0.27,0.27,0.27,0.27,0
KIN,20161031,0.27,0.27,0.255,0.255,57457
KIN,20161101,0.28,0.3,0.28,0.28,108280
KIN,20161102,0.275,0.28,0.27,0.27,97333
KIN,20161103,0.27,0.27,0.26,0.26,88232
KIN,20161104,0.265,0.275,0.255,0.255,294502
KIN,20161107,0.28,0.285,0.265,0.275,102819
KIN,20161108,0.28,0.28,0.28,0.28,49244
KIN,20161109,0.295,0.295,0.29,0.29,136000
KIN,20161110,0.3,0.3,0.28,0.28,40323
KIN,20161111,0.28,0.28,0.26,0.26,101573
KIN,20161114,0.26,0.26,0.25,0.26,60000
KIN,20161115,0.265,0.265,0.26,0.26,57118
KIN,20161116,0.26,0.26,0.25,0.25,114231
KIN,20161117,0.25,0.25,0.23,0.23,162302
KIN,20161118,0.235,0.24,0.21,0.21,415679
KIN,20161121,0.225,0.25,0.225,0.25,106068
KIN,20161122,0.25,0.25,0.23,0.235,167144
KIN,20161123,0.25,0.265,0.25,0.265,100000
KIN,20161124,0.26,0.265,0.26,0.265,22000
KIN,20161125,0.255,0.255,0.22,0.23,377461
KIN,20161128,0.24,0.24,0.24,0.24,500
KIN,20161129,0.25,0.25,0.25,0.25,10305
KIN,20161130,0.25,0.25,0.25,0.25,42528
KIN,20161201,0.23,0.23,0.225,0.225,193309
KIN,20161202,0.23,0.23,0.225,0.225,64629
KIN,20161205,0.23,0.23,0.225,0.225,75491
KIN,20161206,0.225,0.225,0.225,0.225,53663
KIN,20161207,0.22,0.23,0.22,0.23,28507
KIN,20161208,0.23,0.23,0.22,0.22,360480
KIN,20161209,0.22,0.22,0.22,0.22,8000
KIN,20161212,0.225,0.225,0.22,0.22,87373
KIN,20161213,0.22,0.22,0.215,0.215,266169
KIN,20161214,0.215,0.215,0.215,0.215,0
KIN,20161215,0.225,0.225,0.2,0.2,201836
KIN,20161216,0.2,0.2,0.19,0.19,63223
KIN,20161219,0.18,0.18,0.175,0.18,25276
KIN,20161220,0.19,0.19,0.185,0.19,65000
KIN,20161221,0.185,0.185,0.185,0.185,259214
KIN,20161222,0.18,0.18,0.17,0.17,35114
KIN,20161223,0.17,0.17,0.17,0.17,198594
KIN,20161228,0.18,0.185,0.17,0.17,50800
KIN,20161229,0.18,0.19,0.18,0.185,42508
KIN,20161230,0.185,0.185,0.185,0.185,0
KIN,20170103,0.19,0.2,0.19,0.2,234844
KIN,20170104,0.2,0.2,0.19,0.2,55000
KIN,20170105,0.2,0.2,0.2,0.2,0
KIN,20170106,0.2,0.2,0.19,0.19,14303
KIN,20170109,0.19,0.19,0.19,0.19,0
KIN,20170110,0.2,0.2,0.195,0.195,159288
KIN,20170111,0.2,0.2,0.18,0.2,377753
KIN,20170112,0.2,0.2,0.185,0.185,14880
KIN,20170113,0.195,0.2,0.19,0.2,22675
KIN,20170116,0.2,0.2,0.19,0.19,33457
KIN,20170117,0.2,0.21,0.175,0.195,588329
KIN,20170118,0.195,0.22,0.195,0.22,248000
KIN,20170119,0.21,0.21,0.21,0.21,15000
KIN,20170120,0.22,0.225,0.21,0.22,75266
KIN,20170123,0.23,0.235,0.23,0.235,78127
KIN,20170124,0.23,0.245,0.23,0.24,209915
KIN,20170125,0.24,0.25,0.225,0.225,93416
KIN,20170127,0.225,0.225,0.225,0.225,65857
KIN,20170130,0.23,0.23,0.22,0.225,164132
KIN,20170131,0.225,0.225,0.225,0.225,0
KIN,20170201,0.22,0.22,0.215,0.215,25000
KIN,20170202,0.21,0.21,0.21,0.21,11500
KIN,20170203,0.21,0.21,0.21,0.21,6900
KIN,20170206,0.22,0.225,0.21,0.21,68151
KIN,20170207,0.22,0.22,0.22,0.22,30000
KIN,20170208,0.22,0.22,0.215,0.215,45563
KIN,20170209,0.215,0.22,0.205,0.215,392892
KIN,20170210,0.215,0.215,0.205,0.21,66620
KIN,20170213,0.22,0.22,0.205,0.205,167293
KIN,20170214,0.21,0.21,0.2,0.21,34919
KIN,20170215,0.21,0.225,0.21,0.22,129951
KIN,20170216,0.21,0.215,0.21,0.21,334473
KIN,20170217,0.21,0.21,0.205,0.205,139697
KIN,20170220,0.21,0.215,0.21,0.215,20308
KIN,20170221,0.205,0.215,0.2,0.215,109500
KIN,20170222,0.2,0.215,0.2,0.2,224455
KIN,20170223,0.2,0.2,0.2,0.2,184470
KIN,20170224,0.205,0.21,0.2,0.2,263069
KIN,20170227,0.2,0.2,0.195,0.2,296261
KIN,20170228,0.2,0.2,0.2,0.2,49834
KIN,20170301,0.205,0.215,0.205,0.215,75500
KIN,20170302,0.21,0.21,0.2,0.2,54784
KIN,20170303,0.2,0.205,0.195,0.2,294049
KIN,20170306,0.2,0.2,0.2,0.2,0
KIN,20170307,0.2,0.2,0.2,0.2,0
KIN,20170308,0.215,0.22,0.205,0.205,1445233
KIN,20170309,0.205,0.205,0.195,0.195,176398
KIN,20170310,0.21,0.21,0.195,0.2,141042
KIN,20170313,0.2,0.2,0.2,0.2,21750
KIN,20170314,0.195,0.2,0.195,0.2,166707
KIN,20170315,0.195,0.2,0.195,0.195,95252
KIN,20170316,0.195,0.195,0.195,0.195,273163
KIN,20170317,0.195,0.2,0.195,0.2,131782
KIN,20170320,0.205,0.215,0.2,0.205,793248
KIN,20170321,0.205,0.21,0.19,0.21,527817
KIN,20170322,0.205,0.21,0.205,0.205,206758
KIN,20170323,0.205,0.205,0.2,0.205,165398
KIN,20170324,0.205,0.205,0.205,0.205,185531
KIN,20170327,0.205,0.205,0.205,0.205,27500
KIN,20170328,0.205,0.205,0.19,0.195,281680
KIN,20170329,0.195,0.2,0.195,0.2,62761
KIN,20170330,0.19,0.19,0.19,0.19,157122
KIN,20170331,0.19,0.19,0.18,0.185,371754
KIN,20170403,0.185,0.2,0.185,0.2,107394
KIN,20170404,0.2,0.205,0.2,0.2,170951
KIN,20170405,0.19,0.19,0.19,0.19,48700
KIN,20170406,0.2,0.2,0.2,0.2,6257
KIN,20170407,0.2,0.205,0.195,0.2,285196
KIN,20170410,0.2,0.21,0.2,0.2,274801
KIN,20170411,0.21,0.21,0.21,0.21,6494
KIN,20170412,0.2,0.23,0.2,0.225,413986
KIN,20170413,0.225,0.225,0.225,0.225,0
KIN,20170418,0.225,0.225,0.225,0.225,0
KIN,20170419,0.315,0.39,0.3,0.365,17880912
KIN,20170420,0.37,0.405,0.35,0.39,14267001
KIN,20170421,0.395,0.4,0.355,0.355,3509839
KIN,20170424,0.345,0.38,0.325,0.37,1093070
KIN,20170426,0.37,0.38,0.35,0.35,1489798
KIN,20170427,0.345,0.375,0.345,0.36,722939
KIN,20170428,0.36,0.36,0.335,0.36,584047
KIN,20170501,0.36,0.36,0.36,0.36,0
KIN,20170502,0.36,0.36,0.36,0.36,0
KIN,20170503,0.35,0.385,0.335,0.34,1047603
KIN,20170504,0.36,0.4,0.345,0.39,1026335
KIN,20170505,0.38,0.395,0.37,0.395,329855
KIN,20170508,0.4,0.4,0.38,0.38,679240
KIN,20170509,0.39,0.44,0.39,0.44,1283051
KIN,20170510,0.445,0.45,0.38,0.39,2255676
KIN,20170511,0.385,0.41,0.375,0.41,232244
KIN,20170512,0.415,0.45,0.41,0.42,1336519
KIN,20170515,0.435,0.44,0.395,0.415,1197496
KIN,20170516,0.415,0.415,0.395,0.4,446173
KIN,20170517,0.415,0.415,0.4,0.405,500005
KIN,20170518,0.415,0.415,0.38,0.4,640760
KIN,20170519,0.395,0.4,0.375,0.375,467922
KIN,20170522,0.38,0.395,0.36,0.365,673184
KIN,20170523,0.365,0.38,0.355,0.375,317310
KIN,20170524,0.37,0.38,0.36,0.37,223380
KIN,20170525,0.37,0.38,0.365,0.365,157824
KIN,20170526,0.37,0.37,0.36,0.36,497483
KIN,20170529,0.36,0.36,0.345,0.35,304565
KIN,20170530,0.355,0.38,0.355,0.37,285592
KIN,20170531,0.37,0.42,0.37,0.385,453477
KIN,20170601,0.39,0.41,0.39,0.395,620149
KIN,20170602,0.405,0.42,0.395,0.405,933881
KIN,20170605,0.42,0.445,0.415,0.42,797287
KIN,20170606,0.435,0.435,0.405,0.405,432902
KIN,20170607,0.41,0.415,0.4,0.405,116546
KIN,20170608,0.4,0.41,0.395,0.405,82917
KIN,20170609,0.41,0.42,0.4,0.42,39607
KIN,20170613,0.415,0.43,0.405,0.405,205417
KIN,20170614,0.41,0.415,0.405,0.41,88420
KIN,20170615,0.41,0.41,0.4,0.41,90176
KIN,20170616,0.4,0.405,0.37,0.37,498702
KIN,20170619,0.38,0.385,0.375,0.385,175707
KIN,20170620,0.39,0.4,0.39,0.39,111676
KIN,20170621,0.385,0.42,0.385,0.39,449150
KIN,20170622,0.4,0.405,0.38,0.38,450599
KIN,20170623,0.39,0.39,0.375,0.38,122153
KIN,20170626,0.38,0.38,0.37,0.37,102038
KIN,20170627,0.38,0.38,0.36,0.365,154376
KIN,20170628,0.365,0.365,0.32,0.365,371579
KIN,20170629,0.365,0.37,0.355,0.36,44250
KIN,20170630,0.365,0.365,0.355,0.355,159668
KIN,20170703,0.36,0.365,0.355,0.36,186936
KIN,20170704,0.36,0.36,0.34,0.355,352363
KIN,20170705,0.355,0.355,0.345,0.345,117527
KIN,20170706,0.35,0.35,0.32,0.32,489716
KIN,20170707,0.32,0.335,0.32,0.325,276615
KIN,20170710,0.32,0.34,0.305,0.31,504875
KIN,20170711,0.32,0.32,0.295,0.295,290625
KIN,20170712,0.345,0.355,0.3,0.3,1320876
KIN,20170713,0.3,0.3,0.27,0.285,541015
KIN,20170714,0.29,0.315,0.29,0.31,312285
KIN,20170717,0.315,0.33,0.315,0.32,238646
KIN,20170718,0.325,0.325,0.31,0.31,155518
KIN,20170719,0.31,0.32,0.285,0.285,374191
KIN,20170720,0.295,0.3,0.29,0.3,167827
KIN,20170721,0.3,0.305,0.29,0.29,64360
KIN,20170724,0.29,0.305,0.29,0.3,130367
KIN,20170725,0.31,0.31,0.3,0.3,67555
KIN,20170726,0.305,0.32,0.305,0.32,533376
KIN,20170727,0.315,0.34,0.305,0.33,335780
KIN,20170728,0.32,0.32,0.31,0.32,217380
KIN,20170731,0.325,0.325,0.32,0.32,263428
KIN,20170801,0.325,0.325,0.315,0.315,144844
KIN,20170802,0.32,0.32,0.31,0.31,199563
KIN,20170803,0.31,0.31,0.3,0.31,488620
KIN,20170804,0.32,0.335,0.32,0.335,380743
KIN,20170807,0.33,0.36,0.33,0.35,471087
KIN,20170808,0.35,0.355,0.34,0.355,241627
KIN,20170809,0.35,0.36,0.34,0.34,220637
KIN,20170810,0.355,0.37,0.35,0.365,260062
KIN,20170811,0.365,0.38,0.36,0.38,358822
KIN,20170815,0.385,0.39,0.385,0.385,382885
KIN,20170816,0.385,0.39,0.38,0.38,99610
KIN,20170817,0.385,0.39,0.38,0.38,210899
KIN,20170818,0.38,0.385,0.37,0.385,37752
KIN,20170821,0.38,0.38,0.36,0.36,205272
KIN,20170822,0.36,0.36,0.34,0.355,280683
KIN,20170823,0.35,0.355,0.345,0.345,90011
KIN,20170824,0.35,0.36,0.35,0.35,88174
KIN,20170825,0.35,0.35,0.34,0.345,194575
KIN,20170828,0.35,0.35,0.33,0.34,181131
KIN,20170829,0.36,0.38,0.35,0.36,496328
KIN,20170830,0.38,0.38,0.335,0.335,494695
KIN,20170831,0.34,0.34,0.33,0.335,263100
KIN,20170901,0.335,0.335,0.31,0.31,594413
KIN,20170904,0.315,0.322,0.31,0.31,387862
KIN,20170905,0.32,0.337,0.317,0.335,216652
KIN,20170906,0.345,0.35,0.34,0.34,161693
KIN,20170907,0.34,0.34,0.32,0.325,258597
KIN,20170908,0.33,0.33,0.32,0.33,355053
KIN,20170911,0.335,0.335,0.33,0.335,54017
KIN,20170912,0.33,0.33,0.32,0.33,284657
KIN,20170913,0.33,0.34,0.32,0.33,105177
KIN,20170914,0.325,0.34,0.32,0.34,81092
KIN,20170915,0.34,0.345,0.33,0.33,266038
KIN,20170918,0.325,0.325,0.31,0.31,554758
KIN,20170919,0.31,0.31,0.285,0.29,485843
KIN,20170920,0.29,0.292,0.27,0.27,473735
KIN,20170921,0.28,0.285,0.27,0.27,786366
KIN,20170922,0.27,0.27,0.255,0.255,478623
KIN,20170925,0.27,0.27,0.25,0.25,366054
KIN,20170926,0.275,0.275,0.25,0.25,681267
KIN,20170927,0.25,0.25,0.24,0.24,690814
KIN,20170928,0.24,0.24,0.24,0.24,0
KIN,20170929,0.24,0.24,0.24,0.24,0
KIN,20171002,0.28,0.33,0.28,0.29,1180458
KIN,20171003,0.3,0.302,0.27,0.27,1615359
KIN,20171004,0.27,0.275,0.265,0.265,540265
KIN,20171005,0.275,0.275,0.26,0.265,155759
KIN,20171006,0.275,0.28,0.275,0.275,63134
KIN,20171009,0.28,0.28,0.27,0.27,76071
KIN,20171010,0.27,0.275,0.27,0.275,144025
KIN,20171011,0.275,0.28,0.275,0.28,184110
KIN,20171012,0.275,0.275,0.265,0.265,103294
KIN,20171013,0.265,0.27,0.26,0.26,391760
KIN,20171016,0.27,0.27,0.26,0.26,163562
KIN,20171017,0.26,0.265,0.26,0.265,187396
KIN,20171018,0.265,0.27,0.26,0.27,202860
KIN,20171019,0.27,0.27,0.25,0.252,510388
KIN,20171020,0.26,0.27,0.26,0.265,250466
KIN,20171023,0.27,0.275,0.27,0.27,316201
KIN,20171024,0.27,0.27,0.265,0.265,138248
KIN,20171025,0.27,0.27,0.255,0.255,138761
KIN,20171026,0.255,0.265,0.255,0.265,108399
KIN,20171027,0.265,0.265,0.26,0.26,16858
KIN,20171030,0.27,0.27,0.26,0.265,202926
KIN,20171031,0.265,0.27,0.265,0.27,80857
KIN,20171101,0.265,0.285,0.265,0.28,480859
KIN,20171102,0.28,0.3,0.28,0.29,263635
KIN,20171103,0.29,0.29,0.29,0.29,130209
KIN,20171106,0.285,0.285,0.275,0.275,219577
KIN,20171107,0.28,0.28,0.27,0.27,208092
KIN,20171108,0.275,0.295,0.275,0.28,469924
KIN,20171109,0.29,0.305,0.285,0.305,389126
KIN,20171110,0.29,0.305,0.285,0.305,389126
KIN,20171113,0.34,0.345,0.33,0.34,326563
KIN,20171114,0.34,0.34,0.32,0.32,131570
KIN,20171115,0.32,0.32,0.3,0.305,214038
KIN,20171116,0.305,0.31,0.305,0.31,64249
KIN,20171117,0.31,0.32,0.31,0.32,195589
KIN,20171120,0.32,0.32,0.31,0.32,166789
KIN,20171121,0.35,0.35,0.32,0.335,976224
KIN,20171122,0.33,0.33,0.315,0.315,163398
KIN,20171123,0.32,0.32,0.31,0.31,201773
KIN,20171124,0.315,0.315,0.305,0.305,309774
KIN,20171127,0.31,0.335,0.31,0.32,340016
KIN,20171128,0.33,0.34,0.33,0.34,151637
KIN,20171129,0.335,0.335,0.315,0.32,261493
KIN,20171130,0.32,0.32,0.31,0.31,61505
KIN,20171201,0.32,0.325,0.31,0.325,68953
KIN,20171204,0.33,0.33,0.315,0.315,51113
KIN,20171205,0.32,0.32,0.31,0.315,92275
KIN,20171206,0.3,0.36,0.285,0.315,1543390
KIN,20171207,0.325,0.325,0.285,0.285,1038913
KIN,20171208,0.285,0.3,0.28,0.28,261060
KIN,20171211,0.285,0.295,0.282,0.295,117593
KIN,20171212,0.3,0.3,0.28,0.287,311190
KIN,20171213,0.295,0.3,0.28,0.28,258021
KIN,20171214,0.285,0.285,0.285,0.285,116630
KIN,20171215,0.285,0.285,0.285,0.285,0
KIN,20171218,0.28,0.28,0.26,0.26,469138
KIN,20171219,0.26,0.265,0.255,0.255,407724
KIN,20171220,0.26,0.265,0.255,0.255,63141
KIN,20171221,0.265,0.275,0.265,0.27,564234
KIN,20171222,0.27,0.275,0.265,0.27,204014
KIN,20171227,0.27,0.285,0.27,0.275,233614
KIN,20171228,0.28,0.28,0.28,0.28,225900
KIN,20171229,0.28,0.28,0.265,0.27,520768
KIN,20180102,0.27,0.28,0.27,0.275,356090
KIN,20180103,0.285,0.31,0.285,0.295,905242
KIN,20180104,0.3,0.305,0.29,0.29,146296
KIN,20180105,0.29,0.29,0.285,0.285,72534
KIN,20180108,0.285,0.3,0.28,0.29,167135
KIN,20180109,0.28,0.295,0.275,0.275,357890
KIN,20180110,0.275,0.275,0.262,0.265,681151
KIN,20180111,0.26,0.29,0.255,0.267,331829
KIN,20180112,0.265,0.275,0.265,0.27,306696
KIN,20180115,0.28,0.282,0.27,0.27,488605
KIN,20180116,0.27,0.275,0.27,0.27,459045
KIN,20180117,0.27,0.27,0.265,0.265,155686
KIN,20180118,0.27,0.28,0.27,0.27,845359
KIN,20180119,0.275,0.28,0.27,0.27,201296
KIN,20180122,0.275,0.275,0.27,0.27,550215
KIN,20180123,0.27,0.315,0.27,0.3,842196
KIN,20180124,0.31,0.33,0.305,0.31,521792
KIN,20180125,0.315,0.315,0.305,0.305,322132
KIN,20180129,0.32,0.32,0.285,0.285,374589
KIN,20180130,0.275,0.28,0.27,0.275,310067
KIN,20180131,0.27,0.29,0.265,0.28,985624
KIN,20180201,0.285,0.285,0.28,0.28,104252
KIN,20180202,0.28,0.28,0.27,0.275,224235
KIN,20180205,0.275,0.275,0.255,0.265,653606
KIN,20180207,0.275,0.275,0.255,0.255,149995
KIN,20180208,0.26,0.265,0.255,0.26,131717
KIN,20180209,0.26,0.265,0.255,0.255,200701
KIN,20180212,0.25,0.25,0.245,0.25,849372
KIN,20180213,0.25,0.25,0.235,0.24,1021373
KIN,20180214,0.24,0.24,0.2,0.21,3756112
KIN,20180215,0.205,0.24,0.205,0.235,3073050
KIN,20180216,0.24,0.24,0.22,0.225,858303
KIN,20180219,0.225,0.225,0.225,0.225,0
KIN,20180220,0.225,0.225,0.225,0.225,0
KIN,20180221,0.2,0.225,0.2,0.22,3088700
KIN,20180222,0.23,0.26,0.23,0.25,987889
KIN,20180223,0.26,0.285,0.26,0.275,623169
KIN,20180226,0.275,0.29,0.255,0.255,509673
KIN,20180227,0.255,0.26,0.25,0.25,237410
KIN,20180228,0.26,0.275,0.255,0.27,279904
KIN,20180301,0.26,0.265,0.245,0.245,710830
KIN,20180302,0.25,0.25,0.245,0.25,295407
KIN,20180305,0.26,0.26,0.255,0.255,117164
KIN,20180306,0.25,0.255,0.25,0.25,110860
KIN,20180307,0.25,0.25,0.245,0.25,273167
KIN,20180308,0.25,0.255,0.245,0.25,165341
KIN,20180309,0.255,0.255,0.25,0.25,119312
KIN,20180312,0.26,0.26,0.25,0.25,196621
KIN,20180313,0.25,0.26,0.25,0.26,203295
KIN,20180314,0.255,0.255,0.245,0.255,377477
KIN,20180315,0.255,0.255,0.25,0.255,240215
KIN,20180316,0.25,0.265,0.25,0.265,290220
KIN,20180319,0.265,0.27,0.255,0.255,391276
KIN,20180320,0.26,0.26,0.25,0.25,418964
KIN,20180321,0.255,0.255,0.255,0.255,46592
KIN,20180322,0.26,0.26,0.25,0.25,480266
KIN,20180323,0.245,0.26,0.245,0.26,437340
KIN,20180326,0.26,0.27,0.26,0.26,471448
KIN,20180327,0.26,0.265,0.255,0.26,162049
KIN,20180328,0.26,0.26,0.26,0.26,113851
KIN,20180329,0.26,0.26,0.26,0.26,299311
KIN,20180403,0.26,0.265,0.26,0.265,267359
KIN,20180404,0.265,0.27,0.265,0.265,238619
KIN,20180405,0.26,0.275,0.26,0.26,250474
KIN,20180406,0.26,0.265,0.26,0.26,367185
KIN,20180409,0.26,0.26,0.26,0.26,0
KIN,20180410,0.26,0.26,0.26,0.26,0
KIN,20180411,0.17,0.19,0.125,0.155,10679435
KIN,20180412,0.155,0.155,0.145,0.145,1533678
KIN,20180413,0.145,0.15,0.145,0.15,1033137
KIN,20180416,0.16,0.16,0.155,0.155,769795
KIN,20180417,0.16,0.165,0.155,0.165,834380
KIN,20180418,0.165,0.175,0.165,0.175,1431746
KIN,20180419,0.18,0.19,0.18,0.185,542653
KIN,20180420,0.185,0.19,0.175,0.175,540770
KIN,20180423,0.175,0.185,0.175,0.185,223244
KIN,20180424,0.185,0.185,0.17,0.175,349636
KIN,20180426,0.175,0.175,0.175,0.175,181189
KIN,20180427,0.175,0.175,0.17,0.175,183757
KIN,20180430,0.175,0.175,0.17,0.17,262215
KIN,20180501,0.17,0.17,0.155,0.155,502168
KIN,20180502,0.16,0.16,0.15,0.15,160409
KIN,20180503,0.155,0.16,0.145,0.145,759411
KIN,20180504,0.15,0.15,0.15,0.15,90000
KIN,20180507,0.16,0.16,0.16,0.16,109000
KIN,20180508,0.16,0.16,0.16,0.16,0
KIN,20180509,0.14,0.15,0.132,0.15,1520655
KIN,20180510,0.15,0.15,0.14,0.145,316513
KIN,20180511,0.145,0.145,0.14,0.14,75129
KIN,20180514,0.14,0.145,0.14,0.145,204756
KIN,20180515,0.145,0.145,0.14,0.14,134263
KIN,20180516,0.14,0.14,0.14,0.14,110000
KIN,20180517,0.14,0.14,0.14,0.14,4669
KIN,20180518,0.14,0.14,0.14,0.14,0
KIN,20180521,0.135,0.14,0.135,0.135,88196
KIN,20180522,0.14,0.14,0.115,0.13,1036079
KIN,20180523,0.13,0.13,0.125,0.125,133053
KIN,20180524,0.12,0.125,0.12,0.125,445681
KIN,20180525,0.12,0.125,0.12,0.12,875641
KIN,20180528,0.12,0.12,0.12,0.12,0
KIN,20180529,0.12,0.12,0.12,0.12,0
KIN,20180530,0.125,0.135,0.125,0.135,1905268
KIN,20180531,0.135,0.135,0.125,0.13,2352351
KIN,20180601,0.13,0.13,0.13,0.13,394293
KIN,20180604,0.135,0.135,0.13,0.135,393551
KIN,20180605,0.135,0.14,0.135,0.135,1328051
KIN,20180606,0.135,0.14,0.13,0.135,178004
KIN,20180607,0.14,0.14,0.135,0.135,44389
KIN,20180608,0.13,0.13,0.13,0.13,77076
KIN,20180612,0.125,0.13,0.125,0.13,2863082
KIN,20180613,0.13,0.13,0.13,0.13,1796682
KIN,20180614,0.13,0.13,0.13,0.13,362004
KIN,20180615,0.13,0.135,0.13,0.13,1067968
KIN,20180618,0.13,0.135,0.13,0.13,261326
KIN,20180619,0.13,0.13,0.13,0.13,1812520
KIN,20180620,0.135,0.135,0.13,0.13,1749776
KIN,20180621,0.13,0.13,0.13,0.13,212842
KIN,20180622,0.13,0.13,0.125,0.125,498546
KIN,20180625,0.125,0.125,0.12,0.12,258122
KIN,20180626,0.12,0.12,0.12,0.12,69244
KIN,20180627,0.12,0.12,0.12,0.12,211785
KIN,20180628,0.12,0.125,0.12,0.12,399087
KIN,20180629,0.12,0.125,0.12,0.125,710213
KIN,20180702,0.12,0.13,0.12,0.13,141656
KIN,20180703,0.13,0.13,0.13,0.13,716855
KIN,20180704,0.135,0.14,0.135,0.135,316646
KIN,20180705,0.135,0.135,0.135,0.135,56357
KIN,20180706,0.13,0.13,0.13,0.13,64345
KIN,20180710,0.12,0.12,0.12,0.12,347244
KIN,20180711,0.12,0.12,0.12,0.12,266614
KIN,20180712,0.125,0.13,0.125,0.13,88000
KIN,20180713,0.13,0.135,0.125,0.125,782124
KIN,20180716,0.12,0.125,0.12,0.125,168298
KIN,20180717,0.125,0.13,0.125,0.125,246729
KIN,20180718,0.13,0.13,0.13,0.13,346699
KIN,20180719,0.13,0.135,0.13,0.135,238527
KIN,20180720,0.13,0.14,0.13,0.135,444901
KIN,20180723,0.13,0.135,0.13,0.135,592085
KIN,20180724,0.14,0.14,0.13,0.135,178953
KIN,20180725,0.135,0.14,0.135,0.135,83798
KIN,20180726,0.135,0.14,0.135,0.14,85842
KIN,20180727,0.14,0.145,0.135,0.135,360196
KIN,20180730,0.13,0.13,0.13,0.13,16867
KIN,20180731,0.13,0.132,0.13,0.13,318315
KIN,20180801,0.13,0.137,0.13,0.135,1090723
KIN,20180802,0.14,0.14,0.13,0.135,174278
KIN,20180803,0.13,0.14,0.13,0.135,1566418
KIN,20180806,0.135,0.135,0.13,0.13,73813
KIN,20180807,0.135,0.135,0.135,0.135,32800
KIN,20180808,0.135,0.135,0.13,0.13,44275
KIN,20180809,0.13,0.13,0.13,0.13,814214
KIN,20180810,0.13,0.13,0.13,0.13,84937
KIN,20180813,0.13,0.13,0.13,0.13,911097
KIN,20180814,0.125,0.125,0.125,0.125,245258
KIN,20180816,0.125,0.125,0.12,0.12,29916
KIN,20180817,0.12,0.125,0.12,0.125,195012
KIN,20180820,0.12,0.125,0.12,0.125,298851
KIN,20180821,0.125,0.125,0.125,0.125,74
KIN,20180822,0.12,0.12,0.12,0.12,12804
KIN,20180823,0.12,0.125,0.115,0.12,1144033
KIN,20180824,0.12,0.12,0.12,0.12,8600
KIN,20180827,0.12,0.12,0.12,0.12,16807
KIN,20180828,0.125,0.125,0.12,0.12,35024
KIN,20180829,0.125,0.125,0.12,0.12,353772
KIN,20180830,0.125,0.125,0.125,0.125,124600
KIN,20180831,0.125,0.125,0.12,0.125,778053
KIN,20180903,0.125,0.125,0.12,0.12,1129196
KIN,20180904,0.12,0.12,0.12,0.12,0
KIN,20180905,0.125,0.125,0.12,0.12,535079
KIN,20180906,0.12,0.12,0.12,0.12,747680
KIN,20180907,0.12,0.13,0.12,0.13,242189
KIN,20180910,0.13,0.13,0.13,0.13,0
KIN,20180913,0.115,0.12,0.115,0.115,100000
KIN,20180914,0.12,0.12,0.11,0.11,167723
KIN,20180917,0.12,0.12,0.11,0.12,155672
KIN,20180918,0.11,0.11,0.11,0.11,32158
KIN,20180919,0.11,0.11,0.11,0.11,0
KIN,20180920,0.115,0.115,0.115,0.115,71997
KIN,20180921,0.115,0.115,0.11,0.11,46370
KIN,20180924,0.105,0.105,0.105,0.105,55512
KIN,20180925,0.11,0.11,0.105,0.105,263878
KIN,20180926,0.105,0.105,0.105,0.105,4750
KIN,20180927,0.1,0.1,0.099,0.1,167667
KIN,20180928,0.1,0.1,0.097,0.1,467357
KIN,20181001,0.1,0.1,0.1,0.1,0
KIN,20181002,0.095,0.095,0.092,0.094,121627
KIN,20181003,0.094,0.095,0.094,0.095,185196
KIN,20181004,0.092,0.092,0.087,0.09,1143666
KIN,20181005,0.09,0.09,0.09,0.09,0
KIN,20181008,0.09,0.09,0.09,0.09,0
KIN,20181009,0.089,0.089,0.075,0.075,2250786
KIN,20181010,0.075,0.076,0.074,0.075,868165
KIN,20181011,0.075,0.075,0.072,0.073,973776
KIN,20181012,0.072,0.072,0.071,0.071,675232
KIN,20181015,0.07,0.071,0.069,0.071,931159
KIN,20181016,0.069,0.074,0.069,0.074,346133
KIN,20181017,0.074,0.076,0.074,0.076,15000
KIN,20181018,0.076,0.079,0.073,0.077,197821
KIN,20181019,0.077,0.08,0.077,0.077,411700
KIN,20181022,0.077,0.077,0.074,0.077,169591
KIN,20181023,0.076,0.08,0.076,0.08,223000
KIN,20181024,0.079,0.08,0.079,0.08,334139
KIN,20181025,0.08,0.083,0.08,0.08,222313
KIN,20181026,0.08,0.08,0.079,0.08,742870
KIN,20181030,0.078,0.08,0.078,0.08,76000
KIN,20181031,0.08,0.085,0.08,0.085,30572
KIN,20181101,0.084,0.084,0.084,0.084,388
KIN,20181102,0.081,0.084,0.08,0.084,129664
KIN,20181105,0.083,0.083,0.082,0.082,22524
KIN,20181106,0.082,0.082,0.082,0.082,0
KIN,20181107,0.082,0.082,0.08,0.08,394312
KIN,20181108,0.08,0.08,0.079,0.08,691188
KIN,20181109,0.08,0.08,0.079,0.08,554487
KIN,20181112,0.078,0.078,0.073,0.077,691550
KIN,20181113,0.075,0.078,0.075,0.076,189328
KIN,20181114,0.078,0.079,0.074,0.079,1037632
KIN,20181115,0.08,0.083,0.08,0.081,1086611
KIN,20181116,0.084,0.088,0.084,0.087,1219070
KIN,20181119,0.095,0.095,0.094,0.095,176558
KIN,20181120,0.095,0.095,0.08,0.084,432399
KIN,20181121,0.084,0.084,0.084,0.084,0
KIN,20181122,0.084,0.084,0.084,0.084,0
KIN,20181123,0.084,0.084,0.081,0.084,30556
KIN,20181126,0.081,0.084,0.08,0.084,78420
KIN,20181127,0.08,0.084,0.08,0.084,23327
KIN,20181128,0.083,0.083,0.08,0.083,64294
KIN,20181129,0.08,0.08,0.078,0.078,49556
KIN,20181130,0.075,0.079,0.074,0.079,449967
KIN,20181203,0.079,0.08,0.079,0.08,69318
KIN,20181204,0.08,0.08,0.08,0.08,0
KIN,20181205,0.078,0.078,0.078,0.078,10000
KIN,20181206,0.08,0.082,0.077,0.082,178626
KIN,20181207,0.082,0.082,0.082,0.082,35173
KIN,20181210,0.08,0.082,0.08,0.081,216889
KIN,20181211,0.086,0.086,0.086,0.086,10597
KIN,20181212,0.081,0.081,0.081,0.081,25000
KIN,20181213,0.081,0.081,0.081,0.081,0
KIN,20181214,0.081,0.081,0.081,0.081,0
KIN,20181217,0.084,0.085,0.084,0.085,127921
KIN,20181218,0.083,0.083,0.083,0.083,36144
KIN,20181219,0.081,0.083,0.081,0.083,83000
KIN,20181220,0.085,0.085,0.083,0.083,45537
KIN,20181221,0.081,0.083,0.08,0.08,165243
KIN,20181224,0.08,0.08,0.077,0.077,17226
KIN,20181227,0.08,0.082,0.08,0.082,50000
KIN,20181228,0.082,0.082,0.08,0.08,106250
KIN,20181231,0.08,0.085,0.072,0.085,119309
KIN,20190102,0.085,0.085,0.085,0.085,108545
KIN,20190103,0.085,0.085,0.085,0.085,0
KIN,20190104,0.083,0.083,0.08,0.08,89849
KIN,20190107,0.08,0.08,0.08,0.08,0
KIN,20190108,0.085,0.085,0.082,0.082,19165
KIN,20190109,0.081,0.084,0.081,0.084,10849
KIN,20190110,0.084,0.084,0.084,0.084,0
KIN,20190111,0.08,0.08,0.079,0.079,114500
KIN,20190114,0.079,0.08,0.079,0.08,18957
KIN,20190115,0.081,0.081,0.08,0.08,26457
KIN,20190116,0.083,0.083,0.08,0.08,32500
KIN,20190117,0.081,0.084,0.08,0.08,146225
KIN,20190118,0.078,0.078,0.078,0.078,23512
KIN,20190121,0.081,0.081,0.081,0.081,7000
KIN,20190122,0.078,0.078,0.076,0.076,216488
KIN,20190123,0.077,0.077,0.076,0.077,27900
KIN,20190124,0.077,0.077,0.077,0.077,236949
KIN,20190125,0.076,0.076,0.076,0.076,36895
KIN,20190129,0.075,0.076,0.072,0.072,109979
KIN,20190130,0.075,0.075,0.074,0.074,219068
KIN,20190131,0.072,0.072,0.07,0.07,7274
KIN,20190201,0.07,0.07,0.07,0.07,51000
KIN,20190204,0.074,0.074,0.074,0.074,8436
KIN,20190205,0.07,0.07,0.069,0.07,58003
KIN,20190206,0.07,0.07,0.07,0.07,28000
KIN,20190207,0.07,0.072,0.07,0.072,103347
KIN,20190208,0.072,0.072,0.072,0.072,60757
KIN,20190211,0.072,0.072,0.072,0.072,0
KIN,20190212,0.075,0.076,0.072,0.072,43115
KIN,20190213,0.072,0.072,0.071,0.071,30513
KIN,20190214,0.071,0.071,0.071,0.071,72000
KIN,20190215,0.072,0.072,0.07,0.07,96168
KIN,20190218,0.072,0.072,0.07,0.07,59097
KIN,20190219,0.072,0.072,0.07,0.07,39949
KIN,20190220,0.072,0.072,0.071,0.071,392384
KIN,20190221,0.073,0.073,0.07,0.07,1041748
KIN,20190222,0.069,0.07,0.069,0.07,12915
KIN,20190225,0.07,0.07,0.07,0.07,79566
KIN,20190226,0.069,0.069,0.069,0.069,206000
KIN,20190227,0.068,0.068,0.065,0.065,58252
KIN,20190228,0.068,0.07,0.068,0.07,212104
KIN,20190301,0.07,0.07,0.07,0.07,22182
KIN,20190304,0.068,0.069,0.066,0.069,161860
KIN,20190305,0.067,0.068,0.067,0.068,95254
KIN,20190306,0.066,0.066,0.066,0.066,112094
KIN,20190307,0.066,0.066,0.065,0.065,308996
KIN,20190308,0.065,0.065,0.064,0.065,106361
KIN,20190311,0.065,0.067,0.063,0.066,161657
KIN,20190312,0.06,0.06,0.06,0.06,5500
KIN,20190313,0.06,0.064,0.06,0.064,97301
KIN,20190314,0.063,0.063,0.063,0.063,15000
KIN,20190315,0.062,0.063,0.061,0.063,64982
KIN,20190318,0.063,0.063,0.061,0.061,255210
KIN,20190319,0.062,0.062,0.062,0.062,17181
KIN,20190320,0.062,0.062,0.062,0.062,73000
KIN,20190321,0.063,0.063,0.063,0.063,25000
KIN,20190322,0.061,0.061,0.061,0.061,8403
KIN,20190325,0.06,0.06,0.058,0.058,246364
KIN,20190326,0.058,0.058,0.056,0.056,28774
KIN,20190327,0.055,0.055,0.053,0.054,345202
KIN,20190328,0.054,0.055,0.054,0.055,119921
KIN,20190329,0.067,0.067,0.067,0.067,20036
KIN,20190401,0.067,0.067,0.06,0.06,47369
KIN,20190402,0.061,0.061,0.061,0.061,13393
KIN,20190403,0.061,0.061,0.061,0.061,0
KIN,20190404,0.063,0.072,0.061,0.072,311480
KIN,20190405,0.072,0.073,0.07,0.073,91617
KIN,20190408,0.07,0.07,0.07,0.07,22204
KIN,20190409,0.071,0.075,0.071,0.075,36465
KIN,20190410,0.075,0.079,0.075,0.076,210015
KIN,20190411,0.076,0.076,0.076,0.076,0
KIN,20190412,0.077,0.077,0.073,0.073,118270
KIN,20190415,0.079,0.079,0.075,0.075,86103
KIN,20190416,0.075,0.075,0.071,0.071,207284
KIN,20190417,0.073,0.074,0.073,0.074,252467
KIN,20190418,0.072,0.072,0.072,0.072,429908
KIN,20190423,0.072,0.072,0.072,0.072,0
KIN,20190424,0.07,0.07,0.067,0.07,46347
KIN,20190426,0.07,0.07,0.07,0.07,0
KIN,20190429,0.068,0.068,0.065,0.065,146993
KIN,20190430,0.067,0.067,0.067,0.067,15000
KIN,20190501,0.069,0.071,0.069,0.071,102343
KIN,20190502,0.071,0.071,0.071,0.071,8346
KIN,20190503,0.071,0.071,0.061,0.071,49857
KIN,20190506,0.071,0.074,0.062,0.062,390734
KIN,20190507,0.062,0.062,0.062,0.062,0
KIN,20190508,0.066,0.075,0.066,0.075,147738
KIN,20190509,0.075,0.075,0.071,0.072,134052
KIN,20190510,0.075,0.075,0.072,0.072,75882
KIN,20190513,0.072,0.072,0.072,0.072,0
KIN,20190514,0.072,0.072,0.072,0.072,26945
KIN,20190515,0.072,0.072,0.072,0.072,0
KIN,20190516,0.072,0.072,0.072,0.072,0
KIN,20190517,0.07,0.071,0.07,0.071,40221
KIN,20190520,0.064,0.064,0.064,0.064,63334
KIN,20190521,0.064,0.064,0.064,0.064,112897
KIN,20190522,0.066,0.066,0.066,0.066,6725
KIN,20190523,0.07,0.07,0.07,0.07,37500
KIN,20190524,0.066,0.066,0.066,0.066,25999
KIN,20190527,0.067,0.067,0.062,0.065,619637
KIN,20190528,0.065,0.065,0.065,0.065,0
KIN,20190529,0.065,0.068,0.062,0.062,349776
KIN,20190530,0.062,0.065,0.062,0.062,227334
KIN,20190531,0.062,0.062,0.062,0.062,2140
KIN,20190603,0.063,0.063,0.059,0.061,1769152
KIN,20190604,0.06,0.063,0.06,0.063,1063813
KIN,20190605,0.06,0.06,0.06,0.06,153815
KIN,20190606,0.061,0.061,0.061,0.061,89962
KIN,20190607,0.061,0.061,0.061,0.061,0
KIN,20190611,0.061,0.061,0.06,0.06,245164
KIN,20190612,0.06,0.061,0.06,0.061,34829
KIN,20190613,0.061,0.061,0.06,0.06,1268204
KIN,20190614,0.06,0.06,0.058,0.058,381099
KIN,20190617,0.058,0.058,0.058,0.058,0
KIN,20190618,0.055,0.06,0.055,0.06,305764
KIN,20190619,0.06,0.06,0.06,0.06,0
KIN,20190620,0.06,0.06,0.059,0.06,163899
KIN,20190621,0.06,0.06,0.06,0.06,0
KIN,20190624,0.059,0.059,0.057,0.057,39969
KIN,20190625,0.057,0.057,0.054,0.054,271111
KIN,20190626,0.054,0.054,0.054,0.054,43912
KIN,20190627,0.056,0.056,0.053,0.055,243550
KIN,20190628,0.055,0.055,0.052,0.052,1107284
KIN,20190701,0.052,0.052,0.052,0.052,0
KIN,20190702,0.054,0.055,0.052,0.052,109956
KIN,20190703,0.054,0.059,0.054,0.057,95114
KIN,20190704,0.058,0.06,0.058,0.06,231297
KIN,20190705,0.062,0.067,0.061,0.065,293240
KIN,20190708,0.061,0.062,0.06,0.06,796394
KIN,20190709,0.06,0.06,0.06,0.06,285620
KIN,20190710,0.056,0.057,0.056,0.057,247663
KIN,20190711,0.056,0.056,0.055,0.055,198316
KIN,20190712,0.056,0.056,0.056,0.056,10000
KIN,20190715,0.056,0.056,0.055,0.055,186303
KIN,20190716,0.055,0.056,0.055,0.056,210882
KIN,20190717,0.057,0.062,0.057,0.06,1200065
KIN,20190718,0.06,0.064,0.06,0.06,281700
KIN,20190719,0.065,0.074,0.065,0.07,277858
KIN,20190722,0.076,0.079,0.076,0.077,48500
KIN,20190723,0.078,0.08,0.072,0.072,193343
KIN,20190724,0.066,0.066,0.062,0.062,132303
KIN,20190725,0.063,0.063,0.063,0.063,72600
KIN,20190726,0.066,0.068,0.065,0.065,549979
KIN,20190729,0.066,0.075,0.066,0.071,125500
KIN,20190730,0.073,0.073,0.07,0.072,420944
KIN,20190731,0.074,0.086,0.074,0.08,586835
KIN,20190801,0.078,0.078,0.076,0.076,103500
KIN,20190802,0.076,0.078,0.074,0.074,364630
KIN,20190805,0.074,0.078,0.074,0.075,328621
KIN,20190806,0.076,0.076,0.075,0.075,151052
KIN,20190807,0.076,0.078,0.075,0.075,360328
KIN,20190808,0.077,0.08,0.077,0.078,323088
KIN,20190809,0.076,0.078,0.076,0.078,86072
KIN,20190812,0.08,0.083,0.08,0.08,290000
KIN,20190813,0.08,0.08,0.077,0.077,15093
KIN,20190814,0.082,0.082,0.082,0.082,192506
KIN,20190815,0.081,0.083,0.076,0.083,281296
KIN,20190816,0.083,0.084,0.083,0.084,135063
KIN,20190819,0.084,0.084,0.083,0.083,166747
KIN,20190820,0.083,0.083,0.083,0.083,0
KIN,20190821,0.08,0.08,0.079,0.079,26792
KIN,20190822,0.078,0.078,0.077,0.077,138639
KIN,20190823,0.077,0.077,0.077,0.077,18038
KIN,20190826,0.08,0.08,0.076,0.076,145012
KIN,20190827,0.079,0.079,0.078,0.078,22820
KIN,20190828,0.08,0.08,0.079,0.079,21219
KIN,20190829,0.079,0.082,0.079,0.08,323577
KIN,20190830,0.077,0.077,0.074,0.075,613724
KIN,20190902,0.073,0.073,0.052,0.054,2468357
KIN,20190903,0.055,0.055,0.048,0.049,1324167
KIN,20190904,0.05,0.05,0.04,0.045,2792095
KIN,20190905,0.044,0.047,0.041,0.043,3455109
KIN,20190906,0.044,0.047,0.044,0.047,410331
KIN,20190909,0.047,0.047,0.047,0.047,0
KIN,20190910,0.047,0.047,0.045,0.045,17700
KIN,20190911,0.047,0.047,0.045,0.045,176412
KIN,20190912,0.047,0.047,0.047,0.047,105958
KIN,20190913,0.045,0.045,0.044,0.044,150000
KIN,20190916,0.044,0.044,0.042,0.042,273941
KIN,20190917,0.046,0.046,0.042,0.042,153906
KIN,20190918,0.042,0.042,0.042,0.042,57094
KIN,20190919,0.042,0.042,0.04,0.04,252472
KIN,20190920,0.04,0.04,0.04,0.04,15351
KIN,20190923,0.042,0.045,0.042,0.045,240532
KIN,20190924,0.045,0.045,0.045,0.045,0
KIN,20190925,0.045,0.045,0.045,0.045,75000
KIN,20190926,0.045,0.045,0.045,0.045,0
KIN,20190927,0.044,0.044,0.042,0.042,147400
KIN,20190930,0.042,0.042,0.042,0.042,0
KIN,20191001,0.042,0.042,0.042,0.042,87666
KIN,20191002,0.042,0.042,0.038,0.038,369031
KIN,20191003,0.038,0.038,0.038,0.038,0
KIN,20191004,0.038,0.038,0.038,0.038,0
KIN,20191007,0.04,0.041,0.04,0.04,256896
KIN,20191008,0.04,0.04,0.04,0.04,124626
KIN,20191009,0.04,0.04,0.039,0.039,196792
KIN,20191010,0.04,0.04,0.039,0.039,138478
KIN,20191011,0.039,0.04,0.039,0.04,50574
KIN,20191014,0.04,0.04,0.04,0.04,0
KIN,20191015,0.04,0.04,0.04,0.04,0
KIN,20191016,0.038,0.038,0.033,0.035,170272
KIN,20191017,0.035,0.035,0.035,0.035,15000
KIN,20191018,0.035,0.035,0.035,0.035,35000
KIN,20191021,0.035,0.035,0.035,0.035,0
KIN,20191022,0.035,0.035,0.035,0.035,0
KIN,20191023,0.035,0.035,0.035,0.035,0
KIN,20191024,0.039,0.04,0.039,0.04,1035000
KIN,20191025,0.04,0.04,0.04,0.04,1050770
KIN,20191028,0.04,0.045,0.04,0.043,154184
KIN,20191029,0.043,0.043,0.039,0.039,1064519
KIN,20191030,0.042,0.042,0.042,0.042,99780
KIN,20191031,0.041,0.044,0.041,0.044,173349
KIN,20191101,0.044,0.044,0.044,0.044,22727
KIN,20191104,0.044,0.047,0.044,0.044,1205401
KIN,20191105,0.045,0.047,0.045,0.047,391834
KIN,20191106,0.047,0.051,0.047,0.049,1143373
KIN,20191107,0.048,0.048,0.044,0.044,324916
KIN,20191108,0.044,0.044,0.043,0.043,186741
KIN,20191111,0.044,0.044,0.043,0.043,92211
KIN,20191112,0.045,0.046,0.045,0.046,45050
KIN,20191113,0.048,0.048,0.044,0.045,312011
KIN,20191114,0.044,0.044,0.035,0.038,3232435
KIN,20191115,0.04,0.041,0.04,0.04,1197100
KIN,20191118,0.039,0.039,0.038,0.039,343031
KIN,20191119,0.039,0.039,0.038,0.039,101035
KIN,20191120,0.039,0.039,0.038,0.039,513656
KIN,20191121,0.039,0.039,0.038,0.038,119934
KIN,20191122,0.038,0.038,0.038,0.038,0
KIN,20191125,0.04,0.04,0.04,0.04,285000
KIN,20191126,0.04,0.04,0.039,0.039,441269
KIN,20191127,0.038,0.041,0.038,0.041,646539
KIN,20191128,0.041,0.041,0.041,0.041,0
KIN,20191129,0.039,0.04,0.039,0.04,290000
KIN,20191202,0.04,0.04,0.039,0.04,539915
KIN,20191203,0.04,0.04,0.04,0.04,155000
KIN,20191204,0.039,0.039,0.039,0.039,9950
KIN,20191205,0.04,0.04,0.04,0.04,7091
KIN,20191206,0.04,0.04,0.04,0.04,0
KIN,20191209,0.04,0.04,0.04,0.04,0
KIN,20191210,0.04,0.04,0.039,0.039,186800
KIN,20191211,0.038,0.038,0.038,0.038,233861
KIN,20191212,0.036,0.036,0.035,0.036,847649
KIN,20191213,0.037,0.037,0.037,0.037,15508
KIN,20191216,0.035,0.035,0.035,0.035,3700
KIN,20191217,0.035,0.035,0.035,0.035,73745
KIN,20191218,0.038,0.038,0.036,0.036,102642
KIN,20191219,0.038,0.038,0.033,0.033,109195
KIN,20191220,0.035,0.04,0.035,0.04,577026
KIN,20191223,0.04,0.041,0.04,0.041,510000
KIN,20191224,0.039,0.039,0.039,0.039,46153
KIN,20191227,0.041,0.043,0.039,0.04,717678
KIN,20191230,0.039,0.039,0.035,0.035,325469
KIN,20191231,0.035,0.035,0.035,0.035,0
KIN,20200102,0.035,0.035,0.035,0.035,0
KIN,20200103,0.035,0.035,0.035,0.035,0
KIN,20200106,0.035,0.035,0.035,0.035,2700
KIN,20200107,0.038,0.041,0.038,0.038,66698
KIN,20200108,0.039,0.039,0.039,0.039,10178
KIN,20200109,0.038,0.038,0.036,0.036,173322
KIN,20200113,0.035,0.035,0.035,0.035,76466
KIN,20200114,0.035,0.035,0.035,0.035,284585
KIN,20200115,0.035,0.035,0.034,0.034,234672
KIN,20200116,0.034,0.034,0.034,0.034,0
KIN,20200117,0.034,0.038,0.033,0.038,717632
KIN,20200120,0.038,0.038,0.037,0.038,565344
KIN,20200121,0.035,0.035,0.034,0.034,172382
KIN,20200122,0.034,0.035,0.034,0.035,152296
KIN,20200123,0.035,0.035,0.035,0.035,87015
KIN,20200124,0.034,0.034,0.032,0.032,1166034
KIN,20200128,0.032,0.032,0.032,0.032,88000
KIN,20200129,0.032,0.032,0.031,0.032,284144
KIN,20200130,0.034,0.034,0.032,0.033,396728
KIN,20200203,0.034,0.043,0.034,0.043,2614929
KIN,20200204,0.044,0.053,0.043,0.044,2574702
KIN,20200205,0.045,0.045,0.038,0.038,826840
KIN,20200210,0.041,0.042,0.041,0.042,163844
KIN,20200211,0.044,0.045,0.042,0.043,1001677
KIN,20200212,0.044,0.045,0.044,0.045,104031
KIN,20200213,0.045,0.048,0.045,0.047,1040351
KIN,20200214,0.049,0.049,0.048,0.048,150888
KIN,20200217,0.049,0.053,0.049,0.051,626749
KIN,20200218,0.056,0.067,0.056,0.06,986005
KIN,20200219,0.062,0.067,0.062,0.064,1351833
KIN,20200220,0.064,0.066,0.064,0.065,501098
KIN,20200221,0.065,0.065,0.063,0.064,265496
KIN,20200224,0.064,0.065,0.064,0.064,573175
KIN,20200225,0.064,0.064,0.062,0.062,265493
KIN,20200226,0.063,0.063,0.059,0.059,509781
KIN,20200227,0.059,0.06,0.058,0.06,376628
KIN,20200228,0.058,0.06,0.058,0.058,803743
KIN,20200302,0.054,0.054,0.039,0.044,1223292
KIN,20200303,0.047,0.052,0.047,0.052,215534
KIN,20200304,0.056,0.056,0.048,0.048,585436
KIN,20200305,0.048,0.051,0.048,0.051,142188
KIN,20200306,0.056,0.056,0.051,0.052,182219
KIN,20200309,0.053,0.057,0.05,0.051,900620
KIN,20200310,0.052,0.053,0.048,0.051,693177
KIN,20200311,0.051,0.054,0.051,0.051,253380
KIN,20200312,0.051,0.051,0.046,0.047,162074
KIN,20200313,0.045,0.045,0.041,0.041,409547
KIN,20200316,0.041,0.041,0.041,0.041,0
KIN,20200317,0.041,0.041,0.041,0.041,0
KIN,20200318,0.045,0.051,0.044,0.051,238454
KIN,20200319,0.053,0.054,0.051,0.052,520777
KIN,20200320,0.05,0.05,0.05,0.05,300205
KIN,20200323,0.049,0.049,0.042,0.042,396300
KIN,20200324,0.042,0.042,0.042,0.042,0
KIN,20200325,0.045,0.049,0.045,0.047,257712
KIN,20200326,0.049,0.05,0.049,0.049,298182
KIN,20200327,0.051,0.051,0.049,0.049,345747
KIN,20200330,0.046,0.048,0.046,0.048,27038
KIN,20200331,0.05,0.05,0.048,0.048,35305
KIN,20200401,0.048,0.05,0.048,0.05,693532
KIN,20200402,0.049,0.049,0.049,0.049,150000
KIN,20200403,0.049,0.049,0.048,0.049,215024
KIN,20200406,0.049,0.05,0.049,0.05,215262
KIN,20200407,0.05,0.07,0.05,0.051,745410
KIN,20200408,0.053,0.053,0.052,0.052,328404
KIN,20200409,0.051,0.051,0.05,0.05,200000
KIN,20200414,0.053,0.058,0.051,0.053,912858
KIN,20200415,0.052,0.052,0.05,0.05,1089586
KIN,20200416,0.05,0.051,0.05,0.051,432596
KIN,20200417,0.051,0.051,0.05,0.051,178603
KIN,20200420,0.05,0.05,0.05,0.05,358188
KIN,20200421,0.05,0.05,0.05,0.05,130000
KIN,20200422,0.05,0.05,0.048,0.048,311281
KIN,20200423,0.048,0.048,0.048,0.048,0
KIN,20200424,0.05,0.053,0.05,0.053,850856
KIN,20200427,0.056,0.061,0.052,0.052,2911985
KIN,20200428,0.053,0.053,0.052,0.053,253206
KIN,20200429,0.053,0.053,0.052,0.053,231225
KIN,20200430,0.053,0.053,0.052,0.052,453753
KIN,20200501,0.052,0.057,0.052,0.057,841645
KIN,20200504,0.057,0.067,0.057,0.065,1174746
KIN,20200505,0.067,0.08,0.067,0.08,1439046
KIN,20200506,0.08,0.08,0.069,0.074,363816
KIN,20200507,0.071,0.071,0.07,0.071,246521
KIN,20200508,0.072,0.079,0.072,0.075,186855
KIN,20200511,0.075,0.075,0.072,0.075,148185
KIN,20200512,0.077,0.077,0.075,0.075,107781
KIN,20200513,0.078,0.084,0.078,0.083,642775
KIN,20200514,0.085,0.091,0.077,0.077,1329633
KIN,20200515,0.078,0.08,0.078,0.08,341017
KIN,20200518,0.085,0.1,0.082,0.096,1705685
KIN,20200519,0.1,0.105,0.098,0.1,1766692
KIN,20200520,0.105,0.115,0.105,0.115,1690375
KIN,20200521,0.12,0.12,0.115,0.12,1328662
KIN,20200522,0.12,0.13,0.117,0.13,1342597
KIN,20200525,0.13,0.145,0.13,0.145,1285883
KIN,20200526,0.15,0.155,0.092,0.115,4168975
KIN,20200527,0.13,0.15,0.13,0.145,3627325
KIN,20200528,0.145,0.145,0.13,0.135,845553
KIN,20200529,0.14,0.14,0.13,0.13,299539
KIN,20200601,0.14,0.14,0.135,0.135,519620
KIN,20200602,0.135,0.135,0.13,0.13,242865
KIN,20200603,0.135,0.135,0.125,0.125,1429036
KIN,20200604,0.125,0.125,0.12,0.12,955983
KIN,20200605,0.13,0.135,0.125,0.135,223469
KIN,20200609,0.135,0.135,0.12,0.12,926184
KIN,20200610,0.125,0.127,0.115,0.12,625041
KIN,20200611,0.125,0.125,0.12,0.125,260236
KIN,20200612,0.125,0.125,0.105,0.12,691691
KIN,20200615,0.115,0.115,0.11,0.11,118864
KIN,20200616,0.115,0.12,0.115,0.12,256228
KIN,20200617,0.125,0.125,0.12,0.12,111612
KIN,20200618,0.125,0.125,0.11,0.11,354841
KIN,20200619,0.115,0.115,0.105,0.105,594853
KIN,20200622,0.11,0.11,0.105,0.11,984349
KIN,20200623,0.11,0.115,0.105,0.115,752206
KIN,20200624,0.11,0.115,0.105,0.115,335696
KIN,20200625,0.11,0.115,0.11,0.11,915884
KIN,20200626,0.11,0.115,0.105,0.11,285903
KIN,20200629,0.115,0.125,0.115,0.115,1000433
KIN,20200630,0.12,0.13,0.115,0.115,169627
KIN,20200701,0.125,0.13,0.115,0.125,1510115
KIN,20200702,0.13,0.13,0.12,0.12,666521
KIN,20200703,0.115,0.12,0.115,0.115,1153045
KIN,20200706,0.12,0.12,0.12,0.12,206497
KIN,20200707,0.12,0.125,0.12,0.125,961446
KIN,20200708,0.125,0.14,0.125,0.125,2801294
KIN,20200709,0.13,0.14,0.13,0.14,580977
KIN,20200710,0.135,0.135,0.125,0.125,308334
KIN,20200713,0.13,0.13,0.12,0.125,267697
KIN,20200714,0.125,0.13,0.125,0.13,159036
KIN,20200715,0.13,0.14,0.13,0.13,516986
KIN,20200716,0.13,0.135,0.125,0.125,224468
KIN,20200717,0.13,0.13,0.13,0.13,139551
KIN,20200720,0.14,0.14,0.135,0.135,361367
KIN,20200721,0.135,0.14,0.13,0.13,469846
KIN,20200722,0.135,0.14,0.135,0.135,576633
KIN,20200723,0.135,0.135,0.135,0.135,397057
KIN,20200724,0.135,0.135,0.13,0.135,313531
KIN,20200727,0.135,0.135,0.13,0.13,511144
KIN,20200728,0.135,0.135,0.135,0.135,780954
KIN,20200729,0.135,0.135,0.13,0.13,239657
KIN,20200730,0.135,0.135,0.135,0.135,99438
KIN,20200731,0.13,0.13,0.13,0.13,497289
KIN,20200803,0.125,0.13,0.125,0.13,356572
KIN,20200804,0.13,0.13,0.125,0.13,260105
KIN,20200805,0.13,0.13,0.125,0.125,1023130
KIN,20200806,0.125,0.14,0.125,0.13,1309992
KIN,20200807,0.135,0.135,0.135,0.135,277452
KIN,20200810,0.135,0.135,0.13,0.13,266886
KIN,20200811,0.13,0.13,0.12,0.12,414786
KIN,20200812,0.115,0.115,0.105,0.11,931802
KIN,20200813,0.115,0.115,0.115,0.115,201220
KIN,20200814,0.12,0.125,0.12,0.12,219710
KIN,20200817,0.115,0.125,0.11,0.12,152748
KIN,20200818,0.12,0.12,0.11,0.115,475482
KIN,20200819,0.12,0.125,0.12,0.125,616455
KIN,20200820,0.115,0.125,0.115,0.125,491065
KIN,20200821,0.12,0.12,0.11,0.11,927537
KIN,20200824,0.12,0.125,0.12,0.12,1096415
KIN,20200825,0.125,0.125,0.115,0.12,749772
KIN,20200826,0.12,0.12,0.115,0.12,447073
KIN,20200827,0.12,0.125,0.115,0.12,1075377
KIN,20200828,0.12,0.12,0.12,0.12,258464
KIN,20200831,0.12,0.125,0.115,0.12,311750
KIN,20200901,0.125,0.125,0.12,0.125,522523
KIN,20200902,0.125,0.125,0.105,0.12,1261442
KIN,20200903,0.12,0.125,0.115,0.115,783717
KIN,20200904,0.115,0.12,0.115,0.12,346576
KIN,20200907,0.12,0.145,0.12,0.14,2022220
KIN,20200908,0.14,0.145,0.135,0.145,1103849
KIN,20200909,0.14,0.14,0.135,0.14,799845
KIN,20200910,0.14,0.145,0.135,0.145,594698
KIN,20200911,0.14,0.145,0.135,0.135,1153964
KIN,20200914,0.15,0.15,0.14,0.145,2060013
KIN,20200915,0.145,0.165,0.14,0.165,1963440
KIN,20200916,0.175,0.18,0.165,0.165,1711199
KIN,20200917,0.175,0.175,0.165,0.165,926515
KIN,20200918,0.165,0.17,0.165,0.17,868658
KIN,20200921,0.17,0.18,0.17,0.17,836742
KIN,20200922,0.17,0.17,0.17,0.17,288531
KIN,20200923,0.165,0.17,0.16,0.16,695919
KIN,20200924,0.16,0.17,0.15,0.17,912749
KIN,20200925,0.165,0.18,0.165,0.175,451030
KIN,20200928,0.175,0.185,0.175,0.185,787774
KIN,20200929,0.185,0.21,0.185,0.2,2067282
KIN,20200930,0.205,0.215,0.19,0.19,1156404
KIN,20201001,0.195,0.2,0.19,0.19,1315181
KIN,20201002,0.2,0.2,0.17,0.175,1069741
KIN,20201005,0.175,0.19,0.175,0.19,668555
KIN,20201006,0.18,0.2,0.18,0.195,889942
KIN,20201007,0.19,0.19,0.18,0.18,1400154
KIN,20201008,0.19,0.19,0.185,0.19,368931
KIN,20201009,0.185,0.2,0.185,0.19,1065861
KIN,20201012,0.2,0.2,0.195,0.2,403968
KIN,20201013,0.205,0.22,0.205,0.22,1003885
KIN,20201014,0.215,0.215,0.205,0.205,428172
KIN,20201015,0.2,0.2,0.2,0.2,1624995
KIN,20201016,0.205,0.21,0.2,0.205,360145
KIN,20201019,0.205,0.21,0.195,0.2,338928
KIN,20201020,0.2,0.21,0.2,0.205,1307011
KIN,20201021,0.21,0.235,0.21,0.23,5343268
KIN,20201022,0.225,0.23,0.22,0.23,744746
KIN,20201023,0.225,0.23,0.22,0.225,833575
KIN,20201026,0.23,0.23,0.225,0.225,470859
KIN,20201027,0.225,0.225,0.22,0.22,717488
KIN,20201028,0.22,0.22,0.2,0.2,630780
KIN,20201029,0.2,0.205,0.195,0.205,360448
KIN,20201030,0.21,0.21,0.185,0.19,1347138
KIN,20201102,0.19,0.19,0.185,0.19,470273
KIN,20201103,0.19,0.21,0.19,0.195,511263
KIN,20201104,0.2,0.21,0.195,0.2,352768
KIN,20201105,0.2,0.21,0.2,0.21,339684
KIN,20201106,0.21,0.22,0.21,0.22,208461
KIN,20201109,0.22,0.22,0.205,0.215,254548
KIN,20201110,0.21,0.215,0.195,0.2,1019229
KIN,20201111,0.2,0.205,0.2,0.205,240641
KIN,20201112,0.2,0.2,0.185,0.195,349191
KIN,20201113,0.19,0.2,0.19,0.2,24832
KIN,20201116,0.2,0.2,0.2,0.2,3000
KIN,20201117,0.2,0.2,0.185,0.2,374783
KIN,20201118,0.19,0.195,0.185,0.195,110772
KIN,20201120,0.19,0.195,0.185,0.195,310852
KIN,20201123,0.195,0.195,0.195,0.195,56527
KIN,20201124,0.19,0.19,0.185,0.185,732636
KIN,20201125,0.18,0.185,0.18,0.18,410084
KIN,20201126,0.175,0.185,0.17,0.175,860647
KIN,20201127,0.17,0.175,0.17,0.175,274150
KIN,20201130,0.17,0.175,0.16,0.17,616230
KIN,20201201,0.17,0.17,0.155,0.165,488631
KIN,20201202,0.165,0.17,0.155,0.165,318815
KIN,20201203,0.165,0.165,0.16,0.16,72125
KIN,20201204,0.165,0.165,0.16,0.165,269625
KIN,20201207,0.165,0.165,0.16,0.165,25112
KIN,20201208,0.16,0.165,0.16,0.165,106715
KIN,20201209,0.17,0.18,0.165,0.18,987618
KIN,20201210,0.18,0.18,0.18,0.18,264439
KIN,20201211,0.18,0.18,0.18,0.18,187385
KIN,20201214,0.18,0.18,0.175,0.18,307600
KIN,20201215,0.17,0.175,0.17,0.175,32183
KIN,20201216,0.175,0.18,0.175,0.18,24250
KIN,20201217,0.18,0.18,0.175,0.175,63685
KIN,20201218,0.17,0.18,0.16,0.18,411930
KIN,20201221,0.175,0.177,0.175,0.177,68888
KIN,20201222,0.175,0.175,0.16,0.165,136124
KIN,20201224,0.17,0.17,0.17,0.17,0
KIN,20201229,0.17,0.17,0.16,0.16,157465
KIN,20201230,0.16,0.16,0.16,0.16,0
KIN,20201231,0.155,0.16,0.155,0.155,169423
KIN,20210104,0.16,0.167,0.16,0.165,118724
KIN,20210105,0.16,0.165,0.155,0.165,591606
KIN,20210106,0.165,0.165,0.155,0.165,532622
KIN,20210107,0.165,0.165,0.16,0.16,276532
KIN,20210108,0.16,0.165,0.15,0.16,525851
KIN,20210111,0.15,0.15,0.14,0.14,761614
KIN,20210112,0.14,0.14,0.14,0.14,281149
KIN,20210113,0.145,0.145,0.14,0.14,324486
KIN,20210114,0.14,0.15,0.14,0.15,699666
KIN,20210115,0.15,0.16,0.15,0.155,250488
KIN,20210118,0.155,0.16,0.15,0.155,201140
KIN,20210119,0.155,0.155,0.145,0.145,164398
KIN,20210120,0.145,0.155,0.145,0.155,165151
KIN,20210121,0.15,0.16,0.15,0.16,145338
KIN,20210122,0.16,0.16,0.16,0.16,21050
KIN,20210125,0.16,0.17,0.155,0.155,623318
KIN,20210127,0.155,0.16,0.15,0.155,586457
KIN,20210128,0.155,0.155,0.15,0.155,210333
KIN,20210129,0.155,0.155,0.145,0.145,200899
KIN,20210201,0.15,0.15,0.14,0.14,647453
KIN,20210203,0.155,0.155,0.14,0.145,296100
KIN,20210204,0.145,0.145,0.145,0.145,19898
KIN,20210205,0.145,0.16,0.14,0.16,571846
KIN,20210208,0.16,0.16,0.16,0.16,0
KIN,20210209,0.16,0.16,0.16,0.16,0
KIN,20210210,0.15,0.15,0.14,0.14,667790
KIN,20210211,0.14,0.14,0.14,0.14,0
KIN,20210212,0.135,0.14,0.135,0.14,259335
KIN,20210215,0.14,0.14,0.13,0.135,289191
KIN,20210216,0.135,0.14,0.135,0.14,383442
KIN,20210217,0.13,0.14,0.13,0.13,1997692
KIN,20210218,0.125,0.13,0.12,0.125,1692588
KIN,20210219,0.125,0.125,0.12,0.125,1001140
KIN,20210222,0.125,0.13,0.125,0.13,482424
KIN,20210223,0.125,0.13,0.12,0.12,1755569
KIN,20210224,0.125,0.125,0.125,0.125,460300
KIN,20210225,0.125,0.125,0.125,0.125,280229
KIN,20210226,0.12,0.125,0.12,0.12,325730
KIN,20210301,0.12,0.12,0.115,0.12,904107
KIN,20210302,0.125,0.125,0.115,0.115,518244
KIN,20210303,0.115,0.115,0.11,0.11,985202
KIN,20210304,0.11,0.125,0.11,0.12,942326
KIN,20210305,0.12,0.125,0.12,0.12,531428
KIN,20210308,0.125,0.125,0.12,0.125,143709
KIN,20210309,0.125,0.125,0.11,0.11,836660
KIN,20210310,0.115,0.13,0.115,0.13,2349243
KIN,20210311,0.115,0.13,0.115,0.13,2349243
KIN,20210312,0.13,0.13,0.125,0.125,177891
KIN,20210315,0.12,0.12,0.12,0.12,383637
KIN,20210316,0.125,0.125,0.12,0.12,37853
KIN,20210317,0.12,0.13,0.12,0.13,140238
KIN,20210318,0.125,0.125,0.125,0.125,373000
KIN,20210319,0.125,0.125,0.12,0.125,317914
KIN,20210322,0.12,0.12,0.12,0.12,117367
KIN,20210323,0.12,0.12,0.115,0.115,452929
KIN,20210324,0.115,0.125,0.115,0.125,272738
KIN,20210325,0.12,0.125,0.12,0.125,53718
KIN,20210329,0.12,0.12,0.115,0.115,101129
KIN,20210330,0.125,0.125,0.125,0.125,117380
KIN,20210331,0.125,0.125,0.115,0.115,1239969
KIN,20210401,0.115,0.115,0.115,0.115,0
KIN,20210406,0.115,0.12,0.115,0.12,29900
KIN,20210407,0.12,0.12,0.12,0.12,42000
KIN,20210408,0.115,0.115,0.115,0.115,80000
KIN,20210409,0.12,0.12,0.115,0.12,174990
KIN,20210412,0.12,0.13,0.12,0.125,1236946
KIN,20210413,0.125,0.125,0.12,0.125,788279
KIN,20210414,0.13,0.135,0.125,0.125,1712922
KIN,20210415,0.125,0.125,0.125,0.125,361786
KIN,20210416,0.13,0.135,0.125,0.13,45696
KIN,20210419,0.13,0.13,0.12,0.12,1876860
KIN,20210420,0.125,0.125,0.125,0.125,75940
KIN,20210421,0.125,0.125,0.12,0.12,100000
KIN,20210422,0.12,0.12,0.12,0.12,537675
KIN,20210423,0.12,0.125,0.12,0.12,250155
KIN,20210426,0.125,0.125,0.12,0.12,167222
KIN,20210427,0.115,0.115,0.115,0.115,52750
KIN,20210428,0.115,0.12,0.115,0.12,229728
KIN,20210429,0.12,0.12,0.115,0.115,90244
KIN,20210430,0.115,0.12,0.115,0.12,312543
KIN,20210503,0.12,0.12,0.115,0.115,21300
KIN,20210504,0.12,0.125,0.12,0.12,979305
KIN,20210505,0.12,0.12,0.115,0.115,20522
KIN,20210506,0.12,0.12,0.115,0.115,343733
KIN,20210507,0.12,0.12,0.115,0.12,251000
KIN,20210510,0.11,0.115,0.11,0.115,376143
KIN,20210511,0.115,0.115,0.11,0.11,476588
KIN,20210512,0.105,0.11,0.105,0.11,777767
KIN,20210513,0.11,0.11,0.105,0.105,160497
KIN,20210514,0.1,0.12,0.1,0.12,549187
KIN,20210517,0.115,0.115,0.11,0.11,70400
KIN,20210518,0.11,0.11,0.11,0.11,76108
KIN,20210519,0.11,0.115,0.11,0.11,356914
KIN,20210520,0.11,0.12,0.105,0.12,302392
KIN,20210521,0.115,0.12,0.115,0.12,622640
KIN,20210524,0.12,0.12,0.12,0.12,349856
KIN,20210525,0.12,0.125,0.12,0.12,197540
KIN,20210526,0.12,0.125,0.12,0.12,104015
KIN,20210527,0.135,0.135,0.125,0.13,1297517
KIN,20210528,0.13,0.135,0.13,0.13,927783
KIN,20210531,0.135,0.14,0.135,0.135,834581
KIN,20210601,0.14,0.145,0.13,0.13,1100864
KIN,20210602,0.14,0.14,0.13,0.135,323529
KIN,20210603,0.135,0.145,0.135,0.14,1721174
KIN,20210604,0.135,0.135,0.135,0.135,289714
KIN,20210607,0.135,0.14,0.135,0.14,107692
KIN,20210609,0.13,0.132,0.13,0.13,512242
KIN,20210610,0.13,0.13,0.115,0.13,1974121
KIN,20210611,0.13,0.135,0.13,0.135,101182
KIN,20210615,0.135,0.14,0.135,0.135,670205
KIN,20210616,0.13,0.13,0.13,0.13,430166
KIN,20210617,0.13,0.13,0.13,0.13,57217
KIN,20210618,0.13,0.13,0.13,0.13,17931
KIN,20210621,0.125,0.125,0.12,0.12,155866
KIN,20210622,0.125,0.13,0.125,0.13,109938
KIN,20210623,0.13,0.13,0.125,0.125,5809
KIN,20210625,0.125,0.125,0.125,0.125,152985
KIN,20210628,0.125,0.125,0.12,0.12,248714
KIN,20210629,0.115,0.115,0.115,0.115,8486
KIN,20210630,0.115,0.117,0.11,0.115,596869
KIN,20210701,0.115,0.12,0.115,0.12,300390
KIN,20210705,0.115,0.13,0.115,0.12,898924
KIN,20210706,0.12,0.12,0.12,0.12,96026
KIN,20210707,0.115,0.115,0.11,0.115,31082
KIN,20210708,0.115,0.115,0.115,0.115,2000
KIN,20210709,0.115,0.115,0.115,0.115,129436
KIN,20210712,0.115,0.12,0.115,0.12,74349
KIN,20210714,0.12,0.147,0.12,0.14,162738132
KIN,20210715,0.15,0.16,0.145,0.16,4237661
KIN,20210716,0.155,0.16,0.145,0.145,2166202
KIN,20210719,0.15,0.15,0.145,0.15,427001
KIN,20210720,0.14,0.15,0.14,0.15,226020
KIN,20210723,0.135,0.14,0.13,0.14,468252
KIN,20210726,0.145,0.145,0.135,0.14,52957
KIN,20210727,0.14,0.14,0.135,0.14,201882
KIN,20210728,0.14,0.142,0.135,0.135,384991
KIN,20210729,0.135,0.14,0.135,0.14,515199
KIN,20210730,0.14,0.15,0.14,0.145,1034922
KIN,20210802,0.145,0.145,0.13,0.14,479646
KIN,20210803,0.135,0.145,0.135,0.14,474992
KIN,20210804,0.137,0.14,0.137,0.14,154659
KIN,20210805,0.14,0.14,0.135,0.135,44675
KIN,20210806,0.135,0.135,0.135,0.135,414463
KIN,20210809,0.13,0.13,0.125,0.125,1154951
KIN,20210810,0.125,0.125,0.125,0.125,412010
KIN,20210811,0.125,0.125,0.125,0.125,309623
KIN,20210812,0.13,0.135,0.125,0.125,265323
KIN,20210813,0.13,0.13,0.12,0.12,344293
KIN,20210819,0.125,0.125,0.107,0.115,2494576
KIN,20210820,0.12,0.12,0.11,0.11,160367
KIN,20210823,0.11,0.117,0.105,0.11,677157
KIN,20210824,0.12,0.12,0.115,0.115,94811
KIN,20210825,0.12,0.12,0.11,0.115,76262
KIN,20210826,0.12,0.12,0.115,0.115,7792
KIN,20210827,0.115,0.12,0.115,0.115,22787
KIN,20210830,0.115,0.12,0.115,0.115,296710
KIN,20210831,0.115,0.115,0.115,0.115,25434
KIN,20210901,0.12,0.125,0.115,0.12,512299
KIN,20210902,0.125,0.132,0.12,0.12,661250
KIN,20210903,0.125,0.13,0.12,0.12,1287322
KIN,20210906,0.12,0.125,0.115,0.115,387405
KIN,20210907,0.115,0.12,0.115,0.12,103503
KIN,20210908,0.12,0.12,0.115,0.12,304578
KIN,20210909,0.115,0.12,0.115,0.115,677311
KIN,20210910,0.115,0.12,0.115,0.12,581281
KIN,20210913,0.12,0.12,0.11,0.11,445153
KIN,20210914,0.115,0.115,0.11,0.11,537289
KIN,20210915,0.11,0.11,0.11,0.11,275148
KIN,20210916,0.115,0.115,0.11,0.11,98770
KIN,20210917,0.11,0.11,0.105,0.105,347266
KIN,20210920,0.105,0.11,0.105,0.105,547469
KIN,20210922,0.11,0.11,0.105,0.105,329758
KIN,20210923,0.11,0.112,0.11,0.11,172136
KIN,20210924,0.11,0.11,0.105,0.11,439366
KIN,20210927,0.11,0.11,0.105,0.105,580871
KIN,20210928,0.105,0.11,0.105,0.11,133897
KIN,20210929,0.105,0.11,0.105,0.11,163823
KIN,20210930,0.11,0.11,0.105,0.105,345922
KIN,20211001,0.105,0.11,0.105,0.105,247903
KIN,20211004,0.105,0.105,0.098,0.098,932980
KIN,20211005,0.1,0.1,0.095,0.098,904852
KIN,20211006,0.098,0.105,0.098,0.105,693306
KIN,20211007,0.12,0.132,0.12,0.13,5983969
KIN,20211008,0.13,0.135,0.13,0.13,2196718
KIN,20211011,0.125,0.125,0.115,0.12,1893875
KIN,20211012,0.125,0.125,0.115,0.115,1933672
KIN,20211013,0.115,0.117,0.112,0.115,441249
KIN,20211014,0.12,0.125,0.115,0.115,744756
KIN,20211019,0.12,0.12,0.117,0.12,234546
KIN,20211020,0.12,0.12,0.115,0.12,723362
KIN,20211021,0.12,0.125,0.12,0.12,1283112
KIN,20211022,0.12,0.12,0.12,0.12,150070
KIN,20211025,0.12,0.125,0.117,0.125,574767
KIN,20211026,0.12,0.125,0.12,0.12,153858
KIN,20211028,0.12,0.125,0.12,0.125,761421
KIN,20211029,0.12,0.122,0.12,0.12,119704
KIN,20211101,0.12,0.12,0.12,0.12,202753
KIN,20211102,0.12,0.122,0.12,0.12,191743
KIN,20211103,0.12,0.125,0.12,0.12,112733
KIN,20211104,0.12,0.125,0.11,0.12,2441595
KIN,20211105,0.115,0.12,0.115,0.12,867613
KIN,20211109,0.115,0.115,0.115,0.115,711250
KIN,20211110,0.115,0.12,0.115,0.115,695493
KIN,20211112,0.115,0.12,0.115,0.115,901611
KIN,20211115,0.115,0.125,0.115,0.125,924709
KIN,20211116,0.12,0.12,0.11,0.11,983374
KIN,20211117,0.11,0.115,0.11,0.11,74180
KIN,20211118,0.112,0.12,0.11,0.11,739722
KIN,20211119,0.115,0.115,0.11,0.11,503461
KIN,20211122,0.11,0.115,0.105,0.105,1232844
KIN,20211123,0.105,0.11,0.105,0.105,397236
KIN,20211124,0.105,0.11,0.105,0.105,307904
KIN,20211125,0.105,0.11,0.105,0.107,145000
KIN,20211126,0.107,0.107,0.105,0.105,15982
KIN,20211129,0.105,0.115,0.105,0.107,428978
KIN,20211130,0.11,0.115,0.11,0.11,357832
KIN,20211201,0.11,0.115,0.11,0.115,218935
KIN,20211202,0.11,0.11,0.105,0.105,641984
KIN,20211203,0.105,0.105,0.105,0.105,193069
KIN,20211206,0.11,0.11,0.105,0.105,252046
KIN,20211207,0.105,0.11,0.105,0.11,170214
KIN,20211208,0.107,0.11,0.105,0.105,317509
KIN,20211209,0.107,0.11,0.107,0.11,128193
KIN,20211210,0.11,0.11,0.105,0.105,141451
KIN,20211213,0.11,0.11,0.107,0.107,101339
KIN,20211214,0.105,0.105,0.105,0.105,1808
KIN,20211216,0.105,0.11,0.105,0.105,154159
KIN,20211217,0.11,0.11,0.105,0.105,113364
KIN,20211220,0.105,0.107,0.1,0.1,1013948
KIN,20211221,0.105,0.105,0.096,0.098,1526088
KIN,20211222,0.1,0.102,0.1,0.1,41784
KIN,20211223,0.105,0.105,0.1,0.1,127221
KIN,20211224,0.105,0.11,0.105,0.105,145750
KIN,20211229,0.105,0.107,0.1,0.105,988233
KIN,20211230,0.105,0.11,0.105,0.105,588723
KIN,20211231,0.105,0.115,0.105,0.11,309723
KIN,20220104,0.11,0.115,0.105,0.105,157351
KIN,20220105,0.11,0.11,0.11,0.11,810254
KIN,20220106,0.11,0.115,0.11,0.11,440660
KIN,20220107,0.115,0.115,0.11,0.115,2035037
KIN,20220110,0.12,0.12,0.112,0.12,220858
KIN,20220111,0.12,0.12,0.12,0.12,22366
KIN,20220112,0.115,0.12,0.115,0.12,12747
KIN,20220113,0.115,0.12,0.11,0.12,1666114
KIN,20220114,0.12,0.12,0.11,0.115,93385
KIN,20220117,0.115,0.115,0.115,0.115,1538
KIN,20220118,0.11,0.115,0.11,0.115,64614
KIN,20220119,0.11,0.115,0.11,0.11,350126
KIN,20220120,0.11,0.117,0.11,0.115,218578
KIN,20220121,0.115,0.115,0.115,0.115,51154
KIN,20220124,0.11,0.112,0.11,0.11,446458
KIN,20220125,0.11,0.11,0.1,0.11,966815
KIN,20220127,0.105,0.105,0.1,0.105,598278
KIN,20220128,0.1,0.102,0.098,0.1,1297613
KIN,20220131,0.105,0.11,0.105,0.11,715981
KIN,20220201,0.11,0.11,0.11,0.11,0
KIN,20220202,0.105,0.11,0.105,0.105,65919
KIN,20220203,0.11,0.11,0.105,0.105,30947
KIN,20220204,0.105,0.105,0.1,0.1,348780
KIN,20220207,0.1,0.1,0.1,0.1,226613
KIN,20220208,0.1,0.105,0.1,0.105,299647
KIN,20220209,0.1,0.1,0.098,0.098,643956
KIN,20220210,0.098,0.1,0.097,0.1,676487
KIN,20220211,0.105,0.105,0.1,0.105,850521
KIN,20220214,0.1,0.105,0.099,0.105,338052
KIN,20220215,0.099,0.105,0.099,0.105,31127
KIN,20220216,0.105,0.105,0.1,0.1,531268
KIN,20220217,0.1,0.105,0.1,0.105,164352
KIN,20220218,0.102,0.105,0.102,0.105,560930
KIN,20220221,0.105,0.105,0.105,0.105,329514
KIN,20220222,0.105,0.107,0.1,0.105,635929
KIN,20220223,0.1,0.105,0.1,0.105,892584
KIN,20220224,0.1,0.105,0.095,0.105,675687
KIN,20220225,0.096,0.099,0.095,0.095,636118
KIN,20220228,0.099,0.1,0.092,0.1,1019812
KIN,20220301,0.1,0.1,0.1,0.1,0
KIN,20220302,0.099,0.1,0.093,0.093,568465
KIN,20220303,0.093,0.095,0.093,0.095,253102
KIN,20220304,0.095,0.095,0.091,0.095,353798
KIN,20220307,0.093,0.093,0.091,0.093,126040
KIN,20220308,0.091,0.093,0.091,0.093,519793
KIN,20220309,0.095,0.095,0.095,0.095,425671
KIN,20220310,0.095,0.098,0.094,0.098,72778
KIN,20220311,0.095,0.095,0.094,0.095,12266
KIN,20220314,0.095,0.097,0.094,0.097,116753
KIN,20220315,0.098,0.098,0.098,0.098,207852
KIN,20220316,0,0,0,0,0
KIN,20220317,0.096,0.097,0.096,0.097,200000
KIN,20220318,0.1,0.105,0.1,0.102,955836
KIN,20220321,0.105,0.105,0.105,0.105,5244
KIN,20220322,0.1,0.1,0.097,0.1,527992
KIN,20220323,0.1,0.1,0.097,0.099,397934
KIN,20220324,0.097,0.098,0.096,0.098,328732
KIN,20220325,0.095,0.098,0.095,0.096,220527
KIN,20220328,0.098,0.098,0.098,0.098,0
KIN,20220329,0.096,0.096,0.095,0.095,13758
KIN,20220330,0.095,0.096,0.095,0.095,427250
KIN,20220331,0.095,0.096,0.094,0.096,279140
KIN,20220401,0.094,0.094,0.093,0.093,84422
KIN,20220404,0.093,0.093,0.087,0.091,803481
KIN,20220405,0.09,0.09,0.088,0.088,353050
KIN,20220406,0.089,0.09,0.089,0.09,51040
KIN,20220407,0.088,0.088,0.088,0.088,82084
KIN,20220408,0.088,0.089,0.088,0.088,196371
KIN,20220411,0.087,0.089,0.087,0.089,392272
KIN,20220412,0.092,0.096,0.092,0.095,1160808
KIN,20220413,0.096,0.096,0.096,0.096,123688
KIN,20220414,0.098,0.1,0.092,0.094,2285380
KIN,20220419,0.096,0.098,0.096,0.097,354753
KIN,20220420,0.097,0.097,0.093,0.093,192346
KIN,20220421,0.097,0.097,0.093,0.093,192346
KIN,20220422,0.093,0.094,0.093,0.093,86556
KIN,20220426,0.093,0.093,0.091,0.091,273433
KIN,20220427,0.093,0.093,0.09,0.09,313792
KIN,20220428,0.089,0.089,0.088,0.088,307938
KIN,20220429,0.089,0.089,0.083,0.083,1089348
KIN,20220502,0.081,0.083,0.08,0.083,377996
KIN,20220503,0.081,0.081,0.079,0.079,234366
KIN,20220504,0.079,0.079,0.078,0.079,255294
KIN,20220505,0.079,0.079,0.078,0.079,1215310
KIN,20220506,0.079,0.079,0.078,0.078,585493
KIN,20220509,0.078,0.078,0.078,0.078,279783
KIN,20220510,0.078,0.079,0.078,0.078,780333
KIN,20220511,0.078,0.079,0.078,0.078,310057
KIN,20220512,0.079,0.082,0.078,0.082,489292
KIN,20220513,0.081,0.083,0.08,0.08,339693
KIN,20220516,0.079,0.079,0.078,0.078,37614
KIN,20220517,0.079,0.079,0.078,0.078,149579
KIN,20220518,0.078,0.079,0.078,0.078,35447
KIN,20220519,0.078,0.079,0.078,0.079,51526
KIN,20220520,0.081,0.081,0.078,0.079,222978
KIN,20220523,0.08,0.08,0.078,0.078,337750
KIN,20220524,0.078,0.078,0.078,0.078,832073
KIN,20220525,0.079,0.081,0.079,0.08,454848
KIN,20220526,0.081,0.086,0.08,0.08,906065
KIN,20220527,0.08,0.08,0.078,0.08,523422
KIN,20220530,0.08,0.08,0.079,0.079,181016
KIN,20220531,0.079,0.08,0.079,0.079,255244
KIN,20220601,0.082,0.084,0.08,0.082,475656
KIN,20220602,0.084,0.086,0.08,0.083,416084
KIN,20220603,0.08,0.082,0.078,0.078,539882
KIN,20220606,0.078,0.079,0.078,0.079,212930
KIN,20220607,0.079,0.081,0.078,0.078,597228
KIN,20220608,0.078,0.078,0.075,0.077,1007190
KIN,20220609,0.076,0.081,0.076,0.078,1440323
KIN,20220610,0.08,0.08,0.078,0.078,544833
KIN,20220614,0.08,0.08,0.078,0.079,111897
KIN,20220615,0.08,0.081,0.077,0.08,640665
KIN,20220616,0.08,0.08,0.08,0.08,393458
KIN,20220617,0.08,0.08,0.077,0.077,369548
KIN,20220620,0.078,0.078,0.075,0.075,161784
KIN,20220621,0.075,0.075,0.071,0.071,414505
KIN,20220622,0.072,0.072,0.07,0.071,155734
KIN,20220623,0.071,0.071,0.07,0.071,658611
KIN,20220624,0.071,0.072,0.07,0.071,495560
KIN,20220627,0.073,0.073,0.071,0.071,68725
KIN,20220628,0.07,0.072,0.069,0.071,686567
KIN,20220629,0.072,0.072,0.071,0.072,188019
KIN,20220630,0.072,0.072,0.066,0.067,529710
KIN,20220701,0.068,0.072,0.068,0.072,142368
KIN,20220704,0.07,0.071,0.07,0.071,44769
KIN,20220705,0.072,0.081,0.072,0.077,938679
KIN,20220706,0.077,0.079,0.073,0.078,219650
KIN,20220707,0.079,0.082,0.079,0.082,112149
KIN,20220708,0.081,0.083,0.078,0.08,235095
KIN,20220711,0.084,0.085,0.081,0.083,325866
KIN,20220712,0.084,0.085,0.081,0.081,145605
KIN,20220713,0.081,0.081,0.08,0.081,52360
KIN,20220714,0.081,0.081,0.081,0.081,0
KIN,20220715,0.081,0.081,0.081,0.081,17181
KIN,20220718,0.082,0.082,0.08,0.08,188035
KIN,20220719,0.08,0.08,0.08,0.08,128865
KIN,20220720,0.08,0.08,0.079,0.079,59381
KIN,20220721,0.079,0.084,0.074,0.074,564740
KIN,20220722,0.079,0.079,0.078,0.078,22276
KIN,20220725,0.077,0.078,0.075,0.078,97000
KIN,20220726,0.08,0.083,0.08,0.083,863497
KIN,20220727,0.083,0.084,0.083,0.084,30012
KIN,20220728,0.084,0.086,0.084,0.086,665428
KIN,20220729,0.085,0.088,0.085,0.088,417285
KIN,20220801,0.09,0.09,0.085,0.088,342461
KIN,20220802,0.088,0.093,0.088,0.091,101563
KIN,20220803,0.09,0.09,0.088,0.088,48640
KIN,20220805,0.089,0.089,0.088,0.088,27735
KIN,20220808,0.09,0.09,0.09,0.09,272360
KIN,20220809,0.09,0.092,0.09,0.09,69100
KIN,20220810,0.092,0.095,0.09,0.095,180061
KIN,20220811,0.095,0.095,0.095,0.095,52500
KIN,20220812,0.092,0.098,0.09,0.09,530469
KIN,20220815,0.092,0.092,0.09,0.091,465356
KIN,20220816,0.091,0.092,0.09,0.091,0
KIN,20220817,0.091,0.092,0.09,0.091,0
KIN,20220818,0.08,0.08,0.073,0.078,2010145
KIN,20220819,0.077,0.078,0.076,0.076,167071
KIN,20220822,0.077,0.078,0.075,0.075,508167
KIN,20220823,0.076,0.076,0.075,0.075,152233
KIN,20220824,0.076,0.076,0.075,0.075,507188
KIN,20220825,0.073,0.073,0.073,0.073,608442
KIN,20220826,0.073,0.073,0.073,0.073,656439
KIN,20220829,0.073,0.073,0.073,0.073,6022
KIN,20220830,0.075,0.075,0.075,0.075,460875
KIN,20220831,0.073,0.075,0.073,0.075,87700
KIN,20220901,0.073,0.075,0.073,0.075,5309
KIN,20220902,0.073,0.073,0.073,0.073,6000
KIN,20220905,0.073,0.073,0.073,0.073,0
KIN,20220906,0.074,0.074,0.074,0.074,112500
KIN,20220907,0.074,0.074,0.074,0.074,25390
KIN,20220909,0.074,0.074,0.074,0.074,157645
KIN,20220912,0.074,0.075,0.074,0.075,250698
KIN,20220913,0.074,0.074,0.072,0.072,231520
KIN,20220914,0.07,0.07,0.07,0.07,274600
KIN,20220915,0.07,0.072,0.07,0.072,445376
KIN,20220916,0.072,0.073,0.072,0.073,77492
KIN,20220919,0.07,0.073,0.07,0.073,135392
KIN,20220920,0.073,0.073,0.07,0.073,0
KIN,20220921,0.073,0.073,0.07,0.073,0
