KP2,20171107,0.18,0.18,0.18,0.18,30000
KP2,20171108,0.18,0.18,0.18,0.18,0
KP2,20171109,0.17,0.17,0.17,0.17,170000
KP2,20171110,0.17,0.17,0.17,0.17,170000
KP2,20171113,0.17,0.17,0.17,0.17,0
KP2,20171114,0.17,0.17,0.17,0.17,0
KP2,20171115,0.17,0.17,0.17,0.17,0
KP2,20171116,0.17,0.17,0.17,0.17,0
KP2,20171117,0.17,0.17,0.17,0.17,0
KP2,20171120,0.17,0.17,0.17,0.17,0
KP2,20171121,0.175,0.175,0.17,0.17,2000
KP2,20171122,0.17,0.17,0.17,0.17,13800
KP2,20171123,0.17,0.17,0.17,0.17,50000
KP2,20171124,0.17,0.175,0.17,0.17,240681
KP2,20171127,0.175,0.18,0.17,0.17,3432420
KP2,20171128,0.17,0.17,0.17,0.17,253850
KP2,20171129,0.17,0.17,0.17,0.17,61556
KP2,20171130,0.15,0.15,0.15,0.15,101
KP2,20171201,0.15,0.15,0.135,0.135,17280
KP2,20171204,0.135,0.135,0.135,0.135,0
KP2,20171205,0.14,0.14,0.14,0.14,1131
KP2,20171206,0.14,0.14,0.14,0.14,5489
KP2,20171207,0.14,0.14,0.14,0.14,66379
KP2,20171208,0.14,0.14,0.135,0.135,103619
KP2,20171211,0.13,0.13,0.12,0.125,236523
KP2,20171212,0.12,0.12,0.12,0.12,224000
KP2,20171213,0.12,0.12,0.12,0.12,753
KP2,20171214,0.125,0.125,0.12,0.12,60000
KP2,20171215,0.115,0.115,0.105,0.105,124324
KP2,20171218,0.11,0.13,0.11,0.11,23522
KP2,20171219,0.115,0.13,0.115,0.125,175924
KP2,20171220,0.125,0.125,0.11,0.11,248983
KP2,20171221,0.125,0.125,0.125,0.125,36192
KP2,20171222,0.135,0.135,0.135,0.135,114790
KP2,20171227,0.125,0.13,0.125,0.125,32809
KP2,20171228,0.13,0.13,0.13,0.13,41040
KP2,20171229,0.13,0.13,0.125,0.125,4600
KP2,20180102,0.12,0.165,0.12,0.165,56100
KP2,20180103,0.165,0.175,0.165,0.175,175690
KP2,20180104,0.165,0.165,0.125,0.125,86977
KP2,20180105,0.13,0.13,0.125,0.125,200000
KP2,20180108,0.155,0.155,0.14,0.14,92437
KP2,20180109,0.135,0.135,0.135,0.135,76517
KP2,20180110,0.13,0.13,0.13,0.13,111500
KP2,20180111,0.13,0.13,0.13,0.13,42000
KP2,20180112,0.13,0.13,0.13,0.13,111440
KP2,20180115,0.13,0.13,0.13,0.13,84826
KP2,20180116,0.135,0.135,0.135,0.135,7107
KP2,20180117,0.14,0.14,0.14,0.14,2809
KP2,20180118,0.135,0.135,0.135,0.135,4004
KP2,20180119,0.13,0.13,0.125,0.125,11691
KP2,20180122,0.125,0.125,0.12,0.12,119640
KP2,20180123,0.125,0.135,0.125,0.135,350000
KP2,20180124,0.14,0.14,0.14,0.14,1096000
KP2,20180125,0.14,0.14,0.14,0.14,1391401
KP2,20180129,0.14,0.14,0.13,0.13,108599
KP2,20180130,0.125,0.125,0.12,0.12,279869
KP2,20180131,0.12,0.12,0.12,0.12,0
KP2,20180201,0.12,0.12,0.12,0.12,10000
KP2,20180202,0.12,0.12,0.105,0.11,557290
KP2,20180205,0.11,0.11,0.099,0.099,92000
KP2,20180207,0.095,0.095,0.095,0.095,97445
KP2,20180208,0.095,0.11,0.095,0.11,1199461
KP2,20180209,0.11,0.11,0.11,0.11,150000
KP2,20180212,0.11,0.11,0.11,0.11,0
KP2,20180213,0.099,0.11,0.099,0.11,40551
KP2,20180214,0.1,0.1,0.1,0.1,43000
KP2,20180215,0.1,0.1,0.1,0.1,0
KP2,20180216,0.105,0.11,0.105,0.11,161000
KP2,20180219,0.11,0.12,0.11,0.11,567578
KP2,20180220,0.115,0.115,0.105,0.105,26000
KP2,20180221,0.105,0.105,0.1,0.1,170000
KP2,20180222,0.105,0.105,0.105,0.105,11081
KP2,20180223,0.105,0.105,0.105,0.105,1500
KP2,20180226,0.105,0.105,0.093,0.093,327053
KP2,20180227,0.096,0.096,0.096,0.096,47603
KP2,20180228,0.096,0.096,0.096,0.096,0
KP2,20180301,0.097,0.097,0.096,0.096,66302
KP2,20180302,0.096,0.097,0.096,0.097,68380
KP2,20180305,0.096,0.097,0.096,0.097,75947
KP2,20180306,0.097,0.097,0.097,0.097,0
KP2,20180307,0.097,0.097,0.097,0.097,0
KP2,20180308,0.097,0.097,0.097,0.097,0
KP2,20180309,0.097,0.097,0.097,0.097,3000
KP2,20180312,0.105,0.11,0.1,0.1,68999
KP2,20180313,0.11,0.125,0.11,0.12,469612
KP2,20180314,0.12,0.125,0.12,0.125,341124
KP2,20180315,0.105,0.11,0.105,0.11,42632
KP2,20180316,0.11,0.11,0.11,0.11,7200
KP2,20180319,0.11,0.11,0.105,0.105,50000
KP2,20180320,0.11,0.11,0.105,0.105,124077
KP2,20180321,0.105,0.12,0.1,0.12,173400
KP2,20180322,0.12,0.12,0.12,0.12,0
KP2,20180323,0.12,0.12,0.12,0.12,0
KP2,20180326,0.12,0.12,0.12,0.12,0
KP2,20180327,0.12,0.12,0.12,0.12,541098
KP2,20180328,0.14,0.145,0.14,0.145,462766
KP2,20180329,0.14,0.145,0.14,0.145,73965
KP2,20180403,0.145,0.145,0.145,0.145,0
KP2,20180404,0.145,0.145,0.145,0.145,0
KP2,20180405,0.14,0.155,0.14,0.155,13886
KP2,20180406,0.18,0.22,0.18,0.22,772215
KP2,20180409,0.22,0.22,0.21,0.21,510604
KP2,20180410,0.2,0.2,0.165,0.19,360995
KP2,20180411,0.18,0.18,0.17,0.18,143479
KP2,20180412,0.18,0.18,0.17,0.17,157470
KP2,20180413,0.18,0.18,0.18,0.18,70612
KP2,20180416,0.185,0.2,0.185,0.2,257559
KP2,20180417,0.2,0.2,0.2,0.2,129977
KP2,20180418,0.2,0.2,0.2,0.2,0
KP2,20180419,0.18,0.18,0.175,0.18,127525
KP2,20180420,0.18,0.18,0.18,0.18,0
KP2,20180423,0.175,0.175,0.17,0.175,76965
KP2,20180424,0.175,0.175,0.175,0.175,0
KP2,20180426,0.175,0.175,0.175,0.175,0
KP2,20180427,0.175,0.175,0.175,0.175,0
KP2,20180430,0.175,0.175,0.175,0.175,0
KP2,20180501,0.165,0.165,0.165,0.165,220
KP2,20180502,0.165,0.165,0.165,0.165,0
KP2,20180503,0.165,0.165,0.165,0.165,0
KP2,20180504,0.165,0.165,0.165,0.165,0
KP2,20180507,0.165,0.165,0.16,0.16,274780
KP2,20180508,0.14,0.14,0.14,0.14,40120
KP2,20180509,0.14,0.14,0.14,0.14,0
KP2,20180510,0.14,0.14,0.14,0.14,0
KP2,20180511,0.16,0.18,0.16,0.18,90332
KP2,20180514,0.17,0.17,0.17,0.17,150000
KP2,20180515,0.17,0.17,0.17,0.17,0
KP2,20180516,0.17,0.17,0.17,0.17,0
KP2,20180517,0.17,0.17,0.17,0.17,0
KP2,20180518,0.17,0.17,0.17,0.17,0
KP2,20180521,0.145,0.145,0.14,0.14,52924
KP2,20180522,0.14,0.14,0.14,0.14,0
KP2,20180523,0.13,0.13,0.13,0.13,30000
KP2,20180524,0.13,0.13,0.13,0.13,0
KP2,20180525,0.13,0.13,0.13,0.13,0
KP2,20180528,0.135,0.135,0.135,0.135,1000
KP2,20180529,0.14,0.14,0.14,0.14,6500
KP2,20180530,0.14,0.14,0.14,0.14,21500
KP2,20180531,0.14,0.14,0.14,0.14,5762
KP2,20180601,0.14,0.14,0.14,0.14,0
KP2,20180604,0.135,0.135,0.135,0.135,15000
KP2,20180605,0.135,0.135,0.135,0.135,20084
KP2,20180606,0.135,0.135,0.13,0.13,22000
KP2,20180607,0.13,0.13,0.13,0.13,0
KP2,20180608,0.13,0.13,0.13,0.13,93754
KP2,20180612,0.115,0.115,0.115,0.115,46629
KP2,20180613,0.11,0.115,0.11,0.115,46041
KP2,20180614,0.115,0.115,0.115,0.115,0
KP2,20180615,0.115,0.115,0.11,0.11,7000
KP2,20180618,0.11,0.11,0.11,0.11,3930
KP2,20180619,0.12,0.12,0.12,0.12,44792
KP2,20180620,0.12,0.12,0.11,0.11,20000
KP2,20180621,0.11,0.11,0.105,0.105,62000
KP2,20180622,0.11,0.11,0.105,0.105,222301
KP2,20180625,0.11,0.11,0.11,0.11,1690
KP2,20180626,0.105,0.105,0.1,0.105,172791
KP2,20180627,0.105,0.105,0.1,0.1,145721
KP2,20180628,0.1,0.1,0.1,0.1,0
KP2,20180629,0.105,0.11,0.105,0.11,7135
KP2,20180702,0.13,0.13,0.13,0.13,33555
KP2,20180703,0.11,0.11,0.105,0.105,100000
KP2,20180704,0.105,0.105,0.105,0.105,0
KP2,20180705,0.105,0.105,0.105,0.105,5000
KP2,20180706,0.11,0.11,0.105,0.105,100000
KP2,20180710,0.105,0.105,0.105,0.105,0
KP2,20180711,0.105,0.105,0.105,0.105,100000
KP2,20180712,0.1,0.1,0.1,0.1,75000
KP2,20180713,0.1,0.1,0.096,0.096,72760
KP2,20180716,0.097,0.098,0.097,0.098,5818
KP2,20180717,0.09,0.09,0.09,0.09,730000
KP2,20180718,0.09,0.09,0.09,0.09,0
KP2,20180719,0.095,0.095,0.091,0.095,92461
KP2,20180720,0.095,0.095,0.095,0.095,0
KP2,20180723,0.092,0.092,0.089,0.089,62084
KP2,20180724,0.089,0.089,0.089,0.089,0
KP2,20180725,0.091,0.091,0.091,0.091,75657
KP2,20180726,0.091,0.092,0.091,0.091,60882
KP2,20180727,0.092,0.092,0.09,0.091,52000
KP2,20180730,0.094,0.094,0.094,0.094,6000
KP2,20180731,0.093,0.093,0.093,0.093,40000
KP2,20180801,0.092,0.092,0.082,0.083,211000
KP2,20180802,0.088,0.089,0.088,0.088,95106
KP2,20180803,0.086,0.086,0.086,0.086,105833
KP2,20180806,0.086,0.086,0.086,0.086,0
KP2,20180807,0.086,0.086,0.086,0.086,0
KP2,20180808,0.08,0.085,0.08,0.085,31000
KP2,20180809,0.085,0.085,0.085,0.085,20000
KP2,20180810,0.085,0.085,0.082,0.083,17593
KP2,20180813,0.08,0.08,0.08,0.08,40000
KP2,20180814,0.079,0.079,0.077,0.077,150000
KP2,20180816,0.075,0.075,0.075,0.075,10500
KP2,20180817,0.075,0.075,0.075,0.075,0
KP2,20180820,0.075,0.075,0.075,0.075,60000
KP2,20180821,0.079,0.08,0.079,0.079,40197
KP2,20180822,0.08,0.08,0.08,0.08,38000
KP2,20180823,0.08,0.08,0.08,0.08,0
KP2,20180824,0.08,0.08,0.08,0.08,0
KP2,20180827,0.08,0.08,0.08,0.08,0
KP2,20180828,0.08,0.08,0.08,0.08,0
KP2,20180829,0.083,0.083,0.083,0.083,37200
KP2,20180830,0.082,0.083,0.081,0.081,41167
KP2,20180831,0.083,0.083,0.083,0.083,25000
KP2,20180903,0.083,0.083,0.083,0.083,0
KP2,20180904,0.083,0.083,0.083,0.083,0
KP2,20180905,0.083,0.083,0.083,0.083,0
KP2,20180906,0.083,0.083,0.083,0.083,0
KP2,20180907,0.081,0.081,0.081,0.081,6407
KP2,20180910,0.081,0.081,0.077,0.077,115000
KP2,20180913,0.083,0.083,0.083,0.083,19700
KP2,20180914,0.083,0.083,0.083,0.083,2000
KP2,20180917,0.083,0.083,0.083,0.083,0
KP2,20180918,0.083,0.083,0.083,0.083,3023
KP2,20180919,0.082,0.082,0.082,0.082,19977
KP2,20180920,0.078,0.078,0.078,0.078,80000
KP2,20180921,0.067,0.074,0.067,0.074,52120
KP2,20180924,0.074,0.074,0.074,0.074,0
KP2,20180925,0.074,0.074,0.074,0.074,0
KP2,20180926,0.074,0.074,0.074,0.074,0
KP2,20180927,0.07,0.072,0.07,0.072,43000
KP2,20180928,0.073,0.073,0.073,0.073,7066
KP2,20181001,0.071,0.071,0.071,0.071,58333
KP2,20181002,0.071,0.071,0.071,0.071,10000
KP2,20181003,0.065,0.068,0.064,0.068,162532
KP2,20181004,0.062,0.068,0.062,0.068,33835
KP2,20181005,0.065,0.065,0.064,0.065,346534
KP2,20181008,0.065,0.065,0.065,0.065,0
KP2,20181009,0.065,0.065,0.065,0.065,0
KP2,20181010,0.069,0.069,0.069,0.069,2500
KP2,20181011,0.066,0.066,0.063,0.063,76725
KP2,20181012,0.063,0.063,0.063,0.063,0
KP2,20181015,0.061,0.065,0.061,0.065,244546
KP2,20181016,0.065,0.065,0.065,0.065,0
KP2,20181017,0.061,0.065,0.061,0.065,282058
KP2,20181018,0.065,0.065,0.065,0.065,0
KP2,20181019,0.065,0.065,0.065,0.065,0
KP2,20181022,0.065,0.065,0.065,0.065,50000
KP2,20181023,0.065,0.065,0.065,0.065,50000
KP2,20181024,0.065,0.065,0.065,0.065,50000
KP2,20181025,0.065,0.065,0.065,0.065,50000
KP2,20181026,0.065,0.07,0.065,0.07,21980
KP2,20181030,0.062,0.062,0.059,0.059,133980
KP2,20181031,0.057,0.057,0.057,0.057,3764
KP2,20181101,0.06,0.062,0.06,0.062,153100
KP2,20181102,0.081,0.11,0.081,0.11,1591549
KP2,20181105,0.1,0.1,0.086,0.098,541648
KP2,20181106,0.1,0.1,0.095,0.095,163000
KP2,20181107,0.11,0.12,0.105,0.11,384603
KP2,20181108,0.11,0.115,0.105,0.105,202123
KP2,20181109,0.11,0.11,0.1,0.1,123031
KP2,20181112,0.099,0.105,0.099,0.105,26406
KP2,20181113,0.115,0.115,0.11,0.11,147177
KP2,20181114,0.14,0.15,0.135,0.135,708238
KP2,20181115,0.145,0.15,0.145,0.15,396540
KP2,20181116,0.14,0.14,0.12,0.125,438482
KP2,20181119,0.15,0.15,0.145,0.145,141750
KP2,20181120,0.15,0.15,0.15,0.15,364287
KP2,20181121,0.15,0.15,0.145,0.145,170000
KP2,20181122,0.15,0.15,0.145,0.145,93804
KP2,20181123,0.135,0.135,0.135,0.135,51500
KP2,20181126,0.135,0.135,0.135,0.135,0
KP2,20181127,0.155,0.155,0.15,0.15,88725
KP2,20181128,0.145,0.145,0.14,0.14,18000
KP2,20181129,0.14,0.14,0.14,0.14,17500
KP2,20181130,0.14,0.14,0.14,0.14,0
KP2,20181203,0.14,0.14,0.14,0.14,8500
KP2,20181204,0.14,0.14,0.14,0.14,0
KP2,20181205,0.14,0.145,0.135,0.145,245555
KP2,20181206,0.145,0.145,0.145,0.145,73225
KP2,20181207,0.145,0.145,0.145,0.145,250066
KP2,20181210,0.145,0.145,0.145,0.145,48275
KP2,20181211,0.135,0.135,0.135,0.135,57582
KP2,20181212,0.135,0.135,0.135,0.135,150000
KP2,20181213,0.14,0.14,0.14,0.14,39185
KP2,20181214,0.15,0.155,0.15,0.155,82812
KP2,20181217,0.15,0.15,0.15,0.15,510
KP2,20181218,0.145,0.145,0.145,0.145,2500
KP2,20181219,0.14,0.14,0.14,0.14,195663
KP2,20181220,0.14,0.14,0.14,0.14,0
KP2,20181221,0.14,0.14,0.14,0.14,0
KP2,20181224,0.13,0.13,0.13,0.13,50000
KP2,20181227,0.12,0.125,0.12,0.125,14000
KP2,20181228,0.125,0.125,0.125,0.125,0
KP2,20181231,0.125,0.125,0.125,0.125,0
KP2,20190102,0.125,0.125,0.125,0.125,4000
KP2,20190103,0.12,0.12,0.12,0.12,2250
KP2,20190104,0.12,0.12,0.12,0.12,0
KP2,20190107,0.12,0.12,0.12,0.12,60000
KP2,20190108,0.125,0.125,0.125,0.125,295916
KP2,20190109,0.125,0.125,0.125,0.125,0
KP2,20190110,0.125,0.125,0.125,0.125,0
KP2,20190111,0.14,0.14,0.14,0.14,15000
KP2,20190114,0.14,0.14,0.14,0.14,36000
KP2,20190115,0.13,0.13,0.13,0.13,4120
KP2,20190116,0.13,0.13,0.13,0.13,0
KP2,20190117,0.13,0.13,0.13,0.13,0
KP2,20190118,0.13,0.13,0.13,0.13,800
KP2,20190121,0.13,0.13,0.13,0.13,0
KP2,20190122,0.13,0.13,0.13,0.13,0
KP2,20190123,0.13,0.13,0.125,0.125,26667
KP2,20190124,0.125,0.125,0.125,0.125,0
KP2,20190125,0.125,0.125,0.125,0.125,0
KP2,20190129,0.115,0.12,0.115,0.12,28100
KP2,20190130,0.1,0.1,0.1,0.1,25000
KP2,20190131,0.081,0.081,0.075,0.075,35068
KP2,20190201,0.075,0.075,0.075,0.075,0
KP2,20190204,0.075,0.075,0.07,0.07,74090
KP2,20190205,0.066,0.066,0.066,0.066,9000
KP2,20190206,0.066,0.066,0.066,0.066,0
KP2,20190207,0.068,0.07,0.068,0.069,40753
KP2,20190208,0.07,0.07,0.069,0.069,24913
KP2,20190211,0.069,0.069,0.069,0.069,1000
KP2,20190212,0.067,0.067,0.06,0.06,615711
KP2,20190213,0.059,0.059,0.059,0.059,16787
KP2,20190214,0.059,0.06,0.059,0.059,183213
KP2,20190215,0.057,0.057,0.05,0.05,435862
KP2,20190218,0.059,0.059,0.059,0.059,20000
KP2,20190219,0.059,0.059,0.059,0.059,0
KP2,20190220,0.058,0.059,0.058,0.059,80000
KP2,20190221,0.055,0.055,0.055,0.055,29376
KP2,20190222,0.053,0.056,0.053,0.054,218923
KP2,20190225,0.054,0.054,0.054,0.054,78262
KP2,20190226,0.053,0.053,0.051,0.053,38117
KP2,20190227,0.053,0.053,0.053,0.053,0
KP2,20190228,0.053,0.053,0.052,0.052,100000
KP2,20190301,0.05,0.05,0.048,0.048,55984
KP2,20190304,0.048,0.048,0.048,0.048,101500
KP2,20190305,0.048,0.052,0.048,0.052,57187
KP2,20190306,0.052,0.052,0.052,0.052,0
KP2,20190307,0.052,0.052,0.052,0.052,0
KP2,20190308,0.051,0.051,0.051,0.051,53128
KP2,20190311,0.051,0.051,0.051,0.051,0
KP2,20190312,0.052,0.052,0.051,0.051,100412
KP2,20190313,0.049,0.049,0.049,0.049,265
KP2,20190314,0.05,0.05,0.049,0.049,58888
KP2,20190315,0.05,0.05,0.05,0.05,30795
KP2,20190318,0.05,0.05,0.05,0.05,0
KP2,20190319,0.048,0.048,0.048,0.048,3000
KP2,20190320,0.047,0.047,0.047,0.047,170000
KP2,20190321,0.05,0.05,0.05,0.05,58799
KP2,20190322,0.053,0.055,0.053,0.055,40000
KP2,20190325,0.055,0.055,0.052,0.052,84721
KP2,20190326,0.055,0.055,0.051,0.051,121325
KP2,20190327,0.051,0.051,0.051,0.051,0
KP2,20190328,0.051,0.051,0.051,0.051,0
KP2,20190329,0.049,0.049,0.049,0.049,654848
KP2,20190401,0.045,0.045,0.042,0.043,260436
KP2,20190402,0.042,0.042,0.037,0.04,349591
KP2,20190403,0.038,0.039,0.038,0.039,93001
KP2,20190404,0.038,0.038,0.035,0.035,109166
KP2,20190405,0.036,0.038,0.036,0.038,71649
KP2,20190408,0.038,0.038,0.038,0.038,100000
KP2,20190409,0.037,0.04,0.035,0.039,551000
KP2,20190410,0.036,0.039,0.036,0.039,122200
KP2,20190411,0.038,0.039,0.038,0.039,98409
KP2,20190412,0.039,0.039,0.039,0.039,14402
KP2,20190415,0.039,0.039,0.039,0.039,0
KP2,20190416,0.041,0.049,0.041,0.049,166789
KP2,20190417,0.047,0.047,0.045,0.045,350000
KP2,20190418,0.046,0.065,0.045,0.065,230413
KP2,20190423,0.065,0.07,0.064,0.07,77720
KP2,20190424,0.07,0.075,0.057,0.075,495000
KP2,20190426,0.06,0.065,0.06,0.065,205000
KP2,20190429,0.065,0.065,0.065,0.065,0
KP2,20190430,0.05,0.06,0.05,0.06,54200
KP2,20190501,0.06,0.06,0.06,0.06,0
KP2,20190502,0.06,0.06,0.06,0.06,0
KP2,20190503,0.06,0.06,0.06,0.06,0
KP2,20190506,0.06,0.06,0.06,0.06,0
KP2,20190507,0.06,0.06,0.06,0.06,0
KP2,20190508,0.047,0.047,0.047,0.047,23333
KP2,20190509,0.047,0.047,0.047,0.047,0
KP2,20190510,0.046,0.046,0.045,0.045,50000
KP2,20190513,0.045,0.045,0.045,0.045,36778
KP2,20190514,0.045,0.045,0.044,0.045,73777
KP2,20190515,0.045,0.045,0.044,0.044,63100
KP2,20190516,0.044,0.049,0.044,0.049,20000
KP2,20190517,0.041,0.048,0.041,0.048,70000
KP2,20190520,0.048,0.048,0.048,0.048,0
KP2,20190521,0.048,0.048,0.048,0.048,0
KP2,20190522,0.048,0.048,0.048,0.048,0
KP2,20190523,0.048,0.048,0.048,0.048,30200
KP2,20190524,0.048,0.048,0.048,0.048,0
KP2,20190527,0.048,0.048,0.048,0.048,0
KP2,20190528,0.045,0.045,0.045,0.045,7500
KP2,20190529,0.045,0.045,0.045,0.045,0
KP2,20190530,0.04,0.04,0.04,0.04,15000
KP2,20190531,0.04,0.04,0.04,0.04,0
KP2,20190603,0.044,0.056,0.044,0.056,12137
KP2,20190604,0.057,0.057,0.057,0.057,12857
KP2,20190605,0.057,0.057,0.057,0.057,0
KP2,20190606,0.057,0.057,0.057,0.057,0
KP2,20190607,0.057,0.057,0.057,0.057,0
KP2,20190611,0.04,0.053,0.04,0.053,65781
KP2,20190612,0.055,0.055,0.055,0.055,50000
KP2,20190613,0.055,0.055,0.055,0.055,0
KP2,20190614,0.055,0.055,0.055,0.055,0
KP2,20190617,0.042,0.042,0.04,0.04,400578
KP2,20190618,0.037,0.037,0.037,0.037,27000
KP2,20190619,0.037,0.037,0.037,0.037,0
KP2,20190620,0.031,0.031,0.031,0.031,14913
KP2,20190621,0.031,0.031,0.031,0.031,0
KP2,20190624,0.033,0.033,0.032,0.032,72885
KP2,20190625,0.031,0.031,0.031,0.031,41455
KP2,20190626,0.035,0.035,0.032,0.032,47986
KP2,20190627,0.032,0.032,0.031,0.031,16373
KP2,20190628,0.032,0.032,0.031,0.031,56200
KP2,20190701,0.04,0.04,0.04,0.04,42719
KP2,20190702,0.04,0.04,0.04,0.04,0
KP2,20190703,0.04,0.04,0.04,0.04,0
KP2,20190704,0.04,0.04,0.04,0.04,0
KP2,20190705,0.04,0.04,0.04,0.04,0
KP2,20190708,0.04,0.04,0.04,0.04,0
KP2,20190709,0.031,0.031,0.031,0.031,5000
KP2,20190710,0.032,0.032,0.032,0.032,7629
KP2,20190711,0.032,0.032,0.032,0.032,0
KP2,20190712,0.031,0.031,0.03,0.031,211408
KP2,20190715,0.029,0.033,0.028,0.033,46363
KP2,20190716,0.03,0.03,0.03,0.03,153733
KP2,20190717,0.027,0.027,0.027,0.027,33000
KP2,20190718,0.027,0.027,0.027,0.027,0
KP2,20190719,0.027,0.027,0.027,0.027,0
KP2,20190722,0.027,0.027,0.027,0.027,0
KP2,20190723,0.027,0.027,0.027,0.027,13500
KP2,20190724,0.027,0.027,0.027,0.027,0
KP2,20190725,0.027,0.027,0.027,0.027,0
KP2,20190726,0.029,0.029,0.029,0.029,33637
KP2,20190729,0.029,0.029,0.029,0.029,0
KP2,20190730,0.027,0.027,0.027,0.027,74725
KP2,20190731,0.027,0.03,0.026,0.026,143815
KP2,20190801,0.026,0.026,0.026,0.026,0
KP2,20190802,0.029,0.029,0.028,0.029,22568
KP2,20190805,0.029,0.029,0.026,0.026,192699
KP2,20190806,0.026,0.026,0.026,0.026,0
KP2,20190807,0.028,0.033,0.027,0.027,49754
KP2,20190808,0.027,0.027,0.027,0.027,0
KP2,20190809,0.033,0.033,0.033,0.033,49900
KP2,20190812,0.033,0.033,0.033,0.033,0
KP2,20190813,0.033,0.033,0.033,0.033,0
KP2,20190814,0.028,0.028,0.027,0.027,62567
KP2,20190815,0.028,0.028,0.028,0.028,15951
KP2,20190816,0.028,0.028,0.028,0.028,0
KP2,20190819,0.028,0.028,0.027,0.027,15268
KP2,20190820,0.028,0.028,0.027,0.027,3658
KP2,20190821,0.027,0.027,0.027,0.027,50000
KP2,20190822,0.027,0.027,0.027,0.027,0
KP2,20190823,0.026,0.026,0.024,0.025,106716
KP2,20190826,0.025,0.025,0.025,0.025,0
KP2,20190827,0.025,0.025,0.025,0.025,0
KP2,20190828,0.025,0.025,0.025,0.025,0
KP2,20190829,0.026,0.027,0.026,0.027,15633
KP2,20190830,0.027,0.027,0.027,0.027,0
KP2,20190902,0.035,0.035,0.035,0.035,210531
KP2,20190903,0.027,0.027,0.027,0.027,7000
KP2,20190904,0.027,0.027,0.027,0.027,0
KP2,20190905,0.027,0.027,0.027,0.027,0
KP2,20190906,0.027,0.027,0.027,0.027,0
KP2,20190909,0.026,0.026,0.026,0.026,13750
KP2,20190910,0.027,0.027,0.027,0.027,62500
KP2,20190911,0.027,0.027,0.027,0.027,0
KP2,20190912,0.028,0.028,0.028,0.028,21954
KP2,20190913,0.029,0.029,0.029,0.029,60976
KP2,20190916,0.028,0.03,0.025,0.025,185127
KP2,20190917,0.023,0.023,0.022,0.022,174144
KP2,20190918,0.023,0.023,0.023,0.023,69898
KP2,20190919,0.023,0.023,0.023,0.023,0
KP2,20190920,0.023,0.023,0.023,0.023,0
KP2,20190923,0.023,0.023,0.021,0.021,529966
KP2,20190924,0.021,0.021,0.017,0.018,1196952
KP2,20190925,0.017,0.017,0.014,0.016,1419278
KP2,20190926,0.016,0.016,0.014,0.015,476336
KP2,20190927,0.015,0.015,0.015,0.015,0
KP2,20190930,0.015,0.015,0.015,0.015,0
KP2,20191001,0.02,0.02,0.02,0.02,977339
KP2,20191002,0.022,0.022,0.022,0.022,8196
KP2,20191003,0.021,0.021,0.021,0.021,41189
KP2,20191004,0.022,0.022,0.022,0.022,42925
KP2,20191007,0.022,0.022,0.022,0.022,0
KP2,20191008,0.022,0.022,0.022,0.022,213624
KP2,20191009,0.022,0.022,0.02,0.02,1111746
KP2,20191010,0.02,0.02,0.02,0.02,0
KP2,20191011,0.021,0.021,0.021,0.021,1600
KP2,20191014,0.022,0.022,0.022,0.022,83140
KP2,20191015,0.022,0.022,0.022,0.022,0
KP2,20191016,0.022,0.022,0.022,0.022,0
KP2,20191017,0.022,0.022,0.022,0.022,0
KP2,20191018,0.022,0.022,0.022,0.022,0
KP2,20191021,0.022,0.022,0.022,0.022,0
KP2,20191022,0.022,0.022,0.022,0.022,0
KP2,20191023,0.022,0.022,0.022,0.022,0
KP2,20191024,0.022,0.022,0.022,0.022,0
KP2,20191025,0.023,0.023,0.023,0.023,62500
KP2,20191028,0.023,0.023,0.023,0.023,0
KP2,20191029,0.022,0.022,0.022,0.022,4000
KP2,20191030,0.022,0.022,0.022,0.022,96000
KP2,20191031,0.02,0.02,0.02,0.02,3000
KP2,20191101,0.02,0.02,0.02,0.02,100000
KP2,20191104,0.021,0.021,0.021,0.021,25000
KP2,20191105,0.021,0.021,0.021,0.021,0
KP2,20191106,0.021,0.021,0.021,0.021,10500
KP2,20191107,0.021,0.021,0.021,0.021,14262
KP2,20191108,0.021,0.021,0.021,0.021,0
KP2,20191111,0.019,0.02,0.019,0.02,685000
KP2,20191112,0.02,0.02,0.02,0.02,0
KP2,20191113,0.02,0.02,0.02,0.02,0
KP2,20191114,0.02,0.02,0.02,0.02,0
KP2,20191115,0.02,0.02,0.02,0.02,512541
KP2,20191118,0.02,0.02,0.02,0.02,0
KP2,20191119,0.02,0.02,0.02,0.02,0
KP2,20191120,0.02,0.02,0.02,0.02,0
KP2,20191121,0.019,0.019,0.019,0.019,3000
KP2,20191122,0.019,0.019,0.019,0.019,0
KP2,20191125,0.018,0.018,0.018,0.018,10494
KP2,20191126,0.018,0.018,0.018,0.018,47987
KP2,20191127,0.018,0.018,0.018,0.018,0
KP2,20191128,0.018,0.018,0.018,0.018,439
KP2,20191129,0.019,0.019,0.019,0.019,22600
KP2,20191202,0.019,0.019,0.019,0.019,0
KP2,20191203,0.019,0.019,0.019,0.019,21400
KP2,20191204,0.02,0.02,0.02,0.02,196644
KP2,20191205,0.02,0.02,0.02,0.02,1000000
KP2,20191206,0.02,0.02,0.02,0.02,1129476
KP2,20191209,0.02,0.02,0.02,0.02,0
KP2,20191210,0.019,0.019,0.019,0.019,1385
KP2,20191211,0.019,0.019,0.019,0.019,4760
KP2,20191212,0.019,0.019,0.019,0.019,26500
KP2,20191213,0.019,0.019,0.019,0.019,0
KP2,20191216,0.019,0.019,0.018,0.018,165427
KP2,20191217,0.018,0.018,0.018,0.018,0
KP2,20191218,0.015,0.019,0.015,0.019,97880
KP2,20191219,0.018,0.018,0.018,0.018,17301
KP2,20191220,0.018,0.018,0.018,0.018,0
KP2,20191223,0.018,0.018,0.018,0.018,0
KP2,20191224,0.018,0.018,0.018,0.018,0
KP2,20191227,0.018,0.018,0.018,0.018,0
KP2,20191230,0.018,0.018,0.018,0.018,0
KP2,20191231,0.018,0.018,0.018,0.018,0
KP2,20200102,0.018,0.018,0.018,0.018,0
KP2,20200103,0.018,0.018,0.018,0.018,0
KP2,20200106,0.018,0.018,0.018,0.018,20705
KP2,20200107,0.018,0.018,0.018,0.018,99999
KP2,20200108,0.018,0.018,0.018,0.018,250000
KP2,20200109,0.018,0.018,0.018,0.018,0
KP2,20200113,0.018,0.018,0.018,0.018,0
KP2,20200114,0.018,0.018,0.018,0.018,0
KP2,20200115,0.018,0.018,0.018,0.018,0
KP2,20200116,0.018,0.018,0.016,0.017,45514
KP2,20200117,0.017,0.017,0.017,0.017,30000
KP2,20200120,0.017,0.017,0.017,0.017,0
KP2,20200121,0.017,0.017,0.017,0.017,0
KP2,20200122,0.018,0.018,0.018,0.018,7000
KP2,20200123,0.019,0.019,0.019,0.019,50000
KP2,20200124,0.02,0.02,0.02,0.02,200000
KP2,20200128,0.02,0.02,0.02,0.02,900
KP2,20200129,0.02,0.02,0.02,0.02,0
KP2,20200130,0.02,0.02,0.02,0.02,0
KP2,20200203,0.02,0.02,0.02,0.02,5620
KP2,20200204,0.02,0.02,0.02,0.02,0
KP2,20200205,0.021,0.021,0.018,0.018,515000
KP2,20200210,0.016,0.016,0.016,0.016,35999
KP2,20200211,0.024,0.024,0.024,0.024,5050
KP2,20200212,0.024,0.024,0.024,0.024,0
KP2,20200213,0.016,0.016,0.016,0.016,124690
KP2,20200214,0.02,0.022,0.02,0.02,516142
KP2,20200217,0.02,0.02,0.02,0.02,37500
KP2,20200218,0.021,0.021,0.021,0.021,100000
KP2,20200219,0.021,0.021,0.021,0.021,0
KP2,20200220,0.021,0.021,0.021,0.021,36019
KP2,20200221,0.021,0.021,0.021,0.021,0
KP2,20200224,0.021,0.021,0.021,0.021,0
KP2,20200225,0.021,0.021,0.021,0.021,0
KP2,20200226,0.02,0.02,0.02,0.02,5000
KP2,20200227,0.02,0.02,0.02,0.02,0
KP2,20200228,0.02,0.02,0.02,0.02,3500
KP2,20200302,0.02,0.02,0.02,0.02,0
KP2,20200303,0.02,0.02,0.02,0.02,0
KP2,20200304,0.02,0.02,0.02,0.02,0
KP2,20200305,0.02,0.02,0.02,0.02,0
KP2,20200306,0.02,0.02,0.02,0.02,0
KP2,20200309,0.015,0.015,0.015,0.015,2615
KP2,20200310,0.015,0.015,0.015,0.015,22000
KP2,20200311,0.015,0.015,0.015,0.015,0
KP2,20200312,0.015,0.015,0.015,0.015,50000
KP2,20200313,0.015,0.015,0.015,0.015,0
KP2,20200316,0.015,0.015,0.015,0.015,0
KP2,20200317,0.015,0.015,0.015,0.015,0
KP2,20200318,0.015,0.015,0.015,0.015,0
KP2,20200319,0.015,0.015,0.015,0.015,0
KP2,20200320,0.01,0.01,0.01,0.01,100000
KP2,20200323,0.01,0.01,0.01,0.01,220000
KP2,20200324,0.01,0.01,0.01,0.01,0
KP2,20200325,0.01,0.01,0.01,0.01,200000
KP2,20200326,0.01,0.01,0.01,0.01,91550
KP2,20200327,0.011,0.013,0.011,0.013,22779
KP2,20200330,0.012,0.012,0.012,0.012,50000
KP2,20200331,0.01,0.01,0.01,0.01,57671
KP2,20200401,0.01,0.01,0.01,0.01,0
KP2,20200402,0.01,0.01,0.01,0.01,0
KP2,20200403,0.01,0.01,0.01,0.01,0
KP2,20200406,0.01,0.01,0.01,0.01,0
KP2,20200407,0.011,0.011,0.011,0.011,98505
KP2,20200408,0.011,0.011,0.011,0.011,0
KP2,20200409,0.01,0.011,0.009,0.011,634222
KP2,20200414,0.011,0.011,0.01,0.01,200562
KP2,20200415,0.01,0.01,0.01,0.01,0
KP2,20200416,0.01,0.012,0.01,0.012,1055763
KP2,20200417,0.012,0.012,0.012,0.012,0
KP2,20200420,0.012,0.012,0.012,0.012,0
KP2,20200421,0.012,0.012,0.012,0.012,0
KP2,20200422,0.011,0.011,0.011,0.011,15000
KP2,20200423,0.011,0.011,0.011,0.011,0
KP2,20200424,0.011,0.011,0.011,0.011,0
KP2,20200427,0.011,0.011,0.011,0.011,0
KP2,20200428,0.015,0.031,0.015,0.015,1993321
KP2,20200429,0.015,0.015,0.015,0.015,20000
KP2,20200430,0.017,0.017,0.017,0.017,1600
KP2,20200501,0.015,0.018,0.015,0.018,154186
KP2,20200504,0.018,0.018,0.018,0.018,0
KP2,20200505,0.015,0.017,0.015,0.017,100968
KP2,20200506,0.015,0.015,0.014,0.014,175346
KP2,20200507,0.014,0.014,0.014,0.014,238358
KP2,20200508,0.014,0.014,0.014,0.014,104896
KP2,20200511,0.014,0.014,0.014,0.014,0
KP2,20200512,0.014,0.014,0.014,0.014,105360
KP2,20200513,0.013,0.013,0.013,0.013,146506
KP2,20200514,0.014,0.014,0.014,0.014,32428
KP2,20200515,0.014,0.014,0.014,0.014,200000
KP2,20200518,0.013,0.013,0.013,0.013,32428
KP2,20200519,0.013,0.013,0.013,0.013,10000
KP2,20200520,0.013,0.013,0.013,0.013,0
KP2,20200521,0.015,0.015,0.013,0.013,78538
KP2,20200522,0.013,0.013,0.013,0.013,84813
KP2,20200525,0.013,0.014,0.013,0.014,129407
KP2,20200526,0.014,0.014,0.014,0.014,0
KP2,20200527,0.013,0.015,0.013,0.013,100442
KP2,20200528,0.013,0.013,0.013,0.013,10000
KP2,20200529,0.013,0.013,0.01,0.01,46667
KP2,20200601,0.011,0.011,0.011,0.011,123448
KP2,20200602,0.011,0.011,0.011,0.011,35723
KP2,20200603,0.011,0.011,0.011,0.011,19834
KP2,20200604,0.012,0.012,0.01,0.011,735142
KP2,20200605,0.011,0.011,0.011,0.011,0
KP2,20200609,0.012,0.012,0.012,0.012,207252
KP2,20200610,0.014,0.014,0.014,0.014,119609
KP2,20200611,0.015,0.015,0.015,0.015,75152
KP2,20200612,0.015,0.015,0.014,0.014,149000
KP2,20200615,0.014,0.014,0.012,0.012,250000
KP2,20200616,0.013,0.013,0.013,0.013,8940
KP2,20200617,0.013,0.013,0.013,0.013,0
KP2,20200618,0.014,0.014,0.014,0.014,19000
KP2,20200619,0.015,0.017,0.015,0.016,1079826
KP2,20200622,0.019,0.02,0.019,0.019,454439
KP2,20200623,0.02,0.02,0.019,0.02,634165
KP2,20200624,0.019,0.02,0.019,0.02,92000
KP2,20200625,0.02,0.022,0.02,0.022,198584
KP2,20200626,0.022,0.022,0.022,0.022,0
KP2,20200629,0.023,0.023,0.021,0.021,242000
KP2,20200630,0.022,0.022,0.021,0.021,50258
KP2,20200701,0.021,0.021,0.02,0.02,467436
KP2,20200702,0.02,0.02,0.02,0.02,0
KP2,20200703,0.02,0.02,0.02,0.02,18000
KP2,20200706,0.02,0.02,0.02,0.02,0
KP2,20200707,0.022,0.023,0.022,0.022,972562
KP2,20200708,0.022,0.022,0.02,0.02,180756
KP2,20200709,0.02,0.02,0.02,0.02,285000
KP2,20200710,0.02,0.02,0.02,0.02,0
KP2,20200713,0.02,0.02,0.02,0.02,0
KP2,20200714,0.021,0.022,0.021,0.022,10000
KP2,20200715,0.022,0.022,0.022,0.022,0
KP2,20200716,0.022,0.022,0.022,0.022,0
KP2,20200717,0.016,0.017,0.016,0.017,1702000
KP2,20200720,0.017,0.017,0.017,0.017,0
KP2,20200721,0.015,0.015,0.014,0.015,1860785
KP2,20200722,0.015,0.015,0.015,0.015,0
KP2,20200723,0.015,0.015,0.015,0.015,0
KP2,20200724,0.016,0.016,0.016,0.016,250000
KP2,20200727,0.016,0.016,0.016,0.016,0
KP2,20200728,0.016,0.016,0.015,0.015,42000
KP2,20200729,0.015,0.015,0.015,0.015,0
KP2,20200730,0.015,0.015,0.015,0.015,81000
KP2,20200731,0.015,0.015,0.015,0.015,0
KP2,20200803,0.018,0.018,0.018,0.018,300000
KP2,20200804,0.017,0.018,0.017,0.018,374000
KP2,20200805,0.017,0.018,0.017,0.018,255005
KP2,20200806,0.017,0.017,0.017,0.017,156000
KP2,20200807,0.018,0.018,0.017,0.017,174619
KP2,20200810,0.017,0.017,0.017,0.017,100000
KP2,20200811,0.017,0.017,0.017,0.017,63000
KP2,20200812,0.017,0.017,0.017,0.017,0
KP2,20200813,0.017,0.017,0.017,0.017,0
KP2,20200814,0.018,0.018,0.018,0.018,18667
KP2,20200817,0.018,0.018,0.015,0.016,1502264
KP2,20200818,0.016,0.016,0.016,0.016,0
KP2,20200819,0.016,0.016,0.016,0.016,0
KP2,20200820,0.016,0.016,0.015,0.016,176250
KP2,20200821,0.016,0.016,0.015,0.015,12250
KP2,20200824,0.015,0.016,0.015,0.016,399489
KP2,20200825,0.016,0.016,0.016,0.016,0
KP2,20200826,0.016,0.016,0.016,0.016,0
KP2,20200827,0.016,0.018,0.015,0.015,422250
KP2,20200828,0.016,0.018,0.016,0.018,15000
KP2,20200831,0.018,0.02,0.018,0.02,103500
KP2,20200901,0.02,0.02,0.02,0.02,0
KP2,20200902,0.017,0.017,0.017,0.017,70821
KP2,20200903,0.017,0.017,0.017,0.017,150186
KP2,20200904,0.017,0.017,0.017,0.017,0
KP2,20200907,0.017,0.017,0.016,0.016,76868
KP2,20200908,0.015,0.015,0.015,0.015,1390
KP2,20200909,0.017,0.017,0.017,0.017,185250
KP2,20200910,0.017,0.017,0.015,0.015,282285
KP2,20200911,0.015,0.015,0.015,0.015,0
KP2,20200914,0.015,0.015,0.012,0.013,2987463
KP2,20200915,0.013,0.013,0.013,0.013,0
KP2,20200916,0.014,0.017,0.014,0.017,515500
KP2,20200917,0.017,0.017,0.017,0.017,0
KP2,20200918,0.014,0.014,0.013,0.013,3073935
KP2,20200921,0.014,0.014,0.014,0.014,396028
KP2,20200922,0.015,0.015,0.015,0.015,106000
KP2,20200923,0.015,0.015,0.015,0.015,0
KP2,20200924,0.015,0.015,0.015,0.015,0
KP2,20200925,0.013,0.014,0.013,0.013,82947
KP2,20200928,0.013,0.013,0.013,0.013,211000
KP2,20200929,0.014,0.014,0.014,0.014,31547
KP2,20200930,0.014,0.014,0.014,0.014,0
KP2,20201001,0.014,0.014,0.013,0.014,1253068
KP2,20201002,0.013,0.013,0.013,0.013,151898
KP2,20201005,0.013,0.013,0.013,0.013,180000
KP2,20201006,0.013,0.013,0.013,0.013,151979
KP2,20201007,0.013,0.013,0.013,0.013,0
KP2,20201008,0.012,0.012,0.011,0.012,2516700
KP2,20201009,0.012,0.013,0.012,0.013,300000
KP2,20201012,0.013,0.013,0.013,0.013,40000
KP2,20201013,0.013,0.013,0.013,0.013,215000
KP2,20201014,0.013,0.013,0.012,0.012,145950
KP2,20201015,0.013,0.018,0.013,0.016,6723674
KP2,20201016,0.015,0.015,0.014,0.014,2008601
KP2,20201019,0.013,0.013,0.012,0.012,5324395
KP2,20201020,0.013,0.013,0.013,0.013,532671
KP2,20201021,0.013,0.013,0.013,0.013,70360
KP2,20201022,0.013,0.013,0.013,0.013,0
KP2,20201023,0.013,0.013,0.013,0.013,576990
KP2,20201026,0.012,0.012,0.012,0.012,499640
KP2,20201027,0.012,0.012,0.012,0.012,1740779
KP2,20201028,0.012,0.012,0.012,0.012,849434
KP2,20201029,0.012,0.012,0.012,0.012,33899
KP2,20201030,0.012,0.012,0.012,0.012,0
KP2,20201102,0.011,0.011,0.011,0.011,10000
KP2,20201103,0.011,0.011,0.011,0.011,0
KP2,20201104,0.011,0.011,0.011,0.011,0
KP2,20201105,0.011,0.011,0.011,0.011,0
KP2,20201106,0.011,0.011,0.011,0.011,12299
KP2,20201109,0.011,0.012,0.011,0.011,361213
KP2,20201110,0.011,0.011,0.011,0.011,0
KP2,20201111,0.011,0.011,0.011,0.011,0
KP2,20201112,0.011,0.011,0.011,0.011,0
KP2,20201113,0.011,0.011,0.011,0.011,0
KP2,20201116,0.011,0.011,0.011,0.011,800
KP2,20201117,0.013,0.013,0.013,0.013,38000
KP2,20201118,0.012,0.012,0.012,0.012,873515
KP2,20201120,0.012,0.012,0.012,0.012,4021
KP2,20201123,0.012,0.012,0.011,0.011,2537646
KP2,20201124,0.011,0.011,0.011,0.011,0
KP2,20201125,0.011,0.012,0.011,0.011,487820
KP2,20201126,0.012,0.012,0.012,0.012,153847
KP2,20201127,0.012,0.012,0.012,0.012,0
KP2,20201130,0.012,0.012,0.012,0.012,0
KP2,20201201,0.012,0.012,0.012,0.012,0
KP2,20201202,0.012,0.012,0.011,0.011,325000
KP2,20201203,0.012,0.012,0.012,0.012,105000
KP2,20201204,0.012,0.012,0.012,0.012,100000
KP2,20201207,0.012,0.012,0.012,0.012,83300
KP2,20201208,0.011,0.011,0.011,0.011,122269
KP2,20201209,0.011,0.011,0.011,0.011,0
KP2,20201210,0.011,0.011,0.011,0.011,172260
KP2,20201211,0.011,0.011,0.011,0.011,0
KP2,20201214,0.011,0.011,0.011,0.011,261164
KP2,20201215,0.011,0.011,0.011,0.011,0
KP2,20201216,0.011,0.011,0.011,0.011,0
KP2,20201217,0.011,0.011,0.011,0.011,111727
KP2,20201218,0.011,0.011,0.011,0.011,0
KP2,20201221,0.01,0.02,0.01,0.02,9495041
KP2,20201222,0.015,0.034,0.013,0.034,9705247
KP2,20201224,0.046,0.046,0.046,0.046,0
KP2,20201229,0.017,0.019,0.016,0.016,21256952
KP2,20201230,0.017,0.019,0.017,0.018,6537835
KP2,20201231,0.019,0.019,0.017,0.018,6392984
KP2,20210104,0.019,0.019,0.019,0.019,3348709
KP2,20210105,0.019,0.019,0.018,0.018,2604508
KP2,20210106,0.018,0.018,0.017,0.018,5629761
KP2,20210107,0.017,0.017,0.016,0.016,3222748
KP2,20210108,0.017,0.017,0.016,0.016,2065867
KP2,20210111,0.015,0.015,0.015,0.015,21500
KP2,20210112,0.015,0.015,0.015,0.015,524950
KP2,20210113,0.015,0.016,0.015,0.015,1646269
KP2,20210114,0.015,0.016,0.015,0.016,1331977
KP2,20210115,0.015,0.016,0.015,0.016,1763157
KP2,20210118,0.016,0.016,0.016,0.016,1471891
KP2,20210119,0.017,0.017,0.016,0.016,1050000
KP2,20210120,0.016,0.016,0.016,0.016,500000
KP2,20210121,0.015,0.015,0.015,0.015,899431
KP2,20210122,0.015,0.015,0.015,0.015,77400
KP2,20210125,0.014,0.014,0.014,0.014,644334
KP2,20210127,0.014,0.014,0.014,0.014,3041040
KP2,20210128,0.014,0.014,0.014,0.014,1000000
KP2,20210129,0.013,0.013,0.013,0.013,323817
KP2,20210201,0.013,0.013,0.013,0.013,79483
KP2,20210203,0.015,0.015,0.014,0.014,905176
KP2,20210204,0.015,0.015,0.015,0.015,1045257
KP2,20210205,0.015,0.015,0.015,0.015,0
KP2,20210208,0.017,0.017,0.015,0.015,1501691
KP2,20210209,0.016,0.016,0.016,0.016,912500
KP2,20210210,0.016,0.016,0.015,0.016,826281
KP2,20210211,0.017,0.017,0.015,0.015,547787
KP2,20210212,0.015,0.016,0.015,0.016,15000
KP2,20210215,0.016,0.017,0.016,0.017,1608208
KP2,20210216,0.017,0.02,0.017,0.018,14381942
KP2,20210217,0.019,0.019,0.017,0.017,1655299
KP2,20210218,0.018,0.019,0.018,0.018,1586465
KP2,20210219,0.018,0.018,0.018,0.018,638944
KP2,20210222,0.017,0.017,0.017,0.017,174943
KP2,20210223,0.017,0.018,0.016,0.018,2726557
KP2,20210224,0.017,0.017,0.016,0.016,1472410
KP2,20210225,0.017,0.017,0.016,0.016,1775948
KP2,20210226,0.016,0.016,0.016,0.016,710597
KP2,20210301,0.016,0.016,0.016,0.016,496000
KP2,20210302,0.016,0.016,0.016,0.016,0
KP2,20210303,0.017,0.017,0.016,0.016,50000
KP2,20210304,0.016,0.016,0.014,0.014,2335949
KP2,20210305,0.015,0.015,0.015,0.015,70000
KP2,20210308,0.014,0.014,0.014,0.014,609500
KP2,20210309,0.014,0.014,0.014,0.014,108002
KP2,20210310,0.015,0.015,0.014,0.014,818000
KP2,20210311,0.015,0.015,0.014,0.014,818000
KP2,20210312,0.018,0.018,0.018,0.018,121667
KP2,20210315,0.018,0.018,0.017,0.017,169800
KP2,20210316,0.018,0.031,0.018,0.028,65763856
KP2,20210317,0.026,0.029,0.023,0.023,20199459
KP2,20210318,0.023,0.024,0.02,0.023,6748777
KP2,20210319,0.023,0.024,0.021,0.021,4202874
KP2,20210322,0.023,0.035,0.023,0.032,26936920
KP2,20210323,0.03,0.031,0.027,0.028,10660338
KP2,20210324,0.03,0.04,0.03,0.035,27687133
KP2,20210325,0.035,0.035,0.031,0.033,6196710
KP2,20210329,0.033,0.033,0.029,0.031,3645410
KP2,20210330,0.033,0.053,0.032,0.046,35927681
KP2,20210331,0.04,0.048,0.038,0.039,29137925
KP2,20210401,0.035,0.035,0.031,0.034,13896397
KP2,20210406,0.036,0.037,0.033,0.033,10250031
KP2,20210407,0.035,0.036,0.032,0.032,8317937
KP2,20210408,0.032,0.032,0.032,0.032,0
KP2,20210409,0.025,0.027,0.024,0.026,7823665
KP2,20210412,0.025,0.025,0.023,0.024,4774905
KP2,20210413,0.024,0.024,0.021,0.021,12777188
KP2,20210414,0.021,0.021,0.02,0.02,11431188
KP2,20210415,0.021,0.021,0.02,0.02,3519571
KP2,20210416,0.02,0.02,0.02,0.02,13706160
KP2,20210419,0.02,0.02,0.019,0.02,12126016
KP2,20210420,0.019,0.02,0.019,0.02,1494777
KP2,20210421,0.019,0.019,0.019,0.019,5477726
KP2,20210422,0.019,0.019,0.019,0.019,4837923
KP2,20210423,0.019,0.019,0.019,0.019,3612211
KP2,20210426,0.019,0.019,0.019,0.019,1419297
KP2,20210427,0.019,0.019,0.018,0.019,8568983
KP2,20210428,0.019,0.019,0.019,0.019,8323118
KP2,20210429,0.019,0.019,0.018,0.018,252810
KP2,20210430,0.019,0.019,0.019,0.019,1262000
KP2,20210503,0.019,0.019,0.019,0.019,1873273
KP2,20210504,0.02,0.02,0.019,0.019,1979875
KP2,20210505,0.02,0.02,0.018,0.019,7946069
KP2,20210506,0.019,0.019,0.019,0.019,751018
KP2,20210507,0.019,0.019,0.019,0.019,2406605
KP2,20210510,0.02,0.02,0.019,0.02,25770299
KP2,20210511,0.019,0.02,0.019,0.019,4912415
KP2,20210512,0.019,0.019,0.018,0.018,13346973
KP2,20210513,0.019,0.019,0.018,0.019,3585148
KP2,20210514,0.019,0.019,0.018,0.018,1931782
KP2,20210517,0.019,0.019,0.018,0.019,4781552
KP2,20210518,0.019,0.022,0.019,0.022,49372154
KP2,20210519,0.022,0.022,0.02,0.02,18289050
KP2,20210520,0.021,0.021,0.019,0.02,24731481
KP2,20210521,0.019,0.02,0.019,0.019,4747587
KP2,20210524,0.02,0.02,0.019,0.019,3865246
KP2,20210525,0.02,0.02,0.019,0.02,10998178
KP2,20210526,0.02,0.02,0.02,0.02,6163000
KP2,20210527,0.019,0.019,0.019,0.019,6342694
KP2,20210528,0.018,0.018,0.016,0.016,32640884
KP2,20210531,0.017,0.017,0.017,0.017,5869360
KP2,20210601,0.018,0.018,0.017,0.017,2596976
KP2,20210602,0.018,0.018,0.016,0.017,6292379
KP2,20210603,0.017,0.017,0.017,0.017,1843881
KP2,20210604,0.017,0.017,0.016,0.017,817611
KP2,20210607,0.017,0.017,0.016,0.016,1304357
KP2,20210609,0.016,0.016,0.016,0.016,212040
KP2,20210610,0.017,0.017,0.016,0.016,324657
KP2,20210611,0.016,0.016,0.016,0.016,0
KP2,20210615,0.017,0.017,0.016,0.016,2965137
KP2,20210616,0.016,0.016,0.016,0.016,792166
KP2,20210617,0.016,0.016,0.015,0.016,7485692
KP2,20210618,0.016,0.016,0.015,0.015,646531
KP2,20210621,0.015,0.015,0.015,0.015,1628408
KP2,20210622,0.015,0.015,0.015,0.015,7243469
KP2,20210623,0.015,0.015,0.015,0.015,791467
KP2,20210625,0.015,0.016,0.015,0.016,1324438
KP2,20210628,0.015,0.015,0.014,0.015,1979741
KP2,20210629,0.015,0.015,0.014,0.014,1875000
KP2,20210630,0.014,0.014,0.014,0.014,4325520
KP2,20210701,0.014,0.014,0.014,0.014,312700
KP2,20210705,0.015,0.015,0.015,0.015,121000
KP2,20210706,0.015,0.016,0.015,0.016,2038750
KP2,20210707,0.016,0.017,0.016,0.016,3461367
KP2,20210708,0.016,0.017,0.016,0.016,1529484
KP2,20210709,0.017,0.017,0.017,0.017,211707
KP2,20210712,0.017,0.017,0.016,0.016,187112
KP2,20210714,0.016,0.016,0.016,0.016,7991
KP2,20210715,0.015,0.015,0.015,0.015,20000
KP2,20210716,0.016,0.016,0.015,0.015,700000
KP2,20210719,0.015,0.016,0.015,0.016,2960378
KP2,20210720,0.016,0.016,0.015,0.015,91630
KP2,20210723,0.015,0.015,0.015,0.015,1260000
KP2,20210726,0.015,0.015,0.015,0.015,140000
KP2,20210727,0.016,0.016,0.016,0.016,714751
KP2,20210728,0.015,0.016,0.015,0.015,937057
KP2,20210729,0.015,0.016,0.015,0.015,5985140
KP2,20210730,0.015,0.015,0.014,0.015,1591880
KP2,20210802,0.015,0.015,0.014,0.014,994435
KP2,20210803,0.014,0.014,0.014,0.014,60071
KP2,20210804,0.014,0.015,0.014,0.014,408031
KP2,20210805,0.015,0.015,0.015,0.015,412000
KP2,20210806,0.015,0.015,0.014,0.014,342341
KP2,20210809,0.014,0.014,0.014,0.014,1570078
KP2,20210810,0.015,0.016,0.015,0.016,1808888
KP2,20210811,0.016,0.016,0.015,0.016,1492871
KP2,20210812,0.016,0.016,0.014,0.014,1301333
KP2,20210813,0.015,0.015,0.014,0.015,570174
KP2,20210819,0.014,0.014,0.014,0.014,221428
KP2,20210820,0.014,0.014,0.014,0.014,2059354
KP2,20210823,0.014,0.014,0.014,0.014,500000
KP2,20210824,0.014,0.014,0.014,0.014,0
KP2,20210825,0.014,0.015,0.013,0.015,4267249
KP2,20210826,0.015,0.015,0.014,0.015,2556433
KP2,20210827,0.015,0.017,0.015,0.017,6650467
KP2,20210830,0.017,0.019,0.017,0.018,12355526
KP2,20210831,0.018,0.018,0.017,0.017,1807767
KP2,20210901,0.019,0.02,0.019,0.02,22360387
KP2,20210902,0.02,0.02,0.019,0.019,9305366
KP2,20210903,0.019,0.019,0.017,0.018,4421518
KP2,20210906,0.018,0.02,0.018,0.019,8463088
KP2,20210907,0.019,0.024,0.019,0.023,40498509
KP2,20210908,0.023,0.024,0.021,0.021,9002288
KP2,20210909,0.021,0.021,0.02,0.021,3757696
KP2,20210910,0.021,0.022,0.021,0.021,4409929
KP2,20210913,0.021,0.024,0.021,0.022,10219039
KP2,20210914,0.023,0.023,0.021,0.021,3090418
KP2,20210915,0.021,0.022,0.021,0.021,9312044
KP2,20210916,0.02,0.02,0.02,0.02,1904431
KP2,20210917,0.02,0.02,0.02,0.02,4616576
KP2,20210920,0.02,0.02,0.019,0.019,11047444
KP2,20210922,0.019,0.019,0.019,0.019,2861877
KP2,20210923,0.02,0.022,0.02,0.021,7300711
KP2,20210924,0.022,0.022,0.021,0.021,5973339
KP2,20210927,0.021,0.022,0.021,0.022,6352331
KP2,20210928,0.022,0.024,0.021,0.021,9879756
KP2,20210929,0.021,0.023,0.021,0.023,3987300
KP2,20210930,0.022,0.027,0.022,0.026,37549160
KP2,20211001,0.026,0.026,0.024,0.025,16736199
KP2,20211004,0.025,0.025,0.023,0.023,12486835
KP2,20211005,0.023,0.023,0.019,0.021,12795521
KP2,20211006,0.021,0.022,0.021,0.021,4428786
KP2,20211007,0.021,0.021,0.02,0.02,6669487
KP2,20211008,0.021,0.021,0.02,0.02,4145760
KP2,20211011,0.021,0.024,0.021,0.023,12077004
KP2,20211012,0.021,0.024,0.021,0.023,12271496
KP2,20211013,0.021,0.022,0.021,0.022,4711854
KP2,20211014,0.023,0.023,0.022,0.023,7311068
KP2,20211019,0.022,0.024,0.022,0.024,14404229
KP2,20211020,0.023,0.023,0.022,0.023,11551875
KP2,20211021,0.023,0.023,0.022,0.022,6565344
KP2,20211022,0.022,0.024,0.022,0.024,10472603
KP2,20211025,0.025,0.025,0.024,0.025,11934472
KP2,20211026,0.025,0.025,0.022,0.024,19470119
KP2,20211028,0.023,0.023,0.021,0.022,9215051
KP2,20211029,0.021,0.022,0.021,0.021,3063041
KP2,20211101,0.021,0.021,0.021,0.021,4324740
KP2,20211102,0.021,0.023,0.021,0.022,5526860
KP2,20211103,0.021,0.021,0.021,0.021,3180529
KP2,20211104,0.022,0.024,0.022,0.023,11079797
KP2,20211105,0.023,0.023,0.022,0.022,3930515
KP2,20211109,0.022,0.023,0.022,0.022,5132761
KP2,20211110,0.022,0.022,0.022,0.022,3243797
KP2,20211112,0.022,0.022,0.021,0.022,983329
KP2,20211115,0.022,0.023,0.021,0.022,6305269
KP2,20211116,0.022,0.022,0.022,0.022,3406329
KP2,20211117,0.022,0.022,0.021,0.021,2588072
KP2,20211118,0.021,0.021,0.021,0.021,3391279
KP2,20211119,0.021,0.021,0.021,0.021,2889871
KP2,20211122,0.022,0.022,0.019,0.02,8011077
KP2,20211123,0.02,0.02,0.018,0.019,7363402
KP2,20211124,0.018,0.018,0.018,0.018,3358499
KP2,20211125,0.018,0.018,0.018,0.018,554643
KP2,20211126,0.018,0.018,0.017,0.017,2407766
KP2,20211129,0.017,0.019,0.017,0.019,3249838
KP2,20211130,0.019,0.019,0.018,0.018,880000
KP2,20211201,0.018,0.018,0.017,0.017,1620931
KP2,20211202,0.017,0.017,0.016,0.017,631913
KP2,20211203,0.018,0.018,0.016,0.016,1946914
KP2,20211206,0.015,0.017,0.015,0.016,539895
KP2,20211207,0.016,0.016,0.015,0.016,2894730
KP2,20211208,0.016,0.017,0.016,0.016,1385136
KP2,20211209,0.016,0.017,0.016,0.016,742109
KP2,20211210,0.016,0.016,0.016,0.016,121791
KP2,20211213,0.016,0.016,0.016,0.016,734477
KP2,20211214,0.015,0.017,0.015,0.017,2042575
KP2,20211216,0.016,0.016,0.016,0.016,300063
KP2,20211217,0.016,0.016,0.015,0.015,340992
KP2,20211220,0.015,0.016,0.015,0.015,1602476
KP2,20211221,0.015,0.015,0.015,0.015,747958
KP2,20211222,0.015,0.016,0.015,0.016,5064
KP2,20211223,0.016,0.016,0.016,0.016,682102
KP2,20211224,0.016,0.016,0.015,0.015,10249
KP2,20211229,0.015,0.016,0.015,0.016,3310252
KP2,20211230,0.015,0.016,0.015,0.016,358945
KP2,20211231,0.016,0.019,0.016,0.019,5396168
KP2,20220104,0.018,0.02,0.017,0.019,4279238
KP2,20220105,0.02,0.022,0.02,0.02,9358002
KP2,20220106,0.02,0.02,0.017,0.017,4910772
KP2,20220107,0.017,0.018,0.017,0.017,919707
KP2,20220110,0.018,0.019,0.018,0.018,752819
KP2,20220111,0.017,0.018,0.017,0.018,1043404
KP2,20220112,0.018,0.019,0.018,0.019,1002155
KP2,20220113,0.019,0.019,0.019,0.019,476519
KP2,20220114,0.02,0.02,0.019,0.019,2607411
KP2,20220117,0.02,0.02,0.019,0.019,1997775
KP2,20220118,0.019,0.019,0.018,0.019,1444000
KP2,20220119,0.02,0.02,0.018,0.018,3350856
KP2,20220120,0.018,0.018,0.017,0.017,6169876
KP2,20220121,0.018,0.019,0.017,0.017,1142144
KP2,20220124,0.017,0.017,0.016,0.016,6997325
KP2,20220125,0.017,0.017,0.016,0.016,4720252
KP2,20220127,0.016,0.016,0.015,0.015,4367297
KP2,20220128,0.017,0.017,0.016,0.017,3249967
KP2,20220131,0.017,0.017,0.017,0.017,550655
KP2,20220201,0.017,0.018,0.017,0.017,1877448
KP2,20220202,0.017,0.017,0.017,0.017,1743203
KP2,20220203,0.017,0.018,0.017,0.017,907144
KP2,20220204,0.017,0.018,0.017,0.017,946746
KP2,20220207,0.018,0.018,0.018,0.018,932807
KP2,20220208,0.019,0.019,0.018,0.019,3511247
KP2,20220209,0.019,0.019,0.019,0.019,679567
KP2,20220210,0.019,0.019,0.019,0.019,749950
KP2,20220211,0.019,0.019,0.019,0.019,503689
KP2,20220214,0.02,0.02,0.019,0.019,1941462
KP2,20220215,0.019,0.019,0.017,0.017,4952622
KP2,20220216,0.017,0.018,0.017,0.017,106559
KP2,20220217,0.018,0.018,0.018,0.018,50572
KP2,20220218,0.018,0.018,0.017,0.018,908303
KP2,20220221,0.017,0.018,0.017,0.017,1046547
KP2,20220222,0.018,0.018,0.016,0.017,3820044
KP2,20220223,0.016,0.016,0.016,0.016,509519
KP2,20220224,0.016,0.016,0.016,0.016,1328030
KP2,20220225,0.016,0.016,0.015,0.015,476470
KP2,20220228,0.016,0.017,0.015,0.017,3443348
KP2,20220301,0.017,0.017,0.017,0.017,1884588
KP2,20220302,0.017,0.018,0.017,0.017,472659
KP2,20220303,0.017,0.017,0.016,0.017,1089362
KP2,20220304,0.018,0.018,0.016,0.017,2358859
KP2,20220307,0.018,0.022,0.018,0.021,34269934
KP2,20220308,0.02,0.021,0.019,0.02,7770925
KP2,20220309,0.02,0.02,0.019,0.019,4880036
KP2,20220310,0.019,0.019,0.019,0.019,2051826
KP2,20220311,0.019,0.023,0.019,0.02,21699023
KP2,20220314,0.021,0.022,0.021,0.021,6077580
KP2,20220315,0.023,0.024,0.022,0.024,34076622
KP2,20220316,0,0,0,0,0
KP2,20220317,0.023,0.023,0.022,0.022,3001627
KP2,20220318,0.022,0.023,0.021,0.022,4425298
KP2,20220321,0.022,0.024,0.022,0.024,6516494
KP2,20220322,0.023,0.026,0.023,0.026,16998951
KP2,20220323,0.025,0.026,0.024,0.026,7890866
KP2,20220324,0.025,0.027,0.024,0.026,10859342
KP2,20220325,0.026,0.029,0.026,0.028,30581944
KP2,20220328,0.027,0.03,0.027,0.029,26987434
KP2,20220329,0.029,0.029,0.027,0.028,10489718
KP2,20220330,0.028,0.029,0.025,0.026,17650712
KP2,20220331,0.029,0.03,0.027,0.028,17385066
KP2,20220401,0.026,0.026,0.024,0.025,10070728
KP2,20220404,0.026,0.028,0.026,0.026,10143957
KP2,20220405,0.027,0.027,0.025,0.026,1939911
KP2,20220406,0.025,0.026,0.025,0.025,1252513
KP2,20220407,0.026,0.026,0.024,0.025,8954771
KP2,20220408,0.025,0.025,0.024,0.024,1640633
KP2,20220411,0.024,0.024,0.023,0.023,3187229
KP2,20220412,0.023,0.024,0.021,0.023,7514262
KP2,20220413,0.023,0.023,0.022,0.023,2936566
KP2,20220414,0.023,0.023,0.022,0.022,626305
KP2,20220419,0.023,0.024,0.023,0.023,7569645
KP2,20220420,0.024,0.024,0.024,0.024,263984
KP2,20220421,0.024,0.024,0.024,0.024,263984
KP2,20220422,0.024,0.024,0.024,0.024,2105493
KP2,20220426,0.024,0.024,0.022,0.023,4987167
KP2,20220427,0.022,0.023,0.021,0.021,1763520
KP2,20220428,0.021,0.022,0.021,0.021,1985092
KP2,20220429,0.021,0.022,0.021,0.022,335500
KP2,20220502,0.022,0.022,0.021,0.021,1392248
KP2,20220503,0.022,0.022,0.022,0.022,1316813
KP2,20220504,0.023,0.023,0.02,0.02,2380083
KP2,20220505,0.022,0.022,0.021,0.021,2121591
KP2,20220506,0.022,0.022,0.021,0.022,2710306
KP2,20220509,0.021,0.021,0.021,0.021,1042160
KP2,20220510,0.021,0.021,0.019,0.02,4184874
KP2,20220511,0.021,0.021,0.02,0.021,2136614
KP2,20220512,0.021,0.021,0.021,0.021,3124540
KP2,20220513,0.021,0.021,0.019,0.02,5166600
KP2,20220516,0.019,0.021,0.019,0.021,937151
KP2,20220517,0.021,0.021,0.021,0.021,846258
KP2,20220518,0.021,0.021,0.021,0.021,46468
KP2,20220519,0.021,0.022,0.021,0.022,1476868
KP2,20220520,0.022,0.022,0.022,0.022,863462
KP2,20220523,0.023,0.023,0.022,0.022,77662
KP2,20220524,0.022,0.022,0.022,0.022,100899
KP2,20220525,0.024,0.024,0.023,0.023,1131622
KP2,20220526,0.024,0.024,0.023,0.024,3225477
KP2,20220527,0.023,0.023,0.023,0.023,300000
KP2,20220530,0.024,0.024,0.023,0.023,1185690
KP2,20220531,0.024,0.024,0.024,0.024,100000
KP2,20220601,0.024,0.024,0.023,0.023,2063246
KP2,20220602,0.022,0.023,0.022,0.023,881396
KP2,20220603,0.023,0.023,0.023,0.023,571395
KP2,20220606,0.024,0.024,0.023,0.023,1350957
KP2,20220607,0.025,0.025,0.023,0.023,4582152
KP2,20220608,0.024,0.024,0.024,0.024,1240637
KP2,20220609,0.024,0.024,0.024,0.024,2260809
KP2,20220610,0.023,0.023,0.023,0.023,556156
KP2,20220614,0.023,0.023,0.02,0.021,4415431
KP2,20220615,0.021,0.021,0.017,0.018,11169722
KP2,20220616,0.018,0.018,0.018,0.018,1201630
KP2,20220617,0.017,0.017,0.016,0.016,4531008
KP2,20220620,0.017,0.019,0.017,0.018,1125379
KP2,20220621,0.018,0.018,0.017,0.017,37030
KP2,20220622,0.018,0.018,0.018,0.018,270023
KP2,20220623,0.019,0.019,0.018,0.018,658829
KP2,20220624,0.018,0.018,0.017,0.018,702409
KP2,20220627,0.018,0.019,0.018,0.018,282396
KP2,20220628,0.022,0.022,0.022,0.022,7763928
KP2,20220629,0.022,0.023,0.022,0.023,1915915
KP2,20220630,0.023,0.023,0.021,0.021,1291266
KP2,20220701,0.022,0.023,0.021,0.021,1680315
KP2,20220704,0.021,0.021,0.021,0.021,0
KP2,20220705,0.021,0.022,0.021,0.022,594398
KP2,20220706,0.021,0.021,0.02,0.02,877191
KP2,20220707,0.02,0.022,0.02,0.021,2066837
KP2,20220708,0.021,0.021,0.02,0.02,886781
KP2,20220711,0.02,0.02,0.02,0.02,15975
KP2,20220712,0.02,0.02,0.019,0.019,2428329
KP2,20220713,0.02,0.02,0.02,0.02,84458
KP2,20220714,0.02,0.02,0.02,0.02,100000
KP2,20220715,0.02,0.021,0.02,0.021,425886
KP2,20220718,0.02,0.02,0.02,0.02,294379
KP2,20220719,0.02,0.02,0.02,0.02,172887
KP2,20220720,0.019,0.019,0.019,0.019,5659669
KP2,20220721,0.019,0.019,0.019,0.019,2082246
KP2,20220722,0.019,0.019,0.019,0.019,269946
KP2,20220725,0.019,0.019,0.019,0.019,494279
KP2,20220726,0.019,0.019,0.019,0.019,567849
KP2,20220727,0.019,0.019,0.019,0.019,740000
KP2,20220728,0.019,0.02,0.019,0.02,271899
KP2,20220729,0.019,0.019,0.018,0.019,751897
KP2,20220801,0.019,0.019,0.019,0.019,1007498
KP2,20220802,0.019,0.019,0.019,0.019,702897
KP2,20220803,0.019,0.019,0.019,0.018,197631
KP2,20220805,0.019,0.019,0.019,0.019,1080524
KP2,20220808,0.019,0.019,0.018,0.018,1717593
KP2,20220809,0.019,0.019,0.019,0.019,5168793
KP2,20220810,0.019,0.019,0.019,0.019,0
KP2,20220811,0.018,0.019,0.018,0.019,1550000
KP2,20220812,0.018,0.019,0.018,0.018,5839565
KP2,20220815,0.019,0.019,0.019,0.019,890649
KP2,20220816,0.02,0.02,0.02,0.02,274450
KP2,20220817,0.019,0.019,0.019,0.019,2494388
KP2,20220818,0.019,0.019,0.018,0.018,785762
KP2,20220819,0.019,0.019,0.019,0.018,80500
KP2,20220822,0.019,0.019,0.018,0.018,166000
KP2,20220823,0.018,0.018,0.018,0.018,394264
KP2,20220824,0.018,0.018,0.018,0.018,866915
KP2,20220825,0.018,0.018,0.018,0.018,129700
KP2,20220826,0.018,0.018,0.018,0.018,785209
KP2,20220829,0.018,0.018,0.018,0.018,265612
KP2,20220830,0.018,0.018,0.018,0.018,1918342
KP2,20220831,0.018,0.018,0.018,0.018,1554385
KP2,20220901,0.018,0.018,0.018,0.018,7000
KP2,20220902,0.018,0.018,0.018,0.018,0
KP2,20220905,0.017,0.018,0.017,0.018,606315
KP2,20220906,0.017,0.017,0.017,0.017,75000
KP2,20220907,0.018,0.018,0.018,0.018,2464
KP2,20220909,0.017,0.017,0.017,0.017,7500
KP2,20220912,0.018,0.019,0.018,0.018,4995685
KP2,20220913,0.018,0.018,0.017,0.017,215557
KP2,20220914,0.018,0.018,0.017,0.017,532515
KP2,20220915,0.017,0.017,0.016,0.017,332610
KP2,20220916,0.017,0.017,0.017,0.017,1607136
