KSM,20160212,2.29,2.29,2.29,2.29,0
KSM,20160215,2.29,2.29,2.29,2.29,0
KSM,20160216,2.28,2.28,2.28,2.28,15074
KSM,20160217,2.29,2.29,2.29,2.29,14524
KSM,20160218,2.31,2.32,2.31,2.32,49457
KSM,20160219,2.31,2.31,2.31,2.31,82188
KSM,20160222,2.31,2.31,2.31,2.31,0
KSM,20160223,2.34,2.34,2.34,2.34,107998
KSM,20160224,2.34,2.34,2.34,2.34,0
KSM,20160225,2.35,2.35,2.35,2.35,64300
KSM,20160226,2.31,2.31,2.31,2.31,17225
KSM,20160229,2.31,2.31,2.31,2.31,0
KSM,20160301,2.31,2.31,2.31,2.31,0
KSM,20160302,2.33,2.33,2.33,2.33,4300
KSM,20160303,2.33,2.33,2.33,2.33,0
KSM,20160304,2.33,2.33,2.33,2.33,0
KSM,20160307,2.33,2.33,2.33,2.33,0
KSM,20160308,2.33,2.33,2.33,2.33,0
KSM,20160309,2.33,2.33,2.33,2.33,0
KSM,20160310,2.33,2.33,2.33,2.33,0
KSM,20160311,2.33,2.33,2.33,2.33,0
KSM,20160314,2.33,2.33,2.33,2.33,48089
KSM,20160315,2.33,2.33,2.33,2.33,0
KSM,20160316,2.33,2.33,2.33,2.33,0
KSM,20160317,2.33,2.33,2.33,2.33,0
KSM,20160318,2.37,2.37,2.33,2.33,40363
KSM,20160321,2.33,2.33,2.33,2.33,0
KSM,20160322,2.33,2.33,2.33,2.33,0
KSM,20160323,2.33,2.33,2.33,2.33,0
KSM,20160324,2.33,2.33,2.33,2.33,0
KSM,20160329,2.4,2.4,2.4,2.4,850
KSM,20160330,2.4,2.4,2.4,2.4,0
KSM,20160331,2.36,2.36,2.36,2.36,21361
KSM,20160401,2.36,2.36,2.36,2.36,0
KSM,20160404,2.38,2.38,2.38,2.38,61594
KSM,20160405,2.39,2.39,2.39,2.39,2000
KSM,20160406,2.39,2.39,2.39,2.39,0
KSM,20160407,2.39,2.39,2.39,2.39,0
KSM,20160408,2.39,2.39,2.39,2.39,0
KSM,20160411,2.38,2.38,2.38,2.38,20473
KSM,20160412,2.38,2.38,2.38,2.38,0
KSM,20160413,2.38,2.38,2.38,2.38,0
KSM,20160414,2.45,2.45,2.45,2.45,2200
KSM,20160415,2.41,2.41,2.41,2.41,20956
KSM,20160418,2.41,2.41,2.41,2.41,0
KSM,20160419,2.41,2.41,2.41,2.41,0
KSM,20160420,2.41,2.41,2.41,2.41,0
KSM,20160421,2.42,2.42,2.42,2.42,38691
KSM,20160422,2.41,2.41,2.41,2.41,85397
KSM,20160426,2.42,2.42,2.4,2.4,6523
KSM,20160427,2.4,2.4,2.4,2.4,0
KSM,20160428,2.4,2.4,2.4,2.4,0
KSM,20160429,2.5,2.5,2.5,2.5,1982
KSM,20160502,2.5,2.5,2.5,2.5,0
KSM,20160503,2.5,2.5,2.5,2.5,0
KSM,20160504,2.5,2.5,2.5,2.5,0
KSM,20160505,2.5,2.5,2.5,2.5,0
KSM,20160506,2.5,2.5,2.5,2.5,0
KSM,20160509,2.5,2.53,2.5,2.53,10000
KSM,20160510,2.53,2.53,2.53,2.53,0
KSM,20160511,2.53,2.53,2.53,2.53,0
KSM,20160512,2.53,2.53,2.53,2.53,0
KSM,20160513,2.53,2.53,2.53,2.53,0
KSM,20160516,2.53,2.53,2.53,2.53,0
KSM,20160517,2.52,2.52,2.47,2.47,7900
KSM,20160518,2.46,2.46,2.45,2.45,4100
KSM,20160519,2.45,2.45,2.45,2.45,0
KSM,20160520,2.5,2.5,2.5,2.5,54000
KSM,20160523,2.5,2.5,2.5,2.5,4000
KSM,20160524,2.5,2.5,2.5,2.5,0
KSM,20160525,2.5,2.5,2.5,2.5,2200
KSM,20160526,2.5,2.5,2.5,2.5,0
KSM,20160527,2.5,2.5,2.5,2.5,0
KSM,20160530,2.5,2.5,2.5,2.5,0
KSM,20160531,2.5,2.5,2.5,2.5,0
KSM,20160601,2.52,2.52,2.52,2.52,3950
KSM,20160602,2.52,2.52,2.52,2.52,0
KSM,20160603,2.52,2.52,2.52,2.52,0
KSM,20160606,2.52,2.52,2.52,2.52,0
KSM,20160607,2.5,2.5,2.5,2.5,20000
KSM,20160608,2.5,2.5,2.5,2.5,11914
KSM,20160609,2.52,2.52,2.51,2.51,25000
KSM,20160610,2.5,2.5,2.5,2.5,25000
KSM,20160614,2.5,2.5,2.5,2.5,0
KSM,20160615,2.5,2.5,2.5,2.5,0
KSM,20160616,2.5,2.5,2.5,2.5,0
KSM,20160617,2.5,2.5,2.5,2.5,0
KSM,20160620,2.45,2.5,2.45,2.5,21995
KSM,20160621,2.5,2.5,2.47,2.47,16005
KSM,20160622,2.51,2.54,2.51,2.54,21000
KSM,20160623,2.55,2.55,2.55,2.55,77000
KSM,20160624,2.5,2.53,2.42,2.42,136750
KSM,20160627,2.45,2.45,2.45,2.45,17000
KSM,20160628,2.47,2.47,2.47,2.47,22800
KSM,20160629,2.47,2.47,2.47,2.47,0
KSM,20160630,2.47,2.47,2.47,2.47,400
KSM,20160701,2.47,2.47,2.47,2.47,0
KSM,20160704,2.47,2.47,2.47,2.47,0
KSM,20160705,2.47,2.47,2.47,2.47,0
KSM,20160706,2.54,2.54,2.54,2.54,17000
KSM,20160707,2.54,2.54,2.54,2.54,0
KSM,20160708,2.54,2.54,2.54,2.54,0
KSM,20160711,2.54,2.54,2.54,2.54,0
KSM,20160712,2.5,2.5,2.5,2.5,21155
KSM,20160713,2.58,2.58,2.58,2.58,48400
KSM,20160714,2.58,2.58,2.58,2.58,0
KSM,20160715,2.58,2.58,2.58,2.58,0
KSM,20160718,2.58,2.58,2.58,2.58,0
KSM,20160719,2.58,2.58,2.58,2.58,0
KSM,20160720,2.58,2.58,2.58,2.58,0
KSM,20160721,2.58,2.58,2.58,2.58,0
KSM,20160722,2.58,2.58,2.58,2.58,0
KSM,20160725,2.58,2.58,2.58,2.58,0
KSM,20160726,2.58,2.58,2.58,2.58,0
KSM,20160727,2.58,2.58,2.58,2.58,0
KSM,20160728,2.64,2.64,2.64,2.64,9460
KSM,20160729,2.59,2.59,2.59,2.59,20907
KSM,20160801,2.59,2.59,2.59,2.59,0
KSM,20160802,2.59,2.59,2.59,2.59,0
KSM,20160803,2.59,2.59,2.59,2.59,0
KSM,20160804,2.59,2.59,2.59,2.59,0
KSM,20160805,2.61,2.61,2.61,2.61,119031
KSM,20160808,2.68,2.68,2.68,2.68,5000
KSM,20160809,2.68,2.68,2.68,2.68,0
KSM,20160810,2.68,2.68,2.68,2.68,0
KSM,20160811,2.68,2.68,2.68,2.68,0
KSM,20160812,2.73,2.73,2.73,2.73,750
KSM,20160815,2.73,2.73,2.73,2.73,0
KSM,20160816,2.75,2.75,2.75,2.75,15252
KSM,20160817,2.74,2.74,2.74,2.74,7300
KSM,20160818,2.74,2.74,2.74,2.74,0
KSM,20160822,2.78,2.78,2.78,2.78,20000
KSM,20160823,2.78,2.78,2.78,2.78,0
KSM,20160824,2.76,2.76,2.76,2.76,3605
KSM,20160825,2.75,2.75,2.75,2.75,360
KSM,20160826,2.7,2.7,2.68,2.68,1480
KSM,20160829,2.68,2.68,2.68,2.68,0
KSM,20160830,2.68,2.68,2.67,2.67,48443
KSM,20160831,2.67,2.67,2.67,2.67,0
KSM,20160901,2.67,2.67,2.67,2.67,0
KSM,20160902,2.67,2.67,2.67,2.67,0
KSM,20160905,2.67,2.67,2.67,2.67,0
KSM,20160906,2.67,2.67,2.67,2.67,0
KSM,20160907,2.69,2.69,2.69,2.69,41911
KSM,20160908,2.69,2.69,2.69,2.69,31210
KSM,20160909,2.69,2.69,2.69,2.69,0
KSM,20160912,2.69,2.69,2.69,2.69,0
KSM,20160913,2.69,2.69,2.69,2.69,0
KSM,20160914,2.69,2.69,2.69,2.69,0
KSM,20160915,2.69,2.69,2.69,2.69,0
KSM,20160916,2.69,2.69,2.69,2.69,0
KSM,20160919,2.69,2.69,2.69,2.69,0
KSM,20160920,2.72,2.72,2.72,2.72,25960
KSM,20160921,2.72,2.72,2.72,2.72,0
KSM,20160922,2.72,2.72,2.72,2.72,0
KSM,20160923,2.72,2.72,2.72,2.72,0
KSM,20160926,2.72,2.72,2.72,2.72,0
KSM,20160927,2.71,2.71,2.71,2.71,16593
KSM,20160928,2.71,2.71,2.71,2.71,0
KSM,20160929,2.74,2.74,2.74,2.74,1291
KSM,20160930,2.73,2.73,2.73,2.73,7500
KSM,20161003,2.73,2.73,2.73,2.73,0
KSM,20161004,2.73,2.73,2.73,2.73,0
KSM,20161005,2.73,2.73,2.73,2.73,0
KSM,20161006,2.73,2.73,2.73,2.73,0
KSM,20161007,2.73,2.73,2.73,2.73,0
KSM,20161010,2.73,2.73,2.73,2.73,0
KSM,20161011,2.73,2.73,2.73,2.73,0
KSM,20161012,2.73,2.73,2.73,2.73,0
KSM,20161013,2.73,2.73,2.73,2.73,0
KSM,20161014,2.73,2.73,2.73,2.73,0
KSM,20161017,2.73,2.73,2.73,2.73,0
KSM,20161018,2.73,2.73,2.73,2.73,0
KSM,20161019,2.73,2.73,2.73,2.73,0
KSM,20161020,2.73,2.73,2.68,2.68,112335
KSM,20161021,2.68,2.68,2.68,2.68,0
KSM,20161024,2.68,2.68,2.68,2.68,0
KSM,20161025,2.68,2.68,2.68,2.68,0
KSM,20161026,2.7,2.7,2.7,2.7,28280
KSM,20161027,2.7,2.7,2.7,2.7,0
KSM,20161028,2.7,2.7,2.7,2.7,0
KSM,20161031,2.7,2.7,2.7,2.7,0
KSM,20161101,2.7,2.7,2.7,2.7,0
KSM,20161102,2.7,2.7,2.7,2.7,11111
KSM,20161103,2.7,2.7,2.7,2.7,0
KSM,20161104,2.6,2.6,2.6,2.6,3850
KSM,20161107,2.59,2.59,2.59,2.59,11540
KSM,20161108,2.59,2.59,2.59,2.59,0
KSM,20161109,2.59,2.59,2.59,2.59,0
KSM,20161110,2.59,2.59,2.59,2.59,0
KSM,20161111,2.59,2.59,2.59,2.59,0
KSM,20161114,2.59,2.59,2.59,2.59,40000
KSM,20161115,2.59,2.59,2.59,2.59,0
KSM,20161116,2.59,2.59,2.59,2.59,0
KSM,20161117,2.59,2.59,2.59,2.59,0
KSM,20161118,2.59,2.59,2.59,2.59,0
KSM,20161121,2.59,2.59,2.59,2.59,0
KSM,20161122,2.59,2.59,2.59,2.59,0
KSM,20161123,2.59,2.59,2.59,2.59,0
KSM,20161124,2.59,2.59,2.59,2.59,0
KSM,20161125,2.59,2.59,2.59,2.59,0
KSM,20161128,2.6,2.6,2.6,2.6,69000
KSM,20161129,2.6,2.6,2.6,2.6,0
KSM,20161130,2.59,2.59,2.59,2.59,35405
KSM,20161201,2.59,2.59,2.59,2.59,0
KSM,20161202,2.57,2.57,2.56,2.56,34840
KSM,20161205,2.56,2.56,2.56,2.56,0
KSM,20161206,2.56,2.56,2.56,2.56,9760
KSM,20161207,2.51,2.51,2.51,2.51,4000
KSM,20161208,2.48,2.48,2.48,2.48,31451
KSM,20161209,2.48,2.48,2.48,2.48,7600
KSM,20161212,2.48,2.48,2.48,2.48,0
KSM,20161213,2.48,2.48,2.48,2.48,0
KSM,20161214,2.48,2.48,2.48,2.48,0
KSM,20161215,2.48,2.48,2.48,2.48,50344
KSM,20161216,2.48,2.48,2.48,2.48,0
KSM,20161219,2.48,2.48,2.48,2.48,52183
KSM,20161220,2.48,2.48,2.48,2.48,0
KSM,20161221,2.54,2.54,2.54,2.54,3940
KSM,20161222,2.54,2.54,2.54,2.54,0
KSM,20161223,2.54,2.54,2.54,2.54,0
KSM,20161228,2.54,2.54,2.54,2.54,0
KSM,20161229,2.54,2.54,2.54,2.54,0
KSM,20161230,2.54,2.54,2.54,2.54,0
KSM,20170103,2.54,2.54,2.54,2.54,0
KSM,20170104,2.54,2.54,2.54,2.54,0
KSM,20170105,2.54,2.54,2.54,2.54,0
KSM,20170106,2.54,2.54,2.54,2.54,34614
KSM,20170109,2.54,2.54,2.54,2.54,0
KSM,20170110,2.54,2.54,2.54,2.54,0
KSM,20170111,2.54,2.54,2.54,2.54,0
KSM,20170112,2.54,2.54,2.54,2.54,0
KSM,20170113,2.54,2.54,2.54,2.54,0
KSM,20170116,2.54,2.54,2.54,2.54,0
KSM,20170117,2.54,2.54,2.54,2.54,0
KSM,20170118,2.54,2.54,2.54,2.54,0
KSM,20170119,2.54,2.54,2.54,2.54,0
KSM,20170120,2.54,2.54,2.54,2.54,0
KSM,20170123,2.54,2.54,2.54,2.54,0
KSM,20170124,2.54,2.54,2.54,2.54,0
KSM,20170125,2.54,2.54,2.54,2.54,0
KSM,20170127,2.54,2.54,2.54,2.54,0
KSM,20170130,2.54,2.54,2.54,2.54,0
KSM,20170131,2.54,2.54,2.54,2.54,0
KSM,20170201,2.54,2.54,2.54,2.54,0
KSM,20170202,2.54,2.54,2.54,2.54,0
KSM,20170203,2.56,2.56,2.56,2.56,9808
KSM,20170206,2.56,2.56,2.56,2.56,0
KSM,20170207,2.56,2.56,2.56,2.56,0
KSM,20170208,2.56,2.56,2.56,2.56,0
KSM,20170209,2.56,2.56,2.56,2.56,0
KSM,20170210,2.56,2.56,2.56,2.56,0
KSM,20170213,2.56,2.56,2.56,2.56,0
KSM,20170214,2.56,2.56,2.56,2.56,0
KSM,20170215,2.56,2.56,2.56,2.56,0
KSM,20170216,2.56,2.56,2.56,2.56,0
KSM,20170217,2.56,2.56,2.56,2.56,0
KSM,20170220,2.56,2.56,2.56,2.56,20707
KSM,20170221,2.56,2.56,2.56,2.56,0
KSM,20170222,2.56,2.56,2.56,2.56,0
KSM,20170223,2.56,2.56,2.56,2.56,0
KSM,20170224,2.61,2.61,2.61,2.61,9525
KSM,20170227,2.61,2.61,2.61,2.61,0
KSM,20170228,2.61,2.61,2.61,2.61,0
KSM,20170301,2.61,2.61,2.61,2.61,0
KSM,20170302,2.61,2.61,2.61,2.61,0
KSM,20170303,2.55,2.55,2.55,2.55,3791
KSM,20170306,2.55,2.55,2.55,2.55,0
KSM,20170307,2.55,2.55,2.55,2.55,0
KSM,20170308,2.55,2.55,2.55,2.55,0
KSM,20170309,2.55,2.55,2.55,2.55,5444
KSM,20170310,2.55,2.55,2.55,2.55,0
KSM,20170313,2.54,2.54,2.54,2.54,10000
KSM,20170314,2.54,2.54,2.54,2.54,0
KSM,20170315,2.54,2.54,2.54,2.54,0
KSM,20170316,2.54,2.54,2.54,2.54,0
KSM,20170317,2.54,2.54,2.54,2.54,0
KSM,20170320,2.6,2.6,2.6,2.6,7710
KSM,20170321,2.6,2.6,2.6,2.6,15628
KSM,20170322,2.6,2.6,2.6,2.6,0
KSM,20170323,2.6,2.6,2.6,2.6,0
KSM,20170324,2.6,2.6,2.6,2.6,0
KSM,20170327,2.6,2.6,2.6,2.6,0
KSM,20170328,2.6,2.6,2.6,2.6,0
KSM,20170329,2.59,2.59,2.59,2.59,14800
KSM,20170330,2.59,2.59,2.59,2.59,0
KSM,20170331,2.59,2.59,2.59,2.59,0
KSM,20170403,2.59,2.59,2.59,2.59,0
KSM,20170404,2.59,2.59,2.59,2.59,0
KSM,20170405,2.59,2.59,2.59,2.59,0
KSM,20170406,2.59,2.59,2.59,2.59,0
KSM,20170407,2.59,2.59,2.59,2.59,0
KSM,20170410,2.59,2.59,2.59,2.59,0
KSM,20170411,2.59,2.59,2.59,2.59,0
KSM,20170412,2.59,2.59,2.59,2.59,0
KSM,20170413,2.59,2.59,2.59,2.59,0
KSM,20170418,2.59,2.59,2.59,2.59,0
KSM,20170419,2.56,2.56,2.56,2.56,22791
KSM,20170420,2.56,2.56,2.56,2.56,0
KSM,20170421,2.56,2.56,2.56,2.56,0
KSM,20170424,2.56,2.56,2.56,2.56,0
KSM,20170426,2.56,2.56,2.56,2.56,0
KSM,20170427,2.56,2.56,2.56,2.56,0
KSM,20170428,2.56,2.56,2.56,2.56,0
KSM,20170501,2.56,2.56,2.56,2.56,0
KSM,20170502,2.56,2.56,2.56,2.56,0
KSM,20170503,2.56,2.56,2.56,2.56,0
KSM,20170504,2.56,2.56,2.56,2.56,0
KSM,20170505,2.56,2.56,2.56,2.56,0
KSM,20170508,2.56,2.56,2.56,2.56,0
KSM,20170509,2.55,2.55,2.55,2.55,11600
KSM,20170510,2.52,2.52,2.52,2.52,21400
KSM,20170511,2.52,2.52,2.52,2.52,0
KSM,20170512,2.52,2.52,2.52,2.52,0
KSM,20170515,2.52,2.52,2.52,2.52,0
KSM,20170516,2.52,2.52,2.52,2.52,0
KSM,20170517,2.52,2.52,2.52,2.52,0
KSM,20170518,2.52,2.52,2.52,2.52,0
KSM,20170519,2.52,2.52,2.52,2.52,0
KSM,20170522,2.52,2.52,2.52,2.52,0
KSM,20170523,2.52,2.52,2.52,2.52,0
KSM,20170524,2.55,2.55,2.55,2.55,5747
KSM,20170525,2.55,2.55,2.55,2.55,0
KSM,20170526,2.55,2.55,2.55,2.55,0
KSM,20170529,2.55,2.55,2.55,2.55,0
KSM,20170530,2.55,2.55,2.55,2.55,0
KSM,20170531,2.55,2.55,2.55,2.55,0
KSM,20170601,2.55,2.55,2.55,2.55,0
KSM,20170602,2.55,2.55,2.55,2.55,0
KSM,20170605,2.55,2.55,2.55,2.55,0
KSM,20170606,2.55,2.55,2.55,2.55,0
KSM,20170607,2.55,2.55,2.55,2.55,0
KSM,20170608,2.55,2.55,2.55,2.55,0
KSM,20170609,2.55,2.55,2.55,2.55,0
KSM,20170613,2.59,2.62,2.58,2.58,16953
KSM,20170614,2.62,2.62,2.62,2.62,22455
KSM,20170615,2.62,2.62,2.62,2.62,1500
KSM,20170616,2.62,2.62,2.62,2.62,0
KSM,20170619,2.62,2.62,2.62,2.62,0
KSM,20170620,2.62,2.62,2.62,2.62,0
KSM,20170621,2.58,2.58,2.58,2.58,218447
KSM,20170622,2.58,2.58,2.58,2.58,0
KSM,20170623,2.58,2.58,2.58,2.58,0
KSM,20170626,2.58,2.58,2.58,2.58,0
KSM,20170627,2.61,2.61,2.61,2.61,154141
KSM,20170628,2.61,2.61,2.61,2.61,0
KSM,20170629,2.61,2.61,2.61,2.61,0
KSM,20170630,2.61,2.61,2.61,2.61,0
KSM,20170703,2.61,2.61,2.61,2.61,0
KSM,20170704,2.61,2.61,2.61,2.61,0
KSM,20170705,2.61,2.61,2.61,2.61,0
KSM,20170706,2.61,2.61,2.61,2.61,0
KSM,20170707,2.42,2.42,2.42,2.42,2000
KSM,20170710,2.42,2.42,2.42,2.42,0
KSM,20170711,2.42,2.42,2.42,2.42,0
KSM,20170712,2.42,2.42,2.42,2.42,0
KSM,20170713,2.42,2.42,2.42,2.42,0
KSM,20170714,2.42,2.42,2.42,2.42,0
KSM,20170717,2.42,2.42,2.42,2.42,0
KSM,20170718,2.42,2.42,2.42,2.42,0
KSM,20170719,2.43,2.43,2.43,2.43,29975
KSM,20170720,2.43,2.43,2.43,2.43,0
KSM,20170721,2.43,2.43,2.43,2.43,0
KSM,20170724,2.43,2.43,2.43,2.43,0
KSM,20170725,2.44,2.44,2.44,2.44,3100
KSM,20170726,2.43,2.43,2.43,2.43,5000
KSM,20170727,2.43,2.43,2.43,2.43,0
KSM,20170728,2.43,2.43,2.43,2.43,0
KSM,20170731,2.43,2.43,2.43,2.43,16406
KSM,20170801,2.43,2.43,2.43,2.43,0
KSM,20170802,2.44,2.44,2.44,2.44,410
KSM,20170803,2.44,2.44,2.44,2.44,0
KSM,20170804,2.44,2.44,2.44,2.44,0
KSM,20170807,2.44,2.44,2.44,2.44,100792
KSM,20170808,2.44,2.44,2.44,2.44,0
KSM,20170809,2.44,2.44,2.44,2.44,0
KSM,20170810,2.44,2.44,2.44,2.44,17000
KSM,20170811,2.44,2.44,2.44,2.44,0
KSM,20170815,2.44,2.44,2.44,2.44,0
KSM,20170816,2.45,2.45,2.45,2.45,35405
KSM,20170817,2.47,2.47,2.47,2.47,11290
KSM,20170818,2.47,2.47,2.47,2.47,6648
KSM,20170821,2.47,2.47,2.47,2.47,0
KSM,20170822,2.47,2.47,2.47,2.47,10472
KSM,20170823,2.47,2.47,2.47,2.47,0
KSM,20170824,2.47,2.47,2.47,2.47,0
KSM,20170825,2.47,2.47,2.47,2.47,0
KSM,20170828,2.47,2.47,2.47,2.47,0
KSM,20170829,2.47,2.47,2.47,2.47,0
KSM,20170830,2.5,2.5,2.5,2.5,11580
KSM,20170831,2.5,2.5,2.5,2.5,0
KSM,20170901,2.5,2.5,2.5,2.5,0
KSM,20170904,2.5,2.5,2.5,2.5,0
KSM,20170905,2.5,2.5,2.5,2.5,15074
KSM,20170906,2.5,2.5,2.5,2.5,42340
KSM,20170907,2.5,2.5,2.5,2.5,0
KSM,20170908,2.5,2.5,2.5,2.5,0
KSM,20170911,2.5,2.5,2.5,2.5,0
KSM,20170912,2.5,2.5,2.5,2.5,0
KSM,20170913,2.5,2.5,2.5,2.5,0
KSM,20170914,2.5,2.5,2.5,2.5,0
KSM,20170915,2.5,2.5,2.5,2.5,0
KSM,20170918,2.53,2.53,2.53,2.53,1575
KSM,20170919,2.53,2.53,2.53,2.53,1850
KSM,20170920,2.53,2.53,2.53,2.53,19762
KSM,20170921,2.53,2.53,2.53,2.53,0
KSM,20170922,2.53,2.53,2.53,2.53,0
KSM,20170925,2.53,2.53,2.53,2.53,0
KSM,20170926,2.53,2.53,2.53,2.53,0
KSM,20170927,2.53,2.53,2.53,2.53,0
KSM,20170928,2.53,2.53,2.53,2.53,23715
KSM,20170929,2.53,2.53,2.53,2.53,0
KSM,20171002,2.53,2.53,2.52,2.52,20757
KSM,20171003,2.52,2.52,2.52,2.52,0
KSM,20171004,2.55,2.56,2.54,2.56,73412
KSM,20171005,2.56,2.56,2.56,2.56,0
KSM,20171006,2.56,2.56,2.56,2.56,0
KSM,20171009,2.56,2.56,2.56,2.56,0
KSM,20171010,2.54,2.54,2.54,2.54,49000
KSM,20171011,2.54,2.54,2.54,2.54,0
KSM,20171012,2.55,2.55,2.55,2.55,213596
KSM,20171013,2.57,2.57,2.57,2.57,13054
KSM,20171016,2.57,2.57,2.57,2.57,0
KSM,20171017,2.57,2.57,2.57,2.57,0
KSM,20171018,2.58,2.58,2.58,2.58,10640
KSM,20171019,2.58,2.58,2.58,2.58,0
KSM,20171020,2.57,2.57,2.57,2.57,40000
KSM,20171023,2.57,2.57,2.57,2.57,0
KSM,20171024,2.57,2.57,2.57,2.57,0
KSM,20171025,2.57,2.57,2.57,2.57,0
KSM,20171026,2.57,2.57,2.57,2.57,0
KSM,20171027,2.58,2.58,2.58,2.58,27784
KSM,20171030,2.58,2.58,2.58,2.58,0
KSM,20171031,2.6,2.63,2.6,2.63,31969
KSM,20171101,2.63,2.63,2.63,2.63,0
KSM,20171102,2.63,2.63,2.6,2.6,103727
KSM,20171103,2.6,2.6,2.6,2.6,0
KSM,20171106,2.6,2.6,2.6,2.6,0
KSM,20171107,2.6,2.6,2.6,2.6,0
KSM,20171108,2.6,2.6,2.6,2.6,0
KSM,20171109,2.61,2.62,2.61,2.62,19298
KSM,20171110,2.61,2.62,2.61,2.62,19298
KSM,20171113,2.62,2.62,2.62,2.62,0
KSM,20171114,2.62,2.62,2.6,2.6,2807
KSM,20171115,2.6,2.6,2.6,2.6,0
KSM,20171116,2.6,2.6,2.6,2.6,30431
KSM,20171117,2.6,2.6,2.6,2.6,0
KSM,20171120,2.61,2.61,2.61,2.61,1575
KSM,20171121,2.61,2.61,2.61,2.61,0
KSM,20171122,2.61,2.61,2.61,2.61,0
KSM,20171123,2.61,2.61,2.61,2.61,0
KSM,20171124,2.6,2.6,2.59,2.59,35195
KSM,20171127,2.59,2.59,2.59,2.59,0
KSM,20171128,2.59,2.59,2.59,2.59,0
KSM,20171129,2.59,2.59,2.59,2.59,0
KSM,20171130,2.59,2.59,2.59,2.59,0
KSM,20171201,2.59,2.59,2.59,2.59,0
KSM,20171204,2.59,2.59,2.59,2.59,0
KSM,20171205,2.59,2.59,2.59,2.59,0
KSM,20171206,2.61,2.61,2.61,2.61,767
KSM,20171207,2.61,2.61,2.61,2.61,0
KSM,20171208,2.61,2.62,2.61,2.62,155756
KSM,20171211,2.62,2.62,2.62,2.62,0
KSM,20171212,2.65,2.65,2.65,2.65,1096
KSM,20171213,2.65,2.65,2.65,2.65,0
KSM,20171214,2.65,2.65,2.65,2.65,2000
KSM,20171215,2.66,2.72,2.66,2.72,25060
KSM,20171218,2.69,2.69,2.69,2.69,141760
KSM,20171219,2.69,2.69,2.69,2.69,0
KSM,20171220,2.69,2.69,2.69,2.69,9049
KSM,20171221,2.69,2.69,2.69,2.69,0
KSM,20171222,2.69,2.69,2.69,2.69,0
KSM,20171227,2.71,2.71,2.71,2.71,210
KSM,20171228,2.71,2.71,2.71,2.71,0
KSM,20171229,2.71,2.71,2.71,2.71,0
KSM,20180102,2.71,2.71,2.71,2.71,0
KSM,20180103,2.78,2.78,2.78,2.78,2000
KSM,20180104,2.78,2.78,2.78,2.78,0
KSM,20180105,2.78,2.78,2.78,2.78,0
KSM,20180108,2.78,2.78,2.78,2.78,0
KSM,20180109,2.78,2.78,2.78,2.78,0
KSM,20180110,2.76,2.76,2.76,2.76,9288
KSM,20180111,2.76,2.76,2.76,2.76,0
KSM,20180112,2.76,2.76,2.76,2.76,2000
KSM,20180115,2.76,2.76,2.76,2.76,2000
KSM,20180116,2.76,2.76,2.76,2.76,12354
KSM,20180117,2.76,2.76,2.76,2.76,0
KSM,20180118,2.8,2.8,2.8,2.8,7667
KSM,20180119,2.8,2.8,2.8,2.8,0
KSM,20180122,2.8,2.8,2.8,2.8,0
KSM,20180123,2.8,2.8,2.8,2.8,0
KSM,20180124,2.76,2.77,2.76,2.77,47019
KSM,20180125,2.77,2.77,2.77,2.77,0
KSM,20180129,2.77,2.77,2.77,2.77,0
KSM,20180130,2.77,2.77,2.77,2.77,0
KSM,20180131,2.77,2.77,2.77,2.77,0
KSM,20180201,2.77,2.77,2.77,2.77,0
KSM,20180202,2.77,2.77,2.77,2.77,0
KSM,20180205,2.77,2.77,2.77,2.77,0
KSM,20180207,2.59,2.59,2.59,2.59,0
KSM,20180208,2.59,2.59,2.59,2.59,0
KSM,20180209,2.63,2.63,2.63,2.63,3300
KSM,20180212,2.63,2.63,2.63,2.63,386
KSM,20180213,2.63,2.63,2.63,2.63,0
KSM,20180214,2.62,2.62,2.62,2.62,5405
KSM,20180215,2.65,2.65,2.65,2.65,755
KSM,20180216,2.65,2.65,2.65,2.65,0
KSM,20180219,2.65,2.65,2.65,2.65,0
KSM,20180220,2.65,2.65,2.65,2.65,0
KSM,20180221,2.65,2.65,2.65,2.65,0
KSM,20180222,2.65,2.65,2.65,2.65,0
KSM,20180223,2.65,2.65,2.65,2.65,0
KSM,20180226,2.65,2.65,2.65,2.65,0
KSM,20180227,2.61,2.65,2.61,2.65,35121
KSM,20180228,2.62,2.62,2.62,2.62,20093
KSM,20180301,2.64,2.64,2.64,2.64,33574
KSM,20180302,2.64,2.64,2.64,2.64,0
KSM,20180305,2.64,2.64,2.64,2.64,0
KSM,20180306,2.64,2.64,2.64,2.64,0
KSM,20180307,2.64,2.64,2.64,2.64,0
KSM,20180308,2.63,2.63,2.63,2.63,35886
KSM,20180309,2.63,2.65,2.63,2.65,24936
KSM,20180312,2.65,2.65,2.65,2.65,0
KSM,20180313,2.65,2.65,2.65,2.65,0
KSM,20180314,2.65,2.65,2.65,2.65,0
KSM,20180315,2.65,2.65,2.65,2.65,0
KSM,20180316,2.73,2.73,2.73,2.73,1000
KSM,20180319,2.73,2.73,2.73,2.73,0
KSM,20180320,2.72,2.72,2.72,2.72,185
KSM,20180321,2.72,2.72,2.72,2.72,0
KSM,20180322,2.7,2.7,2.7,2.7,9200
KSM,20180323,2.7,2.7,2.7,2.7,0
KSM,20180326,2.63,2.63,2.63,2.63,2000
KSM,20180327,2.65,2.65,2.65,2.65,11524
KSM,20180328,2.65,2.65,2.65,2.65,0
KSM,20180329,2.65,2.65,2.65,2.65,0
KSM,20180403,2.65,2.65,2.65,2.65,0
KSM,20180404,2.65,2.65,2.65,2.65,0
KSM,20180405,2.65,2.65,2.65,2.65,0
KSM,20180406,2.65,2.65,2.65,2.65,0
KSM,20180409,2.65,2.65,2.65,2.65,0
KSM,20180410,2.65,2.65,2.65,2.65,0
KSM,20180411,2.65,2.65,2.65,2.65,0
KSM,20180412,2.62,2.62,2.62,2.62,301
KSM,20180413,2.62,2.62,2.62,2.62,0
KSM,20180416,2.62,2.62,2.62,2.62,0
KSM,20180417,2.62,2.62,2.62,2.62,0
KSM,20180418,2.61,2.61,2.61,2.61,11494
KSM,20180419,2.6,2.6,2.6,2.6,380
KSM,20180420,2.62,2.67,2.62,2.67,90672
KSM,20180423,2.59,2.59,2.59,2.59,3711
KSM,20180424,2.59,2.59,2.59,2.59,0
KSM,20180426,2.56,2.56,2.56,2.56,288003
KSM,20180427,2.6,2.6,2.6,2.6,38000
KSM,20180430,2.58,2.58,2.58,2.58,3711
KSM,20180501,2.58,2.58,2.58,2.58,0
KSM,20180502,2.58,2.58,2.58,2.58,0
KSM,20180503,2.58,2.58,2.58,2.58,0
KSM,20180504,2.58,2.58,2.58,2.58,0
KSM,20180507,2.61,2.61,2.61,2.61,14770
KSM,20180508,2.61,2.61,2.61,2.61,0
KSM,20180509,2.61,2.61,2.61,2.61,0
KSM,20180510,2.61,2.61,2.61,2.61,0
KSM,20180511,2.63,2.63,2.63,2.63,9630
KSM,20180514,2.63,2.63,2.63,2.63,0
KSM,20180515,2.63,2.63,2.63,2.63,0
KSM,20180516,2.63,2.63,2.63,2.63,0
KSM,20180517,2.63,2.63,2.63,2.63,0
KSM,20180518,2.63,2.63,2.63,2.63,0
KSM,20180521,2.63,2.63,2.63,2.63,0
KSM,20180522,2.63,2.63,2.63,2.63,0
KSM,20180523,2.63,2.63,2.63,2.63,0
KSM,20180524,2.63,2.63,2.63,2.63,0
KSM,20180525,2.63,2.63,2.63,2.63,0
KSM,20180528,2.64,2.64,2.64,2.64,57000
KSM,20180529,2.64,2.64,2.64,2.64,0
KSM,20180530,2.64,2.64,2.64,2.64,0
KSM,20180531,2.63,2.63,2.63,2.63,9400
KSM,20180601,2.63,2.63,2.63,2.63,0
KSM,20180604,2.63,2.63,2.63,2.63,0
KSM,20180605,2.62,2.62,2.62,2.62,185
KSM,20180606,2.62,2.62,2.62,2.62,0
KSM,20180607,2.62,2.62,2.62,2.62,0
KSM,20180608,2.62,2.62,2.62,2.62,0
KSM,20180612,2.64,2.64,2.61,2.61,44700
KSM,20180613,2.61,2.61,2.61,2.61,0
KSM,20180614,2.61,2.61,2.61,2.61,0
KSM,20180615,2.61,2.61,2.61,2.61,0
KSM,20180618,2.61,2.61,2.61,2.61,19150
KSM,20180619,2.61,2.62,2.61,2.62,267196
KSM,20180620,2.62,2.62,2.62,2.62,0
KSM,20180621,2.62,2.62,2.62,2.62,0
KSM,20180622,2.62,2.62,2.62,2.62,0
KSM,20180625,2.6,2.6,2.58,2.58,15450
KSM,20180626,2.58,2.58,2.55,2.55,17822
KSM,20180627,2.6,2.6,2.56,2.56,28060
KSM,20180628,2.56,2.56,2.56,2.56,0
KSM,20180629,2.56,2.56,2.56,2.56,0
KSM,20180702,2.43,2.43,2.43,2.43,313810
KSM,20180703,2.43,2.43,2.43,2.43,0
KSM,20180704,2.43,2.43,2.43,2.43,0
KSM,20180705,2.43,2.43,2.43,2.43,0
KSM,20180706,2.43,2.43,2.43,2.43,0
KSM,20180710,2.43,2.43,2.43,2.43,20000
KSM,20180711,2.43,2.43,2.4,2.4,6550
KSM,20180712,2.43,2.43,2.43,2.43,4150
KSM,20180713,2.43,2.43,2.43,2.43,0
KSM,20180716,2.43,2.43,2.43,2.43,0
KSM,20180717,2.43,2.43,2.43,2.43,0
KSM,20180718,2.43,2.43,2.43,2.43,0
KSM,20180719,2.43,2.43,2.43,2.43,0
KSM,20180720,2.43,2.45,2.43,2.45,36996
KSM,20180723,2.45,2.45,2.45,2.45,0
KSM,20180724,2.43,2.45,2.43,2.43,2309
KSM,20180725,2.43,2.43,2.43,2.43,0
KSM,20180726,2.43,2.43,2.43,2.43,0
KSM,20180727,2.43,2.43,2.43,2.43,0
KSM,20180730,2.44,2.44,2.44,2.44,1089
KSM,20180731,2.49,2.49,2.49,2.49,1025
KSM,20180801,2.49,2.49,2.45,2.45,11694
KSM,20180802,2.45,2.45,2.45,2.45,0
KSM,20180803,2.49,2.49,2.49,2.49,36065
KSM,20180806,2.49,2.49,2.49,2.49,0
KSM,20180807,2.48,2.48,2.48,2.48,14114
KSM,20180808,2.48,2.48,2.48,2.48,0
KSM,20180809,2.48,2.48,2.48,2.48,6050
KSM,20180810,2.49,2.49,2.49,2.49,20081
KSM,20180813,2.49,2.49,2.48,2.48,16084
KSM,20180814,2.48,2.48,2.48,2.48,0
KSM,20180816,2.48,2.48,2.48,2.48,8057
KSM,20180817,2.48,2.48,2.48,2.48,0
KSM,20180820,2.5,2.5,2.5,2.5,2800
KSM,20180821,2.5,2.5,2.5,2.5,0
KSM,20180822,2.5,2.5,2.5,2.5,0
KSM,20180823,2.5,2.5,2.5,2.5,0
KSM,20180824,2.5,2.5,2.5,2.5,0
KSM,20180827,2.5,2.5,2.48,2.48,3873745
KSM,20180828,2.47,2.47,2.47,2.47,11337
KSM,20180829,2.47,2.47,2.47,2.47,0
KSM,20180830,2.48,2.48,2.47,2.47,14122
KSM,20180831,2.47,2.47,2.47,2.47,0
KSM,20180903,2.44,2.47,2.44,2.47,19649
KSM,20180904,2.47,2.47,2.47,2.47,12146
KSM,20180905,2.43,2.43,2.43,2.43,1693
KSM,20180906,2.43,2.45,2.42,2.44,15425
KSM,20180907,2.44,2.44,2.44,2.44,18443
KSM,20180910,2.45,2.45,2.42,2.42,109430
KSM,20180913,2.47,2.47,2.47,2.47,0
KSM,20180914,2.47,2.47,2.47,2.47,0
KSM,20180917,2.44,2.44,2.44,2.44,16396
KSM,20180918,2.44,2.44,2.44,2.44,1640
KSM,20180919,2.44,2.44,2.44,2.44,6148
KSM,20180920,2.44,2.44,2.44,2.44,0
KSM,20180921,2.44,2.49,2.44,2.49,4009
KSM,20180924,2.51,2.51,2.51,2.51,1992
KSM,20180925,2.51,2.51,2.51,2.51,17930
KSM,20180926,2.51,2.51,2.47,2.47,11969
KSM,20180927,2.47,2.47,2.47,2.47,0
KSM,20180928,2.51,2.51,2.51,2.51,9000
KSM,20181001,2.51,2.51,2.51,2.51,0
KSM,20181002,2.51,2.51,2.51,2.51,0
KSM,20181003,2.5,2.5,2.47,2.5,15680
KSM,20181004,2.5,2.5,2.5,2.5,4000
KSM,20181005,2.5,2.52,2.5,2.5,69665
KSM,20181008,2.5,2.5,2.5,2.5,20000
KSM,20181009,2.46,2.49,2.46,2.49,5551
KSM,20181010,2.47,2.48,2.47,2.48,3040
KSM,20181011,2.48,2.48,2.48,2.48,0
KSM,20181012,2.43,2.43,2.43,2.43,14405
KSM,20181015,2.43,2.43,2.43,2.43,0
KSM,20181016,2.43,2.43,2.43,2.43,18519
KSM,20181017,2.44,2.44,2.44,2.44,17216
KSM,20181018,2.43,2.43,2.43,2.43,18826
KSM,20181019,2.43,2.43,2.43,2.43,0
KSM,20181022,2.43,2.43,2.43,2.43,0
KSM,20181023,2.41,2.41,2.41,2.41,4150
KSM,20181024,2.39,2.39,2.39,2.39,13390
KSM,20181025,2.34,2.34,2.34,2.34,12822
KSM,20181026,2.35,2.35,2.35,2.35,8511
KSM,20181030,2.33,2.33,2.33,2.33,57746
KSM,20181031,2.35,2.35,2.35,2.35,42500
KSM,20181101,2.36,2.36,2.36,2.36,14832
KSM,20181102,2.36,2.36,2.33,2.36,15614
KSM,20181105,2.36,2.36,2.36,2.36,14830
KSM,20181106,2.36,2.36,2.36,2.36,0
KSM,20181107,2.35,2.35,2.34,2.34,17044
KSM,20181108,2.35,2.35,2.35,2.35,17024
KSM,20181109,2.35,2.35,2.35,2.35,2765
KSM,20181112,2.35,2.35,2.35,2.35,2128
KSM,20181113,2.35,2.35,2.35,2.35,0
KSM,20181114,2.33,2.33,2.33,2.33,429
KSM,20181115,2.3,2.3,2.3,2.3,23914
KSM,20181116,2.3,2.3,2.3,2.3,0
KSM,20181119,2.26,2.29,2.26,2.29,10772
KSM,20181120,2.28,2.28,2.27,2.27,31341
KSM,20181121,2.27,2.27,2.27,2.27,0
KSM,20181122,2.24,2.24,2.24,2.24,22323
KSM,20181123,2.24,2.24,2.24,2.24,4464
KSM,20181126,2.23,2.23,2.23,2.23,4484
KSM,20181127,2.23,2.23,2.23,2.23,17937
KSM,20181128,2.23,2.23,2.23,2.23,0
KSM,20181129,2.25,2.25,2.25,2.25,13334
KSM,20181130,2.24,2.24,2.24,2.24,37946
KSM,20181203,2.24,2.24,2.24,2.24,2233
KSM,20181204,2.24,2.24,2.24,2.24,0
KSM,20181205,2.22,2.22,2.22,2.22,33790
KSM,20181206,2.2,2.2,2.2,2.2,4546
KSM,20181207,2.2,2.2,2.2,2.2,4545
KSM,20181210,2.19,2.19,2.19,2.19,4568
KSM,20181211,2.18,2.18,2.18,2.18,4587
KSM,20181212,2.18,2.18,2.18,2.18,6881
KSM,20181213,2.18,2.18,2.18,2.18,0
KSM,20181214,2.18,2.18,2.18,2.18,6881
KSM,20181217,2.18,2.18,2.18,2.18,18349
KSM,20181218,2.18,2.18,2.18,2.18,0
KSM,20181219,2.18,2.18,2.18,2.18,0
KSM,20181220,2.17,2.17,2.17,2.17,2305
KSM,20181221,2.13,2.17,2.13,2.17,25941
KSM,20181224,2.17,2.17,2.17,2.17,0
KSM,20181227,2.17,2.17,2.17,2.17,0
KSM,20181228,2.17,2.17,2.17,2.17,0
KSM,20181231,2.17,2.17,2.17,2.17,0
KSM,20190102,2.17,2.17,2.17,2.17,0
KSM,20190103,2.17,2.17,2.17,2.17,0
KSM,20190104,2.17,2.17,2.17,2.17,0
KSM,20190107,2.17,2.17,2.17,2.17,0
KSM,20190108,2.17,2.17,2.17,2.17,0
KSM,20190109,2.17,2.17,2.17,2.17,0
KSM,20190110,2.17,2.17,2.13,2.13,10082
KSM,20190111,2.13,2.13,2.13,2.13,0
KSM,20190114,2.13,2.13,2.13,2.13,0
KSM,20190115,2.13,2.13,2.13,2.13,48400
KSM,20190116,2.13,2.13,2.13,2.13,0
KSM,20190117,2.18,2.18,2.18,2.18,4588
KSM,20190118,2.17,2.17,2.17,2.17,32259
KSM,20190121,2.18,2.18,2.18,2.18,13763
KSM,20190122,2.18,2.18,2.18,2.18,0
KSM,20190123,2.18,2.18,2.18,2.18,11469
KSM,20190124,2.18,2.18,2.18,2.18,2294
KSM,20190125,2.18,2.18,2.18,2.18,0
KSM,20190129,2.18,2.18,2.18,2.18,0
KSM,20190130,2.18,2.18,2.18,2.18,0
KSM,20190131,2.17,2.17,2.17,2.17,15200
KSM,20190201,2.18,2.18,2.18,2.18,7799
KSM,20190204,2.18,2.18,2.18,2.18,0
KSM,20190205,2.18,2.18,2.18,2.18,0
KSM,20190206,2.18,2.18,2.18,2.18,0
KSM,20190207,2.18,2.18,2.18,2.18,9175
KSM,20190208,2.18,2.18,2.18,2.18,0
KSM,20190211,2.18,2.19,2.18,2.19,22810
KSM,20190212,2.19,2.19,2.19,2.19,0
KSM,20190213,2.19,2.19,2.19,2.19,0
KSM,20190214,2.19,2.19,2.19,2.19,0
KSM,20190215,2.19,2.19,2.19,2.19,0
KSM,20190218,2.19,2.19,2.19,2.19,0
KSM,20190219,2.2,2.2,2.2,2.2,29546
KSM,20190220,2.2,2.2,2.2,2.2,0
KSM,20190221,2.2,2.2,2.2,2.2,0
KSM,20190222,2.15,2.15,2.15,2.15,11578
KSM,20190225,2.15,2.15,2.15,2.15,0
KSM,20190226,2.15,2.15,2.15,2.15,0
KSM,20190227,2.15,2.15,2.15,2.15,0
KSM,20190228,2.17,2.17,2.17,2.17,18349
KSM,20190301,2.17,2.17,2.17,2.17,0
KSM,20190304,2.17,2.17,2.17,2.17,0
KSM,20190305,2.17,2.17,2.17,2.17,29211
KSM,20190306,2.17,2.17,2.17,2.17,0
KSM,20190307,2.17,2.17,2.17,2.17,0
KSM,20190308,2.17,2.17,2.17,2.17,0
KSM,20190311,2.17,2.17,2.17,2.17,0
KSM,20190312,2.17,2.17,2.17,2.17,0
KSM,20190313,2.17,2.17,2.17,2.17,0
KSM,20190314,2.17,2.17,2.17,2.17,0
KSM,20190315,2.17,2.17,2.17,2.17,0
KSM,20190318,2.17,2.17,2.17,2.17,0
KSM,20190319,2.17,2.17,2.17,2.17,0
KSM,20190320,2.17,2.17,2.17,2.17,0
KSM,20190321,2.16,2.16,2.16,2.16,12165
KSM,20190322,2.16,2.16,2.16,2.16,0
KSM,20190325,2.16,2.16,2.16,2.16,0
KSM,20190326,2.16,2.16,2.16,2.16,0
KSM,20190327,2.13,2.13,2.13,2.13,6050
KSM,20190328,2.13,2.13,2.13,2.13,0
KSM,20190329,2.13,2.13,2.13,2.13,0
KSM,20190401,2.13,2.13,2.13,2.13,0
KSM,20190402,2.13,2.13,2.13,2.13,1894
KSM,20190403,2.19,2.19,2.19,2.19,15982
KSM,20190404,2.19,2.19,2.19,2.19,0
KSM,20190405,2.19,2.19,2.19,2.19,0
KSM,20190408,2.19,2.19,2.19,2.19,0
KSM,20190409,2.18,2.18,2.18,2.18,9175
KSM,20190410,2.18,2.18,2.18,2.18,0
KSM,20190411,2.18,2.18,2.18,2.18,0
KSM,20190412,2.14,2.14,2.14,2.14,180000
KSM,20190415,2.14,2.14,2.14,2.14,6173
KSM,20190416,2.14,2.14,2.14,2.14,0
KSM,20190417,2.14,2.14,2.14,2.14,0
KSM,20190418,2.14,2.14,2.14,2.14,0
KSM,20190423,2.14,2.14,2.14,2.14,0
KSM,20190424,2.16,2.16,2.16,2.16,30099
KSM,20190426,2.15,2.15,2.15,2.15,17000
KSM,20190429,2.15,2.15,2.15,2.15,0
KSM,20190430,2.15,2.15,2.15,2.15,0
KSM,20190501,2.18,2.18,2.18,2.18,2500
KSM,20190502,2.18,2.18,2.18,2.18,0
KSM,20190503,2.18,2.18,2.18,2.18,0
KSM,20190506,2.18,2.18,2.18,2.18,0
KSM,20190507,2.18,2.18,2.18,2.18,0
KSM,20190508,2.18,2.18,2.18,2.18,0
KSM,20190509,2.15,2.15,2.13,2.13,163315
KSM,20190510,2.13,2.13,2.13,2.13,210740
KSM,20190513,2.12,2.12,2.12,2.12,200000
KSM,20190514,2.12,2.12,2.12,2.12,80000
KSM,20190515,2.12,2.12,2.12,2.12,0
KSM,20190516,2.12,2.12,2.12,2.12,38275
KSM,20190517,2.12,2.12,2.12,2.12,0
KSM,20190520,2.15,2.15,2.15,2.15,429
KSM,20190521,2.16,2.16,2.16,2.16,2338
KSM,20190522,2.16,2.16,2.16,2.16,0
KSM,20190523,2.18,2.18,2.18,2.18,10775
KSM,20190524,2.18,2.18,2.18,2.18,0
KSM,20190527,2.17,2.17,2.17,2.17,22734
KSM,20190528,2.17,2.17,2.17,2.17,0
KSM,20190529,2.17,2.17,2.17,2.17,0
KSM,20190530,2.22,2.22,2.18,2.18,1143994
KSM,20190531,2.18,2.18,2.18,2.18,103010
KSM,20190603,2.2,2.2,2.2,2.2,50
KSM,20190604,2.2,2.2,2.2,2.2,0
KSM,20190605,2.2,2.2,2.2,2.2,0
KSM,20190606,2.16,2.16,2.16,2.16,286147
KSM,20190607,2.16,2.16,2.16,2.16,19999
KSM,20190611,2.17,2.17,2.17,2.17,4017
KSM,20190612,2.17,2.17,2.17,2.17,0
KSM,20190613,2.17,2.17,2.17,2.17,0
KSM,20190614,2.17,2.17,2.17,2.17,0
KSM,20190617,2.17,2.17,2.17,2.17,0
KSM,20190618,2.17,2.17,2.17,2.17,9000
KSM,20190619,2.22,2.22,2.18,2.18,23454
KSM,20190620,2.18,2.18,2.18,2.18,0
KSM,20190621,2.2,2.2,2.18,2.18,84129
KSM,20190624,2.18,2.18,2.18,2.18,0
KSM,20190625,2.18,2.18,2.18,2.18,0
KSM,20190626,2.18,2.18,2.18,2.18,0
KSM,20190627,2.18,2.18,2.18,2.18,0
KSM,20190628,2.07,2.07,2.07,2.07,17225
KSM,20190701,2.08,2.08,2.08,2.08,40000
KSM,20190702,2.08,2.08,2.08,2.08,0
KSM,20190703,2.08,2.08,2.08,2.08,191095
KSM,20190704,2.08,2.08,2.08,2.08,0
KSM,20190705,2.13,2.13,2.13,2.13,16200
KSM,20190708,2.13,2.13,2.13,2.13,8033
KSM,20190709,2.12,2.12,2.12,2.12,6295
KSM,20190710,2.13,2.13,2.13,2.13,16065
KSM,20190711,2.13,2.13,2.13,2.13,0
KSM,20190712,2.13,2.13,2.13,2.13,0
KSM,20190715,2.15,2.15,2.15,2.15,11264
KSM,20190716,2.15,2.15,2.15,2.15,0
KSM,20190717,2.16,2.16,2.16,2.16,2475
KSM,20190718,2.16,2.16,2.16,2.16,23195
KSM,20190719,2.16,2.16,2.16,2.16,0
KSM,20190722,2.16,2.16,2.16,2.16,4653
KSM,20190723,2.17,2.17,2.17,2.17,17854
KSM,20190724,2.22,2.22,2.18,2.18,26433
KSM,20190725,2.18,2.18,2.18,2.18,0
KSM,20190726,2.18,2.18,2.18,2.18,0
KSM,20190729,2.18,2.18,2.18,2.18,0
KSM,20190730,2.18,2.18,2.18,2.18,0
KSM,20190731,2.18,2.18,2.18,2.18,0
KSM,20190801,2.18,2.18,2.18,2.18,0
KSM,20190802,2.18,2.18,2.18,2.18,0
KSM,20190805,2.18,2.18,2.18,2.18,0
KSM,20190806,2.18,2.18,2.18,2.18,0
KSM,20190807,2.18,2.18,2.18,2.18,0
KSM,20190808,2.18,2.18,2.18,2.18,0
KSM,20190809,2.18,2.18,2.18,2.18,0
KSM,20190812,2.18,2.18,2.18,2.18,0
KSM,20190813,2.09,2.09,2.09,2.09,2500
KSM,20190814,2.13,2.13,2.13,2.13,2348
KSM,20190815,2.13,2.13,2.13,2.13,0
KSM,20190816,2.13,2.13,2.13,2.13,0
KSM,20190819,2.13,2.13,2.13,2.13,0
KSM,20190820,2.13,2.13,2.13,2.13,0
KSM,20190821,2.13,2.13,2.13,2.13,0
KSM,20190822,2.13,2.13,2.13,2.13,0
KSM,20190823,2.09,2.09,2.09,2.09,9900
KSM,20190826,2.11,2.11,2.11,2.11,7109
KSM,20190827,2.11,2.11,2.11,2.11,0
KSM,20190828,2.11,2.11,2.11,2.11,0
KSM,20190829,2.11,2.11,2.11,2.11,0
KSM,20190830,2.11,2.11,2.11,2.11,0
KSM,20190902,2.13,2.13,2.12,2.12,64784
KSM,20190903,2.12,2.12,2.12,2.12,0
KSM,20190904,2.11,2.15,2.11,2.15,38463
KSM,20190905,2.16,2.16,2.16,2.16,30100
KSM,20190906,2.16,2.16,2.16,2.16,0
KSM,20190909,2.16,2.16,2.16,2.16,0
KSM,20190910,2.16,2.16,2.16,2.16,0
KSM,20190911,2.14,2.14,2.14,2.14,12049
KSM,20190912,2.14,2.14,2.14,2.14,0
KSM,20190913,2.14,2.14,2.14,2.14,0
KSM,20190916,2.14,2.14,2.14,2.14,0
KSM,20190917,2.14,2.14,2.14,2.14,21455
KSM,20190918,2.14,2.14,2.14,2.14,6566
KSM,20190919,2.14,2.14,2.14,2.14,0
KSM,20190920,2.14,2.14,2.14,2.14,0
KSM,20190923,2.19,2.19,2.19,2.19,4567
KSM,20190924,2.2,2.2,2.2,2.2,6820
KSM,20190925,2.14,2.14,2.14,2.14,8033
KSM,20190926,2.14,2.14,2.14,2.14,0
KSM,20190927,2.14,2.14,2.14,2.14,0
KSM,20190930,2.14,2.14,2.14,2.14,0
KSM,20191001,2.18,2.22,2.18,2.18,209574
KSM,20191002,2.18,2.18,2.18,2.18,0
KSM,20191003,2.18,2.18,2.18,2.18,4588
KSM,20191004,2.18,2.18,2.18,2.18,0
KSM,20191007,2.18,2.18,2.18,2.18,0
KSM,20191008,2.18,2.18,2.18,2.18,0
KSM,20191009,2.18,2.18,2.18,2.18,0
KSM,20191010,2.18,2.18,2.18,2.18,0
KSM,20191011,2.17,2.17,2.17,2.17,4608
KSM,20191014,2.17,2.17,2.17,2.17,0
KSM,20191015,2.17,2.17,2.17,2.17,0
KSM,20191016,2.17,2.17,2.17,2.17,0
KSM,20191017,2.17,2.17,2.17,2.17,0
KSM,20191018,2.16,2.16,2.16,2.16,6602
KSM,20191021,2.16,2.16,2.16,2.16,12653
KSM,20191022,2.16,2.16,2.16,2.16,0
KSM,20191023,2.16,2.16,2.16,2.16,0
KSM,20191024,2.16,2.16,2.16,2.16,0
KSM,20191025,2.16,2.16,2.16,2.16,0
KSM,20191028,2.17,2.17,2.17,2.17,20081
KSM,20191029,2.16,2.16,2.16,2.16,67270
KSM,20191030,2.17,2.17,2.17,2.17,8033
KSM,20191031,2.18,2.18,2.18,2.18,7159
KSM,20191101,2.18,2.18,2.18,2.18,91389
KSM,20191104,2.18,2.18,2.18,2.18,0
KSM,20191105,2.18,2.18,2.18,2.18,0
KSM,20191106,2.18,2.18,2.18,2.18,0
KSM,20191107,2.18,2.18,2.18,2.18,0
KSM,20191108,2.2,2.23,2.2,2.2,72608
KSM,20191111,2.22,2.22,2.22,2.22,164000
KSM,20191112,2.22,2.22,2.22,2.22,0
KSM,20191113,2.23,2.23,2.23,2.23,40032
KSM,20191114,2.23,2.23,2.23,2.23,60000
KSM,20191115,2.23,2.23,2.23,2.23,0
KSM,20191118,2.23,2.23,2.23,2.23,0
KSM,20191119,2.22,2.22,2.22,2.22,47246
KSM,20191120,2.24,2.24,2.24,2.24,7319
KSM,20191121,2.26,2.26,2.26,2.26,6637
KSM,20191122,2.26,2.26,2.26,2.26,0
KSM,20191125,2.26,2.26,2.26,2.26,0
KSM,20191126,2.23,2.23,2.23,2.23,14314
KSM,20191127,2.23,2.23,2.23,2.23,0
KSM,20191128,2.24,2.24,2.24,2.24,63810
KSM,20191129,2.24,2.24,2.24,2.24,0
KSM,20191202,2.25,2.25,2.25,2.25,41000
KSM,20191203,2.27,2.27,2.27,2.27,11014
KSM,20191204,2.21,2.21,2.21,2.21,66130
KSM,20191205,2.21,2.21,2.21,2.21,0
KSM,20191206,2.21,2.21,2.21,2.21,0
KSM,20191209,2.22,2.22,2.22,2.22,82249
KSM,20191210,2.21,2.21,2.21,2.21,65300
KSM,20191211,2.21,2.21,2.21,2.21,59136
KSM,20191212,2.21,2.21,2.21,2.21,0
KSM,20191213,2.22,2.22,2.22,2.22,115
KSM,20191216,2.22,2.22,2.22,2.22,0
KSM,20191217,2.22,2.22,2.22,2.22,0
KSM,20191218,2.24,2.24,2.23,2.23,59612
KSM,20191219,2.23,2.24,2.23,2.24,108703
KSM,20191220,2.23,2.27,2.23,2.23,11177
KSM,20191223,2.23,2.23,2.23,2.23,0
KSM,20191224,2.23,2.23,2.23,2.23,0
KSM,20191227,2.23,2.23,2.23,2.23,0
KSM,20191230,2.23,2.23,2.23,2.23,0
KSM,20191231,2.23,2.23,2.23,2.23,0
KSM,20200102,2.23,2.23,2.23,2.23,0
KSM,20200103,2.23,2.23,2.23,2.23,0
KSM,20200106,2.23,2.23,2.23,2.23,0
KSM,20200107,2.23,2.23,2.23,2.23,0
KSM,20200108,2.23,2.23,2.23,2.23,0
KSM,20200109,2.28,2.28,2.28,2.28,10041
KSM,20200113,2.28,2.28,2.28,2.28,0
KSM,20200114,2.3,2.3,2.3,2.3,8718
KSM,20200115,2.31,2.31,2.31,2.31,20704
KSM,20200116,2.31,2.31,2.31,2.31,0
KSM,20200117,2.33,2.33,2.33,2.33,4490
KSM,20200120,2.32,2.32,2.32,2.32,2177
KSM,20200121,2.32,2.32,2.32,2.32,0
KSM,20200122,2.32,2.32,2.32,2.32,8643
KSM,20200123,2.32,2.32,2.32,2.32,0
KSM,20200124,2.32,2.32,2.32,2.32,0
KSM,20200128,2.32,2.32,2.32,2.32,0
KSM,20200129,2.32,2.32,2.32,2.32,0
KSM,20200130,2.32,2.32,2.32,2.32,4332
KSM,20200203,2.32,2.32,2.32,2.32,0
KSM,20200204,2.32,2.32,2.32,2.32,0
KSM,20200205,2.32,2.32,2.32,2.32,0
KSM,20200210,2.32,2.32,2.32,2.32,0
KSM,20200211,2.32,2.32,2.32,2.32,0
KSM,20200212,2.32,2.32,2.32,2.32,0
KSM,20200213,2.34,2.34,2.34,2.34,9645
KSM,20200214,2.35,2.35,2.35,2.35,4276
KSM,20200217,2.35,2.35,2.35,2.35,0
KSM,20200218,2.35,2.35,2.35,2.35,0
KSM,20200219,2.36,2.36,2.36,2.36,12000
KSM,20200220,2.36,2.36,2.36,2.36,0
KSM,20200221,2.36,2.36,2.36,2.36,0
KSM,20200224,2.37,2.37,2.37,2.37,418
KSM,20200225,2.37,2.37,2.37,2.37,0
KSM,20200226,2.37,2.37,2.37,2.37,0
KSM,20200227,2.37,2.37,2.37,2.37,0
KSM,20200228,2.37,2.37,2.37,2.37,0
KSM,20200302,2.08,2.15,2.08,2.15,44150
KSM,20200303,2.15,2.15,2.15,2.15,0
KSM,20200304,2.15,2.15,2.15,2.15,0
KSM,20200305,2.15,2.15,2.15,2.15,0
KSM,20200306,2.06,2.06,2.06,2.06,8892
KSM,20200309,2.06,2.06,2.06,2.06,0
KSM,20200310,2.06,2.06,2.06,2.06,12121
KSM,20200311,2.06,2.06,2.06,2.06,0
KSM,20200312,2.06,2.06,2.06,2.06,0
KSM,20200313,2.06,2.06,2.06,2.06,0
KSM,20200316,1.71,1.71,1.71,1.71,9000
KSM,20200317,1.71,1.71,1.71,1.71,0
KSM,20200318,1.71,1.71,1.71,1.71,0
KSM,20200319,1.71,1.71,1.71,1.71,0
KSM,20200320,1.71,1.71,1.71,1.71,0
KSM,20200323,1.5,1.5,1.35,1.35,440
KSM,20200324,1.35,1.35,1.35,1.35,0
KSM,20200325,1.35,1.35,1.35,1.35,0
KSM,20200326,1.35,1.35,1.35,1.35,0
KSM,20200327,1.35,1.35,1.35,1.35,0
KSM,20200330,1.35,1.35,1.35,1.35,0
KSM,20200331,1.35,1.35,1.35,1.35,0
KSM,20200401,1.35,1.35,1.35,1.35,0
KSM,20200402,1.35,1.35,1.35,1.35,0
KSM,20200403,1.35,1.35,1.35,1.35,0
KSM,20200406,1.35,1.35,1.35,1.35,0
KSM,20200407,1.35,1.35,1.35,1.35,0
KSM,20200408,1.35,1.35,1.35,1.35,0
KSM,20200409,1.35,1.35,1.35,1.35,0
KSM,20200414,1.35,1.35,1.35,1.35,0
KSM,20200415,1.35,1.35,1.35,1.35,0
KSM,20200416,1.35,1.35,1.35,1.35,0
KSM,20200417,1.67,1.67,1.67,1.67,22455
KSM,20200420,1.68,1.68,1.68,1.68,1270
KSM,20200421,1.68,1.68,1.68,1.68,0
KSM,20200422,1.68,1.68,1.68,1.68,0
KSM,20200423,1.68,1.68,1.61,1.61,6352
KSM,20200424,1.61,1.61,1.61,1.61,0
KSM,20200427,1.61,1.61,1.61,1.61,0
KSM,20200428,1.61,1.61,1.61,1.61,0
KSM,20200429,1.61,1.61,1.61,1.61,0
KSM,20200430,1.7,1.7,1.7,1.7,1982
KSM,20200501,1.69,1.71,1.69,1.69,10133
KSM,20200504,1.65,1.65,1.65,1.65,18357
KSM,20200505,1.67,1.67,1.67,1.67,8000
KSM,20200506,1.67,1.67,1.67,1.67,0
KSM,20200507,1.68,1.69,1.68,1.69,11083
KSM,20200508,1.69,1.69,1.69,1.69,0
KSM,20200511,1.75,1.75,1.75,1.75,9724
KSM,20200512,1.74,1.74,1.74,1.74,29927
KSM,20200513,1.72,1.72,1.72,1.72,8033
KSM,20200514,1.68,1.71,1.68,1.71,21511
KSM,20200515,1.71,1.71,1.71,1.71,0
KSM,20200518,1.71,1.71,1.71,1.71,0
KSM,20200519,1.71,1.71,1.71,1.71,0
KSM,20200520,1.77,1.77,1.77,1.77,12049
KSM,20200521,1.79,1.79,1.79,1.79,8133
KSM,20200522,1.78,1.78,1.78,1.78,12049
KSM,20200525,1.78,1.78,1.78,1.78,0
KSM,20200526,1.78,1.78,1.78,1.78,0
KSM,20200527,1.78,1.78,1.78,1.78,0
KSM,20200528,1.87,1.87,1.83,1.83,161611
KSM,20200529,1.83,1.83,1.83,1.83,0
KSM,20200601,1.84,1.84,1.83,1.83,91703
KSM,20200602,1.87,1.87,1.87,1.87,21367
KSM,20200603,1.87,1.87,1.87,1.87,60241
KSM,20200604,1.87,1.87,1.87,1.87,0
KSM,20200605,1.87,1.87,1.87,1.87,24131
KSM,20200609,1.87,1.87,1.87,1.87,0
KSM,20200610,1.91,1.92,1.91,1.91,42597
KSM,20200611,1.91,1.91,1.91,1.91,0
KSM,20200612,1.78,1.79,1.78,1.79,18404
KSM,20200615,1.79,1.8,1.79,1.8,57944
KSM,20200616,1.8,1.8,1.8,1.8,0
KSM,20200617,1.8,1.8,1.8,1.8,0
KSM,20200618,1.8,1.8,1.8,1.8,0
KSM,20200619,1.8,1.8,1.8,1.8,0
KSM,20200622,1.8,1.8,1.8,1.8,0
KSM,20200623,1.8,1.8,1.8,1.8,0
KSM,20200624,1.8,1.8,1.8,1.8,0
KSM,20200625,1.8,1.8,1.8,1.8,0
KSM,20200626,1.8,1.8,1.8,1.8,0
KSM,20200629,1.82,1.82,1.82,1.82,3000
KSM,20200630,1.82,1.82,1.82,1.82,37555
KSM,20200701,1.82,1.82,1.82,1.82,0
KSM,20200702,1.82,1.82,1.82,1.82,0
KSM,20200703,1.82,1.82,1.82,1.82,0
KSM,20200706,1.89,1.89,1.89,1.89,10363
KSM,20200707,1.89,1.89,1.89,1.89,0
KSM,20200708,1.89,1.89,1.89,1.89,0
KSM,20200709,1.89,1.89,1.89,1.89,0
KSM,20200710,1.89,1.89,1.89,1.89,0
KSM,20200713,1.89,1.89,1.89,1.89,0
KSM,20200714,1.88,1.88,1.88,1.88,75
KSM,20200715,1.88,1.88,1.88,1.88,0
KSM,20200716,1.88,1.88,1.88,1.88,0
KSM,20200717,1.88,1.88,1.88,1.88,0
KSM,20200720,1.88,1.88,1.88,1.88,0
KSM,20200721,1.88,1.88,1.88,1.88,0
KSM,20200722,1.92,1.92,1.92,1.92,30000
KSM,20200723,1.92,1.92,1.92,1.92,0
KSM,20200724,1.92,1.92,1.92,1.92,0
KSM,20200727,1.92,1.92,1.92,1.92,0
KSM,20200728,1.92,1.92,1.92,1.92,0
KSM,20200729,1.93,1.93,1.93,1.93,10000
KSM,20200730,1.93,1.93,1.93,1.93,0
KSM,20200731,1.93,1.93,1.93,1.93,0
KSM,20200803,1.93,1.93,1.93,1.93,0
KSM,20200804,1.93,1.93,1.93,1.93,0
KSM,20200805,1.93,1.93,1.93,1.93,0
KSM,20200806,1.93,1.93,1.93,1.93,0
KSM,20200807,1.93,1.93,1.93,1.93,0
KSM,20200810,1.93,1.93,1.93,1.93,0
KSM,20200811,1.93,1.93,1.93,1.93,0
KSM,20200812,1.93,1.93,1.93,1.93,0
KSM,20200813,1.93,1.93,1.93,1.93,0
KSM,20200814,1.93,1.93,1.93,1.93,0
KSM,20200817,1.93,1.93,1.93,1.93,0
KSM,20200818,1.93,1.93,1.93,1.93,0
KSM,20200819,1.93,1.93,1.93,1.93,0
KSM,20200820,1.93,1.93,1.93,1.93,0
KSM,20200821,1.93,1.93,1.93,1.93,0
KSM,20200824,1.93,1.93,1.93,1.93,0
KSM,20200825,1.93,1.93,1.93,1.93,0
KSM,20200826,1.93,1.93,1.93,1.93,0
KSM,20200827,1.93,1.93,1.93,1.93,0
KSM,20200828,1.93,1.93,1.93,1.93,0
KSM,20200831,1.93,1.93,1.93,1.93,0
KSM,20200901,1.93,1.93,1.93,1.93,0
KSM,20200902,1.93,1.93,1.93,1.93,0
KSM,20200903,1.93,1.93,1.93,1.93,0
KSM,20200904,1.93,1.93,1.93,1.93,0
KSM,20200907,1.93,1.93,1.93,1.93,0
KSM,20200908,1.93,1.93,1.93,1.93,0
KSM,20200909,1.93,1.93,1.93,1.93,0
KSM,20200910,1.93,1.93,1.93,1.93,0
KSM,20200911,1.93,1.93,1.93,1.93,0
KSM,20200914,1.93,1.93,1.93,1.93,0
KSM,20200915,1.93,1.93,1.93,1.93,0
KSM,20200916,2.1,2.1,2.1,2.1,38000
KSM,20200917,2.1,2.1,2.1,2.1,0
KSM,20200918,2.11,2.11,2.11,2.11,10000
KSM,20200921,2.11,2.11,2.11,2.11,0
KSM,20200922,2.11,2.11,2.11,2.11,0
KSM,20200923,2.11,2.11,2.11,2.11,0
KSM,20200924,2.11,2.11,2.11,2.11,0
KSM,20200925,2.11,2.11,2.11,2.11,0
KSM,20200928,2.15,2.15,2.12,2.12,2184
KSM,20200929,2.12,2.12,2.12,2.12,0
KSM,20200930,2.12,2.12,2.12,2.12,0
KSM,20201001,2.12,2.12,2.12,2.12,0
KSM,20201002,2.12,2.12,2.12,2.12,0
KSM,20201005,2.12,2.12,2.12,2.12,0
KSM,20201006,2.21,2.21,2.21,2.21,48000
KSM,20201007,2.21,2.21,2.21,2.21,0
KSM,20201008,2.21,2.21,2.21,2.21,0
KSM,20201009,2.21,2.21,2.21,2.21,0
KSM,20201012,2.21,2.21,2.21,2.21,0
KSM,20201013,2.21,2.21,2.21,2.21,0
KSM,20201014,2.21,2.21,2.21,2.21,0
KSM,20201015,2.3,2.3,2.3,2.3,1101
KSM,20201016,2.3,2.3,2.3,2.3,0
KSM,20201019,2.3,2.3,2.3,2.3,0
KSM,20201020,2.3,2.3,2.3,2.3,0
KSM,20201021,2.34,2.34,2.34,2.34,5000
KSM,20201022,2.34,2.34,2.34,2.34,0
KSM,20201023,2.34,2.34,2.34,2.34,0
KSM,20201026,2.34,2.34,2.34,2.34,0
KSM,20201027,2.34,2.34,2.34,2.34,0
KSM,20201028,2.34,2.34,2.34,2.34,0
KSM,20201029,2.34,2.34,2.34,2.34,0
KSM,20201030,2.34,2.34,2.34,2.34,0
KSM,20201102,2.34,2.34,2.34,2.34,0
KSM,20201103,2.34,2.34,2.34,2.34,0
KSM,20201104,2.34,2.34,2.34,2.34,0
KSM,20201105,2.34,2.34,2.34,2.34,0
KSM,20201106,2.31,2.31,2.31,2.31,21645
KSM,20201109,2.31,2.31,2.31,2.31,0
KSM,20201110,2.31,2.31,2.31,2.31,0
KSM,20201111,2.31,2.31,2.31,2.31,0
KSM,20201112,2.31,2.31,2.31,2.31,0
KSM,20201113,2.31,2.31,2.31,2.31,0
KSM,20201116,2.31,2.31,2.31,2.31,0
KSM,20201117,2.31,2.31,2.31,2.31,0
KSM,20201118,2.31,2.31,2.31,2.31,0
KSM,20201120,2.31,2.31,2.31,2.31,0
KSM,20201123,2.31,2.31,2.31,2.31,0
KSM,20201124,2.31,2.31,2.31,2.31,0
KSM,20201125,2.31,2.31,2.31,2.31,0
KSM,20201126,2.52,2.52,2.51,2.51,26645
KSM,20201127,2.49,2.49,2.49,2.49,2106
KSM,20201130,2.54,2.54,2.54,2.54,193
KSM,20201201,2.5,2.5,2.5,2.5,5000
KSM,20201202,2.54,2.54,2.54,2.54,45
KSM,20201203,2.54,2.54,2.54,2.54,0
KSM,20201204,2.54,2.54,2.54,2.54,0
KSM,20201207,2.54,2.54,2.54,2.54,0
KSM,20201208,2.54,2.54,2.54,2.54,0
KSM,20201209,2.54,2.54,2.54,2.54,0
KSM,20201210,2.54,2.54,2.54,2.54,0
KSM,20201211,2.54,2.54,2.54,2.54,0
KSM,20201214,2.54,2.54,2.54,2.54,0
KSM,20201215,2.54,2.54,2.54,2.54,0
KSM,20201216,2.54,2.54,2.54,2.54,0
KSM,20201217,2.54,2.54,2.54,2.54,0
KSM,20201218,2.54,2.54,2.54,2.54,0
KSM,20201221,2.54,2.54,2.54,2.54,0
KSM,20201222,2.54,2.54,2.54,2.54,0
KSM,20201224,2.54,2.54,2.54,2.54,0
KSM,20201229,2.53,2.53,2.53,2.53,327
KSM,20201230,2.58,2.58,2.58,2.58,2570
KSM,20201231,2.58,2.58,2.58,2.58,0
KSM,20210104,2.58,2.58,2.58,2.58,0
KSM,20210105,2.58,2.58,2.58,2.58,0
KSM,20210106,2.58,2.58,2.58,2.58,0
KSM,20210107,2.53,2.53,2.53,2.53,15200
KSM,20210108,2.53,2.53,2.53,2.53,0
KSM,20210111,2.59,2.59,2.55,2.55,6193
KSM,20210112,2.55,2.55,2.55,2.55,0
KSM,20210113,2.55,2.55,2.55,2.55,0
KSM,20210114,2.55,2.55,2.55,2.55,0
KSM,20210115,2.55,2.55,2.55,2.55,0
KSM,20210118,2.55,2.55,2.55,2.55,0
KSM,20210119,2.55,2.55,2.55,2.55,0
KSM,20210120,2.58,2.58,2.58,2.58,2307
KSM,20210121,2.58,2.58,2.58,2.58,0
KSM,20210122,2.6,2.6,2.6,2.6,40
KSM,20210125,2.6,2.6,2.6,2.6,0
KSM,20210127,2.58,2.58,2.58,2.58,10000
KSM,20210128,2.58,2.58,2.58,2.58,0
KSM,20210129,2.58,2.58,2.58,2.58,0
KSM,20210201,2.58,2.58,2.58,2.58,0
KSM,20210203,2.58,2.58,2.58,2.58,0
KSM,20210204,2.6,2.64,2.6,2.64,27271
KSM,20210205,2.64,2.64,2.64,2.64,0
KSM,20210208,2.65,2.65,2.65,2.65,1200
KSM,20210209,2.65,2.65,2.65,2.65,0
KSM,20210210,2.65,2.65,2.65,2.65,0
KSM,20210211,2.65,2.65,2.65,2.65,0
KSM,20210212,2.65,2.65,2.65,2.65,0
KSM,20210215,2.65,2.65,2.65,2.65,0
KSM,20210216,2.65,2.65,2.65,2.65,0
KSM,20210217,2.64,2.64,2.64,2.64,18300
KSM,20210218,2.64,2.64,2.63,2.63,38079
KSM,20210219,2.63,2.63,2.63,2.63,0
KSM,20210222,2.61,2.61,2.61,2.61,35358
KSM,20210223,2.61,2.61,2.61,2.61,0
KSM,20210224,2.61,2.61,2.61,2.61,0
KSM,20210225,2.61,2.61,2.61,2.61,0
KSM,20210226,2.54,2.54,2.54,2.54,200
KSM,20210301,2.54,2.54,2.54,2.54,0
KSM,20210302,2.54,2.54,2.54,2.54,0
KSM,20210303,2.54,2.54,2.54,2.54,0
KSM,20210304,2.54,2.54,2.54,2.54,0
KSM,20210305,2.54,2.54,2.54,2.54,0
KSM,20210308,2.53,2.53,2.53,2.53,75
KSM,20210309,2.53,2.53,2.53,2.53,0
KSM,20210310,2.56,2.56,2.56,2.56,58
KSM,20210311,2.56,2.56,2.56,2.56,58
KSM,20210312,2.58,2.58,2.58,2.58,193
KSM,20210315,2.58,2.58,2.58,2.58,0
KSM,20210316,2.58,2.58,2.58,2.58,0
KSM,20210317,2.58,2.59,2.58,2.59,1270
KSM,20210318,2.59,2.59,2.59,2.59,0
KSM,20210319,2.59,2.59,2.59,2.59,0
KSM,20210322,2.59,2.59,2.59,2.59,0
KSM,20210323,2.6,2.6,2.6,2.6,13600
KSM,20210324,2.6,2.6,2.6,2.6,0
KSM,20210325,2.6,2.6,2.6,2.6,15530
KSM,20210329,2.6,2.6,2.6,2.6,4895
KSM,20210330,2.63,2.63,2.62,2.62,3295
KSM,20210331,2.62,2.62,2.62,2.62,60
KSM,20210401,2.64,2.64,2.64,2.64,2206
KSM,20210406,2.67,2.67,2.67,2.67,8000
KSM,20210407,2.67,2.67,2.67,2.67,3000
KSM,20210408,2.64,2.64,2.64,2.64,309
KSM,20210409,2.7,2.7,2.7,2.7,55
KSM,20210412,2.7,2.7,2.7,2.7,583
KSM,20210413,2.72,2.72,2.71,2.72,6329
KSM,20210414,2.73,2.73,2.69,2.69,41531
KSM,20210415,2.74,2.74,2.74,2.74,37
KSM,20210416,2.75,2.75,2.75,2.75,8
KSM,20210419,2.73,2.73,2.73,2.73,31000
KSM,20210420,2.73,2.73,2.73,2.73,0
KSM,20210421,2.71,2.71,2.71,2.71,800
KSM,20210422,2.76,2.76,2.76,2.76,16992
KSM,20210423,2.76,2.76,2.76,2.76,1530
KSM,20210426,2.76,2.76,2.76,2.76,0
KSM,20210427,2.77,2.77,2.76,2.76,36939
KSM,20210428,2.78,2.78,2.78,2.78,400
KSM,20210429,2.75,2.76,2.75,2.76,1600
KSM,20210430,2.79,2.79,2.79,2.79,179
KSM,20210503,2.79,2.79,2.79,2.79,0
KSM,20210504,2.79,2.79,2.79,2.79,41971
KSM,20210505,2.73,2.77,2.73,2.77,130
KSM,20210506,2.77,2.77,2.77,2.77,0
KSM,20210507,2.75,2.75,2.75,2.75,4576
KSM,20210510,2.75,2.75,2.75,2.75,0
KSM,20210511,2.75,2.75,2.75,2.75,0
KSM,20210512,2.75,2.75,2.75,2.75,0
KSM,20210513,2.75,2.75,2.75,2.75,0
KSM,20210514,2.77,2.77,2.77,2.77,19
KSM,20210517,2.79,2.79,2.71,2.71,8018
KSM,20210518,2.71,2.71,2.71,2.71,0
KSM,20210519,2.74,2.74,2.73,2.73,929
KSM,20210520,2.73,2.73,2.73,2.73,0
KSM,20210521,2.75,2.75,2.75,2.75,2
KSM,20210524,2.75,2.75,2.75,2.75,0
KSM,20210525,2.77,2.78,2.77,2.78,13336
KSM,20210526,2.82,2.82,2.79,2.79,6759
KSM,20210527,2.79,2.79,2.79,2.79,0
KSM,20210528,2.79,2.79,2.79,2.79,0
KSM,20210531,2.81,2.81,2.81,2.81,18
KSM,20210601,2.78,2.78,2.78,2.78,37
KSM,20210602,2.83,2.83,2.83,2.83,1833
KSM,20210603,2.84,2.84,2.84,2.84,14065
KSM,20210604,2.88,2.88,2.85,2.85,2281
KSM,20210607,2.85,2.85,2.85,2.85,11
KSM,20210609,2.89,2.89,2.82,2.82,1050
KSM,20210610,2.82,2.86,2.82,2.86,5001
KSM,20210611,2.86,2.86,2.86,2.86,5245
KSM,20210615,2.9,2.9,2.87,2.87,4923
KSM,20210616,2.89,2.89,2.89,2.89,1069
KSM,20210617,2.89,2.89,2.88,2.88,35434
KSM,20210618,2.88,2.88,2.88,2.88,7000
KSM,20210621,2.92,2.92,2.86,2.86,132
KSM,20210622,2.9,2.9,2.88,2.89,1226
KSM,20210623,2.93,2.93,2.9,2.9,229
KSM,20210625,2.92,2.92,2.86,2.86,50035
KSM,20210628,2.88,2.9,2.86,2.9,50120
KSM,20210629,2.89,2.89,2.89,2.89,17301
KSM,20210630,2.9,2.92,2.9,2.92,27906
KSM,20210701,2.92,2.92,2.9,2.9,3206
KSM,20210705,2.95,2.95,2.91,2.91,3611
KSM,20210706,2.95,2.95,2.9,2.9,398
KSM,20210707,2.88,2.89,2.88,2.89,6
KSM,20210708,2.93,2.93,2.9,2.9,136
KSM,20210709,2.94,2.94,2.87,2.87,14595
KSM,20210712,2.91,2.91,2.88,2.89,16256
KSM,20210714,2.89,2.89,2.89,2.89,123
KSM,20210715,2.93,2.93,2.89,2.89,27
KSM,20210716,2.9,2.9,2.86,2.87,32629
KSM,20210719,2.87,2.88,2.87,2.88,58636
KSM,20210720,2.86,2.86,2.85,2.85,3007
KSM,20210723,2.87,2.89,2.87,2.89,84594
KSM,20210726,2.93,2.93,2.9,2.9,505
KSM,20210727,2.94,2.94,2.89,2.89,11814
KSM,20210728,2.89,2.89,2.85,2.85,360
KSM,20210729,2.89,2.89,2.88,2.88,5529
KSM,20210730,2.88,2.88,2.88,2.88,0
KSM,20210802,2.88,2.9,2.87,2.87,925
KSM,20210803,2.91,2.92,2.87,2.92,64500
KSM,20210804,2.96,2.96,2.88,2.92,7599
KSM,20210805,2.93,2.93,2.89,2.92,13597
KSM,20210806,2.93,2.93,2.93,2.93,17
KSM,20210809,2.97,2.97,2.94,2.94,1378
KSM,20210810,2.98,2.98,2.93,2.93,2943
KSM,20210811,2.97,2.97,2.91,2.95,2012
KSM,20210812,2.95,2.95,2.95,2.95,0
KSM,20210813,2.99,2.99,2.93,2.96,22789
KSM,20210819,2.94,2.94,2.9,2.94,4376
KSM,20210820,2.98,2.98,2.93,2.93,1825
KSM,20210823,2.94,2.94,2.94,2.94,10458
KSM,20210824,2.97,2.97,2.97,2.97,109
KSM,20210825,3.01,3.01,2.95,3.01,665
KSM,20210826,3.01,3.01,3,3,1447
KSM,20210827,3.04,3.04,2.99,2.99,97
KSM,20210830,3.03,3.03,3.01,3.01,595
KSM,20210831,3.05,3.05,3.02,3.02,1645
KSM,20210901,3.05,3.05,3.01,3.01,7458
KSM,20210902,3.01,3.01,3.01,3.01,311
KSM,20210903,3.01,3.01,3.01,3.01,79550
KSM,20210906,3.01,3.05,3.01,3.05,26503
KSM,20210907,3.09,3.09,3.06,3.07,4340
KSM,20210908,3.06,3.06,3.06,3.06,328
KSM,20210909,3.1,3.1,3.01,3.03,29191
KSM,20210910,3.05,3.05,3.05,3.05,1032
KSM,20210913,3.09,3.09,3.02,3.03,6049
KSM,20210914,3.03,3.04,2.99,3.04,12866
KSM,20210915,3.08,3.08,3.03,3.03,689
KSM,20210916,3.07,3.07,3.03,3.05,229128
KSM,20210917,3.09,3.09,3.02,3.06,59
KSM,20210920,3.1,3.1,3.01,3.01,7198
KSM,20210922,3.01,3.01,3.01,3.01,12090
KSM,20210923,3.01,3.01,3.01,3.01,0
KSM,20210924,3.07,3.07,3.07,3.07,605
KSM,20210927,3.11,3.11,3.01,3.05,11600
KSM,20210928,3.05,3.05,3.05,3.05,13114
KSM,20210929,3,3,3,3,10663
KSM,20210930,3.01,3.03,3.01,3.03,50538
KSM,20211001,2.99,2.99,2.99,2.99,26549
KSM,20211004,2.99,2.99,2.99,2.99,0
KSM,20211005,3.03,3.03,2.94,2.94,451
KSM,20211006,2.98,2.98,2.95,2.95,345
KSM,20211007,2.99,2.99,2.97,2.97,3713
KSM,20211008,2.99,2.99,2.99,2.99,425
KSM,20211011,3.03,3.03,3.03,3.03,100410
KSM,20211012,3.03,3.03,3.03,3.03,100410
KSM,20211013,3.03,3.03,3.03,3.03,18
KSM,20211014,3.03,3.03,3,3.03,102
KSM,20211019,3.02,3.07,3.02,3.07,66
KSM,20211020,3.11,3.11,3.03,3.03,997
KSM,20211021,2.99,3.07,2.99,3.07,200
KSM,20211022,3.08,3.08,3.08,3.08,3246
KSM,20211025,3.08,3.08,3.08,3.08,1620
KSM,20211026,3.04,3.04,3.04,3.04,4
KSM,20211028,3.15,3.18,3.05,3.05,14301
KSM,20211029,3.09,3.09,3.02,3.06,132
KSM,20211101,3.02,3.06,3.02,3.06,85
KSM,20211102,3.1,3.1,3.06,3.06,2
KSM,20211103,3.1,3.1,3.06,3.06,22
KSM,20211104,3.06,3.08,3.06,3.08,239
KSM,20211105,3.09,3.09,3.09,3.09,1
KSM,20211109,3.12,3.12,3.12,3.12,128
KSM,20211110,3.09,3.09,3.07,3.07,22312
KSM,20211112,3.05,3.05,3.02,3.02,1422
KSM,20211115,3.06,3.06,3.02,3.02,6947
KSM,20211116,3.06,3.06,3,3.04,10239
KSM,20211117,3.08,3.08,3.06,3.06,262
KSM,20211118,3.06,3.06,3.06,3.06,0
KSM,20211119,3.1,3.1,3.05,3.05,18
KSM,20211122,3.03,3.03,3.02,3.02,11
KSM,20211123,3.01,3.01,3,3,10
KSM,20211124,2.95,2.98,2.95,2.98,270
KSM,20211125,3,3,2.98,2.99,10923
KSM,20211126,3,3,2.96,2.96,502
KSM,20211129,2.88,2.88,2.87,2.87,33
KSM,20211130,2.95,2.99,2.95,2.99,201
KSM,20211201,2.99,2.99,2.99,2.99,0
KSM,20211202,2.96,2.96,2.94,2.94,42
KSM,20211203,2.97,2.97,2.97,2.97,2
KSM,20211206,2.96,2.96,2.96,2.96,575
KSM,20211207,2.92,2.94,2.92,2.94,88
KSM,20211208,2.94,2.94,2.94,2.94,1198
KSM,20211209,2.94,2.94,2.94,2.94,0
KSM,20211210,2.99,2.99,2.99,2.99,9928
KSM,20211213,2.95,3,2.95,3,1102
KSM,20211214,3.02,3.02,2.98,2.98,6
KSM,20211216,2.98,2.98,2.98,2.98,0
KSM,20211217,2.99,2.99,2.99,2.99,136
KSM,20211220,2.95,2.95,2.95,2.95,59
KSM,20211221,2.91,2.93,2.91,2.93,321
KSM,20211222,2.94,2.94,2.93,2.93,12000
KSM,20211223,2.89,2.95,2.89,2.95,13799
KSM,20211224,2.95,2.95,2.95,2.95,0
KSM,20211229,3,3.01,3,3.01,71319
KSM,20211230,3,3,3,3,175
KSM,20211231,3.02,3.02,3.02,3.02,68
KSM,20220104,3.03,3.03,3.03,3.03,262
KSM,20220105,3.07,3.07,3.05,3.05,6828
KSM,20220106,3.05,3.05,3.05,3.05,12
KSM,20220107,3,3,3,3,5000
KSM,20220110,3.04,3.04,3,3.01,3354
KSM,20220111,3.01,3.01,3.01,3.01,0
KSM,20220112,3.01,3.01,3.01,3.01,0
KSM,20220113,2.98,2.99,2.97,2.99,2270
KSM,20220114,2.99,2.99,2.99,2.99,0
KSM,20220117,3.03,3.03,3,3,483
KSM,20220118,3.03,3.03,3,3,399
KSM,20220119,3,3,3,3,0
KSM,20220120,2.94,2.96,2.93,2.96,37390
KSM,20220121,2.96,2.96,2.96,2.96,0
KSM,20220124,2.96,2.96,2.96,2.96,0
KSM,20220125,2.73,2.73,2.73,2.73,2004
KSM,20220127,2.68,2.68,2.68,2.68,15000
KSM,20220128,2.68,2.68,2.68,2.68,0
KSM,20220131,2.64,2.64,2.64,2.64,16
KSM,20220201,2.64,2.64,2.64,2.64,0
KSM,20220202,2.64,2.64,2.64,2.64,0
KSM,20220203,2.64,2.64,2.64,2.64,0
KSM,20220204,2.64,2.64,2.64,2.64,0
KSM,20220207,2.64,2.64,2.64,2.64,0
KSM,20220208,2.64,2.64,2.64,2.64,0
KSM,20220209,2.64,2.64,2.64,2.64,0
KSM,20220210,2.64,2.64,2.64,2.64,0
KSM,20220211,2.64,2.64,2.64,2.64,0
KSM,20220214,2.64,2.64,2.64,2.64,0
KSM,20220215,2.78,2.81,2.78,2.78,4908
KSM,20220216,2.78,2.78,2.78,2.78,0
KSM,20220217,2.78,2.78,2.78,2.78,0
KSM,20220218,2.78,2.78,2.78,2.78,0
KSM,20220221,2.78,2.78,2.78,2.78,18050
KSM,20220222,2.77,2.77,2.77,2.77,15877
KSM,20220223,2.77,2.77,2.77,2.77,0
KSM,20220224,2.73,2.75,2.73,2.75,100
KSM,20220225,2.75,2.75,2.75,2.75,0
KSM,20220228,2.75,2.75,2.75,2.75,0
KSM,20220301,2.79,2.79,2.77,2.79,1134
KSM,20220302,2.79,2.79,2.74,2.79,2105
KSM,20220303,2.79,2.8,2.79,2.8,1047
KSM,20220304,2.8,2.8,2.72,2.72,19704
KSM,20220307,2.775,2.78,2.76,2.76,910
KSM,20220308,2.8,2.8,2.8,2.8,38
KSM,20220309,2.8,2.8,2.69,2.69,368
KSM,20220310,2.73,2.73,2.73,2.73,184
KSM,20220311,2.75,2.75,2.69,2.73,18058
KSM,20220314,2.74,2.74,2.74,2.74,1388
KSM,20220315,2.77,2.77,2.75,2.75,380
KSM,20220316,0,0,0,0,0
KSM,20220317,2.79,2.79,2.79,2.79,511
KSM,20220318,2.8,2.8,2.8,2.8,891
KSM,20220321,2.78,2.78,2.77,2.77,880
KSM,20220322,2.8,2.82,2.78,2.82,35399
KSM,20220323,2.84,2.84,2.84,2.84,200
KSM,20220324,2.85,2.85,2.85,2.85,263
KSM,20220325,2.85,2.85,2.85,2.85,0
KSM,20220328,2.85,2.85,2.84,2.84,692
KSM,20220329,2.78,2.84,2.78,2.84,14698
KSM,20220330,2.85,2.85,2.81,2.81,14375
KSM,20220331,2.81,2.81,2.81,2.81,0
KSM,20220401,2.85,2.85,2.85,2.85,35
KSM,20220404,2.85,2.85,2.85,2.85,4
KSM,20220405,2.85,2.85,2.85,2.85,0
KSM,20220406,2.85,2.85,2.78,2.81,1732
KSM,20220407,2.81,2.81,2.81,2.81,0
KSM,20220408,2.81,2.81,2.81,2.81,0
KSM,20220411,2.85,2.85,2.81,2.81,42
KSM,20220412,2.81,2.81,2.81,2.81,0
KSM,20220413,2.79,2.79,2.76,2.79,5794
KSM,20220414,2.81,2.81,2.81,2.81,67
KSM,20220419,2.81,2.81,2.81,2.81,5888
KSM,20220420,2.81,2.81,2.81,2.81,0
KSM,20220421,2.81,2.81,2.81,2.81,0
KSM,20220422,2.81,2.81,2.81,2.81,0
KSM,20220426,2.77,2.77,2.77,2.77,3
KSM,20220427,2.83,2.83,2.83,2.83,70
KSM,20220428,2.76,2.76,2.76,2.76,643
KSM,20220429,2.77,2.77,2.77,2.77,692
KSM,20220502,2.77,2.77,2.77,2.77,0
KSM,20220503,2.73,2.77,2.73,2.77,3634
KSM,20220504,2.77,2.77,2.77,2.77,0
KSM,20220505,2.77,2.77,2.77,2.77,0
KSM,20220506,2.77,2.77,2.77,2.77,0
KSM,20220509,2.62,2.62,2.62,2.62,1350
KSM,20220510,2.62,2.62,2.62,2.62,0
KSM,20220511,2.55,2.56,2.52,2.56,5677
KSM,20220512,2.68,2.68,2.48,2.48,7243
KSM,20220513,2.45,2.45,2.45,2.45,7
KSM,20220516,2.565,2.58,2.53,2.53,5590
KSM,20220517,2.53,2.53,2.53,2.53,112
KSM,20220518,2.53,2.58,2.53,2.58,946
KSM,20220519,2.51,2.54,2.5,2.54,1145
KSM,20220520,2.53,2.53,2.53,2.53,27798
KSM,20220523,2.53,2.53,2.53,2.53,0
KSM,20220524,2.53,2.53,2.53,2.53,0
KSM,20220525,2.53,2.53,2.53,2.53,0
KSM,20220526,2.53,2.53,2.53,2.53,0
KSM,20220527,2.53,2.53,2.53,2.53,0
KSM,20220530,2.55,2.55,2.55,2.55,117
KSM,20220531,2.55,2.56,2.53,2.56,10540
KSM,20220601,2.56,2.56,2.52,2.52,475
KSM,20220602,2.52,2.52,2.52,2.52,0
KSM,20220603,2.5,2.51,2.5,2.5,1839
KSM,20220606,2.5,2.5,2.5,2.5,0
KSM,20220607,2.46,2.46,2.46,2.46,30102
KSM,20220608,2.46,2.46,2.46,2.46,0
KSM,20220609,2.42,2.42,2.39,2.42,21181
KSM,20220610,2.365,2.365,2.365,2.365,63
KSM,20220614,2.25,2.25,2.21,2.21,1963
KSM,20220615,2.25,2.25,2.23,2.23,498
KSM,20220616,2.26,2.26,2.21,2.24,201313
KSM,20220617,2.24,2.24,2.24,2.24,0
KSM,20220620,2.15,2.15,2.15,2.15,3000
KSM,20220621,2.16,2.22,2.16,2.22,4861
KSM,20220622,2.16,2.16,2.15,2.16,2114
KSM,20220623,2.15,2.15,2.14,2.14,70279
KSM,20220624,2.14,2.14,2.14,2.14,0
KSM,20220627,2.14,2.14,2.14,2.14,0
KSM,20220628,2.27,2.27,2.27,2.27,418
KSM,20220629,2.27,2.27,2.27,2.27,0
KSM,20220630,2.27,2.27,2.27,2.27,0
KSM,20220701,2.21,2.21,2.2,2.2,70000
KSM,20220704,2.23,2.23,2.23,2.23,60000
KSM,20220705,2.23,2.23,2.23,2.23,0
KSM,20220706,2.23,2.23,2.23,2.23,0
KSM,20220707,2.24,2.24,2.24,2.24,384
KSM,20220708,2.24,2.24,2.24,2.24,0
KSM,20220711,2.24,2.24,2.24,2.24,0
KSM,20220712,2.24,2.24,2.24,2.24,0
KSM,20220713,2.24,2.24,2.24,2.24,0
KSM,20220714,2.28,2.29,2.28,2.29,3181
KSM,20220715,2.27,2.27,2.27,2.27,176
KSM,20220718,2.27,2.27,2.27,2.27,0
KSM,20220719,2.38,2.38,2.29,2.29,345
KSM,20220720,2.29,2.29,2.29,2.29,0
KSM,20220721,2.29,2.29,2.29,2.29,0
KSM,20220722,2.33,2.33,2.33,2.33,4448
KSM,20220725,2.33,2.33,2.33,2.33,0
KSM,20220726,2.33,2.33,2.32,2.32,27471
KSM,20220727,2.325,2.34,2.325,2.325,346
KSM,20220728,2.35,2.35,2.34,2.34,650
KSM,20220729,2.4,2.41,2.4,2.41,6371
KSM,20220801,2.41,2.41,2.41,2.41,0
KSM,20220802,2.36,2.36,2.34,2.34,6167
KSM,20220803,2.37,2.37,2.37,2.37,126
KSM,20220805,2.41,2.41,2.41,2.41,0
KSM,20220808,2.41,2.41,2.41,2.41,0
KSM,20220809,2.41,2.41,2.41,2.41,0
KSM,20220810,2.37,2.37,2.37,2.37,348
KSM,20220811,2.37,2.37,2.37,2.37,0
KSM,20220812,2.41,2.41,2.4,2.4,19886
KSM,20220815,2.4,2.4,2.4,2.4,60
KSM,20220816,2.45,2.45,2.45,2.45,528
KSM,20220817,2.45,2.45,2.45,2.45,250
KSM,20220818,2.425,2.425,2.425,2.425,50
KSM,20220819,2.44,2.44,2.44,2.44,50
KSM,20220822,2.44,2.44,2.44,2.44,0
KSM,20220823,2.44,2.44,2.44,2.44,0
KSM,20220824,2.4,2.4,2.37,2.37,14466
KSM,20220825,2.37,2.4,2.37,2.37,0
KSM,20220826,2.42,2.42,2.42,2.42,9740
KSM,20220829,2.37,2.37,2.36,2.36,74253
KSM,20220830,2.38,2.38,2.38,2.38,20399
KSM,20220831,2.38,2.38,2.38,2.38,0
KSM,20220901,2.38,2.38,2.38,2.38,0
KSM,20220902,2.45,2.45,2.37,2.37,838
KSM,20220905,2.37,2.37,2.37,2.37,86
KSM,20220906,2.37,2.37,2.37,2.37,0
KSM,20220907,2.37,2.37,2.37,2.37,0
KSM,20220909,2.37,2.37,2.37,2.37,0
KSM,20220912,2.37,2.37,2.37,2.37,0
KSM,20220913,2.37,2.37,2.37,2.37,0
KSM,20220914,2.37,2.37,2.37,2.37,0
KSM,20220915,2.36,2.36,2.35,2.35,15530
KSM,20220916,2.35,2.36,2.35,2.35,0
KSM,20220919,2.35,2.36,2.35,2.35,0
KSM,20220920,2.35,2.36,2.35,2.35,0
KSM,20220921,2.35,2.36,2.35,2.35,0
