MCM,20171208,0,0,0,0,0
MCM,20171211,0,0,0,0,0
MCM,20171212,0,0,0,0,0
MCM,20171213,0,0,0,0,0
MCM,20171214,0.64,0.64,0.64,0.64,8000
MCM,20171215,0.56,0.56,0.56,0.56,375
MCM,20171218,0.56,0.56,0.56,0.56,0
MCM,20171219,0.56,0.56,0.56,0.56,0
MCM,20171220,0.56,0.56,0.56,0.56,10000
MCM,20171221,0.64,0.64,0.625,0.625,4900
MCM,20171222,0.65,0.65,0.65,0.65,5000
MCM,20171227,0.65,0.65,0.65,0.65,0
MCM,20171228,0.65,0.65,0.65,0.65,0
MCM,20171229,0.65,0.65,0.65,0.65,1350
MCM,20180102,0.7,0.745,0.7,0.745,15056
MCM,20180103,0.735,0.735,0.735,0.735,5000
MCM,20180104,0.735,0.735,0.735,0.735,0
MCM,20180105,0.735,0.735,0.735,0.735,0
MCM,20180108,0.72,0.72,0.72,0.72,2463
MCM,20180109,0.72,0.72,0.72,0.72,1350
MCM,20180110,0.735,0.735,0.735,0.735,3
MCM,20180111,0.735,0.735,0.735,0.735,0
MCM,20180112,0.735,0.735,0.735,0.735,0
MCM,20180115,0.735,0.735,0.735,0.735,0
MCM,20180116,0.735,0.735,0.735,0.735,0
MCM,20180117,0.735,0.735,0.735,0.735,0
MCM,20180118,0.735,0.735,0.735,0.735,0
MCM,20180119,0.735,0.735,0.735,0.735,0
MCM,20180122,0.66,0.66,0.66,0.66,5000
MCM,20180123,0.65,0.65,0.63,0.635,7230
MCM,20180124,0.635,0.635,0.635,0.635,0
MCM,20180125,0.635,0.635,0.635,0.635,1810
MCM,20180129,0.62,0.62,0.6,0.6,8730
MCM,20180130,0.6,0.6,0.6,0.6,0
MCM,20180131,0.615,0.615,0.615,0.615,1213
MCM,20180201,0.66,0.66,0.66,0.66,4500
MCM,20180202,0.695,0.695,0.695,0.695,900
MCM,20180205,0.695,0.695,0.695,0.695,0
MCM,20180207,0.64,0.64,0.64,0.64,6750
MCM,20180208,0.64,0.64,0.64,0.64,0
MCM,20180209,0.68,0.68,0.68,0.68,1030
MCM,20180212,0.68,0.68,0.68,0.68,0
MCM,20180213,0.66,0.66,0.655,0.655,2687
MCM,20180214,0.655,0.655,0.655,0.655,0
MCM,20180215,0.68,0.68,0.68,0.68,1000
MCM,20180216,0.68,0.68,0.675,0.675,1980
MCM,20180219,0.665,0.665,0.665,0.665,190
MCM,20180220,0.67,0.67,0.65,0.65,4150
MCM,20180221,0.665,0.665,0.665,0.665,1213
MCM,20180222,0.665,0.665,0.665,0.665,0
MCM,20180223,0.67,0.67,0.66,0.66,2023
MCM,20180226,0.68,0.68,0.68,0.68,1146
MCM,20180227,0.68,0.68,0.68,0.68,0
MCM,20180228,0.68,0.68,0.68,0.68,0
MCM,20180301,0.68,0.68,0.68,0.68,0
MCM,20180302,0.68,0.68,0.68,0.68,0
MCM,20180305,0.675,0.675,0.675,0.675,331
MCM,20180306,0.675,0.675,0.675,0.675,354
MCM,20180307,0.66,0.66,0.66,0.66,150
MCM,20180308,0.66,0.66,0.66,0.66,0
MCM,20180309,0.66,0.66,0.66,0.66,0
MCM,20180312,0.66,0.66,0.66,0.66,0
MCM,20180313,0,0,0,0.66,1
MCM,20180314,0.66,0.66,0.66,0.66,0
MCM,20180315,0.66,0.66,0.66,0.66,0
MCM,20180316,0.68,0.68,0.68,0.68,666
MCM,20180319,0.67,0.67,0.61,0.61,10450
MCM,20180320,0.68,0.68,0.68,0.68,2868
MCM,20180321,0.68,0.68,0.625,0.625,3422
MCM,20180322,0.605,0.605,0.605,0.605,20750
MCM,20180323,0.685,0.685,0.685,0.685,3660
MCM,20180326,0.69,0.69,0.69,0.69,3948
MCM,20180327,0.71,0.71,0.71,0.71,3037
MCM,20180328,0.71,0.71,0.71,0.71,0
MCM,20180329,0.605,0.605,0.6,0.6,2430
MCM,20180403,0.6,0.6,0.6,0.6,0
MCM,20180404,0.6,0.61,0.6,0.605,2200
MCM,20180405,0.605,0.605,0.605,0.605,0
MCM,20180406,0.605,0.605,0.605,0.605,0
MCM,20180409,0.605,0.605,0.605,0.605,0
MCM,20180410,0.605,0.605,0.605,0.605,0
MCM,20180411,0.605,0.605,0.605,0.605,0
MCM,20180412,0.605,0.605,0.605,0.605,78
MCM,20180413,0.605,0.605,0.605,0.605,10
MCM,20180416,0.605,0.605,0.605,0.605,0
MCM,20180417,0.605,0.605,0.605,0.605,0
MCM,20180418,0.615,0.615,0.615,0.615,1
MCM,20180419,0.61,0.61,0.6,0.6,2954
MCM,20180420,0.6,0.6,0.6,0.6,0
MCM,20180423,0.6,0.6,0.6,0.6,666
MCM,20180424,0.6,0.6,0.6,0.6,5000
MCM,20180426,0.6,0.6,0.6,0.6,175
MCM,20180427,0.62,0.62,0.62,0.62,177
MCM,20180430,0.62,0.62,0.62,0.62,0
MCM,20180501,0.62,0.62,0.62,0.62,0
MCM,20180502,0.595,0.595,0.59,0.59,500
MCM,20180503,0.59,0.59,0.59,0.59,0
MCM,20180504,0.59,0.59,0.59,0.59,0
MCM,20180507,0.59,0.59,0.59,0.59,0
MCM,20180508,0.59,0.59,0.59,0.59,0
MCM,20180509,0.59,0.59,0.59,0.59,0
MCM,20180510,0.59,0.59,0.59,0.59,0
MCM,20180511,0.59,0.59,0.59,0.59,0
MCM,20180514,0.51,0.51,0.51,0.51,145
MCM,20180515,0.51,0.51,0.51,0.51,0
MCM,20180516,0.51,0.51,0.51,0.51,500
MCM,20180517,0.51,0.51,0.51,0.51,398
MCM,20180518,0.512,0.515,0.512,0.515,35978
MCM,20180521,0.515,0.515,0.515,0.515,0
MCM,20180522,0.515,0.515,0.515,0.515,0
MCM,20180523,0.515,0.515,0.515,0.515,0
MCM,20180524,0.51,0.51,0.51,0.51,25
MCM,20180525,0.51,0.51,0.51,0.51,16932
MCM,20180528,0.51,0.51,0.51,0.51,0
MCM,20180529,0.51,0.51,0.51,0.51,0
MCM,20180530,0.51,0.51,0.51,0.51,0
MCM,20180531,0.51,0.51,0.51,0.51,0
MCM,20180601,0.51,0.51,0.51,0.51,0
MCM,20180604,0.51,0.51,0.51,0.51,0
MCM,20180605,0.51,0.51,0.51,0.51,0
MCM,20180606,0.51,0.51,0.51,0.51,0
MCM,20180607,0.51,0.51,0.51,0.51,0
MCM,20180608,0.51,0.51,0.51,0.51,0
MCM,20180612,0.51,0.51,0.51,0.51,0
MCM,20180613,0.395,0.395,0.395,0.395,9293
MCM,20180614,0.395,0.395,0.395,0.395,250
MCM,20180615,0.395,0.395,0.395,0.395,455
MCM,20180618,0.395,0.395,0.395,0.395,0
MCM,20180619,0.395,0.395,0.395,0.395,0
MCM,20180620,0.365,0.365,0.36,0.36,3450
MCM,20180621,0.365,0.365,0.36,0.36,1900
MCM,20180622,0.36,0.36,0.36,0.36,0
MCM,20180625,0.365,0.365,0.365,0.365,43
MCM,20180626,0.365,0.365,0.365,0.365,0
MCM,20180627,0.365,0.365,0.365,0.365,100
MCM,20180628,0.365,0.365,0.365,0.365,0
MCM,20180629,0.36,0.36,0.36,0.36,516
MCM,20180702,0.36,0.36,0.36,0.36,0
MCM,20180703,0.36,0.36,0.36,0.36,0
MCM,20180704,0.36,0.36,0.36,0.36,0
MCM,20180705,0.36,0.36,0.36,0.36,0
MCM,20180706,0.36,0.36,0.36,0.36,23000
MCM,20180710,0.36,0.36,0.36,0.36,0
MCM,20180711,0.335,0.335,0.335,0.335,162
MCM,20180712,0.335,0.335,0.335,0.335,0
MCM,20180713,0.335,0.335,0.335,0.335,0
MCM,20180716,0.33,0.33,0.33,0.33,150
MCM,20180717,0.33,0.33,0.33,0.33,0
MCM,20180718,0.33,0.33,0.33,0.33,0
MCM,20180719,0.33,0.33,0.33,0.33,0
MCM,20180720,0.335,0.335,0.33,0.33,10000
MCM,20180723,0.33,0.33,0.33,0.33,0
MCM,20180724,0.33,0.33,0.33,0.33,0
MCM,20180725,0.33,0.33,0.33,0.33,0
MCM,20180726,0.33,0.33,0.33,0.33,0
MCM,20180727,0.3,0.3,0.3,0.3,14
MCM,20180730,0.3,0.3,0.3,0.3,0
MCM,20180731,0.3,0.3,0.3,0.3,0
MCM,20180801,0.3,0.3,0.3,0.3,0
MCM,20180802,0.3,0.3,0.3,0.3,0
MCM,20180803,0.305,0.305,0.305,0.305,56639
MCM,20180806,0.305,0.305,0.305,0.305,0
MCM,20180807,0.305,0.305,0.305,0.305,0
MCM,20180808,0.305,0.305,0.305,0.305,0
MCM,20180809,0.305,0.305,0.305,0.305,0
MCM,20180810,0.305,0.305,0.305,0.305,0
MCM,20180813,0.305,0.305,0.305,0.305,0
MCM,20180814,0.305,0.305,0.305,0.305,0
MCM,20180816,0.305,0.305,0.305,0.305,0
MCM,20180817,0.325,0.325,0.315,0.32,250
MCM,20180820,0.32,0.32,0.32,0.32,0
MCM,20180821,0.32,0.32,0.32,0.32,0
MCM,20180822,0.32,0.32,0.32,0.32,0
MCM,20180823,0.32,0.32,0.32,0.32,0
MCM,20180824,0.3,0.32,0.3,0.32,2010
MCM,20180827,0.32,0.32,0.32,0.32,0
MCM,20180828,0.32,0.32,0.32,0.32,0
MCM,20180829,0.32,0.32,0.32,0.32,0
MCM,20180830,0.32,0.32,0.32,0.32,0
MCM,20180831,0.32,0.32,0.32,0.32,0
MCM,20180903,0.32,0.32,0.32,0.32,0
MCM,20180904,0.32,0.32,0.32,0.32,0
MCM,20180905,0.35,0.36,0.35,0.36,5000
MCM,20180906,0.36,0.36,0.36,0.36,0
MCM,20180907,0.36,0.36,0.36,0.36,0
MCM,20180910,0.36,0.36,0.36,0.36,0
MCM,20180913,0.31,0.31,0.31,0.31,0
MCM,20180914,0.31,0.31,0.31,0.31,0
MCM,20180917,0.34,0.34,0.34,0.34,10
MCM,20180918,0.36,0.36,0.36,0.36,1250
MCM,20180919,0.385,0.385,0.385,0.385,1334
MCM,20180920,0.385,0.385,0.385,0.385,0
MCM,20180921,0.385,0.385,0.385,0.385,0
MCM,20180924,0.385,0.385,0.385,0.385,0
MCM,20180925,0.385,0.385,0.385,0.385,0
MCM,20180926,0.34,0.34,0.34,0.34,500
MCM,20180927,0.34,0.34,0.34,0.34,775
MCM,20180928,0.34,0.34,0.34,0.34,0
MCM,20181001,0.34,0.34,0.34,0.34,0
MCM,20181002,0.34,0.34,0.34,0.34,445
MCM,20181003,0.35,0.35,0.35,0.35,500
MCM,20181004,0.35,0.35,0.35,0.35,0
MCM,20181005,0.35,0.35,0.345,0.345,27000
MCM,20181008,0.345,0.345,0.345,0.345,0
MCM,20181009,0.33,0.33,0.33,0.33,985
MCM,20181010,0.33,0.33,0.33,0.33,0
MCM,20181011,0.33,0.33,0.33,0.33,0
MCM,20181012,0.33,0.33,0.33,0.33,0
MCM,20181015,0.35,0.35,0.35,0.35,1430
MCM,20181016,0.35,0.35,0.35,0.35,0
MCM,20181017,0.35,0.35,0.35,0.35,0
MCM,20181018,0.35,0.35,0.35,0.35,0
MCM,20181019,0.35,0.35,0.35,0.35,0
MCM,20181022,0.35,0.35,0.35,0.35,0
MCM,20181023,0.35,0.35,0.35,0.35,0
MCM,20181024,0.35,0.35,0.35,0.35,0
MCM,20181025,0.35,0.35,0.35,0.35,0
MCM,20181026,0.35,0.35,0.35,0.35,0
MCM,20181030,0.35,0.35,0.35,0.35,0
MCM,20181031,0.35,0.35,0.35,0.35,0
MCM,20181101,0.35,0.35,0.35,0.35,0
MCM,20181102,0.35,0.35,0.35,0.35,0
MCM,20181105,0.35,0.35,0.35,0.35,0
MCM,20181106,0.36,0.36,0.355,0.355,72
MCM,20181107,0.37,0.37,0.37,0.37,28
MCM,20181108,0.37,0.37,0.37,0.37,0
MCM,20181109,0.37,0.37,0.37,0.37,0
MCM,20181112,0.37,0.37,0.37,0.37,0
MCM,20181113,0.3,0.3,0.3,0.3,1350
MCM,20181114,0.3,0.3,0.3,0.3,0
MCM,20181115,0.3,0.3,0.3,0.3,0
MCM,20181116,0.3,0.3,0.3,0.3,0
MCM,20181119,0.3,0.3,0.3,0.3,0
MCM,20181120,0.3,0.3,0.3,0.3,0
MCM,20181121,0.35,0.375,0.35,0.375,30
MCM,20181122,0.45,0.5,0.45,0.5,1909
MCM,20181123,0.5,0.5,0.5,0.5,0
MCM,20181126,0.5,0.5,0.5,0.5,0
MCM,20181127,0.5,0.5,0.5,0.5,0
MCM,20181128,0.5,0.5,0.5,0.5,0
MCM,20181129,0.5,0.5,0.5,0.5,0
MCM,20181130,0.5,0.5,0.5,0.5,0
MCM,20181203,0.5,0.5,0.5,0.5,0
MCM,20181204,0.5,0.5,0.5,0.5,0
MCM,20181205,0.5,0.5,0.5,0.5,0
MCM,20181206,0.5,0.5,0.5,0.5,0
MCM,20181207,0.5,0.5,0.5,0.5,0
MCM,20181210,0.5,0.5,0.5,0.5,0
MCM,20181211,0.5,0.5,0.5,0.5,150
MCM,20181212,0.5,0.5,0.5,0.5,0
MCM,20181213,0.5,0.5,0.5,0.5,0
MCM,20181214,0.5,0.5,0.5,0.5,750
MCM,20181217,0.5,0.5,0.5,0.5,0
MCM,20181218,0.5,0.5,0.5,0.5,0
MCM,20181219,0.5,0.5,0.5,0.5,0
MCM,20181220,0.57,0.57,0.57,0.57,6390
MCM,20181221,0.57,0.57,0.57,0.57,0
MCM,20181224,0.7,0.7,0.7,0.7,900
MCM,20181227,0.7,0.7,0.7,0.7,0
MCM,20181228,0.7,0.7,0.7,0.7,0
MCM,20181231,0.7,0.7,0.7,0.7,0
MCM,20190102,0.7,0.7,0.7,0.7,0
MCM,20190103,0.7,0.7,0.7,0.7,0
MCM,20190104,0.75,0.75,0.75,0.75,25
MCM,20190107,0.75,0.75,0.75,0.75,0
MCM,20190108,0.8,0.8,0.8,0.8,5000
MCM,20190109,0.8,0.8,0.8,0.8,0
MCM,20190110,0.81,0.81,0.81,0.81,423
MCM,20190111,0.865,0.9,0.865,0.9,17504
MCM,20190114,0.9,0.9,0.9,0.9,800
MCM,20190115,0.9,0.9,0.9,0.9,0
MCM,20190116,1.03,1.055,1.03,1.03,6298
MCM,20190117,1.03,1.03,1.03,1.03,0
MCM,20190118,1.03,1.03,1.03,1.03,0
MCM,20190121,1.03,1.03,1.03,1.03,0
MCM,20190122,1.05,1.05,1.05,1.05,3700
MCM,20190123,1.15,1.17,1.15,1.165,6642
MCM,20190124,1.2,1.2,1.18,1.19,21905
MCM,20190125,1.19,1.22,1.19,1.22,3400
MCM,20190129,1.27,1.27,1.19,1.19,10575
MCM,20190130,1.19,1.19,1.18,1.18,11682
MCM,20190131,1.18,1.18,1.18,1.18,0
MCM,20190201,1.15,1.15,1.05,1.05,5339
MCM,20190204,1,1.12,1,1.12,6577
MCM,20190205,1.12,1.12,1.12,1.12,0
MCM,20190206,1.07,1.12,1.07,1.12,10000
MCM,20190207,1.11,1.12,1.11,1.12,13260
MCM,20190208,1.015,1.015,1.015,1.015,10000
MCM,20190211,1.015,1.015,1.015,1.015,483
MCM,20190212,1.015,1.015,1.015,1.015,0
MCM,20190213,1.015,1.015,1.015,1.015,0
MCM,20190214,1.015,1.015,1.015,1.015,1050
MCM,20190215,1.085,1.1,1.085,1.1,9092
MCM,20190218,1.07,1.07,1.01,1.01,5968
MCM,20190219,1,1,1,1,2445
MCM,20190220,1,1,1,1,1097
MCM,20190221,1,1,1,1,0
MCM,20190222,1,1,0.95,0.95,1527
MCM,20190225,0.95,0.95,0.95,0.95,0
MCM,20190226,0.95,0.95,0.95,0.95,0
MCM,20190227,0.95,0.95,0.95,0.95,0
MCM,20190228,0.95,0.95,0.95,0.95,0
MCM,20190301,0.9,0.9,0.9,0.9,3250
MCM,20190304,0.9,0.9,0.9,0.9,1475
MCM,20190305,0.915,0.915,0.915,0.915,4750
MCM,20190306,0.9,0.915,0.9,0.915,9607
MCM,20190307,0.9,0.9,0.9,0.9,5000
MCM,20190308,0.9,0.95,0.9,0.95,10000
MCM,20190311,0.95,0.95,0.95,0.95,0
MCM,20190312,0.95,0.95,0.95,0.95,0
MCM,20190313,0.95,0.95,0.95,0.95,0
MCM,20190314,0.95,0.95,0.95,0.95,0
MCM,20190315,0.95,0.95,0.95,0.95,0
MCM,20190318,0.95,0.95,0.95,0.95,0
MCM,20190319,0.95,0.95,0.95,0.95,0
MCM,20190320,0.95,0.95,0.95,0.95,0
MCM,20190321,0.95,0.95,0.95,0.95,0
MCM,20190322,0.95,0.95,0.95,0.95,0
MCM,20190325,0.95,0.95,0.95,0.95,0
MCM,20190326,0.95,0.95,0.95,0.95,0
MCM,20190327,0.8,0.8,0.8,0.8,500
MCM,20190328,0.8,0.8,0.8,0.8,0
MCM,20190329,0.8,0.8,0.8,0.8,0
MCM,20190401,0.8,0.8,0.8,0.8,0
MCM,20190402,0.77,0.8,0.77,0.8,10000
MCM,20190403,0.8,0.8,0.8,0.8,0
MCM,20190404,0.8,0.8,0.8,0.8,0
MCM,20190405,0.8,0.8,0.8,0.8,0
MCM,20190408,0.8,0.8,0.8,0.8,0
MCM,20190409,0.785,0.785,0.785,0.785,14200
MCM,20190410,0.785,0.785,0.785,0.785,0
MCM,20190411,0.785,0.785,0.785,0.785,0
MCM,20190412,0.785,0.785,0.785,0.785,0
MCM,20190415,0.785,0.785,0.785,0.785,0
MCM,20190416,0.8,0.8,0.8,0.8,250
MCM,20190417,0.81,0.81,0.81,0.81,6079
MCM,20190418,0.81,0.81,0.81,0.81,0
MCM,20190423,0.81,0.81,0.81,0.81,0
MCM,20190424,0.81,0.81,0.81,0.81,0
MCM,20190426,0.81,0.81,0.81,0.81,0
MCM,20190429,0.76,0.76,0.76,0.76,54
MCM,20190430,0.76,0.76,0.76,0.76,0
MCM,20190501,0.76,0.76,0.76,0.76,63
MCM,20190502,0.76,0.76,0.76,0.76,0
MCM,20190503,0.76,0.8,0.7,0.8,38813
MCM,20190506,0.8,0.8,0.8,0.8,0
MCM,20190507,0.8,0.8,0.8,0.8,0
MCM,20190508,0.7,0.7,0.7,0.7,20
MCM,20190509,0.7,0.7,0.7,0.7,0
MCM,20190510,0.72,0.72,0.72,0.72,600
MCM,20190513,0.72,0.72,0.72,0.72,0
MCM,20190514,0.72,0.72,0.72,0.72,0
MCM,20190515,0.72,0.72,0.72,0.72,250
MCM,20190516,0.74,0.74,0.74,0.74,218
MCM,20190517,0.74,0.74,0.74,0.74,1550
MCM,20190520,0.74,0.74,0.74,0.74,0
MCM,20190521,0.74,0.74,0.74,0.74,1305
MCM,20190522,0.74,0.74,0.74,0.74,0
MCM,20190523,0.74,0.74,0.74,0.74,0
MCM,20190524,0.74,0.74,0.74,0.74,16556
MCM,20190527,0.74,0.74,0.74,0.74,0
MCM,20190528,0.7,0.7,0.7,0.7,1000
MCM,20190529,0.7,0.7,0.7,0.7,77
MCM,20190530,0.7,0.7,0.7,0.7,0
MCM,20190531,0.7,0.7,0.7,0.7,0
MCM,20190603,0.7,0.7,0.7,0.7,0
MCM,20190604,0.7,0.7,0.7,0.7,0
MCM,20190605,0.7,0.7,0.7,0.7,0
MCM,20190606,0.7,0.7,0.7,0.7,0
MCM,20190607,0.695,0.695,0.695,0.695,1150
MCM,20190611,0.695,0.695,0.695,0.695,0
MCM,20190612,0.695,0.695,0.695,0.695,0
MCM,20190613,0.695,0.695,0.695,0.695,0
MCM,20190614,0.695,0.695,0.695,0.695,0
MCM,20190617,0.695,0.695,0.695,0.695,1250
MCM,20190618,0.695,0.695,0.695,0.695,765
MCM,20190619,0.695,0.695,0.695,0.695,122
MCM,20190620,0.695,0.695,0.695,0.695,0
MCM,20190621,0.695,0.695,0.695,0.695,260
MCM,20190624,0.695,0.695,0.695,0.695,0
MCM,20190625,0.695,0.695,0.695,0.695,0
MCM,20190626,0.665,0.665,0.665,0.665,600
MCM,20190627,0.665,0.665,0.665,0.665,0
MCM,20190628,0.665,0.665,0.665,0.665,0
MCM,20190701,0.665,0.665,0.665,0.665,0
MCM,20190702,0.665,0.665,0.665,0.665,0
MCM,20190703,0.665,0.665,0.665,0.665,0
MCM,20190704,0.665,0.665,0.665,0.665,670
MCM,20190705,0.7,0.7,0.7,0.7,2000
MCM,20190708,0.7,0.7,0.7,0.7,0
MCM,20190709,0.7,0.7,0.7,0.7,0
MCM,20190710,0.7,0.7,0.7,0.7,0
MCM,20190711,0.7,0.7,0.7,0.7,0
MCM,20190712,0.7,0.7,0.7,0.7,0
MCM,20190715,0.7,0.7,0.7,0.7,0
MCM,20190716,0.665,0.665,0.665,0.665,1000
MCM,20190717,0.665,0.665,0.665,0.665,0
MCM,20190718,0.665,0.665,0.665,0.665,0
MCM,20190719,0.665,0.665,0.665,0.665,0
MCM,20190722,0.665,0.665,0.665,0.665,0
MCM,20190723,0.665,0.665,0.665,0.665,0
MCM,20190724,0.665,0.665,0.665,0.665,0
MCM,20190725,0.665,0.665,0.665,0.665,0
MCM,20190726,0.685,0.685,0.685,0.685,894
MCM,20190729,0.685,0.685,0.685,0.685,0
MCM,20190730,0.7,0.7,0.7,0.7,50
MCM,20190731,0.7,0.7,0.7,0.7,0
MCM,20190801,0.7,0.7,0.7,0.7,0
MCM,20190802,0.7,0.7,0.7,0.7,1076
MCM,20190805,0.7,0.7,0.7,0.7,0
MCM,20190806,0.7,0.7,0.7,0.7,0
MCM,20190807,0.7,0.7,0.7,0.7,0
MCM,20190808,0.7,0.7,0.7,0.7,0
MCM,20190809,0.66,0.66,0.66,0.66,3953
MCM,20190812,0.66,0.66,0.66,0.66,0
MCM,20190813,0.63,0.66,0.63,0.66,7364
MCM,20190814,0.66,0.66,0.66,0.66,5028
MCM,20190815,0.66,0.67,0.66,0.66,54157
MCM,20190816,0.66,0.66,0.66,0.66,0
MCM,20190819,0.66,0.66,0.66,0.66,0
MCM,20190820,0.66,0.66,0.66,0.66,0
MCM,20190821,0.66,0.66,0.66,0.66,0
MCM,20190822,0.66,0.66,0.66,0.66,0
MCM,20190823,0.66,0.66,0.66,0.66,0
MCM,20190826,0.66,0.66,0.66,0.66,0
MCM,20190827,0.66,0.66,0.66,0.66,0
MCM,20190828,0.66,0.66,0.66,0.66,0
MCM,20190829,0.66,0.66,0.66,0.66,0
MCM,20190830,0.66,0.66,0.66,0.66,0
MCM,20190902,0.66,0.66,0.66,0.66,0
MCM,20190903,0.66,0.66,0.66,0.66,0
MCM,20190904,0.66,0.66,0.66,0.66,0
MCM,20190905,0.66,0.66,0.66,0.66,1636
MCM,20190906,0.66,0.66,0.66,0.66,0
MCM,20190909,0.49,0.49,0.49,0.49,500
MCM,20190910,0.49,0.49,0.49,0.49,0
MCM,20190911,0.505,0.505,0.505,0.505,750
MCM,20190912,0.505,0.505,0.505,0.505,0
MCM,20190913,0.505,0.505,0.505,0.505,0
MCM,20190916,0.515,0.515,0.515,0.515,22572
MCM,20190917,0.515,0.515,0.515,0.515,0
MCM,20190918,0.515,0.515,0.515,0.515,0
MCM,20190919,0.515,0.515,0.515,0.515,75
MCM,20190920,0.515,0.515,0.515,0.515,250
MCM,20190923,0.515,0.515,0.515,0.515,0
MCM,20190924,0.515,0.515,0.515,0.515,0
MCM,20190925,0.515,0.515,0.515,0.515,0
MCM,20190926,0.515,0.515,0.515,0.515,0
MCM,20190927,0.515,0.515,0.515,0.515,0
MCM,20190930,0.515,0.515,0.515,0.515,0
MCM,20191001,0.515,0.515,0.515,0.515,0
MCM,20191002,0.515,0.515,0.515,0.515,0
MCM,20191003,0.515,0.515,0.515,0.515,3916
MCM,20191004,0.515,0.515,0.515,0.515,0
MCM,20191007,0.515,0.515,0.515,0.515,0
MCM,20191008,0.515,0.515,0.515,0.515,0
MCM,20191009,0.515,0.515,0.515,0.515,0
MCM,20191010,0.515,0.515,0.515,0.515,0
MCM,20191011,0.515,0.515,0.515,0.515,0
MCM,20191014,0.515,0.515,0.515,0.515,0
MCM,20191015,0.515,0.515,0.515,0.515,0
MCM,20191016,0.515,0.515,0.515,0.515,0
MCM,20191017,0.515,0.515,0.515,0.515,0
MCM,20191018,0.515,0.515,0.515,0.515,0
MCM,20191021,0.55,0.55,0.55,0.55,1000
MCM,20191022,0.55,0.55,0.55,0.55,0
MCM,20191023,0.55,0.55,0.55,0.55,0
MCM,20191024,0.55,0.55,0.55,0.55,0
MCM,20191025,0.55,0.55,0.55,0.55,0
MCM,20191028,0.55,0.55,0.55,0.55,0
MCM,20191029,0.55,0.55,0.55,0.55,0
MCM,20191030,0.55,0.55,0.55,0.55,0
MCM,20191031,0.55,0.55,0.55,0.55,0
MCM,20191101,0.55,0.55,0.55,0.55,0
MCM,20191104,0.55,0.55,0.55,0.55,0
MCM,20191105,0.55,0.55,0.55,0.55,0
MCM,20191106,0.55,0.55,0.55,0.55,300
MCM,20191107,0.55,0.55,0.55,0.55,10200
MCM,20191108,0.55,0.55,0.55,0.55,0
MCM,20191111,0.55,0.55,0.55,0.55,0
MCM,20191112,0.55,0.55,0.55,0.55,0
MCM,20191113,0.55,0.55,0.55,0.55,0
MCM,20191114,0.55,0.55,0.55,0.55,0
MCM,20191115,0.55,0.55,0.55,0.55,0
MCM,20191118,0.55,0.55,0.55,0.55,0
MCM,20191119,0.55,0.55,0.55,0.55,0
MCM,20191120,0.55,0.55,0.55,0.55,0
MCM,20191121,0.55,0.55,0.55,0.55,0
MCM,20191122,0.46,0.46,0.455,0.455,530
MCM,20191125,0.46,0.46,0.455,0.455,475
MCM,20191126,0.455,0.455,0.455,0.455,0
MCM,20191127,0.455,0.455,0.455,0.455,0
MCM,20191128,0.455,0.455,0.455,0.455,0
MCM,20191129,0.455,0.455,0.455,0.455,0
MCM,20191202,0.455,0.455,0.455,0.455,0
MCM,20191203,0.455,0.455,0.455,0.455,0
MCM,20191204,0.455,0.455,0.455,0.455,0
MCM,20191205,0.46,0.46,0.455,0.455,500
MCM,20191206,0.455,0.455,0.455,0.455,0
MCM,20191209,0.455,0.455,0.455,0.455,0
MCM,20191210,0.455,0.455,0.455,0.455,0
MCM,20191211,0.455,0.455,0.455,0.455,0
MCM,20191212,0.455,0.455,0.455,0.455,0
MCM,20191213,0.455,0.455,0.455,0.455,68
MCM,20191216,0.5,0.5,0.5,0.5,656
MCM,20191217,0.5,0.5,0.5,0.5,0
MCM,20191218,0.5,0.5,0.5,0.5,0
MCM,20191219,0.5,0.5,0.5,0.5,0
MCM,20191220,0.5,0.5,0.5,0.5,0
MCM,20191223,0.5,0.5,0.5,0.5,0
MCM,20191224,0.45,0.45,0.45,0.45,450
MCM,20191227,0.45,0.45,0.45,0.45,0
MCM,20191230,0.45,0.45,0.45,0.45,0
MCM,20191231,0.45,0.45,0.45,0.45,0
MCM,20200102,0.45,0.45,0.45,0.45,0
MCM,20200103,0.45,0.45,0.45,0.45,0
MCM,20200106,0.45,0.45,0.45,0.45,0
MCM,20200107,0.45,0.45,0.45,0.45,0
MCM,20200108,0.45,0.45,0.45,0.45,0
MCM,20200109,0.45,0.45,0.45,0.45,0
MCM,20200113,0.46,0.46,0.46,0.46,825
MCM,20200114,0.46,0.46,0.46,0.46,0
MCM,20200115,0.46,0.46,0.46,0.46,0
MCM,20200116,0.465,0.465,0.465,0.465,200
MCM,20200117,0.465,0.465,0.465,0.465,0
MCM,20200120,0.465,0.465,0.465,0.465,0
MCM,20200121,0.465,0.465,0.465,0.465,0
MCM,20200122,0.465,0.465,0.465,0.465,0
MCM,20200123,0.465,0.465,0.465,0.465,0
MCM,20200124,0.465,0.465,0.465,0.465,0
MCM,20200128,0.465,0.465,0.465,0.465,0
MCM,20200129,0.465,0.465,0.465,0.465,0
MCM,20200130,0.465,0.465,0.465,0.465,0
MCM,20200203,0.465,0.465,0.465,0.465,0
MCM,20200204,0.465,0.465,0.465,0.465,0
MCM,20200205,0.465,0.465,0.465,0.465,0
MCM,20200210,0.465,0.465,0.465,0.465,7
MCM,20200211,0.465,0.465,0.465,0.465,0
MCM,20200212,0.465,0.465,0.465,0.465,0
MCM,20200213,0.465,0.465,0.465,0.465,0
MCM,20200214,0.465,0.465,0.465,0.465,0
MCM,20200217,0.465,0.465,0.465,0.465,0
MCM,20200218,0.455,0.455,0.455,0.455,105
MCM,20200219,0.455,0.455,0.455,0.455,0
MCM,20200220,0.45,0.45,0.45,0.45,1500
MCM,20200221,0.45,0.45,0.45,0.45,900
MCM,20200224,0.45,0.45,0.45,0.45,1552
MCM,20200225,0.45,0.45,0.45,0.45,215
MCM,20200226,0.45,0.45,0.45,0.45,0
MCM,20200227,0.45,0.45,0.45,0.45,0
MCM,20200228,0.45,0.45,0.45,0.45,0
MCM,20200302,0.45,0.45,0.45,0.45,0
MCM,20200303,0.42,0.42,0.42,0.42,750
MCM,20200304,0.42,0.42,0.42,0.42,0
MCM,20200305,0.42,0.42,0.42,0.42,2100
MCM,20200306,0.42,0.42,0.42,0.42,0
MCM,20200309,0.42,0.42,0.42,0.42,183
MCM,20200310,0.39,0.4,0.39,0.4,34241
MCM,20200311,0.4,0.4,0.4,0.4,0
MCM,20200312,0.4,0.4,0.4,0.4,0
MCM,20200313,0.4,0.4,0.4,0.4,0
MCM,20200316,0.4,0.4,0.4,0.4,0
MCM,20200317,0.4,0.4,0.4,0.4,0
MCM,20200318,0.4,0.4,0.4,0.4,0
MCM,20200319,0.4,0.4,0.4,0.4,0
MCM,20200320,0.4,0.4,0.4,0.4,0
MCM,20200323,0.4,0.4,0.4,0.4,0
MCM,20200324,0.4,0.4,0.4,0.4,0
MCM,20200325,0.4,0.4,0.4,0.4,0
MCM,20200326,0.4,0.4,0.4,0.4,0
MCM,20200327,0.4,0.4,0.4,0.4,0
MCM,20200330,0.4,0.4,0.4,0.4,0
MCM,20200331,0.4,0.4,0.4,0.4,0
MCM,20200401,0.25,0.25,0.25,0.25,2000
MCM,20200402,0.275,0.275,0.275,0.275,10000
MCM,20200403,0.275,0.275,0.275,0.275,0
MCM,20200406,0.275,0.275,0.275,0.275,0
MCM,20200407,0.19,0.2,0.19,0.2,3623
MCM,20200408,0.2,0.2,0.2,0.2,1231
MCM,20200409,0.22,0.22,0.2,0.2,31034
MCM,20200414,0.25,0.25,0.2,0.2,16902
MCM,20200415,0.2,0.2,0.2,0.2,0
MCM,20200416,0.18,0.18,0.125,0.155,247591
MCM,20200417,0.175,0.175,0.175,0.175,7868
MCM,20200420,0.175,0.175,0.175,0.175,0
MCM,20200421,0.18,0.18,0.18,0.18,3000
MCM,20200422,0.18,0.18,0.18,0.18,0
MCM,20200423,0.18,0.18,0.18,0.18,10000
MCM,20200424,0.175,0.175,0.155,0.155,206213
MCM,20200427,0.155,0.155,0.155,0.155,20000
MCM,20200428,0.15,0.155,0.15,0.155,15114
MCM,20200429,0.15,0.155,0.15,0.155,15225
MCM,20200430,0.155,0.155,0.155,0.155,0
MCM,20200501,0.17,0.17,0.17,0.17,7447
MCM,20200504,0.15,0.165,0.15,0.165,68783
MCM,20200505,0.165,0.165,0.165,0.165,0
MCM,20200506,0.15,0.15,0.15,0.15,1000
MCM,20200507,0.15,0.15,0.15,0.15,0
MCM,20200508,0.15,0.15,0.15,0.15,0
MCM,20200511,0.15,0.15,0.15,0.15,0
MCM,20200512,0.16,0.16,0.16,0.16,5000
MCM,20200513,0.16,0.16,0.16,0.16,0
MCM,20200514,0.15,0.15,0.15,0.15,338
MCM,20200515,0.15,0.15,0.15,0.15,0
MCM,20200518,0.15,0.15,0.15,0.15,0
MCM,20200519,0.15,0.15,0.15,0.15,0
MCM,20200520,0.15,0.15,0.15,0.15,0
MCM,20200521,0.16,0.16,0.13,0.13,40000
MCM,20200522,0.13,0.13,0.13,0.13,4500
MCM,20200525,0.14,0.14,0.14,0.14,540
MCM,20200526,0.15,0.16,0.15,0.16,30000
MCM,20200527,0.16,0.16,0.16,0.16,200
MCM,20200528,0.16,0.16,0.13,0.16,21439
MCM,20200529,0.16,0.16,0.15,0.15,160000
MCM,20200601,0.14,0.16,0.14,0.16,3790
MCM,20200602,0.145,0.145,0.14,0.14,7000
MCM,20200603,0.14,0.14,0.14,0.14,0
MCM,20200604,0.145,0.145,0.145,0.145,95073
MCM,20200605,0.145,0.145,0.145,0.145,28618
MCM,20200609,0.155,0.165,0.155,0.16,24905
MCM,20200610,0.145,0.145,0.145,0.145,5000
MCM,20200611,0.145,0.145,0.145,0.145,3125
MCM,20200612,0.13,0.145,0.13,0.145,10849
MCM,20200615,0.145,0.145,0.13,0.13,54296
MCM,20200616,0.13,0.13,0.13,0.13,0
MCM,20200617,0.13,0.13,0.13,0.13,0
MCM,20200618,0.13,0.13,0.13,0.13,0
MCM,20200619,0.15,0.15,0.1,0.11,39724
MCM,20200622,0.11,0.11,0.11,0.11,75
MCM,20200623,0.11,0.11,0.11,0.11,4394
MCM,20200624,0.11,0.11,0.11,0.11,0
MCM,20200625,0.105,0.105,0.105,0.105,19207
MCM,20200626,0.12,0.12,0.11,0.11,30511
MCM,20200629,0.105,0.105,0.105,0.105,1025
MCM,20200630,0.105,0.125,0.1,0.125,20172
MCM,20200701,0.125,0.125,0.096,0.125,167811
MCM,20200702,0.11,0.11,0.11,0.11,3670
MCM,20200703,0.11,0.11,0.11,0.11,0
MCM,20200706,0.11,0.11,0.11,0.11,0
MCM,20200707,0.11,0.11,0.11,0.11,5000
MCM,20200708,0.11,0.11,0.11,0.11,0
MCM,20200709,0.11,0.11,0.091,0.091,249375
MCM,20200710,0.091,0.091,0.091,0.091,0
MCM,20200713,0.1,0.1,0.1,0.1,22500
MCM,20200714,0.1,0.1,0.1,0.1,0
MCM,20200715,0.1,0.1,0.1,0.1,0
MCM,20200716,0.1,0.1,0.1,0.1,0
MCM,20200717,0.1,0.1,0.1,0.1,0
MCM,20200720,0.1,0.1,0.1,0.1,0
MCM,20200721,0.105,0.105,0.105,0.105,2000
MCM,20200722,0.105,0.105,0.105,0.105,0
MCM,20200723,0.105,0.105,0.105,0.105,113237
MCM,20200724,0.11,0.11,0.105,0.105,10613
MCM,20200727,0.1,0.1,0.1,0.1,3850
MCM,20200728,0.1,0.1,0.1,0.1,0
MCM,20200729,0.1,0.1,0.1,0.1,0
MCM,20200730,0.1,0.1,0.1,0.1,0
MCM,20200731,0.1,0.105,0.1,0.105,5000
MCM,20200803,0.105,0.105,0.105,0.105,0
MCM,20200804,0.105,0.105,0.105,0.105,19100
MCM,20200805,0.095,0.095,0.095,0.095,85879
MCM,20200806,0.095,0.095,0.095,0.095,0
MCM,20200807,0.095,0.095,0.095,0.095,0
MCM,20200810,0.092,0.092,0.088,0.089,13883
MCM,20200811,0.089,0.089,0.089,0.089,0
MCM,20200812,0.089,0.089,0.089,0.089,334
MCM,20200813,0.089,0.089,0.089,0.089,50
MCM,20200814,0.089,0.089,0.089,0.089,0
MCM,20200817,0.089,0.089,0.089,0.089,0
MCM,20200818,0.089,0.089,0.089,0.089,0
MCM,20200819,0.089,0.089,0.089,0.089,0
MCM,20200820,0.089,0.089,0.089,0.089,257
MCM,20200821,0.089,0.089,0.089,0.089,0
MCM,20200824,0.089,0.089,0.089,0.089,0
MCM,20200825,0.096,0.096,0.096,0.096,9594
MCM,20200826,0.098,0.1,0.098,0.098,42240
MCM,20200827,0.1,0.1,0.1,0.1,30000
MCM,20200828,0.1,0.1,0.1,0.1,34654
MCM,20200831,0.1,0.1,0.1,0.1,1000
MCM,20200901,0.1,0.1,0.1,0.1,0
MCM,20200902,0.1,0.1,0.1,0.1,0
MCM,20200903,0.1,0.1,0.1,0.1,0
MCM,20200904,0.1,0.1,0.1,0.1,0
MCM,20200907,0.1,0.1,0.1,0.1,0
MCM,20200908,0.12,0.12,0.1,0.1,8349
MCM,20200909,0.12,0.125,0.1,0.1,7273
MCM,20200910,0.1,0.1,0.1,0.1,0
MCM,20200911,0.1,0.1,0.1,0.1,0
MCM,20200914,0.1,0.1,0.1,0.1,0
MCM,20200915,0.1,0.1,0.1,0.1,0
MCM,20200916,0.1,0.1,0.1,0.1,0
MCM,20200917,0.1,0.1,0.1,0.1,0
MCM,20200918,0.1,0.1,0.1,0.1,0
MCM,20200921,0.1,0.1,0.1,0.1,36061
MCM,20200922,0.1,0.1,0.1,0.1,0
MCM,20200923,0.1,0.1,0.1,0.1,0
MCM,20200924,0.1,0.1,0.1,0.1,0
MCM,20200925,0.1,0.1,0.1,0.1,0
MCM,20200928,0.105,0.105,0.105,0.105,1284
MCM,20200929,0.105,0.105,0.105,0.105,0
MCM,20200930,0.105,0.105,0.105,0.105,0
MCM,20201001,0.105,0.105,0.105,0.105,0
MCM,20201002,0.105,0.105,0.105,0.105,57
MCM,20201005,0.105,0.105,0.105,0.105,0
MCM,20201006,0.105,0.105,0.105,0.105,0
MCM,20201007,0.105,0.105,0.105,0.105,10
MCM,20201008,0.105,0.105,0.105,0.105,0
MCM,20201009,0.105,0.105,0.105,0.105,0
MCM,20201012,0.11,0.11,0.11,0.11,27
MCM,20201013,0.11,0.11,0.11,0.11,6224
MCM,20201014,0.11,0.11,0.11,0.11,5326
MCM,20201015,0.11,0.11,0.11,0.11,0
MCM,20201016,0.11,0.11,0.11,0.11,0
MCM,20201019,0.11,0.11,0.11,0.11,0
MCM,20201020,0.11,0.11,0.11,0.11,0
MCM,20201021,0.11,0.11,0.11,0.11,0
MCM,20201022,0.105,0.105,0.105,0.105,1076
MCM,20201023,0.105,0.105,0.105,0.105,0
MCM,20201026,0.105,0.105,0.105,0.105,0
MCM,20201027,0.105,0.105,0.1,0.1,50000
MCM,20201028,0.1,0.1,0.1,0.1,0
MCM,20201029,0.1,0.1,0.1,0.1,0
MCM,20201030,0.1,0.1,0.1,0.1,0
MCM,20201102,0.1,0.1,0.1,0.1,0
MCM,20201103,0.1,0.1,0.1,0.1,0
MCM,20201104,0.13,0.135,0.13,0.135,33437
MCM,20201105,0.17,0.22,0.17,0.17,125988
MCM,20201106,0.19,0.23,0.17,0.23,27877
MCM,20201109,0.215,0.215,0.18,0.19,13733
MCM,20201110,0.19,0.19,0.19,0.19,0
MCM,20201111,0.19,0.19,0.19,0.19,2420
MCM,20201112,0.19,0.19,0.19,0.19,0
MCM,20201113,0.19,0.19,0.19,0.19,5263
MCM,20201116,0.19,0.19,0.19,0.19,0
MCM,20201117,0.19,0.19,0.19,0.19,225
MCM,20201118,0.19,0.19,0.19,0.19,0
MCM,20201120,0.19,0.19,0.19,0.19,0
MCM,20201123,0.19,0.19,0.19,0.19,0
MCM,20201124,0.19,0.19,0.19,0.19,0
MCM,20201125,0.19,0.19,0.19,0.19,0
MCM,20201126,0.19,0.19,0.19,0.19,1491
MCM,20201127,0.19,0.19,0.19,0.19,0
MCM,20201130,0.24,0.24,0.2,0.205,12317
MCM,20201201,0.205,0.205,0.205,0.205,0
MCM,20201202,0.205,0.205,0.205,0.205,1498
MCM,20201203,0.205,0.205,0.205,0.205,0
MCM,20201204,0.205,0.205,0.19,0.19,31996
MCM,20201207,0.2,0.2,0.2,0.2,10526
MCM,20201208,0.2,0.2,0.2,0.2,0
MCM,20201209,0.2,0.2,0.2,0.2,0
MCM,20201210,0.2,0.2,0.2,0.2,0
MCM,20201211,0.2,0.2,0.2,0.2,0
MCM,20201214,0.2,0.2,0.2,0.2,0
MCM,20201215,0.18,0.19,0.18,0.19,177653
MCM,20201216,0.19,0.19,0.19,0.19,8008
MCM,20201217,0.19,0.19,0.19,0.19,0
MCM,20201218,0.19,0.19,0.19,0.19,9000
MCM,20201221,0.19,0.19,0.19,0.19,0
MCM,20201222,0.19,0.19,0.19,0.19,7989
MCM,20201224,0.19,0.19,0.19,0.19,0
MCM,20201229,0.19,0.19,0.19,0.19,0
MCM,20201230,0.145,0.17,0.145,0.17,32930
MCM,20201231,0.17,0.17,0.17,0.17,0
MCM,20210104,0.17,0.17,0.17,0.17,0
MCM,20210105,0.185,0.185,0.185,0.185,20000
MCM,20210106,0.16,0.16,0.16,0.16,6800
MCM,20210107,0.16,0.16,0.16,0.16,0
MCM,20210108,0.16,0.16,0.16,0.16,180
MCM,20210111,0.16,0.16,0.16,0.16,0
MCM,20210112,0.16,0.16,0.16,0.16,0
MCM,20210113,0.16,0.16,0.16,0.16,0
MCM,20210114,0.145,0.145,0.145,0.145,500
MCM,20210115,0.185,0.19,0.17,0.17,41314
MCM,20210118,0.17,0.19,0.17,0.19,10699
MCM,20210119,0.185,0.185,0.15,0.16,161934
MCM,20210120,0.155,0.155,0.15,0.15,123011
MCM,20210121,0.15,0.15,0.15,0.15,30000
MCM,20210122,0.145,0.145,0.145,0.145,37499
MCM,20210125,0.145,0.145,0.145,0.145,0
MCM,20210127,0.135,0.145,0.13,0.145,30166
MCM,20210128,0.145,0.15,0.145,0.15,7500
MCM,20210129,0.15,0.15,0.15,0.15,0
MCM,20210201,0.15,0.15,0.15,0.15,0
MCM,20210203,0.15,0.15,0.15,0.15,0
MCM,20210204,0.15,0.15,0.15,0.15,0
MCM,20210205,0.155,0.17,0.155,0.17,319123
MCM,20210208,0.17,0.17,0.16,0.17,154181
MCM,20210209,0.165,0.165,0.165,0.165,3468
MCM,20210210,0.165,0.165,0.165,0.165,0
MCM,20210211,0.165,0.165,0.165,0.165,12121
MCM,20210212,0.165,0.165,0.165,0.165,0
MCM,20210215,0.15,0.15,0.135,0.135,21234
MCM,20210216,0.135,0.135,0.135,0.135,5000
MCM,20210217,0.135,0.15,0.135,0.135,13822
MCM,20210218,0.135,0.135,0.135,0.135,0
MCM,20210219,0.135,0.135,0.135,0.135,13647
MCM,20210222,0.135,0.135,0.135,0.135,0
MCM,20210223,0.135,0.135,0.135,0.135,0
MCM,20210224,0.135,0.135,0.135,0.135,0
MCM,20210225,0.135,0.135,0.135,0.135,0
MCM,20210226,0.14,0.14,0.14,0.14,6000
MCM,20210301,0.14,0.14,0.14,0.14,0
MCM,20210302,0.14,0.14,0.14,0.14,5650
MCM,20210303,0.13,0.135,0.13,0.135,4420
MCM,20210304,0.14,0.14,0.135,0.135,72670
MCM,20210305,0.13,0.13,0.13,0.13,17580
MCM,20210308,0.125,0.125,0.125,0.125,6000
MCM,20210309,0.125,0.125,0.125,0.125,0
MCM,20210310,0.125,0.125,0.125,0.125,4000
MCM,20210311,0.125,0.125,0.125,0.125,4000
MCM,20210312,0.125,0.125,0.125,0.125,0
MCM,20210315,0.125,0.125,0.125,0.125,0
MCM,20210316,0.125,0.125,0.125,0.125,0
MCM,20210317,0.125,0.125,0.125,0.125,0
MCM,20210318,0.125,0.125,0.125,0.125,0
MCM,20210319,0.125,0.125,0.125,0.125,0
MCM,20210322,0.125,0.125,0.125,0.125,0
MCM,20210323,0.125,0.125,0.125,0.125,0
MCM,20210324,0.125,0.125,0.125,0.125,0
MCM,20210325,0.125,0.125,0.125,0.125,0
MCM,20210329,0.11,0.11,0.11,0.11,0
MCM,20210330,0.11,0.11,0.11,0.11,4375
MCM,20210331,0.11,0.11,0.11,0.11,0
MCM,20210401,0.125,0.13,0.125,0.13,395670
MCM,20210406,0.14,0.14,0.14,0.14,19354
MCM,20210407,0.14,0.14,0.14,0.14,0
MCM,20210408,0.14,0.14,0.14,0.14,0
MCM,20210409,0.115,0.115,0.115,0.115,6980
MCM,20210412,0.115,0.115,0.115,0.115,0
MCM,20210413,0.115,0.115,0.115,0.115,0
MCM,20210414,0.115,0.115,0.115,0.115,0
MCM,20210415,0.115,0.115,0.115,0.115,0
MCM,20210416,0.13,0.13,0.13,0.13,14685
MCM,20210419,0.13,0.13,0.13,0.13,3232
MCM,20210420,0.13,0.13,0.13,0.13,32083
MCM,20210421,0.13,0.14,0.13,0.14,27190
MCM,20210422,0.14,0.14,0.14,0.14,0
MCM,20210423,0.14,0.14,0.14,0.14,4137
MCM,20210426,0.14,0.14,0.14,0.14,0
MCM,20210427,0.14,0.14,0.14,0.14,0
MCM,20210428,0.14,0.14,0.14,0.14,0
MCM,20210429,0.14,0.14,0.14,0.14,0
MCM,20210430,0.14,0.14,0.14,0.14,0
MCM,20210503,0.14,0.14,0.14,0.14,0
MCM,20210504,0.115,0.14,0.115,0.14,4650
MCM,20210505,0.14,0.14,0.14,0.14,0
MCM,20210506,0.12,0.12,0.11,0.115,57000
MCM,20210507,0.115,0.115,0.115,0.115,1234
MCM,20210510,0.105,0.105,0.105,0.105,417
MCM,20210511,0.105,0.105,0.105,0.105,0
MCM,20210512,0.105,0.105,0.105,0.105,0
MCM,20210513,0.105,0.105,0.105,0.105,0
MCM,20210514,0.105,0.105,0.105,0.105,0
MCM,20210517,0.11,0.11,0.11,0.11,10526
MCM,20210518,0.12,0.12,0.105,0.105,350331
MCM,20210519,0.105,0.105,0.105,0.105,0
MCM,20210520,0.105,0.105,0.105,0.105,0
MCM,20210521,0.105,0.105,0.105,0.105,0
MCM,20210524,0.12,0.12,0.12,0.12,30167
MCM,20210525,0.1,0.1,0.1,0.1,5333
MCM,20210526,0.105,0.105,0.105,0.105,5250
MCM,20210527,0.105,0.105,0.105,0.105,0
MCM,20210528,0.105,0.105,0.105,0.105,0
MCM,20210531,0.105,0.105,0.105,0.105,0
MCM,20210601,0.105,0.105,0.105,0.105,14057
MCM,20210602,0.105,0.105,0.105,0.105,500
MCM,20210603,0.105,0.105,0.105,0.105,0
MCM,20210604,0.105,0.105,0.105,0.105,0
MCM,20210607,0.105,0.105,0.105,0.105,800
MCM,20210609,0.105,0.105,0.105,0.105,0
MCM,20210610,0.105,0.105,0.105,0.105,0
MCM,20210611,0.105,0.105,0.105,0.105,0
MCM,20210615,0.105,0.105,0.105,0.105,26000
MCM,20210616,0.105,0.105,0.105,0.105,0
MCM,20210617,0.105,0.105,0.105,0.105,1012
MCM,20210618,0.105,0.105,0.105,0.105,0
MCM,20210621,0.105,0.105,0.105,0.105,1392
MCM,20210622,0.105,0.105,0.105,0.105,0
MCM,20210623,0.105,0.105,0.105,0.105,0
MCM,20210625,0.1,0.1,0.1,0.1,4740
MCM,20210628,0.1,0.1,0.1,0.1,500
MCM,20210629,0.1,0.1,0.1,0.1,0
MCM,20210630,0.1,0.1,0.1,0.1,250
MCM,20210701,0.1,0.1,0.1,0.1,0
MCM,20210705,0.115,0.115,0.115,0.115,123183
MCM,20210706,0.115,0.115,0.115,0.115,0
MCM,20210707,0.115,0.115,0.115,0.115,0
MCM,20210708,0.115,0.115,0.115,0.115,0
MCM,20210709,0.115,0.115,0.115,0.115,0
MCM,20210712,0.115,0.115,0.115,0.115,0
MCM,20210714,0.115,0.115,0.115,0.115,0
MCM,20210715,0.115,0.115,0.115,0.115,0
MCM,20210716,0.115,0.115,0.115,0.115,0
MCM,20210719,0.115,0.115,0.115,0.115,0
MCM,20210720,0.115,0.115,0.115,0.115,4356
MCM,20210723,0.115,0.115,0.115,0.115,0
MCM,20210726,0.115,0.115,0.115,0.115,0
MCM,20210727,0.115,0.115,0.115,0.115,0
MCM,20210728,0.115,0.145,0.115,0.145,791129
MCM,20210729,0.125,0.125,0.12,0.12,120342
MCM,20210730,0.12,0.12,0.12,0.12,0
MCM,20210802,0.12,0.12,0.12,0.12,0
MCM,20210803,0.12,0.12,0.12,0.12,0
MCM,20210804,0.12,0.12,0.12,0.12,30246
MCM,20210805,0.12,0.12,0.12,0.12,8333
MCM,20210806,0.12,0.12,0.12,0.12,8997
MCM,20210809,0.12,0.16,0.12,0.15,48147
MCM,20210810,0.125,0.125,0.115,0.115,856417
MCM,20210811,0.12,0.125,0.12,0.12,570332
MCM,20210812,0.125,0.125,0.115,0.115,211682
MCM,20210813,0.125,0.125,0.12,0.125,288015
MCM,20210819,0.12,0.12,0.12,0.12,0
MCM,20210820,0.12,0.12,0.12,0.12,0
MCM,20210823,0.125,0.125,0.125,0.125,112000
MCM,20210824,0.125,0.125,0.125,0.125,827000
MCM,20210825,0.12,0.125,0.12,0.12,79000
MCM,20210826,0.12,0.125,0.12,0.125,15283
MCM,20210827,0.125,0.125,0.125,0.125,11000
MCM,20210830,0.125,0.125,0.125,0.125,84840
MCM,20210831,0.125,0.125,0.125,0.125,107391
MCM,20210901,0.125,0.125,0.125,0.125,95774
MCM,20210902,0.125,0.125,0.105,0.105,135534
MCM,20210903,0.105,0.105,0.105,0.105,0
MCM,20210906,0.105,0.105,0.105,0.105,0
MCM,20210907,0.105,0.105,0.105,0.105,0
MCM,20210908,0.125,0.125,0.125,0.125,83448
MCM,20210909,0.125,0.125,0.125,0.125,7600
MCM,20210910,0.125,0.125,0.12,0.125,302492
MCM,20210913,0.12,0.125,0.12,0.125,31000
MCM,20210914,0.125,0.125,0.125,0.125,109880
MCM,20210915,0.125,0.125,0.125,0.125,5000
MCM,20210916,0.12,0.12,0.12,0.12,22000
MCM,20210917,0.125,0.125,0.125,0.125,74220
MCM,20210920,0.125,0.165,0.125,0.165,37000
MCM,20210922,0.125,0.125,0.125,0.125,47936
MCM,20210923,0.125,0.125,0.125,0.125,108933
MCM,20210924,0.125,0.125,0.125,0.125,25000
MCM,20210927,0.125,0.125,0.125,0.125,99000
MCM,20210928,0.125,0.125,0.125,0.125,154000
MCM,20210929,0.125,0.125,0.125,0.125,93000
MCM,20210930,0.12,0.125,0.12,0.12,45606
MCM,20211001,0.125,0.125,0.125,0.125,10600
MCM,20211004,0.125,0.125,0.12,0.125,63068
MCM,20211005,0.125,0.125,0.125,0.125,434294
MCM,20211006,0.125,0.125,0.122,0.125,318524
MCM,20211007,0.125,0.125,0.12,0.125,93900
MCM,20211008,0.125,0.125,0.125,0.125,68040
MCM,20211011,0.125,0.125,0.125,0.125,211587
MCM,20211012,0.125,0.125,0.125,0.125,211587
MCM,20211013,0.125,0.125,0.12,0.12,34555
MCM,20211014,0.125,0.125,0.125,0.125,48348
MCM,20211019,0.125,0.125,0.125,0.125,129397
MCM,20211020,0.125,0.125,0.12,0.12,20000
MCM,20211021,0.125,0.125,0.12,0.12,231472
MCM,20211022,0.12,0.125,0.12,0.12,29092
MCM,20211025,0.12,0.125,0.12,0.125,16300
MCM,20211026,0.125,0.125,0.122,0.122,17204
MCM,20211028,0.115,0.125,0.115,0.125,147920
MCM,20211029,0.12,0.12,0.12,0.12,21600
MCM,20211101,0.12,0.12,0.12,0.12,0
MCM,20211102,0.125,0.125,0.1,0.1,104613
MCM,20211103,0.105,0.105,0.1,0.1,106826
MCM,20211104,0.11,0.11,0.11,0.11,5332
MCM,20211105,0.096,0.096,0.096,0.096,1616
MCM,20211109,0.1,0.1,0.1,0.1,973
MCM,20211110,0.1,0.1,0.1,0.1,0
MCM,20211112,0.105,0.105,0.105,0.105,0
MCM,20211115,0.105,0.105,0.105,0.105,0
MCM,20211116,0.105,0.105,0.105,0.105,0
MCM,20211117,0.105,0.105,0.105,0.105,10
MCM,20211118,0.094,0.094,0.094,0.094,29144
MCM,20211119,0.093,0.093,0.093,0.093,29144
MCM,20211122,0.093,0.094,0.093,0.093,67473
MCM,20211123,0.09,0.09,0.09,0.09,9990
MCM,20211124,0.091,0.091,0.091,0.091,1250
MCM,20211125,0.091,0.091,0.091,0.091,0
MCM,20211126,0.091,0.091,0.091,0.091,0
MCM,20211129,0.091,0.091,0.091,0.091,0
MCM,20211130,0.095,0.1,0.095,0.1,4700
MCM,20211201,0.1,0.1,0.095,0.095,12300
MCM,20211202,0.095,0.095,0.095,0.095,0
MCM,20211203,0.083,0.083,0.083,0.083,10800
MCM,20211206,0.082,0.082,0.082,0.082,10000
MCM,20211207,0.082,0.082,0.082,0.082,0
MCM,20211208,0.082,0.082,0.082,0.082,0
MCM,20211209,0.082,0.082,0.082,0.082,0
MCM,20211210,0.09,0.09,0.087,0.087,28949
MCM,20211213,0.087,0.087,0.087,0.087,0
MCM,20211214,0.087,0.087,0.087,0.087,8000
MCM,20211216,0.09,0.09,0.09,0.09,0
MCM,20211217,0.09,0.09,0.09,0.09,0
MCM,20211220,0.09,0.09,0.09,0.09,0
MCM,20211221,0.09,0.09,0.09,0.09,0
MCM,20211222,0.09,0.09,0.09,0.09,0
MCM,20211223,0.09,0.09,0.09,0.09,0
MCM,20211224,0.1,0.105,0.1,0.105,13140
MCM,20211229,0.095,0.095,0.095,0.095,20000
MCM,20211230,0.095,0.095,0.095,0.095,16004
MCM,20211231,0.094,0.094,0.094,0.094,5315
MCM,20220104,0.094,0.094,0.094,0.094,0
MCM,20220105,0.094,0.094,0.094,0.094,1010
MCM,20220106,0.094,0.094,0.094,0.094,0
MCM,20220107,0.094,0.094,0.094,0.094,4275
MCM,20220110,0.094,0.094,0.094,0.094,0
MCM,20220111,0.094,0.094,0.09,0.09,150234
MCM,20220112,0.09,0.09,0.09,0.09,0
MCM,20220113,0.09,0.09,0.09,0.09,0
MCM,20220114,0.087,0.091,0.087,0.091,14364
MCM,20220117,0.091,0.091,0.08,0.08,4538
MCM,20220118,0.08,0.08,0.08,0.08,0
MCM,20220119,0.085,0.085,0.08,0.08,261842
MCM,20220120,0.08,0.08,0.08,0.08,766
MCM,20220121,0.078,0.078,0.078,0.078,12366
MCM,20220124,0.099,0.099,0.099,0.099,1675
MCM,20220125,0.099,0.099,0.099,0.099,5403
MCM,20220127,0.099,0.099,0.099,0.099,0
MCM,20220128,0.099,0.099,0.099,0.099,0
MCM,20220131,0.099,0.099,0.099,0.099,30621
MCM,20220201,0.099,0.1,0.099,0.1,31202
MCM,20220202,0.097,0.097,0.097,0.097,90000
MCM,20220203,0.097,0.097,0.097,0.097,0
MCM,20220204,0.098,0.098,0.098,0.098,5077
MCM,20220207,0.098,0.098,0.098,0.098,0
MCM,20220208,0.098,0.098,0.098,0.098,21200
MCM,20220209,0.098,0.098,0.098,0.098,0
MCM,20220210,0.098,0.098,0.098,0.098,0
MCM,20220211,0.098,0.098,0.098,0.098,0
MCM,20220214,0.095,0.095,0.095,0.095,1
MCM,20220215,0.081,0.081,0.081,0.081,2400
MCM,20220216,0.081,0.081,0.081,0.081,3
MCM,20220217,0.081,0.081,0.081,0.081,0
MCM,20220218,0.083,0.083,0.083,0.083,16
MCM,20220221,0.083,0.083,0.083,0.083,4000
MCM,20220222,0.083,0.083,0.083,0.083,15462
MCM,20220223,0.083,0.083,0.083,0.083,6827
MCM,20220224,0.086,0.086,0.086,0.086,17648
MCM,20220225,0.085,0.085,0.085,0.085,23723
MCM,20220228,0.085,0.085,0.085,0.085,6000
MCM,20220301,0.085,0.085,0.085,0.085,30017
MCM,20220302,0.083,0.083,0.083,0.083,8000
MCM,20220303,0.095,0.115,0.095,0.115,64849
MCM,20220304,0.115,0.115,0.1,0.1,448816
MCM,20220307,0.1,0.1,0.083,0.083,105881
MCM,20220308,0.09,0.09,0.09,0.09,41666
MCM,20220309,0.09,0.09,0.09,0.09,0
MCM,20220310,0.09,0.09,0.083,0.083,11227
MCM,20220311,0.083,0.083,0.083,0.083,0
MCM,20220314,0.084,0.089,0.083,0.083,44252
MCM,20220315,0.083,0.083,0.079,0.079,61939
MCM,20220316,0,0,0,0,0
MCM,20220317,0.09,0.09,0.087,0.087,100003
MCM,20220318,0.1,0.12,0.1,0.115,86801
MCM,20220321,0.11,0.11,0.105,0.11,25543
MCM,20220322,0.105,0.105,0.1,0.105,24979
MCM,20220323,0.11,0.11,0.11,0.11,4453
MCM,20220324,0.11,0.11,0.11,0.11,963
MCM,20220325,0.11,0.11,0.11,0.11,22681
MCM,20220328,0.11,0.11,0.11,0.11,0
MCM,20220329,0.11,0.11,0.1,0.1,15565
MCM,20220330,0.12,0.12,0.12,0.12,4074
MCM,20220331,0.115,0.115,0.115,0.115,1667
MCM,20220401,0.11,0.115,0.11,0.115,21801
MCM,20220404,0.115,0.115,0.115,0.115,0
MCM,20220405,0.115,0.115,0.115,0.115,0
MCM,20220406,0.11,0.125,0.105,0.11,213799
MCM,20220407,0.11,0.11,0.11,0.11,0
MCM,20220408,0.11,0.11,0.11,0.11,0
MCM,20220411,0.105,0.105,0.1,0.105,24376
MCM,20220412,0.105,0.115,0.105,0.115,22922
MCM,20220413,0.125,0.125,0.105,0.125,49897
MCM,20220414,0.165,0.175,0.145,0.165,366621
MCM,20220419,0.165,0.175,0.165,0.165,196067
MCM,20220420,0.165,0.165,0.15,0.16,31000
MCM,20220421,0.165,0.165,0.15,0.16,31000
MCM,20220422,0.15,0.16,0.15,0.16,56996
MCM,20220426,0.16,0.165,0.135,0.135,148009
MCM,20220427,0.14,0.14,0.14,0.14,25609
MCM,20220428,0.15,0.15,0.14,0.14,44402
MCM,20220429,0.15,0.165,0.145,0.165,53690
MCM,20220502,0.165,0.165,0.16,0.16,17457
MCM,20220503,0.145,0.155,0.145,0.155,3026
MCM,20220504,0.155,0.155,0.155,0.155,8
MCM,20220505,0.145,0.15,0.145,0.145,28639
MCM,20220506,0.15,0.15,0.14,0.14,86790
MCM,20220509,0.14,0.14,0.13,0.135,51206
MCM,20220510,0.135,0.135,0.13,0.13,41038
MCM,20220511,0.135,0.15,0.135,0.15,78672
MCM,20220512,0.15,0.15,0.15,0.15,0
MCM,20220513,0.15,0.15,0.15,0.15,100
MCM,20220516,0.15,0.15,0.15,0.15,85
MCM,20220517,0.15,0.15,0.15,0.15,40
MCM,20220518,0.15,0.15,0.15,0.15,0
MCM,20220519,0.15,0.15,0.15,0.15,2
MCM,20220520,0.14,0.145,0.125,0.145,88948
MCM,20220523,0.125,0.135,0.125,0.135,4600
MCM,20220524,0.135,0.135,0.135,0.135,16
MCM,20220525,0.145,0.145,0.14,0.14,35003
MCM,20220526,0.14,0.14,0.14,0.14,0
MCM,20220527,0.14,0.14,0.14,0.14,20
MCM,20220530,0.14,0.14,0.14,0.14,4000
MCM,20220531,0.14,0.14,0.14,0.14,0
MCM,20220601,0.14,0.145,0.14,0.145,95631
MCM,20220602,0.15,0.15,0.15,0.15,1240
MCM,20220603,0.15,0.15,0.15,0.15,0
MCM,20220606,0.16,0.16,0.15,0.15,84667
MCM,20220607,0.15,0.15,0.15,0.15,0
MCM,20220608,0.15,0.155,0.145,0.155,16718
MCM,20220609,0.15,0.155,0.15,0.155,35400
MCM,20220610,0.16,0.16,0.16,0.16,7000
MCM,20220614,0.15,0.15,0.14,0.14,49001
MCM,20220615,0.135,0.135,0.11,0.11,275411
MCM,20220616,0.135,0.14,0.12,0.12,78478
MCM,20220617,0.115,0.115,0.1,0.115,189815
MCM,20220620,0.115,0.115,0.097,0.099,134022
MCM,20220621,0.12,0.12,0.115,0.115,80810
MCM,20220622,0.11,0.115,0.097,0.097,259700
MCM,20220623,0.1,0.1,0.099,0.099,99700
MCM,20220624,0.1,0.1,0.098,0.1,384211
MCM,20220627,0.1,0.1,0.098,0.1,59800
MCM,20220628,0.105,0.11,0.105,0.11,84865
MCM,20220629,0.12,0.12,0.12,0.12,33125
MCM,20220630,0.13,0.13,0.115,0.12,30350
MCM,20220701,0.125,0.125,0.125,0.125,27336
MCM,20220704,0.12,0.125,0.12,0.125,31129
MCM,20220705,0.125,0.125,0.125,0.125,32950
MCM,20220706,0.125,0.125,0.125,0.125,49370
MCM,20220707,0.125,0.125,0.125,0.125,0
MCM,20220708,0.115,0.125,0.115,0.125,2080
MCM,20220711,0.125,0.125,0.125,0.125,0
MCM,20220712,0.125,0.125,0.125,0.125,15043
MCM,20220713,0.125,0.125,0.125,0.125,0
MCM,20220714,0.125,0.125,0.125,0.125,190
MCM,20220715,0.125,0.125,0.125,0.125,0
MCM,20220718,0.125,0.125,0.125,0.125,16405
MCM,20220719,0.14,0.14,0.135,0.135,56000
MCM,20220720,0.135,0.14,0.135,0.14,69909
MCM,20220721,0.14,0.14,0.14,0.14,0
MCM,20220722,0.14,0.14,0.14,0.14,0
MCM,20220725,0.14,0.14,0.14,0.14,0
MCM,20220726,0.14,0.15,0.14,0.14,69295
MCM,20220727,0.145,0.145,0.14,0.14,59806
MCM,20220728,0.215,0.245,0.21,0.245,376811
MCM,20220729,0.24,0.24,0.215,0.235,146154
MCM,20220801,0.215,0.22,0.2,0.22,72397
MCM,20220802,0.225,0.235,0.225,0.235,24080
MCM,20220803,0.25,0.26,0.235,0.235,83737
MCM,20220805,0.245,0.245,0.245,0.245,412
MCM,20220808,0.235,0.235,0.235,0.235,5
MCM,20220809,0.235,0.235,0.235,0.235,4402
MCM,20220810,0.235,0.235,0.235,0.235,0
MCM,20220811,0.215,0.215,0.2,0.2,58261
MCM,20220812,0.215,0.215,0.215,0.215,72500
MCM,20220815,0.21,0.21,0.21,0.21,33348
MCM,20220816,0.215,0.235,0.215,0.215,146684
MCM,20220817,0.235,0.27,0.235,0.26,56090
MCM,20220818,0.27,0.27,0.255,0.26,35109
MCM,20220819,0.265,0.27,0.26,0.26,55384
MCM,20220822,0.27,0.33,0.27,0.305,58615
MCM,20220823,0.31,0.33,0.31,0.32,20169
MCM,20220824,0.325,0.325,0.28,0.3,28429
MCM,20220825,0.29,0.295,0.265,0.29,45057
MCM,20220826,0.29,0.295,0.265,0.29,0
MCM,20220829,0.305,0.325,0.3,0.31,49271
MCM,20220830,0.315,0.315,0.295,0.3,13327
MCM,20220831,0.295,0.33,0.295,0.3,28463
MCM,20220901,0.305,0.305,0.3,0.3,19649
MCM,20220902,0.305,0.305,0.305,0.305,3700
MCM,20220905,0.31,0.31,0.305,0.305,1820
MCM,20220906,0.31,0.31,0.3,0.3,65695
MCM,20220907,0.33,0.4,0.33,0.4,278777
MCM,20220909,0.5,0.505,0.45,0.5,0
MCM,20220912,0.5,0.645,0.5,0.57,159351
MCM,20220913,0.57,0.6,0.54,0.54,104540
MCM,20220914,0.56,0.56,0.55,0.555,73708
MCM,20220915,0.57,0.67,0.57,0.665,140648
MCM,20220916,0.63,0.645,0.525,0.59,119219
MCM,20220919,0.615,0.675,0.6,0.67,90158
MCM,20220920,0.685,0.925,0.685,0.92,83270
MCM,20220921,0.8,0.8,0.705,0.705,225471
