MGC,20160212,2.03,2.06,2.01,2.01,419858
MGC,20160215,2.05,2.07,2.01,2.04,621723
MGC,20160216,2.1,2.12,2.06,2.09,583782
MGC,20160217,2.09,2.18,2.03,2.04,719823
MGC,20160218,2.1,2.11,2.07,2.09,756534
MGC,20160219,2.11,2.11,2.06,2.06,341129
MGC,20160222,2.09,2.09,2.06,2.09,240349
MGC,20160223,2.09,2.14,2.08,2.14,336957
MGC,20160224,2.14,2.18,2.1,2.18,282008
MGC,20160225,2.18,2.18,2.08,2.08,263751
MGC,20160226,2.1,2.14,2.08,2.1,213449
MGC,20160229,1.98,1.985,1.815,1.88,3810479
MGC,20160301,1.89,2.08,1.89,2.06,1018464
MGC,20160302,2.1,2.1,2,2.03,1265588
MGC,20160303,2.05,2.09,2.03,2.07,484519
MGC,20160304,2.05,2.09,2.04,2.06,363941
MGC,20160307,2.08,2.08,2.03,2.05,333237
MGC,20160308,2.06,2.1,2.035,2.04,884264
MGC,20160309,2.08,2.1,2.06,2.1,416898
MGC,20160310,2.07,2.15,2.07,2.1,543403
MGC,20160311,2.08,2.1,2.04,2.08,219349
MGC,20160314,2.09,2.1,2.05,2.1,267834
MGC,20160315,2.1,2.17,2.09,2.16,723396
MGC,20160316,2.18,2.2,2.07,2.2,559410
MGC,20160317,2.22,2.3,2.16,2.27,682587
MGC,20160318,2.27,2.29,2.21,2.29,1555091
MGC,20160321,2.3,2.31,2.255,2.29,635347
MGC,20160322,2.29,2.34,2.28,2.34,600042
MGC,20160323,2.33,2.34,2.3,2.3,412492
MGC,20160324,2.3,2.33,2.25,2.28,490641
MGC,20160329,2.27,2.28,2.2,2.26,190206
MGC,20160330,2.26,2.26,2.21,2.23,256812
MGC,20160331,2.26,2.285,2.22,2.28,212580
MGC,20160401,2.28,2.28,2.22,2.25,197501
MGC,20160404,2.25,2.26,2.205,2.21,285467
MGC,20160405,2.24,2.25,2.21,2.25,324437
MGC,20160406,2.23,2.27,2.2,2.27,230002
MGC,20160407,2.27,2.29,2.22,2.26,315769
MGC,20160408,2.26,2.26,2.22,2.22,209268
MGC,20160411,2.22,2.22,2.1,2.19,840398
MGC,20160412,2.12,2.12,1.99,2.01,2969127
MGC,20160413,2.04,2.08,2,2.03,1979046
MGC,20160414,2.05,2.18,2.02,2.14,700120
MGC,20160415,2.15,2.16,2.1,2.12,396077
MGC,20160418,2.16,2.2,2.13,2.17,655924
MGC,20160419,2.18,2.195,2.15,2.18,891307
MGC,20160420,2.19,2.19,2.12,2.15,364067
MGC,20160421,2.1,2.14,2.08,2.14,734961
MGC,20160422,2.14,2.14,2.14,2.14,0
MGC,20160426,2.14,2.14,2.14,2.14,0
MGC,20160427,1.5,1.5,1.24,1.24,19233099
MGC,20160428,1.27,1.35,1.22,1.3,11152770
MGC,20160429,1.3,1.35,1.245,1.25,5305035
MGC,20160502,1.26,1.27,1.23,1.23,2272300
MGC,20160503,1.235,1.255,1.18,1.185,3286180
MGC,20160504,1.18,1.18,1.11,1.125,2440792
MGC,20160505,1.14,1.185,1.14,1.17,1190472
MGC,20160506,1.18,1.18,1.115,1.12,1729848
MGC,20160509,1.135,1.145,1.115,1.135,2589303
MGC,20160510,1.15,1.15,1.1,1.1,2189249
MGC,20160511,1.12,1.122,1,1.005,6099017
MGC,20160512,1.01,1.02,0.96,1,4683357
MGC,20160513,1.02,1.04,0.965,0.97,2806523
MGC,20160516,0.965,0.982,0.955,0.955,1735493
MGC,20160517,0.955,0.96,0.85,0.865,5749968
MGC,20160518,0.87,0.895,0.86,0.86,4362241
MGC,20160519,0.865,0.865,0.825,0.825,2618812
MGC,20160520,0.835,0.91,0.83,0.91,3668853
MGC,20160523,0.94,0.995,0.9,0.97,3701698
MGC,20160524,0.98,1.04,0.965,1,3134021
MGC,20160525,1.01,1.055,1.01,1.04,1420557
MGC,20160526,1.05,1.06,1.015,1.035,1587195
MGC,20160527,1.035,1.035,1,1.005,1272460
MGC,20160530,1.005,1.01,0.99,1.01,709824
MGC,20160531,1.01,1.01,0.99,1,559653
MGC,20160601,1.01,1.015,0.99,1,505202
MGC,20160602,1,1,0.965,0.965,616681
MGC,20160603,0.98,0.995,0.975,0.995,494214
MGC,20160606,1,1,0.99,1,422307
MGC,20160607,1,1.08,0.99,1.08,2244712
MGC,20160608,1.09,1.107,1.075,1.09,3280328
MGC,20160609,1.09,1.145,1.08,1.135,2082376
MGC,20160610,1.135,1.195,1.13,1.15,1627192
MGC,20160614,1.15,1.2,1.1,1.13,1255642
MGC,20160615,1.15,1.15,1.1,1.145,1036269
MGC,20160616,1.15,1.195,1.14,1.18,1086700
MGC,20160617,1.175,1.2,1.16,1.2,1720793
MGC,20160620,1.21,1.21,1.175,1.205,562949
MGC,20160621,1.205,1.21,1.185,1.205,328457
MGC,20160622,1.2,1.225,1.19,1.19,937864
MGC,20160623,1.19,1.2,1.165,1.175,579606
MGC,20160624,1.18,1.18,1.125,1.145,1150748
MGC,20160627,1.14,1.165,1.125,1.135,857360
MGC,20160628,1.135,1.15,1.1,1.105,1830071
MGC,20160629,1.12,1.125,1.085,1.115,1247253
MGC,20160630,1.12,1.12,1.09,1.09,1730551
MGC,20160701,1.1,1.15,1.09,1.135,660652
MGC,20160704,1.15,1.18,1.13,1.175,416401
MGC,20160705,1.18,1.185,1.15,1.155,506777
MGC,20160706,1.155,1.175,1.155,1.165,520458
MGC,20160707,1.18,1.18,1.16,1.175,241963
MGC,20160708,1.16,1.175,1.155,1.175,381654
MGC,20160711,1.175,1.18,1.165,1.175,470681
MGC,20160712,1.18,1.235,1.17,1.23,1149482
MGC,20160713,1.23,1.23,1.21,1.215,337910
MGC,20160714,1.22,1.28,1.21,1.275,1225545
MGC,20160715,1.28,1.28,1.26,1.28,319834
MGC,20160718,1.285,1.295,1.265,1.29,461831
MGC,20160719,1.28,1.29,1.26,1.28,468347
MGC,20160720,1.26,1.285,1.26,1.285,456119
MGC,20160721,1.27,1.277,1.255,1.26,335720
MGC,20160722,1.265,1.27,1.23,1.26,652731
MGC,20160725,1.265,1.265,1.24,1.25,224052
MGC,20160726,1.25,1.25,1.235,1.25,207568
MGC,20160727,1.25,1.26,1.23,1.245,300448
MGC,20160728,1.245,1.25,1.24,1.25,134104
MGC,20160729,1.22,1.22,1.13,1.145,3197290
MGC,20160801,1.15,1.19,1.145,1.185,895311
MGC,20160802,1.19,1.21,1.175,1.185,497212
MGC,20160803,1.2,1.2,1.175,1.175,226769
MGC,20160804,1.19,1.2,1.155,1.175,2424866
MGC,20160805,1.175,1.195,1.15,1.155,2311777
MGC,20160808,1.17,1.18,1.15,1.15,359682
MGC,20160809,1.165,1.18,1.155,1.17,138957
MGC,20160810,1.17,1.19,1.165,1.19,115632
MGC,20160811,1.19,1.195,1.17,1.185,216800
MGC,20160812,1.185,1.195,1.175,1.19,200694
MGC,20160815,1.185,1.205,1.185,1.205,324008
MGC,20160816,1.185,1.2,1.175,1.18,537078
MGC,20160817,1.18,1.205,1.175,1.205,1231728
MGC,20160818,1.205,1.26,1.2,1.23,1233263
MGC,20160822,1.275,1.325,1.275,1.3,1567342
MGC,20160823,1.29,1.3,1.28,1.29,436828
MGC,20160824,1.29,1.342,1.28,1.3,1458155
MGC,20160825,1.34,1.445,1.33,1.445,2284398
MGC,20160826,1.47,1.475,1.36,1.38,1843262
MGC,20160829,1.38,1.442,1.36,1.43,949675
MGC,20160830,1.43,1.46,1.405,1.43,1032537
MGC,20160831,1.43,1.43,1.375,1.375,422672
MGC,20160901,1.385,1.395,1.33,1.345,871647
MGC,20160902,1.34,1.37,1.31,1.36,629523
MGC,20160905,1.385,1.385,1.29,1.335,620321
MGC,20160906,1.325,1.38,1.3,1.38,606827
MGC,20160907,1.385,1.45,1.385,1.43,616638
MGC,20160908,1.4,1.41,1.3,1.31,2009009
MGC,20160909,1.31,1.33,1.21,1.215,1938359
MGC,20160912,1.2,1.2,1.165,1.19,745094
MGC,20160913,1.2,1.28,1.192,1.205,844156
MGC,20160914,1.205,1.207,1.195,1.205,363617
MGC,20160915,1.23,1.25,1.215,1.245,382923
MGC,20160916,1.245,1.26,1.21,1.21,459678
MGC,20160919,1.25,1.25,1.19,1.205,211010
MGC,20160920,1.225,1.235,1.195,1.205,268050
MGC,20160921,1.205,1.205,1.18,1.18,488247
MGC,20160922,1.19,1.2,1.17,1.185,447164
MGC,20160923,1.195,1.2,1.175,1.2,332412
MGC,20160926,1.19,1.2,1.18,1.2,137359
MGC,20160927,1.19,1.2,1.175,1.175,172330
MGC,20160928,1.175,1.19,1.155,1.16,151056
MGC,20160929,1.17,1.17,1.16,1.16,315076
MGC,20160930,1.16,1.2,1.15,1.2,784715
MGC,20161003,1.2,1.215,1.175,1.19,434180
MGC,20161004,1.215,1.225,1.185,1.2,143419
MGC,20161005,1.195,1.2,1.165,1.2,146408
MGC,20161006,1.2,1.2,1.155,1.18,347472
MGC,20161007,1.18,1.2,1.165,1.2,561074
MGC,20161010,1.2,1.24,1.19,1.235,432778
MGC,20161011,1.24,1.255,1.2,1.225,296326
MGC,20161012,1.21,1.25,1.21,1.21,209631
MGC,20161013,1.23,1.235,1.2,1.21,146324
MGC,20161014,1.24,1.24,1.19,1.19,263566
MGC,20161017,1.205,1.235,1.197,1.21,146889
MGC,20161018,1.215,1.23,1.18,1.18,224920
MGC,20161019,1.2,1.21,1.18,1.19,211845
MGC,20161020,1.16,1.18,1.117,1.15,1271834
MGC,20161021,1.145,1.16,1.09,1.1,1467748
MGC,20161024,1.1,1.14,1.1,1.13,1354140
MGC,20161025,1.13,1.15,1.105,1.115,309885
MGC,20161026,1.12,1.135,1.085,1.095,508485
MGC,20161027,1.07,1.1,1.06,1.065,849546
MGC,20161028,1.065,1.165,1.06,1.1,685891
MGC,20161031,1.09,1.105,1.06,1.07,406731
MGC,20161101,1.07,1.1,1.07,1.075,179537
MGC,20161102,1.1,1.13,1.072,1.1,229521
MGC,20161103,1.1,1.12,1.08,1.095,89494
MGC,20161104,1.095,1.1,1.075,1.075,246412
MGC,20161107,1.1,1.11,1.08,1.105,404313
MGC,20161108,1.11,1.115,1.07,1.085,332539
MGC,20161109,1.09,1.09,1.03,1.04,696040
MGC,20161110,1.06,1.08,1.025,1.05,474457
MGC,20161111,1.05,1.11,1.04,1.095,539367
MGC,20161114,1.1,1.11,1.085,1.085,181893
MGC,20161115,1.105,1.105,1.08,1.1,244194
MGC,20161116,1.1,1.1,1.05,1.065,375159
MGC,20161117,1.07,1.075,1.05,1.055,610794
MGC,20161118,1.065,1.07,1.05,1.065,373436
MGC,20161121,1.065,1.1,1.052,1.06,284015
MGC,20161122,1.08,1.09,1.06,1.065,409896
MGC,20161123,1.08,1.09,1.055,1.07,530200
MGC,20161124,1.07,1.075,1.055,1.055,328417
MGC,20161125,1.07,1.07,1.05,1.05,557501
MGC,20161128,1.05,1.05,1.02,1.02,897253
MGC,20161129,1.045,1.045,0.995,1,1148449
MGC,20161130,1,1.03,0.995,1.025,485099
MGC,20161201,1.05,1.05,1,1,740282
MGC,20161202,1,1.01,0.945,0.95,1127174
MGC,20161205,0.95,0.975,0.95,0.955,579869
MGC,20161206,0.965,0.97,0.955,0.955,355225
MGC,20161207,0.96,0.97,0.95,0.96,626856
MGC,20161208,0.97,0.97,0.94,0.94,1086121
MGC,20161209,0.96,0.96,0.935,0.935,443848
MGC,20161212,0.95,0.957,0.91,0.91,1228132
MGC,20161213,0.93,0.935,0.895,0.9,1021742
MGC,20161214,0.92,0.92,0.89,0.895,1185080
MGC,20161215,0.89,0.905,0.845,0.87,1511472
MGC,20161216,0.885,0.9,0.855,0.855,1082332
MGC,20161219,0.875,0.89,0.835,0.865,1055699
MGC,20161220,0.87,0.9,0.867,0.875,1104235
MGC,20161221,0.9,0.91,0.87,0.87,1494054
MGC,20161222,0.88,0.88,0.85,0.86,1127843
MGC,20161223,0.865,0.875,0.855,0.875,441169
MGC,20161228,0.875,0.9,0.875,0.895,317585
MGC,20161229,0.9,0.94,0.895,0.93,261086
MGC,20161230,0.935,0.94,0.91,0.925,184456
MGC,20170103,0.93,0.93,0.895,0.895,786398
MGC,20170104,0.905,0.92,0.875,0.89,753799
MGC,20170105,0.905,0.93,0.9,0.925,483596
MGC,20170106,0.91,0.935,0.9,0.915,626501
MGC,20170109,0.915,0.935,0.907,0.925,610616
MGC,20170110,0.925,0.98,0.925,0.965,854044
MGC,20170111,0.98,1.035,0.98,0.99,1020786
MGC,20170112,0.995,1.03,0.987,1.01,439814
MGC,20170113,1.025,1.025,1.005,1.01,324156
MGC,20170116,1.02,1.02,0.995,1.015,196300
MGC,20170117,1.02,1.02,1,1,232858
MGC,20170118,1.01,1.01,0.985,0.985,165062
MGC,20170119,0.99,1.005,0.945,0.97,876369
MGC,20170120,0.98,0.99,0.945,0.945,176842
MGC,20170123,0.955,0.985,0.935,0.955,488890
MGC,20170124,0.955,0.975,0.935,0.975,563665
MGC,20170125,0.975,0.995,0.95,0.99,350995
MGC,20170127,0.995,0.995,0.965,0.985,310126
MGC,20170130,0.985,0.985,0.96,0.96,257222
MGC,20170131,0.965,0.965,0.945,0.95,714284
MGC,20170201,0.95,0.98,0.94,0.98,258818
MGC,20170202,0.98,0.985,0.957,0.975,277849
MGC,20170203,0.975,0.98,0.95,0.98,405425
MGC,20170206,0.98,0.99,0.965,0.99,557693
MGC,20170207,0.98,0.985,0.96,0.97,582139
MGC,20170208,0.98,0.98,0.965,0.975,178696
MGC,20170209,0.975,0.98,0.965,0.98,79750
MGC,20170210,0.985,0.987,0.965,0.98,501060
MGC,20170213,0.985,1.005,0.975,1.005,679545
MGC,20170214,1.005,1.047,1.002,1.025,943242
MGC,20170215,1.025,1.035,1,1.01,359120
MGC,20170216,1.005,1.01,0.975,0.99,481709
MGC,20170217,1,1.005,0.98,0.985,548787
MGC,20170220,0.985,0.995,0.955,0.96,704666
MGC,20170221,0.97,0.985,0.95,0.97,929613
MGC,20170222,0.97,0.98,0.95,0.975,726041
MGC,20170223,0.975,1,0.955,0.975,471825
MGC,20170224,0.93,0.94,0.88,0.92,1367865
MGC,20170227,0.925,0.93,0.905,0.915,708437
MGC,20170228,0.91,0.92,0.875,0.88,1176888
MGC,20170301,0.885,0.89,0.875,0.88,467661
MGC,20170302,0.9,0.9,0.875,0.88,580341
MGC,20170303,0.865,0.895,0.86,0.87,429695
MGC,20170306,0.875,0.905,0.875,0.895,214397
MGC,20170307,0.9,0.92,0.88,0.885,303498
MGC,20170308,0.9,0.92,0.885,0.915,234119
MGC,20170309,0.91,0.92,0.89,0.91,276068
MGC,20170310,0.91,0.94,0.9,0.93,360511
MGC,20170313,0.93,0.985,0.915,0.975,474735
MGC,20170314,0.98,0.985,0.95,0.96,340959
MGC,20170315,0.96,0.975,0.935,0.97,393870
MGC,20170316,0.97,0.98,0.94,0.975,403651
MGC,20170317,0.97,1,0.955,1,518699
MGC,20170320,1,1.01,0.97,0.98,302838
MGC,20170321,0.99,1.01,0.98,1,523519
MGC,20170322,0.995,1.007,0.97,0.995,436203
MGC,20170323,1,1,0.98,0.99,527607
MGC,20170324,1,1.02,0.99,1.02,607804
MGC,20170327,1.01,1.015,0.995,1.015,283207
MGC,20170328,1.02,1.02,0.99,1,461495
MGC,20170329,1,1.01,0.985,1.01,320831
MGC,20170330,1.015,1.015,0.99,0.995,121147
MGC,20170331,1.01,1.01,0.99,1.01,221391
MGC,20170403,1.015,1.015,0.987,0.995,148867
MGC,20170404,0.995,0.995,0.975,0.98,234885
MGC,20170405,0.985,1,0.975,0.99,150282
MGC,20170406,0.99,0.99,0.965,0.965,331430
MGC,20170407,0.98,0.98,0.96,0.975,207200
MGC,20170410,0.975,0.98,0.955,0.98,345453
MGC,20170411,0.96,0.985,0.955,0.985,426505
MGC,20170412,0.98,0.98,0.96,0.96,233837
MGC,20170413,0.98,0.98,0.955,0.96,316643
MGC,20170418,0.96,0.97,0.925,0.925,574047
MGC,20170419,0.94,0.975,0.94,0.975,346239
MGC,20170420,0.97,0.985,0.955,0.985,582108
MGC,20170421,0.97,1,0.965,0.995,484767
MGC,20170424,0.99,1,0.97,0.97,227147
MGC,20170426,0.98,0.99,0.96,0.975,281438
MGC,20170427,0.975,1.025,0.96,1.025,1160918
MGC,20170428,1.015,1.055,1,1.025,2447945
MGC,20170501,1.01,1.035,1,1.035,469647
MGC,20170502,0.925,0.945,0.875,0.89,3516044
MGC,20170503,0.9,0.93,0.89,0.93,1480835
MGC,20170504,0.93,0.98,0.93,0.97,1504950
MGC,20170505,0.97,1.02,0.97,1.02,1902974
MGC,20170508,1.02,1.03,0.985,0.99,942670
MGC,20170509,0.995,0.995,0.97,0.99,498758
MGC,20170510,0.99,1.01,0.975,0.99,772298
MGC,20170511,0.985,1.02,0.98,1.02,577826
MGC,20170512,1,1.015,0.99,1.01,658643
MGC,20170515,1.01,1.01,0.95,0.98,866324
MGC,20170516,0.975,0.99,0.945,0.99,930023
MGC,20170517,0.98,0.98,0.95,0.975,373323
MGC,20170518,0.97,0.98,0.95,0.95,411963
MGC,20170519,0.965,0.98,0.95,0.965,460263
MGC,20170522,0.965,0.965,0.95,0.95,281557
MGC,20170523,0.95,0.955,0.935,0.95,331660
MGC,20170524,0.94,0.95,0.902,0.915,709182
MGC,20170525,0.91,0.912,0.885,0.885,901259
MGC,20170526,0.89,0.915,0.88,0.915,577647
MGC,20170529,0.91,0.915,0.89,0.895,326088
MGC,20170530,0.9,0.905,0.89,0.89,416633
MGC,20170531,0.9,0.9,0.89,0.9,236750
MGC,20170601,0.9,0.9,0.88,0.88,256412
MGC,20170602,0.89,0.9,0.872,0.875,208547
MGC,20170605,0.875,0.88,0.86,0.86,389742
MGC,20170606,0.85,0.85,0.735,0.735,3409932
MGC,20170607,0.69,0.69,0.62,0.665,4223914
MGC,20170608,0.675,0.705,0.625,0.635,3019386
MGC,20170609,0.645,0.657,0.62,0.64,2775510
MGC,20170613,0.645,0.647,0.63,0.63,908450
MGC,20170614,0.635,0.645,0.625,0.64,645489
MGC,20170615,0.64,0.642,0.625,0.625,1148170
MGC,20170616,0.63,0.635,0.62,0.62,1106227
MGC,20170619,0.62,0.63,0.605,0.61,944300
MGC,20170620,0.615,0.62,0.61,0.61,330205
MGC,20170621,0.61,0.615,0.6,0.605,706631
MGC,20170622,0.62,0.65,0.62,0.635,994108
MGC,20170623,0.64,0.655,0.635,0.645,953928
MGC,20170626,0.65,0.65,0.62,0.65,1254258
MGC,20170627,0.64,0.65,0.625,0.625,694504
MGC,20170628,0.64,0.645,0.63,0.635,240345
MGC,20170629,0.645,0.66,0.64,0.65,669530
MGC,20170630,0.655,0.662,0.645,0.645,731689
MGC,20170703,0.645,0.695,0.635,0.645,855587
MGC,20170704,0.67,0.69,0.66,0.69,734514
MGC,20170705,0.69,0.69,0.68,0.685,78556
MGC,20170706,0.69,0.695,0.67,0.67,436968
MGC,20170707,0.685,0.69,0.672,0.685,157713
MGC,20170710,0.685,0.685,0.67,0.67,255276
MGC,20170711,0.685,0.685,0.67,0.675,227593
MGC,20170712,0.685,0.74,0.685,0.74,828811
MGC,20170713,0.755,0.785,0.745,0.785,472744
MGC,20170714,0.785,0.79,0.745,0.755,583747
MGC,20170717,0.75,0.75,0.71,0.735,470248
MGC,20170718,0.745,0.75,0.725,0.75,252212
MGC,20170719,0.75,0.75,0.72,0.72,310191
MGC,20170720,0.73,0.75,0.73,0.735,304849
MGC,20170721,0.745,0.745,0.73,0.735,84523
MGC,20170724,0.71,0.735,0.685,0.72,467647
MGC,20170725,0.735,0.745,0.72,0.74,246533
MGC,20170726,0.74,0.74,0.712,0.73,143439
MGC,20170727,0.735,0.735,0.715,0.735,287871
MGC,20170728,0.73,0.735,0.72,0.725,83849
MGC,20170731,0.725,0.73,0.715,0.73,187243
MGC,20170801,0.715,0.72,0.71,0.715,209461
MGC,20170802,0.72,0.725,0.705,0.705,447883
MGC,20170803,0.71,0.71,0.7,0.7,186613
MGC,20170804,0.7,0.7,0.655,0.66,1096570
MGC,20170807,0.665,0.695,0.64,0.65,895610
MGC,20170808,0.655,0.66,0.64,0.65,234626
MGC,20170809,0.645,0.655,0.645,0.65,220383
MGC,20170810,0.65,0.69,0.65,0.66,196637
MGC,20170811,0.675,0.68,0.655,0.655,194613
MGC,20170815,0.655,0.665,0.65,0.655,175896
MGC,20170816,0.66,0.66,0.65,0.66,122878
MGC,20170817,0.655,0.68,0.645,0.645,499039
MGC,20170818,0.645,0.645,0.63,0.635,1056417
MGC,20170821,0.65,0.66,0.625,0.625,291918
MGC,20170822,0.61,0.652,0.61,0.645,1048701
MGC,20170823,0.65,0.66,0.64,0.65,1968307
MGC,20170824,0.655,0.655,0.64,0.645,762118
MGC,20170825,0.645,0.65,0.645,0.65,372183
MGC,20170828,0.65,0.67,0.65,0.665,628263
MGC,20170829,0.665,0.675,0.66,0.66,279968
MGC,20170830,0.675,0.675,0.627,0.63,845435
MGC,20170831,0.63,0.645,0.63,0.635,216363
MGC,20170901,0.645,0.67,0.63,0.66,932571
MGC,20170904,0.66,0.66,0.64,0.65,338833
MGC,20170905,0.65,0.65,0.63,0.65,735813
MGC,20170906,0.645,0.65,0.632,0.645,575771
MGC,20170907,0.65,0.72,0.65,0.72,1897980
MGC,20170908,0.72,0.765,0.7,0.765,1657435
MGC,20170911,0.76,0.825,0.755,0.78,1420612
MGC,20170912,0.8,0.81,0.782,0.79,667208
MGC,20170913,0.8,0.812,0.785,0.805,888680
MGC,20170914,0.805,0.82,0.755,0.76,798643
MGC,20170915,0.78,0.78,0.735,0.735,2985272
MGC,20170918,0.745,0.78,0.74,0.765,487481
MGC,20170919,0.775,0.8,0.75,0.75,448260
MGC,20170920,0.77,0.78,0.745,0.775,543058
MGC,20170921,0.8,0.945,0.8,0.885,5144173
MGC,20170922,0.885,0.897,0.85,0.87,1239865
MGC,20170925,0.885,0.932,0.865,0.925,1571963
MGC,20170926,0.92,0.93,0.91,0.915,752341
MGC,20170927,0.92,0.92,0.84,0.85,1217977
MGC,20170928,0.88,0.88,0.84,0.88,532339
MGC,20170929,0.86,0.88,0.855,0.855,198766
MGC,20171002,0.87,0.875,0.855,0.875,327172
MGC,20171003,0.88,0.89,0.865,0.875,182795
MGC,20171004,0.875,0.89,0.87,0.885,215148
MGC,20171005,0.88,0.88,0.855,0.86,262985
MGC,20171006,0.875,0.875,0.845,0.845,205618
MGC,20171009,0.85,0.865,0.83,0.865,336825
MGC,20171010,0.865,0.875,0.845,0.85,569733
MGC,20171011,0.845,0.87,0.845,0.87,708918
MGC,20171012,0.87,0.875,0.85,0.865,656978
MGC,20171013,0.86,0.87,0.85,0.865,608137
MGC,20171016,0.865,0.9,0.85,0.85,1779334
MGC,20171017,0.855,0.855,0.84,0.85,590869
MGC,20171018,0.85,0.85,0.81,0.825,1065497
MGC,20171019,0.835,0.84,0.815,0.825,382986
MGC,20171020,0.825,0.845,0.817,0.825,571687
MGC,20171023,0.825,0.827,0.77,0.785,1008015
MGC,20171024,0.79,0.82,0.78,0.78,715049
MGC,20171025,0.8,0.82,0.79,0.82,584520
MGC,20171026,0.82,0.832,0.81,0.83,490089
MGC,20171027,0.925,0.95,0.82,0.82,8172183
MGC,20171030,0.825,0.825,0.775,0.775,4017294
MGC,20171031,0.775,0.79,0.77,0.78,1096669
MGC,20171101,0.79,0.805,0.775,0.775,1720505
MGC,20171102,0.785,0.785,0.77,0.775,1429652
MGC,20171103,0.78,0.787,0.775,0.775,3390148
MGC,20171106,0.78,0.78,0.77,0.775,1060963
MGC,20171107,0.78,0.8,0.78,0.8,1005501
MGC,20171108,0.785,0.807,0.785,0.805,1350896
MGC,20171109,0.805,0.81,0.782,0.785,2602199
MGC,20171110,0.805,0.81,0.782,0.785,2602199
MGC,20171113,0.785,0.79,0.775,0.775,913481
MGC,20171114,0.775,0.777,0.767,0.77,1280758
MGC,20171115,0.77,0.78,0.77,0.77,3633027
MGC,20171116,0.775,0.777,0.765,0.765,1121435
MGC,20171117,0.765,0.785,0.765,0.775,418627
MGC,20171120,0.785,0.79,0.775,0.775,497138
MGC,20171121,0.78,0.782,0.77,0.77,993507
MGC,20171122,0.77,0.775,0.77,0.77,445746
MGC,20171123,0.77,0.775,0.77,0.77,273246
MGC,20171124,0.77,0.775,0.77,0.775,350414
MGC,20171127,0.775,0.775,0.77,0.77,293688
MGC,20171128,0.775,0.775,0.767,0.77,377556
MGC,20171129,0.775,0.78,0.77,0.775,348268
MGC,20171130,0.775,0.78,0.77,0.77,457197
MGC,20171201,0.775,0.78,0.77,0.78,380225
MGC,20171204,0.78,0.78,0.77,0.775,303104
MGC,20171205,0.775,0.775,0.765,0.765,646213
MGC,20171206,0.775,0.775,0.765,0.775,200882
MGC,20171207,0.77,0.775,0.77,0.77,261828
MGC,20171208,0.775,0.78,0.775,0.78,143350
MGC,20171211,0.775,0.78,0.775,0.775,101941
MGC,20171212,0.775,0.78,0.772,0.775,210837
MGC,20171213,0.78,0.83,0.78,0.795,1075387
MGC,20171214,0.805,0.815,0.8,0.815,293094
MGC,20171215,0.815,0.825,0.805,0.82,518422
MGC,20171218,0.82,0.822,0.815,0.815,319127
MGC,20171219,0.82,0.83,0.815,0.825,785749
MGC,20171220,0.83,0.845,0.825,0.845,1503406
MGC,20171221,0.845,0.845,0.835,0.84,888519
MGC,20171222,0.84,0.855,0.835,0.84,656784
MGC,20171227,0.845,0.855,0.84,0.85,681836
MGC,20171228,0.845,0.855,0.845,0.845,183068
MGC,20171229,0.85,0.855,0.845,0.855,321676
MGC,20180102,0.855,0.857,0.85,0.85,139367
MGC,20180103,0.84,0.85,0.84,0.85,273850
MGC,20180104,0.845,0.855,0.84,0.855,274086
MGC,20180105,0.855,0.855,0.845,0.845,195170
MGC,20180108,0.845,0.85,0.84,0.85,330767
MGC,20180109,0.85,0.85,0.83,0.83,547318
MGC,20180110,0.845,0.845,0.825,0.83,396942
MGC,20180111,0.84,0.84,0.83,0.835,230966
MGC,20180112,0.835,0.85,0.835,0.84,482083
MGC,20180115,0.845,0.85,0.84,0.84,466065
MGC,20180116,0.845,0.845,0.84,0.84,278063
MGC,20180117,0.835,0.837,0.825,0.83,505178
MGC,20180118,0.83,0.83,0.825,0.825,166264
MGC,20180119,0.825,0.825,0.82,0.82,263621
MGC,20180122,0.825,0.825,0.82,0.82,629689
MGC,20180123,0.82,0.825,0.815,0.82,590943
MGC,20180124,0.82,0.827,0.82,0.825,473174
MGC,20180125,0.825,0.83,0.82,0.83,469908
MGC,20180129,0.825,0.825,0.82,0.82,455344
MGC,20180130,0.82,0.83,0.82,0.825,704416
MGC,20180131,0.82,0.83,0.82,0.82,506099
MGC,20180201,0.83,0.83,0.82,0.83,194226
MGC,20180202,0.83,0.835,0.822,0.83,385307
MGC,20180205,0.83,0.835,0.825,0.835,356261
MGC,20180207,0.83,0.83,0.82,0.825,553336
MGC,20180208,0.825,0.835,0.825,0.835,410416
MGC,20180209,0.825,0.83,0.82,0.825,608769
MGC,20180212,0.825,0.832,0.825,0.825,358862
MGC,20180213,0.825,0.83,0.825,0.83,174007
MGC,20180214,0.83,0.83,0.825,0.825,472666
MGC,20180215,0.83,0.83,0.825,0.825,622423
MGC,20180216,0.83,0.83,0.825,0.825,171067
MGC,20180219,0.83,0.835,0.825,0.83,306377
MGC,20180220,0.83,0.845,0.83,0.84,309861
MGC,20180221,0.845,0.85,0.84,0.845,269673
MGC,20180222,0.84,0.85,0.84,0.85,176672
MGC,20180223,0.845,0.847,0.835,0.84,561050
MGC,20180226,0.845,0.85,0.84,0.84,376812
MGC,20180227,0.84,0.845,0.835,0.835,257868
MGC,20180228,0.845,0.85,0.835,0.845,458395
MGC,20180301,0.84,0.84,0.8,0.83,509825
MGC,20180302,0.825,0.84,0.825,0.83,562427
MGC,20180305,0.83,0.85,0.825,0.85,931525
MGC,20180306,0.845,0.91,0.845,0.9,1657151
MGC,20180307,0.9,0.92,0.895,0.91,816396
MGC,20180308,0.915,0.92,0.91,0.915,473940
MGC,20180309,0.91,0.915,0.91,0.91,478155
MGC,20180312,0.91,0.94,0.91,0.93,304046
MGC,20180313,0.93,0.93,0.92,0.92,99887
MGC,20180314,0.925,0.927,0.917,0.92,471770
MGC,20180315,0.915,0.92,0.915,0.915,187230
MGC,20180316,0.915,0.93,0.915,0.92,342574
MGC,20180319,0.92,0.93,0.92,0.93,837235
MGC,20180320,0.925,0.93,0.925,0.93,490830
MGC,20180321,0.93,0.935,0.925,0.935,583299
MGC,20180322,0.93,0.93,0.925,0.93,390502
MGC,20180323,0.925,0.932,0.925,0.93,411763
MGC,20180326,0.935,0.935,0.93,0.93,236924
MGC,20180327,0.93,0.94,0.93,0.935,480666
MGC,20180328,0.935,0.94,0.935,0.935,242185
MGC,20180329,0.935,0.942,0.935,0.94,362665
MGC,20180403,0.94,0.96,0.94,0.95,738610
MGC,20180404,0.95,0.96,0.95,0.955,951374
MGC,20180405,0.955,0.955,0.95,0.95,829963
MGC,20180406,0.95,0.955,0.945,0.95,1341207
MGC,20180409,0.945,0.955,0.94,0.95,3370368
MGC,20180410,0.95,0.95,0.945,0.945,370634
MGC,20180411,0.945,0.945,0.935,0.94,1223702
MGC,20180412,0.945,0.945,0.945,0.945,207116
MGC,20180413,0.94,0.945,0.94,0.945,882783
MGC,20180416,0.94,0.945,0.94,0.945,649624
MGC,20180417,0.94,0.945,0.94,0.94,550581
MGC,20180418,0.94,0.945,0.94,0.945,220710
MGC,20180419,0.94,0.945,0.94,0.945,1107450
MGC,20180420,0.14,0.25,0.14,0.195,4102841
MGC,20180423,0.2,0.21,0.195,0.195,2389988
MGC,20180424,0.195,0.195,0.185,0.19,702601
MGC,20180426,0.195,0.2,0.19,0.2,1774570
MGC,20180427,0.2,0.2,0.185,0.195,2344158
MGC,20180430,0.195,0.195,0.19,0.19,1074076
MGC,20180501,0.19,0.192,0.187,0.19,1582053
MGC,20180502,0.195,0.197,0.195,0.195,661036
MGC,20180503,0.197,0.2,0.195,0.195,183001
MGC,20180504,0.197,0.2,0.195,0.195,148832
MGC,20180507,0.197,0.2,0.197,0.2,664725
MGC,20180508,0.2,0.2,0.195,0.195,363422
MGC,20180509,0.197,0.202,0.195,0.2,1897140
MGC,20180510,0.205,0.21,0.202,0.205,488511
MGC,20180511,0.205,0.22,0.205,0.205,177598
MGC,20180514,0.215,0.22,0.21,0.21,369492
MGC,20180515,0.21,0.21,0.205,0.21,333519
MGC,20180516,0.205,0.21,0.205,0.205,855644
MGC,20180517,0.21,0.21,0.207,0.21,584293
MGC,20180518,0.21,0.22,0.21,0.22,795586
MGC,20180521,0.215,0.23,0.215,0.225,1316175
MGC,20180522,0.225,0.235,0.22,0.23,688761
MGC,20180523,0.24,0.25,0.235,0.24,743143
MGC,20180524,0.24,0.25,0.235,0.24,381319
MGC,20180525,0.237,0.24,0.235,0.235,715630
MGC,20180528,0.23,0.235,0.225,0.23,1350069
MGC,20180529,0.225,0.225,0.225,0.225,579026
MGC,20180530,0.225,0.225,0.22,0.22,435532
MGC,20180531,0.225,0.235,0.225,0.23,662427
MGC,20180601,0.23,0.235,0.23,0.23,274642
MGC,20180604,0.23,0.24,0.23,0.23,114906
MGC,20180605,0.232,0.235,0.23,0.235,392045
MGC,20180606,0.24,0.24,0.23,0.235,226818
MGC,20180607,0.232,0.235,0.23,0.23,733794
MGC,20180608,0.232,0.232,0.23,0.23,235029
MGC,20180612,0.232,0.24,0.23,0.235,827402
MGC,20180613,0.24,0.24,0.23,0.235,734309
MGC,20180614,0.23,0.235,0.23,0.235,285444
MGC,20180615,0.232,0.235,0.23,0.235,178086
MGC,20180618,0.232,0.235,0.23,0.232,478108
MGC,20180619,0.23,0.235,0.23,0.232,691766
MGC,20180620,0.235,0.235,0.23,0.235,431360
MGC,20180621,0.235,0.24,0.23,0.24,670073
MGC,20180622,0.237,0.237,0.235,0.235,435676
MGC,20180625,0.235,0.24,0.235,0.24,483846
MGC,20180626,0.235,0.24,0.235,0.24,615965
MGC,20180627,0.235,0.24,0.235,0.235,376328
MGC,20180628,0.235,0.24,0.235,0.24,609281
MGC,20180629,0.237,0.245,0.237,0.24,845797
MGC,20180702,0.242,0.242,0.24,0.24,349221
MGC,20180703,0.24,0.285,0.24,0.285,1257217
MGC,20180704,0.29,0.3,0.29,0.3,597843
MGC,20180705,0.31,0.32,0.305,0.32,1879546
MGC,20180706,0.33,0.345,0.31,0.31,510087
MGC,20180710,0.315,0.32,0.305,0.305,745474
MGC,20180711,0.307,0.31,0.305,0.31,202514
MGC,20180712,0.31,0.31,0.302,0.31,388339
MGC,20180713,0.307,0.315,0.307,0.31,458785
MGC,20180716,0.32,0.32,0.305,0.31,44402
MGC,20180717,0.315,0.325,0.31,0.32,446476
MGC,20180718,0.32,0.33,0.32,0.33,198421
MGC,20180719,0.33,0.33,0.315,0.315,162365
MGC,20180720,0.317,0.335,0.317,0.33,615817
MGC,20180723,0.332,0.335,0.325,0.325,754694
MGC,20180724,0.34,0.34,0.33,0.33,10607
MGC,20180725,0.33,0.33,0.33,0.33,39827
MGC,20180726,0.335,0.34,0.335,0.34,89640
MGC,20180727,0.33,0.34,0.33,0.34,81857
MGC,20180730,0.34,0.34,0.33,0.33,52644
MGC,20180731,0.33,0.33,0.33,0.33,31441
MGC,20180801,0.33,0.34,0.33,0.34,201496
MGC,20180802,0.34,0.34,0.335,0.34,90160
MGC,20180803,0.34,0.34,0.332,0.335,194324
MGC,20180806,0.335,0.337,0.335,0.335,143931
MGC,20180807,0.335,0.335,0.33,0.33,267623
MGC,20180808,0.33,0.332,0.33,0.33,47333
MGC,20180809,0.332,0.332,0.33,0.33,77721
MGC,20180810,0.33,0.33,0.32,0.32,136160
MGC,20180813,0.33,0.335,0.33,0.33,126784
MGC,20180814,0.33,0.34,0.33,0.33,332265
MGC,20180816,0.33,0.33,0.33,0.33,386258
MGC,20180817,0.33,0.33,0.33,0.33,53555
MGC,20180820,0.335,0.335,0.33,0.33,454940
MGC,20180821,0.33,0.335,0.327,0.33,223410
MGC,20180822,0.33,0.33,0.33,0.33,334266
MGC,20180823,0.33,0.335,0.33,0.33,446113
MGC,20180824,0.325,0.325,0.3,0.32,633791
MGC,20180827,0.31,0.32,0.305,0.305,489581
MGC,20180828,0.315,0.315,0.3,0.3,538850
MGC,20180829,0.3,0.3,0.3,0.3,74756
MGC,20180830,0.305,0.32,0.305,0.32,356966
MGC,20180831,0.32,0.32,0.31,0.31,71465
MGC,20180903,0.31,0.32,0.31,0.32,635218
MGC,20180904,0.32,0.325,0.32,0.32,227754
MGC,20180905,0.32,0.33,0.32,0.325,201443
MGC,20180906,0.32,0.325,0.32,0.32,235732
MGC,20180907,0.32,0.32,0.32,0.32,116102
MGC,20180910,0.32,0.32,0.32,0.32,149878
MGC,20180913,0.32,0.32,0.32,0.32,43198
MGC,20180914,0.32,0.32,0.32,0.32,130565
MGC,20180917,0.32,0.32,0.32,0.32,314134
MGC,20180918,0.32,0.325,0.32,0.32,466735
MGC,20180919,0.322,0.33,0.322,0.33,496593
MGC,20180920,0.33,0.33,0.322,0.33,23319
MGC,20180921,0.32,0.325,0.32,0.32,269781
MGC,20180924,0.32,0.325,0.32,0.32,146885
MGC,20180925,0.32,0.32,0.32,0.32,50790
MGC,20180926,0.32,0.32,0.32,0.32,181801
MGC,20180927,0.32,0.325,0.32,0.32,243124
MGC,20180928,0.32,0.32,0.32,0.32,81380
MGC,20181001,0.32,0.32,0.32,0.32,73882
MGC,20181002,0.32,0.32,0.32,0.32,36194
MGC,20181003,0.32,0.32,0.32,0.32,142074
MGC,20181004,0.32,0.325,0.32,0.32,925364
MGC,20181005,0.32,0.325,0.32,0.325,211724
MGC,20181008,0.32,0.325,0.31,0.31,550065
MGC,20181009,0.32,0.325,0.317,0.32,872685
MGC,20181010,0.32,0.32,0.31,0.32,32570
MGC,20181011,0.315,0.33,0.315,0.33,708021
MGC,20181012,0.33,0.33,0.31,0.33,421940
MGC,20181015,0.33,0.33,0.315,0.32,79199
MGC,20181016,0.32,0.33,0.32,0.33,787690
MGC,20181017,0.33,0.33,0.325,0.325,62028
MGC,20181018,0.325,0.325,0.325,0.325,0
MGC,20181019,0.325,0.335,0.325,0.335,135617
MGC,20181022,0.335,0.335,0.325,0.325,36836
MGC,20181023,0.325,0.325,0.325,0.325,96358
MGC,20181024,0.325,0.325,0.32,0.32,54406
MGC,20181025,0.32,0.32,0.31,0.31,530234
MGC,20181026,0.31,0.315,0.31,0.315,166237
MGC,20181030,0.31,0.315,0.31,0.315,296192
MGC,20181031,0.31,0.31,0.31,0.31,31871
MGC,20181101,0.31,0.31,0.305,0.31,353307
MGC,20181102,0.305,0.31,0.305,0.305,196821
MGC,20181105,0.305,0.305,0.3,0.3,42763
MGC,20181106,0.3,0.305,0.3,0.305,95612
MGC,20181107,0.31,0.31,0.3,0.305,74851
MGC,20181108,0.305,0.32,0.305,0.32,477436
MGC,20181109,0.32,0.32,0.31,0.315,290985
MGC,20181112,0.315,0.32,0.315,0.32,93314
MGC,20181113,0.32,0.32,0.32,0.32,279495
MGC,20181114,0.32,0.32,0.32,0.32,167884
MGC,20181115,0.32,0.32,0.315,0.315,153696
MGC,20181116,0.32,0.32,0.315,0.32,384855
MGC,20181119,0.32,0.32,0.32,0.32,27233
MGC,20181120,0.32,0.32,0.305,0.305,483872
MGC,20181121,0.305,0.31,0.305,0.31,2333
MGC,20181122,0.31,0.31,0.305,0.305,88461
MGC,20181123,0.305,0.305,0.305,0.305,5297
MGC,20181126,0.305,0.305,0.3,0.3,106014
MGC,20181127,0.3,0.3,0.3,0.3,119852
MGC,20181128,0.3,0.305,0.3,0.305,100784
MGC,20181129,0.305,0.315,0.305,0.315,89912
MGC,20181130,0.31,0.31,0.305,0.305,48140
MGC,20181203,0.31,0.31,0.305,0.305,177123
MGC,20181204,0.305,0.305,0.305,0.305,205553
MGC,20181205,0.305,0.305,0.305,0.305,327117
MGC,20181206,0.305,0.315,0.305,0.315,108441
MGC,20181207,0.305,0.315,0.305,0.305,191293
MGC,20181210,0.305,0.305,0.305,0.305,88545
MGC,20181211,0.305,0.31,0.305,0.305,109581
MGC,20181212,0.305,0.31,0.305,0.305,97984
MGC,20181213,0.305,0.31,0.305,0.31,81560
MGC,20181214,0.305,0.305,0.305,0.305,157826
MGC,20181217,0.305,0.305,0.3,0.3,312234
MGC,20181218,0.3,0.305,0.265,0.27,624993
MGC,20181219,0.275,0.277,0.27,0.27,216841
MGC,20181220,0.27,0.27,0.27,0.27,89234
MGC,20181221,0.27,0.27,0.26,0.26,67579
MGC,20181224,0.26,0.26,0.26,0.26,5720
MGC,20181227,0.26,0.28,0.26,0.265,301012
MGC,20181228,0.265,0.285,0.265,0.285,34346
MGC,20181231,0.275,0.285,0.275,0.28,92823
MGC,20190102,0.275,0.28,0.275,0.275,59077
MGC,20190103,0.275,0.275,0.275,0.275,19950
MGC,20190104,0.28,0.28,0.27,0.275,142393
MGC,20190107,0.28,0.285,0.267,0.275,118211
MGC,20190108,0.272,0.272,0.27,0.27,107080
MGC,20190109,0.27,0.275,0.27,0.27,49679
MGC,20190110,0.275,0.275,0.275,0.275,36400
MGC,20190111,0.275,0.277,0.27,0.27,468629
MGC,20190114,0.275,0.277,0.275,0.275,150993
MGC,20190115,0.28,0.28,0.27,0.27,190257
MGC,20190116,0.27,0.275,0.27,0.275,104861
MGC,20190117,0.27,0.28,0.27,0.275,44413
MGC,20190118,0.277,0.28,0.275,0.275,192341
MGC,20190121,0.275,0.277,0.27,0.27,357415
MGC,20190122,0.272,0.275,0.272,0.275,78054
MGC,20190123,0.275,0.275,0.27,0.27,98857
MGC,20190124,0.272,0.275,0.27,0.27,119161
MGC,20190125,0.27,0.282,0.27,0.275,1363250
MGC,20190129,0.28,0.28,0.28,0.28,100000
MGC,20190130,0.28,0.282,0.28,0.28,106161
MGC,20190131,0.285,0.295,0.285,0.295,185510
MGC,20190201,0.29,0.297,0.29,0.295,58982
MGC,20190204,0.295,0.295,0.29,0.295,315157
MGC,20190205,0.297,0.297,0.295,0.295,161423
MGC,20190206,0.297,0.297,0.295,0.295,13481
MGC,20190207,0.295,0.295,0.295,0.295,0
MGC,20190208,0.295,0.295,0.295,0.295,74596
MGC,20190211,0.3,0.3,0.3,0.3,228774
MGC,20190212,0.3,0.3,0.3,0.3,259295
MGC,20190213,0.3,0.305,0.3,0.305,123139
MGC,20190214,0.3,0.325,0.3,0.325,456894
MGC,20190215,0.325,0.325,0.305,0.305,152705
MGC,20190218,0.305,0.31,0.305,0.305,80980
MGC,20190219,0.305,0.31,0.305,0.305,240055
MGC,20190220,0.31,0.315,0.305,0.305,86828
MGC,20190221,0.31,0.315,0.31,0.31,67619
MGC,20190222,0.31,0.31,0.31,0.31,66078
MGC,20190225,0.315,0.315,0.31,0.31,87574
MGC,20190226,0.31,0.31,0.31,0.31,0
MGC,20190227,0.31,0.31,0.305,0.31,319500
MGC,20190228,0.31,0.31,0.305,0.305,195240
MGC,20190301,0.305,0.31,0.305,0.31,193679
MGC,20190304,0.307,0.31,0.305,0.31,110235
MGC,20190305,0.31,0.31,0.31,0.31,73508
MGC,20190306,0.31,0.31,0.31,0.31,111593
MGC,20190307,0.31,0.31,0.3,0.3,614314
MGC,20190308,0.31,0.31,0.31,0.31,1600
MGC,20190311,0.305,0.31,0.305,0.31,100390
MGC,20190312,0.31,0.31,0.305,0.305,18082
MGC,20190313,0.31,0.31,0.305,0.305,31794
MGC,20190314,0.307,0.31,0.305,0.305,29064
MGC,20190315,0.31,0.315,0.307,0.315,45525
MGC,20190318,0.31,0.31,0.3,0.3,70559
MGC,20190319,0.305,0.305,0.305,0.305,14062
MGC,20190320,0.305,0.305,0.3,0.3,151431
MGC,20190321,0.3,0.305,0.295,0.305,126525
MGC,20190322,0.302,0.302,0.3,0.3,15187
MGC,20190325,0.3,0.302,0.3,0.3,56494
MGC,20190326,0.31,0.31,0.302,0.305,19260
MGC,20190327,0.305,0.305,0.305,0.305,0
MGC,20190328,0.3,0.312,0.3,0.31,248244
MGC,20190329,0.31,0.31,0.305,0.305,175030
MGC,20190401,0.307,0.307,0.307,0.307,100498
MGC,20190402,0.305,0.31,0.305,0.31,65849
MGC,20190403,0.31,0.315,0.305,0.315,75953
MGC,20190404,0.305,0.307,0.305,0.305,41845
MGC,20190405,0.31,0.312,0.31,0.312,200448
MGC,20190408,0.312,0.315,0.312,0.315,91909
MGC,20190409,0.31,0.312,0.31,0.312,10699
MGC,20190410,0.31,0.315,0.31,0.312,132420
MGC,20190411,0.315,0.315,0.31,0.315,112190
MGC,20190412,0.31,0.312,0.31,0.31,30222
MGC,20190415,0.31,0.315,0.31,0.315,182915
MGC,20190416,0.312,0.312,0.31,0.31,52000
MGC,20190417,0.31,0.315,0.31,0.315,9592
MGC,20190418,0.315,0.315,0.315,0.315,36134
MGC,20190423,0.315,0.315,0.312,0.312,72122
MGC,20190424,0.312,0.312,0.31,0.31,47166
MGC,20190426,0.312,0.312,0.312,0.312,29520
MGC,20190429,0.315,0.32,0.315,0.315,83564
MGC,20190430,0.315,0.315,0.315,0.315,81681
MGC,20190501,0.32,0.32,0.315,0.32,97571
MGC,20190502,0.317,0.32,0.317,0.32,80424
MGC,20190503,0.317,0.32,0.317,0.32,94993
MGC,20190506,0.317,0.317,0.317,0.317,57067
MGC,20190507,0.315,0.32,0.315,0.32,112029
MGC,20190508,0.32,0.32,0.315,0.32,137514
MGC,20190509,0.315,0.32,0.315,0.32,75037
MGC,20190510,0.315,0.315,0.315,0.315,4410
MGC,20190513,0.315,0.315,0.315,0.315,35793
MGC,20190514,0.315,0.315,0.315,0.315,20838
MGC,20190515,0.317,0.32,0.317,0.32,697975
MGC,20190516,0.32,0.32,0.32,0.32,13597
MGC,20190517,0.317,0.317,0.31,0.31,96436
MGC,20190520,0.31,0.32,0.31,0.32,84765
MGC,20190521,0.32,0.32,0.315,0.32,126590
MGC,20190522,0.317,0.32,0.317,0.32,59520
MGC,20190523,0.32,0.32,0.32,0.32,69529
MGC,20190524,0.32,0.32,0.32,0.32,32619
MGC,20190527,0.32,0.322,0.32,0.32,125751
MGC,20190528,0.322,0.325,0.322,0.325,25600
MGC,20190529,0.325,0.325,0.32,0.32,47237
MGC,20190530,0.325,0.325,0.32,0.32,95032
MGC,20190531,0.32,0.325,0.315,0.325,254772
MGC,20190603,0.32,0.32,0.32,0.32,32761
MGC,20190604,0.32,0.322,0.32,0.32,164924
MGC,20190605,0.32,0.32,0.32,0.32,149264
MGC,20190606,0.32,0.32,0.32,0.32,90391
MGC,20190607,0.32,0.32,0.32,0.32,36350
MGC,20190611,0.317,0.317,0.305,0.305,108554
MGC,20190612,0.305,0.31,0.305,0.305,615106
MGC,20190613,0.31,0.312,0.305,0.305,321318
MGC,20190614,0.305,0.31,0.305,0.305,388010
MGC,20190617,0.305,0.305,0.305,0.305,22189
MGC,20190618,0.305,0.305,0.305,0.305,20772
MGC,20190619,0.3,0.302,0.3,0.3,342390
MGC,20190620,0.295,0.3,0.295,0.3,198604
MGC,20190621,0.295,0.295,0.295,0.295,37449
MGC,20190624,0.3,0.365,0.3,0.35,1279050
MGC,20190625,0.35,0.365,0.35,0.36,354294
MGC,20190626,0.362,0.362,0.355,0.36,244978
MGC,20190627,0.36,0.362,0.36,0.36,91732
MGC,20190628,0.362,0.365,0.36,0.36,97058
MGC,20190701,0.365,0.375,0.362,0.375,212142
MGC,20190702,0.37,0.37,0.365,0.365,268234
MGC,20190703,0.37,0.38,0.37,0.375,277693
MGC,20190704,0.38,0.38,0.37,0.375,310331
MGC,20190705,0.375,0.375,0.375,0.375,23000
MGC,20190708,0.375,0.38,0.375,0.38,67012
MGC,20190709,0.38,0.385,0.38,0.385,157343
MGC,20190710,0.39,0.39,0.385,0.385,192849
MGC,20190711,0.385,0.4,0.385,0.4,178603
MGC,20190712,0.39,0.395,0.387,0.395,90398
MGC,20190715,0.4,0.4,0.395,0.395,13000
MGC,20190716,0.4,0.4,0.395,0.395,6510
MGC,20190717,0.392,0.395,0.39,0.395,118833
MGC,20190718,0.395,0.395,0.395,0.395,27775
MGC,20190719,0.395,0.395,0.395,0.395,15000
MGC,20190722,0.395,0.395,0.395,0.395,2011
MGC,20190723,0.395,0.4,0.395,0.4,74042
MGC,20190724,0.395,0.4,0.385,0.4,169673
MGC,20190725,0.4,0.4,0.39,0.4,98023
MGC,20190726,0.395,0.395,0.39,0.395,56137
MGC,20190729,0.395,0.395,0.385,0.39,85175
MGC,20190730,0.39,0.395,0.39,0.395,80885
MGC,20190731,0.395,0.4,0.395,0.4,255138
MGC,20190801,0.395,0.395,0.395,0.395,7142
MGC,20190802,0.395,0.395,0.39,0.395,40905
MGC,20190805,0.395,0.395,0.39,0.39,1598130
MGC,20190806,0.39,0.39,0.39,0.39,12910
MGC,20190807,0.39,0.39,0.39,0.39,1352
MGC,20190808,0.392,0.392,0.39,0.39,95138
MGC,20190809,0.39,0.39,0.385,0.385,151565
MGC,20190812,0.385,0.387,0.385,0.385,18713
MGC,20190813,0.39,0.39,0.385,0.385,231569
MGC,20190814,0.385,0.385,0.385,0.385,23713
MGC,20190815,0.385,0.395,0.385,0.39,114030
MGC,20190816,0.39,0.392,0.39,0.39,12606
MGC,20190819,0.387,0.39,0.385,0.385,48869
MGC,20190820,0.39,0.39,0.385,0.39,63882
MGC,20190821,0.39,0.39,0.385,0.39,34071
MGC,20190822,0.39,0.39,0.385,0.39,79152
MGC,20190823,0.39,0.392,0.385,0.39,36278
MGC,20190826,0.39,0.395,0.39,0.395,2044301
MGC,20190827,0.395,0.395,0.395,0.395,0
MGC,20190828,0.39,0.4,0.39,0.4,474066
MGC,20190829,0.395,0.395,0.395,0.395,122806
MGC,20190830,0.395,0.395,0.39,0.395,243428
MGC,20190902,0.395,0.395,0.39,0.39,68669
MGC,20190903,0.39,0.39,0.39,0.39,339783
MGC,20190904,0.39,0.395,0.385,0.385,411197
MGC,20190905,0.385,0.39,0.385,0.387,1316370
MGC,20190906,0.395,0.395,0.395,0.395,137668
MGC,20190909,0.39,0.39,0.385,0.385,31066
MGC,20190910,0.395,0.395,0.395,0.395,6000
MGC,20190911,0.395,0.395,0.39,0.395,34655
MGC,20190912,0.395,0.395,0.395,0.395,5000
MGC,20190913,0.39,0.39,0.387,0.387,101250
MGC,20190916,0.39,0.395,0.39,0.39,72066
MGC,20190917,0.395,0.395,0.39,0.39,102619
MGC,20190918,0.39,0.39,0.39,0.39,49288
MGC,20190919,0.39,0.39,0.39,0.39,65261
MGC,20190920,0.39,0.395,0.39,0.395,5386
MGC,20190923,0.395,0.395,0.39,0.39,56225
MGC,20190924,0.39,0.39,0.39,0.39,34300
MGC,20190925,0.39,0.39,0.39,0.39,25904
MGC,20190926,0.39,0.395,0.39,0.39,182423
MGC,20190927,0.39,0.395,0.39,0.39,125676
MGC,20190930,0.395,0.395,0.39,0.39,135858
MGC,20191001,0.395,0.395,0.39,0.39,34335
MGC,20191002,0.395,0.395,0.395,0.395,151568
MGC,20191003,0.395,0.395,0.395,0.395,37000
MGC,20191004,0.395,0.395,0.395,0.395,13095
MGC,20191007,0.395,0.395,0.395,0.395,24893
MGC,20191008,0.395,0.395,0.395,0.395,5000
MGC,20191009,0.395,0.4,0.395,0.4,560584
MGC,20191010,0.4,0.405,0.395,0.395,65130
MGC,20191011,0.395,0.395,0.395,0.395,0
MGC,20191014,0.395,0.395,0.395,0.395,14000
MGC,20191015,0.395,0.4,0.395,0.4,102191
MGC,20191016,0.4,0.4,0.395,0.395,165000
MGC,20191017,0.395,0.395,0.395,0.395,1428
MGC,20191018,0.395,0.395,0.395,0.395,33110
MGC,20191021,0.4,0.4,0.4,0.4,126000
MGC,20191022,0.4,0.4,0.4,0.4,0
MGC,20191023,0.4,0.4,0.4,0.4,28462
MGC,20191024,0.4,0.4,0.4,0.4,128962
MGC,20191025,0.395,0.405,0.395,0.405,35919
MGC,20191028,0.4,0.4,0.4,0.4,102285
MGC,20191029,0.405,0.405,0.4,0.405,294697
MGC,20191030,0.405,0.405,0.405,0.405,51750
MGC,20191031,0.405,0.405,0.405,0.405,12156
MGC,20191101,0.41,0.425,0.41,0.425,258833
MGC,20191104,0.445,0.45,0.44,0.44,526811
MGC,20191105,0.445,0.445,0.435,0.435,105378
MGC,20191106,0.435,0.435,0.435,0.435,477766
MGC,20191107,0.44,0.44,0.435,0.435,360157
MGC,20191108,0.43,0.435,0.43,0.43,14587
MGC,20191111,0.43,0.43,0.43,0.43,1363
MGC,20191112,0.43,0.43,0.43,0.43,540
MGC,20191113,0.43,0.43,0.43,0.43,1500
MGC,20191114,0.43,0.43,0.43,0.43,68402
MGC,20191115,0.43,0.43,0.43,0.43,72818
MGC,20191118,0.43,0.43,0.43,0.43,90632
MGC,20191119,0.43,0.43,0.43,0.43,17000
MGC,20191120,0.435,0.435,0.435,0.435,87090
MGC,20191121,0.435,0.435,0.435,0.435,3794
MGC,20191122,0.435,0.435,0.435,0.435,0
MGC,20191125,0.44,0.44,0.435,0.435,12116
MGC,20191126,0.435,0.435,0.435,0.435,42066
MGC,20191127,0.435,0.44,0.435,0.44,25955
MGC,20191128,0.435,0.435,0.435,0.435,53765
MGC,20191129,0.435,0.435,0.435,0.435,32793
MGC,20191202,0.435,0.435,0.435,0.435,1800
MGC,20191203,0.44,0.44,0.44,0.44,20000
MGC,20191204,0.44,0.44,0.435,0.435,69210
MGC,20191205,0.435,0.435,0.435,0.435,5000
MGC,20191206,0.435,0.435,0.435,0.435,0
MGC,20191209,0.435,0.435,0.435,0.435,59686
MGC,20191210,0.435,0.435,0.43,0.43,308033
MGC,20191211,0.432,0.435,0.432,0.435,134560
MGC,20191212,0.43,0.435,0.43,0.43,13928
MGC,20191213,0.43,0.43,0.43,0.43,0
MGC,20191216,0.43,0.43,0.43,0.43,800
MGC,20191217,0.43,0.445,0.43,0.445,77000
MGC,20191218,0.445,0.445,0.445,0.445,0
MGC,20191219,0.435,0.435,0.435,0.435,6000
MGC,20191220,0.435,0.44,0.435,0.44,18159
MGC,20191223,0.445,0.445,0.435,0.44,3714
MGC,20191224,0.44,0.44,0.44,0.44,0
MGC,20191227,0.44,0.44,0.44,0.44,1200
MGC,20191230,0.44,0.44,0.44,0.44,0
MGC,20191231,0.435,0.44,0.435,0.44,17916
MGC,20200102,0.445,0.445,0.445,0.445,9081
MGC,20200103,0.44,0.44,0.435,0.44,87445
MGC,20200106,0.44,0.44,0.44,0.44,0
MGC,20200107,0.44,0.44,0.44,0.44,0
MGC,20200108,0.435,0.435,0.435,0.435,577029
MGC,20200109,0.435,0.435,0.435,0.435,614764
MGC,20200113,0.44,0.44,0.435,0.435,13141
MGC,20200114,0.435,0.435,0.435,0.435,5000
MGC,20200115,0.435,0.435,0.435,0.435,65915
MGC,20200116,0.435,0.44,0.435,0.44,26819
MGC,20200117,0.435,0.435,0.435,0.435,8210
MGC,20200120,0.44,0.44,0.435,0.435,68414
MGC,20200121,0.44,0.44,0.435,0.435,17418
MGC,20200122,0.435,0.435,0.435,0.435,24134
MGC,20200123,0.435,0.435,0.435,0.435,19850
MGC,20200124,0.435,0.44,0.435,0.435,58040
MGC,20200128,0.435,0.435,0.435,0.435,47409
MGC,20200129,0.435,0.435,0.435,0.435,9300
MGC,20200130,0.435,0.435,0.435,0.435,9125
MGC,20200203,0.435,0.435,0.435,0.435,44000
MGC,20200204,0.435,0.435,0.435,0.435,25000
MGC,20200205,0.435,0.435,0.435,0.435,9275
MGC,20200210,0.435,0.435,0.435,0.435,128890
MGC,20200211,0.44,0.44,0.44,0.44,1200
MGC,20200212,0.435,0.435,0.435,0.435,5000
MGC,20200213,0.435,0.435,0.435,0.435,24021
MGC,20200214,0.435,0.435,0.435,0.435,21096
MGC,20200217,0.435,0.435,0.435,0.435,13843
MGC,20200218,0.435,0.435,0.435,0.435,40527
MGC,20200219,0.435,0.435,0.435,0.435,2500
MGC,20200220,0.435,0.435,0.435,0.435,15762
MGC,20200221,0.435,0.435,0.435,0.435,49618
MGC,20200224,0.435,0.435,0.435,0.435,156441
MGC,20200225,0.435,0.435,0.435,0.435,47187
MGC,20200226,0.435,0.44,0.435,0.44,129945
MGC,20200227,0.44,0.44,0.435,0.437,55250
MGC,20200228,0.445,0.445,0.435,0.435,361453
MGC,20200302,0.44,0.45,0.435,0.45,35702
MGC,20200303,0.45,0.45,0.435,0.435,3727622
MGC,20200304,0.435,0.435,0.435,0.435,102437
MGC,20200305,0.435,0.435,0.435,0.435,296782
MGC,20200306,0.43,0.435,0.43,0.435,508914
MGC,20200309,0.435,0.435,0.43,0.43,211064
MGC,20200310,0.43,0.435,0.43,0.43,242054
MGC,20200311,0.435,0.435,0.43,0.43,337801
MGC,20200312,0.43,0.43,0.43,0.43,144809
MGC,20200313,0.43,0.435,0.42,0.42,311808
MGC,20200316,0.42,0.43,0.42,0.43,168251
MGC,20200317,0.42,0.425,0.42,0.42,82114
MGC,20200318,0.42,0.42,0.42,0.42,115503
MGC,20200319,0.42,0.42,0.42,0.42,88568
MGC,20200320,0.42,0.425,0.42,0.425,26849
MGC,20200323,0.425,0.425,0.42,0.42,151244
MGC,20200324,0.42,0.425,0.42,0.425,521089
MGC,20200325,0.425,0.425,0.425,0.425,0
MGC,20200326,0.42,0.42,0.42,0.42,4014
MGC,20200327,0.42,0.42,0.42,0.42,62040
MGC,20200330,0.425,0.43,0.425,0.425,92867
MGC,20200331,0.43,0.43,0.425,0.425,27302
MGC,20200401,0.43,0.43,0.43,0.43,134216
MGC,20200402,0.43,0.435,0.43,0.435,230174
MGC,20200403,0.435,0.445,0.435,0.445,41987
MGC,20200406,0.44,0.45,0.435,0.45,98160
MGC,20200407,0.44,0.44,0.43,0.44,64390
MGC,20200408,0.44,0.445,0.43,0.43,1000
MGC,20200409,0.44,0.45,0.44,0.44,61431
MGC,20200414,0.44,0.44,0.435,0.44,77909
MGC,20200415,0.44,0.44,0.435,0.44,366436
MGC,20200416,0.44,0.445,0.435,0.435,161779
MGC,20200417,0.435,0.435,0.435,0.435,13300
MGC,20200420,0.435,0.435,0.435,0.435,211384
MGC,20200421,0.435,0.44,0.435,0.44,253669
MGC,20200422,0.44,0.44,0.44,0.44,22000
MGC,20200423,0.435,0.44,0.435,0.44,249231
MGC,20200424,0.44,0.44,0.44,0.44,89293
MGC,20200427,0.435,0.44,0.435,0.435,70528
MGC,20200428,0.435,0.44,0.435,0.44,53461
MGC,20200429,0.44,0.44,0.44,0.44,2990
MGC,20200430,0.44,0.44,0.435,0.44,450944
MGC,20200501,0.44,0.445,0.435,0.445,738370
MGC,20200504,0.44,0.44,0.44,0.44,3724
MGC,20200505,0.445,0.445,0.44,0.445,328310
MGC,20200506,0.445,0.445,0.445,0.445,205
MGC,20200507,0.445,0.445,0.445,0.445,0
MGC,20200508,0.445,0.445,0.445,0.445,30170
MGC,20200511,0.45,0.465,0.44,0.465,692597
MGC,20200512,0.465,0.465,0.465,0.465,0
MGC,20200513,0.465,0.465,0.465,0.465,0
MGC,20200514,0.445,0.45,0.43,0.435,2032386
MGC,20200515,0.43,0.44,0.43,0.43,454106
MGC,20200518,0.432,0.435,0.432,0.435,1162593
MGC,20200519,0.435,0.435,0.435,0.435,30000
MGC,20200520,0.435,0.435,0.435,0.435,0
MGC,20200521,0.44,0.44,0.43,0.435,4647400
MGC,20200522,0.435,0.435,0.432,0.435,3436036
MGC,20200525,0.435,0.435,0.432,0.435,1093690
MGC,20200526,0.435,0.435,0.435,0.435,1693798
MGC,20200527,0.435,0.435,0.435,0.435,236702
MGC,20200528,0.44,0.44,0.435,0.435,16305
MGC,20200529,0.435,0.44,0.435,0.44,100000
MGC,20200601,0.435,0.435,0.435,0.435,3000
MGC,20200602,0.435,0.435,0.435,0.435,146374
MGC,20200603,0.435,0.44,0.435,0.435,184129
MGC,20200604,0.435,0.435,0.435,0.435,17100
MGC,20200605,0.435,0.435,0.435,0.435,154841
MGC,20200609,0.435,0.435,0.435,0.435,234994
MGC,20200610,0.435,0.435,0.435,0.435,313695
MGC,20200611,0.435,0.435,0.435,0.435,401613
MGC,20200612,0.435,0.44,0.435,0.435,316091
MGC,20200615,0.435,0.44,0.435,0.435,274693
MGC,20200616,0.435,0.435,0.435,0.435,834837
MGC,20200617,0.435,0.44,0.435,0.44,440179
MGC,20200618,0.44,0.44,0.44,0.44,77667
MGC,20200619,0.435,0.44,0.435,0.44,101506
MGC,20200622,0.435,0.44,0.435,0.44,278834
MGC,20200623,0.44,0.44,0.44,0.44,250840
MGC,20200624,0.435,0.437,0.435,0.435,800416
MGC,20200625,0.435,0.435,0.43,0.43,3878545
MGC,20200626,0.43,0.43,0.43,0.43,0
MGC,20200629,0.43,0.43,0.43,0.43,0
MGC,20200630,0.43,0.43,0.43,0.43,0
MGC,20200701,0.43,0.43,0.43,0.43,0
MGC,20200702,0.43,0.43,0.43,0.43,0
MGC,20200703,0.43,0.43,0.43,0.43,0
