MIH,20160212,3.6,3.6,3.6,3.6,0
MIH,20160215,3.6,3.6,3.6,3.6,0
MIH,20160216,3.6,3.6,3.6,3.6,0
MIH,20160217,3.6,3.6,3.6,3.6,0
MIH,20160218,3.6,3.6,3.6,3.6,0
MIH,20160219,3.6,3.6,3.6,3.6,0
MIH,20160222,3.6,3.6,3.6,3.6,0
MIH,20160223,3.6,3.6,3.6,3.6,0
MIH,20160224,3.6,3.6,3.6,3.6,0
MIH,20160225,3.6,3.6,3.6,3.6,0
MIH,20160226,3.6,3.6,3.6,3.6,0
MIH,20160229,3.6,3.6,3.6,3.6,0
MIH,20160301,3.6,3.6,3.6,3.6,0
MIH,20160302,3.6,3.6,3.6,3.6,0
MIH,20160303,3.6,3.6,3.6,3.6,0
MIH,20160304,3.6,3.6,3.6,3.6,0
MIH,20160307,3.6,3.6,3.6,3.6,0
MIH,20160308,3.6,3.6,3.6,3.6,0
MIH,20160309,3.6,3.6,3.6,3.6,0
MIH,20160310,3.6,3.6,3.6,3.6,0
MIH,20160311,3.6,3.6,3.6,3.6,0
MIH,20160314,3.6,3.6,3.6,3.6,0
MIH,20160315,3.6,3.6,3.6,3.6,0
MIH,20160316,3.6,3.6,3.6,3.6,0
MIH,20160317,3.6,3.6,3.6,3.6,0
MIH,20160318,3.6,3.6,3.6,3.6,0
MIH,20160321,3.6,3.6,3.6,3.6,0
MIH,20160322,3.6,3.6,3.6,3.6,0
MIH,20160323,3.6,3.6,3.6,3.6,0
MIH,20160324,3.6,3.6,3.6,3.6,0
MIH,20160329,3.6,3.6,3.6,3.6,0
MIH,20160330,3.6,3.6,3.6,3.6,0
MIH,20160331,3.6,3.6,3.6,3.6,0
MIH,20160401,3.6,3.6,3.6,3.6,0
MIH,20160404,3.6,3.6,3.6,3.6,0
MIH,20160405,3.6,3.6,3.6,3.6,0
MIH,20160406,3.6,3.6,3.6,3.6,0
MIH,20160407,3.6,3.6,3.6,3.6,0
MIH,20160408,3.6,3.6,3.6,3.6,0
MIH,20160411,3.6,3.6,3.6,3.6,0
MIH,20160412,3.6,3.6,3.6,3.6,0
MIH,20160413,3.6,3.6,3.6,3.6,0
MIH,20160414,3.6,3.6,3.6,3.6,0
MIH,20160415,3.6,3.6,3.6,3.6,0
MIH,20160418,3.6,3.6,3.6,3.6,0
MIH,20160419,3.6,3.6,3.6,3.6,0
MIH,20160420,3.6,3.6,3.6,3.6,0
MIH,20160421,3.6,3.6,3.6,3.6,0
MIH,20160422,3.6,3.6,3.6,3.6,0
MIH,20160426,3.6,3.6,3.6,3.6,0
MIH,20160427,3.6,3.6,3.6,3.6,0
MIH,20160428,3.6,3.6,3.6,3.6,0
MIH,20160429,3.6,3.6,3.6,3.6,0
MIH,20160502,3.6,3.6,3.6,3.6,0
MIH,20160503,3.6,3.6,3.6,3.6,0
MIH,20160504,3.6,3.6,3.6,3.6,0
MIH,20160505,3.6,3.6,3.6,3.6,0
MIH,20160506,3.6,3.6,3.6,3.6,0
MIH,20160509,3.6,3.6,3.6,3.6,0
MIH,20160510,3.6,3.6,3.6,3.6,0
MIH,20160511,3.6,3.6,3.6,3.6,0
MIH,20160512,3.6,3.6,3.6,3.6,0
MIH,20160513,3.6,3.6,3.6,3.6,0
MIH,20160516,3.6,3.6,3.6,3.6,0
MIH,20160517,3.6,3.6,3.6,3.6,0
MIH,20160518,3.6,3.6,3.6,3.6,0
MIH,20160519,3.6,3.6,3.6,3.6,0
MIH,20160520,3.6,3.6,3.6,3.6,0
MIH,20160523,3.6,3.6,3.6,3.6,0
MIH,20160524,3.6,3.6,3.6,3.6,0
MIH,20160525,3.6,3.6,3.6,3.6,0
MIH,20160526,3.6,3.6,3.6,3.6,0
MIH,20160527,3.6,3.6,3.6,3.6,0
MIH,20160530,3.6,3.6,3.6,3.6,0
MIH,20160531,3.6,3.6,3.6,3.6,0
MIH,20160601,3.6,3.6,3.6,3.6,0
MIH,20160602,3.6,3.6,3.6,3.6,0
MIH,20160603,3.6,3.6,3.6,3.6,0
MIH,20160606,3.6,3.6,3.6,3.6,0
MIH,20160607,3.6,3.6,3.6,3.6,0
MIH,20160608,3.6,3.6,3.6,3.6,0
MIH,20160609,3.6,3.6,3.6,3.6,0
MIH,20160610,3.6,3.6,3.6,3.6,0
MIH,20160614,3.6,3.6,3.6,3.6,0
MIH,20160615,3.6,3.6,3.6,3.6,0
MIH,20160616,3.6,3.6,3.6,3.6,0
MIH,20160617,3.6,3.6,3.6,3.6,0
MIH,20160620,3.6,3.6,3.6,3.6,0
MIH,20160621,3.6,3.6,3.6,3.6,0
MIH,20160622,3.6,3.6,3.6,3.6,0
MIH,20160623,3.6,3.6,3.6,3.6,0
MIH,20160624,3.6,3.6,3.6,3.6,0
MIH,20160627,3.6,3.6,3.6,3.6,0
MIH,20160628,3.6,3.6,3.6,3.6,0
MIH,20160629,3.6,3.6,3.6,3.6,0
MIH,20160630,3.6,3.6,3.6,3.6,0
MIH,20160701,3.6,3.6,3.6,3.6,0
MIH,20160704,3.6,3.6,3.6,3.6,0
MIH,20160705,3.6,3.6,3.6,3.6,0
MIH,20160706,3.6,3.6,3.6,3.6,0
MIH,20160707,3.6,3.6,3.6,3.6,0
MIH,20160708,3.6,3.6,3.6,3.6,0
MIH,20160711,3.6,3.6,3.6,3.6,0
MIH,20160712,3.6,3.6,3.6,3.6,0
MIH,20160713,3.6,3.6,3.6,3.6,0
MIH,20160714,3.6,3.6,3.6,3.6,0
MIH,20160715,3.6,3.6,3.6,3.6,0
MIH,20160718,3.6,3.6,3.6,3.6,0
MIH,20160719,3.6,3.6,3.6,3.6,0
MIH,20160720,3.6,3.6,3.6,3.6,0
MIH,20160721,3.6,3.6,3.6,3.6,0
MIH,20160722,3.6,3.6,3.6,3.6,0
MIH,20160725,3.6,3.6,3.6,3.6,0
MIH,20160726,3.6,3.6,3.6,3.6,0
MIH,20160727,3.6,3.6,3.6,3.6,0
MIH,20160728,3.6,3.6,3.6,3.6,0
MIH,20160729,3.6,3.6,3.6,3.6,0
MIH,20160801,3.6,3.6,3.6,3.6,0
MIH,20160802,3.6,3.6,3.6,3.6,0
MIH,20160803,3.6,3.6,3.6,3.6,0
MIH,20160804,3.6,3.6,3.6,3.6,0
MIH,20160805,3.6,3.6,3.6,3.6,0
MIH,20160808,3.6,3.6,3.6,3.6,0
MIH,20160809,3.6,3.6,3.6,3.6,0
MIH,20160810,3.6,3.6,3.6,3.6,0
MIH,20160811,3.6,3.6,3.6,3.6,0
MIH,20160812,3.6,3.6,3.6,3.6,0
MIH,20160815,3.6,3.6,3.6,3.6,0
MIH,20160816,3.6,3.6,3.6,3.6,0
MIH,20160817,3.6,3.6,3.6,3.6,0
MIH,20160818,3.6,3.6,3.6,3.6,0
MIH,20160822,3.6,3.6,3.6,3.6,0
MIH,20160823,3.6,3.6,3.6,3.6,0
MIH,20160824,3.6,3.6,3.6,3.6,0
MIH,20160825,3.6,3.6,3.6,3.6,0
MIH,20160826,3.6,3.6,3.6,3.6,0
MIH,20160829,3.6,3.6,3.6,3.6,0
MIH,20160830,3.6,3.6,3.6,3.6,0
MIH,20160831,3.6,3.6,3.6,3.6,0
MIH,20160901,3.6,3.6,3.6,3.6,0
MIH,20160902,3.6,3.6,3.6,3.6,0
MIH,20160905,3.6,3.6,3.6,3.6,0
MIH,20160906,3.6,3.6,3.6,3.6,0
MIH,20160907,3.6,3.6,3.6,3.6,0
MIH,20160908,3.6,3.6,3.6,3.6,0
MIH,20160909,3.6,3.6,3.6,3.6,0
MIH,20160912,3.6,3.6,3.6,3.6,0
MIH,20160913,3.6,3.6,3.6,3.6,0
MIH,20160914,3.6,3.6,3.6,3.6,0
MIH,20160915,3.6,3.6,3.6,3.6,0
MIH,20160916,3.6,3.6,3.6,3.6,0
MIH,20160919,3.6,3.6,3.6,3.6,0
MIH,20160920,3.6,3.6,3.6,3.6,0
MIH,20160921,3.6,3.6,3.6,3.6,0
MIH,20160922,3.6,3.6,3.6,3.6,0
MIH,20160923,3.6,3.6,3.6,3.6,0
MIH,20160926,3.6,3.6,3.6,3.6,0
MIH,20160927,3.6,3.6,3.6,3.6,0
MIH,20160928,3.6,3.6,3.6,3.6,0
MIH,20160929,3.6,3.6,3.6,3.6,0
MIH,20160930,3.6,3.6,3.6,3.6,0
MIH,20161003,3.6,3.6,3.6,3.6,0
MIH,20161004,3.6,3.6,3.6,3.6,0
MIH,20161005,3.6,3.6,3.6,3.6,0
MIH,20161006,3.6,3.6,3.6,3.6,0
MIH,20161007,3.6,3.6,3.6,3.6,0
MIH,20161010,3.6,3.6,3.6,3.6,0
MIH,20161011,3.6,3.6,3.6,3.6,0
MIH,20161012,3.6,3.6,3.6,3.6,0
MIH,20161013,3.6,3.6,3.6,3.6,0
MIH,20161014,3.6,3.6,3.6,3.6,0
MIH,20161017,3.6,3.6,3.6,3.6,0
MIH,20161018,3.6,3.6,3.6,3.6,0
MIH,20161019,3.6,3.6,3.6,3.6,0
MIH,20161020,3.6,3.6,3.6,3.6,0
MIH,20161021,3.6,3.6,3.6,3.6,0
MIH,20161024,3.6,3.6,3.6,3.6,0
MIH,20161025,3.6,3.6,3.6,3.6,0
MIH,20161026,3.6,3.6,3.6,3.6,0
MIH,20161027,3.6,3.6,3.6,3.6,0
MIH,20161028,3.6,3.6,3.6,3.6,0
MIH,20161031,3.6,3.6,3.6,3.6,0
MIH,20161101,3.6,3.6,3.6,3.6,0
MIH,20161102,3.6,3.6,3.6,3.6,0
MIH,20161103,3.6,3.6,3.6,3.6,0
MIH,20161104,3.6,3.6,3.6,3.6,0
MIH,20161107,3.6,3.6,3.6,3.6,0
MIH,20161108,3.6,3.6,3.6,3.6,0
MIH,20161109,3.6,3.6,3.6,3.6,0
MIH,20161110,3.6,3.6,3.6,3.6,0
MIH,20161111,3.6,3.6,3.6,3.6,0
MIH,20161114,3.6,3.6,3.6,3.6,0
MIH,20161115,3.6,3.6,3.6,3.6,0
MIH,20161116,3.6,3.6,3.6,3.6,0
MIH,20161117,3.6,3.6,3.6,3.6,0
MIH,20161118,3.6,3.6,3.6,3.6,0
MIH,20161121,3.6,3.6,3.6,3.6,0
MIH,20161122,3.6,3.6,3.6,3.6,0
MIH,20161123,3.6,3.6,3.6,3.6,0
MIH,20161124,3.6,3.6,3.6,3.6,0
MIH,20161125,3.6,3.6,3.6,3.6,0
MIH,20161128,3.6,3.6,3.6,3.6,0
MIH,20161129,3.6,3.6,3.6,3.6,0
MIH,20161130,3.6,3.6,3.6,3.6,0
MIH,20161201,3.6,3.6,3.6,3.6,0
MIH,20161202,3.6,3.6,3.6,3.6,0
MIH,20161205,3.6,3.6,3.6,3.6,0
MIH,20161206,3.6,3.6,3.6,3.6,0
MIH,20161207,3.6,3.6,3.6,3.6,0
MIH,20161208,3.6,3.6,3.6,3.6,0
MIH,20161209,3.6,3.6,3.6,3.6,0
MIH,20161212,3.6,3.6,3.6,3.6,0
MIH,20161213,3.6,3.6,3.6,3.6,0
MIH,20161214,3.6,3.6,3.6,3.6,0
MIH,20161215,3.6,3.6,3.6,3.6,0
MIH,20161216,3.6,3.6,3.6,3.6,0
MIH,20161219,3.6,3.6,3.6,3.6,0
MIH,20161220,3.6,3.6,3.6,3.6,0
MIH,20161221,3.6,3.6,3.6,3.6,0
MIH,20161222,3.6,3.6,3.6,3.6,0
MIH,20161223,3.6,3.6,3.6,3.6,0
MIH,20161228,3.6,3.6,3.6,3.6,0
MIH,20161229,3.6,3.6,3.6,3.6,0
MIH,20161230,3.6,3.6,3.6,3.6,0
MIH,20170103,3.6,3.6,3.6,3.6,0
MIH,20170104,3.6,3.6,3.6,3.6,0
MIH,20170105,3.6,3.6,3.6,3.6,0
MIH,20170106,3.6,3.6,3.6,3.6,0
MIH,20170109,3.6,3.6,3.6,3.6,0
MIH,20170110,3.6,3.6,3.6,3.6,0
MIH,20170111,3.6,3.6,3.6,3.6,0
MIH,20170112,3.6,3.6,3.6,3.6,0
MIH,20170113,3.6,3.6,3.6,3.6,0
MIH,20170116,3.6,3.6,3.6,3.6,0
MIH,20170117,3.6,3.6,3.6,3.6,0
MIH,20170118,3.6,3.6,3.6,3.6,0
MIH,20170119,3.6,3.6,3.6,3.6,0
MIH,20170120,3.6,3.6,3.6,3.6,0
MIH,20170123,3.6,3.6,3.6,3.6,0
MIH,20170124,3.6,3.6,3.6,3.6,0
MIH,20170125,3.6,3.6,3.6,3.6,0
MIH,20170127,3.6,3.6,3.6,3.6,0
MIH,20170130,3.6,3.6,3.6,3.6,0
MIH,20170131,3.6,3.6,3.6,3.6,0
MIH,20170201,3.6,3.6,3.6,3.6,0
MIH,20170202,3.6,3.6,3.6,3.6,0
MIH,20170203,3.6,3.6,3.6,3.6,0
MIH,20170206,3.6,3.6,3.6,3.6,0
MIH,20170207,3.6,3.6,3.6,3.6,0
MIH,20170208,3.6,3.6,3.6,3.6,0
MIH,20170209,3.6,3.6,3.6,3.6,0
MIH,20170210,3.6,3.6,3.6,3.6,0
MIH,20170213,3.6,3.6,3.6,3.6,0
MIH,20170214,3.6,3.6,3.6,3.6,0
MIH,20170215,3.6,3.6,3.6,3.6,0
MIH,20170216,3.6,3.6,3.6,3.6,0
MIH,20170217,3.6,3.6,3.6,3.6,0
MIH,20170220,3.6,3.6,3.6,3.6,0
MIH,20170221,3.6,3.6,3.6,3.6,0
MIH,20170222,3.6,3.6,3.6,3.6,0
MIH,20170223,3.6,3.6,3.6,3.6,0
MIH,20170224,3.6,3.6,3.6,3.6,0
MIH,20170227,3.6,3.6,3.6,3.6,0
MIH,20170228,3.6,3.6,3.6,3.6,0
MIH,20170301,3.6,3.6,3.6,3.6,0
MIH,20170302,3.6,3.6,3.6,3.6,0
MIH,20170303,3.6,3.6,3.6,3.6,0
MIH,20170306,3.6,3.6,3.6,3.6,0
MIH,20170307,3.6,3.6,3.6,3.6,0
MIH,20170308,3.6,3.6,3.6,3.6,0
MIH,20170309,3.6,3.6,3.6,3.6,0
MIH,20170310,3.6,3.6,3.6,3.6,0
MIH,20170313,3.6,3.6,3.6,3.6,0
MIH,20170314,3.6,3.6,3.6,3.6,0
MIH,20170315,3.6,3.6,3.6,3.6,0
MIH,20170316,3.6,3.6,3.6,3.6,0
MIH,20170317,3.6,3.6,3.6,3.6,0
MIH,20170320,3.6,3.6,3.6,3.6,0
MIH,20170321,3.6,3.6,3.6,3.6,0
MIH,20170322,3.6,3.6,3.6,3.6,0
MIH,20170323,3.6,3.6,3.6,3.6,0
MIH,20170324,3.6,3.6,3.6,3.6,0
MIH,20170327,3.6,3.6,3.6,3.6,0
MIH,20170328,3.6,3.6,3.6,3.6,0
MIH,20170329,3.6,3.6,3.6,3.6,0
MIH,20170330,3.6,3.6,3.6,3.6,0
MIH,20170331,3.6,3.6,3.6,3.6,0
MIH,20170403,3.6,3.6,3.6,3.6,0
MIH,20170404,3.6,3.6,3.6,3.6,0
MIH,20170405,3.6,3.6,3.6,3.6,0
MIH,20170406,3.6,3.6,3.6,3.6,0
MIH,20170407,3.6,3.6,3.6,3.6,0
MIH,20170410,3.6,3.6,3.6,3.6,0
MIH,20170411,3.6,3.6,3.6,3.6,0
MIH,20170412,3.6,3.6,3.6,3.6,0
MIH,20170413,3.6,3.6,3.6,3.6,0
MIH,20170418,3.6,3.6,3.6,3.6,0
MIH,20170419,3.6,3.6,3.6,3.6,0
MIH,20170420,3.6,3.6,3.6,3.6,0
MIH,20170421,3.6,3.6,3.6,3.6,0
MIH,20170424,3.6,3.6,3.6,3.6,0
MIH,20170426,3.6,3.6,3.6,3.6,0
MIH,20170427,3.6,3.6,3.6,3.6,0
MIH,20170428,3.6,3.6,3.6,3.6,0
MIH,20170501,3.6,3.6,3.6,3.6,0
MIH,20170502,3.6,3.6,3.6,3.6,0
MIH,20170503,3.6,3.6,3.6,3.6,0
MIH,20170504,3.6,3.6,3.6,3.6,0
MIH,20170505,3.6,3.6,3.6,3.6,0
MIH,20170508,3.6,3.6,3.6,3.6,0
MIH,20170509,3.6,3.6,3.6,3.6,0
MIH,20170510,3.6,3.6,3.6,3.6,0
MIH,20170511,3.6,3.6,3.6,3.6,0
MIH,20170512,3.6,3.6,3.6,3.6,0
MIH,20170515,3.6,3.6,3.6,3.6,0
MIH,20170516,3.6,3.6,3.6,3.6,0
MIH,20170517,3.6,3.6,3.6,3.6,0
MIH,20170518,3.6,3.6,3.6,3.6,0
MIH,20170519,3.6,3.6,3.6,3.6,0
MIH,20170522,3.6,3.6,3.6,3.6,0
MIH,20170523,3.6,3.6,3.6,3.6,0
MIH,20170524,3.6,3.6,3.6,3.6,0
MIH,20170525,3.6,3.6,3.6,3.6,0
MIH,20170526,3.6,3.6,3.6,3.6,0
MIH,20170529,3.6,3.6,3.6,3.6,0
MIH,20170530,3.6,3.6,3.6,3.6,0
MIH,20170531,3.6,3.6,3.6,3.6,0
MIH,20170601,3.6,3.6,3.6,3.6,0
MIH,20170602,3.6,3.6,3.6,3.6,0
MIH,20170605,3.6,3.6,3.6,3.6,0
MIH,20170606,3.6,3.6,3.6,3.6,0
MIH,20170607,3.6,3.6,3.6,3.6,0
MIH,20170608,3.6,3.6,3.6,3.6,0
MIH,20170609,3.6,3.6,3.6,3.6,0
MIH,20170613,3.6,3.6,3.6,3.6,0
MIH,20170614,3.6,3.6,3.6,3.6,0
MIH,20170615,3.6,3.6,3.6,3.6,0
MIH,20170616,3.6,3.6,3.6,3.6,0
MIH,20170619,3.6,3.6,3.6,3.6,0
MIH,20170620,3.6,3.6,3.6,3.6,0
MIH,20170621,3.6,3.6,3.6,3.6,0
MIH,20170622,3.6,3.6,3.6,3.6,0
MIH,20170623,3.6,3.6,3.6,3.6,0
MIH,20170626,3.6,3.6,3.6,3.6,0
MIH,20170627,3.6,3.6,3.6,3.6,0
MIH,20170628,3.6,3.6,3.6,3.6,0
MIH,20170629,3.6,3.6,3.6,3.6,0
MIH,20170630,3.6,3.6,3.6,3.6,0
MIH,20170703,3.6,3.6,3.6,3.6,0
MIH,20170704,3.6,3.6,3.6,3.6,0
MIH,20170705,3.6,3.6,3.6,3.6,0
MIH,20170706,3.6,3.6,3.6,3.6,0
MIH,20170707,3.6,3.6,3.6,3.6,0
MIH,20170710,3.6,3.6,3.6,3.6,0
MIH,20170711,3.6,3.6,3.6,3.6,0
MIH,20170712,3.6,3.6,3.6,3.6,0
MIH,20170713,3.6,3.6,3.6,3.6,0
MIH,20170714,3.6,3.6,3.6,3.6,0
MIH,20170717,3.6,3.6,3.6,3.6,0
MIH,20170718,3.6,3.6,3.6,3.6,0
MIH,20170719,3.6,3.6,3.6,3.6,0
MIH,20170720,3.6,3.6,3.6,3.6,0
MIH,20170721,3.6,3.6,3.6,3.6,0
MIH,20170724,3.6,3.6,3.6,3.6,0
MIH,20170725,3.6,3.6,3.6,3.6,0
MIH,20170726,3.6,3.6,3.6,3.6,0
MIH,20170727,3.6,3.6,3.6,3.6,0
MIH,20170728,3.6,3.6,3.6,3.6,0
MIH,20170731,3.6,3.6,3.6,3.6,0
MIH,20170801,3.6,3.6,3.6,3.6,0
MIH,20170802,3.6,3.6,3.6,3.6,0
MIH,20170803,3.6,3.6,3.6,3.6,0
MIH,20170804,3.6,3.6,3.6,3.6,0
MIH,20170807,3.6,3.6,3.6,3.6,0
MIH,20170808,3.6,3.6,3.6,3.6,0
MIH,20170809,3.6,3.6,3.6,3.6,0
MIH,20170810,3.6,3.6,3.6,3.6,0
MIH,20170811,3.6,3.6,3.6,3.6,0
MIH,20170815,3.6,3.6,3.6,3.6,0
MIH,20170816,3.6,3.6,3.6,3.6,0
MIH,20170817,3.6,3.6,3.6,3.6,0
MIH,20170818,3.6,3.6,3.6,3.6,0
MIH,20170821,3.6,3.6,3.6,3.6,0
MIH,20170822,3.6,3.6,3.6,3.6,0
MIH,20170823,3.6,3.6,3.6,3.6,0
MIH,20170824,3.6,3.6,3.6,3.6,0
MIH,20170825,3.6,3.6,3.6,3.6,0
MIH,20170828,3.6,3.6,3.6,3.6,0
MIH,20170829,3.6,3.6,3.6,3.6,0
MIH,20170830,3.6,3.6,3.6,3.6,0
MIH,20170831,3.6,3.6,3.6,3.6,0
MIH,20170901,3.6,3.6,3.6,3.6,0
MIH,20170904,3.6,3.6,3.6,3.6,0
MIH,20170905,3.6,3.6,3.6,3.6,0
MIH,20170906,3.6,3.6,3.6,3.6,0
MIH,20170907,3.6,3.6,3.6,3.6,0
MIH,20170908,3.6,3.6,3.6,3.6,0
MIH,20170911,3.6,3.6,3.6,3.6,0
MIH,20170912,3.6,3.6,3.6,3.6,0
MIH,20170913,3.6,3.6,3.6,3.6,0
MIH,20170914,3.6,3.6,3.6,3.6,0
MIH,20170915,3.6,3.6,3.6,3.6,0
MIH,20170918,3.6,3.6,3.6,3.6,0
MIH,20170919,3.6,3.6,3.6,3.6,0
MIH,20170920,3.6,3.6,3.6,3.6,0
MIH,20170921,3.6,3.6,3.6,3.6,0
MIH,20170922,3.6,3.6,3.6,3.6,0
MIH,20170925,3.6,3.6,3.6,3.6,0
MIH,20170926,3.6,3.6,3.6,3.6,0
MIH,20170927,3.6,3.6,3.6,3.6,0
MIH,20170928,3.6,3.6,3.6,3.6,0
MIH,20170929,3.6,3.6,3.6,3.6,0
MIH,20171002,3.6,3.6,3.6,3.6,0
MIH,20171003,3.6,3.6,3.6,3.6,0
MIH,20171004,3.6,3.6,3.6,3.6,0
MIH,20171005,3.6,3.6,3.6,3.6,0
MIH,20171006,3.6,3.6,3.6,3.6,0
MIH,20171009,3.6,3.6,3.6,3.6,0
MIH,20171010,3.6,3.6,3.6,3.6,0
MIH,20171011,3.6,3.6,3.6,3.6,0
MIH,20171012,3.6,3.6,3.6,3.6,0
MIH,20171013,3.6,3.6,3.6,3.6,0
MIH,20171016,3.6,3.6,3.6,3.6,0
MIH,20171017,3.6,3.6,3.6,3.6,0
MIH,20171018,3.6,3.6,3.6,3.6,0
MIH,20171019,3.6,3.6,3.6,3.6,0
MIH,20171020,3.6,3.6,3.6,3.6,0
MIH,20171023,3.6,3.6,3.6,3.6,0
MIH,20171024,3.6,3.6,3.6,3.6,0
MIH,20171025,3.6,3.6,3.6,3.6,0
MIH,20171026,3.6,3.6,3.6,3.6,0
MIH,20171027,3.6,3.6,3.6,3.6,0
MIH,20171030,3.6,3.6,3.6,3.6,0
MIH,20171031,3.6,3.6,3.6,3.6,0
MIH,20171101,3.6,3.6,3.6,3.6,0
MIH,20171102,3.6,3.6,3.6,3.6,0
MIH,20171103,3.6,3.6,3.6,3.6,0
MIH,20171106,3.6,3.6,3.6,3.6,0
MIH,20171107,3.6,3.6,3.6,3.6,0
MIH,20171108,3.6,3.6,3.6,3.6,0
MIH,20171109,3.6,3.6,3.6,3.6,0
MIH,20171110,3.6,3.6,3.6,3.6,0
MIH,20171113,3.6,3.6,3.6,3.6,0
MIH,20171114,3.6,3.6,3.6,3.6,0
MIH,20171115,3.6,3.6,3.6,3.6,0
MIH,20171116,3.6,3.6,3.6,3.6,0
MIH,20171117,3.6,3.6,3.6,3.6,0
MIH,20171120,3.6,3.6,3.6,3.6,0
MIH,20171121,3.6,3.6,3.6,3.6,0
MIH,20171122,3.6,3.6,3.6,3.6,0
MIH,20171123,3.6,3.6,3.6,3.6,0
MIH,20171124,3.6,3.6,3.6,3.6,0
MIH,20171127,3.6,3.6,3.6,3.6,0
MIH,20171128,3.6,3.6,3.6,3.6,0
MIH,20171129,3.6,3.6,3.6,3.6,0
MIH,20171130,3.6,3.6,3.6,3.6,0
MIH,20171201,3.6,3.6,3.6,3.6,0
MIH,20171204,3.6,3.6,3.6,3.6,0
MIH,20171205,3.6,3.6,3.6,3.6,0
MIH,20171206,3.6,3.6,3.6,3.6,0
MIH,20171207,3.6,3.6,3.6,3.6,0
MIH,20171208,3.6,3.6,3.6,3.6,0
MIH,20171211,3.6,3.6,3.6,3.6,0
MIH,20171212,3.6,3.6,3.6,3.6,0
MIH,20171213,3.6,3.6,3.6,3.6,0
MIH,20171214,3.6,3.6,3.6,3.6,0
MIH,20171215,3.6,3.6,3.6,3.6,0
MIH,20171218,3.6,3.6,3.6,3.6,0
MIH,20171219,3.6,3.6,3.6,3.6,0
MIH,20171220,3.6,3.6,3.6,3.6,0
MIH,20171221,3.6,3.6,3.6,3.6,0
MIH,20171222,3.6,3.6,3.6,3.6,0
MIH,20171227,3.6,3.6,3.6,3.6,0
MIH,20171228,3.6,3.6,3.6,3.6,0
MIH,20171229,3.6,3.6,3.6,3.6,0
MIH,20180102,3.6,3.6,3.6,3.6,0
MIH,20180103,3.6,3.6,3.6,3.6,0
MIH,20180104,3.6,3.6,3.6,3.6,0
MIH,20180105,3.6,3.6,3.6,3.6,0
MIH,20180108,3.6,3.6,3.6,3.6,0
MIH,20180109,3.6,3.6,3.6,3.6,0
MIH,20180110,3.6,3.6,3.6,3.6,0
MIH,20180111,3.6,3.6,3.6,3.6,0
MIH,20180112,3.6,3.6,3.6,3.6,0
MIH,20180115,3.6,3.6,3.6,3.6,0
MIH,20180116,3.6,3.6,3.6,3.6,0
MIH,20180117,3.6,3.6,3.6,3.6,0
MIH,20180118,3.6,3.6,3.6,3.6,0
MIH,20180119,3.6,3.6,3.6,3.6,0
MIH,20180122,3.6,3.6,3.6,3.6,0
MIH,20180123,3.6,3.6,3.6,3.6,0
MIH,20180124,3.6,3.6,3.6,3.6,0
MIH,20180125,3.6,3.6,3.6,3.6,0
MIH,20180129,3.6,3.6,3.6,3.6,0
MIH,20180130,3.6,3.6,3.6,3.6,0
MIH,20180131,3.6,3.6,3.6,3.6,0
MIH,20180201,3.6,3.6,3.6,3.6,0
MIH,20180202,3.6,3.6,3.6,3.6,0
MIH,20180205,3.6,3.6,3.6,3.6,0
MIH,20180207,3.6,3.6,3.6,3.6,0
MIH,20180208,3.6,3.6,3.6,3.6,0
MIH,20180209,3.6,3.6,3.6,3.6,0
MIH,20180212,3.6,3.6,3.6,3.6,0
MIH,20180213,3.6,3.6,3.6,3.6,0
MIH,20180214,3.6,3.6,3.6,3.6,0
MIH,20180215,3.6,3.6,3.6,3.6,0
MIH,20180216,3.6,3.6,3.6,3.6,0
MIH,20180219,3.6,3.6,3.6,3.6,0
MIH,20180220,3.6,3.6,3.6,3.6,0
MIH,20180221,3.6,3.6,3.6,3.6,0
MIH,20180222,3.6,3.6,3.6,3.6,0
MIH,20180223,3.6,3.6,3.6,3.6,0
MIH,20180226,3.6,3.6,3.6,3.6,0
MIH,20180227,3.6,3.6,3.6,3.6,0
MIH,20180228,3.6,3.6,3.6,3.6,0
MIH,20180301,3.6,3.6,3.6,3.6,0
MIH,20180302,3.6,3.6,3.6,3.6,0
MIH,20180305,3.6,3.6,3.6,3.6,0
MIH,20180306,3.6,3.6,3.6,3.6,0
MIH,20180307,3.6,3.6,3.6,3.6,0
MIH,20180308,3.6,3.6,3.6,3.6,0
MIH,20180309,3.6,3.6,3.6,3.6,0
MIH,20180312,3.6,3.6,3.6,3.6,0
MIH,20180313,3.6,3.6,3.6,3.6,0
MIH,20180314,3.6,3.6,3.6,3.6,0
MIH,20180315,3.6,3.6,3.6,3.6,0
MIH,20180316,3.6,3.6,3.6,3.6,0
MIH,20180319,3.6,3.6,3.6,3.6,0
MIH,20180320,3.6,3.6,3.6,3.6,0
MIH,20180321,3.6,3.6,3.6,3.6,0
MIH,20180322,3.6,3.6,3.6,3.6,0
MIH,20180323,3.6,3.6,3.6,3.6,0
MIH,20180326,3.6,3.6,3.6,3.6,0
MIH,20180327,3.6,3.6,3.6,3.6,0
MIH,20180328,3.6,3.6,3.6,3.6,0
MIH,20180329,3.6,3.6,3.6,3.6,0
MIH,20180403,3.6,3.6,3.6,3.6,0
MIH,20180404,3.6,3.6,3.6,3.6,0
MIH,20180405,3.6,3.6,3.6,3.6,0
MIH,20180406,3.6,3.6,3.6,3.6,0
MIH,20180409,3.6,3.6,3.6,3.6,0
MIH,20180410,3.6,3.6,3.6,3.6,0
MIH,20180411,3.6,3.6,3.6,3.6,0
MIH,20180412,3.6,3.6,3.6,3.6,0
MIH,20180413,3.6,3.6,3.6,3.6,0
MIH,20180416,3.6,3.6,3.6,3.6,0
MIH,20180417,3.6,3.6,3.6,3.6,0
MIH,20180418,3.6,3.6,3.6,3.6,0
MIH,20180419,3.6,3.6,3.6,3.6,0
MIH,20180420,3.6,3.6,3.6,3.6,0
MIH,20180423,3.6,3.6,3.6,3.6,0
MIH,20180424,3.6,3.6,3.6,3.6,0
MIH,20180426,3.6,3.6,3.6,3.6,0
MIH,20180427,3.6,3.6,3.6,3.6,0
MIH,20180430,3.6,3.6,3.6,3.6,0
MIH,20180501,3.6,3.6,3.6,3.6,0
MIH,20180502,3.6,3.6,3.6,3.6,0
MIH,20180503,3.6,3.6,3.6,3.6,0
MIH,20180504,3.6,3.6,3.6,3.6,0
MIH,20180507,3.6,3.6,3.6,3.6,0
MIH,20180508,3.6,3.6,3.6,3.6,0
MIH,20180509,3.6,3.6,3.6,3.6,0
MIH,20180510,3.6,3.6,3.6,3.6,0
MIH,20180511,3.6,3.6,3.6,3.6,0
MIH,20180514,3.6,3.6,3.6,3.6,0
MIH,20180515,3.6,3.6,3.6,3.6,0
MIH,20180516,3.6,3.6,3.6,3.6,0
MIH,20180517,3.6,3.6,3.6,3.6,0
MIH,20180518,3.6,3.6,3.6,3.6,0
MIH,20180521,3.6,3.6,3.6,3.6,0
MIH,20180522,3.6,3.6,3.6,3.6,0
MIH,20180523,3.6,3.6,3.6,3.6,0
MIH,20180524,3.6,3.6,3.6,3.6,0
MIH,20180525,3.6,3.6,3.6,3.6,0
MIH,20180528,3.6,3.6,3.6,3.6,0
MIH,20180529,3.6,3.6,3.6,3.6,0
MIH,20180530,3.6,3.6,3.6,3.6,0
MIH,20180531,3.6,3.6,3.6,3.6,0
MIH,20180601,3.6,3.6,3.6,3.6,0
MIH,20180604,3.6,3.6,3.6,3.6,0
MIH,20180605,3.6,3.6,3.6,3.6,0
MIH,20180606,3.6,3.6,3.6,3.6,0
MIH,20180607,3.6,3.6,3.6,3.6,0
MIH,20180608,3.6,3.6,3.6,3.6,0
MIH,20180612,3.6,3.6,3.6,3.6,0
MIH,20180613,3.6,3.6,3.6,3.6,0
MIH,20180614,3.6,3.6,3.6,3.6,0
MIH,20180615,3.6,3.6,3.6,3.6,0
MIH,20180618,3.6,3.6,3.6,3.6,0
MIH,20180619,3.6,3.6,3.6,3.6,0
MIH,20180620,3.6,3.6,3.6,3.6,0
MIH,20180621,3.6,3.6,3.6,3.6,0
MIH,20180622,3.6,3.6,3.6,3.6,0
MIH,20180625,3.6,3.6,3.6,3.6,0
MIH,20180626,3.6,3.6,3.6,3.6,0
MIH,20180627,3.6,3.6,3.6,3.6,0
MIH,20180628,3.6,3.6,3.6,3.6,0
MIH,20180629,3.6,3.6,3.6,3.6,0
MIH,20180702,3.6,3.6,3.6,3.6,0
MIH,20180703,3.6,3.6,3.6,3.6,0
MIH,20180704,3.6,3.6,3.6,3.6,0
MIH,20180705,3.6,3.6,3.6,3.6,0
MIH,20180706,3.6,3.6,3.6,3.6,0
MIH,20180710,3.6,3.6,3.6,3.6,0
MIH,20180711,3.6,3.6,3.6,3.6,0
MIH,20180712,3.6,3.6,3.6,3.6,0
MIH,20180713,3.6,3.6,3.6,3.6,0
MIH,20180716,3.6,3.6,3.6,3.6,0
MIH,20180717,3.6,3.6,3.6,3.6,0
MIH,20180718,3.6,3.6,3.6,3.6,0
MIH,20180719,3.6,3.6,3.6,3.6,0
MIH,20180720,3.6,3.6,3.6,3.6,0
MIH,20180723,3.6,3.6,3.6,3.6,0
MIH,20180724,3.6,3.6,3.6,3.6,0
MIH,20180725,3.6,3.6,3.6,3.6,0
MIH,20180726,3.6,3.6,3.6,3.6,0
MIH,20180727,3.6,3.6,3.6,3.6,0
MIH,20180730,3.6,3.6,3.6,3.6,0
MIH,20180731,3.6,3.6,3.6,3.6,0
MIH,20180801,3.6,3.6,3.6,3.6,0
MIH,20180802,3.6,3.6,3.6,3.6,0
MIH,20180803,3.6,3.6,3.6,3.6,0
MIH,20180806,3.6,3.6,3.6,3.6,0
MIH,20180807,3.6,3.6,3.6,3.6,0
MIH,20180808,3.6,3.6,3.6,3.6,0
MIH,20180809,3.6,3.6,3.6,3.6,0
MIH,20180810,3.6,3.6,3.6,3.6,0
MIH,20180813,3.6,3.6,3.6,3.6,0
MIH,20180814,3.6,3.6,3.6,3.6,0
MIH,20180816,3.6,3.6,3.6,3.6,0
MIH,20180817,3.6,3.6,3.6,3.6,0
MIH,20180820,3.6,3.6,3.6,3.6,0
MIH,20180821,3.6,3.6,3.6,3.6,0
MIH,20180822,3.6,3.6,3.6,3.6,0
MIH,20180823,3.6,3.6,3.6,3.6,0
MIH,20180824,3.6,3.6,3.6,3.6,0
MIH,20180827,3.6,3.6,3.6,3.6,0
MIH,20180828,3.6,3.6,3.6,3.6,0
MIH,20180829,3.6,3.6,3.6,3.6,0
MIH,20180830,3.6,3.6,3.6,3.6,0
MIH,20180831,3.6,3.6,3.6,3.6,0
MIH,20180903,3.6,3.6,3.6,3.6,0
MIH,20180904,3.6,3.6,3.6,3.6,0
MIH,20180905,3.6,3.6,3.6,3.6,0
MIH,20180906,3.6,3.6,3.6,3.6,0
MIH,20180907,3.6,3.6,3.6,3.6,0
MIH,20180910,3.6,3.6,3.6,3.6,0
MIH,20180913,3.6,3.6,3.6,3.6,0
MIH,20180914,3.6,3.6,3.6,3.6,0
MIH,20180917,3.6,3.6,3.6,3.6,0
MIH,20180918,3.6,3.6,3.6,3.6,0
MIH,20180919,3.6,3.6,3.6,3.6,0
MIH,20180920,3.6,3.6,3.6,3.6,0
MIH,20180921,3.6,3.6,3.6,3.6,0
MIH,20180924,3.6,3.6,3.6,3.6,0
MIH,20180925,3.6,3.6,3.6,3.6,0
MIH,20180926,3.6,3.6,3.6,3.6,0
MIH,20180927,3.6,3.6,3.6,3.6,0
MIH,20180928,3.6,3.6,3.6,3.6,0
MIH,20181001,3.6,3.6,3.6,3.6,0
MIH,20181002,3.6,3.6,3.6,3.6,0
MIH,20181003,3.6,3.6,3.6,3.6,0
MIH,20181004,3.6,3.6,3.6,3.6,0
MIH,20181005,3.6,3.6,3.6,3.6,0
MIH,20181008,3.6,3.6,3.6,3.6,0
MIH,20181009,3.6,3.6,3.6,3.6,0
MIH,20181010,3.6,3.6,3.6,3.6,0
MIH,20181011,3.6,3.6,3.6,3.6,0
MIH,20181012,3.6,3.6,3.6,3.6,0
MIH,20181015,3.6,3.6,3.6,3.6,0
MIH,20181016,3.6,3.6,3.6,3.6,0
MIH,20181017,3.6,3.6,3.6,3.6,0
MIH,20181018,3.6,3.6,3.6,3.6,0
MIH,20181019,3.6,3.6,3.6,3.6,0
MIH,20181022,3.6,3.6,3.6,3.6,0
MIH,20181023,3.6,3.6,3.6,3.6,0
MIH,20181024,3.6,3.6,3.6,3.6,0
MIH,20181025,3.6,3.6,3.6,3.6,0
MIH,20181026,3.6,3.6,3.6,3.6,0
MIH,20181030,3.6,3.6,3.6,3.6,0
MIH,20181031,3.6,3.6,3.6,3.6,0
MIH,20181101,3.6,3.6,3.6,3.6,0
MIH,20181102,3.6,3.6,3.6,3.6,0
MIH,20181105,3.6,3.6,3.6,3.6,0
MIH,20181106,3.6,3.6,3.6,3.6,0
MIH,20181107,3.6,3.6,3.6,3.6,0
MIH,20181108,3.6,3.6,3.6,3.6,0
MIH,20181109,3.6,3.6,3.6,3.6,0
MIH,20181112,3.6,3.6,3.6,3.6,0
MIH,20181113,3.6,3.6,3.6,3.6,0
MIH,20181114,3.6,3.6,3.6,3.6,0
MIH,20181115,3.6,3.6,3.6,3.6,0
MIH,20181116,3.6,3.6,3.6,3.6,0
MIH,20181119,3.6,3.6,3.6,3.6,0
MIH,20181120,3.6,3.6,3.6,3.6,0
MIH,20181121,3.6,3.6,3.6,3.6,0
MIH,20181122,3.6,3.6,3.6,3.6,0
MIH,20181123,3.6,3.6,3.6,3.6,0
MIH,20181126,3.6,3.6,3.6,3.6,0
MIH,20181127,3.6,3.6,3.6,3.6,0
MIH,20181128,3.6,3.6,3.6,3.6,0
MIH,20181129,3.6,3.6,3.6,3.6,0
MIH,20181130,3.6,3.6,3.6,3.6,0
MIH,20181203,3.6,3.6,3.6,3.6,0
MIH,20181204,3.6,3.6,3.6,3.6,0
MIH,20181205,3.6,3.6,3.6,3.6,0
MIH,20181206,3.6,3.6,3.6,3.6,0
MIH,20181207,3.6,3.6,3.6,3.6,0
MIH,20181210,3.6,3.6,3.6,3.6,0
MIH,20181211,3.6,3.6,3.6,3.6,0
MIH,20181212,3.6,3.6,3.6,3.6,0
MIH,20181213,3.6,3.6,3.6,3.6,0
MIH,20181214,3.6,3.6,3.6,3.6,0
MIH,20181217,3.6,3.6,3.6,3.6,0
MIH,20181218,3.6,3.6,3.6,3.6,0
MIH,20181219,3.6,3.6,3.6,3.6,0
MIH,20181220,3.6,3.6,3.6,3.6,0
MIH,20181221,3.6,3.6,3.6,3.6,0
MIH,20181224,3.6,3.6,3.6,3.6,0
MIH,20181227,3.6,3.6,3.6,3.6,0
MIH,20181228,3.6,3.6,3.6,3.6,0
MIH,20181231,3.6,3.6,3.6,3.6,0
MIH,20190102,3.6,3.6,3.6,3.6,0
MIH,20190103,3.6,3.6,3.6,3.6,0
MIH,20190104,3.6,3.6,3.6,3.6,0
MIH,20190107,3.6,3.6,3.6,3.6,0
MIH,20190108,3.6,3.6,3.6,3.6,0
MIH,20190109,3.6,3.6,3.6,3.6,0
MIH,20190110,3.6,3.6,3.6,3.6,0
MIH,20190111,3.6,3.6,3.6,3.6,0
MIH,20190114,3.6,3.6,3.6,3.6,0
MIH,20190115,3.6,3.6,3.6,3.6,0
MIH,20190116,3.6,3.6,3.6,3.6,0
MIH,20190117,3.6,3.6,3.6,3.6,0
MIH,20190118,3.6,3.6,3.6,3.6,0
MIH,20190121,3.6,3.6,3.6,3.6,0
MIH,20190122,3.6,3.6,3.6,3.6,0
MIH,20190123,3.6,3.6,3.6,3.6,0
MIH,20190124,3.6,3.6,3.6,3.6,0
MIH,20190125,3.6,3.6,3.6,3.6,0
MIH,20190129,3.6,3.6,3.6,3.6,0
MIH,20190130,3.6,3.6,3.6,3.6,0
MIH,20190131,3.6,3.6,3.6,3.6,0
MIH,20190201,3.6,3.6,3.6,3.6,0
MIH,20190204,3.6,3.6,3.6,3.6,0
MIH,20190205,3.6,3.6,3.6,3.6,0
MIH,20190206,3.6,3.6,3.6,3.6,0
MIH,20190207,3.6,3.6,3.6,3.6,0
MIH,20190208,3.6,3.6,3.6,3.6,0
MIH,20190211,3.6,3.6,3.6,3.6,0
MIH,20190212,3.6,3.6,3.6,3.6,0
MIH,20190213,3.6,3.6,3.6,3.6,0
MIH,20190214,3.6,3.6,3.6,3.6,0
MIH,20190215,3.6,3.6,3.6,3.6,0
MIH,20190218,3.6,3.6,3.6,3.6,0
MIH,20190219,3.6,3.6,3.6,3.6,0
MIH,20190220,3.6,3.6,3.6,3.6,0
MIH,20190221,3.6,3.6,3.6,3.6,0
MIH,20190222,3.6,3.6,3.6,3.6,0
MIH,20190225,3.6,3.6,3.6,3.6,0
MIH,20190226,3.6,3.6,3.6,3.6,0
MIH,20190227,3.6,3.6,3.6,3.6,0
MIH,20190228,3.6,3.6,3.6,3.6,0
MIH,20190301,3.6,3.6,3.6,3.6,0
MIH,20190304,3.6,3.6,3.6,3.6,0
MIH,20190305,3.6,3.6,3.6,3.6,0
MIH,20190306,3.6,3.6,3.6,3.6,0
MIH,20190307,3.6,3.6,3.6,3.6,0
MIH,20190308,3.6,3.6,3.6,3.6,0
MIH,20190311,3.6,3.6,3.6,3.6,0
MIH,20190312,3.6,3.6,3.6,3.6,0
MIH,20190313,3.6,3.6,3.6,3.6,0
MIH,20190314,3.6,3.6,3.6,3.6,0
MIH,20190315,3.6,3.6,3.6,3.6,0
MIH,20190318,3.6,3.6,3.6,3.6,0
MIH,20190319,3.6,3.6,3.6,3.6,0
MIH,20190320,3.6,3.6,3.6,3.6,0
MIH,20190321,3.6,3.6,3.6,3.6,0
MIH,20190322,3.6,3.6,3.6,3.6,0
MIH,20190325,3.6,3.6,3.6,3.6,0
MIH,20190326,3.6,3.6,3.6,3.6,0
MIH,20190327,3.6,3.6,3.6,3.6,0
MIH,20190328,3.6,3.6,3.6,3.6,0
MIH,20190329,3.6,3.6,3.6,3.6,0
MIH,20190401,3.6,3.6,3.6,3.6,0
MIH,20190402,3.6,3.6,3.6,3.6,0
MIH,20190403,3.6,3.6,3.6,3.6,0
MIH,20190404,3.6,3.6,3.6,3.6,0
MIH,20190405,3.6,3.6,3.6,3.6,0
MIH,20190408,3.6,3.6,3.6,3.6,0
MIH,20190409,3.6,3.6,3.6,3.6,0
MIH,20190410,3.6,3.6,3.6,3.6,0
MIH,20190411,3.6,3.6,3.6,3.6,0
MIH,20190412,3.6,3.6,3.6,3.6,0
MIH,20190415,3.6,3.6,3.6,3.6,0
MIH,20190416,3.6,3.6,3.6,3.6,0
MIH,20190417,3.6,3.6,3.6,3.6,0
MIH,20190418,3.6,3.6,3.6,3.6,0
MIH,20190423,3.6,3.6,3.6,3.6,0
MIH,20190424,3.6,3.6,3.6,3.6,0
MIH,20190426,3.6,3.6,3.6,3.6,0
MIH,20190429,3.6,3.6,3.6,3.6,0
MIH,20190430,3.6,3.6,3.6,3.6,0
MIH,20190501,3.6,3.6,3.6,3.6,0
MIH,20190502,3.6,3.6,3.6,3.6,0
MIH,20190503,3.6,3.6,3.6,3.6,0
MIH,20190506,3.6,3.6,3.6,3.6,0
MIH,20190507,3.6,3.6,3.6,3.6,0
MIH,20190508,3.6,3.6,3.6,3.6,0
MIH,20190509,3.6,3.6,3.6,3.6,0
MIH,20190510,3.6,3.6,3.6,3.6,0
MIH,20190513,3.6,3.6,3.6,3.6,0
MIH,20190514,3.6,3.6,3.6,3.6,0
MIH,20190515,3.6,3.6,3.6,3.6,0
MIH,20190516,3.6,3.6,3.6,3.6,0
MIH,20190517,3.6,3.6,3.6,3.6,0
MIH,20190520,3.6,3.6,3.6,3.6,0
MIH,20190521,3.6,3.6,3.6,3.6,0
MIH,20190522,3.6,3.6,3.6,3.6,0
MIH,20190523,3.6,3.6,3.6,3.6,0
MIH,20190524,3.6,3.6,3.6,3.6,0
MIH,20190527,3.6,3.6,3.6,3.6,0
MIH,20190528,3.6,3.6,3.6,3.6,0
MIH,20190529,3.6,3.6,3.6,3.6,0
MIH,20190530,3.6,3.6,3.6,3.6,0
MIH,20190531,3.6,3.6,3.6,3.6,0
MIH,20190603,3.6,3.6,3.6,3.6,0
MIH,20190604,3.6,3.6,3.6,3.6,0
MIH,20190605,3.6,3.6,3.6,3.6,0
MIH,20190606,3.6,3.6,3.6,3.6,0
MIH,20190607,3.6,3.6,3.6,3.6,0
MIH,20190611,3.6,3.6,3.6,3.6,0
MIH,20190612,3.6,3.6,3.6,3.6,0
MIH,20190613,3.6,3.6,3.6,3.6,0
MIH,20190614,3.6,3.6,3.6,3.6,0
MIH,20190617,3.6,3.6,3.6,3.6,0
MIH,20190618,3.6,3.6,3.6,3.6,0
MIH,20190619,3.6,3.6,3.6,3.6,0
MIH,20190620,3.6,3.6,3.6,3.6,0
MIH,20190621,3.6,3.6,3.6,3.6,0
MIH,20190624,3.6,3.6,3.6,3.6,0
MIH,20190625,3.6,3.6,3.6,3.6,0
MIH,20190626,3.6,3.6,3.6,3.6,0
MIH,20190627,3.6,3.6,3.6,3.6,0
MIH,20190628,3.6,3.6,3.6,3.6,0
MIH,20190701,3.6,3.6,3.6,3.6,0
MIH,20190702,3.6,3.6,3.6,3.6,0
MIH,20190703,3.6,3.6,3.6,3.6,0
MIH,20190704,3.6,3.6,3.6,3.6,0
MIH,20190705,3.6,3.6,3.6,3.6,0
MIH,20190708,3.6,3.6,3.6,3.6,0
MIH,20190709,3.6,3.6,3.6,3.6,0
MIH,20190710,3.6,3.6,3.6,3.6,0
MIH,20190711,3.6,3.6,3.6,3.6,0
MIH,20190712,3.6,3.6,3.6,3.6,0
MIH,20190715,3.6,3.6,3.6,3.6,0
MIH,20190716,3.6,3.6,3.6,3.6,0
MIH,20190717,3.6,3.6,3.6,3.6,0
MIH,20190718,3.6,3.6,3.6,3.6,0
MIH,20190719,3.6,3.6,3.6,3.6,0
MIH,20190722,3.6,3.6,3.6,3.6,0
MIH,20190723,3.6,3.6,3.6,3.6,0
MIH,20190724,3.6,3.6,3.6,3.6,0
MIH,20190725,3.6,3.6,3.6,3.6,0
MIH,20190726,3.6,3.6,3.6,3.6,0
MIH,20190729,3.6,3.6,3.6,3.6,0
MIH,20190730,3.6,3.6,3.6,3.6,0
MIH,20190731,3.6,3.6,3.6,3.6,0
MIH,20190801,3.6,3.6,3.6,3.6,0
MIH,20190802,3.6,3.6,3.6,3.6,0
MIH,20190805,3.6,3.6,3.6,3.6,0
MIH,20190806,3.6,3.6,3.6,3.6,0
MIH,20190807,3.6,3.6,3.6,3.6,0
MIH,20190808,3.6,3.6,3.6,3.6,0
MIH,20190809,3.6,3.6,3.6,3.6,0
MIH,20190812,3.6,3.6,3.6,3.6,0
MIH,20190813,3.6,3.6,3.6,3.6,0
MIH,20190814,3.6,3.6,3.6,3.6,0
MIH,20190815,3.6,3.6,3.6,3.6,0
MIH,20190816,3.6,3.6,3.6,3.6,0
MIH,20190819,3.6,3.6,3.6,3.6,0
MIH,20190820,3.6,3.6,3.6,3.6,0
MIH,20190821,3.6,3.6,3.6,3.6,0
MIH,20190822,3.6,3.6,3.6,3.6,0
MIH,20190823,3.6,3.6,3.6,3.6,0
MIH,20190826,3.6,3.6,3.6,3.6,0
MIH,20190827,3.6,3.6,3.6,3.6,0
MIH,20190828,3.6,3.6,3.6,3.6,0
MIH,20190829,3.6,3.6,3.6,3.6,0
MIH,20190830,3.6,3.6,3.6,3.6,0
MIH,20190902,3.6,3.6,3.6,3.6,0
MIH,20190903,3.6,3.6,3.6,3.6,0
MIH,20190904,3.6,3.6,3.6,3.6,0
MIH,20190905,3.6,3.6,3.6,3.6,0
MIH,20190906,3.6,3.6,3.6,3.6,0
MIH,20190909,3.6,3.6,3.6,3.6,0
MIH,20190910,3.6,3.6,3.6,3.6,0
MIH,20190911,3.6,3.6,3.6,3.6,0
MIH,20190912,3.6,3.6,3.6,3.6,0
MIH,20190913,3.6,3.6,3.6,3.6,0
MIH,20190916,3.6,3.6,3.6,3.6,0
MIH,20190917,3.6,3.6,3.6,3.6,0
MIH,20190918,3.6,3.6,3.6,3.6,0
MIH,20190919,3.6,3.6,3.6,3.6,0
MIH,20190920,3.6,3.6,3.6,3.6,0
MIH,20190923,3.6,3.6,3.6,3.6,0
MIH,20190924,3.6,3.6,3.6,3.6,0
MIH,20190925,3.6,3.6,3.6,3.6,0
MIH,20190926,3.6,3.6,3.6,3.6,0
MIH,20190927,3.6,3.6,3.6,3.6,0
MIH,20190930,3.6,3.6,3.6,3.6,0
MIH,20191001,3.6,3.6,3.6,3.6,0
MIH,20191002,3.6,3.6,3.6,3.6,0
MIH,20191003,3.6,3.6,3.6,3.6,0
MIH,20191004,3.6,3.6,3.6,3.6,0
MIH,20191007,3.6,3.6,3.6,3.6,0
MIH,20191008,3.6,3.6,3.6,3.6,0
MIH,20191009,3.6,3.6,3.6,3.6,0
MIH,20191010,3.6,3.6,3.6,3.6,0
MIH,20191011,3.6,3.6,3.6,3.6,0
MIH,20191014,3.6,3.6,3.6,3.6,0
MIH,20191015,3.6,3.6,3.6,3.6,0
MIH,20191016,3.6,3.6,3.6,3.6,0
MIH,20191017,3.6,3.6,3.6,3.6,0
MIH,20191018,3.6,3.6,3.6,3.6,0
MIH,20191021,3.6,3.6,3.6,3.6,0
MIH,20191022,3.6,3.6,3.6,3.6,0
MIH,20191023,3.6,3.6,3.6,3.6,0
MIH,20191024,3.6,3.6,3.6,3.6,0
MIH,20191025,3.6,3.6,3.6,3.6,0
MIH,20191028,3.6,3.6,3.6,3.6,0
MIH,20191029,3.6,3.6,3.6,3.6,0
MIH,20191030,3.6,3.6,3.6,3.6,0
MIH,20191031,3.6,3.6,3.6,3.6,0
MIH,20191101,3.6,3.6,3.6,3.6,0
MIH,20191104,3.6,3.6,3.6,3.6,0
MIH,20191105,3.6,3.6,3.6,3.6,0
MIH,20191106,3.6,3.6,3.6,3.6,0
MIH,20191107,3.6,3.6,3.6,3.6,0
MIH,20191108,3.6,3.6,3.6,3.6,0
MIH,20191111,3.6,3.6,3.6,3.6,0
MIH,20191112,3.6,3.6,3.6,3.6,0
MIH,20191113,3.6,3.6,3.6,3.6,0
MIH,20191114,3.6,3.6,3.6,3.6,0
MIH,20191115,3.6,3.6,3.6,3.6,0
MIH,20191118,3.6,3.6,3.6,3.6,0
MIH,20191119,3.6,3.6,3.6,3.6,0
MIH,20191120,3.6,3.6,3.6,3.6,0
MIH,20191121,3.6,3.6,3.6,3.6,0
MIH,20191122,3.6,3.6,3.6,3.6,0
MIH,20191125,3.6,3.6,3.6,3.6,0
MIH,20191126,3.6,3.6,3.6,3.6,0
MIH,20191127,3.6,3.6,3.6,3.6,0
MIH,20191128,3.6,3.6,3.6,3.6,0
MIH,20191129,3.6,3.6,3.6,3.6,0
MIH,20191202,3.6,3.6,3.6,3.6,0
MIH,20191203,3.6,3.6,3.6,3.6,0
MIH,20191204,3.6,3.6,3.6,3.6,0
MIH,20191205,3.6,3.6,3.6,3.6,0
MIH,20191206,3.6,3.6,3.6,3.6,0
MIH,20191209,3.6,3.6,3.6,3.6,0
MIH,20191210,3.6,3.6,3.6,3.6,0
MIH,20191211,3.6,3.6,3.6,3.6,0
MIH,20191212,3.6,3.6,3.6,3.6,0
MIH,20191213,3.6,3.6,3.6,3.6,0
MIH,20191216,3.6,3.6,3.6,3.6,0
MIH,20191217,3.6,3.6,3.6,3.6,0
MIH,20191218,3.6,3.6,3.6,3.6,0
MIH,20191219,3.6,3.6,3.6,3.6,0
MIH,20191220,3.6,3.6,3.6,3.6,0
MIH,20191223,3.6,3.6,3.6,3.6,0
MIH,20191224,3.6,3.6,3.6,3.6,0
MIH,20191227,3.6,3.6,3.6,3.6,0
MIH,20191230,3.6,3.6,3.6,3.6,0
MIH,20191231,3.6,3.6,3.6,3.6,0
MIH,20200102,3.6,3.6,3.6,3.6,0
MIH,20200103,3.6,3.6,3.6,3.6,0
MIH,20200106,3.6,3.6,3.6,3.6,0
MIH,20200107,3.6,3.6,3.6,3.6,0
MIH,20200108,3.6,3.6,3.6,3.6,0
MIH,20200109,3.6,3.6,3.6,3.6,0
MIH,20200113,3.6,3.6,3.6,3.6,0
MIH,20200114,3.6,3.6,3.6,3.6,0
MIH,20200115,3.6,3.6,3.6,3.6,0
MIH,20200116,3.6,3.6,3.6,3.6,0
MIH,20200117,3.6,3.6,3.6,3.6,0
MIH,20200120,3.6,3.6,3.6,3.6,0
MIH,20200121,3.6,3.6,3.6,3.6,0
MIH,20200122,3.6,3.6,3.6,3.6,0
MIH,20200123,3.6,3.6,3.6,3.6,0
MIH,20200124,3.6,3.6,3.6,3.6,0
MIH,20200128,3.6,3.6,3.6,3.6,0
MIH,20200129,3.6,3.6,3.6,3.6,0
MIH,20200130,3.6,3.6,3.6,3.6,0
MIH,20200203,3.6,3.6,3.6,3.6,0
MIH,20200204,3.6,3.6,3.6,3.6,0
MIH,20200205,3.6,3.6,3.6,3.6,0
MIH,20200210,3.6,3.6,3.6,3.6,0
MIH,20200211,3.6,3.6,3.6,3.6,0
MIH,20200212,3.6,3.6,3.6,3.6,0
MIH,20200213,3.6,3.6,3.6,3.6,0
MIH,20200214,3.6,3.6,3.6,3.6,0
MIH,20200217,3.6,3.6,3.6,3.6,0
MIH,20200218,3.6,3.6,3.6,3.6,0
MIH,20200219,3.6,3.6,3.6,3.6,0
MIH,20200220,3.6,3.6,3.6,3.6,0
MIH,20200221,3.6,3.6,3.6,3.6,0
MIH,20200224,3.6,3.6,3.6,3.6,0
MIH,20200225,3.6,3.6,3.6,3.6,0
MIH,20200226,3.6,3.6,3.6,3.6,0
MIH,20200227,3.6,3.6,3.6,3.6,0
MIH,20200228,3.6,3.6,3.6,3.6,0
MIH,20200302,3.6,3.6,3.6,3.6,0
MIH,20200303,3.6,3.6,3.6,3.6,0
MIH,20200304,3.6,3.6,3.6,3.6,0
MIH,20200305,3.6,3.6,3.6,3.6,0
MIH,20200306,3.6,3.6,3.6,3.6,0
MIH,20200309,3.6,3.6,3.6,3.6,0
MIH,20200310,3.6,3.6,3.6,3.6,0
MIH,20200311,3.6,3.6,3.6,3.6,0
MIH,20200312,3.6,3.6,3.6,3.6,0
MIH,20200313,3.6,3.6,3.6,3.6,0
MIH,20200316,3.6,3.6,3.6,3.6,0
MIH,20200317,3.6,3.6,3.6,3.6,0
MIH,20200318,3.6,3.6,3.6,3.6,0
MIH,20200319,3.6,3.6,3.6,3.6,0
MIH,20200320,3.6,3.6,3.6,3.6,0
MIH,20200323,3.6,3.6,3.6,3.6,0
MIH,20200324,3.6,3.6,3.6,3.6,0
MIH,20200325,3.6,3.6,3.6,3.6,0
MIH,20200326,3.6,3.6,3.6,3.6,0
MIH,20200327,3.6,3.6,3.6,3.6,0
MIH,20200330,3.6,3.6,3.6,3.6,0
MIH,20200331,3.6,3.6,3.6,3.6,0
MIH,20200401,3.6,3.6,3.6,3.6,0
MIH,20200402,3.6,3.6,3.6,3.6,0
MIH,20200403,3.6,3.6,3.6,3.6,0
MIH,20200406,3.6,3.6,3.6,3.6,0
MIH,20200407,3.6,3.6,3.6,3.6,0
MIH,20200408,3.6,3.6,3.6,3.6,0
MIH,20200409,3.6,3.6,3.6,3.6,0
MIH,20200414,3.6,3.6,3.6,3.6,0
MIH,20200415,3.6,3.6,3.6,3.6,0
MIH,20200416,3.6,3.6,3.6,3.6,0
MIH,20200417,3.6,3.6,3.6,3.6,0
MIH,20200420,3.6,3.6,3.6,3.6,0
MIH,20200421,3.6,3.6,3.6,3.6,0
MIH,20200422,3.6,3.6,3.6,3.6,0
MIH,20200423,3.6,3.6,3.6,3.6,0
MIH,20200424,3.6,3.6,3.6,3.6,0
MIH,20200427,3.6,3.6,3.6,3.6,0
MIH,20200428,3.6,3.6,3.6,3.6,0
MIH,20200429,3.6,3.6,3.6,3.6,0
MIH,20200430,3.6,3.6,3.6,3.6,0
MIH,20200501,3.6,3.6,3.6,3.6,0
MIH,20200504,3.6,3.6,3.6,3.6,0
MIH,20200505,3.6,3.6,3.6,3.6,0
MIH,20200506,3.6,3.6,3.6,3.6,0
MIH,20200507,3.6,3.6,3.6,3.6,0
MIH,20200508,3.6,3.6,3.6,3.6,0
MIH,20200511,3.6,3.6,3.6,3.6,0
MIH,20200512,3.6,3.6,3.6,3.6,0
MIH,20200513,3.6,3.6,3.6,3.6,0
MIH,20200514,3.6,3.6,3.6,3.6,0
MIH,20200515,3.6,3.6,3.6,3.6,0
MIH,20200518,3.6,3.6,3.6,3.6,0
MIH,20200519,3.6,3.6,3.6,3.6,0
MIH,20200520,3.6,3.6,3.6,3.6,0
MIH,20200521,3.6,3.6,3.6,3.6,0
MIH,20200522,3.6,3.6,3.6,3.6,0
MIH,20200525,3.6,3.6,3.6,3.6,0
MIH,20200526,3.6,3.6,3.6,3.6,0
MIH,20200527,3.6,3.6,3.6,3.6,0
MIH,20200528,3.6,3.6,3.6,3.6,0
MIH,20200529,3.6,3.6,3.6,3.6,0
MIH,20200601,3.6,3.6,3.6,3.6,0
MIH,20200602,3.6,3.6,3.6,3.6,0
MIH,20200603,3.6,3.6,3.6,3.6,0
MIH,20200604,3.6,3.6,3.6,3.6,0
MIH,20200605,3.6,3.6,3.6,3.6,0
MIH,20200609,3.6,3.6,3.6,3.6,0
MIH,20200610,3.6,3.6,3.6,3.6,0
MIH,20200611,3.6,3.6,3.6,3.6,0
MIH,20200612,3.6,3.6,3.6,3.6,0
MIH,20200615,3.6,3.6,3.6,3.6,0
MIH,20200616,3.6,3.6,3.6,3.6,0
MIH,20200617,3.6,3.6,3.6,3.6,0
MIH,20200618,3.6,3.6,3.6,3.6,0
MIH,20200619,3.6,3.6,3.6,3.6,0
MIH,20200622,3.6,3.6,3.6,3.6,0
MIH,20200623,3.6,3.6,3.6,3.6,0
MIH,20200624,3.6,3.6,3.6,3.6,0
MIH,20200625,3.6,3.6,3.6,3.6,0
MIH,20200626,3.6,3.6,3.6,3.6,0
MIH,20200629,3.6,3.6,3.6,3.6,0
MIH,20200630,3.6,3.6,3.6,3.6,0
MIH,20200701,3.6,3.6,3.6,3.6,0
MIH,20200702,3.6,3.6,3.6,3.6,0
MIH,20200703,3.6,3.6,3.6,3.6,0
MIH,20200706,3.6,3.6,3.6,3.6,0
MIH,20200707,3.6,3.6,3.6,3.6,0
MIH,20200708,3.6,3.6,3.6,3.6,0
MIH,20200709,3.6,3.6,3.6,3.6,0
MIH,20200710,3.6,3.6,3.6,3.6,0
MIH,20200713,3.6,3.6,3.6,3.6,0
MIH,20200714,3.6,3.6,3.6,3.6,0
MIH,20200715,3.6,3.6,3.6,3.6,0
MIH,20200716,3.6,3.6,3.6,3.6,0
MIH,20200717,3.6,3.6,3.6,3.6,0
MIH,20200720,3.6,3.6,3.6,3.6,0
MIH,20200721,3.6,3.6,3.6,3.6,0
MIH,20200722,3.6,3.6,3.6,3.6,0
MIH,20200723,3.6,3.6,3.6,3.6,0
MIH,20200724,3.6,3.6,3.6,3.6,0
MIH,20200727,3.6,3.6,3.6,3.6,0
MIH,20200728,3.6,3.6,3.6,3.6,0
MIH,20200729,3.6,3.6,3.6,3.6,0
MIH,20200730,3.6,3.6,3.6,3.6,0
MIH,20200731,3.6,3.6,3.6,3.6,0
MIH,20200803,3.6,3.6,3.6,3.6,0
MIH,20200804,3.6,3.6,3.6,3.6,0
MIH,20200805,3.6,3.6,3.6,3.6,0
MIH,20200806,3.6,3.6,3.6,3.6,0
MIH,20200807,3.6,3.6,3.6,3.6,0
MIH,20200810,3.6,3.6,3.6,3.6,0
MIH,20200811,3.6,3.6,3.6,3.6,0
MIH,20200812,3.6,3.6,3.6,3.6,0
MIH,20200813,3.6,3.6,3.6,3.6,0
MIH,20200814,3.6,3.6,3.6,3.6,0
MIH,20200817,3.6,3.6,3.6,3.6,0
MIH,20200818,3.6,3.6,3.6,3.6,0
MIH,20200819,3.6,3.6,3.6,3.6,0
MIH,20200820,3.6,3.6,3.6,3.6,0
MIH,20200821,3.6,3.6,3.6,3.6,0
MIH,20200824,3.6,3.6,3.6,3.6,0
MIH,20200825,3.6,3.6,3.6,3.6,0
MIH,20200826,3.6,3.6,3.6,3.6,0
MIH,20200827,3.6,3.6,3.6,3.6,0
MIH,20200828,3.6,3.6,3.6,3.6,0
MIH,20200831,3.6,3.6,3.6,3.6,0
MIH,20200901,3.6,3.6,3.6,3.6,0
MIH,20200902,3.6,3.6,3.6,3.6,0
MIH,20200903,3.6,3.6,3.6,3.6,0
MIH,20200904,3.6,3.6,3.6,3.6,0
MIH,20200907,3.6,3.6,3.6,3.6,0
MIH,20200908,3.6,3.6,3.6,3.6,0
MIH,20200909,3.6,3.6,3.6,3.6,0
MIH,20200910,3.6,3.6,3.6,3.6,0
MIH,20200911,3.6,3.6,3.6,3.6,0
MIH,20200914,3.6,3.6,3.6,3.6,0
MIH,20200915,3.6,3.6,3.6,3.6,0
MIH,20200916,3.6,3.6,3.6,3.6,0
MIH,20200917,3.6,3.6,3.6,3.6,0
MIH,20200918,3.6,3.6,3.6,3.6,0
MIH,20200921,3.6,3.6,3.6,3.6,0
MIH,20200922,3.6,3.6,3.6,3.6,0
MIH,20200923,3.6,3.6,3.6,3.6,0
MIH,20200924,3.6,3.6,3.6,3.6,0
MIH,20200925,3.6,3.6,3.6,3.6,0
MIH,20200928,3.6,3.6,3.6,3.6,0
MIH,20200929,3.6,3.6,3.6,3.6,0
MIH,20200930,3.6,3.6,3.6,3.6,0
MIH,20201001,3.6,3.6,3.6,3.6,0
MIH,20201002,3.6,3.6,3.6,3.6,0
MIH,20201005,3.6,3.6,3.6,3.6,0
MIH,20201006,3.6,3.6,3.6,3.6,0
MIH,20201007,3.6,3.6,3.6,3.6,0
MIH,20201008,3.6,3.6,3.6,3.6,0
MIH,20201009,3.6,3.6,3.6,3.6,0
MIH,20201012,3.6,3.6,3.6,3.6,0
MIH,20201013,3.6,3.6,3.6,3.6,0
MIH,20201014,3.6,3.6,3.6,3.6,0
MIH,20201015,3.6,3.6,3.6,3.6,0
MIH,20201016,3.6,3.6,3.6,3.6,0
MIH,20201019,3.6,3.6,3.6,3.6,0
MIH,20201020,3.6,3.6,3.6,3.6,0
MIH,20201021,3.6,3.6,3.6,3.6,0
MIH,20201022,3.6,3.6,3.6,3.6,0
MIH,20201023,3.6,3.6,3.6,3.6,0
MIH,20201026,3.6,3.6,3.6,3.6,0
MIH,20201027,3.6,3.6,3.6,3.6,0
MIH,20201028,3.6,3.6,3.6,3.6,0
MIH,20201029,3.6,3.6,3.6,3.6,0
MIH,20201030,3.6,3.6,3.6,3.6,0
MIH,20201102,3.6,3.6,3.6,3.6,0
MIH,20201103,3.6,3.6,3.6,3.6,0
MIH,20201104,3.6,3.6,3.6,3.6,0
MIH,20201105,3.6,3.6,3.6,3.6,0
MIH,20201106,3.6,3.6,3.6,3.6,0
MIH,20201109,3.6,3.6,3.6,3.6,0
MIH,20201110,3.6,3.6,3.6,3.6,0
MIH,20201111,3.6,3.6,3.6,3.6,0
MIH,20201112,3.6,3.6,3.6,3.6,0
MIH,20201113,3.6,3.6,3.6,3.6,0
MIH,20201116,3.6,3.6,3.6,3.6,0
MIH,20201117,3.6,3.6,3.6,3.6,0
MIH,20201118,3.6,3.6,3.6,3.6,0
MIH,20201120,3.6,3.6,3.6,3.6,0
MIH,20201123,3.6,3.6,3.6,3.6,0
MIH,20201124,3.6,3.6,3.6,3.6,0
MIH,20201125,3.6,3.6,3.6,3.6,0
MIH,20201126,3.6,3.6,3.6,3.6,0
MIH,20201127,3.6,3.6,3.6,3.6,0
MIH,20201130,3.6,3.6,3.6,3.6,0
MIH,20201201,3.6,3.6,3.6,3.6,0
MIH,20201202,3.6,3.6,3.6,3.6,0
MIH,20201203,3.6,3.6,3.6,3.6,0
MIH,20201204,3.6,3.6,3.6,3.6,0
MIH,20201207,3.6,3.6,3.6,3.6,0
MIH,20201208,3.6,3.6,3.6,3.6,0
MIH,20201209,3.6,3.6,3.6,3.6,0
MIH,20201210,3.6,3.6,3.6,3.6,0
MIH,20201211,3.6,3.6,3.6,3.6,0
MIH,20201214,3.6,3.6,3.6,3.6,0
MIH,20201215,3.6,3.6,3.6,3.6,0
MIH,20201216,3.6,3.6,3.6,3.6,0
MIH,20201217,3.6,3.6,3.6,3.6,0
MIH,20201218,3.6,3.6,3.6,3.6,0
MIH,20201221,3.6,3.6,3.6,3.6,0
MIH,20201222,3.6,3.6,3.6,3.6,0
MIH,20201224,3.6,3.6,3.6,3.6,0
MIH,20201229,3.6,3.6,3.6,3.6,0
MIH,20201230,3.6,3.6,3.6,3.6,0
MIH,20201231,3.6,3.6,3.6,3.6,0
MIH,20210104,3.6,3.6,3.6,3.6,0
MIH,20210105,3.6,3.6,3.6,3.6,0
MIH,20210106,3.6,3.6,3.6,3.6,0
MIH,20210107,3.6,3.6,3.6,3.6,0
MIH,20210108,3.6,3.6,3.6,3.6,0
MIH,20210111,3.6,3.6,3.6,3.6,0
MIH,20210112,3.6,3.6,3.6,3.6,0
MIH,20210113,3.6,3.6,3.6,3.6,0
MIH,20210114,3.6,3.6,3.6,3.6,0
MIH,20210115,3.6,3.6,3.6,3.6,0
MIH,20210118,3.6,3.6,3.6,3.6,0
MIH,20210119,3.6,3.6,3.6,3.6,0
MIH,20210120,3.6,3.6,3.6,3.6,0
MIH,20210121,3.6,3.6,3.6,3.6,0
MIH,20210122,3.6,3.6,3.6,3.6,0
MIH,20210125,3.6,3.6,3.6,3.6,0
MIH,20210127,3.6,3.6,3.6,3.6,0
MIH,20210128,3.6,3.6,3.6,3.6,0
MIH,20210129,3.6,3.6,3.6,3.6,0
MIH,20210201,3.6,3.6,3.6,3.6,0
MIH,20210203,3.6,3.6,3.6,3.6,0
MIH,20210204,3.6,3.6,3.6,3.6,0
MIH,20210205,3.6,3.6,3.6,3.6,0
MIH,20210208,3.6,3.6,3.6,3.6,0
MIH,20210209,3.6,3.6,3.6,3.6,0
MIH,20210210,3.6,3.6,3.6,3.6,0
MIH,20210211,3.6,3.6,3.6,3.6,0
MIH,20210212,3.6,3.6,3.6,3.6,0
MIH,20210215,3.6,3.6,3.6,3.6,0
MIH,20210216,3.6,3.6,3.6,3.6,0
MIH,20210217,3.6,3.6,3.6,3.6,0
MIH,20210218,3.6,3.6,3.6,3.6,0
MIH,20210219,3.6,3.6,3.6,3.6,0
MIH,20210222,3.6,3.6,3.6,3.6,0
MIH,20210223,3.6,3.6,3.6,3.6,0
MIH,20210224,3.6,3.6,3.6,3.6,0
MIH,20210225,3.6,3.6,3.6,3.6,0
MIH,20210226,3.6,3.6,3.6,3.6,0
MIH,20210301,3.6,3.6,3.6,3.6,0
MIH,20210302,3.6,3.6,3.6,3.6,0
MIH,20210303,3.6,3.6,3.6,3.6,0
MIH,20210304,3.6,3.6,3.6,3.6,0
MIH,20210305,3.6,3.6,3.6,3.6,0
MIH,20210308,3.6,3.6,3.6,3.6,0
MIH,20210309,3.6,3.6,3.6,3.6,0
MIH,20210310,3.6,3.6,3.6,3.6,0
MIH,20210311,3.6,3.6,3.6,3.6,0
MIH,20210312,3.6,3.6,3.6,3.6,0
MIH,20210315,3.6,3.6,3.6,3.6,0
MIH,20210316,3.6,3.6,3.6,3.6,0
MIH,20210317,3.6,3.6,3.6,3.6,0
MIH,20210318,3.6,3.6,3.6,3.6,0
MIH,20210319,3.6,3.6,3.6,3.6,0
MIH,20210322,3.6,3.6,3.6,3.6,0
MIH,20210323,3.6,3.6,3.6,3.6,0
MIH,20210324,3.6,3.6,3.6,3.6,0
MIH,20210325,3.6,3.6,3.6,3.6,0
MIH,20210329,3.6,3.6,3.6,3.6,0
MIH,20210330,3.6,3.6,3.6,3.6,0
MIH,20210331,3.6,3.6,3.6,3.6,0
MIH,20210401,3.6,3.6,3.6,3.6,0
MIH,20210406,3.6,3.6,3.6,3.6,0
MIH,20210407,3.6,3.6,3.6,3.6,0
MIH,20210408,3.6,3.6,3.6,3.6,0
MIH,20210409,3.6,3.6,3.6,3.6,0
MIH,20210412,3.6,3.6,3.6,3.6,0
MIH,20210413,3.6,3.6,3.6,3.6,0
MIH,20210414,3.6,3.6,3.6,3.6,0
MIH,20210415,3.6,3.6,3.6,3.6,0
MIH,20210416,3.6,3.6,3.6,3.6,0
MIH,20210419,3.6,3.6,3.6,3.6,0
MIH,20210420,3.6,3.6,3.6,3.6,0
MIH,20210421,3.6,3.6,3.6,3.6,0
MIH,20210422,3.6,3.6,3.6,3.6,0
MIH,20210423,3.6,3.6,3.6,3.6,0
MIH,20210426,3.6,3.6,3.6,3.6,0
MIH,20210427,3.6,3.6,3.6,3.6,0
MIH,20210428,3.6,3.6,3.6,3.6,0
MIH,20210429,3.6,3.6,3.6,3.6,0
MIH,20210430,3.6,3.6,3.6,3.6,0
MIH,20210503,3.6,3.6,3.6,3.6,0
MIH,20210504,3.6,3.6,3.6,3.6,0
MIH,20210505,3.6,3.6,3.6,3.6,0
MIH,20210506,3.6,3.6,3.6,3.6,0
MIH,20210507,3.6,3.6,3.6,3.6,0
MIH,20210510,3.6,3.6,3.6,3.6,0
MIH,20210511,3.6,3.6,3.6,3.6,0
MIH,20210512,3.6,3.6,3.6,3.6,0
MIH,20210513,3.6,3.6,3.6,3.6,0
MIH,20210514,3.6,3.6,3.6,3.6,0
MIH,20210517,3.6,3.6,3.6,3.6,0
MIH,20210518,3.6,3.6,3.6,3.6,0
MIH,20210519,3.6,3.6,3.6,3.6,0
MIH,20210520,3.6,3.6,3.6,3.6,0
MIH,20210521,3.6,3.6,3.6,3.6,0
MIH,20210524,3.6,3.6,3.6,3.6,0
MIH,20210525,3.6,3.6,3.6,3.6,0
MIH,20210526,3.6,3.6,3.6,3.6,0
MIH,20210527,3.6,3.6,3.6,3.6,0
MIH,20210528,3.6,3.6,3.6,3.6,0
MIH,20210531,3.6,3.6,3.6,3.6,0
MIH,20210601,3.6,3.6,3.6,3.6,0
MIH,20210602,3.6,3.6,3.6,3.6,0
MIH,20210603,3.6,3.6,3.6,3.6,0
MIH,20210604,3.6,3.6,3.6,3.6,0
MIH,20210607,3.6,3.6,3.6,3.6,0
MIH,20210609,3.6,3.6,3.6,3.6,0
MIH,20210610,3.6,3.6,3.6,3.6,0
MIH,20210611,3.6,3.6,3.6,3.6,0
MIH,20210615,3.6,3.6,3.6,3.6,0
MIH,20210616,3.6,3.6,3.6,3.6,0
MIH,20210617,3.6,3.6,3.6,3.6,0
MIH,20210618,3.6,3.6,3.6,3.6,0
MIH,20210621,3.6,3.6,3.6,3.6,0
MIH,20210622,3.6,3.6,3.6,3.6,0
MIH,20210623,3.6,3.6,3.6,3.6,0
MIH,20210625,3.6,3.6,3.6,3.6,0
MIH,20210628,3.6,3.6,3.6,3.6,0
MIH,20210629,3.6,3.6,3.6,3.6,0
MIH,20210630,3.6,3.6,3.6,3.6,0
MIH,20210701,3.6,3.6,3.6,3.6,0
MIH,20210705,3.6,3.6,3.6,3.6,0
MIH,20210706,3.6,3.6,3.6,3.6,0
MIH,20210707,3.6,3.6,3.6,3.6,0
MIH,20210708,3.6,3.6,3.6,3.6,0
MIH,20210709,3.6,3.6,3.6,3.6,0
MIH,20210712,3.6,3.6,3.6,3.6,0
MIH,20210714,3.6,3.6,3.6,3.6,0
MIH,20210715,3.6,3.6,3.6,3.6,0
MIH,20210716,3.6,3.6,3.6,3.6,0
MIH,20210719,3.6,3.6,3.6,3.6,0
MIH,20210720,3.6,3.6,3.6,3.6,0
MIH,20210723,3.6,3.6,3.6,3.6,0
MIH,20210726,3.6,3.6,3.6,3.6,0
MIH,20210727,3.6,3.6,3.6,3.6,0
MIH,20210728,3.6,3.6,3.6,3.6,0
MIH,20210729,3.6,3.6,3.6,3.6,0
MIH,20210730,3.6,3.6,3.6,3.6,0
MIH,20210802,3.6,3.6,3.6,3.6,0
MIH,20210803,3.6,3.6,3.6,3.6,0
MIH,20210804,3.6,3.6,3.6,3.6,0
MIH,20210805,3.6,3.6,3.6,3.6,0
MIH,20210806,3.6,3.6,3.6,3.6,0
MIH,20210809,3.6,3.6,3.6,3.6,0
MIH,20210810,3.6,3.6,3.6,3.6,0
MIH,20210811,3.6,3.6,3.6,3.6,0
MIH,20210812,3.6,3.6,3.6,3.6,0
MIH,20210813,3.6,3.6,3.6,3.6,0
MIH,20210819,3.6,3.6,3.6,3.6,0
MIH,20210820,3.6,3.6,3.6,3.6,0
MIH,20210823,3.6,3.6,3.6,3.6,0
MIH,20210824,3.6,3.6,3.6,3.6,0
MIH,20210825,3.6,3.6,3.6,3.6,0
MIH,20210826,3.6,3.6,3.6,3.6,0
MIH,20210827,3.6,3.6,3.6,3.6,0
MIH,20210830,3.6,3.6,3.6,3.6,0
MIH,20210831,3.6,3.6,3.6,3.6,0
MIH,20210901,3.6,3.6,3.6,3.6,0
MIH,20210902,3.6,3.6,3.6,3.6,0
MIH,20210903,3.6,3.6,3.6,3.6,0
MIH,20210906,3.6,3.6,3.6,3.6,0
MIH,20210907,3.6,3.6,3.6,3.6,0
MIH,20210908,3.6,3.6,3.6,3.6,0
MIH,20210909,3.6,3.6,3.6,3.6,0
MIH,20210910,3.6,3.6,3.6,3.6,0
MIH,20210913,3.6,3.6,3.6,3.6,0
MIH,20210914,3.6,3.6,3.6,3.6,0
MIH,20210915,3.6,3.6,3.6,3.6,0
MIH,20210916,3.6,3.6,3.6,3.6,0
MIH,20210917,3.6,3.6,3.6,3.6,0
MIH,20210920,3.6,3.6,3.6,3.6,0
MIH,20210922,3.6,3.6,3.6,3.6,0
MIH,20210923,3.6,3.6,3.6,3.6,0
MIH,20210924,3.6,3.6,3.6,3.6,0
MIH,20210927,3.6,3.6,3.6,3.6,0
MIH,20210928,3.6,3.6,3.6,3.6,0
MIH,20210929,3.6,3.6,3.6,3.6,0
MIH,20210930,3.6,3.6,3.6,3.6,0
MIH,20211001,3.6,3.6,3.6,3.6,0
MIH,20211004,3.6,3.6,3.6,3.6,0
MIH,20211005,3.6,3.6,3.6,3.6,0
MIH,20211006,3.6,3.6,3.6,3.6,0
MIH,20211007,3.6,3.6,3.6,3.6,0
MIH,20211008,3.6,3.6,3.6,3.6,0
MIH,20211011,3.6,3.6,3.6,3.6,0
MIH,20211012,3.6,3.6,3.6,3.6,0
MIH,20211013,3.6,3.6,3.6,3.6,0
MIH,20211014,3.6,3.6,3.6,3.6,0
MIH,20211019,3.6,3.6,3.6,3.6,0
MIH,20211020,3.6,3.6,3.6,3.6,0
MIH,20211021,3.6,3.6,3.6,3.6,0
MIH,20211022,3.6,3.6,3.6,3.6,0
MIH,20211025,3.6,3.6,3.6,3.6,0
MIH,20211026,3.6,3.6,3.6,3.6,0
MIH,20211028,3.6,3.6,3.6,3.6,0
MIH,20211029,3.6,3.6,3.6,3.6,0
MIH,20211101,3.6,3.6,3.6,3.6,0
MIH,20211102,3.6,3.6,3.6,3.6,0
MIH,20211103,3.6,3.6,3.6,3.6,0
MIH,20211104,3.6,3.6,3.6,3.6,0
MIH,20211105,3.6,3.6,3.6,3.6,0
MIH,20211109,3.6,3.6,3.6,3.6,0
MIH,20211110,3.6,3.6,3.6,3.6,0
MIH,20211112,3.6,3.6,3.6,3.6,0
MIH,20211115,3.6,3.6,3.6,3.6,0
MIH,20211116,3.6,3.6,3.6,3.6,0
MIH,20211117,3.6,3.6,3.6,3.6,0
MIH,20211118,3.6,3.6,3.6,3.6,0
MIH,20211119,3.6,3.6,3.6,3.6,0
MIH,20211122,3.6,3.6,3.6,3.6,0
MIH,20211123,3.6,3.6,3.6,3.6,0
MIH,20211124,3.6,3.6,3.6,3.6,0
MIH,20211125,3.6,3.6,3.6,3.6,0
MIH,20211126,3.6,3.6,3.6,3.6,0
MIH,20211129,3.6,3.6,3.6,3.6,0
MIH,20211130,3.6,3.6,3.6,3.6,0
MIH,20211201,3.6,3.6,3.6,3.6,0
MIH,20211202,3.6,3.6,3.6,3.6,0
MIH,20211203,3.6,3.6,3.6,3.6,0
MIH,20211206,3.6,3.6,3.6,3.6,0
MIH,20211207,3.6,3.6,3.6,3.6,0
MIH,20211208,3.6,3.6,3.6,3.6,0
MIH,20211209,3.6,3.6,3.6,3.6,0
MIH,20211210,3.6,3.6,3.6,3.6,0
MIH,20211213,3.6,3.6,3.6,3.6,0
MIH,20211214,3.6,3.6,3.6,3.6,0
MIH,20211216,3.6,3.6,3.6,3.6,0
MIH,20211217,3.6,3.6,3.6,3.6,0
MIH,20211220,3.6,3.6,3.6,3.6,0
MIH,20211221,3.6,3.6,3.6,3.6,0
MIH,20211222,3.6,3.6,3.6,3.6,0
MIH,20211223,3.6,3.6,3.6,3.6,0
MIH,20211224,3.6,3.6,3.6,3.6,0
MIH,20211229,3.6,3.6,3.6,3.6,0
MIH,20211230,3.6,3.6,3.6,3.6,0
MIH,20211231,3.6,3.6,3.6,3.6,0
MIH,20220104,3.6,3.6,3.6,3.6,0
MIH,20220105,3.6,3.6,3.6,3.6,0
MIH,20220106,3.6,3.6,3.6,3.6,0
MIH,20220107,3.6,3.6,3.6,3.6,0
MIH,20220110,3.6,3.6,3.6,3.6,0
MIH,20220111,3.6,3.6,3.6,3.6,0
MIH,20220112,3.6,3.6,3.6,3.6,0
MIH,20220113,3.6,3.6,3.6,3.6,0
MIH,20220114,3.6,3.6,3.6,3.6,0
MIH,20220117,3.6,3.6,3.6,3.6,0
MIH,20220118,3.6,3.6,3.6,3.6,0
MIH,20220119,3.6,3.6,3.6,3.6,0
MIH,20220120,3.6,3.6,3.6,3.6,0
MIH,20220121,3.6,3.6,3.6,3.6,0
MIH,20220124,3.6,3.6,3.6,3.6,0
MIH,20220125,3.6,3.6,3.6,3.6,0
MIH,20220127,3.6,3.6,3.6,3.6,0
MIH,20220128,3.6,3.6,3.6,3.6,0
MIH,20220131,3.6,3.6,3.6,3.6,0
MIH,20220201,3.6,3.6,3.6,3.6,0
MIH,20220202,3.6,3.6,3.6,3.6,0
MIH,20220203,3.6,3.6,3.6,3.6,0
MIH,20220204,3.6,3.6,3.6,3.6,0
MIH,20220207,3.6,3.6,3.6,3.6,0
MIH,20220208,3.6,3.6,3.6,3.6,0
MIH,20220209,3.6,3.6,3.6,3.6,0
MIH,20220210,3.6,3.6,3.6,3.6,0
MIH,20220211,3.6,3.6,3.6,3.6,0
MIH,20220214,3.6,3.6,3.6,3.6,0
MIH,20220215,3.6,3.6,3.6,3.6,0
MIH,20220216,3.6,3.6,3.6,3.6,0
MIH,20220217,3.6,3.6,3.6,3.6,0
MIH,20220218,3.6,3.6,3.6,3.6,0
MIH,20220221,3.6,3.6,3.6,3.6,0
MIH,20220222,3.6,3.6,3.6,3.6,0
MIH,20220223,3.6,3.6,3.6,3.6,0
MIH,20220224,3.6,3.6,3.6,3.6,0
MIH,20220225,3.6,3.6,3.6,3.6,0
MIH,20220228,3.6,3.6,3.6,3.6,0
MIH,20220301,3.6,3.6,3.6,3.6,0
MIH,20220302,3.6,3.6,3.6,3.6,0
MIH,20220303,3.6,3.6,3.6,3.6,0
MIH,20220304,3.6,3.6,3.6,3.6,0
MIH,20220307,3.6,3.6,3.6,3.6,0
MIH,20220308,3.6,3.6,3.6,3.6,0
MIH,20220309,3.6,3.6,3.6,3.6,0
MIH,20220310,3.6,3.6,3.6,3.6,0
MIH,20220311,3.6,3.6,3.6,3.6,0
MIH,20220314,3.6,3.6,3.6,3.6,0
MIH,20220315,3.6,3.6,3.6,3.6,0
MIH,20220316,0,0,0,0,0
MIH,20220317,3.6,3.6,3.6,3.6,0
MIH,20220318,3.6,3.6,3.6,3.6,0
MIH,20220321,3.6,3.6,3.6,3.6,0
MIH,20220322,3.6,3.6,3.6,3.6,0
MIH,20220323,3.6,3.6,3.6,3.6,0
MIH,20220324,3.6,3.6,3.6,3.6,0
MIH,20220325,3.6,3.6,3.6,3.6,0
MIH,20220328,3.6,3.6,3.6,3.6,0
MIH,20220329,3.6,3.6,3.6,3.6,0
MIH,20220330,3.6,3.6,3.6,3.6,0
MIH,20220331,3.6,3.6,3.6,3.6,0
MIH,20220401,3.6,3.6,3.6,3.6,0
MIH,20220404,3.6,3.6,3.6,3.6,0
MIH,20220405,3.6,3.6,3.6,3.6,0
MIH,20220406,3.6,3.6,3.6,3.6,0
MIH,20220407,3.6,3.6,3.6,3.6,0
MIH,20220408,3.6,3.6,3.6,3.6,0
MIH,20220411,3.6,3.6,3.6,3.6,0
MIH,20220412,3.6,3.6,3.6,3.6,0
MIH,20220413,3.6,3.6,3.6,3.6,0
MIH,20220414,3.6,3.6,3.6,3.6,0
MIH,20220419,3.6,3.6,3.6,3.6,0
MIH,20220420,3.6,3.6,3.6,3.6,0
MIH,20220421,3.6,3.6,3.6,3.6,0
MIH,20220422,3.6,3.6,3.6,3.6,0
MIH,20220426,3.6,3.6,3.6,3.6,0
MIH,20220427,3.6,3.6,3.6,3.6,0
MIH,20220428,3.6,3.6,3.6,3.6,0
MIH,20220429,3.6,3.6,3.6,3.6,0
MIH,20220502,3.6,3.6,3.6,3.6,0
MIH,20220503,3.6,3.6,3.6,3.6,0
MIH,20220504,3.6,3.6,3.6,3.6,0
MIH,20220505,3.6,3.6,3.6,3.6,0
MIH,20220506,3.6,3.6,3.6,3.6,0
MIH,20220509,3.6,3.6,3.6,3.6,0
MIH,20220510,3.6,3.6,3.6,3.6,0
MIH,20220511,3.6,3.6,3.6,3.6,0
MIH,20220512,3.6,3.6,3.6,3.6,0
MIH,20220513,3.6,3.6,3.6,3.6,0
MIH,20220516,3.6,3.6,3.6,3.6,0
MIH,20220517,3.6,3.6,3.6,3.6,0
MIH,20220518,3.6,3.6,3.6,3.6,0
MIH,20220519,3.6,3.6,3.6,3.6,0
MIH,20220520,3.6,3.6,3.6,3.6,0
MIH,20220523,3.6,3.6,3.6,3.6,0
MIH,20220524,3.6,3.6,3.6,3.6,0
MIH,20220525,3.6,3.6,3.6,3.6,0
MIH,20220526,3.6,3.6,3.6,3.6,0
MIH,20220527,3.6,3.6,3.6,3.6,0
MIH,20220530,3.6,3.6,3.6,3.6,0
MIH,20220531,3.6,3.6,3.6,3.6,0
MIH,20220601,3.6,3.6,3.6,3.6,0
MIH,20220602,3.6,3.6,3.6,3.6,0
MIH,20220603,3.6,3.6,3.6,3.6,0
MIH,20220606,3.6,3.6,3.6,3.6,0
MIH,20220607,3.6,3.6,3.6,3.6,0
MIH,20220608,3.6,3.6,3.6,3.6,0
MIH,20220609,3.6,3.6,3.6,3.6,0
MIH,20220610,3.6,3.6,3.6,3.6,0
MIH,20220614,3.6,3.6,3.6,3.6,0
MIH,20220615,3.6,3.6,3.6,3.6,0
MIH,20220616,3.6,3.6,3.6,3.6,0
MIH,20220617,3.6,3.6,3.6,3.6,0
MIH,20220620,3.6,3.6,3.6,3.6,0
MIH,20220621,3.6,3.6,3.6,3.6,0
MIH,20220622,3.6,3.6,3.6,3.6,0
MIH,20220623,3.6,3.6,3.6,3.6,0
MIH,20220624,3.6,3.6,3.6,3.6,0
MIH,20220627,3.6,3.6,3.6,3.6,0
MIH,20220628,3.6,3.6,3.6,3.6,0
MIH,20220629,3.6,3.6,3.6,3.6,0
MIH,20220630,3.6,3.6,3.6,3.6,0
MIH,20220701,3.6,3.6,3.6,3.6,0
MIH,20220704,3.6,3.6,3.6,3.6,0
MIH,20220705,3.6,3.6,3.6,3.6,0
MIH,20220706,3.6,3.6,3.6,3.6,0
MIH,20220707,3.6,3.6,3.6,3.6,0
MIH,20220708,3.6,3.6,3.6,3.6,0
MIH,20220711,3.6,3.6,3.6,3.6,0
MIH,20220712,3.6,3.6,3.6,3.6,0
MIH,20220713,3.6,3.6,3.6,3.6,0
MIH,20220714,3.6,3.6,3.6,3.6,0
MIH,20220715,3.6,3.6,3.6,3.6,0
MIH,20220718,3.6,3.6,3.6,3.6,0
MIH,20220719,3.6,3.6,3.6,3.6,0
MIH,20220720,3.6,3.6,3.6,3.6,0
MIH,20220721,3.6,3.6,3.6,3.6,0
MIH,20220722,3.6,3.6,3.6,3.6,0
MIH,20220725,3.6,3.6,3.6,3.6,0
MIH,20220726,3.6,3.6,3.6,3.6,0
MIH,20220727,3.6,3.6,3.6,3.6,0
MIH,20220728,3.6,3.6,3.6,3.6,0
MIH,20220729,3.6,3.6,3.6,3.6,0
MIH,20220801,3.6,3.6,3.6,3.6,0
MIH,20220802,3.6,3.6,3.6,3.6,0
MIH,20220803,3.6,3.6,3.6,3.6,0
MIH,20220805,3.6,3.6,3.6,3.6,0
MIH,20220808,3.6,3.6,3.6,3.6,0
MIH,20220809,3.6,3.6,3.6,3.6,0
MIH,20220810,3.6,3.6,3.6,3.6,0
MIH,20220811,3.6,3.6,3.6,3.6,0
MIH,20220812,3.6,3.6,3.6,3.6,0
MIH,20220815,3.6,3.6,3.6,3.6,0
MIH,20220816,3.6,3.6,3.6,3.6,0
MIH,20220817,3.6,3.6,3.6,3.6,0
MIH,20220818,3.6,3.6,3.6,3.6,0
MIH,20220819,3.6,3.6,3.6,3.6,0
MIH,20220822,3.6,3.6,3.6,3.6,0
MIH,20220823,3.6,3.6,3.6,3.6,0
MIH,20220824,3.6,3.6,3.6,3.6,0
MIH,20220825,3.6,3.6,3.6,3.6,0
MIH,20220826,3.6,3.6,3.6,3.6,0
MIH,20220829,3.6,3.6,3.6,3.6,0
MIH,20220830,3.6,3.6,3.6,3.6,0
MIH,20220831,3.6,3.6,3.6,3.6,0
MIH,20220901,3.6,3.6,3.6,3.6,0
MIH,20220902,3.6,3.6,3.6,3.6,0
MIH,20220905,3.6,3.6,3.6,3.6,0
MIH,20220906,3.6,3.6,3.6,3.6,0
MIH,20220907,3.6,3.6,3.6,3.6,0
MIH,20220909,3.6,3.6,3.6,3.6,0
MIH,20220912,3.6,3.6,3.6,3.6,0
MIH,20220913,3.6,3.6,3.6,3.6,0
MIH,20220914,3.6,3.6,3.6,3.6,0
MIH,20220915,3.6,3.6,3.6,3.6,0
MIH,20220916,3.6,3.6,3.6,3.6,0
