MQG,20160212,59.66,60.1,58.28,58.34,1730711
MQG,20160215,60.45,60.75,59.49,59.67,1974859
MQG,20160216,60.9,63.24,60.11,63.24,1806437
MQG,20160217,63.2,63.25,61.57,62.69,1758264
MQG,20160218,63.8,65.22,63.04,65.22,1624087
MQG,20160219,64.2,64.8,63.39,63.9,1161016
MQG,20160222,63.8,65.43,63.69,65.35,1295143
MQG,20160223,66,66.49,65.32,65.51,1516342
MQG,20160224,64.5,64.66,63.86,64,1114412
MQG,20160225,64.65,64.81,63.19,64.16,1014415
MQG,20160226,64.31,64.5,63,63.92,2532452
MQG,20160229,64.1,65.19,64.08,64.26,1356372
MQG,20160301,63.75,65.14,62.59,65.14,1527517
MQG,20160302,66.43,67.16,65.66,66.63,1764471
MQG,20160303,66.53,66.73,65.41,65.44,1868758
MQG,20160304,65.89,66.59,65.44,66.33,1703243
MQG,20160307,66.99,67.69,66.76,67.37,1098246
MQG,20160308,67.73,67.73,65.82,65.95,1134749
MQG,20160309,65.5,66.33,65.19,66.06,1058260
MQG,20160310,66.49,66.59,65.5,65.64,691430
MQG,20160311,65.96,67.34,65.42,66.95,818701
MQG,20160314,67.9,69,67.82,68.85,1673239
MQG,20160315,69,69,67.5,67.86,1216712
MQG,20160316,67.32,68.76,67.31,68.6,918664
MQG,20160317,69.08,70.08,68.91,69.9,2240151
MQG,20160318,70.15,70.47,68.29,68.29,3173621
MQG,20160321,68.16,68.25,66.41,67.57,1382818
MQG,20160322,67.8,67.8,66.65,67.38,850650
MQG,20160323,67.37,67.62,66.96,67.46,711624
MQG,20160324,66.68,66.88,65.72,65.81,2579704
MQG,20160329,66.11,66.11,63.92,64.1,1574876
MQG,20160330,64.6,65.1,64.19,64.58,1146839
MQG,20160331,65.56,66.1,64.76,66.09,1189494
MQG,20160401,65.54,66,63.77,64.2,1061500
MQG,20160404,64.54,65.43,64.52,64.68,738414
MQG,20160405,64.57,65.07,62.97,63.72,1531382
MQG,20160406,63.21,64.81,62.87,63.65,1665205
MQG,20160407,63.7,64.15,63.05,63.47,1226385
MQG,20160408,62.26,63.43,61.57,62.34,1127478
MQG,20160411,62.42,62.54,61.37,61.74,799616
MQG,20160412,61.53,63.33,61.53,62.86,800156
MQG,20160413,64.28,64.57,63.52,64.51,856913
MQG,20160414,66.17,66.235,64.64,65.51,1124648
MQG,20160415,65.25,66.1,64.9,65.54,755235
MQG,20160418,65.35,65.38,63.87,64.07,772437
MQG,20160419,65.4,66.33,65.27,65.9,1313965
MQG,20160420,65.6,66.63,65.6,66.23,1062587
MQG,20160421,67.39,67.39,66.52,67.1,1095603
MQG,20160422,66.92,67.52,66.28,67.05,798491
MQG,20160426,67.4,67.4,66.085,66.63,1205691
MQG,20160427,66.98,67.03,65.57,65.88,1385671
MQG,20160428,66.26,66.48,64.99,65.3,1313025
MQG,20160429,64.35,64.4,63.5,63.5,3149899
MQG,20160502,63.21,63.24,61.05,62.47,1690375
MQG,20160503,62.17,64.55,62.13,64.36,1431767
MQG,20160504,64.14,64.38,62.51,63.47,1528761
MQG,20160505,63.5,65.4,63.5,65.3,1221978
MQG,20160506,66.09,66.68,64.51,65.1,2377084
MQG,20160509,65.4,67.75,65.3,67,2400985
MQG,20160510,66.94,69.99,66.77,69.89,2310597
MQG,20160511,70.35,71.89,70.35,70.66,1918048
MQG,20160512,69.7,71.32,69.7,71.1,1783747
MQG,20160513,71.3,71.76,70.36,71.7,2097671
MQG,20160516,71.6,72.28,71.09,72.08,1506407
MQG,20160517,69.85,71.26,69.33,71.02,4943731
MQG,20160518,70.16,70.88,69.25,69.35,2225302
MQG,20160519,69.35,70.29,69.32,70.1,1735168
MQG,20160520,70.26,70.29,69.46,69.65,1074408
MQG,20160523,70.25,70.55,69.33,69.68,907606
MQG,20160524,70.09,70.925,69.93,70.53,1610966
MQG,20160525,71.66,72.65,71.51,72.45,2128768
MQG,20160526,72.9,73.47,72,73.16,1666320
MQG,20160527,73.29,74.17,73.29,73.39,3074976
MQG,20160530,73.82,74.82,73.34,74.36,1216109
MQG,20160531,74.35,75.11,74,74.87,1892519
MQG,20160601,74.05,74.8,73.02,73.7,1510375
MQG,20160602,73.7,74.18,72.54,73.06,1168584
MQG,20160603,73.5,74.7,73.375,74.6,1677896
MQG,20160606,73.57,74.31,73.2,73.5,1254369
MQG,20160607,73.95,74.095,73.05,73.8,1500229
MQG,20160608,73.2,73.65,72.5,73.65,1357106
MQG,20160609,73.75,74.56,73.62,74.18,1610450
MQG,20160610,73.51,73.55,72.81,73.45,900303
MQG,20160614,72.05,72.25,71.6,71.9,1903182
MQG,20160615,71.83,72.36,71.54,71.7,1980251
MQG,20160616,72,72.29,70.66,71.45,1604768
MQG,20160617,71.5,72.81,71.29,72.72,1665433
MQG,20160620,73.39,74.86,73.38,74.86,1442971
MQG,20160621,75,76.74,74.955,75.93,1450774
MQG,20160622,76.3,76.68,76.06,76.12,851539
MQG,20160623,76.39,76.66,75.95,76.58,884277
MQG,20160624,76.91,77.45,70.75,71.2,4709579
MQG,20160627,69.1,69.79,66.82,67,3988194
MQG,20160628,65.03,68.19,65.01,67.91,2603212
MQG,20160629,70,70.37,68.64,68.65,1533407
MQG,20160630,70.1,70.5,68.9,68.9,1838260
MQG,20160701,69.04,69.79,68.2,68.4,1111022
MQG,20160704,68.4,68.75,67.75,68.54,985696
MQG,20160705,69.23,69.23,67.59,67.7,812822
MQG,20160706,67.43,67.5,65.52,66.75,1371108
MQG,20160707,67.48,67.78,65.8,66.17,1291227
MQG,20160708,66.22,67.78,66.04,67.2,1189613
MQG,20160711,69.07,69.49,68.5,68.97,917908
MQG,20160712,69.74,69.98,69,69.32,1083970
MQG,20160713,70.22,71.52,69.58,71.33,1410450
MQG,20160714,71.5,71.62,70.62,71.25,894558
MQG,20160715,71.9,73.12,71.64,71.99,979062
MQG,20160718,72.4,72.7,71.82,72.55,595831
MQG,20160719,72.82,73.07,72.07,72.73,530511
MQG,20160720,73,73.29,72.52,73.24,767916
MQG,20160721,75,75,73.73,74.05,1116740
MQG,20160722,73.75,73.91,73.3,73.8,565716
MQG,20160725,73.8,74.29,73.76,73.81,636269
MQG,20160726,73.89,73.89,73.28,73.75,902384
MQG,20160727,73.84,74.35,73.49,73.8,897033
MQG,20160728,74.2,75.44,74.2,74.8,1382380
MQG,20160729,74.07,74.39,72.66,74.39,3472685
MQG,20160801,73.77,75.1,73.77,74.58,771061
MQG,20160802,73.55,74.88,73.55,74.59,802889
MQG,20160803,73.72,74.25,73.13,73.49,1076342
MQG,20160804,73.82,74.48,73.68,74.01,698696
MQG,20160805,74.12,75.34,74.11,75.3,961105
MQG,20160808,76.18,77.58,76.17,77.48,1553233
MQG,20160809,77.94,78.3,77.65,78.05,1348840
MQG,20160810,77.7,78.25,77.29,78.15,1247932
MQG,20160811,77.5,77.91,76.78,77.2,910648
MQG,20160812,77.84,78.33,77.27,77.54,1156374
MQG,20160815,77.03,78.3,76.79,78.14,825482
MQG,20160816,78.04,78.89,77.63,77.85,821467
MQG,20160817,78.01,78.52,77.63,78.45,647799
MQG,20160818,78.55,78.74,77.69,78.54,733270
MQG,20160822,79.1,79.79,79.08,79.4,829147
MQG,20160823,79.79,80.68,79.3,80.2,775966
MQG,20160824,80.2,80.79,80.02,80.55,629994
MQG,20160825,80.25,80.84,80.03,80.84,814652
MQG,20160826,80.49,80.68,79.58,79.75,2179482
MQG,20160829,79.81,80.22,78.68,79.17,535147
MQG,20160830,79.53,80.96,79.485,80.52,1443525
MQG,20160831,80.87,81.25,79.45,80.7,1268943
MQG,20160901,80.6,81.66,80.13,81.29,1034279
MQG,20160902,81.01,81.36,79.76,80.61,1320326
MQG,20160905,80.82,82.35,80.8,82.14,978654
MQG,20160906,81.63,82.47,81.6,82.21,755603
MQG,20160907,81.86,83.32,81.81,82.94,1215122
MQG,20160908,82.5,82.74,80.8,81.39,1148058
MQG,20160909,80.61,80.62,79.74,80.36,998631
MQG,20160912,78.03,78.99,76.82,77.4,1902385
MQG,20160913,78.78,78.85,77.75,77.75,1310325
MQG,20160914,77.61,78.87,77.52,78.28,1282741
MQG,20160915,77.99,78.77,77.72,78.68,1124074
MQG,20160916,79.24,81.56,79.22,81.39,1489022
MQG,20160919,79.83,81.245,79.65,81.23,470870
MQG,20160920,81.15,81.81,80.5,81.13,1214086
MQG,20160921,80.54,82.32,80.54,82.03,878767
MQG,20160922,82.31,82.5,80.65,80.65,1331592
MQG,20160923,81,82.34,80.95,82.12,1162481
MQG,20160926,82.19,82.58,81.54,81.69,834368
MQG,20160927,80.69,82.67,80.5,82.67,2615248
MQG,20160928,82.83,83.13,82.14,82.58,1241919
MQG,20160929,83.25,83.68,82.94,83.28,1230322
MQG,20160930,81.95,82.66,80.35,81.94,3747097
MQG,20161003,82.1,82.93,82.1,82.28,628543
MQG,20161004,81.8,82.85,81.8,82.66,640686
MQG,20161005,82.55,83.25,82.12,82.25,624973
MQG,20161006,82.98,83.88,82.805,83.4,1150213
MQG,20161007,83.85,83.95,83.1,83.71,738532
MQG,20161010,83.94,84.19,83.66,83.93,369773
MQG,20161011,83.65,84.05,83.23,83.45,669386
MQG,20161012,82.93,83.8,82.38,83.67,706814
MQG,20161013,83.34,83.48,81.72,81.94,1051196
MQG,20161014,82,82.45,81.36,81.95,704652
MQG,20161017,81.9,82.565,81.55,81.55,683039
MQG,20161018,82.07,82.59,81.52,81.93,866800
MQG,20161019,82.5,83.47,82.38,82.55,693685
MQG,20161020,83.14,83.28,82.24,82.51,590106
MQG,20161021,82.66,82.93,81.8,82.21,518606
MQG,20161024,82.33,83.28,81.855,82.65,966274
MQG,20161025,83.2,83.34,82.39,82.81,759145
MQG,20161026,82.05,82.46,80.69,81.05,1205657
MQG,20161027,80.73,81.53,80.26,80.4,850904
MQG,20161028,80.4,83.285,80.39,81.76,2579517
MQG,20161031,81.5,81.98,79.11,79.8,1708085
MQG,20161101,79.31,79.5,78.76,79.31,698568
MQG,20161102,78.5,78.85,77.51,77.8,1327091
MQG,20161103,77.15,77.99,76.81,77.54,883580
MQG,20161104,77.1,78.25,77.05,77.1,1255004
MQG,20161107,77.99,79.54,77.67,79.38,1480108
MQG,20161108,77.62,79.2,77.02,77.39,1648694
MQG,20161109,78.01,78.78,71.74,74.1,2526726
MQG,20161110,78.93,80.53,78.54,80.28,3437162
MQG,20161111,80.4,82.085,80,81.97,2353256
MQG,20161114,81.85,82.08,81.29,81.81,1264895
MQG,20161115,81.5,82.75,81.34,82.27,1429049
MQG,20161116,82.75,82.92,82.05,82.3,1139900
MQG,20161117,81.45,83,81.45,82.85,1339750
MQG,20161118,82.95,83.93,82.92,83.71,1141294
MQG,20161121,82.99,83.785,82.33,83.46,905404
MQG,20161122,83.5,84.16,83.5,83.88,784707
MQG,20161123,83.44,84.605,83.44,84.38,1027803
MQG,20161124,84.4,84.94,84.16,84.9,1125567
MQG,20161125,84.5,84.83,83.49,83.72,2273061
MQG,20161128,83.5,84.14,83.13,83.36,566503
MQG,20161129,83.5,84.145,83.07,83.12,868633
MQG,20161130,83.3,84.1,83.25,83.9,1540428
MQG,20161201,84.59,84.98,83.96,84.98,1107281
MQG,20161202,84.98,85,84,84.23,754333
MQG,20161205,83.9,83.97,82.08,82.63,1145934
MQG,20161206,83.9,84.16,82.46,82.46,1349621
MQG,20161207,83.39,83.94,82.68,82.76,1039506
MQG,20161208,83.49,84.32,83.32,83.92,1218732
MQG,20161209,84.23,85.44,84.11,85.24,1891872
MQG,20161212,85.45,86.69,85.24,86.3,997339
MQG,20161213,85.8,86.44,85.39,85.82,832250
MQG,20161214,86.41,87.5,86.31,87.27,1281894
MQG,20161215,87.34,87.49,86.585,87.25,1682343
MQG,20161216,87.76,88.22,87.39,87.54,1093147
MQG,20161219,87.73,88.18,87.38,87.9,698303
MQG,20161220,88.2,88.24,87.12,87.25,1010936
MQG,20161221,87.25,87.98,86.73,86.75,802163
MQG,20161222,86.55,87.68,86.05,87.68,834567
MQG,20161223,87.01,87.7,86.82,86.93,2180738
MQG,20161228,87,87.79,86.93,87.43,534275
MQG,20161229,87.43,88.1,86.75,88.01,549142
MQG,20161230,87.61,87.96,86.87,87.12,405797
MQG,20170103,87.43,88.27,87.34,87.89,562804
MQG,20170104,87.41,88.5,87.41,88.08,623654
MQG,20170105,88,88.45,87.655,87.84,498270
MQG,20170106,87.55,87.98,86.74,87.8,647303
MQG,20170109,88,89.49,87.88,88.8,878412
MQG,20170110,88.79,88.8,87.54,87.74,1093843
MQG,20170111,88,88.41,86.47,86.75,893041
MQG,20170112,86.26,86.77,86.1,86.36,825821
MQG,20170113,86.09,86.59,85.36,85.89,614509
MQG,20170116,86.15,86.76,86.05,86.19,379425
MQG,20170117,85.5,85.69,84.62,85,1121801
MQG,20170118,84.25,84.81,83.77,84.81,944555
MQG,20170119,85.39,85.8,84.79,85.04,538333
MQG,20170120,84.76,85.29,84.57,84.83,618350
MQG,20170123,85.12,85.59,83.705,83.86,921535
MQG,20170124,83.98,84.43,83.62,83.73,1084887
MQG,20170125,84.71,85.24,83.97,84.15,2492389
MQG,20170127,85,85.97,84.72,85.77,589958
MQG,20170130,85.49,85.92,84.1,84.49,579820
MQG,20170131,84,84.89,83.79,84.6,677578
MQG,20170201,83.81,84.78,83.58,84.64,598806
MQG,20170202,84.91,84.91,83.61,83.92,638962
MQG,20170203,83.7,84.34,83.39,83.51,488832
MQG,20170206,84.63,85.245,83.81,83.94,712249
MQG,20170207,82.46,82.82,81.1,82.75,1431756
MQG,20170208,82.5,83.92,82.31,83.71,800572
MQG,20170209,83.33,83.94,82.99,83.59,619605
MQG,20170210,85.09,85.92,84.56,85.09,886451
MQG,20170213,85.2,85.58,84.87,85.56,1134761
MQG,20170214,86,86.5,85.69,85.83,756938
MQG,20170215,86.2,87.71,86.1,87.61,1298096
MQG,20170216,88,88.32,87.55,88.19,995740
MQG,20170217,87.99,88.39,86.81,87.06,789167
MQG,20170220,86.9,87.39,86.54,87.35,677982
MQG,20170221,87,87.34,86.51,86.88,893030
MQG,20170222,87.43,87.43,86.69,86.95,593818
MQG,20170223,86.64,87.31,86.48,86.97,586478
MQG,20170224,87,87.17,85.86,86.31,2487772
MQG,20170227,86.02,87.1,85.89,86.72,703481
MQG,20170228,86.76,87.55,86.35,86.65,821969
MQG,20170301,86.6,87.02,86,86.64,724302
MQG,20170302,87.97,88.52,87.76,87.94,798777
MQG,20170303,87.03,87.79,86.45,87.72,661993
MQG,20170306,87.76,87.79,86.7,87.32,350564
MQG,20170307,87.24,87.81,86.7,87.18,681791
MQG,20170308,86.7,87.39,86.7,87.39,508049
MQG,20170309,87.11,87.6,86.98,87.27,430947
MQG,20170310,87.8,89.4,87.52,88.95,817584
MQG,20170313,88.95,89.88,88.8,89.42,834944
MQG,20170314,89.42,89.8,88.54,89,706633
MQG,20170315,88.5,89.2,88.3,89.2,640579
MQG,20170316,88.93,89.12,87.67,88.25,1819728
MQG,20170317,88.07,89.16,87.5,88.9,795308
MQG,20170320,88.21,89,88.21,88.57,354057
MQG,20170321,88.63,88.76,87.69,88.6,719732
MQG,20170322,87.2,87.53,85.93,86.44,1108885
MQG,20170323,87,87.29,86.52,86.85,1184711
MQG,20170324,87.03,88.34,87.03,88.03,614947
MQG,20170327,87.1,87.6,86.63,87.36,681214
MQG,20170328,87.99,88.65,87.65,88.1,758857
MQG,20170329,88.77,89.56,88.54,89.25,967144
MQG,20170330,89.9,90.315,89.36,90.05,714731
MQG,20170331,90,90.93,89.88,90.2,2003435
MQG,20170403,89.92,90.6,89.44,89.6,631582
MQG,20170404,89.2,89.54,88.37,88.75,642815
MQG,20170405,89.15,89.31,88.245,88.97,692669
MQG,20170406,88.2,88.55,87.83,88,577254
MQG,20170407,88.59,88.75,87.31,87.93,536571
MQG,20170410,88.5,88.97,88.2,88.7,574185
MQG,20170411,88.65,89.6,88.51,89.35,585692
MQG,20170412,89.45,89.54,88.16,88.63,1252445
MQG,20170413,88.09,88.49,87.16,87.9,803568
MQG,20170418,87.65,87.86,86.355,87.15,1281277
MQG,20170419,86.9,87.07,86.15,86.64,965634
MQG,20170420,87,87.49,86.77,86.87,640266
MQG,20170421,87.2,87.79,87.03,87.73,730810
MQG,20170424,88.16,89.2,87.84,89.1,994784
MQG,20170426,90.15,92.05,90,91.38,1618258
MQG,20170427,91.38,92.47,91.28,92.28,1168495
MQG,20170428,92.5,93.17,92.12,93,2950701
MQG,20170501,93.17,94.35,93,94.09,947081
MQG,20170502,94.5,94.75,92.54,92.7,1087215
MQG,20170503,92.05,93.1,91.42,91.54,1107496
MQG,20170504,91.94,92.22,90.33,91.92,1048424
MQG,20170505,95.58,96.02,94.85,94.89,2191790
MQG,20170508,96,96.37,94.27,94.33,1754555
MQG,20170509,93.1,93.69,91.76,92.46,1555535
MQG,20170510,90.32,92.69,90.31,91.94,1706404
MQG,20170511,92.47,93.92,92.47,93.6,1347712
MQG,20170512,92.99,93.49,91.78,92.63,878634
MQG,20170515,92,92.76,91.12,91.84,1196843
MQG,20170516,90.28,91.12,89.685,89.93,2788041
MQG,20170517,89.64,89.8,88.46,88.8,1374085
MQG,20170518,87.59,87.86,86.68,87.72,1896484
MQG,20170519,87.59,88.14,87.25,87.78,866788
MQG,20170522,88.58,89.09,88.46,88.65,927813
MQG,20170523,88.91,89.72,87.9,88.18,930149
MQG,20170524,89.48,89.48,88.52,88.85,900869
MQG,20170525,89.2,89.36,88.08,88.8,965440
MQG,20170526,88.89,89.08,88.25,88.82,2389749
MQG,20170529,89,89,87.32,87.75,859979
MQG,20170530,87.71,89.02,87.2,88.44,877949
MQG,20170531,89.1,90.19,88.54,89.65,3772973
MQG,20170601,89.67,90.07,88.92,89.42,1103104
MQG,20170602,90.87,91.19,89.865,89.97,1209414
MQG,20170605,89.52,89.9,87.505,88.2,1600398
MQG,20170606,87.75,87.8,86.08,86.18,2066101
MQG,20170607,86.67,87.33,86.35,86.75,915413
MQG,20170608,86.75,87.29,86.05,87.08,663329
MQG,20170609,86.44,87.06,86.16,86.51,1073761
MQG,20170613,87.01,88.9,86.47,88.9,1716731
MQG,20170614,89.24,90.46,89.2,90.3,1502642
MQG,20170615,90.16,90.55,89.35,89.84,2189298
MQG,20170616,90.17,90.84,90.01,90.35,862011
MQG,20170619,90.29,91.39,90.29,91.02,622964
MQG,20170620,91.4,91.45,90.22,90.31,795132
MQG,20170621,89.42,89.57,88.64,89.23,875217
MQG,20170622,89.71,90.7,89.48,90.2,846648
MQG,20170623,90.2,90.26,88.64,89.4,773908
MQG,20170626,89.45,90.2,89.17,89.37,442345
MQG,20170627,89.43,89.55,88.27,88.51,903820
MQG,20170628,88.34,88.84,87.54,88,1114730
MQG,20170629,89.99,90,89.26,89.9,1236371
MQG,20170630,89.15,89.16,87.85,88.5,2221411
MQG,20170703,88.46,89.07,88.03,88.3,629217
MQG,20170704,89.39,90.14,89.32,89.75,698238
MQG,20170705,89.43,89.75,88.9,89.17,552262
MQG,20170706,89.57,89.96,88.91,89.56,630992
MQG,20170707,88.35,88.6,87.52,88.05,1247904
MQG,20170710,88.34,88.56,87.65,87.79,780973
MQG,20170711,87.8,88.8,87.62,88.72,877292
MQG,20170712,88.21,88.62,87.15,87.54,926292
MQG,20170713,88.11,88.28,87.36,87.65,694860
MQG,20170714,88.2,88.55,87.57,88,636002
MQG,20170717,87.75,88.31,87.53,88.07,346787
MQG,20170718,88,88,86.57,86.84,1268789
MQG,20170719,87.69,87.83,86.87,87.13,1132625
MQG,20170720,87.46,87.46,85.86,86.1,1435009
MQG,20170721,85.6,86.115,84.73,85.5,1021821
MQG,20170724,85,85.15,84.24,84.67,781075
MQG,20170725,85.47,86.11,85.22,85.66,678841
MQG,20170726,86.34,86.84,86.15,86.33,679385
MQG,20170727,86.55,87.87,86.05,87.37,1146471
MQG,20170728,86.55,86.62,84.93,85.05,2214750
MQG,20170731,85,85.98,85,85.83,952840
MQG,20170801,85.71,86.85,85.55,86.82,865098
MQG,20170802,86.98,87.02,85.88,86.07,559286
MQG,20170803,85.75,86.28,85.42,86.15,453449
MQG,20170804,85.71,87.25,85.63,86.33,670521
MQG,20170807,86.98,87.3,86.7,86.98,354319
MQG,20170808,87.28,87.28,85.75,86.59,686932
MQG,20170809,86.34,87.25,86.34,86.86,612164
MQG,20170810,86.99,87.46,86.59,86.84,485511
MQG,20170811,85.42,86.43,85.3,86.36,942956
MQG,20170815,87.5,88.24,87.48,87.76,682720
MQG,20170816,87.92,88.69,87.88,88.63,729021
MQG,20170817,89,89.35,87.92,88.69,996315
MQG,20170818,87.3,87.77,86.6,87.39,1087809
MQG,20170821,87.4,87.64,86.8,87.48,585719
MQG,20170822,87.6,88.44,87.49,87.96,790100
MQG,20170823,88.5,88.69,87.68,88.03,542583
MQG,20170824,87.54,88.11,87.5,87.63,728591
MQG,20170825,87.58,88.215,87,87.98,1240755
MQG,20170828,88.11,88.5,87.5,87.99,500239
MQG,20170829,87.1,87.1,85.34,86.13,1175585
MQG,20170830,86.29,86.9,86.01,86.16,564034
MQG,20170831,86.75,86.92,86.32,86.8,709975
MQG,20170901,87.02,87.49,86.13,86.81,379966
MQG,20170904,86.43,86.66,85.83,86.4,447602
MQG,20170905,86.15,86.4,84.7,85.95,1062818
MQG,20170906,84.01,84.63,83.55,84,1562707
MQG,20170907,84.29,84.68,83.02,83.18,1304374
MQG,20170908,83.3,83.93,82.28,82.7,940499
MQG,20170911,85.1,85.65,84.05,85.15,1316075
MQG,20170912,86.79,87.87,86.76,87.1,1751104
MQG,20170913,88.03,88.45,87.42,87.43,881254
MQG,20170914,87.5,88.44,87.23,88.44,845185
MQG,20170915,88.13,88.59,87.51,87.51,2602291
MQG,20170918,88.33,88.91,88.06,88.18,723360
MQG,20170919,88.8,88.93,88.13,88.51,800466
MQG,20170920,88.38,88.57,87.87,88.43,586244
MQG,20170921,88.21,88.88,87.42,87.93,996326
MQG,20170922,88.5,88.83,87.82,88.64,552103
MQG,20170925,89.2,89.53,89.09,89.14,686385
MQG,20170926,89.4,89.45,88.83,89.13,547487
MQG,20170927,89.39,89.4,88.68,88.92,509808
MQG,20170928,89.74,90.995,89.73,90.95,2186074
MQG,20170929,91,91.37,90.33,90.92,2335477
MQG,20171002,91.21,92.1,90.98,91.56,563380
MQG,20171003,92.1,92.84,92.1,92.46,980468
MQG,20171004,92,92.26,91.55,91.94,675420
MQG,20171005,92,92.52,91.77,91.78,466970
MQG,20171006,93.17,93.35,92.63,93.02,869650
MQG,20171009,92.81,93.15,92.545,92.58,545755
MQG,20171010,92.47,93.16,92.27,92.46,517793
MQG,20171011,92.34,93.26,92.34,92.95,425971
MQG,20171012,93.19,93.45,92.74,93.15,834377
MQG,20171013,93.21,93.45,92.35,92.79,546590
MQG,20171016,92.79,93.26,92.61,92.61,594182
MQG,20171017,92.85,93.21,92.76,92.9,582352
MQG,20171018,93.12,93.25,92.67,92.93,549460
MQG,20171019,93.69,93.99,93.5,93.72,844358
MQG,20171020,93.34,94,93.15,93.86,583578
MQG,20171023,94.1,94.5,93.78,93.8,483597
MQG,20171024,93.8,94.06,93.3,93.5,695718
MQG,20171025,94,94.1,93.475,93.85,1126990
MQG,20171026,94,94.39,93.6,94.22,715757
MQG,20171027,98,98.28,96.53,97.91,2902626
MQG,20171030,98.5,99.38,98.44,98.84,1263761
MQG,20171031,98.8,98.91,98.2,98.35,767764
MQG,20171101,98,98.85,97.26,98.35,882953
MQG,20171102,98.48,99.39,97.81,99.39,1035467
MQG,20171103,99.63,99.75,99,99.17,836822
MQG,20171106,99.18,99.5,98.94,99.4,704526
MQG,20171107,98.09,98.5,97.67,97.93,3326796
MQG,20171108,97.18,97.92,97,97.24,664732
MQG,20171109,97.4,97.8,96.68,97.75,837796
MQG,20171110,97.4,97.8,96.68,97.75,837796
MQG,20171113,97.97,98.62,97.78,98.32,551807
MQG,20171114,97.91,98.355,97.68,97.79,436692
MQG,20171115,98.4,98.76,97.99,98.4,833207
MQG,20171116,98.4,98.43,97.63,97.99,661569
MQG,20171117,97.9,99.36,97.9,98.95,813500
MQG,20171120,98.18,98.71,98.03,98.42,562514
MQG,20171121,98.4,99.51,98.09,99.46,767083
MQG,20171122,98.96,99.71,98.81,99.5,943959
MQG,20171123,98.7,99.94,98.67,99.67,588129
MQG,20171124,99.27,99.87,98.81,99.34,1754489
MQG,20171127,99.5,100.35,99.4,100.2,650885
MQG,20171128,100.83,101.065,99.4,99.5,1183461
MQG,20171129,100.79,101.12,99.52,99.77,906951
MQG,20171130,99.45,99.59,98.23,98.23,2208756
MQG,20171201,98.8,99.055,98.11,98.2,901581
MQG,20171204,98.04,98.3,97.02,97.45,1104750
MQG,20171205,96.8,96.99,96.12,96.19,1317332
MQG,20171206,96.07,96.53,95.49,95.99,972348
MQG,20171207,95.76,97.09,95.76,96.79,802489
MQG,20171208,97.49,98.73,97.07,98.65,836988
MQG,20171211,99,99,97.33,97.9,696468
MQG,20171212,98.5,98.62,97.85,98.34,574364
MQG,20171213,98.5,98.59,97.95,98,676253
MQG,20171214,97.67,98.05,97.38,97.4,822745
MQG,20171215,97.28,97.5,96.56,96.88,773869
MQG,20171218,97.48,98.78,97.35,98.7,1615200
MQG,20171219,99.35,99.91,99.27,99.62,878686
MQG,20171220,99.66,100.22,99.61,100.09,807219
MQG,20171221,100.09,100.65,99.94,100.16,1286051
MQG,20171222,100.38,100.5,99.83,99.93,2434212
MQG,20171227,99.99,99.99,99.5,99.61,276251
MQG,20171228,99.85,99.85,99.01,99.44,235341
MQG,20171229,99.75,99.89,98.73,99.63,463485
MQG,20180102,99.25,99.5,98.52,99.05,371191
MQG,20180103,99,99.25,98.8,98.83,411003
MQG,20180104,99.5,99.8,99.06,99.8,678219
MQG,20180105,99.95,101.34,99.9,101.34,730481
MQG,20180108,101.5,102.05,101.43,101.98,464544
MQG,20180109,102.26,102.5,101.57,102.02,777613
MQG,20180110,102.12,103,101.82,101.93,573178
MQG,20180111,101.93,102.08,100.81,101.14,460022
MQG,20180112,101.48,102.43,101.34,101.47,520010
MQG,20180115,102,102.24,100.88,100.99,439583
MQG,20180116,100.56,101.48,100.38,100.96,515049
MQG,20180117,100.66,102.39,100.6,102,808002
MQG,20180118,102.99,102.99,102,102.15,593168
MQG,20180119,102.11,102.82,101.8,102.04,455321
MQG,20180122,102.51,102.64,101.52,101.61,388855
MQG,20180123,102.17,102.73,101.87,102.72,532308
MQG,20180124,103,104.77,102.77,104.4,1110759
MQG,20180125,104.24,105.07,104.07,104.96,2492997
MQG,20180129,105.13,105.54,104.71,105.18,816280
MQG,20180130,104.53,105.13,103.365,103.48,832555
MQG,20180131,102.48,103.33,102.02,103.13,1029265
MQG,20180201,103.73,103.98,103.29,103.71,793371
MQG,20180202,104,104.99,103.02,104.99,591277
MQG,20180205,103,104.19,103,103.36,788736
MQG,20180207,102,102.8,100.25,101.73,2011065
MQG,20180208,101.1,103.08,100.86,103.08,946737
MQG,20180209,101.8,101.86,99.51,100.53,1221288
MQG,20180212,99.9,101.58,99.26,101.25,784675
MQG,20180213,102,103.05,101.37,102.4,840090
MQG,20180214,102.81,102.93,101.62,102.1,435246
MQG,20180215,103,103.6,102.3,103.4,675687
MQG,20180216,103.8,104.24,103.05,103.05,421434
MQG,20180219,103.6,104,103.22,103.56,1600832
MQG,20180220,103.02,104.15,103.02,103.35,456695
MQG,20180221,103,103.34,102.62,102.95,621992
MQG,20180222,103.25,103.58,102.72,102.72,507719
MQG,20180223,102.02,102.72,100.815,101.97,1919108
MQG,20180226,102.63,102.99,101.93,102.5,498771
MQG,20180227,103.5,104.35,102.99,103.59,654081
MQG,20180228,103.92,104.84,103.51,103.65,690349
MQG,20180301,103.82,104.48,102.58,102.93,819706
MQG,20180302,102.84,103.28,101.57,102.63,990525
MQG,20180305,103.02,103.15,101.77,102.15,363899
MQG,20180306,104,104,103.41,103.57,667411
MQG,20180307,102.87,103.21,101.69,102.15,663525
MQG,20180308,102.99,104.34,102.7,104.02,1323258
MQG,20180309,104.59,105.95,103.905,105.46,774898
MQG,20180312,107.54,107.68,106.41,106.62,744500
MQG,20180313,106,106.99,105.8,106.6,863535
MQG,20180314,106.49,106.505,105.47,105.68,476609
MQG,20180315,106.22,106.34,105.08,105.84,969403
MQG,20180316,105.67,106.16,104.24,104.9,923627
MQG,20180319,105.8,105.98,105.14,105.39,487472
MQG,20180320,105.03,105.43,104.63,105.03,422333
MQG,20180321,105.58,106.11,105.5,105.81,479023
MQG,20180322,105.5,106.84,105.24,106.69,863801
MQG,20180323,105,105,103.6,103.98,912702
MQG,20180326,103.43,104.595,102.51,102.89,821195
MQG,20180327,104.5,104.615,103.55,104.1,749713
MQG,20180328,103.6,103.9,102.54,102.81,669804
MQG,20180329,103,103.66,102.58,102.9,2811068
MQG,20180403,102,102.64,101.25,102.08,654488
MQG,20180404,101.75,102.08,100.8,100.92,801837
MQG,20180405,101.75,101.87,100.68,100.82,1027213
MQG,20180406,100.85,101.69,100.7,101.35,584582
MQG,20180409,100.89,102.16,100.6,101.6,451034
MQG,20180410,101.55,103.25,101.26,103.09,616851
MQG,20180411,103.23,104.14,103.06,103.79,586577
MQG,20180412,103.97,104.22,102.96,103.36,562039
MQG,20180413,104.2,104.6,103.67,104.21,430032
MQG,20180416,104.46,104.81,103.67,104.54,386092
MQG,20180417,104.99,105.34,104.32,104.32,477394
MQG,20180418,104.38,105,103.8,104.75,535164
MQG,20180419,105.25,105.25,104.23,104.45,733581
MQG,20180420,104.44,105.19,104.25,104.8,323203
MQG,20180423,105.15,105.79,105,105.52,453269
MQG,20180424,105.75,106.3,105.53,105.88,506795
MQG,20180426,106,106.17,105.15,105.42,926468
MQG,20180427,105.81,108.46,105.81,108.1,1974833
MQG,20180430,108.74,109.48,108.16,108.69,760978
MQG,20180501,108.5,108.78,106.31,107.72,808851
MQG,20180502,107.89,107.99,106.18,106.97,1303886
MQG,20180503,107.68,107.86,106.2,107.75,815885
MQG,20180504,110.62,110.95,107.75,108.01,1158690
MQG,20180507,109.9,110.85,109.21,110.09,1182415
MQG,20180508,110.99,112.08,110.81,112,1310429
MQG,20180509,111.9,113.31,111.32,112.87,953593
MQG,20180510,113.5,114.11,112,113.99,1111532
MQG,20180511,114.08,114.4,113.4,113.4,883770
MQG,20180514,110,112.11,109.75,111.75,3194866
MQG,20180515,112.09,113.25,111.47,112.77,785500
MQG,20180516,113.39,115,113.27,114.9,1055449
MQG,20180517,113.32,113.7,112.77,113.69,707823
MQG,20180518,114,114.64,113.01,114.55,673789
MQG,20180521,114.64,115.54,113.75,115.34,819181
MQG,20180522,115.25,115.49,113.92,114.42,545113
MQG,20180523,114.97,116.53,114.37,116.43,843283
MQG,20180524,116,116.24,115.09,116.24,700723
MQG,20180525,115.9,117.07,115.25,116.88,1503806
MQG,20180528,116.76,116.81,115.35,115.73,510119
MQG,20180529,115.7,116.55,115.38,116.1,589891
MQG,20180530,112.96,113.68,111.76,113.25,1875646
MQG,20180531,114.97,115.7,114.21,114.33,1404426
MQG,20180601,114.21,114.34,112.59,112.84,516573
MQG,20180604,114,114,113.01,113.1,562280
MQG,20180605,112.5,113.22,112.07,112.3,966530
MQG,20180606,112.22,113.93,112.07,113.16,903863
MQG,20180607,113.62,114.62,113.33,113.49,691104
MQG,20180608,113.37,113.58,112.62,113.07,524901
MQG,20180612,113.1,113.485,112.63,113.2,989596
MQG,20180613,113.3,113.8,113.05,113.8,595326
MQG,20180614,113.3,113.94,113,113.45,603888
MQG,20180615,113.95,117.35,113.95,117.19,1413072
MQG,20180618,117.52,117.64,115.73,116.4,569450
MQG,20180619,118.8,120.245,118.5,118.5,1252482
MQG,20180620,121,121.76,120.17,121.72,1245666
MQG,20180621,123.91,123.99,121.72,122.73,1258856
MQG,20180622,122.55,122.68,121.58,122.03,748663
MQG,20180625,122.22,122.73,121.21,122.59,805850
MQG,20180626,121.2,121.62,120,120.97,921512
MQG,20180627,121.48,122.72,121.45,122.21,750028
MQG,20180628,123,126.77,123,126.7,1562069
MQG,20180629,126.25,127,123.5,123.65,2725340
MQG,20180702,124.01,125,122.82,123.08,633112
MQG,20180703,124.24,124.78,122.73,123.1,825017
MQG,20180704,121.5,121.79,120.58,121.06,866181
MQG,20180705,121.75,122.98,121.69,122.45,596811
MQG,20180706,122.13,123.15,121.68,122.96,579259
MQG,20180710,124.35,124.475,122.5,122.52,676210
MQG,20180711,122.41,122.75,120.92,121.99,713701
MQG,20180712,122.5,123.06,121.7,122.58,738062
MQG,20180713,123,123.64,121.86,123.01,639501
MQG,20180716,123.58,124.28,121.93,122.52,566932
MQG,20180717,121,122.32,120.85,121.33,593212
MQG,20180718,122,124.1,121.87,124.1,721243
MQG,20180719,124.5,124.88,123.41,124.2,829666
MQG,20180720,124.37,125.38,124,125.24,663832
MQG,20180723,124.36,124.56,123.61,124,442432
MQG,20180724,125,125.69,124.17,125.63,493577
MQG,20180725,126.59,126.59,124.8,124.93,647328
MQG,20180726,120.14,122.25,119.11,121.7,1675791
MQG,20180727,122.25,124.53,121.15,124.02,2601346
MQG,20180730,123,123.23,122.165,122.99,508017
MQG,20180731,122.58,123.17,122.01,122.82,684006
MQG,20180801,122.82,122.99,121.7,122.23,669648
MQG,20180802,122.23,122.73,121.4,121.4,700749
MQG,20180803,122.29,122.3,121.02,121.62,493480
MQG,20180806,122.24,122.8,121.26,122.46,370395
MQG,20180807,122.46,123.36,122.46,122.85,633344
MQG,20180808,122.55,123.16,121.71,121.82,456967
MQG,20180809,122.38,123.06,121.49,122.61,623158
MQG,20180810,122.62,122.73,121.4,122.29,574184
MQG,20180813,121.69,122.85,121.51,122.48,548188
MQG,20180814,123,123.99,122.92,123.99,759074
MQG,20180816,125.5,126,123.13,124.74,768651
MQG,20180817,123.5,124.8,123.07,124.56,613365
MQG,20180820,125.24,125.54,123.81,124.57,572018
MQG,20180821,124.87,124.98,123.81,124.74,517070
MQG,20180822,123.87,124.6,123.51,124.3,384982
MQG,20180823,124,124.52,123.25,123.95,675881
MQG,20180824,124.58,126.15,124.335,125.32,664963
MQG,20180827,125,125.91,124.32,125.45,310214
MQG,20180828,125.6,126.78,124.56,124.56,621420
MQG,20180829,124.39,126.14,124.37,126.12,846508
MQG,20180830,126.67,128.66,125.5,128.46,931212
MQG,20180831,128.55,129.75,128.49,129.4,1677505
MQG,20180903,129.87,129.87,128.82,129.35,384498
MQG,20180904,129,129.2,127.9,128.37,384840
MQG,20180905,127.65,128.29,127.33,127.56,468822
MQG,20180906,126,126.6,124.3,124.52,796067
MQG,20180907,122.78,123.54,121.7,122.68,791260
MQG,20180910,122,122.92,121.55,122.64,584503
MQG,20180913,125.84,125.84,123.62,123.84,738996
MQG,20180914,123.84,124.89,123.59,124.43,678448
MQG,20180917,124.29,125.5,123.4,125.1,600026
MQG,20180918,124.37,125.4,124.075,124.22,584489
MQG,20180919,124.55,126.09,124.31,125.98,627331
MQG,20180920,125.17,127.39,124.63,126.61,1292835
MQG,20180921,127.5,128.22,127.17,127.85,1549697
MQG,20180924,127.33,127.45,126.42,126.88,693542
MQG,20180925,126.5,127.7,126.21,127.65,629173
MQG,20180926,127.18,127.63,126.11,126.89,638251
MQG,20180927,128.1,128.51,127.09,127.75,719174
MQG,20180928,128.3,129,126.04,126.04,1771784
MQG,20181001,125,126,123.62,124.57,543547
MQG,20181002,125,125.76,122.2,122.63,832827
MQG,20181003,122.61,123.8,121.95,122.38,583949
MQG,20181004,122.63,124.06,122.61,123.69,755251
MQG,20181005,122.85,125.88,122.8,125.27,829279
MQG,20181008,123.42,124.19,123.09,123.72,942959
MQG,20181009,123.4,124.15,122.39,122.56,1150369
MQG,20181010,122.5,123,121.77,122.91,594479
MQG,20181011,118.02,119.53,115.49,115.49,2007983
MQG,20181012,112.6,115.72,112.33,115.53,1935320
MQG,20181015,115,115.05,112.33,114.83,835934
MQG,20181016,114.45,115.3,113.83,114.45,876037
MQG,20181017,117.8,118.45,116.69,117.36,868540
MQG,20181018,118.91,118.92,115.27,116.28,925134
MQG,20181019,114.5,116.87,114.1,116.87,753192
MQG,20181022,115.8,116.27,114.19,114.96,934135
MQG,20181023,114.8,115.99,113.85,113.9,995652
MQG,20181024,113.64,114.74,113.31,113.73,745031
MQG,20181025,111.86,112.76,110.13,110.13,1387019
MQG,20181026,111.55,113.09,110.28,111.17,1998640
MQG,20181030,112.34,115.39,112.07,115.31,950311
MQG,20181031,117,117.66,115.91,117.2,1336854
MQG,20181101,116.51,117.88,116.34,117.87,1118438
MQG,20181102,121,122.62,119.56,122.42,2097747
MQG,20181105,124,124.47,121.72,121.72,961273
MQG,20181106,121.22,121.81,120.59,121.5,615454
MQG,20181107,121.12,122.1,119.57,120.81,964928
MQG,20181108,121.25,123.33,121.25,123.09,974127
MQG,20181109,122.23,124.7,122.15,123.64,825766
MQG,20181112,121.02,122.39,121.02,122.03,1192639
MQG,20181113,120.24,120.79,118.82,119.43,834010
MQG,20181114,119.36,120.235,118.25,118.75,1680612
MQG,20181115,118.99,119.18,117.85,118.81,862201
MQG,20181116,122.79,122.86,118.85,119,696431
MQG,20181119,117.36,118.68,115.76,116.23,877712
MQG,20181120,116.01,116.5,114.39,114.93,941371
MQG,20181121,112.77,113.27,111.69,112.77,1175503
MQG,20181122,113,114.2,112.45,114.2,807272
MQG,20181123,114.14,115.29,113.65,114.53,522888
MQG,20181126,113.21,114.59,112.6,113.46,683572
MQG,20181127,113.52,115.18,113.5,114.99,784533
MQG,20181128,115.49,115.76,114.68,115.04,635946
MQG,20181129,115.77,117.25,115.77,116.81,982203
MQG,20181130,116.1,116.22,114.08,114.42,2083457
MQG,20181203,116.35,118.06,116,117.61,714498
MQG,20181204,118,118.45,116.35,116.35,808495
MQG,20181205,114.42,114.42,111.65,113.41,1150821
MQG,20181206,112.9,113.59,111.32,112.05,913658
MQG,20181207,114.5,114.78,112.72,113.32,815670
MQG,20181210,111.74,112.31,109.545,109.89,1030214
MQG,20181211,110.21,111.6,109.12,109.77,711080
MQG,20181212,109.86,113.17,109.63,113.17,1172574
MQG,20181213,113.18,114.57,112.68,114,738241
MQG,20181214,114.16,114.18,112.15,113.18,954044
MQG,20181217,112.2,113.58,111.67,113.26,593819
MQG,20181218,111.36,111.91,110.4,110.63,1027491
MQG,20181219,110.51,111.5,109.32,109.91,862598
MQG,20181220,108.82,109.87,107.13,107.29,1582064
MQG,20181221,106.7,107.57,103.49,104.82,2953491
MQG,20181224,103.84,105.93,103.3,105.44,515822
MQG,20181227,107,108.09,105.61,106.04,759837
MQG,20181228,106,108.59,106,108.59,774497
MQG,20181231,109.15,109.63,108.24,108.65,397955
MQG,20190102,108.19,109.09,106.76,106.85,497113
MQG,20190103,106.85,110.56,106.74,109.83,927674
MQG,20190104,108.73,109.41,107.41,109.41,680663
MQG,20190107,111.5,111.64,110.45,110.57,560126
MQG,20190108,110.55,113.15,109.78,112.67,747179
MQG,20190109,113.54,114.115,112.73,113.98,754958
MQG,20190110,115.24,115.25,112.71,113.95,529886
MQG,20190111,114.25,114.48,113.16,113.21,469455
MQG,20190114,113.48,114.04,113.11,113.28,299426
MQG,20190115,114.5,115.14,114.07,114.98,535732
MQG,20190116,115.21,116.35,115.04,116,701639
MQG,20190117,118.35,118.35,116.74,117.18,763013
MQG,20190118,117.85,118.32,117.31,118.2,602853
MQG,20190121,118.51,119.4,117.68,117.68,407141
MQG,20190122,117.13,117.66,115.585,116.31,419524
MQG,20190123,115.5,116.67,114.51,116.29,518098
MQG,20190124,117.6,118.23,116.51,117.9,781681
MQG,20190125,118.55,118.55,117.27,117.81,1650274
MQG,20190129,118.02,118.31,116.36,116.45,456374
MQG,20190130,116.93,116.93,115.68,116.76,425208
MQG,20190131,117.13,117.42,116.41,116.48,714230
MQG,20190201,116,116.95,115.21,116.41,440252
MQG,20190204,116.75,117.01,115.7,116.7,535082
MQG,20190205,118,120.24,117.75,118.48,1123876
MQG,20190206,119,121.24,118.35,120.56,754185
MQG,20190207,121.5,123.5,121.15,123.09,852574
MQG,20190208,122.8,122.8,120.6,121.57,728086
MQG,20190211,122.1,122.85,120.95,121.98,431010
MQG,20190212,123.5,126.22,122.7,124.6,1124508
MQG,20190213,126.01,127.52,125.39,126.29,1143772
MQG,20190214,125.43,126.4,125.02,125.45,792849
MQG,20190215,125.08,125.25,123.7,124.22,851162
MQG,20190218,125.15,125.5,124.11,124.8,753300
MQG,20190219,124.43,126.195,124.43,126.16,537173
MQG,20190220,126.15,127,125.41,126,636048
MQG,20190221,126.48,128.4,125.57,127.97,990642
MQG,20190222,128.5,128.72,127.51,127.64,1849578
MQG,20190225,127.74,128.59,127.64,128.59,532879
MQG,20190226,128.2,128.32,126.28,127.25,588816
MQG,20190227,125.82,127.92,125.82,127.56,586467
MQG,20190228,127.01,128.64,127.01,128.64,786309
MQG,20190301,128.64,129.54,128.34,129.23,672086
MQG,20190304,129.99,130.88,129.68,129.9,466117
MQG,20190305,128.34,129.13,127.51,128.55,610023
MQG,20190306,128.25,129.69,127.93,129.64,616441
MQG,20190307,130,130.02,129.08,129.89,714364
MQG,20190308,129.2,129.725,128.48,128.5,809392
MQG,20190311,127.51,128.91,125.3,125.59,1121341
MQG,20190312,125.87,126.72,125.66,125.74,984914
MQG,20190313,125.05,126.26,124.95,125.57,959800
MQG,20190314,125.97,126.87,125.71,126.73,670833
MQG,20190315,127.5,128.25,126.8,127.74,2987991
MQG,20190318,128.39,129.11,128.1,128.78,420094
MQG,20190319,128.6,129.5,127.83,129.1,609223
MQG,20190320,128.01,128.995,127.65,128.76,649128
MQG,20190321,127.86,128.49,125.905,126.83,1184337
MQG,20190322,127.39,128.12,126.58,126.97,485455
MQG,20190325,125.5,126.12,124.84,126.12,759638
MQG,20190326,126,126.2,125.24,125.5,787947
MQG,20190327,125.03,126.8,124.9,126.58,659333
MQG,20190328,126.5,128.91,126.5,128.9,807913
MQG,20190329,128.97,130.5,128.34,129.42,1782802
MQG,20190401,129.9,130.98,129.45,130.62,550257
MQG,20190402,131.95,133.39,131.38,131.5,655839
MQG,20190403,132.74,133.2,131.97,132.8,793372
MQG,20190404,132.01,132.53,131.44,131.75,489809
MQG,20190405,131.02,131.86,129.93,130.7,565840
MQG,20190408,130.6,131.38,130.3,130.83,346109
MQG,20190409,130.85,130.94,129.65,130.39,684913
MQG,20190410,130.37,131.75,130.09,130.59,423278
MQG,20190411,131.18,131.23,129.86,130.54,418682
MQG,20190412,131.5,132.63,131.01,132,605114
MQG,20190415,133.19,133.19,132.06,132.37,528451
MQG,20190416,132,133.54,131.79,133.29,564626
MQG,20190417,134.17,134.93,133.51,133.76,391487
MQG,20190418,134.99,134.99,133.05,133.17,557861
MQG,20190423,134.15,134.71,133.65,134.5,680459
MQG,20190424,135.92,136.47,135.12,135.77,1621393
MQG,20190426,132.95,136.6,132.75,135.99,760122
MQG,20190429,135.6,135.6,134.44,134.54,570691
MQG,20190430,135.2,135.5,134.67,134.7,886242
MQG,20190501,134.26,135.95,134.21,135.32,652910
MQG,20190502,135.21,136.84,134.65,136.2,758644
MQG,20190503,127.01,129.5,126.63,128.81,2473250
MQG,20190506,126.8,127.39,125,125.62,1639051
MQG,20190507,125.53,125.91,124.69,124.89,1221371
MQG,20190508,123,124.5,122.95,124.03,1480990
MQG,20190509,123.31,124.56,123.28,124.37,1922123
MQG,20190510,125.07,125.48,123.85,124.63,1341024
MQG,20190513,121,121.05,119.54,120.16,1891860
MQG,20190514,118.66,119,117.31,117.5,1825652
MQG,20190515,117,119.98,116.77,119.11,1533307
MQG,20190516,120,120.32,118.42,119.34,1459781
MQG,20190517,120.37,120.64,119.58,119.93,1078137
MQG,20190520,123,123.21,120.75,121.98,1396175
MQG,20190521,122.03,123.29,121.26,123.14,1633192
MQG,20190522,123,123,121.54,121.59,1106570
MQG,20190523,121.5,122.04,120.1,121.71,1326065
MQG,20190524,121.48,121.705,120.47,120.77,834278
MQG,20190527,120.67,121.19,120.39,120.8,517884
MQG,20190528,121.8,122.69,121.16,122.57,796686
MQG,20190529,121.5,121.66,120.51,121.22,651886
MQG,20190530,120.34,120.885,120.21,120.43,809586
MQG,20190531,120.15,120.82,119.51,120.31,1280643
MQG,20190603,119.37,119.48,116,116,1301801
MQG,20190604,116.01,116.19,114.35,114.35,2029163
MQG,20190605,115.6,117.74,115.6,116.86,1461979
MQG,20190606,117.2,118.14,116.81,117.25,945434
MQG,20190607,118.03,119.4,117.57,119.21,889412
MQG,20190611,119.51,121.38,119.48,121.15,1329937
MQG,20190612,121,122.29,120.86,121,881590
MQG,20190613,121.99,122.57,121.28,122.16,743202
MQG,20190614,122.27,122.8,121.21,122.09,722358
MQG,20190617,121.95,124.06,121.41,123.38,970682
MQG,20190618,123.6,123.98,122.31,123.3,1525802
MQG,20190619,125,125.65,124.57,125.38,1456035
MQG,20190620,126.9,127.45,126,127.33,1479327
MQG,20190621,127.4,127.41,125.79,126,1717430
MQG,20190624,126.13,126.85,125.47,126.62,774312
MQG,20190625,126.01,127.09,125.75,126.31,628179
MQG,20190626,126.18,126.85,125.6,126.18,938485
MQG,20190627,125,126.37,124.91,125.7,835536
MQG,20190628,126.6,126.78,125.33,125.39,1625319
MQG,20190701,126.03,127.82,126.03,127.25,619755
MQG,20190702,127.41,128.35,126.91,127.12,812054
MQG,20190703,126.37,127.56,125.91,127.33,622285
MQG,20190704,127.38,129.07,127.35,128.89,539818
MQG,20190705,129.35,130.32,128.6,129.79,564818
MQG,20190708,130,130.3,128.15,128.52,586182
MQG,20190709,128,128.42,127.23,127.74,519475
MQG,20190710,127.79,128.85,127.4,128.01,448410
MQG,20190711,129,129,126.66,127.02,1696538
MQG,20190712,126.74,128.19,126.33,127.51,635774
MQG,20190715,126.46,127.34,126.03,126.91,471744
MQG,20190716,126.28,127.06,126.2,126.5,498355
MQG,20190717,126.98,128.3,126.28,128.21,586465
MQG,20190718,127.9,128,126.22,126.7,592570
MQG,20190719,126.72,127.84,126.17,127.29,424021
MQG,20190722,127.87,128.26,127.01,127.42,473140
MQG,20190723,128.09,129.24,127.93,128.88,743259
MQG,20190724,129.1,129.5,128.02,129.31,1302380
MQG,20190725,129.65,130.48,128.24,130.48,813255
MQG,20190726,128.97,129.41,128.3,128.68,1564264
MQG,20190729,128.9,130.26,128.89,129.71,814808
MQG,20190730,129.5,129.77,128.35,129.02,726832
MQG,20190731,128.43,130.1,128.4,128.79,991586
MQG,20190801,128.02,129.07,127.86,127.93,625696
MQG,20190802,127.5,127.5,125.45,126.01,886376
MQG,20190805,125.5,125.955,123.06,123.33,938516
MQG,20190806,119.49,120.3,119.01,119.57,1608957
MQG,20190807,120.59,120.98,119.05,120.69,1247233
MQG,20190808,120.47,122.5,119.27,122.38,1121243
MQG,20190809,122.45,123.11,122.25,122.78,651670
MQG,20190812,122,122.77,121.57,122.37,490574
MQG,20190813,121.49,121.49,119.51,120.8,913038
MQG,20190814,121.28,122.43,121.13,121.98,482076
MQG,20190815,119.33,119.33,117.92,118,1383470
MQG,20190816,117.82,118.84,117.82,118.54,569355
MQG,20190819,120.5,122.39,120.14,122.22,955409
MQG,20190820,122.26,123.54,122.08,123.38,825250
MQG,20190821,122.56,124.545,121.84,123.93,768898
MQG,20190822,124.99,124.99,123.93,124.51,542505
MQG,20190823,124.12,124.99,123.23,124.79,611072
MQG,20190826,121.1,122.12,120.01,122.06,926316
MQG,20190827,122.33,124.09,122.13,123.51,830958
MQG,20190828,123.51,123.51,123.51,123.51,0
MQG,20190829,122,123.24,121.9,122.53,1186977
MQG,20190830,123.8,124.25,123.5,123.84,1606962
MQG,20190902,123.5,124,122.97,123.5,579774
MQG,20190903,123.5,124.32,122.92,123.5,446083
MQG,20190904,122.1,122.98,121.65,122.94,799665
MQG,20190905,123.69,125.3,123.19,125.26,755803
MQG,20190906,125.5,127.74,125.5,127.08,952334
MQG,20190909,126.72,127.74,126.39,127.72,710158
MQG,20190910,126.53,127.71,126.5,127.52,876366
MQG,20190911,127.8,128.88,127.61,128.5,1053262
MQG,20190912,128.87,129.2,128.31,128.5,887854
MQG,20190913,129,129.29,128.44,129.29,700767
MQG,20190916,128.41,129.75,128.32,129.43,974908
MQG,20190917,129.05,129.3,128.1,128.81,850335
MQG,20190918,128,129,127.92,128.74,872645
MQG,20190919,130.15,131.77,129.81,131.77,2682725
MQG,20190920,131.78,133.085,130.99,131.05,1405612
MQG,20190923,131.86,132.31,130.4,131.37,671188
MQG,20190924,131.61,132.75,131.09,132.13,924252
MQG,20190925,130.05,132.75,130.05,131.93,780964
MQG,20190926,132.35,132.62,130.91,132.01,698741
MQG,20190927,131.97,132.58,131.37,132.09,1495537
MQG,20190930,132.15,132.47,131.08,131.08,594031
MQG,20191001,131,131.99,130.82,131.99,533950
MQG,20191002,130.3,130.535,129.52,129.85,691747
MQG,20191003,126.71,126.81,125.56,126.27,1254647
MQG,20191004,126.97,127.24,125.84,126.44,561992
MQG,20191007,126.54,126.7,125.54,125.81,697567
MQG,20191008,126.99,127.18,126.31,126.58,873589
MQG,20191009,125.51,125.87,124.02,125.41,892170
MQG,20191010,125.77,127.13,125.35,126.63,754860
MQG,20191011,127.51,129.44,127.29,129.39,1014269
MQG,20191014,130.5,131.63,130.5,131.24,800918
MQG,20191015,131.34,132.63,131.07,132.17,626538
MQG,20191016,132.5,134.43,132.5,134.27,870171
MQG,20191017,134.2,134.68,133.34,133.65,818316
MQG,20191018,133.49,134.29,133.01,133.82,900498
MQG,20191021,132.8,133.32,132.35,133.14,599077
MQG,20191022,133,133.53,132.44,132.89,386095
MQG,20191023,132.5,132.88,131.435,132.01,547186
MQG,20191024,133.34,134.08,132.88,133.87,872085
MQG,20191025,134.7,135.2,134.31,134.98,1302754
MQG,20191028,134.9,135.99,134.8,135.39,586000
MQG,20191029,136,136.65,135.46,135.98,615661
MQG,20191030,135.5,135.9,133.66,133.95,612553
MQG,20191031,134,134.86,133.08,133.92,621606
MQG,20191101,134.27,134.77,130.91,134.38,1103117
MQG,20191104,135.12,135.4,133.59,134.6,831263
MQG,20191105,134.96,136.5,134.95,136.27,782832
MQG,20191106,136.83,138.07,135.21,135.45,817130
MQG,20191107,136,136.96,135.28,136.61,746301
MQG,20191108,136.81,137.84,136.81,137.74,788573
MQG,20191111,135.39,136.88,135.32,136.24,1257005
MQG,20191112,137,137.3,135.3,136.72,696543
MQG,20191113,136.07,137,135.8,136.35,713153
MQG,20191114,136.15,137.67,136.01,136.89,747851
MQG,20191115,136.89,138.59,136.69,137.96,520542
MQG,20191118,137.29,137.71,136.02,136.65,430763
MQG,20191119,136.64,137.81,136.21,137.81,610911
MQG,20191120,136.23,136.88,134.61,135.03,931537
MQG,20191121,134.21,136.1,134.15,134.42,981501
MQG,20191122,134,135.83,133.89,134.88,983953
MQG,20191125,134.9,135.95,134.5,135.3,571818
MQG,20191126,136.14,136.68,135.725,136.3,787868
MQG,20191127,135.17,137.36,135.11,137.36,637842
MQG,20191128,137,138.53,137,138.05,653705
MQG,20191129,138,138.8,137.855,138.05,1040035
MQG,20191202,137.86,139.1,137.86,138.16,658339
MQG,20191203,136.8,136.97,134.26,134.77,1113338
MQG,20191204,133.16,133.45,131.61,132.5,1066451
MQG,20191205,133.74,134.45,133.3,133.56,698642
MQG,20191206,133.8,135.36,133.69,135.1,580585
MQG,20191209,135.78,136.18,134.44,135.73,427779
MQG,20191210,135.8,136.1,134.84,135.38,541565
MQG,20191211,136.1,136.2,134.24,135.5,708107
MQG,20191212,134.27,134.81,133.23,134.12,720224
MQG,20191213,135.55,136.88,135.55,136.31,661705
MQG,20191216,136.14,138.99,136.07,138.65,790806
MQG,20191217,138,138.93,137.78,138.1,713272
MQG,20191218,137.05,138.15,137.05,137.76,898304
MQG,20191219,139.51,140.17,138.695,140.01,1595305
MQG,20191220,140.02,140.74,139.32,140.25,2129603
MQG,20191223,139.99,140,138.7,139,465241
MQG,20191224,139,139.22,138.21,139.22,263017
MQG,20191227,140,140.43,139.06,140.23,550316
MQG,20191230,140.11,140.19,137.69,139.07,463857
MQG,20191231,137.58,138.37,137.51,137.85,517833
MQG,20200102,137.2,138.18,136.87,137.53,314968
MQG,20200103,139.75,140.26,138.37,138.37,475051
MQG,20200106,137.3,137.85,136.72,137.63,465385
MQG,20200107,139.1,139.9,138.58,139.51,524822
MQG,20200108,139.46,139.79,136.68,138.5,690982
MQG,20200109,139.62,140.19,138.95,139.13,650919
MQG,20200113,139.25,139.75,138.69,139.5,451543
MQG,20200114,140.1,141.33,140.1,141.13,739250
MQG,20200115,141.5,141.67,140.65,141.51,598295
MQG,20200116,142.18,143.48,141.73,143.47,699778
MQG,20200117,144.66,145.46,144.14,144.14,599485
MQG,20200120,144.89,145.57,144.52,144.98,541545
MQG,20200121,145.02,145.28,143.59,144.01,616415
MQG,20200122,143.6,146.64,143.51,145.86,615007
MQG,20200123,146.1,146.18,145,145,756611
MQG,20200124,146.49,146.84,145.82,145.86,576151
MQG,20200128,142.9,143.46,141.98,143.01,898526
MQG,20200129,143.55,144.62,143.17,144.6,751773
MQG,20200130,144.24,145.97,143.96,145.72,1055298
MQG,20200203,142,142,140.425,141.85,969480
MQG,20200204,142.15,143.19,142.015,143.04,413307
MQG,20200205,144.99,145.11,144.07,144.67,524205
MQG,20200210,147.37,147.55,145.93,146.34,607588
MQG,20200211,145,145.99,144.67,145.53,685960
MQG,20200212,148.09,148.9,147.42,148.26,1097617
MQG,20200213,148.2,149.48,147.74,149.31,759319
MQG,20200214,148.73,149.3,148.51,148.58,698635
MQG,20200217,148,149.07,147.73,148.72,380174
MQG,20200218,148.61,149.28,148.19,149.14,491199
MQG,20200219,148.75,150.82,148.57,150.78,532959
MQG,20200220,151.46,152.35,150.38,151.77,628196
MQG,20200221,150.99,151.75,150.71,151.34,687465
MQG,20200224,149.17,149.28,145.47,145.69,1015909
MQG,20200225,141.61,145.6,141.01,144.75,1269473
MQG,20200226,142.64,142.99,140.77,141.29,1257887
MQG,20200227,140.03,141.55,139,139.42,1325202
MQG,20200228,135,136.71,133.72,134.83,3936105
MQG,20200302,132.85,134.75,130.5,134,1655795
MQG,20200303,138.01,139,135.96,135.96,1269326
MQG,20200304,134.9,135.39,132.94,132.94,1425298
MQG,20200305,136,137.56,135.73,137.53,1264067
MQG,20200306,135.19,135.94,131.72,131.93,1205177
MQG,20200309,120,125.12,118.71,121.5,2437991
MQG,20200310,115.83,126.55,115.67,126.55,2375308
MQG,20200311,127.85,128.93,120.9,120.9,1709299
MQG,20200312,116.6,120.67,111.78,111.78,2665345
MQG,20200313,103.39,116.48,99.62,116.48,3607754
MQG,20200316,110.5,110.5,102.5,102.5,2597823
MQG,20200317,98.28,106.2,96.77,104.49,3250118
MQG,20200318,104.64,105,89.3,91.05,3659637
MQG,20200319,91.15,94.76,77.35,79.3,4643788
MQG,20200320,85,93.3,81.95,85.06,3246843
MQG,20200323,79,79.11,70.45,72.02,3873653
MQG,20200324,74.48,79.9,72.59,79.9,2855961
MQG,20200325,90,90.49,80.8,84.52,3522488
MQG,20200326,86,86.75,83.34,85.15,2571100
MQG,20200327,89.5,90,80,80.01,3960257
MQG,20200330,80.07,85.74,80.06,85.65,2765712
MQG,20200331,91.4,91.97,85.08,85.75,2740951
MQG,20200401,88.9,90.5,87.3,89.34,1727367
MQG,20200402,86.5,88.97,84.03,88.06,1471072
MQG,20200403,89,91.58,82.73,84.3,2088593
MQG,20200406,85.56,92.1,85.5,92,1544826
MQG,20200407,95.1,96.9,90.42,92.45,1649183
MQG,20200408,89.7,95.7,88.13,92.89,2098452
MQG,20200409,96,99.5,95.17,99.5,1706318
MQG,20200414,99.6,102,96.85,101.81,2214582
MQG,20200415,102.86,105.23,100.04,100.96,1937178
MQG,20200416,98.32,100.02,97.12,99,2289965
MQG,20200417,101.8,103.65,100.02,100.41,1727282
MQG,20200420,100.4,103.2,100.1,100.17,1444536
MQG,20200421,99.88,100.99,98.1,98.4,1174167
MQG,20200422,97.48,98.54,95.22,97.9,1529107
MQG,20200423,98.9,99.06,95.7,96.96,1358678
MQG,20200424,95.67,96.66,95.01,95.01,2468855
MQG,20200427,95.25,99.2,94.84,99,1285151
MQG,20200428,99.2,100.49,96.87,97.74,1110060
MQG,20200429,98.01,100.1,98,100.1,872390
MQG,20200430,102.94,103.72,101.1,102.66,1974468
MQG,20200501,100.98,100.98,96.92,96.92,1595910
MQG,20200504,96,97.86,93.62,97.23,1914362
MQG,20200505,98.03,100.58,98.03,100.24,1137653
MQG,20200506,100.2,100.39,98.43,99.45,867956
MQG,20200507,98.9,100.54,97.91,99.55,831511
MQG,20200508,98.55,106.2,98,105.19,2231108
MQG,20200511,106.89,112.45,106.7,111.54,2258529
MQG,20200512,109.3,110.06,106.4,107.01,1870512
MQG,20200513,104.41,106.48,102.1,106.39,1992208
MQG,20200514,103.2,105.44,103.1,103.16,1491305
MQG,20200515,105.21,106.33,104.31,105.08,1192080
MQG,20200518,102.28,103.78,101.55,102.2,2015816
MQG,20200519,104.21,106.31,103.9,105.81,2367653
MQG,20200520,103.88,105.06,102.66,104.66,1221032
MQG,20200521,106.17,106.64,103.96,103.96,1022575
MQG,20200522,104,105,102.45,102.62,942899
MQG,20200525,103.51,106.17,103.5,106.17,1344963
MQG,20200526,106.31,108.71,105.75,108.71,1329710
MQG,20200527,108.45,113.45,107.03,110.95,2494714
MQG,20200528,113.84,115.22,112.17,112.71,1632134
MQG,20200529,111.06,111.87,109.84,109.97,2737262
MQG,20200601,108.81,111.09,107.19,110.49,1091124
MQG,20200602,111.8,113.67,111.01,113.31,1263704
MQG,20200603,114.47,116.43,114.33,116.1,1397108
MQG,20200604,118.01,119.6,115.81,117.51,2200003
MQG,20200605,117.5,118.69,117.41,118,1227849
MQG,20200609,120.93,124.83,120.9,124.4,1956523
MQG,20200610,121.48,124.13,121.48,124,1087439
MQG,20200611,121.18,122.08,118.45,118.45,1470362
MQG,20200612,112.27,116.21,111.25,115.6,1948813
MQG,20200615,115.29,117.41,113.24,113.24,1361862
MQG,20200616,117.28,121.17,116.85,120.34,1766442
MQG,20200617,120.99,121.21,118.43,121,1164359
MQG,20200618,120.33,121.1,118.27,119.78,1784266
MQG,20200619,121.03,122.6,119.97,121.53,2293749
MQG,20200622,119.64,121.38,118.88,120.61,834526
MQG,20200623,121.35,122.85,119.08,121.57,1088120
MQG,20200624,121.57,122.75,121.26,121.59,804142
MQG,20200625,119,120.59,117.19,117.19,1699330
MQG,20200626,118.03,120.7,117.58,119.19,2218401
MQG,20200629,115.62,117.42,114.5,116.43,1316399
MQG,20200630,118.3,119.82,117.89,118.6,1421941
MQG,20200701,118,121.18,117.66,120.74,1331715
MQG,20200702,120.52,122.3,119.6,121.96,1122340
MQG,20200703,122.75,123.16,120.35,122.02,717238
MQG,20200706,122,124.67,121.5,123.82,1018346
MQG,20200707,124.3,124.97,122.58,122.8,890740
MQG,20200708,121.5,122.8,121.03,121.63,896064
MQG,20200709,122.5,123.1,121.43,121.67,702422
MQG,20200710,120.55,121.59,118.91,119.8,945395
MQG,20200713,122.12,123.31,121,122.15,941409
MQG,20200714,120.51,122.6,120.45,121.5,667546
MQG,20200715,122,124.17,122,123.81,989161
MQG,20200716,124.89,125,123.81,124.74,1122368
MQG,20200717,124.84,125.98,124.24,125.18,1608215
MQG,20200720,125.26,125.62,124.06,124.38,714938
MQG,20200721,125.07,128.63,124.75,127.84,944136
MQG,20200722,127,128.14,126.51,126.8,627533
MQG,20200723,126.6,127.6,125.8,126.61,617437
MQG,20200724,125.68,126.3,124.85,125.79,502055
MQG,20200727,125.01,126.97,124.9,126.6,547499
MQG,20200728,126.63,127.83,124.18,124.57,965786
MQG,20200729,124.6,125.97,124.4,124.98,766657
MQG,20200730,125.82,127.92,125.22,126,1047505
MQG,20200731,124.01,125,122.55,123.49,1392431
MQG,20200803,122.38,123.39,121.265,121.99,814356
MQG,20200804,123.8,125.88,123.63,125.24,998476
MQG,20200805,123.6,125.08,123.59,124.44,611664
MQG,20200806,124.92,126.27,124.21,124.92,634390
MQG,20200807,123.51,125.165,123.51,124.68,521738
MQG,20200810,125.63,127.38,125.26,126.42,730668
MQG,20200811,126.53,127.99,126.21,126.21,805370
MQG,20200812,127.42,128.25,126,126.93,583264
MQG,20200813,127.16,127.88,125.48,125.76,741335
MQG,20200814,125.68,126.96,125.58,126.18,606618
MQG,20200817,125.38,127.26,125.25,126.69,780991
MQG,20200818,126.77,128.095,126.02,127.62,871853
MQG,20200819,127.1,129.24,127.05,128.08,741576
MQG,20200820,127.25,129.73,127.13,129.5,965027
MQG,20200821,129.9,130.24,127.31,127.43,1764535
MQG,20200824,127.37,128.495,127.05,127.73,494009
MQG,20200825,129.29,130.99,128.66,128.96,905546
MQG,20200826,128.5,129.64,127.63,129.34,600681
MQG,20200827,129.34,130.33,128.82,128.91,823974
MQG,20200828,128.8,129.84,127.72,128.24,661877
MQG,20200831,128,129.41,127.7,127.7,688587
MQG,20200901,127.18,127.69,124.02,125.64,1004774
MQG,20200902,125.17,127.97,125,127.7,863947
MQG,20200903,129.2,131.75,128.56,130.2,1126204
MQG,20200904,127.67,127.9,125.77,126.2,800013
MQG,20200907,125.5,127.56,124.31,126.76,584994
MQG,20200908,127.74,128.9,127.28,128.14,613138
MQG,20200909,125.5,126.93,125.01,126,768182
MQG,20200910,127.88,128.45,126.56,127.39,661728
MQG,20200911,126.75,127.75,125.86,126.1,579566
MQG,20200914,120,121.8,118.87,120.2,1811497
MQG,20200915,120.39,120.855,118.36,118.69,1542376
MQG,20200916,119.5,120.19,118.9,119.62,1465970
MQG,20200917,119.48,120.35,119.11,119.63,1013690
MQG,20200918,120.35,123.21,120.26,122.56,2814032
MQG,20200921,122.46,122.52,120.53,121.14,878835
MQG,20200922,120.26,120.61,119.35,120,831263
MQG,20200923,121.35,122.69,120.55,122.23,918834
MQG,20200924,120.68,121.93,119.65,121.73,904651
MQG,20200925,122.13,123,121.18,121.67,761165
MQG,20200928,121.79,123.04,121.14,121.68,523584
MQG,20200929,122.3,124.41,121.96,122.42,724392
MQG,20200930,121.18,121.93,119.57,119.57,1046507
MQG,20201001,119.83,121.35,119.83,120.41,542000
MQG,20201002,119.7,120.91,118.68,119.1,620248
MQG,20201005,120.51,122.65,120.51,122.65,508417
MQG,20201006,123.02,123.4,121.83,123.4,569462
MQG,20201007,123.45,127.25,122.99,126.92,887353
MQG,20201008,127.99,130.3,127.8,129.43,832842
MQG,20201009,129.89,130.73,129.33,129.77,481818
MQG,20201012,129,129.88,128.36,129.61,384678
MQG,20201013,131.05,131.85,130.67,130.97,545287
MQG,20201014,130.2,131.6,130.2,131.18,599895
MQG,20201015,131.77,133.13,131.26,132.57,712218
MQG,20201016,132.75,134.87,132.68,134.34,1222363
MQG,20201019,134.59,136.74,134.5,136.04,570923
MQG,20201020,135.5,137.48,134.3,134.8,627028
MQG,20201021,134.52,136.4,134.45,136.13,648061
MQG,20201022,134.8,136.53,134.74,136.08,856658
MQG,20201023,136.76,137.34,136.18,136.18,977932
MQG,20201026,135.78,136.7,135.25,136.45,834918
MQG,20201027,134.95,136.28,134.65,135.17,506679
MQG,20201028,133.6,133.94,131.23,131.55,842701
MQG,20201029,127.54,128.79,126.75,127.84,1105605
MQG,20201030,127.63,128.79,126.75,126.75,905075
MQG,20201102,126.32,127.77,125.56,127.37,753535
MQG,20201103,128.1,131.95,128,130.83,813323
MQG,20201104,131.11,134.56,130.45,132.87,788080
MQG,20201105,132.32,133.53,131.31,132.45,871820
MQG,20201106,133,136.45,132.61,135.45,1057587
MQG,20201109,135.45,136.88,133.96,136.44,1095285
MQG,20201110,140,143.98,138.38,139.18,1485216
MQG,20201111,139.86,143,139.86,142.04,1043904
MQG,20201112,142.98,143.37,140.25,141.02,849685
MQG,20201113,140,142.06,139.75,141.17,810186
MQG,20201116,141.1,141.48,140,140.43,492426
MQG,20201117,140.88,141.29,139.42,139.68,1263305
MQG,20201118,139.1,140.04,138.06,139.18,957523
MQG,20201120,137,137.71,136.18,136.67,1616572
MQG,20201123,136.87,141.31,136.87,139.7,669995
MQG,20201124,137.21,140.21,137.21,139.61,787813
MQG,20201125,139.78,141.725,139.64,141.04,853338
MQG,20201126,140.23,140.5,137.93,138.27,1083694
MQG,20201127,137.78,138.69,136.95,137.49,587647
MQG,20201130,138.51,140.69,137.83,138.67,2137435
MQG,20201201,138.05,142.14,138.05,140.19,1041883
MQG,20201202,139.49,140.05,137.01,138.34,1021513
MQG,20201203,137.69,139.08,137.34,138.6,732974
MQG,20201204,139.55,142.48,139.24,141.82,982591
MQG,20201207,142.25,142.54,139.54,140.95,580787
MQG,20201208,140,141.42,140,141.03,642305
MQG,20201209,141.46,141.46,139.7,139.77,609625
MQG,20201210,141.22,141.46,139.03,139.15,796169
MQG,20201211,138.2,138.9,137.58,138.08,617112
MQG,20201214,138.5,139.75,137.73,137.8,465493
MQG,20201215,137.84,138.25,137.14,137.53,513104
MQG,20201216,139.01,139.68,138.21,138.42,654168
MQG,20201217,139.41,141.58,139.11,141.58,1102187
MQG,20201218,141.79,141.79,137.85,137.96,1888978
MQG,20201221,137.75,138.37,136.86,137.65,436257
MQG,20201222,137.5,137.58,136.32,137.25,562542
MQG,20201224,138.88,138.88,138.88,138.88,0
MQG,20201229,140.71,141.2,140.12,140.52,271306
MQG,20201230,140,140.49,139.03,140.49,316483
MQG,20201231,140.25,140.82,138.48,138.48,276778
MQG,20210104,138.54,140.25,138.31,140,322772
MQG,20210105,138.65,139.92,138.11,139.11,561645
MQG,20210106,138.16,138.8,135.17,135.82,941241
MQG,20210107,139.05,139.99,137.17,138.45,835990
MQG,20210108,139.69,140.95,139.5,140.95,720712
MQG,20210111,141,142.37,139.72,140.01,507226
MQG,20210112,140.01,140.8,138.79,138.79,583707
MQG,20210113,138,138.26,136.91,136.96,896126
MQG,20210114,136.01,138.66,136.01,138.3,559640
MQG,20210115,137.75,138.58,137.33,137.33,348915
MQG,20210118,136.96,137.5,136.28,136.65,315774
MQG,20210119,136.91,139.79,136.75,138.83,661123
MQG,20210120,138.59,139.44,138.11,138.44,521443
MQG,20210121,138.67,140.3,138.36,139.45,639105
MQG,20210122,138.94,138.94,136.835,137.1,911458
MQG,20210125,137.01,137.535,136.3,137.08,452782
MQG,20210127,136,136.45,135.54,135.64,849034
MQG,20210128,135,135.14,132.13,133.4,1070049
MQG,20210129,134.67,135.29,130.38,131.4,1179071
MQG,20210201,129.23,132.71,126.51,132.13,790884
MQG,20210203,135.9,136.37,134.36,135.11,613779
MQG,20210204,136.07,136.27,134.175,134.7,447851
MQG,20210205,135.97,136.26,134.46,134.52,588989
MQG,20210208,134.52,135.14,133.19,134.25,846484
MQG,20210209,143,144.9,141.8,143.14,2330170
MQG,20210210,144.5,148.38,144.3,147.37,1242832
MQG,20210211,145.7,146.92,145.13,146.21,530758
MQG,20210212,145.3,146,143.6,144.28,443579
MQG,20210215,144.7,146.08,144.52,145.38,386940
MQG,20210216,146.5,147.33,145.96,146.99,570368
MQG,20210217,146.42,147.44,145.12,145.67,696972
MQG,20210218,146.3,146.67,144.32,145.56,694978
MQG,20210219,144.35,144.68,141.02,142.26,1104038
MQG,20210222,147.02,148.39,145.92,147.15,1101008
MQG,20210223,148.5,149,145.93,148.37,709526
MQG,20210224,147.31,147.9,145.425,146.9,741019
MQG,20210225,146.31,147.56,145.32,145.32,824927
MQG,20210226,143.2,143.92,140.83,142.48,1085501
MQG,20210301,143.03,145.53,142.97,145.35,762056
MQG,20210302,146.8,148.15,146.36,146.84,771521
MQG,20210303,145.94,147.74,144.89,147.74,526410
MQG,20210304,147.07,148.34,145.01,146.43,889435
MQG,20210305,145.78,146.64,142.26,144.2,1038942
MQG,20210308,146.85,148.81,146.57,148.45,851562
MQG,20210309,150,152.89,150,152.05,1163892
MQG,20210310,153,153.5,149.82,150.36,606044
MQG,20210311,153,153.5,149.82,150.36,606044
MQG,20210312,149.83,150.77,149.02,149.6,433121
MQG,20210315,149,150.45,148.36,149.74,390229
MQG,20210316,150.28,151.88,149.38,151.06,727445
MQG,20210317,151.4,151.89,149.28,151.36,515211
MQG,20210318,150.3,152.52,149.83,151.44,1036767
MQG,20210319,150.65,150.65,148.5,148.8,2172434
MQG,20210322,148.53,151.53,148.25,150.91,529256
MQG,20210323,150.32,151.64,150.02,151.02,453825
MQG,20210324,151.49,152.35,150.86,151.51,673309
MQG,20210325,150.8,153.17,150.66,152.77,480073
MQG,20210329,154.1,155.4,150.6,151.46,715642
MQG,20210330,151.46,152.62,150.54,150.56,392520
MQG,20210331,151.99,154.46,151,152.83,643897
MQG,20210401,151.4,152.4,150.54,152.12,420122
MQG,20210406,153.61,153.88,151.8,152.18,468274
MQG,20210407,151.01,151.91,150.04,151.69,748971
MQG,20210408,152.49,154.5,151.23,153.61,611826
MQG,20210409,153.65,155.94,152.74,154.8,528540
MQG,20210412,153.94,154.26,152.32,153.92,489014
MQG,20210413,154,154.97,153.54,154.25,375561
MQG,20210414,154.2,155.94,153.58,155.31,435460
MQG,20210415,155.31,158.2,154.37,157.85,831298
MQG,20210416,157.01,157.38,155.19,156.25,1369510
MQG,20210419,156.89,158.05,155.86,157.28,342400
MQG,20210420,156.61,156.94,155.46,156,410416
MQG,20210421,153.18,155.84,151.15,155.84,847312
MQG,20210422,156,156.84,154.74,156.4,533371
MQG,20210423,156.19,158.5,156.05,158.45,498242
MQG,20210426,159.5,159.64,157.49,158.24,424117
MQG,20210427,158,159,157.18,158.85,515954
MQG,20210428,159.63,161.48,158.34,160.88,742411
MQG,20210429,161.5,162.06,160.36,160.52,491582
MQG,20210430,160.8,161.2,159.68,160.49,478711
MQG,20210503,160.67,161.43,159.4,160.19,426212
MQG,20210504,160.18,160.53,159.58,160.28,370896
MQG,20210505,160.11,161.79,159.55,161.11,400890
MQG,20210506,160.72,161.72,158.48,159,535161
MQG,20210507,159,160.31,157.145,158.45,670865
MQG,20210510,157.62,159.58,157.25,158.21,667334
MQG,20210511,157.46,158.5,154.55,155.94,1015366
MQG,20210512,154.5,156.35,153.1,154.26,831299
MQG,20210513,154.16,155.835,153.25,154.86,645347
MQG,20210514,156.26,159.32,156.2,158.34,719472
MQG,20210517,154.1,155.66,150.47,150.59,1862266
MQG,20210518,149.59,154.5,149.5,154.13,1030281
MQG,20210519,150.05,151.45,149.12,149.97,921396
MQG,20210520,149,151.23,148.61,150.36,801324
MQG,20210521,150.16,152.01,149.55,151.28,849849
MQG,20210524,149.59,149.89,147.6,149.17,820014
MQG,20210525,148.5,152.98,148,152.92,891769
MQG,20210526,150.69,153.8,150.32,152.61,751448
MQG,20210527,151.92,152.43,150.73,151.77,852056
MQG,20210528,151.77,154.2,151.56,152.47,970754
MQG,20210531,152.16,153.07,151.64,151.93,652573
MQG,20210601,151.61,151.775,150.12,150.38,527253
MQG,20210602,150.65,152.23,149.89,151.99,699334
MQG,20210603,151.15,152.7,150.5,152.44,674573
MQG,20210604,152.56,154.87,151.54,154,873579
MQG,20210607,154.01,154.48,152.81,153.34,334314
MQG,20210609,150.51,152.32,150.32,151.41,654847
MQG,20210610,150.52,153.21,150.25,152.51,730271
MQG,20210611,150.53,152.82,150.53,151.56,564357
MQG,20210615,152.26,154.69,152.02,153.88,666470
MQG,20210616,155.01,155.45,153.94,154.97,605822
MQG,20210617,155,155.61,153.28,154.02,894531
MQG,20210618,153.09,155.48,152.55,154.26,1712248
MQG,20210621,152,152.23,149.01,150.9,748152
MQG,20210622,153.34,154.4,152.57,153.56,598236
MQG,20210623,153.68,153.86,152.42,153.4,551813
MQG,20210625,154.25,156.38,153.98,154.93,804436
MQG,20210628,155.5,155.5,154.43,154.9,328119
MQG,20210629,153.9,155.74,153.9,155.5,462778
MQG,20210630,157,158.6,156.11,156.43,522638
MQG,20210701,156.67,156.93,154.68,154.73,425053
MQG,20210705,156.34,157.26,156.05,156.96,391109
MQG,20210706,157.01,157.71,155.27,155.8,666084
MQG,20210707,155.42,156.82,155.08,156.46,425941
MQG,20210708,157.03,157.87,156.2,157.17,393519
MQG,20210709,155.76,156.99,152.76,154.19,952675
MQG,20210712,156.11,156.15,155.01,155.59,410376
MQG,20210714,155.78,155.79,154.355,155.02,595732
MQG,20210715,155.2,155.95,153.21,153.71,807775
MQG,20210716,153.5,155.63,153.4,155.49,888594
MQG,20210719,153.71,154.23,152.85,153.71,331560
MQG,20210720,151.56,153.98,151.05,153.21,647048
MQG,20210723,157.02,157.7,156.39,157.7,448430
MQG,20210726,158,159.21,157.7,158.88,660371
MQG,20210727,159,159.68,157.29,157.78,569958
MQG,20210728,157.72,158.75,156.51,156.68,453754
MQG,20210729,156.6,157.58,155.83,157.13,480253
MQG,20210730,157.1,157.75,155.83,156.9,545933
MQG,20210802,156.95,158.49,156.28,157.8,452206
MQG,20210803,157,157.8,155.23,156.06,541512
MQG,20210804,156,156.27,154.82,155.61,615320
MQG,20210805,155.87,157.33,155.5,157.07,690358
MQG,20210806,156.63,157.82,156.29,157.78,558079
MQG,20210809,158.62,160.155,158.61,158.75,648307
MQG,20210810,159.14,159.87,158.17,159.1,437067
MQG,20210811,159.12,160,159,159.97,584453
MQG,20210812,160.77,163.655,160.7,163.13,976433
MQG,20210813,163.76,164.89,163.54,164.48,501995
MQG,20210819,162.97,165.49,162.79,164.98,624505
MQG,20210820,165.88,166.36,163.28,163.57,1235053
MQG,20210823,163.83,164.49,162.98,164.13,301551
MQG,20210824,164.8,165.39,163.9,165,328677
MQG,20210825,166.46,166.66,163.41,164.41,425867
MQG,20210826,165,165.36,163.65,164.36,402606
MQG,20210827,164,166.06,164,165.6,484378
MQG,20210830,166.2,166.49,165.02,165.99,466555
MQG,20210831,165.88,167.62,165.34,166.74,716315
MQG,20210901,165.65,167.04,165.05,166.8,410609
MQG,20210902,167.49,168.5,166.37,168.05,534401
MQG,20210903,168.48,169.77,168.18,169.18,478487
MQG,20210906,167.6,170.1,167.6,170.1,663241
MQG,20210907,170.2,171.16,169.57,171.1,525116
MQG,20210908,180.16,182.66,178.15,179.13,1281376
MQG,20210909,178.18,179,174.31,175.34,851451
MQG,20210910,176.38,176.94,173.34,174.23,697241
MQG,20210913,172.37,175.2,172.32,175.06,532082
MQG,20210914,175.95,179.25,174.85,178.31,662331
MQG,20210915,177.07,178.89,175.2,178.01,740636
MQG,20210916,178.77,181.6,178.73,180.2,676039
MQG,20210917,180,180.4,178.76,180.17,2173823
MQG,20210920,177.56,177.6,173.05,173.69,757861
MQG,20210922,170.31,174.17,169.93,172.58,589230
MQG,20210923,174.8,177.55,174.04,177.08,621607
MQG,20210924,178.36,178.86,176.72,178.6,588488
MQG,20210927,179.2,181.6,179,180.78,598173
MQG,20210928,180,181.6,179.1,181.07,491578
MQG,20210929,179.07,179.83,176.89,177.97,713454
MQG,20210930,179.41,182.24,179.41,182,752144
MQG,20211001,178.29,179.24,175.395,176.7,934287
MQG,20211004,178.88,179.87,177.04,178.12,383409
MQG,20211005,178.49,178.98,177.61,178.42,488148
MQG,20211006,179.51,181.35,176.74,177.71,608530
MQG,20211007,178.82,181.43,178.24,180.66,643311
MQG,20211008,182.01,183.71,181.75,182.28,586133
MQG,20211011,182,182.76,180.8,181.38,218388
MQG,20211012,182,182.76,180.8,181.52,365453
MQG,20211013,182.53,184.31,181.87,184,404174
MQG,20211014,185,185.06,182.52,182.87,410383
MQG,20211019,191.96,193.88,191.06,192.2,763658
MQG,20211020,193.51,196.59,192.6,196,1005933
MQG,20211021,196.8,198.8,196.8,197.84,987899
MQG,20211022,197.6,199.14,195.99,199.06,1347436
MQG,20211025,201.8,202.5,200.01,200.47,933860
MQG,20211026,199.91,201.13,198.86,200.57,544151
MQG,20211028,197.13,199,197.11,197.83,602053
MQG,20211029,0,0,0,197.83,81000
MQG,20211101,194,199.01,193.26,198.67,1263014
MQG,20211102,195.03,198.35,194.75,195.64,560141
MQG,20211103,197.79,201.5,197.47,199.28,868520
MQG,20211104,200.1,202.28,200.02,201.94,589134
MQG,20211105,202.01,204.22,202.01,202.42,1114552
MQG,20211109,201,201.63,199.57,200,585370
MQG,20211110,200.9,201.82,199.56,199.97,376951
MQG,20211112,199,201.8,198.62,201.26,512818
MQG,20211115,199.6,203.44,199.6,202.7,314424
MQG,20211116,203.02,203.6,201.97,202.5,618364
MQG,20211117,202.71,204.4,202.27,203.63,1057998
MQG,20211118,203.5,206.25,202.86,205.77,720518
MQG,20211119,205,208.36,204.55,208,965886
MQG,20211122,206.62,208,205.91,205.91,402822
MQG,20211123,205.02,207.15,204.37,206.3,508940
MQG,20211124,206.5,206.85,203.25,203.25,779015
MQG,20211125,203,203.06,199.18,201.78,750901
MQG,20211126,200.7,201,193.3,195.28,1075832
MQG,20211129,190.76,195.24,188.29,194.01,1327224
MQG,20211130,197.3,200.2,196.64,196.74,1915442
MQG,20211201,196.49,196.97,194.01,195.69,569884
MQG,20211202,195,199.09,193.7,198.56,622047
MQG,20211203,200,200.87,198.35,199.7,559734
MQG,20211206,200.24,200.74,198.5,200.04,646691
MQG,20211207,200.53,201.46,199.02,200.38,554756
MQG,20211208,203.51,204.61,200.5,203.41,515466
MQG,20211209,204.1,205.69,201.7,201.92,573747
MQG,20211210,202.62,204.1,201.31,201.96,445012
MQG,20211213,203.1,204.97,202.35,202.6,445975
MQG,20211214,201.81,204.66,201.1,204.14,406030
MQG,20211216,206,208.47,204.53,207.53,994053
MQG,20211217,207.8,208.19,205.22,205.37,2056920
MQG,20211220,205.83,205.97,201.4,202.5,547220
MQG,20211221,202.5,204.64,202.03,203.07,453589
MQG,20211222,203.2,204.62,202.31,203,563304
MQG,20211223,204.95,205.55,203.62,204.19,298322
MQG,20211224,206.42,206.5,203.58,204.25,223101
MQG,20211229,206.49,207.99,205.63,207.21,495643
MQG,20211230,207.56,208.6,206.51,207.36,291881
MQG,20211231,207.05,207.8,204.3,205.4,261468
MQG,20220104,207,211.73,206.75,211.34,562797
MQG,20220105,215.2,217.32,213.01,215.73,613076
MQG,20220106,213,214.63,208.04,209.3,687152
MQG,20220107,212,213.99,210.94,211.71,803089
MQG,20220110,210.06,210.56,207.48,207.98,541300
MQG,20220111,205.05,205.65,202.25,205.02,839919
MQG,20220112,207,210.22,206.73,208.39,1080842
MQG,20220113,208.51,209.74,207.56,208.78,384996
MQG,20220114,208.4,208.4,205.69,206.72,598443
MQG,20220117,208.78,208.78,206.76,207.61,581866
MQG,20220118,208.38,208.705,206,206.75,237934
MQG,20220119,203.93,204.32,198.03,199.19,1126188
MQG,20220120,197.55,198.63,196,198.09,935888
MQG,20220121,195.5,195.96,189.9,189.93,1408718
MQG,20220124,185.11,190,180.59,189.99,807982
MQG,20220125,187,187.9,182.12,185.62,1338720
MQG,20220127,185,185.95,176.19,179.8,1787232
MQG,20220128,183,188.29,180,186.9,3556208
MQG,20220131,183.18,184.67,180.4,183.62,1108169
MQG,20220201,186,190.36,185.27,188.62,877235
MQG,20220202,192,193.71,190.85,192.43,829126
MQG,20220203,191.29,192,188.25,189.31,539479
MQG,20220204,189.62,193.48,189.48,192.34,918956
MQG,20220207,191.77,194.695,190.2,194.02,744467
MQG,20220208,203.7,204.88,196.87,201.57,1191759
MQG,20220209,201.87,202.49,196.16,197.65,1423089
MQG,20220210,198.98,199.01,191.53,193.39,1438105
MQG,20220211,191.91,195.44,191.23,193.28,1235793
MQG,20220214,192.41,194.95,191.24,194.22,527213
MQG,20220215,192.67,195.12,191.1,193.88,742178
MQG,20220216,199.69,200.9,195.42,196.99,707903
MQG,20220217,197.6,198.63,195.52,195.65,716638
MQG,20220218,193.26,193.26,191.11,191.11,1118217
MQG,20220221,189.5,191.89,188.36,190.71,574159
MQG,20220222,188.58,189.47,185.54,187.28,753655
MQG,20220223,186.4,188.53,185.85,186.5,728783
MQG,20220224,181.87,184,175.65,177.4,1952192
MQG,20220225,179.77,182.3,178.83,180.02,1436388
MQG,20220228,181.28,182.49,177.03,180.78,1918412
MQG,20220301,182,186.2,181.32,183.05,691580
MQG,20220302,180,182.96,178.64,179.59,1077060
MQG,20220303,181.82,183.39,181,181,847608
MQG,20220304,180,180.68,176.81,180.25,855800
MQG,20220307,179.5,179.69,173.57,175.31,877653
MQG,20220308,173.52,177.85,173,175.7,800077
MQG,20220309,175.05,179.16,174,178.55,667497
MQG,20220310,182.23,186.93,182.07,185.59,998851
MQG,20220311,186,186.49,181.47,182.33,977488
MQG,20220314,183.82,187.3,183.54,187,771566
MQG,20220315,187.49,189.77,186.17,186.17,787923
MQG,20220316,0,0,0,0,0
MQG,20220317,193.41,193.91,191.6,191.6,971019
MQG,20220318,192.21,194.8,191.3,194.8,2184159
MQG,20220321,196.5,198.57,195.01,195.01,569351
MQG,20220322,196.98,199.72,195.39,197.58,633749
MQG,20220323,200.02,201.9,200.02,200.05,662660
MQG,20220324,197.42,197.96,196.17,196.59,872402
MQG,20220325,197,199.31,197,197.87,572413
MQG,20220328,199.14,200.78,198.3,200.09,416453
MQG,20220329,201.33,203.3,201.05,202.83,602681
MQG,20220330,205,207.71,204.06,207.15,529517
MQG,20220331,207.84,208,203.27,203.27,860155
MQG,20220401,202.82,207.65,202,206.92,652977
MQG,20220404,207.15,207.3,205.21,206.09,472977
MQG,20220405,207.1,208,206.3,207.06,562197
MQG,20220406,205.67,205.67,203.5,205.14,484290
MQG,20220407,202.02,203.38,200.79,202.05,698012
MQG,20220408,202.79,204.13,201.41,203.64,477448
MQG,20220411,202.57,204.37,201.03,201.91,477457
MQG,20220412,201.9,203.61,201.31,203.13,337976
MQG,20220413,203.06,203.51,201.57,202.94,442504
MQG,20220414,203.54,204.08,202.66,203.68,423312
MQG,20220419,204.05,206.84,203.53,205.55,688717
MQG,20220420,208.49,208.9,205.56,206.67,726365
MQG,20220421,208.49,208.9,205.56,206.67,726365
MQG,20220422,209.42,209.96,206.2,207.6,1430088
MQG,20220426,203.26,205.56,202.2,204.18,711833
MQG,20220427,202.1,203,198.415,200.72,903076
MQG,20220428,202.17,204,200.53,203.27,674973
MQG,20220429,204.9,207.94,203.63,206.98,862843
MQG,20220502,204.22,205.5,202.13,203.18,495297
MQG,20220503,203.75,205.5,202.35,203.43,447960
MQG,20220504,204.81,207.18,204.42,204.73,532382
MQG,20220505,206.91,206.91,201.61,202.66,679972
MQG,20220506,192,192.38,185.17,186.9,2170467
MQG,20220509,182.94,184.13,178.4,182,2059907
MQG,20220510,178.51,180.36,176.1,180.02,1588538
MQG,20220511,180.96,182.78,179.97,182.12,871733
MQG,20220512,180.01,180.88,175.21,175.21,1332714
MQG,20220513,177,183.59,176.51,183.11,1581336
MQG,20220516,181.01,182.15,178.4,179.66,1723406
MQG,20220517,180,181.83,179.81,180.49,706546
MQG,20220518,182.95,184.79,180,181.5,891567
MQG,20220519,177.87,178.76,177.18,177.64,900989
MQG,20220520,178,181.86,178,181.37,1492860
MQG,20220523,182.81,182.81,178.695,179.88,817761
MQG,20220524,180.24,182.2,178.79,178.81,941830
MQG,20220525,179.48,179.95,178.1,178.27,1380577
MQG,20220526,178.89,178.98,177.06,177.81,814505
MQG,20220527,180.87,183.44,180.12,183,1262381
MQG,20220530,187,188.5,186.05,188.12,1057804
MQG,20220531,188.88,191.14,185.98,185.98,3806126
MQG,20220601,187,188.94,187,188.38,684788
MQG,20220602,184.59,186.89,182.64,183.29,681642
MQG,20220603,184.38,184.96,182.86,184.04,603984
MQG,20220606,184,184,181.13,182.9,441651
MQG,20220607,183.57,184.12,177.14,177.49,954493
MQG,20220608,178.59,180.42,177.35,179.24,977755
MQG,20220609,179.16,180.75,178.32,178.68,1387618
MQG,20220610,176.66,177.965,172.15,172.36,1201945
MQG,20220614,163.75,163.75,160.19,163.35,2737519
MQG,20220615,163,168.14,163,164.1,2329811
MQG,20220616,166.35,166.96,163.71,164.67,1991764
MQG,20220617,159.81,159.81,157.03,159.7,3226140
MQG,20220620,161.81,162.64,159.94,161.5,969762
MQG,20220621,164,164.43,161.58,164,974780
MQG,20220622,165.06,165.9,161.47,162.34,867252
MQG,20220623,163.51,166.03,163.04,163.6,619855
MQG,20220624,163.66,165.41,163.25,165.33,732605
MQG,20220627,168.01,168.94,164.655,166.26,897133
MQG,20220628,167.15,167.7,165.4,167.23,770331
MQG,20220629,165,168.67,164.24,168.08,612020
MQG,20220630,167.23,167.51,164.51,164.51,779416
MQG,20220701,166.76,166.76,164.24,164.24,610617
MQG,20220704,167.15,167.98,165.69,167.15,787511
MQG,20220705,167.46,169.53,166.965,168.68,544459
MQG,20220706,167.57,171.71,167.5,169.66,665050
MQG,20220707,170.78,171.16,169.35,170.65,757246
MQG,20220708,171.25,171.76,169.2,170.69,390900
MQG,20220711,171.2,171.5,167.45,167.85,440782
MQG,20220712,170.33,171.28,166.8,167.67,646796
MQG,20220713,169.43,171.79,167.84,171.4,967007
MQG,20220714,169.67,171,169.25,171,865280
MQG,20220715,168.32,168.54,165.14,167.99,686257
MQG,20220718,171,173.33,170.81,173.33,427938
MQG,20220719,171.89,172.48,167.08,167.63,757359
MQG,20220720,172,175.12,171.61,174.17,852116
MQG,20220721,174,174.92,172.8,174.9,671367
MQG,20220722,174.3,177.35,174.21,174.24,1386027
MQG,20220725,174.06,174.67,172.83,174.2,595001
MQG,20220726,173.15,176.41,173.15,175.63,549653
MQG,20220727,174.06,175.41,171.085,173.73,816375
MQG,20220728,176.97,179.43,176,178.89,961285
MQG,20220729,179.06,182.76,179.06,181.13,1198752
MQG,20220801,180,180.6,176.78,179.9,731700
MQG,20220802,177.36,178.98,177.36,178.86,513276
MQG,20220803,177.81,178.54,175.91,176.39,627097
MQG,20220805,175.02,176.93,174.34,176.93,715982
MQG,20220808,175.7,177.08,175.25,176.62,1120039
MQG,20220809,176.98,179.625,176.94,178.12,613510
MQG,20220810,177.18,177.71,176.07,176.19,469334
MQG,20220811,179.93,179.93,177.8,179.56,642500
MQG,20220812,179.01,179.98,177.67,178.59,553546
MQG,20220815,179,181.35,178.72,180.87,442572
MQG,20220816,181.75,183.81,181.38,182.75,553692
MQG,20220817,182.92,183.75,181.22,183.75,568432
MQG,20220818,183.49,183.63,181.62,182.13,632992
MQG,20220819,182.68,183.49,182.01,182.28,663695
MQG,20220822,180.01,180.29,178.45,178.61,578244
MQG,20220823,176.32,176.36,172.1,172.57,985792
MQG,20220824,173.08,174.69,172.87,173.34,679421
MQG,20220825,174.76,176.75,173.87,176.3,485786
MQG,20220826,176.8,179.35,176.02,178.5,447199
MQG,20220829,173.02,174.68,171.56,174.06,548025
MQG,20220830,175.79,176.94,174.13,175.17,451120
MQG,20220831,174.89,177.48,174.89,177.26,845185
MQG,20220901,174.18,175.475,172.66,174.45,772379
MQG,20220902,175.55,178.49,175.5,177.2,717923
MQG,20220905,178.84,179.35,177.33,179.35,437508
MQG,20220906,179.45,179.74,178,178.18,614729
MQG,20220907,177.05,177.98,172.2,172.72,751316
MQG,20220909,178.37,180.43,175.94,177.83,723306
MQG,20220912,180,181.37,179.34,181.06,457977
MQG,20220913,184.06,184.18,181.57,182.25,502686
MQG,20220914,176.57,177.32,174.4,176.3,727659
MQG,20220915,175.97,177.15,175.05,176.54,847234
MQG,20220916,175.19,175.7,171.66,172.67,1636564
MQG,20220919,171.94,173,170.67,173,490295
MQG,20220920,174.84,175.24,172.06,172.85,469243
MQG,20220921,170.55,172.31,170.4,170.86,585437
