MVP,20160212,3.97,4.2,3.97,4.15,102874
MVP,20160215,4.18,4.18,4,4.09,56058
MVP,20160216,4.07,4.08,4,4,91096
MVP,20160217,4,4.29,4,4.23,46194
MVP,20160218,4.24,4.24,3.94,4,416880
MVP,20160219,4,4.2,4,4.2,37089
MVP,20160222,4.15,4.24,4.15,4.21,12699
MVP,20160223,4.23,4.32,4.23,4.25,84451
MVP,20160224,4.26,4.44,4.26,4.4,47332
MVP,20160225,4.43,4.43,4.28,4.4,44146
MVP,20160226,4.38,4.5,4.31,4.49,80475
MVP,20160229,4.49,4.69,4.49,4.69,177449
MVP,20160301,4.69,4.92,4.67,4.91,74291
MVP,20160302,4.99,4.99,4.6,4.8,215362
MVP,20160303,4.85,4.85,4.61,4.72,35438
MVP,20160304,4.74,4.85,4.68,4.7,38898
MVP,20160307,4.8,4.85,4.71,4.79,80526
MVP,20160308,4.8,4.8,4.7,4.8,21952
MVP,20160309,4.75,4.81,4.68,4.7,40200
MVP,20160310,4.7,4.8,4.5,4.58,51003
MVP,20160311,4.55,4.77,4.55,4.69,22487
MVP,20160314,4.62,4.8,4.61,4.75,31890
MVP,20160315,4.75,4.75,4.61,4.65,33373
MVP,20160316,4.71,4.79,4.63,4.7,28542
MVP,20160317,4.75,4.78,4.65,4.65,82183
MVP,20160318,4.67,4.75,4.63,4.7,33707
MVP,20160321,4.72,4.85,4.72,4.79,77305
MVP,20160322,4.8,5,4.78,5,88610
MVP,20160323,4.94,5,4.9,4.95,75120
MVP,20160324,4.99,5,4.92,4.96,53761
MVP,20160329,4.99,5.18,4.98,5.13,60736
MVP,20160330,5.13,5.15,5.02,5.08,52592
MVP,20160331,5.14,5.34,5.14,5.25,165074
MVP,20160401,5.26,5.42,5.2,5.25,250128
MVP,20160404,5.42,5.9,5.42,5.8,133322
MVP,20160405,5.83,5.99,5.83,5.95,137138
MVP,20160406,5.95,5.95,5.71,5.71,84596
MVP,20160407,5.75,5.88,5.74,5.87,59363
MVP,20160408,5.82,5.85,5.75,5.79,47376
MVP,20160411,5.78,5.8,5.45,5.62,86202
MVP,20160412,5.63,5.65,5.02,5.17,179095
MVP,20160413,5.23,5.33,5.2,5.29,82346
MVP,20160414,5.3,5.62,5.3,5.48,107107
MVP,20160415,5.45,5.74,5.425,5.74,193028
MVP,20160418,5.75,5.99,5.75,5.94,83491
MVP,20160419,5.95,5.96,5.75,5.85,62845
MVP,20160420,5.75,5.85,5.6,5.66,35469
MVP,20160421,5.85,5.85,5.66,5.73,67113
MVP,20160422,5.9,5.9,5.75,5.8,56154
MVP,20160426,5.85,5.935,5.82,5.93,91498
MVP,20160427,5.95,6.18,5.93,6.05,209885
MVP,20160428,6.02,6.12,5.995,6.12,80888
MVP,20160429,6.13,6.26,6.12,6.25,69103
MVP,20160502,6.3,6.74,6.3,6.65,99873
MVP,20160503,6.7,6.85,6.7,6.75,93622
MVP,20160504,6.79,6.79,6.35,6.48,112965
MVP,20160505,6.48,6.5,6.21,6.21,109686
MVP,20160506,6.2,6.26,6.12,6.21,76462
MVP,20160509,6.2,6.21,5.97,6.1,77786
MVP,20160510,6.15,6.44,6.15,6.37,56208
MVP,20160511,6.4,6.45,6.35,6.43,36676
MVP,20160512,6.43,6.43,6.12,6.31,54582
MVP,20160513,6.35,6.35,6.1,6.27,78646
MVP,20160516,6.27,6.39,5.78,5.99,101559
MVP,20160517,6.12,6.14,5.96,6.14,49143
MVP,20160518,6.15,6.15,5.93,6,104142
MVP,20160519,5.95,6.04,5.85,6,69826
MVP,20160520,6,6.03,5.88,6.03,56912
MVP,20160523,6.04,6.15,5.93,6,64103
MVP,20160524,6.06,6.06,5.98,6.02,44610
MVP,20160525,6,6.41,6,6.37,109269
MVP,20160526,6.34,6.47,6.25,6.36,80675
MVP,20160527,6.39,6.39,6.15,6.22,35326
MVP,20160530,6.22,6.35,6.1,6.18,41398
MVP,20160531,6.2,6.3,6.2,6.25,69159
MVP,20160601,6.25,6.25,6.16,6.2,41784
MVP,20160602,6.2,6.21,6.1,6.12,41435
MVP,20160603,6.08,6.09,5.8,6,124421
MVP,20160606,5.95,6.1,5.95,5.96,83887
MVP,20160607,6,6,5.96,6,40096
MVP,20160608,5.98,6.13,5.98,6.09,45463
MVP,20160609,6,6.15,6,6,35034
MVP,20160610,6.01,6.15,5.84,5.9,57675
MVP,20160614,5.85,5.9,5.67,5.85,111364
MVP,20160615,5.79,5.8,5.73,5.8,60025
MVP,20160616,5.8,6,5.75,6,80876
MVP,20160617,5.99,6.09,5.85,6.05,131784
MVP,20160620,6.02,6.05,5.9,5.96,29535
MVP,20160621,6.04,6.25,6.04,6.08,113456
MVP,20160622,6.1,6.2,6.1,6.2,295271
MVP,20160623,6.2,6.4,6.17,6.37,73224
MVP,20160624,6.44,6.44,5.98,6,195325
MVP,20160627,6.1,6.23,6.01,6.2,86901
MVP,20160628,6.15,6.24,5.96,5.96,28041
MVP,20160629,6.09,6.16,6,6.03,24288
MVP,20160630,6.04,6.16,6.04,6.1,47903
MVP,20160701,6.09,6.12,6,6,28422
MVP,20160704,6.05,6.41,6,6.41,69685
MVP,20160705,6.4,6.41,6.17,6.29,59281
MVP,20160706,6.2,6.29,6,6.19,69217
MVP,20160707,6.13,6.19,6,6.1,57665
MVP,20160708,6.08,6.08,5.95,6.03,110189
MVP,20160711,6.05,6.1,5.96,5.99,81410
MVP,20160712,6.04,6.05,5.97,6,81205
MVP,20160713,6,6.08,5.96,6,62165
MVP,20160714,5.99,6,5.97,5.98,110960
MVP,20160715,6,6,5.97,5.99,24858
MVP,20160718,5.97,6.08,5.95,5.98,96727
MVP,20160719,5.96,5.98,5.85,5.98,74408
MVP,20160720,5.92,5.99,5.9,5.98,50978
MVP,20160721,5.98,6.01,5.96,5.98,72520
MVP,20160722,5.99,5.99,5.85,5.85,41786
MVP,20160725,5.86,5.91,5.75,5.75,43189
MVP,20160726,5.74,5.75,5.5,5.74,83744
MVP,20160727,5.74,5.85,5.74,5.78,54684
MVP,20160728,5.83,5.915,5.78,5.86,45736
MVP,20160729,5.86,6,5.85,5.99,42851
MVP,20160801,5.98,5.99,5.63,5.83,104122
MVP,20160802,5.77,5.88,5.64,5.68,59005
MVP,20160803,5.66,5.66,5.56,5.58,34882
MVP,20160804,5.58,5.58,5.35,5.48,145794
MVP,20160805,5.4,5.45,5.33,5.35,85747
MVP,20160808,5.31,5.32,5.18,5.3,72692
MVP,20160809,5.25,5.35,5.05,5.3,116963
MVP,20160810,5.36,5.83,5.36,5.72,99443
MVP,20160811,5.72,5.95,5.71,5.95,98491
MVP,20160812,6,6.09,5.85,5.9,194193
MVP,20160815,5.95,6.01,5.85,5.91,52748
MVP,20160816,5.96,5.99,5.63,5.68,54318
MVP,20160817,5.68,5.68,5.4,5.6,72498
MVP,20160818,5.7,5.8,5.47,5.47,56399
MVP,20160822,5.25,5.4,5.16,5.33,82914
MVP,20160823,5.32,5.44,5.32,5.38,138584
MVP,20160824,5.37,5.37,5.2,5.3,84535
MVP,20160825,5.33,5.39,5.28,5.32,91747
MVP,20160826,5.33,5.37,5.27,5.3,70654
MVP,20160829,5.29,5.29,5.19,5.25,55088
MVP,20160830,5.21,5.23,5.15,5.21,78206
MVP,20160831,5.2,5.25,5.17,5.2,46499
MVP,20160901,5.19,5.19,5.08,5.18,67649
MVP,20160902,5.15,5.15,4.97,5.04,134918
MVP,20160905,5.02,5.02,4.8,4.85,106412
MVP,20160906,4.9,5.25,4.89,5.25,129507
MVP,20160907,5.22,5.22,5.05,5.09,60707
MVP,20160908,5.19,5.19,5.08,5.08,23732
MVP,20160909,5.15,5.6,5.145,5.6,86387
MVP,20160912,5.61,5.78,5.495,5.52,103187
MVP,20160913,5.58,5.72,5.29,5.29,66070
MVP,20160914,5.35,5.35,5.12,5.2,38823
MVP,20160915,5.2,5.23,5.16,5.2,28602
MVP,20160916,5.2,5.28,5.18,5.25,50196
MVP,20160919,5.25,5.31,5.2,5.22,37389
MVP,20160920,5.32,5.32,5.23,5.23,34093
MVP,20160921,5.23,5.23,5.15,5.16,38827
MVP,20160922,5.16,5.23,5.06,5.23,36225
MVP,20160923,5.2,5.3,5.2,5.25,42912
MVP,20160926,5.21,5.35,5.2,5.34,52134
MVP,20160927,5.24,5.34,5.23,5.25,20475
MVP,20160928,5.3,5.35,5.22,5.31,69726
MVP,20160929,5.34,5.53,5.25,5.43,42171
MVP,20160930,5.45,5.5,5.31,5.32,8211
MVP,20161003,5.35,5.52,5.34,5.51,29071
MVP,20161004,5.52,5.55,5.44,5.45,65548
MVP,20161005,5.47,5.52,5.37,5.5,89662
MVP,20161006,5.52,5.58,5.25,5.43,48302
MVP,20161007,5.43,5.45,5.3,5.45,15469
MVP,20161010,5.45,5.54,5.4,5.42,19544
MVP,20161011,5.42,5.45,5.3,5.4,21899
MVP,20161012,5.31,5.52,5.26,5.5,74863
MVP,20161013,5.55,5.55,5.29,5.42,11905
MVP,20161014,5.45,5.52,5.3,5.35,73360
MVP,20161017,5.31,5.44,5.27,5.33,18759
MVP,20161018,5.33,5.43,5.26,5.3,130419
MVP,20161019,5.28,5.31,5.23,5.25,21084
MVP,20161020,5.25,5.25,5.07,5.07,22351
MVP,20161021,5.1,5.2,5.01,5.2,77650
MVP,20161024,5.2,5.2,5.06,5.06,53930
MVP,20161025,5.07,5.13,4.95,5.05,68516
MVP,20161026,5.1,5.1,4.95,5,62839
MVP,20161027,4.97,5.04,4.86,4.86,34060
MVP,20161028,4.91,5.4,4.86,5.33,154324
MVP,20161031,5.33,5.39,5.28,5.28,48364
MVP,20161101,5.27,5.27,5.21,5.21,16422
MVP,20161102,5.24,5.24,5.02,5.02,50084
MVP,20161103,5.05,5.05,4.98,5,28062
MVP,20161104,5,5.01,4.91,4.91,84307
MVP,20161107,4.9,4.91,4.81,4.88,75724
MVP,20161108,4.88,5.04,4.88,4.9,16327
MVP,20161109,4.9,4.91,4.51,4.75,81124
MVP,20161110,4.87,5.02,4.85,4.9,47810
MVP,20161111,4.9,4.95,4.85,4.85,36196
MVP,20161114,4.85,4.85,4.75,4.83,69100
MVP,20161115,4.83,4.83,4.72,4.75,39419
MVP,20161116,4.75,4.75,4.38,4.47,85266
MVP,20161117,4.46,4.5,4.25,4.3,196646
MVP,20161118,4.33,4.43,4.27,4.3,76744
MVP,20161121,4.43,4.43,4.25,4.3,54611
MVP,20161122,4.27,4.29,4.18,4.23,71888
MVP,20161123,4.22,4.3,4.21,4.25,72242
MVP,20161124,4.28,4.435,4.25,4.38,55575
MVP,20161125,4.38,4.38,4.2,4.27,90532
MVP,20161128,4.27,4.38,4.25,4.3,83023
MVP,20161129,4.29,4.54,4.29,4.47,123853
MVP,20161130,4.5,4.79,4.33,4.39,113216
MVP,20161201,4.43,4.48,4.25,4.3,57235
MVP,20161202,4.33,4.34,4.21,4.27,81263
MVP,20161205,4.3,4.32,4.2,4.3,152261
MVP,20161206,4.3,4.3,4.12,4.18,454907
MVP,20161207,4.2,4.25,4.17,4.18,40076
MVP,20161208,4.2,4.3,4.18,4.25,176504
MVP,20161209,4.3,4.74,4.3,4.61,202101
MVP,20161212,4.62,4.72,4.52,4.55,137629
MVP,20161213,4.53,4.6,4.44,4.48,66785
MVP,20161214,4.48,4.58,4.48,4.55,274389
MVP,20161215,4.62,4.62,4.48,4.48,99933
MVP,20161216,4.5,4.56,4.4,4.4,46748
MVP,20161219,4.45,4.45,4.31,4.35,16430
MVP,20161220,4.35,4.37,4.3,4.31,98350
MVP,20161221,4.35,4.46,4.31,4.45,53846
MVP,20161222,4.46,4.47,4.36,4.45,83170
MVP,20161223,4.45,4.47,4.4,4.4,32228
MVP,20161228,4.4,4.47,4.4,4.4,4519
MVP,20161229,4.4,4.45,4.4,4.45,2469
MVP,20161230,4.42,4.47,4.42,4.42,6055
MVP,20170103,4.47,4.47,4.28,4.4,48481
MVP,20170104,4.39,4.39,4.22,4.27,31329
MVP,20170105,4.3,4.38,4.25,4.35,103728
MVP,20170106,4.4,4.45,4.32,4.4,39874
MVP,20170109,4.45,4.79,4.44,4.79,81358
MVP,20170110,4.8,5.32,4.8,5.3,122205
MVP,20170111,5.29,5.29,5.01,5.05,69883
MVP,20170112,5.03,5.26,5.02,5.23,31638
MVP,20170113,5.2,5.3,5.06,5.11,27823
MVP,20170116,5.2,5.26,5.1,5.11,13106
MVP,20170117,5.15,5.2,5.11,5.13,7927
MVP,20170118,5.13,5.25,5.13,5.13,40408
MVP,20170119,5.2,5.32,5.2,5.22,49842
MVP,20170120,5.25,5.4,5.25,5.25,45304
MVP,20170123,5.35,5.49,5.31,5.4,28468
MVP,20170124,5.4,5.4,5.03,5.15,80911
MVP,20170125,5.16,5.25,5.01,5.1,34692
MVP,20170127,5.1,5.1,5,5.1,30055
MVP,20170130,5.05,5.18,5.03,5.18,23163
MVP,20170131,5.21,5.35,5.02,5.17,73149
MVP,20170201,5.3,5.32,5.07,5.2,6212
MVP,20170202,5.23,5.23,5.05,5.13,11058
MVP,20170203,5.13,5.26,5.1,5.25,8986
MVP,20170206,5.3,5.3,5.01,5.02,20251
MVP,20170207,5.03,5.3,5,5,87799
MVP,20170208,5.15,5.29,5.15,5.25,46810
MVP,20170209,5.25,5.25,5.1,5.1,55339
MVP,20170210,5.15,5.26,5.1,5.25,86882
MVP,20170213,5.15,5.26,5.07,5.25,33583
MVP,20170214,5.24,5.25,5.1,5.25,35033
MVP,20170215,5.27,5.27,5.18,5.2,6507
MVP,20170216,5.2,5.29,5.2,5.29,16785
MVP,20170217,5.29,5.3,5.2,5.24,13541
MVP,20170220,5.35,5.38,5.18,5.3,68208
MVP,20170221,5.31,5.31,5.02,5.06,72784
MVP,20170222,5.07,5.07,4.74,4.95,115528
MVP,20170223,4.95,4.97,4.81,4.85,24184
MVP,20170224,4.89,4.96,4.76,4.78,29691
MVP,20170227,4.8,4.85,4.71,4.71,18567
MVP,20170228,4.73,4.77,4.6,4.63,34710
MVP,20170301,4.7,4.79,4.59,4.72,13057
MVP,20170302,4.81,5.09,4.81,5,89866
MVP,20170303,5.12,5.2,5.01,5.2,43365
MVP,20170306,5.2,5.27,4.91,4.95,128866
MVP,20170307,4.95,5,4.87,4.95,21858
MVP,20170308,5,5.03,4.82,4.95,45519
MVP,20170309,5,5.02,4.84,5.02,30927
MVP,20170310,5.02,5.06,4.85,4.95,30666
MVP,20170313,5.04,5.04,4.95,4.95,12959
MVP,20170314,4.95,5.12,4.95,5.1,10018
MVP,20170315,5.1,5.1,4.97,4.99,26726
MVP,20170316,4.99,5.11,4.99,5.08,21887
MVP,20170317,5.1,5.23,5.1,5.22,34711
MVP,20170320,5.2,5.25,5.14,5.2,33472
MVP,20170321,5.2,5.21,5.2,5.21,9348
MVP,20170322,5.2,5.2,5.15,5.2,16928
MVP,20170323,5.2,5.25,5.12,5.24,35293
MVP,20170324,5.23,5.31,5.23,5.27,95387
MVP,20170327,5.23,5.25,5.17,5.18,35272
MVP,20170328,5.16,5.18,5.16,5.18,7858
MVP,20170329,5.16,5.18,5.1,5.125,19087
MVP,20170330,5.11,5.13,5,5.11,35772
MVP,20170331,5.05,5.11,5,5.05,33901
MVP,20170403,5.01,5.13,4.99,4.99,67564
MVP,20170404,5.02,5.11,4.99,5.1,13786
MVP,20170405,5.1,5.11,5.01,5.06,32788
MVP,20170406,5.05,5.1,5,5.02,6372
MVP,20170407,5,5.09,4.99,5.09,31564
MVP,20170410,5.09,5.14,5,5,108856
MVP,20170411,5.01,5.1,4.95,4.95,110479
MVP,20170412,5.05,5.07,5,5.05,71051
MVP,20170413,5.04,5.14,5.03,5.13,45003
MVP,20170418,5.13,5.13,4.87,5.03,72258
MVP,20170419,5.02,5.03,4.87,4.9,33709
MVP,20170420,4.92,4.96,4.84,4.86,36851
MVP,20170421,4.95,4.96,4.83,4.83,29709
MVP,20170424,4.87,4.93,4.83,4.84,14079
MVP,20170426,4.84,4.88,4.7,4.75,98183
MVP,20170427,4.8,5.03,4.78,4.91,28666
MVP,20170428,5,5.03,4.75,4.95,55359
MVP,20170501,4.91,4.99,4.8,4.88,9462
MVP,20170502,4.96,4.97,4.9,4.97,15676
MVP,20170503,4.96,4.97,4.89,4.95,12322
MVP,20170504,4.89,4.89,4.76,4.78,39038
MVP,20170505,4.8,4.88,4.75,4.8,13855
MVP,20170508,4.75,4.9,4.75,4.81,34950
MVP,20170509,4.88,4.99,4.85,4.96,16604
MVP,20170510,4.96,4.99,4.85,4.97,20342
MVP,20170511,4.95,4.98,4.8,4.84,25331
MVP,20170512,4.81,4.97,4.8,4.8,37509
MVP,20170515,4.76,4.95,4.76,4.84,25084
MVP,20170516,4.84,4.93,4.84,4.86,31138
MVP,20170517,4.86,4.9,4.76,4.9,52365
MVP,20170518,4.85,4.85,4.72,4.78,46301
MVP,20170519,4.75,4.75,4.61,4.62,47993
MVP,20170522,4.63,4.71,4.63,4.65,28899
MVP,20170523,4.74,4.81,4.66,4.66,13408
MVP,20170524,4.7,4.84,4.7,4.83,5802
MVP,20170525,4.8,4.8,4.72,4.72,32718
MVP,20170526,4.75,4.8,4.72,4.75,12256
MVP,20170529,4.75,4.75,4.65,4.7,28942
MVP,20170530,4.66,4.7,4.65,4.7,12802
MVP,20170531,4.67,4.71,4.67,4.71,36529
MVP,20170601,4.71,4.8,4.69,4.8,15291
MVP,20170602,4.8,5.08,4.8,5.07,62476
MVP,20170605,5.08,5.34,5.08,5.33,124945
MVP,20170606,5.33,5.33,5.06,5.1,56709
MVP,20170607,5.14,5.25,5.14,5.21,13245
MVP,20170608,5.25,5.32,5.2,5.25,69704
MVP,20170609,5.3,5.4,5.28,5.4,76168
MVP,20170613,5.31,5.4,5.3,5.3,91670
MVP,20170614,5.3,5.39,5.26,5.39,32048
MVP,20170615,5.31,5.37,5.3,5.35,34584
MVP,20170616,5.35,5.35,5.13,5.26,63787
MVP,20170619,5.3,5.34,5.25,5.32,18568
MVP,20170620,5.3,5.32,5.17,5.31,26640
MVP,20170621,5.3,5.31,5.17,5.21,37683
MVP,20170622,5.19,5.23,5.16,5.21,51135
MVP,20170623,5.23,5.31,5.21,5.25,29206
MVP,20170626,5.26,5.31,5.15,5.27,9644
MVP,20170627,5.26,5.28,5.1,5.15,21261
MVP,20170628,5.16,5.16,4.85,4.95,75971
MVP,20170629,4.99,5.1,4.95,5,26743
MVP,20170630,5.01,5.01,4.95,4.95,33922
MVP,20170703,5,5.1,4.91,5,43985
MVP,20170704,5.09,5.19,5.03,5.12,14183
MVP,20170705,5.12,5.15,5.09,5.15,19628
MVP,20170706,5.15,5.15,5.04,5.05,23180
MVP,20170707,5.05,5.1,5.02,5.05,17344
MVP,20170710,5.03,5.05,4.93,5,49605
MVP,20170711,5.11,5.11,5,5.02,8845
MVP,20170712,5.01,5.05,5.01,5.02,5923
MVP,20170713,5.02,5.05,5.01,5.01,8644
MVP,20170714,5.01,5.05,5.01,5.01,5170
MVP,20170717,5.02,5.04,5.01,5.04,32928
MVP,20170718,5.02,5.13,5.01,5.06,24113
MVP,20170719,5.05,5.15,5.05,5.08,15619
MVP,20170720,5.06,5.15,5.06,5.08,27396
MVP,20170721,5.08,5.1,5.02,5.02,19040
MVP,20170724,5.02,5.02,5.02,5.02,0
MVP,20170725,5.1,5.15,5.06,5.15,7107
MVP,20170726,5.14,5.15,5.1,5.11,28065
MVP,20170727,5.11,5.25,5.11,5.2,16222
MVP,20170728,5.25,5.25,5.02,5.24,76916
MVP,20170731,5.05,5.15,5.05,5.08,8091
MVP,20170801,5.08,5.15,5.05,5.05,19848
MVP,20170802,5.1,5.1,5.06,5.06,9989
MVP,20170803,5.06,5.13,5.06,5.08,19138
MVP,20170804,5.13,5.22,5.13,5.2,12830
MVP,20170807,5.15,5.2,5.15,5.2,13404
MVP,20170808,5.2,5.21,5.16,5.17,10988
MVP,20170809,5.17,5.22,5.16,5.21,29601
MVP,20170810,5.22,5.22,5.09,5.13,13556
MVP,20170811,5.13,5.19,5.09,5.09,7585
MVP,20170815,5.15,5.15,5.15,5.15,11658
MVP,20170816,5.15,5.15,5.08,5.1,13813
MVP,20170817,5.1,5.15,5.08,5.15,10194
MVP,20170818,5.08,5.15,4.95,5.15,78187
MVP,20170821,5.15,5.16,5.07,5.11,15908
MVP,20170822,5.11,5.12,5.07,5.09,34831
MVP,20170823,5.09,5.09,5.01,5.05,21028
MVP,20170824,5.05,5.15,5.05,5.08,21963
MVP,20170825,5.07,5.12,5.06,5.1,11907
MVP,20170828,5.1,5.11,5.06,5.1,63703
MVP,20170829,5.09,5.12,5.08,5.1,40748
MVP,20170830,5.1,5.13,5.08,5.08,27261
MVP,20170831,5.1,5.1,5.02,5.02,16975
MVP,20170901,5.02,5.09,5,5.09,23405
MVP,20170904,5,5.09,5,5.09,21337
MVP,20170905,5.05,5.1,5.05,5.05,7112
MVP,20170906,5.03,5.1,5.03,5.1,25649
MVP,20170907,5.03,5.07,5.01,5.04,44902
MVP,20170908,5.05,5.05,4.99,5,69066
MVP,20170911,5,5.02,4.95,5,12392
MVP,20170912,4.99,5,4.86,4.94,20908
MVP,20170913,4.84,4.94,4.82,4.86,52475
MVP,20170914,4.85,4.87,4.79,4.8,73173
MVP,20170915,4.8,4.87,4.79,4.82,26867
MVP,20170918,4.82,4.88,4.76,4.84,25946
MVP,20170919,4.84,5.05,4.8,5.05,22594
MVP,20170920,5.05,5.07,5.01,5.07,12832
MVP,20170921,5.04,5.05,5.03,5.05,7038
MVP,20170922,5.05,5.06,5,5.04,67921
MVP,20170925,5.04,5.05,4.98,5,12674
MVP,20170926,4.99,5,4.97,5,32499
MVP,20170927,5.03,5.03,4.98,5,57579
MVP,20170928,5,5.1,4.97,5.05,81752
MVP,20170929,5.05,5.17,5.01,5.17,40392
MVP,20171002,5.17,5.3,5.17,5.3,74239
MVP,20171003,5.29,5.4,5.29,5.3,30821
MVP,20171004,5.36,5.45,5.31,5.35,62903
MVP,20171005,5.36,5.4,5.29,5.34,24680
MVP,20171006,5.39,5.41,5.33,5.36,65014
MVP,20171009,5.38,5.5,5.38,5.5,79081
MVP,20171010,5.48,5.55,5.48,5.55,99719
MVP,20171011,5.55,5.7,5.54,5.69,99290
MVP,20171012,5.69,5.87,5.63,5.8,87185
MVP,20171013,5.91,5.95,5.73,5.73,83869
MVP,20171016,5.75,5.78,5.41,5.6,151507
MVP,20171017,5.65,5.74,5.59,5.68,71953
MVP,20171018,5.73,5.8,5.73,5.75,106302
MVP,20171019,5.74,5.8,5.7,5.7,59820
MVP,20171020,5.7,5.76,5.65,5.65,72411
MVP,20171023,5.65,5.67,5.56,5.6,41767
MVP,20171024,5.6,5.69,5.57,5.69,45817
MVP,20171025,5.68,5.9,5.65,5.9,66436
MVP,20171026,5.9,5.93,5.79,5.79,56158
MVP,20171027,5.76,5.96,5.76,5.92,134915
MVP,20171030,5.95,6.1,5.94,6.1,120964
MVP,20171031,6.15,6.4,6.14,6.3,186549
MVP,20171101,6.4,6.4,6.14,6.17,61576
MVP,20171102,6.2,6.3,6.19,6.29,72858
MVP,20171103,6.35,6.35,6.2,6.26,175771
MVP,20171106,6.3,6.65,6.3,6.58,153706
MVP,20171107,6.61,6.63,6.29,6.4,135671
MVP,20171108,6.4,6.45,6.32,6.4,37380
MVP,20171109,6.42,6.63,6.4,6.63,98464
MVP,20171110,6.42,6.63,6.4,6.63,98464
MVP,20171113,6.59,6.63,6.53,6.6,78915
MVP,20171114,6.6,6.7,6.6,6.7,77885
MVP,20171115,6.7,7.1,6.7,7.09,214011
MVP,20171116,7.19,7.19,6.92,7.13,157550
MVP,20171117,7.08,7.08,6.91,7.02,155192
MVP,20171120,7.01,7.01,6.82,6.87,69424
MVP,20171121,6.81,6.85,6.54,6.7,108657
MVP,20171122,6.65,6.81,6.65,6.81,175119
MVP,20171123,6.88,7.19,6.76,7.08,161304
MVP,20171124,7.1,7.19,6.95,7,41369
MVP,20171127,7,7,6.89,6.9,42430
MVP,20171128,6.96,6.96,6.49,6.7,94437
MVP,20171129,6.93,6.93,6.65,6.69,47992
MVP,20171130,6.65,6.65,6.26,6.3,105732
MVP,20171201,6.29,6.29,6.1,6.15,114513
MVP,20171204,6.12,6.12,5.8,5.98,456527
MVP,20171205,6.23,6.26,6.1,6.25,147830
MVP,20171206,6.3,6.49,6.25,6.34,190190
MVP,20171207,6.34,6.55,6.34,6.53,300988
MVP,20171208,6.54,6.59,6.45,6.51,113295
MVP,20171211,6.55,6.8,6.55,6.79,103195
MVP,20171212,6.86,7.1,6.7,6.85,455564
MVP,20171213,6.85,6.99,6.67,6.73,54880
MVP,20171214,6.76,6.95,6.74,6.89,113944
MVP,20171215,6.94,7,6.85,7,83426
MVP,20171218,7.03,7.27,7.01,7.2,119667
MVP,20171219,7.24,7.27,7.14,7.2,125079
MVP,20171220,7.22,7.22,7.14,7.2,42036
MVP,20171221,7.17,7.17,7,7.02,63657
MVP,20171222,7.05,7.05,6.94,6.98,59731
MVP,20171227,6.95,7.04,6.91,6.93,33125
MVP,20171228,6.98,7.15,6.93,7.13,39525
MVP,20171229,7.14,7.15,6.94,7.15,43652
MVP,20180102,7,7.09,6.94,7.03,31683
MVP,20180103,7.07,7.13,7.05,7.08,26190
MVP,20180104,7.03,7.11,6.95,7.04,39655
MVP,20180105,7.07,7.11,6.96,7.06,26594
MVP,20180108,7.05,7.27,7,7.25,69286
MVP,20180109,7.24,7.4,7.23,7.4,126730
MVP,20180110,7.4,7.58,7.19,7.58,143353
MVP,20180111,7.58,7.75,7.49,7.7,185308
MVP,20180112,7.72,8.07,7.72,7.98,120347
MVP,20180115,8,8.02,7.69,7.81,93400
MVP,20180116,7.82,7.85,7.65,7.76,60868
MVP,20180117,7.7,7.75,7.46,7.52,64676
MVP,20180118,7.47,7.56,7.46,7.46,41357
MVP,20180119,7.6,7.6,7.24,7.35,58241
MVP,20180122,7.38,7.54,7.35,7.52,86484
MVP,20180123,7.56,7.95,7.54,7.89,103812
MVP,20180124,7.83,7.94,7.71,7.93,72292
MVP,20180125,7.93,7.94,7.75,7.76,54150
MVP,20180129,7.85,8.06,7.85,8,104828
MVP,20180130,8.03,8.04,7.89,7.91,64045
MVP,20180131,7.95,7.95,7.58,7.65,170677
MVP,20180201,7.68,7.99,7.68,7.95,82328
MVP,20180202,7.99,7.99,7.64,7.66,76429
MVP,20180205,7.56,7.62,7.38,7.47,198048
MVP,20180207,7.2,7.7,7.2,7.6,95813
MVP,20180208,7.69,7.69,7.32,7.47,40195
MVP,20180209,7.35,7.66,7.2,7.57,49770
MVP,20180212,7.5,7.89,7.38,7.72,63227
MVP,20180213,7.81,7.83,7.57,7.83,58963
MVP,20180214,7.87,7.95,7.63,7.63,53831
MVP,20180215,7.8,7.93,7.77,7.93,38290
MVP,20180216,7.6,7.6,7.1,7.48,291558
MVP,20180219,7.4,7.49,7.14,7.24,87198
MVP,20180220,7.24,7.5,7.17,7.39,66697
MVP,20180221,7.42,7.5,7.23,7.4,131811
MVP,20180222,7.4,7.49,7.2,7.4,55410
MVP,20180223,7.45,7.58,7.42,7.51,30774
MVP,20180226,7.58,7.69,7.44,7.44,44154
MVP,20180227,7.58,7.77,7.4,7.4,73432
MVP,20180228,7.46,7.8,7.42,7.77,55953
MVP,20180301,7.73,7.78,7.51,7.51,48847
MVP,20180302,7.65,7.65,7.4,7.44,51436
MVP,20180305,7.6,7.65,7.4,7.4,65495
MVP,20180306,7.58,7.62,7.3,7.37,41898
MVP,20180307,7.5,7.5,7.3,7.31,33864
MVP,20180308,7.4,7.88,7.33,7.67,70761
MVP,20180309,7.65,7.88,7.61,7.84,87591
MVP,20180312,7.89,8,7.885,7.98,59306
MVP,20180313,8,8,7.82,7.9,86168
MVP,20180314,7.89,7.89,7.7,7.79,25027
MVP,20180315,7.79,7.85,7.7,7.71,21392
MVP,20180316,7.75,7.78,7.55,7.55,21922
MVP,20180319,7.61,7.61,7.25,7.25,2083264
MVP,20180320,7.25,7.57,7.2,7.46,94131
MVP,20180321,7.42,7.46,7.21,7.31,74009
MVP,20180322,7.34,7.57,7.33,7.48,37766
MVP,20180323,7.5,7.5,7.35,7.35,28054
MVP,20180326,7.42,7.45,7.32,7.45,48543
MVP,20180327,7.45,7.56,7.36,7.4,116628
MVP,20180328,7.4,7.41,7.27,7.35,57292
MVP,20180329,7.3,7.3,6.94,7.04,218480
MVP,20180403,7.01,7.09,6.95,7.07,65279
MVP,20180404,7.07,7.07,6.99,7.01,37577
MVP,20180405,7.08,7.24,7.04,7.1,101206
MVP,20180406,7.1,7.125,7.04,7.08,135328
MVP,20180409,7.07,7.08,6.96,6.97,57450
MVP,20180410,7.01,7.14,6.96,7.03,47020
MVP,20180411,7.1,7.29,7.05,7.22,31367
MVP,20180412,7.21,7.23,6.99,7.05,55836
MVP,20180413,7.05,7.05,6.75,6.85,73288
MVP,20180416,6.84,6.98,6.75,6.85,55143
MVP,20180417,6.97,6.97,6.85,6.9,19698
MVP,20180418,7,7.07,6.9,7.04,39642
MVP,20180419,7.08,7.08,6.95,7,186894
MVP,20180420,7,7.07,6.98,7,60344
MVP,20180423,7.05,7.07,6.89,6.95,46129
MVP,20180424,6.89,6.9,6.75,6.8,32339
MVP,20180426,6.84,6.89,6.71,6.74,11910
MVP,20180427,6.75,6.8,6.67,6.75,64900
MVP,20180430,6.72,7.03,6.72,6.92,33028
MVP,20180501,7.02,7.07,6.87,7.03,30928
MVP,20180502,7,7.05,6.9,6.97,26699
MVP,20180503,7,7.14,6.95,7.14,31884
MVP,20180504,7.14,7.2,7.12,7.18,41969
MVP,20180507,7.17,7.18,7.05,7.05,29188
MVP,20180508,7.09,7.39,7.09,7.39,69036
MVP,20180509,7.39,7.39,7.21,7.3,55573
MVP,20180510,7.25,7.3,7.2,7.21,12351
MVP,20180511,7.18,7.24,7.15,7.15,14724
MVP,20180514,7.2,7.2,5.92,6.22,644745
MVP,20180515,6,6.05,5.75,6,842803
MVP,20180516,5.95,6.01,5.92,6,395922
MVP,20180517,5.99,6.01,5.76,5.77,177745
MVP,20180518,5.77,5.79,5.51,5.53,538323
MVP,20180521,5.51,5.52,5.26,5.41,389309
MVP,20180522,5.35,5.55,5.32,5.41,222189
MVP,20180523,5.5,5.75,5.5,5.7,161982
MVP,20180524,5.8,5.8,5.66,5.72,68750
MVP,20180525,5.7,5.96,5.66,5.94,111739
MVP,20180528,5.85,6.05,5.85,5.98,82661
MVP,20180529,5.95,5.96,5.8,5.85,121030
MVP,20180530,5.915,5.915,5.65,5.7,124629
MVP,20180531,5.72,5.92,5.72,5.85,50399
MVP,20180601,5.88,5.9,5.75,5.9,38957
MVP,20180604,5.9,5.9,5.67,5.85,84996
MVP,20180605,5.84,5.97,5.84,5.97,130101
MVP,20180606,6,6.1,5.92,5.96,117135
MVP,20180607,6,6,5.92,5.99,58653
MVP,20180608,5.98,5.99,5.95,5.95,43554
MVP,20180612,5.97,6.07,5.94,6.05,80670
MVP,20180613,6.05,6.17,6.05,6.12,100997
MVP,20180614,6.13,6.17,6.06,6.15,79399
MVP,20180615,6.11,6.15,6.06,6.07,62245
MVP,20180618,6.08,6.17,6.08,6.16,60875
MVP,20180619,6.15,6.15,5.94,5.94,29205
MVP,20180620,5.93,5.95,5.7,5.7,45144
MVP,20180621,5.7,5.85,5.68,5.82,45587
MVP,20180622,5.81,5.9,5.76,5.9,35917
MVP,20180625,5.82,5.87,5.81,5.83,35905
MVP,20180626,5.85,5.88,5.81,5.82,37232
MVP,20180627,5.85,5.9,5.82,5.89,36405
MVP,20180628,5.9,5.9,5.81,5.89,29246
MVP,20180629,5.89,5.9,5.8,5.8,37634
MVP,20180702,5.81,5.82,5.72,5.79,40642
MVP,20180703,5.81,5.81,5.72,5.77,60124
MVP,20180704,5.73,5.82,5.7,5.75,26996
MVP,20180705,5.75,5.8,5.75,5.77,24348
MVP,20180706,5.8,5.82,5.73,5.82,48673
MVP,20180710,5.79,5.79,5.71,5.76,23281
MVP,20180711,5.78,5.8,5.72,5.72,14592
MVP,20180712,5.76,5.76,5.7,5.71,34482
MVP,20180713,5.74,5.76,5.55,5.63,52146
MVP,20180716,5.62,5.74,5.62,5.73,35309
MVP,20180717,5.74,5.8,5.74,5.8,29168
MVP,20180718,5.79,5.79,5.69,5.69,9775
MVP,20180719,5.74,5.79,5.73,5.79,22941
MVP,20180720,5.78,5.8,5.76,5.79,24730
MVP,20180723,5.78,5.81,5.76,5.81,15349
MVP,20180724,5.81,5.91,5.81,5.85,96852
MVP,20180725,5.85,5.87,4.71,4.71,426107
MVP,20180726,4.72,4.93,4.72,4.8,308981
MVP,20180727,4.82,4.82,4.78,4.8,64914
MVP,20180730,4.8,4.86,4.69,4.74,96089
MVP,20180731,4.74,4.74,4.5,4.64,254863
MVP,20180801,4.69,4.69,4.55,4.55,128494
MVP,20180802,4.51,4.54,4.43,4.46,146565
MVP,20180803,4.46,4.46,4.04,4.04,293099
MVP,20180806,4.04,4.04,4.04,4.04,0
MVP,20180807,4.04,4.04,4.04,4.04,0
MVP,20180808,4.21,4.21,3.96,3.98,223234
MVP,20180809,4.04,4.1,4.03,4.04,207471
MVP,20180810,4.05,4.07,3.97,3.97,228118
MVP,20180813,3.98,4.02,3.97,3.99,119818
MVP,20180814,4,4.02,3.97,3.98,173658
MVP,20180816,4,4.03,3.98,3.98,93568
MVP,20180817,3.99,4.04,3.96,3.99,135423
MVP,20180820,3.99,3.99,3.63,3.68,412604
MVP,20180821,3.7,3.75,3.56,3.56,352414
MVP,20180822,3.59,3.75,3.59,3.69,263634
MVP,20180823,3.79,3.8,3.7,3.71,156284
MVP,20180824,3.72,3.83,3.71,3.81,131326
MVP,20180827,3.87,4.18,3.85,4.13,91884
MVP,20180828,4.2,4.34,4.01,4.31,117427
MVP,20180829,4.35,4.6,4.24,4.51,267450
MVP,20180830,4.53,4.64,4.22,4.22,257456
MVP,20180831,4.2,4.2,4.02,4.04,72157
MVP,20180903,4.07,4.19,4.07,4.11,51841
MVP,20180904,4.13,4.22,4.11,4.12,71207
MVP,20180905,4.12,4.15,4.06,4.11,67318
MVP,20180906,4.06,4.12,4.02,4.02,57295
MVP,20180907,4.02,4.04,3.86,3.9,169036
MVP,20180910,4.02,4.14,4,4.05,114962
MVP,20180913,3.98,4.02,3.95,3.95,75140
MVP,20180914,3.97,4.04,3.9,3.9,87216
MVP,20180917,3.92,4.03,3.8,3.8,75204
MVP,20180918,3.8,3.86,3.8,3.8,71130
MVP,20180919,3.8,3.94,3.8,3.85,36228
MVP,20180920,3.84,3.97,3.78,3.78,61703
MVP,20180921,3.79,3.93,3.79,3.84,64729
MVP,20180924,3.84,3.97,3.84,3.92,25214
MVP,20180925,4,4.05,3.95,4,29847
MVP,20180926,4.03,4.14,4.02,4.07,40318
MVP,20180927,4.08,4.39,4.08,4.1,62826
MVP,20180928,4.24,4.24,4.16,4.19,23799
MVP,20181001,4.22,4.45,4.22,4.41,52313
MVP,20181002,4.43,4.55,4.43,4.52,93030
MVP,20181003,4.52,4.8,4.52,4.77,145514
MVP,20181004,4.79,4.8,4.73,4.77,59191
MVP,20181005,4.79,4.93,4.77,4.9,58969
MVP,20181008,5.18,5.84,5.15,5.5,253447
MVP,20181009,5.51,5.65,5.2,5.22,126458
MVP,20181010,5.22,5.22,4.95,4.95,65580
MVP,20181011,4.9,4.9,4.66,4.77,752901
MVP,20181012,4.74,5,4.7,4.96,160457
MVP,20181015,4.99,4.99,4.67,4.69,115044
MVP,20181016,4.7,4.89,4.7,4.87,38493
MVP,20181017,4.87,4.95,4.82,4.93,78057
MVP,20181018,4.93,4.93,4.82,4.9,55327
MVP,20181019,4.88,4.91,4.83,4.89,27606
MVP,20181022,4.89,4.97,4.89,4.93,35488
MVP,20181023,4.95,4.97,4.9,4.9,63792
MVP,20181024,4.9,4.9,4.68,4.68,67520
MVP,20181025,4.68,4.68,4.44,4.45,56876
MVP,20181026,4.55,4.55,4.28,4.41,57204
MVP,20181030,4.31,4.88,4.31,4.81,62269
MVP,20181031,4.85,4.9,4.8,4.83,35407
MVP,20181101,4.77,4.87,4.7,4.77,25568
MVP,20181102,4.76,4.89,4.76,4.88,35142
MVP,20181105,4.93,4.93,4.81,4.85,45711
MVP,20181106,4.85,4.87,4.78,4.86,9932
MVP,20181107,4.88,4.89,4.8,4.86,19686
MVP,20181108,4.89,5.1,4.85,4.96,48731
MVP,20181109,4.95,5.02,4.76,4.85,28950
MVP,20181112,4.88,4.89,4.75,4.8,46852
MVP,20181113,4.79,4.79,4.65,4.65,21853
MVP,20181114,4.68,4.8,4.6,4.78,30123
MVP,20181115,4.77,4.77,4.52,4.75,18064
MVP,20181116,4.75,4.8,4.73,4.76,14971
MVP,20181119,4.76,4.76,4.54,4.62,23271
MVP,20181120,4.56,4.65,4.56,4.62,11792
MVP,20181121,4.56,4.62,4.36,4.51,34417
MVP,20181122,4.52,4.52,4.41,4.46,12788
MVP,20181123,4.46,4.51,4.39,4.44,42386
MVP,20181126,4.5,4.5,4.36,4.36,51767
MVP,20181127,4.36,4.47,4.32,4.47,27926
MVP,20181128,4.47,4.48,4.42,4.48,519797
MVP,20181129,4.52,4.52,4.32,4.32,788349
MVP,20181130,4.31,4.31,4.27,4.27,45221
MVP,20181203,4.3,4.4,4.13,4.29,39237
MVP,20181204,4.26,4.35,4.23,4.23,19419
MVP,20181205,4.21,4.21,4.02,4.21,276572
MVP,20181206,4.21,4.26,4.09,4.09,24297
MVP,20181207,4.19,4.19,4.04,4.1,26977
MVP,20181210,4.04,4.1,3.8,3.85,72477
MVP,20181211,3.89,3.94,3.89,3.94,279962
MVP,20181212,3.88,3.91,3.87,3.9,10063
MVP,20181213,3.9,3.9,3.8,3.8,46538
MVP,20181214,3.8,3.94,3.78,3.81,53459
MVP,20181217,3.79,3.83,3.75,3.83,18148
MVP,20181218,3.78,3.78,3.7,3.71,29685
MVP,20181219,3.75,3.75,3.66,3.66,77555
MVP,20181220,3.71,3.74,3.67,3.74,18641
MVP,20181221,3.7,4.35,3.68,4.35,79439
MVP,20181224,4.27,4.3,3.95,4.01,21513
MVP,20181227,4,4.24,3.98,4.17,29892
MVP,20181228,4.05,4.3,4.02,4.3,32431
MVP,20181231,4.3,4.41,4.3,4.4,15463
MVP,20190102,4.39,4.395,4.25,4.26,13390
MVP,20190103,4.26,4.26,4.1,4.14,26621
MVP,20190104,4.14,4.19,4.1,4.1,11003
MVP,20190107,4.1,4.1,3.93,4.04,80582
MVP,20190108,4.07,4.07,3.85,4.02,29715
MVP,20190109,3.85,4.02,3.85,3.89,39802
MVP,20190110,3.91,4.05,3.86,3.92,21274
MVP,20190111,3.93,4,3.92,4,8767
MVP,20190114,3.92,4.01,3.92,4.01,13283
MVP,20190115,3.91,3.92,3.89,3.9,31710
MVP,20190116,3.85,3.89,3.85,3.89,37575
MVP,20190117,4,4,3.85,3.85,14568
MVP,20190118,3.88,3.95,3.88,3.92,17880
MVP,20190121,3.92,4,3.88,4,52869
MVP,20190122,3.9,3.95,3.82,3.95,27014
MVP,20190123,3.94,3.95,3.85,3.95,16243
MVP,20190124,3.98,3.98,3.83,3.94,335016
MVP,20190125,3.89,3.89,3.8,3.8,31025
MVP,20190129,3.8,3.85,3.8,3.82,24691
MVP,20190130,3.83,3.83,3.71,3.78,31441
MVP,20190131,3.85,3.88,3.77,3.78,26085
MVP,20190201,3.78,3.81,3.71,3.71,55596
MVP,20190204,3.8,3.8,3.67,3.69,75103
MVP,20190205,3.67,3.67,3.57,3.6,197957
MVP,20190206,3.64,3.67,3.59,3.605,63140
MVP,20190207,3.67,3.8,3.6,3.71,1400321
MVP,20190208,3.71,3.71,3.62,3.68,8146
MVP,20190211,3.68,3.79,3.66,3.74,21321
MVP,20190212,3.79,3.79,3.51,3.56,111948
MVP,20190213,3.6,3.65,3.55,3.56,267948
MVP,20190214,3.56,3.64,3.56,3.64,31659
MVP,20190215,3.6,3.91,3.48,3.91,111742
MVP,20190218,3.7,3.86,3.7,3.79,33707
MVP,20190219,3.75,3.92,3.75,3.85,41678
MVP,20190220,3.85,4,3.85,3.96,66086
MVP,20190221,3.91,3.91,3.74,3.79,36972
MVP,20190222,3.74,3.82,3.7,3.75,25892
MVP,20190225,3.8,3.82,3.75,3.8,28321
MVP,20190226,3.8,4,3.8,3.96,46697
MVP,20190227,4.1,4.39,4.1,4.15,148812
MVP,20190228,4.17,4.24,4.02,4.1,176340
MVP,20190301,4.1,4.12,3.99,4.06,134127
MVP,20190304,4.07,4.07,3.97,4,40338
MVP,20190305,4,4.06,3.98,4.06,63864
MVP,20190306,4.06,4.06,3.9,3.9,52798
MVP,20190307,4.02,4.27,4.01,4.26,85522
MVP,20190308,4.26,4.4,4.25,4.4,94303
MVP,20190311,4.4,4.45,4.37,4.45,28933
MVP,20190312,4.44,4.73,4.44,4.67,66842
MVP,20190313,4.59,4.6,4.45,4.52,105144
MVP,20190314,4.64,4.65,4.41,4.45,65443
MVP,20190315,4.49,4.53,4.47,4.5,11077
MVP,20190318,4.5,4.5,4.3,4.37,40900
MVP,20190319,4.45,4.45,4.25,4.29,88815
MVP,20190320,4.49,4.49,4.28,4.34,27556
MVP,20190321,4.34,4.34,4.26,4.3,16512
MVP,20190322,4.29,4.35,4.27,4.35,32503
MVP,20190325,4.3,4.49,4.3,4.49,149418
MVP,20190326,4.54,4.85,4.53,4.69,77271
MVP,20190327,4.65,4.83,4.65,4.8,128067
MVP,20190328,4.8,4.84,4.765,4.84,56176
MVP,20190329,4.83,4.98,4.8,4.98,119952
MVP,20190401,4.98,5.11,4.96,5.11,86663
MVP,20190402,5.13,5.21,5.02,5.03,76235
MVP,20190403,5.03,5.3,5.03,5.25,107756
MVP,20190404,5.3,5.4,5.12,5.3,91716
MVP,20190405,5.3,5.38,5.21,5.35,77663
MVP,20190408,5.35,5.43,5.24,5.24,48707
MVP,20190409,5.26,5.325,5.11,5.25,41102
MVP,20190410,5.25,5.57,5.18,5.5,257023
MVP,20190411,5.53,5.55,5.42,5.47,272058
MVP,20190412,5.53,5.56,5.4,5.4,175380
MVP,20190415,5.49,5.55,5.32,5.32,238180
MVP,20190416,5.38,5.41,5.32,5.35,60619
MVP,20190417,5.35,5.35,5.25,5.3,71339
MVP,20190418,5.35,5.35,5.27,5.3,35138
MVP,20190423,5.31,5.32,5.26,5.27,43600
MVP,20190424,5.3,5.35,5.29,5.3,46923
MVP,20190426,5.35,5.7,5.29,5.69,154823
MVP,20190429,5.7,5.71,5.54,5.54,77388
MVP,20190430,5.54,5.56,5.45,5.51,41683
MVP,20190501,5.51,5.65,5.51,5.65,54239
MVP,20190502,5.62,5.65,5.48,5.48,35496
MVP,20190503,5.45,5.54,5.4,5.54,46982
MVP,20190506,5.54,5.54,5.34,5.34,51620
MVP,20190507,5.35,5.47,5.35,5.43,62392
MVP,20190508,5.44,5.47,5.35,5.44,45537
MVP,20190509,5.44,5.46,5.28,5.32,238938
MVP,20190510,5.32,5.32,4.91,5.09,136354
MVP,20190513,5.08,5.09,4.93,5.05,66505
MVP,20190514,4.91,5.07,4.79,5.04,64363
MVP,20190515,5.04,5.16,4.99,5.09,37263
MVP,20190516,5.01,5.01,4.85,4.94,25173
MVP,20190517,4.98,5.1,4.9,4.92,142583
MVP,20190520,4.96,5.13,4.96,5.09,38708
MVP,20190521,5.05,5.1,4.96,5.08,36234
MVP,20190522,5.08,5.085,4.99,5.05,35234
MVP,20190523,5.1,5.51,5.09,5.45,76687
MVP,20190524,5.5,5.5,5.26,5.3,119815
MVP,20190527,5.4,5.4,5.26,5.3,80553
MVP,20190528,5.3,5.3,5.1,5.19,59968
MVP,20190529,5.25,5.3,5.12,5.3,15673
MVP,20190530,5.32,5.48,5.15,5.48,35949
MVP,20190531,5.48,5.48,5.1,5.1,43698
MVP,20190603,5.29,5.35,5.1,5.26,53795
MVP,20190604,5.29,5.3,5.08,5.3,73718
MVP,20190605,5.3,5.36,5.19,5.27,40163
MVP,20190606,5.3,5.3,5.2,5.2,19285
MVP,20190607,5.25,5.36,5.25,5.28,50947
MVP,20190611,5.28,5.3,5.12,5.24,56976
MVP,20190612,5.24,5.25,5.13,5.22,52111
MVP,20190613,5.22,5.29,5.2,5.29,28326
MVP,20190614,5.21,5.28,5.14,5.14,42092
MVP,20190617,5.15,5.29,5.15,5.25,26707
MVP,20190618,5.25,5.35,5.2,5.25,80232
MVP,20190619,5.33,5.35,5.14,5.34,65127
MVP,20190620,5.31,5.59,5.3,5.56,199311
MVP,20190621,5.5,5.5,5.39,5.39,38135
MVP,20190624,5.3,5.3,5.12,5.29,33978
MVP,20190625,5.29,5.45,5.16,5.25,75334
MVP,20190626,5.19,5.35,5.17,5.3,86229
MVP,20190627,5.29,5.29,5.15,5.18,56713
MVP,20190628,5.15,5.4,5.15,5.3,52332
MVP,20190701,5.35,5.81,5.34,5.8,110927
MVP,20190702,5.8,5.85,5.72,5.79,246009
MVP,20190703,5.75,5.75,5.5,5.58,44395
MVP,20190704,5.6,5.77,5.48,5.71,146413
MVP,20190705,5.8,5.8,5.53,5.55,105766
MVP,20190708,5.72,5.78,5.61,5.74,72237
MVP,20190709,5.78,5.78,5.56,5.6,58993
MVP,20190710,5.56,5.62,5.5,5.54,32683
MVP,20190711,5.56,5.73,5.56,5.71,73298
MVP,20190712,5.71,5.79,5.66,5.74,3372920
MVP,20190715,5.76,6.22,5.76,6.16,314769
MVP,20190716,6.35,6.5,5.87,6.1,263014
MVP,20190717,6.12,6.16,5.75,5.83,109688
MVP,20190718,5.94,5.94,5.7,5.79,48440
MVP,20190719,5.89,6.24,5.84,6.06,189975
MVP,20190722,6.13,6.13,5.83,5.95,70914
MVP,20190723,5.91,5.99,5.81,5.89,26892
MVP,20190724,5.98,5.98,5.87,5.93,27093
MVP,20190725,5.94,5.95,5.8,5.86,41841
MVP,20190726,5.88,5.88,5.79,5.8,54330
MVP,20190729,5.82,5.82,5.68,5.75,43864
MVP,20190730,5.78,5.8,5.51,5.67,141564
MVP,20190731,5.73,5.78,5.66,5.72,37777
MVP,20190801,5.73,5.83,5.7,5.72,38908
MVP,20190802,5.7,5.7,5.61,5.65,58896
MVP,20190805,5.65,5.65,5.25,5.28,110021
MVP,20190806,4.92,5.15,4.79,5.02,163011
MVP,20190807,5.02,5.09,4.89,5.07,129079
MVP,20190808,5.06,5.17,4.85,5.07,110525
MVP,20190809,5.18,5.4,5.15,5.27,117056
MVP,20190812,5.27,5.31,5.2,5.29,71232
MVP,20190813,5.28,5.33,5.18,5.21,32415
MVP,20190814,5.26,5.26,4.94,5,104682
MVP,20190815,4.91,4.98,4.74,4.84,72357
MVP,20190816,4.86,4.88,4.71,4.78,86050
MVP,20190819,4.77,4.78,4.605,4.62,101677
MVP,20190820,4.65,4.78,4.65,4.76,112217
MVP,20190821,4.76,5,4.71,4.97,75942
MVP,20190822,4.97,4.97,4.71,4.74,105988
MVP,20190823,4.75,4.88,4.72,4.85,56631
MVP,20190826,4.75,4.85,4.75,4.84,29918
MVP,20190827,4.86,4.9,4.77,4.79,70043
MVP,20190828,4.82,4.91,4.76,4.8,76235
MVP,20190829,4.77,4.82,4.73,4.75,75830
MVP,20190830,4.74,4.9,4.73,4.8,103595
MVP,20190902,4.85,4.89,4.75,4.75,40010
MVP,20190903,4.75,4.75,4.59,4.59,30920
MVP,20190904,4.61,4.78,4.58,4.78,35922
MVP,20190905,4.75,4.82,4.7,4.77,48643
MVP,20190906,4.77,4.83,4.75,4.75,80970
MVP,20190909,4.8,4.82,4.5,4.61,117183
MVP,20190910,4.55,4.6,4.33,4.4,132243
MVP,20190911,4.46,4.485,4.34,4.42,54872
MVP,20190912,4.44,4.74,4.44,4.65,51565
MVP,20190913,4.65,4.7,4.58,4.65,56717
MVP,20190916,4.65,4.67,4.63,4.67,4628
MVP,20190917,4.7,4.73,4.63,4.68,70725
MVP,20190918,4.65,4.73,4.65,4.7,17296
MVP,20190919,4.75,4.75,4.47,4.66,132528
MVP,20190920,4.71,4.81,4.71,4.81,43318
MVP,20190923,4.75,4.76,4.7,4.71,37887
MVP,20190924,4.8,4.8,4.67,4.68,49971
MVP,20190925,4.71,4.91,4.71,4.88,36749
MVP,20190926,4.9,5.13,4.83,4.87,116834
MVP,20190927,4.9,5,4.9,4.96,45116
MVP,20190930,4.96,5.05,4.955,5.05,142221
MVP,20191001,5.02,5.07,4.92,4.97,60740
MVP,20191002,4.98,4.98,4.89,4.95,36958
MVP,20191003,4.85,5,4.85,5,27984
MVP,20191004,4.97,5.02,4.97,4.99,51455
MVP,20191007,5,5.04,4.85,4.85,30441
MVP,20191008,4.9,4.94,4.86,4.86,9810
MVP,20191009,4.9,4.94,4.81,4.82,47384
MVP,20191010,4.85,4.91,4.82,4.83,25729
MVP,20191011,4.89,4.91,4.81,4.81,1330437
MVP,20191014,4.84,4.91,4.8,4.88,972248
MVP,20191015,4.85,4.88,4.84,4.86,110312
MVP,20191016,4.88,4.99,4.83,4.96,81753
MVP,20191017,4.94,4.94,4.84,4.86,73075
MVP,20191018,4.93,4.98,4.92,4.98,30841
MVP,20191021,4.99,5.21,4.94,5.17,73513
MVP,20191022,5.36,5.99,5.3,5.79,245893
MVP,20191023,6,6.05,5.63,5.65,273278
MVP,20191024,5.66,5.84,5.6,5.75,160290
MVP,20191025,5.75,5.75,5.62,5.67,102435
MVP,20191028,5.75,5.775,5.72,5.73,52502
MVP,20191029,5.73,5.92,5.73,5.9,119885
MVP,20191030,5.88,5.93,5.81,5.81,175392
MVP,20191031,5.83,6,5.83,5.85,128301
MVP,20191101,5.94,6,5.92,5.94,55143
MVP,20191104,5.9,6.09,5.88,6.09,181863
MVP,20191105,6.09,6.1,5.99,6.01,36016
MVP,20191106,6,6.03,5.85,5.96,39802
MVP,20191107,5.96,6,5.9,5.9,22466
MVP,20191108,5.93,5.93,5.81,5.84,64778
MVP,20191111,5.9,5.9,5.64,5.65,67145
MVP,20191112,5.65,5.81,5.65,5.75,21707
MVP,20191113,5.8,5.84,5.7,5.72,21925
MVP,20191114,5.8,5.92,5.75,5.87,56672
MVP,20191115,5.87,5.87,5.76,5.77,36593
MVP,20191118,5.8,6.05,5.79,6.05,132578
MVP,20191119,6.05,6.05,5.91,5.95,67187
MVP,20191120,5.98,6.05,5.96,6.01,42530
MVP,20191121,6.22,6.6,6.15,6.26,359656
MVP,20191122,6.57,7.25,6.54,7.25,532471
MVP,20191125,7.35,7.5,6.74,6.94,331787
MVP,20191126,6.93,6.93,6.5,6.64,180498
MVP,20191127,6.6,6.86,6.6,6.85,163859
MVP,20191128,6.85,7.12,6.85,6.9,120485
MVP,20191129,6.92,7.02,6.82,6.86,103366
MVP,20191202,6.98,7.17,6.95,7.09,161797
MVP,20191203,7.14,7.3,7,7.06,162307
MVP,20191204,7.05,7.13,6.86,6.92,95715
MVP,20191205,6.99,7.12,6.95,7.09,54194
MVP,20191206,7.15,7.315,7.06,7.24,111811
MVP,20191209,7.39,7.5,7.34,7.42,102363
MVP,20191210,7.49,7.49,7.19,7.19,107412
MVP,20191211,7.37,7.37,7.21,7.25,60887
MVP,20191212,7.25,7.25,6.92,7,98494
MVP,20191213,7,7.06,6.9,7,256900
MVP,20191216,7.1,7.1,6.92,6.92,105897
MVP,20191217,6.95,7.15,6.95,7.14,109876
MVP,20191218,7.23,7.38,7.23,7.38,70309
MVP,20191219,7.32,7.4,7.16,7.2,67314
MVP,20191220,7.26,7.4,7.2,7.34,154429
MVP,20191223,7.34,7.49,7.33,7.46,60706
MVP,20191224,7.49,7.98,7.49,7.86,180088
MVP,20191227,8.03,8.13,7.91,8.02,99502
MVP,20191230,8.04,8.96,8.03,8.96,292089
MVP,20191231,8.95,8.95,8.52,8.75,163578
MVP,20200102,8.81,9.24,8.81,9,305203
MVP,20200103,9.06,9.18,8.94,9,222978
MVP,20200106,9.06,9.18,8.91,8.91,161405
MVP,20200107,8.95,8.97,8.6,8.86,175154
MVP,20200108,8.88,8.94,8.54,8.78,110759
MVP,20200109,8.78,9.01,8.78,8.83,99556
MVP,20200113,8.87,9.03,8.87,9.02,109832
MVP,20200114,9.05,9.1,8.8,8.95,119269
MVP,20200115,8.9,8.95,8.71,8.87,89148
MVP,20200116,8.79,9.5,8.66,9.45,329349
MVP,20200117,9.44,9.45,9.14,9.29,127304
MVP,20200120,9.32,9.32,9.1,9.19,67178
MVP,20200121,9.2,9.5,9.01,9.33,220443
MVP,20200122,9.33,9.4,9.15,9.32,107084
MVP,20200123,9.39,9.5,9.32,9.45,84671
MVP,20200124,9.45,10.38,9.44,10.28,674204
MVP,20200128,10.29,10.44,9.88,10.33,286786
MVP,20200129,10.33,10.89,10.3,10.85,258032
MVP,20200130,10.75,11.05,9.72,10.1,614851
MVP,20200203,9.85,10.94,9.75,10.82,311456
MVP,20200204,10.75,11.13,10.51,10.87,388176
MVP,20200205,10.99,11.25,10.63,10.67,222925
MVP,20200210,10.63,10.63,10.13,10.41,197359
MVP,20200211,10.42,10.8,10.4,10.68,197240
MVP,20200212,10.6,10.62,10.31,10.47,154273
MVP,20200213,10.45,10.79,10.37,10.49,297082
MVP,20200214,10.45,11.12,10.43,11,327456
MVP,20200217,11.04,11.2,10.68,10.95,214890
MVP,20200218,10.9,11.09,10.74,10.84,162617
MVP,20200219,10.51,10.99,10.22,10.96,448351
MVP,20200220,10.93,11.78,10.93,11.26,374782
MVP,20200221,11.26,11.49,10.53,10.75,418974
MVP,20200224,10.59,10.59,9.19,9.66,1139893
MVP,20200225,9,9.61,8.69,9.51,885255
MVP,20200226,9.1,9.33,9.01,9.24,308624
MVP,20200227,9.15,9.66,9.1,9.15,262778
MVP,20200228,8.75,8.75,8.21,8.36,602672
MVP,20200302,8.26,8.3,7.83,8.19,605834
MVP,20200303,8.5,9.23,8.5,8.81,407623
MVP,20200304,8.75,8.75,8.39,8.51,224980
MVP,20200305,8.68,8.72,7.79,7.96,542353
MVP,20200306,7.96,8.05,7.7,7.94,331941
MVP,20200309,7.88,7.93,6.63,6.65,505006
MVP,20200310,6.18,6.9,6.03,6.57,621298
MVP,20200311,7,7.09,6.38,6.48,336180
MVP,20200312,6.27,6.44,5.64,6,688042
MVP,20200313,5.64,5.82,4.98,5.82,780539
MVP,20200316,5.89,5.89,4.95,4.95,559705
MVP,20200317,4.75,5.38,4.7,4.94,410597
MVP,20200318,5.02,5.14,4.72,4.77,233770
MVP,20200319,4.8,4.8,4.07,4.27,427852
MVP,20200320,4.3,4.43,4.05,4.2,499621
MVP,20200323,4.04,4.08,3.76,3.92,562790
MVP,20200324,3.92,4.6,3.86,4.6,297470
MVP,20200325,5.01,5.21,4.2,4.3,384412
MVP,20200326,4.54,5.43,4.4,5.23,498473
MVP,20200327,5.76,5.84,4.83,4.85,521762
MVP,20200330,4.85,5.16,4.73,5.07,243798
MVP,20200331,5.35,5.79,5.2,5.32,492893
MVP,20200401,5.4,5.86,5.34,5.85,264570
MVP,20200402,5.72,5.72,5.4,5.62,255678
MVP,20200403,5.68,5.96,5.13,5.2,338726
MVP,20200406,5.29,5.55,5.21,5.52,198377
MVP,20200407,5.7,6.15,5.7,5.85,354740
MVP,20200408,6.29,6.67,6.1,6.4,387033
MVP,20200409,6.77,7.31,6.55,6.9,340162
MVP,20200414,7.2,7.92,6.9,7.85,690619
MVP,20200415,8.03,8.89,8.03,8.24,515770
MVP,20200416,8.07,8.08,7.37,7.43,478572
MVP,20200417,7.85,7.95,7.34,7.54,285259
MVP,20200420,7.6,7.78,7.36,7.52,204317
MVP,20200421,7.39,7.4,6.6,6.7,392492
MVP,20200422,6.49,7.15,6.14,6.87,383834
MVP,20200423,6.95,7.29,6.7,6.75,223071
MVP,20200424,6.8,7.05,6.59,6.83,132195
MVP,20200427,6.99,7.57,6.99,7.46,253240
MVP,20200428,7.94,8.25,7.32,7.5,435141
MVP,20200429,7.6,7.82,7.26,7.55,308318
MVP,20200430,7.65,7.8,7.44,7.53,269970
MVP,20200501,7.48,7.48,7.1,7.26,1159561
MVP,20200504,7.25,7.29,6.91,7.08,201293
MVP,20200505,7.5,7.89,7.35,7.69,333473
MVP,20200506,7.78,7.85,7.54,7.54,171408
MVP,20200507,7.6,7.69,7.31,7.49,167019
MVP,20200508,7.5,8.05,7.49,7.79,414797
MVP,20200511,7.9,8.08,7.65,7.86,274684
MVP,20200512,7.9,7.9,7.46,7.57,214909
MVP,20200513,7.52,7.66,7.17,7.63,167120
MVP,20200514,7.57,7.59,7.14,7.3,266215
MVP,20200515,7.32,7.47,7.11,7.19,217207
MVP,20200518,7.2,7.78,7.2,7.7,288296
MVP,20200519,7.9,8.14,7.7,7.99,326045
MVP,20200520,7.98,8.66,7.76,8.46,553265
MVP,20200521,8.55,8.76,8.04,8.08,305052
MVP,20200522,8.04,8.25,7.76,7.81,568814
MVP,20200525,7.9,8.46,7.9,8.46,350499
MVP,20200526,8.46,8.72,8.1,8.25,277712
MVP,20200527,8.44,8.44,8.03,8.22,242677
MVP,20200528,8.25,8.43,8.05,8.12,175106
MVP,20200529,8.3,8.3,7.87,7.88,284968
MVP,20200601,8,8.08,7.82,8.02,107220
MVP,20200602,8,8.22,7.84,7.98,186624
MVP,20200603,8.03,8.09,7.9,8.05,151126
MVP,20200604,8.09,8.37,7.9,7.93,688087
MVP,20200605,7.95,7.975,7.5,7.76,378085
MVP,20200609,7.77,7.9,7.41,7.69,305024
MVP,20200610,7.5,7.9,7.45,7.74,178514
MVP,20200611,7.75,7.75,7.38,7.41,219322
MVP,20200612,7.19,7.55,6.9,7.31,348733
MVP,20200615,7.35,7.63,7.12,7.14,291519
MVP,20200616,7.4,7.68,7.25,7.61,271131
MVP,20200617,7.67,8.37,7.61,8.3,487376
MVP,20200618,8.3,8.43,7.88,8.04,306017
MVP,20200619,8.1,8.24,7.92,8.18,1215156
MVP,20200622,8.2,8.32,7.81,7.91,223324
MVP,20200623,7.98,8.19,7.42,7.52,450099
MVP,20200624,7.65,7.79,7.47,7.67,259997
MVP,20200625,7.6,7.64,7.18,7.25,294315
MVP,20200626,7.31,7.47,7,7.16,308277
MVP,20200629,7.05,7.05,6.62,6.66,409608
MVP,20200630,6.8,7.11,6.53,6.98,592623
MVP,20200701,7.1,7.6,6.97,7.03,307274
MVP,20200702,7.06,7.25,6.93,7.2,165132
MVP,20200703,7.39,7.43,7.15,7.2,135218
MVP,20200706,7.36,7.4,7.15,7.15,152216
MVP,20200707,7.2,7.25,6.97,7.09,321569
MVP,20200708,7,7.05,6.6,6.67,517069
MVP,20200709,6.74,6.91,6.68,6.87,179976
MVP,20200710,6.87,6.87,6.58,6.58,193528
MVP,20200713,6.65,6.7,6.29,6.46,324809
MVP,20200714,6.41,6.79,6.35,6.4,222124
MVP,20200715,6.52,6.55,6.38,6.45,161040
MVP,20200716,6.49,6.6,6.34,6.44,120543
MVP,20200717,6.44,6.46,6.2,6.22,194663
MVP,20200720,6.25,6.36,6.13,6.18,264125
MVP,20200721,6.2,6.39,6.2,6.33,245189
MVP,20200722,6.31,6.34,6.09,6.32,296362
MVP,20200723,6.32,6.6,6.25,6.52,210046
MVP,20200724,6.55,6.55,6.26,6.4,208990
MVP,20200727,6.4,6.43,6.16,6.2,256482
MVP,20200728,6.25,6.35,6.04,6.09,192547
MVP,20200729,6.06,6.17,6.01,6.01,126558
MVP,20200730,6.01,6.12,6,6.05,208510
MVP,20200731,6.05,6.115,5.81,5.89,278990
MVP,20200803,5.85,5.91,5.66,5.8,317531
MVP,20200804,5.82,6.1,5.81,6.04,276807
MVP,20200805,6.15,6.29,5.98,6.15,128633
MVP,20200806,6.2,6.2,5.92,5.98,138367
MVP,20200807,5.96,6.1,5.85,6.1,141341
MVP,20200810,6.15,6.15,5.96,6.09,724909
MVP,20200811,6.15,6.15,5.91,5.91,138320
MVP,20200812,5.9,5.94,5.74,5.78,163918
MVP,20200813,5.95,5.99,5.84,5.93,95990
MVP,20200814,5.98,6.32,5.9,6.32,280717
MVP,20200817,6.36,6.36,6.04,6.25,136076
MVP,20200818,6.25,6.25,6.25,6.25,0
MVP,20200819,6.9,7.15,6.47,6.62,622219
MVP,20200820,6.62,6.63,5.94,6.04,383857
MVP,20200821,6.06,6.12,5.94,6,230795
MVP,20200824,6,6.05,5.7,5.82,433384
MVP,20200825,5.9,5.99,5.85,5.97,238365
MVP,20200826,5.9,5.97,5.86,5.9,103366
MVP,20200827,5.9,5.93,5.8,5.8,176076
MVP,20200828,5.8,5.93,5.72,5.93,169950
MVP,20200831,5.9,5.93,5.78,5.93,128666
MVP,20200901,5.95,5.95,5.72,5.78,164049
MVP,20200902,5.9,6,5.85,5.9,245780
MVP,20200903,5.9,5.97,5.75,5.76,144068
MVP,20200904,5.73,5.73,5.44,5.54,314019
MVP,20200907,5.54,5.65,5.44,5.54,120369
MVP,20200908,5.63,5.69,5.4,5.4,227543
MVP,20200909,5.38,5.49,5.27,5.34,237937
MVP,20200910,5.43,5.55,5.35,5.35,146798
MVP,20200911,5.36,5.59,5.23,5.55,143802
MVP,20200914,5.57,5.66,5.53,5.62,148153
MVP,20200915,5.62,5.74,5.57,5.7,120980
MVP,20200916,5.75,5.82,5.68,5.7,152790
MVP,20200917,5.8,5.8,5.66,5.69,143132
MVP,20200918,5.68,5.8,5.58,5.6,262611
MVP,20200921,5.6,5.6,5.22,5.29,216640
MVP,20200922,5.26,5.36,5.14,5.19,108746
MVP,20200923,5.24,5.4,5.19,5.31,116448
MVP,20200924,5.3,5.32,5.11,5.11,134312
MVP,20200925,5.14,5.21,5.03,5.07,149305
MVP,20200928,5.04,5.1,5,5,152116
MVP,20200929,5.04,5.43,5.04,5.34,223164
MVP,20200930,5.34,5.34,5.2,5.28,113875
MVP,20201001,5.3,5.37,5.25,5.28,67349
MVP,20201002,5.36,5.36,5.01,5.02,172773
MVP,20201005,5.07,5.26,5.06,5.26,75760
MVP,20201006,5.25,5.36,5.2,5.24,101760
MVP,20201007,5.16,5.31,5.13,5.21,72960
MVP,20201008,5.24,5.33,5.2,5.27,92312
MVP,20201009,5.28,5.45,5.25,5.28,88136
MVP,20201012,5.21,5.35,5.21,5.33,45514
MVP,20201013,5.34,5.44,5.2,5.24,117180
MVP,20201014,5.39,5.96,5.33,5.88,329396
MVP,20201015,5.96,6.05,5.66,5.72,355479
MVP,20201016,5.65,5.93,5.62,5.8,136094
MVP,20201019,5.85,5.97,5.73,5.79,141110
MVP,20201020,5.73,5.83,5.63,5.68,100828
MVP,20201021,5.68,5.84,5.66,5.66,102601
MVP,20201022,5.68,5.72,5.51,5.66,171847
MVP,20201023,5.69,5.75,5.43,5.5,89590
MVP,20201026,5.5,5.55,5.42,5.42,51846
MVP,20201027,5.42,5.46,5.23,5.31,126232
MVP,20201028,5.35,5.63,5.24,5.42,151802
MVP,20201029,5.4,5.43,5.22,5.42,119885
MVP,20201030,5.42,5.46,5.25,5.32,169179
MVP,20201102,5.37,5.47,5.24,5.24,54907
MVP,20201103,5.28,5.61,5.28,5.5,64503
MVP,20201104,5.51,5.79,5.51,5.72,124181
MVP,20201105,5.8,5.8,5.58,5.65,124660
MVP,20201106,5.82,5.83,5.61,5.67,85400
MVP,20201109,5.75,5.97,5.7,5.97,124134
MVP,20201110,6.01,6.19,6.01,6.19,322940
MVP,20201111,6.19,6.44,6.17,6.33,339385
MVP,20201112,6.5,6.78,6.36,6.47,264391
MVP,20201113,6.42,6.46,6.27,6.39,105714
MVP,20201116,6.41,6.52,6.41,6.47,9286
MVP,20201117,6.51,6.64,6.34,6.35,151403
MVP,20201118,6.37,6.45,6.31,6.34,65122
MVP,20201120,6,6.3,5.98,6,246317
MVP,20201123,6,6.27,6,6.15,80749
MVP,20201124,6.24,6.31,6.07,6.07,93819
MVP,20201125,6.1,6.27,6.09,6.23,91979
MVP,20201126,6.29,6.5,6.16,6.44,197409
MVP,20201127,6.58,6.69,6.5,6.61,165545
MVP,20201130,6.63,6.7,6.53,6.57,116116
MVP,20201201,6.7,7.05,6.66,7.05,248151
MVP,20201202,7.1,7.29,6.98,6.99,194568
MVP,20201203,7.03,7.08,6.75,6.92,136530
MVP,20201204,6.8,6.82,6.51,6.71,258239
MVP,20201207,6.8,7.06,6.76,6.99,130922
MVP,20201208,7,7.1,6.91,7.1,148242
MVP,20201209,7.09,7.1,6.93,7.1,109237
MVP,20201210,7.1,7.1,7.1,7.1,0
MVP,20201211,7.1,7.1,7.1,7.1,0
MVP,20201214,6.6,6.75,6.5,6.61,646365
MVP,20201215,6.62,6.71,6.54,6.56,341205
MVP,20201216,6.58,6.78,6.56,6.68,109019
MVP,20201217,6.68,6.77,6.5,6.69,358713
MVP,20201218,6.55,6.74,6.53,6.74,347896
MVP,20201221,6.73,6.9,6.61,6.68,164481
MVP,20201222,6.7,6.78,6.57,6.67,126693
MVP,20201224,6.81,6.81,6.81,6.81,0
MVP,20201229,6.71,6.74,6.57,6.7,63500
MVP,20201230,6.7,6.76,6.63,6.7,27411
MVP,20201231,6.65,6.71,6.58,6.68,39089
MVP,20210104,6.62,6.64,6.55,6.64,66550
MVP,20210105,6.6,6.6,6.46,6.5,134600
MVP,20210106,6.49,6.5,6.33,6.38,155086
MVP,20210107,6.38,6.42,6.1,6.32,170040
MVP,20210108,6.3,6.45,6.3,6.31,38082
MVP,20210111,6.32,6.5,6.18,6.5,141761
MVP,20210112,6.51,6.56,6.47,6.51,88265
MVP,20210113,6.5,6.68,6.48,6.68,116792
MVP,20210114,6.68,6.88,6.63,6.75,151534
MVP,20210115,6.65,6.8,6.63,6.8,97397
MVP,20210118,6.8,6.84,6.52,6.66,99380
MVP,20210119,6.66,6.7,6.45,6.66,119503
MVP,20210120,6.66,6.84,6.5,6.82,108649
MVP,20210121,6.92,7.2,6.92,7.18,255095
MVP,20210122,7.2,7.24,7.1,7.21,107022
MVP,20210125,7.22,7.22,6.98,7.07,93340
MVP,20210127,7.15,7.19,6.9,6.93,110288
MVP,20210128,6.88,6.9,6.7,6.8,106565
MVP,20210129,6.8,6.91,6.59,6.61,90160
MVP,20210201,6.53,6.64,6.35,6.63,105456
MVP,20210203,6.55,6.62,6.45,6.55,65045
MVP,20210204,6.59,6.59,6.35,6.39,61541
MVP,20210205,6.41,6.53,6.41,6.49,34380
MVP,20210208,6.5,6.55,6.06,6.22,219840
MVP,20210209,6.22,6.39,6.14,6.32,97712
MVP,20210210,6.32,6.33,6.12,6.16,59989
MVP,20210211,6.16,6.2,6.14,6.14,46536
MVP,20210212,6.15,6.24,6.1,6.1,50366
MVP,20210215,6.1,6.25,6.1,6.19,81305
MVP,20210216,6.17,6.32,6.1,6.31,58403
MVP,20210217,6.34,6.38,6.14,6.33,47993
MVP,20210218,6.34,6.34,6.13,6.23,41095
MVP,20210219,6.23,6.23,6.1,6.12,50096
MVP,20210222,6.16,6.21,6.02,6.04,69767
MVP,20210223,6.04,6.05,5.71,5.71,152142
MVP,20210224,5.75,5.79,5.59,5.67,81881
MVP,20210225,5.67,5.75,5.61,5.7,67404
MVP,20210226,5.7,5.94,5.52,5.65,131790
MVP,20210301,5.63,5.64,5.4,5.44,186594
MVP,20210302,5.51,5.76,5.5,5.6,147587
MVP,20210303,5.62,5.62,5.43,5.5,81567
MVP,20210304,5.51,5.51,5.15,5.18,105945
MVP,20210305,5.18,5.19,4.98,5.01,181226
MVP,20210308,5.05,5.46,5.05,5.36,186578
MVP,20210309,5.37,5.4,5.16,5.27,113102
MVP,20210310,5.31,5.44,5.31,5.41,78588
MVP,20210311,5.31,5.44,5.31,5.41,78588
MVP,20210312,5.52,5.8,5.47,5.64,249944
MVP,20210315,5.65,5.79,5.52,5.52,86191
MVP,20210316,5.56,5.67,5.5,5.61,72434
MVP,20210317,5.61,5.65,5.49,5.5,50709
MVP,20210318,5.61,5.65,5.5,5.57,46860
MVP,20210319,5.53,5.56,5.28,5.37,147001
MVP,20210322,5.35,5.54,5.34,5.54,146178
MVP,20210323,5.6,5.71,5.37,5.71,69334
MVP,20210324,5.51,5.64,5.36,5.43,84342
MVP,20210325,5.43,5.43,5.16,5.2,106168
MVP,20210329,5.27,5.5,5.25,5.5,64466
MVP,20210330,5.49,5.49,5.2,5.21,45781
MVP,20210331,5.25,5.38,5.21,5.21,43415
MVP,20210401,5.21,5.37,5.2,5.28,50497
MVP,20210406,5.38,5.42,5.28,5.42,26965
MVP,20210407,5.42,5.5,5.3,5.3,56911
MVP,20210408,5.4,5.5,5.34,5.5,58595
MVP,20210409,5.5,5.57,5.41,5.55,58013
MVP,20210412,5.57,5.63,5.53,5.59,53682
MVP,20210413,5.6,5.71,5.55,5.69,67213
MVP,20210414,5.71,5.98,5.62,5.93,104676
MVP,20210415,5.86,5.93,5.7,5.9,97305
MVP,20210416,5.92,6.15,5.8,5.96,68279
MVP,20210419,5.96,6.09,5.9,5.99,55415
MVP,20210420,6.09,6.25,5.95,6.2,150031
MVP,20210421,6.24,6.24,5.89,5.89,68787
MVP,20210422,5.96,6.07,5.9,6,62811
MVP,20210423,6,6,5.82,5.9,31169
MVP,20210426,5.9,5.9,5.73,5.73,44609
MVP,20210427,5.73,5.73,5.32,5.55,223848
MVP,20210428,5.47,5.59,5.42,5.45,201961
MVP,20210429,5.48,5.57,5.42,5.52,76910
MVP,20210430,5.45,5.68,5.41,5.59,138769
MVP,20210503,5.6,5.7,5.48,5.7,33958
MVP,20210504,5.7,5.74,5.49,5.72,233934
MVP,20210505,5.72,5.78,5.58,5.58,176971
MVP,20210506,5.58,5.67,5.58,5.62,43607
MVP,20210507,5.58,5.63,5.555,5.58,92396
MVP,20210510,5.58,5.68,5.56,5.57,29033
MVP,20210511,5.55,5.64,5.5,5.57,113166
MVP,20210512,5.57,5.64,5.46,5.53,62549
MVP,20210513,5.52,5.52,5.29,5.29,64410
MVP,20210514,5.3,5.54,5.3,5.44,60407
MVP,20210517,5.5,5.55,5.32,5.32,43945
MVP,20210518,5.32,5.32,5.14,5.17,111101
MVP,20210519,5.16,5.2,5.1,5.1,77486
MVP,20210520,5.11,5.14,4.99,5,200497
MVP,20210521,5.01,5.19,5,5,131816
MVP,20210524,5.01,5.1,5.01,5.05,42370
MVP,20210525,5.05,5.1,4.97,5.02,83341
MVP,20210526,5.02,5.02,4.95,4.99,96055
MVP,20210527,4.99,5.06,4.87,5,156116
MVP,20210528,4.92,5.03,4.89,4.98,133012
MVP,20210531,4.89,4.98,4.73,4.74,183544
MVP,20210601,4.89,4.89,4.68,4.78,71944
MVP,20210602,4.77,4.77,4.57,4.71,162136
MVP,20210603,4.71,4.75,4.57,4.68,199589
MVP,20210604,4.68,4.89,4.64,4.86,129091
MVP,20210607,4.86,4.86,4.66,4.715,125302
MVP,20210609,4.73,4.85,4.61,4.61,189181
MVP,20210610,4.64,4.75,4.61,4.64,92947
MVP,20210611,4.64,5.06,4.64,5.01,198682
MVP,20210615,5.1,5.115,4.99,5.05,193668
MVP,20210616,5.05,5.07,4.965,5.03,57998
MVP,20210617,5,5,4.87,4.87,91278
MVP,20210618,4.86,5,4.83,5,126097
MVP,20210621,4.9,4.97,4.81,4.83,72064
MVP,20210622,4.89,4.93,4.82,4.82,62027
MVP,20210623,4.82,4.84,4.69,4.69,123444
MVP,20210625,4.68,4.76,4.64,4.68,304474
MVP,20210628,4.68,4.74,4.6,4.67,138863
MVP,20210629,4.62,4.63,4.48,4.58,261645
MVP,20210630,4.58,4.58,4.45,4.5,200661
MVP,20210701,4.51,4.72,4.51,4.61,147459
MVP,20210705,4.62,4.63,4.46,4.52,104899
MVP,20210706,4.6,4.61,4.44,4.48,105971
MVP,20210707,4.5,4.51,4.39,4.44,158944
MVP,20210708,4.45,4.53,4.4,4.42,78424
MVP,20210709,4.41,4.54,4.39,4.54,78287
MVP,20210712,4.5,4.51,4.395,4.45,71265
MVP,20210714,4.55,4.58,4.47,4.51,96858
MVP,20210715,4.55,4.55,4.37,4.37,102195
MVP,20210716,4.19,4.22,4.03,4.12,432289
MVP,20210719,4.12,4.18,4.07,4.18,177908
MVP,20210720,4.06,4.12,3.9,3.98,295344
MVP,20210723,4.02,4.04,3.91,4,225508
MVP,20210726,4,4.04,3.98,4.04,64639
MVP,20210727,4.04,4.04,3.92,3.92,141911
MVP,20210728,3.93,3.93,3.8,3.81,198826
MVP,20210729,3.81,3.83,3.78,3.8,87880
MVP,20210730,3.77,3.77,3.68,3.77,182026
MVP,20210802,3.78,4.03,3.78,4.03,98964
MVP,20210803,3.99,4.22,3.99,4.2,171533
MVP,20210804,4.18,4.23,4.12,4.2,117018
MVP,20210805,4.18,4.28,4.17,4.25,108174
MVP,20210806,4.22,4.22,4.16,4.18,70878
MVP,20210809,4.22,4.22,4.14,4.18,109754
MVP,20210810,4.17,4.27,4.17,4.17,86568
MVP,20210811,4.17,4.24,4.13,4.18,116097
MVP,20210812,4.21,4.22,4.03,4.05,120115
MVP,20210813,4.06,4.1,4,4.07,139065
MVP,20210819,4.06,4.07,4,4,85956
MVP,20210820,4.01,4.06,3.99,3.99,74113
MVP,20210823,4.03,4.05,3.91,3.91,58865
MVP,20210824,3.91,4.09,3.9,4.03,109609
MVP,20210825,4.02,4.02,3.85,3.9,186156
MVP,20210826,3.95,3.99,3.82,3.95,147697
MVP,20210827,3.96,3.99,3.9,3.92,145902
MVP,20210830,3.98,3.98,3.87,3.9,227250
MVP,20210831,3.91,3.92,3.64,3.64,559981
MVP,20210901,3.67,3.72,3.41,3.63,323205
MVP,20210902,3.61,3.63,3.5,3.55,351863
MVP,20210903,3.6,3.63,3.47,3.51,309381
MVP,20210906,3.54,3.65,3.34,3.35,456156
MVP,20210907,3.35,3.5,3.21,3.5,650589
MVP,20210908,3.48,3.61,3.32,3.59,580800
MVP,20210909,3.6,3.84,3.57,3.7,425372
MVP,20210910,3.72,3.81,3.71,3.72,294528
MVP,20210913,3.72,3.75,3.7,3.71,240111
MVP,20210914,3.71,3.92,3.71,3.89,335200
MVP,20210915,3.9,4.11,3.9,4.11,1096654
MVP,20210916,4.15,4.39,4.15,4.36,252858
MVP,20210917,4.36,4.4,4.05,4.16,1111048
MVP,20210920,4.16,4.3,4.1,4.23,180130
MVP,20210922,4.21,5.08,4.15,4.99,856027
MVP,20210923,5,5.25,4.67,5.23,709110
MVP,20210924,5.25,5.28,5.03,5.23,308785
MVP,20210927,5.25,5.25,5.1,5.13,100885
MVP,20210928,5.13,5.25,5.05,5.06,180215
MVP,20210929,5.01,5.2,4.9,5.16,161920
MVP,20210930,5.13,5.34,5.1,5.18,172664
MVP,20211001,5.16,5.3,5.1,5.29,150515
MVP,20211004,5.29,5.32,5.03,5.03,183350
MVP,20211005,5,5.12,4.88,5.1,201333
MVP,20211006,5.26,5.26,5.1,5.2,157801
MVP,20211007,5.25,5.27,5.13,5.21,155136
MVP,20211008,5.23,5.3,5.07,5.17,162451
MVP,20211011,5.15,5.28,4.91,4.95,244014
MVP,20211012,5.15,5.28,4.91,4.95,246083
MVP,20211013,4.93,5.05,4.87,5.02,62292
MVP,20211014,5.04,5.09,5,5.05,65743
MVP,20211019,4.89,5.06,4.87,4.99,68478
MVP,20211020,5.06,5.16,4.91,4.91,139815
MVP,20211021,5,5.04,4.9,4.99,79287
MVP,20211022,5,5,4.83,4.91,47856
MVP,20211025,4.91,5.03,4.73,4.74,178696
MVP,20211026,4.78,4.98,4.76,4.89,68344
MVP,20211028,4.8,4.8,4.7,4.71,54055
MVP,20211029,4.81,5,4.75,4.93,119808
MVP,20211101,4.89,5.04,4.89,5.02,46515
MVP,20211102,5.03,5.16,5.01,5.05,59617
MVP,20211103,5.04,5.14,4.99,5.07,81955
MVP,20211104,5.05,5.13,4.99,5.05,68852
MVP,20211105,5.07,5.09,4.99,5.06,48054
MVP,20211109,5.08,5.13,4.98,5.04,100497
MVP,20211110,4.98,4.99,4.9,4.93,60593
MVP,20211112,4.92,4.94,4.84,4.92,35849
MVP,20211115,4.92,5.05,4.86,4.89,96860
MVP,20211116,4.86,4.91,4.81,4.91,68231
MVP,20211117,4.92,4.94,4.81,4.93,44214
MVP,20211118,4.93,4.93,4.85,4.88,41790
MVP,20211119,4.88,4.9,4.85,4.9,38008
MVP,20211122,4.9,4.965,4.87,4.92,53336
MVP,20211123,4.92,4.98,4.88,4.98,35798
MVP,20211124,4.91,4.97,4.9,4.91,47500
MVP,20211125,4.96,5.12,4.91,5.08,69847
MVP,20211126,5.05,5.06,4.77,4.88,198580
MVP,20211129,4.68,4.74,4.6,4.74,607092
MVP,20211130,4.75,4.9,4.7,4.81,66779
MVP,20211201,4.9,4.9,4.76,4.87,54492
MVP,20211202,4.85,4.94,4.79,4.94,65059
MVP,20211203,4.92,5.05,4.84,4.95,192098
MVP,20211206,4.95,5,4.87,5,35770
MVP,20211207,5,5.12,4.96,5.08,88568
MVP,20211208,5.1,5.3,5.1,5.2,274824
MVP,20211209,5.2,5.23,5.12,5.2,69579
MVP,20211210,5.22,5.22,5.1,5.16,62749
MVP,20211213,5.16,5.16,5.03,5.13,78888
MVP,20211214,5.03,5.07,5,5.06,45253
MVP,20211216,5.15,5.23,5.08,5.16,76407
MVP,20211217,5.2,5.21,5.08,5.1,42074
MVP,20211220,5.14,5.18,5.11,5.15,37303
MVP,20211221,5.15,5.2,5.05,5.18,59170
MVP,20211222,5.2,5.24,5.11,5.23,94959
MVP,20211223,5.25,5.45,5.11,5.2,138234
MVP,20211224,5.2,5.31,5.15,5.23,68297
MVP,20211229,5.25,5.27,5.15,5.17,29742
MVP,20211230,5.22,5.22,5.05,5.05,31825
MVP,20211231,5.05,5.08,4.83,5,70373
MVP,20220104,5,5.08,4.94,5.05,69988
MVP,20220105,5.09,5.18,5.04,5.18,56071
MVP,20220106,5.13,5.13,4.92,4.94,75777
MVP,20220107,4.94,5.09,4.94,5.02,30932
MVP,20220110,5.02,5.02,4.75,4.85,102933
MVP,20220111,4.85,4.85,4.67,4.69,70574
MVP,20220112,4.75,4.85,4.7,4.78,55844
MVP,20220113,4.8,4.8,4.66,4.68,49485
MVP,20220114,4.66,4.74,4.52,4.7,75932
MVP,20220117,4.8,4.8,4.56,4.62,51096
MVP,20220118,4.67,4.67,4.55,4.62,29553
MVP,20220119,4.6,4.6,4.44,4.45,71082
MVP,20220120,4.55,4.64,4.47,4.58,23561
MVP,20220121,4.58,4.58,4.44,4.45,45744
MVP,20220124,4.45,4.45,4.25,4.3,91890
MVP,20220125,4.22,4.31,4.15,4.15,88871
MVP,20220127,4.2,4.3,4,4.11,102614
MVP,20220128,4.13,4.46,4.13,4.44,31250
MVP,20220131,4.5,4.7,4.48,4.7,41133
MVP,20220201,4.7,4.75,4.6,4.62,44367
MVP,20220202,4.62,4.7,4.59,4.6,24847
MVP,20220203,4.63,4.68,4.42,4.48,66336
MVP,20220204,4.45,4.55,4.21,4.29,97375
MVP,20220207,4.3,4.35,4.13,4.2,62613
MVP,20220208,4.3,4.33,4.13,4.28,60417
MVP,20220209,4.2,4.25,4.13,4.16,60923
MVP,20220210,4.19,4.22,4,4.01,103646
MVP,20220211,4.03,4.03,3.88,3.96,78460
MVP,20220214,3.97,3.97,3.82,3.88,60201
MVP,20220215,3.88,3.88,3.77,3.8,87410
MVP,20220216,3.84,3.89,3.82,3.82,58160
MVP,20220217,3.88,3.96,3.72,3.76,122179
MVP,20220218,3.8,3.8,3.68,3.7,59026
MVP,20220221,3.7,3.75,3.66,3.66,56476
MVP,20220222,3.66,3.68,3.53,3.65,82791
MVP,20220223,3.65,3.75,3.53,3.62,76162
MVP,20220224,3.63,3.67,3.56,3.61,62676
MVP,20220225,3.6,3.6,3.36,3.55,230674
MVP,20220228,3.59,3.59,3.4,3.41,85835
MVP,20220301,3.41,3.41,3.41,3.41,0
MVP,20220302,4,4.61,3.94,4.49,889079
MVP,20220303,4.52,4.66,4.21,4.23,357420
MVP,20220304,4.23,4.23,3.86,3.88,242341
MVP,20220307,3.9,3.9,3.64,3.7,88210
MVP,20220308,3.79,3.79,3.5,3.64,106844
MVP,20220309,3.78,3.815,3.65,3.72,58008
MVP,20220310,3.86,3.99,3.73,3.99,46526
MVP,20220311,3.94,3.99,3.76,3.99,62022
MVP,20220314,3.99,3.99,3.77,3.79,76900
MVP,20220315,3.78,3.79,3.62,3.63,144674
MVP,20220316,0,0,0,0,0
MVP,20220317,3.85,3.87,3.73,3.81,40193
MVP,20220318,3.83,3.89,3.74,3.89,44818
MVP,20220321,3.97,3.97,3.78,3.79,38585
MVP,20220322,3.79,3.85,3.65,3.65,32019
MVP,20220323,3.72,3.855,3.71,3.79,45396
MVP,20220324,3.8,3.835,3.72,3.77,73971
MVP,20220325,3.8,4,3.75,3.97,95296
MVP,20220328,3.97,4.05,3.87,3.92,123477
MVP,20220329,3.92,4.12,3.91,3.94,52334
MVP,20220330,3.93,3.98,3.835,3.94,53025
MVP,20220331,3.83,3.93,3.81,3.93,21640
MVP,20220401,3.95,3.95,3.81,3.84,50279
MVP,20220404,3.81,3.84,3.75,3.79,62329
MVP,20220405,3.77,3.85,3.75,3.85,48487
MVP,20220406,3.85,3.85,3.76,3.8,28718
MVP,20220407,3.82,3.82,3.76,3.78,15116
MVP,20220408,3.78,3.78,3.75,3.75,20885
MVP,20220411,3.75,3.78,3.73,3.78,19725
MVP,20220412,3.71,3.79,3.71,3.73,20290
MVP,20220413,3.73,3.74,3.62,3.65,43104
MVP,20220414,3.65,3.65,3.6,3.64,50037
MVP,20220419,3.7,3.7,3.63,3.64,33044
MVP,20220420,3.66,3.67,3.6,3.61,28723
MVP,20220421,3.66,3.67,3.6,3.61,28723
MVP,20220422,3.51,3.63,3.5,3.57,51648
MVP,20220426,3.53,3.58,3.5,3.53,31350
MVP,20220427,3.56,3.56,3.46,3.5,54807
MVP,20220428,3.5,3.51,3.41,3.43,21020
MVP,20220429,3.44,3.51,3.42,3.51,45178
MVP,20220502,3.5,3.55,3.43,3.51,25041
MVP,20220503,3.51,3.51,3.45,3.48,14982
MVP,20220504,3.48,3.49,3.45,3.45,9201
MVP,20220505,3.46,3.465,3.26,3.32,107916
MVP,20220506,3.29,3.34,3.23,3.27,48934
MVP,20220509,3.315,3.315,3.1,3.11,28243
MVP,20220510,3.11,3.14,2.98,3.01,84162
MVP,20220511,3.09,3.1,2.89,2.99,147362
MVP,20220512,2.99,2.99,2.84,2.99,39485
MVP,20220513,2.98,3.02,2.92,3.02,117346
MVP,20220516,3.08,3.08,2.9,2.93,42962
MVP,20220517,3,3,2.86,2.87,42219
MVP,20220518,2.91,2.98,2.84,2.85,48932
MVP,20220519,2.87,2.99,2.85,2.85,100110
MVP,20220520,2.95,3,2.85,3,38209
MVP,20220523,2.99,2.99,2.83,2.91,41627
MVP,20220524,2.86,2.86,2.8,2.8,50042
MVP,20220525,2.79,2.79,2.6,2.69,61382
MVP,20220526,2.69,2.72,2.52,2.72,45547
MVP,20220527,2.63,2.7,2.52,2.53,66499
MVP,20220530,2.54,2.68,2.54,2.63,50380
MVP,20220531,2.63,2.63,2.54,2.63,88919
MVP,20220601,2.63,2.69,2.55,2.55,58406
MVP,20220602,2.54,2.57,2.52,2.53,74885
MVP,20220603,2.52,2.58,2.41,2.52,104309
MVP,20220606,2.5,2.56,2.42,2.5,101026
MVP,20220607,2.5,2.58,2.47,2.55,162701
MVP,20220608,2.51,2.525,2.42,2.42,94156
MVP,20220609,2.45,2.45,2.18,2.2,128890
MVP,20220610,2.18,2.18,2.01,2.06,211588
MVP,20220614,2,2,1.9,1.97,175012
MVP,20220615,1.97,1.97,1.755,1.755,148333
MVP,20220616,1.77,1.87,1.75,1.76,123167
MVP,20220617,1.75,1.75,1.62,1.68,155680
MVP,20220620,1.68,1.715,1.6,1.65,126073
MVP,20220621,1.65,1.68,1.605,1.605,206346
MVP,20220622,1.64,1.75,1.605,1.71,285967
MVP,20220623,1.69,1.7,1.555,1.575,130554
MVP,20220624,1.57,1.66,1.54,1.54,305835
MVP,20220627,1.56,1.595,1.45,1.485,203019
MVP,20220628,1.47,1.54,1.47,1.485,137123
MVP,20220629,1.47,1.475,1.395,1.405,170046
MVP,20220630,1.425,1.46,1.4,1.46,201241
MVP,20220701,1.425,1.65,1.41,1.61,174388
MVP,20220704,1.66,1.845,1.66,1.74,138616
MVP,20220705,1.74,1.765,1.68,1.72,81467
MVP,20220706,1.78,1.845,1.735,1.755,161878
MVP,20220707,1.75,1.76,1.72,1.73,36104
MVP,20220708,1.74,1.945,1.74,1.93,191600
MVP,20220711,1.94,1.98,1.87,1.87,124542
MVP,20220712,1.9,1.925,1.86,1.86,60050
MVP,20220713,1.87,1.875,1.75,1.75,68803
MVP,20220714,1.76,1.82,1.75,1.75,30175
MVP,20220715,1.76,1.835,1.76,1.83,27671
MVP,20220718,1.85,1.88,1.815,1.835,37990
MVP,20220719,1.845,1.94,1.84,1.93,61192
MVP,20220720,1.955,2.32,1.955,2.21,167838
MVP,20220721,2.23,2.3,2.1,2.12,93929
MVP,20220722,2.13,2.46,2.13,2.41,125123
MVP,20220725,2.41,2.44,2.3,2.44,40373
MVP,20220726,2.41,2.43,2.33,2.34,40199
MVP,20220727,2.43,2.43,2.27,2.34,60532
MVP,20220728,2.35,2.43,2.35,2.38,15252
MVP,20220729,2.45,2.59,2.39,2.52,91462
MVP,20220801,2.6,2.75,2.52,2.52,63457
MVP,20220802,2.55,2.555,2.46,2.47,69666
MVP,20220803,2.5,2.5,2.37,2.4,67020
MVP,20220805,2.4,2.5,2.37,2.4,0
MVP,20220808,2.01,2.02,1.93,1.94,1159813
MVP,20220809,1.975,1.99,1.945,1.95,386788
MVP,20220810,1.97,1.975,1.94,1.96,426649
MVP,20220811,1.97,2.05,1.945,2,574473
MVP,20220812,2.02,2.04,1.96,2,365307
MVP,20220815,2,2.03,1.955,1.98,345590
MVP,20220816,2,2.03,1.975,1.98,306241
MVP,20220817,2,2,1.92,1.96,305463
MVP,20220818,1.98,1.98,1.94,1.96,172554
MVP,20220819,1.96,1.96,1.885,1.93,286888
MVP,20220822,1.95,1.95,1.855,1.86,182911
MVP,20220823,1.86,1.91,1.855,1.88,125596
MVP,20220824,1.9,1.93,1.87,1.87,131305
MVP,20220825,1.875,1.895,1.84,1.845,135888
MVP,20220826,1.88,1.93,1.87,1.89,116425
MVP,20220829,1.9,1.9,1.755,1.755,194392
MVP,20220830,1.77,1.77,1.67,1.73,310452
MVP,20220831,1.76,1.8,1.73,1.73,177637
MVP,20220901,1.78,1.785,1.73,1.73,74226
MVP,20220902,1.73,1.76,1.71,1.715,101873
MVP,20220905,1.73,1.765,1.68,1.71,97380
MVP,20220906,1.75,1.79,1.71,1.735,121910
MVP,20220907,1.8,1.8,1.705,1.77,78630
MVP,20220909,1.8,1.865,1.8,1.83,583884
MVP,20220912,1.86,1.87,1.78,1.82,133738
MVP,20220913,1.83,1.85,1.755,1.78,98926
MVP,20220914,1.725,1.745,1.71,1.725,64241
MVP,20220915,1.745,1.8,1.705,1.71,159665
MVP,20220916,1.705,1.8,1.67,1.67,161882
