OBL,20160212,0.002,0.002,0.002,0.002,0
OBL,20160215,0.002,0.002,0.002,0.002,0
OBL,20160216,0.002,0.002,0.002,0.002,0
OBL,20160217,0.002,0.002,0.002,0.002,0
OBL,20160218,0.002,0.002,0.002,0.002,0
OBL,20160219,0.002,0.002,0.002,0.002,0
OBL,20160222,0.002,0.002,0.002,0.002,280000
OBL,20160223,0.002,0.002,0.002,0.002,0
OBL,20160224,0.002,0.003,0.002,0.003,3521000
OBL,20160225,0.003,0.003,0.003,0.003,0
OBL,20160226,0.002,0.002,0.002,0.002,2000000
OBL,20160229,0.002,0.002,0.002,0.002,250000
OBL,20160301,0.002,0.002,0.002,0.002,0
OBL,20160302,0.002,0.002,0.002,0.002,550500
OBL,20160303,0.002,0.002,0.002,0.002,0
OBL,20160304,0.002,0.002,0.002,0.002,1500000
OBL,20160307,0.002,0.002,0.002,0.002,1000000
OBL,20160308,0.002,0.002,0.002,0.002,2200000
OBL,20160309,0.002,0.002,0.002,0.002,0
OBL,20160310,0.002,0.002,0.002,0.002,0
OBL,20160311,0.002,0.002,0.002,0.002,0
OBL,20160314,0.002,0.002,0.002,0.002,0
OBL,20160315,0.002,0.002,0.002,0.002,1350000
OBL,20160316,0.002,0.002,0.002,0.002,0
OBL,20160317,0.002,0.002,0.002,0.002,0
OBL,20160318,0.002,0.002,0.002,0.002,0
OBL,20160321,0.001,0.002,0.001,0.002,1003752
OBL,20160322,0.002,0.002,0.002,0.002,0
OBL,20160323,0.002,0.002,0.002,0.002,0
OBL,20160324,0.002,0.002,0.002,0.002,0
OBL,20160329,0.002,0.002,0.002,0.002,0
OBL,20160330,0.002,0.002,0.002,0.002,0
OBL,20160331,0.001,0.002,0.001,0.002,1500000
OBL,20160401,0.002,0.002,0.002,0.002,0
OBL,20160404,0.001,0.001,0.001,0.001,100000
OBL,20160405,0.002,0.002,0.002,0.002,1500000
OBL,20160406,0.001,0.001,0.001,0.001,53708604
OBL,20160407,0.001,0.001,0.001,0.001,16270000
OBL,20160408,0.001,0.001,0.001,0.001,25855427
OBL,20160411,0.001,0.001,0.001,0.001,10001626
OBL,20160412,0.001,0.001,0.001,0.001,0
OBL,20160413,0.001,0.001,0.001,0.001,7954651
OBL,20160421,0.013,0.013,0.01,0.011,689553
OBL,20160422,0.01,0.01,0.01,0.01,1096110
OBL,20160426,0.01,0.011,0.01,0.011,1350000
OBL,20160427,0.01,0.01,0.01,0.01,76835
OBL,20160428,0.01,0.01,0.01,0.01,0
OBL,20160429,0.01,0.01,0.01,0.01,0
OBL,20160502,0.009,0.009,0.009,0.009,306250
OBL,20160503,0.009,0.009,0.008,0.008,264750
OBL,20160504,0.009,0.009,0.009,0.009,70000
OBL,20160505,0.008,0.01,0.008,0.009,1543725
OBL,20160506,0.009,0.01,0.009,0.01,800000
OBL,20160509,0.009,0.01,0.009,0.01,585275
OBL,20160510,0.008,0.009,0.008,0.009,323775
OBL,20160511,0.008,0.008,0.008,0.008,529000
OBL,20160512,0.008,0.009,0.008,0.009,935500
OBL,20160513,0.008,0.009,0.008,0.009,650643
OBL,20160516,0.008,0.009,0.008,0.009,950000
OBL,20160517,0.008,0.009,0.008,0.009,655940
OBL,20160518,0.008,0.009,0.008,0.009,1350000
OBL,20160519,0.008,0.008,0.008,0.008,883250
OBL,20160520,0.008,0.008,0.008,0.008,570000
OBL,20160523,0.008,0.009,0.008,0.009,70000
OBL,20160524,0.009,0.009,0.009,0.009,660359
OBL,20160525,0.01,0.01,0.01,0.01,1061071
OBL,20160526,0.009,0.009,0.009,0.009,967631
OBL,20160527,0.008,0.009,0.008,0.008,2504000
OBL,20160530,0.008,0.008,0.006,0.006,1500000
OBL,20160531,0.007,0.007,0.006,0.006,1672000
OBL,20160601,0.006,0.006,0.006,0.006,10000
OBL,20160602,0.006,0.006,0.006,0.006,268450
OBL,20160603,0.006,0.006,0.006,0.006,2251234
OBL,20160606,0.006,0.006,0.006,0.006,0
OBL,20160607,0.007,0.007,0.007,0.007,100000
OBL,20160608,0.007,0.007,0.007,0.007,0
OBL,20160609,0.007,0.007,0.007,0.007,0
OBL,20160610,0.007,0.007,0.007,0.007,32000
OBL,20160614,0.007,0.007,0.007,0.007,239571
OBL,20160615,0.007,0.007,0.007,0.007,57700
OBL,20160616,0.007,0.007,0.007,0.007,42102
OBL,20160617,0.007,0.007,0.007,0.007,29498
OBL,20160620,0.007,0.007,0.007,0.007,0
OBL,20160621,0.007,0.007,0.007,0.007,1000502
OBL,20160622,0.007,0.007,0.007,0.007,149498
OBL,20160623,0.006,0.006,0.006,0.006,1801750
OBL,20160624,0.006,0.006,0.006,0.006,1822050
OBL,20160627,0.006,0.006,0.006,0.006,546
OBL,20160628,0.005,0.006,0.005,0.006,3423531
OBL,20160629,0.006,0.006,0.006,0.006,1000000
OBL,20160630,0.006,0.007,0.006,0.006,2079704
OBL,20160701,0.006,0.006,0.006,0.006,500000
OBL,20160704,0.006,0.006,0.006,0.006,500000
OBL,20160705,0.007,0.007,0.007,0.007,2000000
OBL,20160706,0.007,0.007,0.007,0.007,1655399
OBL,20160707,0.007,0.007,0.007,0.007,0
OBL,20160708,0.007,0.007,0.007,0.007,0
OBL,20160711,0.007,0.007,0.007,0.007,0
OBL,20160712,0.007,0.007,0.007,0.007,0
OBL,20160713,0.007,0.011,0.007,0.009,6870777
OBL,20160714,0.008,0.011,0.008,0.01,23495646
OBL,20160715,0.01,0.01,0.009,0.009,646927
OBL,20160718,0.009,0.009,0.009,0.009,0
OBL,20160719,0.01,0.01,0.01,0.01,495261
OBL,20160720,0.01,0.011,0.01,0.011,1562978
OBL,20160721,0.01,0.01,0.009,0.009,114900
OBL,20160722,0.008,0.008,0.008,0.008,100
OBL,20160725,0.008,0.008,0.008,0.008,0
OBL,20160726,0.01,0.01,0.01,0.01,1000000
OBL,20160727,0.01,0.01,0.01,0.01,498000
OBL,20160728,0.01,0.01,0.01,0.01,486500
OBL,20160729,0.01,0.01,0.01,0.01,355000
OBL,20160801,0.01,0.011,0.01,0.01,300000
OBL,20160802,0.01,0.01,0.01,0.01,0
OBL,20160803,0.01,0.01,0.01,0.01,0
OBL,20160804,0.009,0.009,0.009,0.009,42500
OBL,20160805,0.009,0.009,0.009,0.009,0
OBL,20160808,0.009,0.009,0.009,0.009,0
OBL,20160809,0.011,0.012,0.01,0.01,110000
OBL,20160810,0.01,0.01,0.01,0.01,0
OBL,20160811,0.01,0.01,0.01,0.01,0
OBL,20160812,0.011,0.011,0.01,0.01,436857
OBL,20160815,0.01,0.01,0.01,0.01,310000
OBL,20160816,0.011,0.011,0.011,0.011,500000
OBL,20160817,0.011,0.011,0.011,0.011,0
OBL,20160818,0.011,0.011,0.011,0.011,0
OBL,20160822,0.007,0.007,0.006,0.006,1900000
OBL,20160823,0.007,0.007,0.007,0.007,853200
OBL,20160824,0.007,0.007,0.007,0.007,0
OBL,20160825,0.007,0.007,0.006,0.006,1274999
OBL,20160826,0.007,0.007,0.007,0.007,500000
OBL,20160829,0.007,0.007,0.007,0.007,0
OBL,20160830,0.007,0.007,0.007,0.007,0
OBL,20160831,0.007,0.007,0.007,0.007,100000
OBL,20160901,0.007,0.007,0.007,0.007,0
OBL,20160902,0.006,0.006,0.006,0.006,185000
OBL,20160905,0.006,0.006,0.006,0.006,0
OBL,20160906,0.006,0.006,0.006,0.006,28500
OBL,20160907,0.006,0.006,0.006,0.006,0
OBL,20160908,0.006,0.006,0.006,0.006,0
OBL,20160909,0.006,0.006,0.006,0.006,0
OBL,20160912,0.006,0.006,0.006,0.006,0
OBL,20160913,0.006,0.006,0.006,0.006,0
OBL,20160914,0.006,0.007,0.006,0.007,135900
OBL,20160915,0.007,0.007,0.007,0.007,62500
OBL,20160916,0.007,0.007,0.007,0.007,0
OBL,20160919,0.007,0.007,0.007,0.007,0
OBL,20160920,0.007,0.007,0.007,0.007,0
OBL,20160921,0.007,0.007,0.007,0.007,900000
OBL,20160922,0.007,0.007,0.007,0.007,0
OBL,20160923,0.007,0.007,0.007,0.007,399393
OBL,20160926,0.007,0.007,0.007,0.007,0
OBL,20160927,0.007,0.007,0.007,0.007,18761
OBL,20160928,0.007,0.007,0.007,0.007,0
OBL,20160929,0.007,0.007,0.007,0.007,126765
OBL,20160930,0.007,0.007,0.007,0.007,528100
OBL,20161003,0.007,0.007,0.007,0.007,280
OBL,20161004,0.007,0.007,0.007,0.007,582720
OBL,20161005,0.007,0.007,0.007,0.007,0
OBL,20161006,0.007,0.007,0.007,0.007,0
OBL,20161007,0.007,0.007,0.007,0.007,0
OBL,20161010,0.007,0.007,0.007,0.007,0
OBL,20161011,0.007,0.007,0.007,0.007,0
OBL,20161012,0.007,0.007,0.007,0.007,0
OBL,20161013,0.007,0.007,0.007,0.007,0
OBL,20161014,0.007,0.007,0.007,0.007,0
OBL,20161017,0.007,0.007,0.007,0.007,0
OBL,20161018,0.007,0.007,0.007,0.007,0
OBL,20161019,0.007,0.007,0.007,0.007,0
OBL,20161020,0.006,0.006,0.006,0.006,320000
OBL,20161021,0.007,0.007,0.007,0.007,2439400
OBL,20161024,0.006,0.006,0.006,0.006,234057
OBL,20161025,0.006,0.006,0.006,0.006,150000
OBL,20161026,0.006,0.006,0.006,0.006,76000
OBL,20161027,0.006,0.006,0.006,0.006,0
OBL,20161028,0.006,0.006,0.006,0.006,0
OBL,20161031,0.006,0.006,0.006,0.006,0
OBL,20161101,0.006,0.006,0.006,0.006,0
OBL,20161102,0.006,0.006,0.006,0.006,400000
OBL,20161103,0.006,0.006,0.006,0.006,0
OBL,20161104,0.006,0.006,0.006,0.006,35000
OBL,20161107,0.006,0.006,0.006,0.006,34581
OBL,20161108,0.006,0.006,0.006,0.006,0
OBL,20161109,0.006,0.006,0.006,0.006,560183
OBL,20161110,0.006,0.006,0.006,0.006,84000
OBL,20161111,0.005,0.005,0.005,0.005,334581
OBL,20161114,0.005,0.005,0.005,0.005,0
OBL,20161115,0.005,0.005,0.005,0.005,0
OBL,20161116,0.005,0.005,0.005,0.005,0
OBL,20161117,0.005,0.005,0.005,0.005,2000000
OBL,20161118,0.005,0.005,0.005,0.005,0
OBL,20161121,0.005,0.005,0.005,0.005,0
OBL,20161122,0.005,0.005,0.005,0.005,0
OBL,20161123,0.005,0.005,0.005,0.005,100000
OBL,20161124,0.005,0.005,0.005,0.005,0
OBL,20161125,0.005,0.005,0.005,0.005,0
OBL,20161128,0.005,0.005,0.005,0.005,484419
OBL,20161129,0.005,0.005,0.005,0.005,100000
OBL,20161130,0.005,0.005,0.005,0.005,500000
OBL,20161201,0.005,0.005,0.005,0.005,0
OBL,20161202,0.004,0.004,0.004,0.004,2
OBL,20161205,0.004,0.004,0.004,0.004,0
OBL,20161206,0.004,0.004,0.004,0.004,0
OBL,20161207,0.004,0.004,0.004,0.004,1000000
OBL,20161208,0.004,0.004,0.004,0.004,0
OBL,20161209,0.004,0.004,0.004,0.004,0
OBL,20161212,0.005,0.005,0.005,0.005,40000
OBL,20161213,0.005,0.005,0.005,0.005,0
OBL,20161214,0.005,0.005,0.005,0.005,0
OBL,20161215,0.004,0.004,0.004,0.004,20000
OBL,20161216,0.004,0.004,0.004,0.004,0
OBL,20161219,0.004,0.004,0.004,0.004,0
OBL,20161220,0.004,0.004,0.004,0.004,0
OBL,20161221,0.004,0.004,0.004,0.004,0
OBL,20161222,0.004,0.004,0.004,0.004,0
OBL,20161223,0.004,0.004,0.004,0.004,0
OBL,20161228,0.004,0.004,0.004,0.004,0
OBL,20161229,0.004,0.004,0.004,0.004,0
OBL,20161230,0.004,0.004,0.004,0.004,100000
OBL,20170103,0.004,0.004,0.004,0.004,2500
OBL,20170104,0.004,0.004,0.004,0.004,0
OBL,20170105,0.004,0.004,0.004,0.004,0
OBL,20170106,0.004,0.004,0.004,0.004,0
OBL,20170109,0.004,0.004,0.004,0.004,298700
OBL,20170110,0.004,0.004,0.004,0.004,0
OBL,20170111,0.004,0.004,0.004,0.004,0
OBL,20170112,0.004,0.004,0.004,0.004,10000
OBL,20170113,0.004,0.004,0.004,0.004,0
OBL,20170116,0.004,0.004,0.004,0.004,0
OBL,20170117,0.004,0.004,0.004,0.004,0
OBL,20170118,0.004,0.004,0.004,0.004,3336229
OBL,20170119,0.004,0.004,0.004,0.004,0
OBL,20170120,0.004,0.004,0.004,0.004,0
OBL,20170123,0.004,0.004,0.004,0.004,0
OBL,20170124,0.004,0.004,0.004,0.004,0
OBL,20170125,0.004,0.004,0.004,0.004,0
OBL,20170127,0.004,0.004,0.004,0.004,0
OBL,20170130,0.004,0.004,0.004,0.004,0
OBL,20170131,0.004,0.004,0.004,0.004,0
OBL,20170201,0.004,0.004,0.004,0.004,0
OBL,20170202,0.003,0.003,0.003,0.003,157000
OBL,20170203,0.004,0.004,0.004,0.004,130000
OBL,20170206,0.004,0.004,0.004,0.004,0
OBL,20170207,0.004,0.004,0.004,0.004,0
OBL,20170208,0.003,0.003,0.003,0.003,3300001
OBL,20170209,0.003,0.003,0.003,0.003,0
OBL,20170210,0.003,0.003,0.003,0.003,0
OBL,20170213,0.003,0.003,0.003,0.003,0
OBL,20170214,0.003,0.003,0.003,0.003,0
OBL,20170215,0.003,0.003,0.003,0.003,10
OBL,20170216,0.003,0.003,0.003,0.003,0
OBL,20170217,0.003,0.003,0.003,0.003,0
OBL,20170220,0.003,0.003,0.003,0.003,0
OBL,20170221,0.004,0.004,0.004,0.004,250000
OBL,20170222,0.004,0.004,0.004,0.004,0
OBL,20170223,0.004,0.004,0.004,0.004,0
OBL,20170224,0.004,0.004,0.004,0.004,0
OBL,20170227,0.004,0.004,0.004,0.004,0
OBL,20170228,0.004,0.004,0.004,0.004,0
OBL,20170301,0.004,0.004,0.004,0.004,0
OBL,20170302,0.004,0.004,0.004,0.004,0
OBL,20170303,0.004,0.004,0.004,0.004,0
OBL,20170306,0.004,0.004,0.004,0.004,0
OBL,20170307,0.004,0.004,0.004,0.004,0
OBL,20170308,0.004,0.004,0.004,0.004,0
OBL,20170309,0.004,0.004,0.004,0.004,0
OBL,20170310,0.004,0.004,0.004,0.004,0
OBL,20170313,0.004,0.004,0.004,0.004,0
OBL,20170314,0.004,0.004,0.004,0.004,0
OBL,20170315,0.004,0.004,0.004,0.004,5774174
OBL,20170316,0.004,0.004,0.003,0.003,275413
OBL,20170317,0.003,0.003,0.003,0.003,0
OBL,20170320,0.003,0.003,0.003,0.003,0
OBL,20170321,0.003,0.003,0.003,0.003,0
OBL,20170322,0.003,0.003,0.003,0.003,1
OBL,20170323,0.003,0.003,0.003,0.003,0
OBL,20170324,0.003,0.003,0.003,0.003,0
OBL,20170327,0.004,0.004,0.004,0.004,584952
OBL,20170328,0.003,0.003,0.003,0.003,74900
OBL,20170329,0.003,0.003,0.003,0.003,0
OBL,20170330,0.003,0.003,0.003,0.003,0
OBL,20170331,0.004,0.004,0.004,0.004,375000
OBL,20170403,0.004,0.004,0.004,0.004,940948
OBL,20170404,0.004,0.004,0.004,0.004,100000
OBL,20170405,0.004,0.004,0.004,0.004,0
OBL,20170406,0.005,0.006,0.005,0.006,3857718
OBL,20170407,0.006,0.006,0.006,0.006,62848
OBL,20170410,0.006,0.006,0.006,0.006,1460752
OBL,20170411,0.006,0.006,0.006,0.006,0
OBL,20170412,0.006,0.006,0.006,0.006,0
OBL,20170413,0.005,0.005,0.005,0.005,1964999
OBL,20170418,0.005,0.005,0.005,0.005,0
OBL,20170419,0.005,0.005,0.005,0.005,600000
OBL,20170420,0.005,0.005,0.005,0.005,1454750
OBL,20170421,0.005,0.005,0.005,0.005,544500
OBL,20170424,0.005,0.005,0.005,0.005,206000
OBL,20170426,0.005,0.005,0.005,0.005,0
OBL,20170427,0.005,0.005,0.005,0.005,0
OBL,20170428,0.005,0.005,0.005,0.005,0
OBL,20170501,0.005,0.005,0.005,0.005,0
OBL,20170502,0.005,0.005,0.005,0.005,99999
OBL,20170503,0.005,0.005,0.005,0.005,0
OBL,20170504,0.005,0.005,0.005,0.005,1
OBL,20170505,0.005,0.005,0.005,0.005,0
OBL,20170508,0.005,0.005,0.005,0.005,0
OBL,20170509,0.005,0.005,0.005,0.005,0
OBL,20170510,0.005,0.005,0.005,0.005,0
OBL,20170511,0.005,0.005,0.005,0.005,0
OBL,20170512,0.005,0.005,0.005,0.005,0
OBL,20170515,0.005,0.005,0.005,0.005,0
OBL,20170516,0.005,0.005,0.005,0.005,0
OBL,20170517,0.005,0.005,0.005,0.005,0
OBL,20170518,0.005,0.005,0.005,0.005,197010
OBL,20170519,0.005,0.005,0.005,0.005,0
OBL,20170522,0.005,0.005,0.005,0.005,37010
OBL,20170523,0.004,0.004,0.004,0.004,46365
OBL,20170524,0.004,0.004,0.004,0.004,0
OBL,20170525,0.004,0.004,0.004,0.004,0
OBL,20170526,0.004,0.004,0.004,0.004,0
OBL,20170529,0.004,0.004,0.004,0.004,0
OBL,20170530,0.004,0.004,0.004,0.004,0
OBL,20170531,0.004,0.004,0.004,0.004,0
OBL,20170601,0.004,0.004,0.004,0.004,0
OBL,20170602,0.004,0.004,0.004,0.004,0
OBL,20170605,0.004,0.004,0.004,0.004,0
OBL,20170606,0.004,0.004,0.004,0.004,12000
OBL,20170607,0.004,0.004,0.004,0.004,0
OBL,20170608,0.004,0.004,0.004,0.004,0
OBL,20170609,0.004,0.004,0.004,0.004,0
OBL,20170613,0.004,0.004,0.004,0.004,1030000
OBL,20170614,0.004,0.004,0.004,0.004,0
OBL,20170615,0.004,0.004,0.004,0.004,0
OBL,20170616,0.003,0.003,0.003,0.003,7609
OBL,20170619,0.004,0.004,0.004,0.004,1006500
OBL,20170620,0.004,0.004,0.004,0.004,0
OBL,20170621,0.004,0.004,0.004,0.004,0
OBL,20170622,0.004,0.004,0.004,0.004,177937
OBL,20170623,0.004,0.004,0.004,0.004,34436
OBL,20170626,0.003,0.003,0.003,0.003,1000
OBL,20170627,0.003,0.003,0.003,0.003,0
OBL,20170628,0.003,0.003,0.003,0.003,0
OBL,20170629,0.003,0.003,0.003,0.003,0
OBL,20170630,0.003,0.003,0.003,0.003,128806
OBL,20170703,0.003,0.003,0.003,0.003,0
OBL,20170704,0.003,0.003,0.003,0.003,0
OBL,20170705,0.003,0.003,0.003,0.003,0
OBL,20170706,0.003,0.003,0.003,0.003,0
OBL,20170707,0.003,0.003,0.003,0.003,0
OBL,20170710,0.003,0.003,0.003,0.003,0
OBL,20170711,0.004,0.004,0.004,0.004,59587
OBL,20170712,0.004,0.004,0.004,0.004,0
OBL,20170713,0.004,0.004,0.004,0.004,370000
OBL,20170714,0.004,0.004,0.004,0.004,0
OBL,20170717,0.003,0.003,0.003,0.003,896650
OBL,20170718,0.003,0.003,0.003,0.003,0
OBL,20170719,0.003,0.003,0.003,0.003,0
OBL,20170720,0.003,0.003,0.003,0.003,0
OBL,20170721,0.003,0.003,0.003,0.003,1370000
OBL,20170724,0.003,0.003,0.003,0.003,70000
OBL,20170725,0.003,0.003,0.003,0.003,0
OBL,20170726,0.003,0.003,0.003,0.003,0
OBL,20170727,0.003,0.003,0.003,0.003,20000
OBL,20170728,0.003,0.003,0.003,0.003,0
OBL,20170731,0.003,0.003,0.003,0.003,0
OBL,20170801,0.003,0.003,0.003,0.003,0
OBL,20170802,0.003,0.003,0.003,0.003,0
OBL,20170803,0.003,0.003,0.003,0.003,0
OBL,20170804,0.003,0.003,0.003,0.003,482000
OBL,20170807,0.003,0.003,0.003,0.003,400000
OBL,20170808,0.003,0.003,0.003,0.003,0
OBL,20170809,0.003,0.003,0.003,0.003,39000
OBL,20170810,0.003,0.003,0.003,0.003,1351413
OBL,20170811,0.004,0.008,0.004,0.005,20410917
OBL,20170815,0.004,0.004,0.004,0.004,0
OBL,20170816,0.004,0.004,0.004,0.004,10000
OBL,20170817,0.004,0.004,0.004,0.004,100000
OBL,20170818,0.004,0.004,0.004,0.004,0
OBL,20170821,0.005,0.005,0.005,0.005,1000000
OBL,20170822,0.005,0.005,0.005,0.005,0
OBL,20170823,0.005,0.005,0.005,0.005,2000
OBL,20170824,0.005,0.005,0.005,0.005,0
OBL,20170825,0.005,0.005,0.005,0.005,0
OBL,20170828,0.005,0.005,0.004,0.004,3789104
OBL,20170829,0.004,0.004,0.004,0.004,71927
OBL,20170830,0.005,0.005,0.004,0.004,38500
OBL,20170831,0.004,0.004,0.004,0.004,0
OBL,20170901,0.004,0.004,0.004,0.004,0
OBL,20170904,0.004,0.004,0.004,0.004,0
OBL,20170905,0.004,0.004,0.004,0.004,981892
OBL,20170906,0.004,0.004,0.004,0.004,0
OBL,20170907,0.004,0.004,0.004,0.004,0
OBL,20170908,0.004,0.004,0.004,0.004,0
OBL,20170911,0.004,0.004,0.004,0.004,459103
OBL,20170912,0.004,0.004,0.004,0.004,0
OBL,20170913,0.004,0.004,0.004,0.004,0
OBL,20170914,0.004,0.004,0.004,0.004,0
OBL,20170915,0.005,0.005,0.005,0.005,663693
OBL,20170918,0.005,0.005,0.005,0.005,1783059
OBL,20170919,0.006,0.006,0.006,0.006,100000
OBL,20170920,0.005,0.005,0.005,0.005,100838
OBL,20170921,0.005,0.005,0.005,0.005,0
OBL,20170922,0.005,0.005,0.005,0.005,0
OBL,20170925,0.005,0.005,0.005,0.005,1441223
OBL,20170926,0.005,0.005,0.005,0.005,552162
OBL,20170927,0.006,0.006,0.006,0.006,1000
OBL,20170928,0.005,0.006,0.005,0.006,5341846
OBL,20170929,0.005,0.005,0.004,0.004,1427500
OBL,20171002,0.004,0.004,0.004,0.004,245000
OBL,20171003,0.004,0.004,0.004,0.004,0
OBL,20171004,0.003,0.003,0.003,0.003,99991
OBL,20171005,0.003,0.004,0.003,0.003,396876
OBL,20171006,0.003,0.003,0.003,0.003,0
OBL,20171009,0.003,0.003,0.003,0.003,0
OBL,20171010,0.003,0.003,0.003,0.003,0
OBL,20171011,0.003,0.003,0.003,0.003,0
OBL,20171012,0.003,0.003,0.003,0.003,0
OBL,20171013,0.003,0.003,0.003,0.003,2700000
OBL,20171016,0.003,0.003,0.003,0.003,1500000
OBL,20171017,0.003,0.003,0.003,0.003,0
OBL,20171018,0.003,0.003,0.003,0.003,0
OBL,20171019,0.003,0.003,0.003,0.003,0
OBL,20171020,0.003,0.003,0.003,0.003,0
OBL,20171023,0.003,0.003,0.003,0.003,0
OBL,20171024,0.003,0.003,0.003,0.003,0
OBL,20171025,0.004,0.004,0.004,0.004,1168000
OBL,20171026,0.004,0.004,0.004,0.004,0
OBL,20171027,0.004,0.004,0.004,0.004,41000
OBL,20171030,0.004,0.004,0.004,0.004,2500000
OBL,20171031,0.004,0.004,0.004,0.004,0
OBL,20171101,0.004,0.004,0.004,0.004,0
OBL,20171102,0.004,0.004,0.004,0.004,100000
OBL,20171103,0.004,0.004,0.004,0.004,0
OBL,20171106,0.004,0.004,0.004,0.004,0
OBL,20171107,0.003,0.003,0.003,0.003,298998
OBL,20171108,0.004,0.004,0.004,0.004,1625000
OBL,20171109,0.004,0.004,0.004,0.004,350000
OBL,20171110,0.004,0.004,0.004,0.004,350000
OBL,20171113,0.003,0.003,0.003,0.003,38722888
OBL,20171114,0.003,0.003,0.003,0.003,1800000
OBL,20171115,0.003,0.003,0.003,0.003,3440000
OBL,20171116,0.003,0.004,0.003,0.004,31213292
OBL,20171117,0.004,0.004,0.004,0.004,0
OBL,20171120,0.003,0.003,0.003,0.003,12049957
OBL,20171121,0.003,0.003,0.003,0.003,5115709
OBL,20171122,0.003,0.003,0.003,0.003,1627242
OBL,20171123,0.003,0.003,0.003,0.003,4473733
OBL,20171124,0.003,0.003,0.003,0.003,0
OBL,20200403,3.36,3.44,3.21,3.3,220557
OBL,20200406,3.29,3.39,3.16,3.3,679273
OBL,20200407,3.19,3.36,3.18,3.28,665997
OBL,20200408,3.25,3.4,3.25,3.4,606234
OBL,20200409,3.43,3.65,3.43,3.59,1353006
OBL,20200414,3.65,3.95,3.62,3.9,595976
OBL,20200415,3.95,3.95,3.66,3.66,551785
OBL,20200416,3.65,3.73,3.57,3.65,1243580
OBL,20200417,3.61,3.88,3.61,3.88,484275
OBL,20200420,3.8,3.88,3.66,3.72,276646
OBL,20200421,3.7,3.73,3.6,3.65,262027
OBL,20200422,3.59,3.72,3.59,3.7,361499
OBL,20200423,3.65,3.71,3.62,3.7,329388
OBL,20200424,3.63,3.71,3.59,3.66,436591
OBL,20200427,3.72,3.9,3.66,3.88,984054
OBL,20200428,3.89,3.92,3.79,3.9,447699
OBL,20200429,3.95,4.04,3.85,3.86,434549
OBL,20200430,3.85,4.05,3.84,4.02,443783
OBL,20200501,4.07,4.07,3.94,4.04,1045149
OBL,20200504,4.07,4.08,3.91,4.07,217415
OBL,20200505,4.08,4.08,3.66,3.76,988853
OBL,20200506,3.96,4.06,3.77,3.95,702271
OBL,20200507,3.98,4.11,3.89,3.99,890692
OBL,20200508,4,4.22,3.98,4.1,729271
OBL,20200511,4.06,4.22,4.06,4.07,313298
OBL,20200512,4.07,4.26,4.04,4.05,603373
OBL,20200513,4,4.13,3.9,3.94,430855
OBL,20200514,3.99,3.99,3.85,3.91,536338
OBL,20200515,3.87,4.145,3.87,4.06,430408
OBL,20200518,4.01,4.17,4.01,4.11,564743
OBL,20200519,4.18,4.59,4.18,4.29,995065
OBL,20200520,4.39,4.535,4.33,4.38,510120
OBL,20200521,4.41,4.44,4.34,4.36,675597
OBL,20200522,4.3,4.39,4.3,4.35,551382
OBL,20200525,4.35,4.39,4.34,4.35,269558
OBL,20200526,4.37,4.54,4.35,4.44,555191
OBL,20200527,4.49,4.74,4.49,4.68,753997
OBL,20200528,4.68,4.77,4.53,4.59,700999
OBL,20200529,4.57,4.91,4.56,4.91,1468290
OBL,20200601,4.94,4.97,4.61,4.65,901077
OBL,20200602,4.75,4.83,4.68,4.69,916878
OBL,20200603,4.71,4.73,4.6,4.72,874394
OBL,20200604,4.7,4.88,4.61,4.77,1220312
OBL,20200605,4.77,4.88,4.69,4.72,542406
OBL,20200609,4.83,4.93,4.77,4.83,907861
OBL,20200610,4.8,4.97,4.79,4.92,878389
OBL,20200611,4.93,5.07,4.76,4.95,805004
OBL,20200612,4.88,5.01,4.78,4.91,846599
OBL,20200615,4.91,5.17,4.91,5,1406141
OBL,20200616,5.07,5.37,5.07,5.14,1717897
OBL,20200617,5.21,5.31,5.1,5.31,2012051
OBL,20200618,5.3,5.38,5.17,5.27,1268991
OBL,20200619,5.21,5.38,5.1,5.1,10111583
OBL,20200622,5.02,5.16,4.86,4.96,1590396
OBL,20200623,5.03,5.08,4.83,4.92,1368850
OBL,20200624,4.93,4.99,4.84,4.92,1128558
OBL,20200625,4.83,5.04,4.785,4.83,936594
OBL,20200626,4.76,4.86,4.74,4.8,937502
OBL,20200629,4.7,4.78,4.58,4.6,501383
OBL,20200630,4.74,4.85,4.66,4.77,1298685
OBL,20200701,4.88,5.19,4.61,4.67,951764
OBL,20200702,4.93,4.93,4.78,4.9,1116553
OBL,20200703,4.9,4.95,4.79,4.85,624465
OBL,20200706,4.85,4.91,4.77,4.89,942623
OBL,20200707,4.9,5.06,4.87,4.94,726135
OBL,20200708,5.02,5.08,4.89,4.96,959537
OBL,20200709,5.04,5.15,4.99,5.1,625874
OBL,20200710,5.08,5.12,4.98,5,547712
OBL,20200713,5,5.09,4.87,4.92,734010
OBL,20200714,4.99,5.01,4.85,4.95,581799
OBL,20200715,5.05,5.05,4.94,5.05,515407
OBL,20200716,5.03,5.05,4.95,4.99,599842
OBL,20200717,4.99,5.06,4.86,4.91,347023
OBL,20200720,4.96,4.98,4.82,4.84,598102
OBL,20200721,4.93,5.07,4.78,5.03,681431
OBL,20200722,5.07,5.07,4.85,4.92,372800
OBL,20200723,4.88,4.955,4.86,4.9,263991
OBL,20200724,4.96,4.97,4.85,4.96,312866
OBL,20200727,5.02,5.1,4.77,4.82,990947
OBL,20200728,4.91,4.93,4.77,4.8,487485
OBL,20200729,4.75,4.8,4.66,4.74,406273
OBL,20200730,4.78,4.78,4.66,4.7,542997
OBL,20200731,4.66,4.71,4.545,4.58,534275
OBL,20200803,4.56,4.77,4.56,4.68,799411
OBL,20200804,4.83,4.87,4.68,4.7,855086
OBL,20200805,4.6,4.63,4.41,4.47,821120
OBL,20200806,4.44,4.52,4.42,4.5,765928
OBL,20200807,4.43,4.45,4.27,4.41,755618
OBL,20200810,4.45,4.48,4.3,4.35,1004797
OBL,20200811,4.23,4.26,4.13,4.23,1046745
OBL,20200812,4.36,4.51,4.16,4.2,585332
OBL,20200813,4.07,4.26,4.01,4.21,1558687
OBL,20200814,4.32,4.32,4.11,4.24,872821
OBL,20200817,4.12,4.305,4.12,4.26,953597
OBL,20200818,4.25,4.44,4.24,4.28,499832
OBL,20200819,4.25,4.45,4.24,4.36,904501
OBL,20200820,4.33,4.39,4.29,4.39,853379
OBL,20200821,4.39,4.42,4.2,4.3,718288
OBL,20200824,4.2,4.53,4.2,4.38,568187
OBL,20200825,4.72,4.77,4.58,4.65,894753
OBL,20200826,4.6,4.61,4.48,4.56,1010908
OBL,20200827,4.56,4.56,4.56,4.56,0
OBL,20200828,4.3,4.49,4.3,4.49,946362
OBL,20200831,4.41,4.56,4.41,4.46,678419
OBL,20200901,4.4,4.4,4.21,4.27,949320
OBL,20200902,4.48,4.64,4.27,4.3,4899866
OBL,20200903,4.29,4.3,4.1,4.19,1483426
OBL,20200904,4.1,4.21,4.075,4.1,932434
OBL,20200907,4.15,4.15,3.98,4.03,796015
OBL,20200908,4.08,4.27,4,4.04,720523
OBL,20200909,4.04,4.04,3.87,3.92,1450913
OBL,20200910,3.93,3.975,3.82,3.97,720063
OBL,20200911,3.9,3.94,3.855,3.89,440387
OBL,20200914,3.96,3.96,3.85,3.86,500149
OBL,20200915,3.88,3.92,3.83,3.91,814493
OBL,20200916,3.9,4.02,3.88,4,1189573
OBL,20200917,3.98,4,3.89,3.9,656534
OBL,20200918,4,4,3.87,3.9,1044143
OBL,20200921,3.83,3.92,3.8,3.83,501784
OBL,20200922,3.79,3.9,3.75,3.81,789119
OBL,20200923,3.92,3.92,3.82,3.86,630794
OBL,20200924,3.78,3.85,3.72,3.84,399988
OBL,20200925,3.77,3.92,3.75,3.89,414232
OBL,20200928,3.88,4,3.85,3.97,612100
OBL,20200929,3.94,3.98,3.89,3.93,669726
OBL,20200930,3.83,3.98,3.83,3.93,620766
OBL,20201001,3.85,3.96,3.81,3.81,665737
OBL,20201002,3.77,3.84,3.64,3.68,1024273
OBL,20201005,3.68,3.79,3.68,3.79,358717
OBL,20201006,3.74,3.89,3.74,3.85,559235
OBL,20201007,3.9,3.91,3.82,3.89,630404
OBL,20201008,3.93,3.99,3.83,3.96,568194
OBL,20201009,3.86,3.96,3.86,3.91,701699
OBL,20201012,3.84,3.995,3.84,3.98,545433
OBL,20201013,4,4,3.935,3.96,497674
OBL,20201014,3.9,3.98,3.9,3.95,317666
OBL,20201015,3.94,3.99,3.87,3.88,397549
OBL,20201016,3.89,3.94,3.72,3.72,474981
OBL,20201019,3.73,3.81,3.67,3.69,662588
OBL,20201020,3.69,3.82,3.645,3.73,821523
OBL,20201021,3.69,3.86,3.67,3.8,1552477
OBL,20201022,3.7,3.79,3.625,3.71,814245
OBL,20201023,3.69,3.71,3.65,3.69,379028
OBL,20201026,3.73,3.8,3.69,3.69,352797
OBL,20201027,3.68,3.68,3.53,3.6,1206381
OBL,20201028,3.51,3.63,3.51,3.52,757594
OBL,20201029,3.48,3.49,3.4,3.47,866514
OBL,20201030,3.42,3.52,3.325,3.45,1321236
OBL,20201102,3.39,3.44,3.26,3.34,1156716
OBL,20201103,3.25,3.41,3.25,3.36,511076
OBL,20201104,3.36,3.43,3.33,3.4,767625
OBL,20201105,3.42,3.46,3.39,3.42,1241498
OBL,20201106,3.38,3.45,3.34,3.36,706659
OBL,20201109,3.35,3.47,3.35,3.46,406951
OBL,20201110,3.51,3.65,3.5,3.64,1007347
OBL,20201111,3.73,3.8,3.66,3.79,834086
OBL,20201112,3.83,3.88,3.76,3.81,711587
OBL,20201113,3.87,3.87,3.66,3.66,465132
OBL,20201116,3.72,3.76,3.71,3.74,42531
OBL,20201117,3.74,3.78,3.68,3.71,591978
OBL,20201118,3.85,3.85,3.71,3.73,545984
OBL,20201120,3.78,3.9,3.75,3.83,430358
OBL,20201123,3.95,4.05,3.86,3.89,719354
OBL,20201124,3.95,4.01,3.94,3.98,1255688
OBL,20201125,4.03,4.45,4,4.34,4109570
OBL,20201126,4.36,4.36,4.245,4.26,2133718
OBL,20201127,4.29,4.305,4.25,4.25,356824
OBL,20201130,4.3,4.31,4.22,4.22,2082247
OBL,20201201,4.24,4.29,4.14,4.27,828871
OBL,20201202,4.26,4.355,4.13,4.25,2487761
OBL,20201203,4.29,4.3,4.22,4.22,379516
OBL,20201204,4.2,4.2,4.08,4.13,1101992
OBL,20201207,4.18,4.3,4.1,4.12,640009
OBL,20201208,4.13,4.2,4.08,4.16,444073
OBL,20201209,4.15,4.18,4.1,4.13,666592
OBL,20201210,4.19,4.19,4.09,4.15,643711
OBL,20201211,4.06,4.09,3.99,4.03,1098041
OBL,20201214,4.04,4.09,4.01,4.07,501847
OBL,20201215,4.07,4.09,4,4.05,711189
OBL,20201216,4.09,4.1,4.02,4.03,584048
OBL,20201217,4.04,4.09,3.98,4.09,852314
OBL,20201218,4.06,4.08,3.9,3.97,1025830
OBL,20201221,3.98,4,3.915,3.95,554105
OBL,20201222,3.88,3.88,3.74,3.78,839372
OBL,20201224,3.84,3.84,3.84,3.84,0
OBL,20201229,3.96,4.12,3.92,4.12,734596
OBL,20201230,4.1,4.2,4.03,4.19,697029
OBL,20201231,4.2,4.32,4.17,4.3,464985
OBL,20210104,4.35,4.43,4.31,4.43,531636
OBL,20210105,4.39,4.62,4.38,4.56,984421
OBL,20210106,4.56,4.56,4.38,4.45,940187
OBL,20210107,4.54,4.54,4.425,4.43,334585
OBL,20210108,4.38,4.455,4.345,4.39,413453
OBL,20210111,4.32,4.32,4.16,4.16,433187
OBL,20210112,4.15,4.31,4.11,4.19,652714
OBL,20210113,4.14,4.2,4.11,4.2,500567
OBL,20210114,4.2,4.21,4.13,4.21,591960
OBL,20210115,4.14,4.22,4.065,4.07,667147
OBL,20210118,4.1,4.11,3.97,4.01,565766
OBL,20210119,4.02,4.07,3.99,4.07,417948
OBL,20210120,4.01,4.08,3.97,3.97,474918
OBL,20210121,3.98,4.03,3.97,4,475811
OBL,20210122,3.98,4.03,3.96,3.99,353976
OBL,20210125,4.09,4.19,4.03,4.12,1199964
OBL,20210127,4.12,4.12,4.02,4.05,590194
OBL,20210128,4.01,4.03,3.88,3.93,641838
OBL,20210129,4.02,4.02,3.9,3.95,985605
OBL,20210201,3.93,3.98,3.82,3.89,441671
OBL,20210203,3.88,3.95,3.83,3.86,1059803
OBL,20210204,3.85,3.96,3.78,3.92,1026988
OBL,20210205,3.95,3.98,3.79,3.81,438435
OBL,20210208,3.78,3.78,3.66,3.69,970020
OBL,20210209,3.71,3.83,3.66,3.71,442494
OBL,20210210,3.71,3.81,3.69,3.76,1244969
OBL,20210211,3.74,3.77,3.715,3.77,826956
OBL,20210212,3.75,3.8,3.65,3.67,506529
OBL,20210215,3.69,3.69,3.61,3.66,317250
OBL,20210216,3.67,3.68,3.615,3.65,459153
OBL,20210217,3.6,3.66,3.56,3.63,653999
OBL,20210218,3.58,3.675,3.55,3.58,998231
OBL,20210219,3.57,3.59,3.49,3.51,733287
OBL,20210222,3.55,3.58,3.5,3.54,728459
OBL,20210223,3.53,3.61,3.515,3.58,488784
OBL,20210224,3.58,3.62,3.53,3.58,627572
OBL,20210225,3.65,3.77,3.65,3.77,476984
OBL,20210226,3.77,3.77,3.66,3.69,857653
OBL,20210301,3.76,3.82,3.61,3.72,1028903
OBL,20210302,3.72,3.75,3.45,3.46,651081
OBL,20210303,3.43,3.455,3.34,3.36,772515
OBL,20210304,3.35,3.36,3.2,3.22,875136
OBL,20210305,3.24,3.39,3.21,3.36,1264892
OBL,20210308,3.49,3.52,3.39,3.39,350138
OBL,20210309,3.4,3.46,3.36,3.4,579175
OBL,20210310,3.43,3.57,3.42,3.51,413884
OBL,20210311,3.43,3.57,3.42,3.51,413884
OBL,20210312,3.41,3.53,3.41,3.52,318493
OBL,20210315,3.64,3.69,3.53,3.67,1404055
OBL,20210316,3.7,3.81,3.65,3.79,584216
OBL,20210317,3.8,3.8,3.64,3.65,551662
OBL,20210318,3.57,3.62,3.56,3.56,1240466
OBL,20210319,3.52,3.67,3.52,3.61,1119007
OBL,20210322,3.65,3.66,3.56,3.6,454133
OBL,20210323,3.55,3.61,3.51,3.52,470095
OBL,20210324,3.56,3.62,3.52,3.61,1078181
OBL,20210325,3.62,3.63,3.54,3.54,352388
OBL,20210329,3.4,3.47,3.32,3.45,609499
OBL,20210330,3.46,3.52,3.41,3.42,576048
OBL,20210331,3.4,3.54,3.4,3.51,1143367
OBL,20210401,3.58,3.62,3.53,3.6,735260
OBL,20210406,3.6,3.67,3.595,3.65,419103
OBL,20210407,3.65,3.87,3.65,3.84,1267390
OBL,20210408,3.88,3.92,3.79,3.84,1062896
OBL,20210409,3.88,4.07,3.82,4.05,811260
OBL,20210412,3.92,4.025,3.91,4.02,453825
OBL,20210413,4.02,4.13,4.02,4.07,500078
OBL,20210414,4.07,4.15,4,4.07,341256
OBL,20210415,4.1,4.12,4.05,4.06,416345
OBL,20210416,4.07,4.09,3.955,3.99,358487
OBL,20210419,3.99,3.99,3.91,3.92,301364
OBL,20210420,3.84,3.9,3.7,3.86,516913
OBL,20210421,3.83,3.895,3.81,3.88,395916
OBL,20210422,3.86,3.99,3.85,3.96,498363
OBL,20210423,3.97,3.99,3.9,3.97,377613
OBL,20210426,3.87,3.99,3.87,3.93,241575
OBL,20210427,3.8,3.91,3.73,3.75,288138
OBL,20210428,3.82,3.84,3.72,3.79,493413
OBL,20210429,3.83,3.86,3.79,3.82,173096
OBL,20210430,3.81,3.85,3.725,3.75,550384
OBL,20210503,3.75,3.75,3.53,3.54,852549
OBL,20210504,3.51,3.61,3.45,3.5,1372102
OBL,20210505,3.5,3.59,3.47,3.54,791759
OBL,20210506,3.55,3.62,3.51,3.54,397504
OBL,20210507,3.53,3.53,3.42,3.43,644472
OBL,20210510,3.47,3.75,3.47,3.74,500065
OBL,20210511,3.69,3.94,3.67,3.9,854539
OBL,20210512,3.83,3.83,3.68,3.69,441245
OBL,20210513,3.69,3.84,3.69,3.82,536051
OBL,20210514,3.85,3.91,3.81,3.81,318873
OBL,20210517,3.87,3.96,3.77,3.77,375202
OBL,20210518,3.8,3.9,3.77,3.78,584545
OBL,20210519,3.75,3.78,3.69,3.71,440262
OBL,20210520,3.73,3.81,3.71,3.8,416185
OBL,20210521,3.8,3.84,3.73,3.75,228183
OBL,20210524,3.8,3.82,3.69,3.73,204531
OBL,20210525,3.76,3.87,3.74,3.87,283467
OBL,20210526,3.85,3.96,3.84,3.94,299232
OBL,20210527,3.93,4,3.8,3.94,703573
OBL,20210528,3.94,3.95,3.855,3.92,344599
OBL,20210531,3.9,4.01,3.88,3.98,421023
OBL,20210601,3.88,4.02,3.88,3.97,214452
OBL,20210602,3.87,3.915,3.8,3.88,554486
OBL,20210603,3.93,3.95,3.84,3.92,322109
OBL,20210604,4.04,4.04,3.93,4.01,278737
OBL,20210607,3.99,4.01,3.91,3.97,146148
OBL,20210609,4.09,4.1,3.95,3.95,287699
OBL,20210610,4,4,3.91,3.97,230907
OBL,20210611,3.9,3.97,3.9,3.93,254645
OBL,20210615,3.95,3.97,3.9,3.91,398633
OBL,20210616,3.94,3.94,3.81,3.85,386590
OBL,20210617,3.82,3.83,3.71,3.8,551649
OBL,20210618,3.68,3.85,3.63,3.75,602547
OBL,20210621,3.75,3.83,3.65,3.71,410142
OBL,20210622,3.72,3.785,3.685,3.75,395671
OBL,20210623,3.69,3.71,3.635,3.68,449015
OBL,20210625,3.74,3.81,3.69,3.77,551606
OBL,20210628,3.71,3.755,3.685,3.75,305134
OBL,20210629,3.69,3.72,3.655,3.67,582019
OBL,20210630,3.7,3.8,3.67,3.75,577629
OBL,20210701,3.65,3.7,3.58,3.59,398630
OBL,20210705,3.72,3.72,3.62,3.65,324066
OBL,20210706,3.65,3.7,3.58,3.59,281589
OBL,20210707,3.58,3.61,3.54,3.58,361529
OBL,20210708,3.6,3.62,3.57,3.59,377456
OBL,20210709,3.55,3.59,3.51,3.57,296991
OBL,20210712,3.55,3.6,3.5,3.51,264375
OBL,20210714,3.63,3.65,3.56,3.62,471237
OBL,20210715,3.6,3.605,3.51,3.51,369187
OBL,20210716,3.52,3.61,3.5,3.59,526184
OBL,20210719,3.51,3.61,3.51,3.57,238465
OBL,20210720,3.59,3.6,3.505,3.59,350427
OBL,20210723,3.47,3.47,3.43,3.46,262849
OBL,20210726,3.45,3.48,3.4,3.43,459241
OBL,20210727,3.46,3.46,3.34,3.4,637049
OBL,20210728,3.41,3.41,3.34,3.37,456955
OBL,20210729,3.34,3.52,3.34,3.52,576706
OBL,20210730,3.56,3.565,3.44,3.44,416614
OBL,20210802,3.46,3.57,3.46,3.56,267501
OBL,20210803,3.56,3.63,3.56,3.58,257927
OBL,20210804,3.6,3.85,3.59,3.78,1905462
OBL,20210805,3.78,3.79,3.71,3.71,494224
OBL,20210806,3.76,3.83,3.73,3.78,430375
OBL,20210809,3.8,3.83,3.76,3.8,413189
OBL,20210810,3.8,3.835,3.745,3.78,253958
OBL,20210811,3.78,3.85,3.78,3.8,901894
OBL,20210812,3.81,3.82,3.68,3.71,376198
OBL,20210813,3.8,3.8,3.73,3.76,357672
OBL,20210819,3.78,3.8,3.73,3.74,505532
OBL,20210820,3.77,3.8,3.66,3.75,488201
OBL,20210823,3.75,3.79,3.73,3.77,664188
OBL,20210824,3.8,3.9,3.755,3.88,609228
OBL,20210825,3.91,4.04,3.88,4.02,1215867
OBL,20210826,4.04,4.09,3.89,3.92,1247098
OBL,20210827,3.9,3.93,3.86,3.89,993890
OBL,20210830,4,4,3.895,3.91,440305
OBL,20210831,3.94,4.12,3.91,4.09,1904213
OBL,20210901,4.02,4.28,3.95,4.18,969593
OBL,20210902,4.38,4.38,4.18,4.26,1687244
OBL,20210903,4.25,4.29,4.19,4.24,648958
OBL,20210906,4.16,4.2,4.09,4.16,429782
OBL,20210907,4.2,4.23,4.13,4.22,565888
OBL,20210908,4.22,4.22,4.22,4.22,0
OBL,20210909,3.89,4.02,3.66,3.98,2723858
OBL,20210910,3.98,3.98,3.665,3.77,2654064
OBL,20210913,3.73,3.73,3.55,3.6,1697111
OBL,20210914,3.6,3.68,3.57,3.65,1434752
OBL,20210915,3.57,3.59,3.51,3.55,771283
OBL,20210916,3.53,3.61,3.5,3.59,949668
OBL,20210917,3.61,3.68,3.56,3.58,2019804
OBL,20210920,3.58,3.61,3.42,3.46,620412
OBL,20210922,3.4,3.44,3.365,3.39,669612
OBL,20210923,3.45,3.53,3.41,3.47,560151
OBL,20210924,3.49,3.56,3.41,3.53,907433
OBL,20210927,3.5,3.6,3.49,3.51,368168
OBL,20210928,3.52,3.6,3.5,3.51,403426
OBL,20210929,3.42,3.53,3.415,3.45,499228
OBL,20210930,3.42,3.51,3.39,3.48,1693168
OBL,20211001,3.38,3.45,3.36,3.45,729445
OBL,20211004,3.45,3.5,3.4,3.46,640283
OBL,20211005,3.4,3.46,3.35,3.35,922016
OBL,20211006,3.43,3.43,3.32,3.37,5034128
OBL,20211007,3.37,3.43,3.35,3.35,510965
OBL,20211008,3.33,3.4,3.31,3.4,848960
OBL,20211011,3.33,3.43,3.33,3.4,785516
OBL,20211012,3.33,3.43,3.33,3.39,1038824
OBL,20211013,3.34,3.36,3.28,3.34,449149
OBL,20211014,3.37,3.425,3.32,3.39,555700
OBL,20211019,3.39,3.46,3.39,3.42,274583
OBL,20211020,3.45,3.46,3.38,3.39,485198
OBL,20211021,3.39,3.42,3.345,3.36,548201
OBL,20211022,3.34,3.38,3.28,3.34,896234
OBL,20211025,3.35,3.35,3.26,3.29,410927
OBL,20211026,3.28,3.3,3.22,3.24,434308
OBL,20211028,3.15,3.255,3.055,3.23,1173656
OBL,20211029,3.17,3.175,3.09,3.1,1772876
OBL,20211101,3.16,3.19,3.09,3.11,670907
OBL,20211102,3.11,3.13,3.08,3.11,579429
OBL,20211103,3.14,3.14,3.05,3.05,444632
OBL,20211104,3.05,3.08,3.03,3.05,1435649
OBL,20211105,3.04,3.05,2.97,2.97,927841
OBL,20211109,2.81,2.84,2.65,2.76,1292839
OBL,20211110,2.75,2.75,2.65,2.71,1662728
OBL,20211112,2.82,2.96,2.8,2.89,1607331
OBL,20211115,2.96,2.99,2.87,2.89,990975
OBL,20211116,2.95,2.96,2.89,2.9,935193
OBL,20211117,2.9,2.95,2.87,2.89,1461783
OBL,20211118,2.89,2.98,2.88,2.95,1005145
OBL,20211119,2.94,2.98,2.93,2.96,835884
OBL,20211122,2.98,3.11,2.97,3.09,1633740
OBL,20211123,3.09,3.16,3.08,3.11,1583882
OBL,20211124,3.12,3.18,3.1,3.13,1641236
OBL,20211125,3.13,3.13,3.055,3.09,619741
OBL,20211126,3.11,3.11,3.03,3.05,766741
OBL,20211129,3.04,3.06,2.99,3.05,449676
OBL,20211130,3.1,3.27,3.1,3.25,1639483
OBL,20211201,3.17,3.3,3.17,3.28,917802
OBL,20211202,3.22,3.33,3.2,3.28,1018205
OBL,20211203,3.27,3.31,3.2,3.23,1460383
OBL,20211206,3.22,3.24,3.13,3.13,1294159
OBL,20211207,3.23,3.23,3.16,3.21,988118
OBL,20211208,3.31,3.32,3.22,3.235,630322
OBL,20211209,3.22,3.305,3.22,3.3,930638
OBL,20211210,3.3,3.33,3.27,3.31,1218047
OBL,20211213,3.33,3.41,3.31,3.4,1159673
OBL,20211214,3.42,3.55,3.41,3.52,1593064
OBL,20211216,3.63,3.63,3.555,3.6,2459650
OBL,20211217,3.65,3.665,3.59,3.62,11688125
OBL,20211220,3.6,3.63,3.44,3.44,2012604
OBL,20211221,3.44,3.46,3.4,3.43,1162612
OBL,20211222,3.49,3.49,3.43,3.45,481110
OBL,20211223,3.59,3.59,3.45,3.47,465351
OBL,20211224,3.47,3.53,3.45,3.47,220509
OBL,20211229,3.53,3.54,3.48,3.54,337422
OBL,20211230,3.57,3.58,3.45,3.58,415789
OBL,20211231,3.53,3.68,3.53,3.68,867694
OBL,20220104,3.65,3.66,3.5,3.54,765613
OBL,20220105,3.54,3.57,3.39,3.43,1058813
OBL,20220106,3.42,3.42,3.27,3.29,740787
OBL,20220107,3.3,3.38,3.26,3.32,724748
OBL,20220110,3.34,3.37,3.29,3.36,401366
OBL,20220111,3.39,3.39,3.29,3.33,489866
OBL,20220112,3.3,3.37,3.29,3.37,597778
OBL,20220113,3.37,3.4,3.31,3.37,299734
OBL,20220114,3.36,3.46,3.33,3.42,370856
OBL,20220117,3.49,3.49,3.35,3.35,328822
OBL,20220118,3.35,3.42,3.35,3.38,207595
OBL,20220119,3.34,3.37,3.28,3.3,507286
OBL,20220120,3.25,3.29,3.22,3.24,304309
OBL,20220121,3.17,3.2,3.12,3.18,395143
OBL,20220124,3.11,3.21,3.02,3.16,654745
OBL,20220125,3.12,3.16,3.01,3.09,978610
OBL,20220127,3.04,3.2,3.01,3.11,1140429
OBL,20220128,3.11,3.22,3.11,3.21,1475567
OBL,20220131,3.21,3.26,3.16,3.24,459456
OBL,20220201,3.37,3.37,3.26,3.3,461731
OBL,20220202,3.35,3.38,3.29,3.38,551892
OBL,20220203,3.38,3.39,3.26,3.28,447509
OBL,20220204,3.28,3.32,3.27,3.29,226633
OBL,20220207,3.26,3.31,3.25,3.29,254948
OBL,20220208,3.15,3.32,3.14,3.3,420094
OBL,20220209,3.3,3.36,3.29,3.35,440688
OBL,20220210,3.45,3.515,3.385,3.47,520249
OBL,20220211,3.45,3.45,3.37,3.39,492111
OBL,20220214,3.38,3.38,3.15,3.19,542784
OBL,20220215,3.11,3.17,3.06,3.09,571599
OBL,20220216,3.1,3.15,3.05,3.1,451966
OBL,20220217,3.19,3.25,3.15,3.2,820188
OBL,20220218,3.2,3.2,3.1,3.11,489416
OBL,20220221,3.05,3.06,2.91,3.03,1010208
OBL,20220222,3,3.05,2.96,3.03,3295781
OBL,20220223,3.03,3.04,2.92,2.99,1135613
OBL,20220224,2.92,3.03,2.86,2.97,1808640
OBL,20220225,3.05,3.22,3.03,3.2,700520
OBL,20220228,3.3,3.3,3.19,3.25,619982
OBL,20220301,3.33,3.4,3.3,3.38,657414
OBL,20220302,3.28,3.31,3.255,3.28,420684
OBL,20220303,3.28,3.32,3.235,3.27,392236
OBL,20220304,3.23,3.32,3.22,3.23,305226
OBL,20220307,3.23,3.24,3.17,3.21,565754
OBL,20220308,3.21,3.23,3.15,3.18,293599
OBL,20220309,3.18,3.29,3.18,3.26,179295
OBL,20220310,3.31,3.38,3.31,3.34,178810
OBL,20220311,3.3,3.32,3.26,3.29,233024
OBL,20220314,3.26,3.32,3.22,3.26,158242
OBL,20220315,3.3,3.41,3.25,3.39,310839
OBL,20220316,0,0,0,0,0
OBL,20220317,3.49,3.54,3.42,3.53,943226
OBL,20220318,3.57,3.57,3.51,3.57,361109
OBL,20220321,3.58,3.65,3.56,3.63,309138
OBL,20220322,3.63,3.68,3.59,3.62,261473
OBL,20220323,3.67,3.7,3.585,3.63,218246
OBL,20220324,3.67,3.67,3.55,3.62,179316
OBL,20220325,3.62,3.64,3.55,3.55,181275
OBL,20220328,3.6,3.6,3.55,3.6,343769
OBL,20220329,3.6,3.65,3.545,3.61,544610
OBL,20220330,3.65,3.7,3.57,3.65,274207
OBL,20220331,3.61,3.76,3.58,3.75,454764
OBL,20220401,3.72,3.72,3.54,3.54,202715
OBL,20220404,3.55,3.605,3.45,3.48,336887
OBL,20220405,3.49,3.49,3.33,3.4,557463
OBL,20220406,3.42,3.58,3.4,3.58,363878
OBL,20220407,3.48,3.54,3.42,3.45,180095
OBL,20220408,3.55,3.55,3.42,3.46,2008453
OBL,20220411,3.5,3.52,3.42,3.42,158849
OBL,20220412,3.46,3.46,3.38,3.43,190026
OBL,20220413,3.35,3.49,3.35,3.47,91553
OBL,20220414,3.41,3.48,3.36,3.43,291374
OBL,20220419,3.47,3.61,3.415,3.57,333900
OBL,20220420,3.62,3.735,3.61,3.7,455667
OBL,20220421,3.62,3.735,3.61,3.7,455667
OBL,20220422,3.47,3.52,3.39,3.45,151265
OBL,20220426,3.45,3.45,3.32,3.35,276531
OBL,20220427,3.25,3.28,3.23,3.26,261828
OBL,20220428,3.25,3.31,3.21,3.31,300875
OBL,20220429,3.32,3.43,3.28,3.4,298586
OBL,20220502,3.21,3.39,3.21,3.35,152503
OBL,20220503,3.39,3.49,3.32,3.32,234130
OBL,20220504,3.32,3.4,3.3,3.4,339700
OBL,20220505,3.48,3.62,3.4,3.55,440202
OBL,20220506,3.52,3.55,3.47,3.5,939514
OBL,20220509,3.53,3.53,3.315,3.32,696686
OBL,20220510,3.31,3.41,3.23,3.41,326290
OBL,20220511,3.45,3.57,3.44,3.53,354738
OBL,20220512,3.52,3.61,3.39,3.4,793763
OBL,20220513,3.47,3.58,3.36,3.38,245725
OBL,20220516,3.54,3.54,3.38,3.43,691268
OBL,20220517,3.43,3.44,3.36,3.36,97705
OBL,20220518,3.35,3.39,3.29,3.33,72791
OBL,20220519,3.21,3.28,3.2,3.27,205733
OBL,20220520,3.31,3.31,3.18,3.22,141896
OBL,20220523,3.17,3.31,3.17,3.29,178289
OBL,20220524,3.25,3.34,3.225,3.32,267659
OBL,20220525,3.28,3.47,3.28,3.46,437238
OBL,20220526,3.44,3.46,3.395,3.4,383877
OBL,20220527,3.4,3.41,3.32,3.38,335362
OBL,20220530,3.38,3.44,3.32,3.4,329427
OBL,20220531,3.39,3.43,3.285,3.37,588493
OBL,20220601,3.37,3.45,3.33,3.4,536726
OBL,20220602,3.28,3.37,3.19,3.26,558350
OBL,20220603,3.28,3.33,3.23,3.26,124445
OBL,20220606,3.24,3.32,3.23,3.3,218284
OBL,20220607,3.23,3.28,3.19,3.25,167675
OBL,20220608,3.25,3.3,3.21,3.3,316201
OBL,20220609,3.3,3.3,3.19,3.2,243690
OBL,20220610,3.19,3.19,3.1,3.17,2204862
OBL,20220614,2.95,3.06,2.86,3.06,372693
OBL,20220615,3.02,3.09,2.96,2.96,342420
OBL,20220616,3.03,3.06,2.98,3.01,232632
OBL,20220617,3.1,3.1,2.94,3,477882
OBL,20220620,2.96,3,2.92,2.96,201931
OBL,20220621,2.96,2.98,2.92,2.95,243053
OBL,20220622,2.95,2.98,2.92,2.98,251432
OBL,20220623,2.98,3.11,2.97,3.1,127710
OBL,20220624,3.21,3.24,3.16,3.18,242794
OBL,20220627,3.23,3.29,3.21,3.29,211713
OBL,20220628,3.27,3.41,2.95,3.38,384049
OBL,20220629,3.31,3.46,3.31,3.43,287704
OBL,20220630,3.43,3.64,3.42,3.55,643553
OBL,20220701,3.55,3.56,3.45,3.45,236591
OBL,20220704,3.54,3.57,3.45,3.54,211137
OBL,20220705,3.53,3.59,3.39,3.39,411676
OBL,20220706,3.41,3.6,3.41,3.55,498082
OBL,20220707,3.53,3.69,3.43,3.69,638019
OBL,20220708,3.7,3.77,3.69,3.73,559297
OBL,20220711,3.8,3.88,3.75,3.86,379034
OBL,20220712,3.84,3.85,3.68,3.68,375873
OBL,20220713,3.7,3.77,3.7,3.75,156824
OBL,20220714,3.62,3.9,3.62,3.85,364763
OBL,20220715,3.69,3.86,3.69,3.73,266168
OBL,20220718,3.84,3.88,3.79,3.81,421004
OBL,20220719,3.78,3.84,3.78,3.81,160248
OBL,20220720,3.8,3.835,3.69,3.77,435635
OBL,20220721,3.77,3.885,3.76,3.84,590296
OBL,20220722,3.83,3.85,3.79,3.8,278677
OBL,20220725,3.73,3.84,3.73,3.81,172330
OBL,20220726,3.77,3.825,3.74,3.79,249153
OBL,20220727,3.75,4,3.75,3.99,765264
OBL,20220728,4,4.225,4,4.14,1662521
OBL,20220729,4.15,4.16,4,4.13,773083
OBL,20220801,4.15,4.18,3.99,4,299931
OBL,20220802,3.99,4.095,3.94,4.09,305682
OBL,20220803,4.08,4.15,4.07,4.14,453754
OBL,20220805,4.19,4.25,4.09,4.24,516059
OBL,20220808,4.24,4.3,4.12,4.17,751532
OBL,20220809,4.17,4.235,4.14,4.2,802017
OBL,20220810,4.2,4.22,4.16,4.2,494544
OBL,20220811,4.2,4.3,4.15,4.3,1783699
OBL,20220812,4.3,4.475,4.27,4.44,1246303
OBL,20220815,4.47,4.65,4.46,4.56,1202084
OBL,20220816,4.5,4.55,4.48,4.54,343549
OBL,20220817,4.52,4.61,4.44,4.47,704086
OBL,20220818,4.48,4.6,4.48,4.59,648052
OBL,20220819,4.57,4.65,4.55,4.61,383435
OBL,20220822,4.63,4.68,4.56,4.62,488840
OBL,20220823,4.61,4.61,4.36,4.37,270323
OBL,20220824,4.37,4.42,4.32,4.32,187455
OBL,20220825,4.36,4.41,4.3,4.33,1572541
OBL,20220826,4.3,4.3,4.23,4.26,172695
OBL,20220829,4.16,4.22,4.09,4.11,184823
OBL,20220830,4.25,4.59,4.25,4.58,1714345
OBL,20220831,4.68,4.93,4.41,4.58,2220586
OBL,20220901,4.62,4.65,4.43,4.48,1121668
OBL,20220902,4.3,4.3,3.8,4.2,1834185
OBL,20220905,4.11,4.25,3.99,4.24,927594
OBL,20220906,4.22,4.32,4.08,4.1,296689
OBL,20220907,4.1,4.18,3.97,3.98,431865
OBL,20220909,4.17,4.17,3.94,3.98,750406
OBL,20220912,3.86,3.97,3.82,3.92,445338
OBL,20220913,3.97,3.97,3.83,3.94,872750
OBL,20220914,3.78,3.88,3.76,3.84,464413
OBL,20220915,3.84,3.84,3.7,3.7,336820
OBL,20220916,3.62,3.79,3.62,3.79,2838489
