OEC,20160212,0.45,0.45,0.45,0.45,375000
OEC,20160215,0.465,0.465,0.45,0.45,38353
OEC,20160216,0.46,0.47,0.46,0.47,96760
OEC,20160217,0.47,0.47,0.47,0.47,130000
OEC,20160218,0.48,0.48,0.47,0.47,41714
OEC,20160219,0.475,0.475,0.475,0.475,21324
OEC,20160222,0.47,0.475,0.47,0.47,2352374
OEC,20160223,0.45,0.46,0.45,0.46,25147
OEC,20160224,0.46,0.46,0.46,0.46,595365
OEC,20160225,0.46,0.46,0.46,0.46,21074
OEC,20160226,0.465,0.465,0.46,0.46,455000
OEC,20160229,0.46,0.465,0.455,0.465,138357
OEC,20160301,0.475,0.51,0.475,0.5,48735
OEC,20160302,0.5,0.5,0.5,0.5,30000
OEC,20160303,0.505,0.58,0.505,0.58,80576
OEC,20160304,0.545,0.58,0.545,0.56,627074
OEC,20160307,0.58,0.59,0.58,0.59,72000
OEC,20160308,0.59,0.595,0.56,0.56,218368
OEC,20160309,0.57,0.58,0.57,0.58,84450
OEC,20160310,0.59,0.595,0.56,0.585,340174
OEC,20160311,0.585,0.585,0.585,0.585,0
OEC,20160314,0.585,0.585,0.585,0.585,9597
OEC,20160315,0.585,0.585,0.585,0.585,0
OEC,20160316,0.54,0.54,0.54,0.54,505
OEC,20160317,0.54,0.54,0.54,0.54,0
OEC,20160318,0.55,0.56,0.55,0.56,76000
OEC,20160321,0.54,0.55,0.54,0.55,5514
OEC,20160322,0.54,0.54,0.54,0.54,9167
OEC,20160323,0.54,0.54,0.54,0.54,1153
OEC,20160324,0.5,0.5,0.5,0.5,174
OEC,20160329,0.5,0.5,0.5,0.5,50000
OEC,20160330,0.5,0.5,0.49,0.49,700
OEC,20160331,0.5,0.5,0.5,0.5,438
OEC,20160401,0.52,0.52,0.52,0.52,1112
OEC,20160404,0.52,0.52,0.52,0.52,0
OEC,20160405,0.52,0.52,0.52,0.52,0
OEC,20160406,0.55,0.61,0.55,0.6,1017922
OEC,20160407,0.6,0.61,0.6,0.6,150033
OEC,20160408,0.6,0.6,0.6,0.6,37822
OEC,20160411,0.61,0.63,0.6,0.61,462180
OEC,20160412,0.62,0.64,0.62,0.64,75948
OEC,20160413,0.63,0.645,0.63,0.645,81596
OEC,20160414,0.645,0.645,0.6,0.6,200182
OEC,20160415,0.6,0.6,0.6,0.6,10000
OEC,20160418,0.6,0.62,0.6,0.6,292720
OEC,20160419,0.61,0.64,0.61,0.64,58605
OEC,20160420,0.64,0.645,0.62,0.62,90901
OEC,20160421,0.62,0.62,0.62,0.62,0
OEC,20160422,0.63,0.63,0.61,0.61,70087
OEC,20160426,0.62,0.62,0.61,0.61,91000
OEC,20160427,0.63,0.63,0.63,0.63,2351
OEC,20160428,0.63,0.63,0.63,0.63,0
OEC,20160429,0.61,0.61,0.58,0.6,141000
OEC,20160502,0.565,0.62,0.565,0.62,81902
OEC,20160503,0.63,0.63,0.6,0.63,50000
OEC,20160504,0.59,0.61,0.59,0.61,41200
OEC,20160505,0.59,0.59,0.59,0.59,9841
OEC,20160506,0.6,0.6,0.57,0.57,43000
OEC,20160509,0.57,0.57,0.57,0.57,573
OEC,20160510,0.585,0.63,0.585,0.63,296966
OEC,20160511,0.63,0.67,0.63,0.65,319418
OEC,20160512,0.635,0.65,0.635,0.65,59667
OEC,20160513,0.65,0.65,0.635,0.65,76500
OEC,20160516,0.67,0.71,0.66,0.705,70309
OEC,20160517,0.69,0.72,0.69,0.72,91146
OEC,20160518,0.73,0.73,0.69,0.71,161701
OEC,20160519,0.71,0.75,0.71,0.75,219434
OEC,20160520,0.78,0.78,0.75,0.76,105400
OEC,20160523,0.785,0.81,0.785,0.8,389964
OEC,20160524,0.82,0.84,0.72,0.75,206690
OEC,20160525,0.75,0.775,0.74,0.775,256729
OEC,20160526,0.77,0.775,0.73,0.775,14726
OEC,20160527,0.775,0.8,0.775,0.8,64878
OEC,20160530,0.81,0.825,0.8,0.8,26150
OEC,20160531,0.795,0.795,0.775,0.78,2361
OEC,20160601,0.775,0.78,0.775,0.78,18600
OEC,20160602,0.79,0.795,0.75,0.795,52905
OEC,20160603,0.785,0.8,0.785,0.8,85000
OEC,20160606,0.78,0.78,0.78,0.78,1700
OEC,20160607,0.75,0.75,0.75,0.75,10000
OEC,20160608,0.72,0.72,0.71,0.71,8530
OEC,20160609,0.715,0.74,0.715,0.74,110133
OEC,20160610,0.74,0.74,0.74,0.74,0
OEC,20160614,0.78,0.79,0.77,0.79,40000
OEC,20160615,0.78,0.78,0.78,0.78,13800
OEC,20160616,0.78,0.78,0.77,0.77,50262
OEC,20160617,0.76,0.76,0.74,0.74,48574
OEC,20160620,0.735,0.735,0.735,0.735,500
OEC,20160621,0.725,0.76,0.725,0.76,2257
OEC,20160622,0.73,0.73,0.73,0.73,10000
OEC,20160623,0.73,0.735,0.73,0.735,2301
OEC,20160624,0.71,0.73,0.7,0.71,190742
OEC,20160627,0.71,0.72,0.71,0.72,63912
OEC,20160628,0.74,0.74,0.74,0.74,19769
OEC,20160629,0.7,0.765,0.7,0.7,27142
OEC,20160630,0.695,0.695,0.695,0.695,1000
OEC,20160701,0.695,0.695,0.695,0.695,0
OEC,20160704,0.695,0.695,0.695,0.695,0
OEC,20160705,0.695,0.71,0.695,0.7,58675
OEC,20160706,0.7,0.7,0.7,0.7,75000
OEC,20160707,0.7,0.7,0.7,0.7,34900
OEC,20160708,0.7,0.7,0.7,0.7,30800
OEC,20160711,0.7,0.7,0.7,0.7,127321
OEC,20160712,0.7,0.7,0.7,0.7,13835
OEC,20160713,0.7,0.7,0.7,0.7,0
OEC,20160714,0.7,0.7,0.7,0.7,0
OEC,20160715,0.7,0.7,0.65,0.7,15059
OEC,20160718,0.71,0.71,0.71,0.71,7244
OEC,20160719,0.735,0.74,0.735,0.74,19413
OEC,20160720,0.71,0.71,0.71,0.71,55822
OEC,20160721,0.7,0.71,0.7,0.71,59379
OEC,20160722,0.7,0.7,0.7,0.7,9520
OEC,20160725,0.7,0.71,0.7,0.7,35000
OEC,20160726,0.675,0.7,0.675,0.7,60000
OEC,20160727,0.7,0.7,0.7,0.7,7364
OEC,20160728,0.7,0.7,0.7,0.7,1525
OEC,20160729,0.7,0.7,0.7,0.7,7000
OEC,20160801,0.7,0.7,0.7,0.7,2234
OEC,20160802,0.7,0.7,0.7,0.7,0
OEC,20160803,0.7,0.7,0.7,0.7,0
OEC,20160804,0.715,0.76,0.715,0.76,96880
OEC,20160805,0.77,0.78,0.77,0.78,76865
OEC,20160808,0.77,0.8,0.75,0.785,81740
OEC,20160809,0.8,0.8,0.8,0.8,50943
OEC,20160810,0.83,0.83,0.8,0.83,67173
OEC,20160811,0.85,0.85,0.82,0.85,500532
OEC,20160812,0.825,0.835,0.825,0.835,259216
OEC,20160815,0.85,0.87,0.85,0.87,42500
OEC,20160816,0.87,0.93,0.87,0.93,267566
OEC,20160817,0.9,0.905,0.85,0.9,1179735
OEC,20160818,0.93,0.93,0.93,0.93,20000
OEC,20160822,0.9,0.91,0.9,0.9,14512
OEC,20160823,0.9,0.9,0.86,0.9,51750
OEC,20160824,0.92,0.965,0.92,0.965,179160
OEC,20160825,0.96,0.96,0.945,0.95,80991
OEC,20160826,0.95,0.965,0.94,0.94,115396
OEC,20160829,0.95,0.955,0.91,0.955,107378
OEC,20160830,0.91,0.91,0.835,0.875,80185
OEC,20160831,0.87,0.89,0.87,0.89,174969
OEC,20160901,0.88,0.9,0.88,0.9,116133
OEC,20160902,0.9,0.9,0.9,0.9,14000
OEC,20160905,0.9,0.9,0.88,0.9,46841
OEC,20160906,0.88,0.88,0.83,0.83,28661
OEC,20160907,0.87,0.87,0.87,0.87,21671
OEC,20160908,0.88,0.9,0.865,0.9,14321
OEC,20160909,0.9,0.9,0.9,0.9,9377
OEC,20160912,0.9,0.9,0.9,0.9,0
OEC,20160913,0.835,0.835,0.83,0.83,6500
OEC,20160914,0.85,0.85,0.83,0.84,13444
OEC,20160915,0.84,0.84,0.84,0.84,1650
OEC,20160916,0.85,0.85,0.85,0.85,34625
OEC,20160919,0.85,0.865,0.85,0.865,11846
OEC,20160920,0.865,0.865,0.865,0.865,0
OEC,20160921,0.865,0.865,0.865,0.865,0
OEC,20160922,0.86,0.87,0.86,0.87,34343
OEC,20160923,0.86,0.87,0.86,0.87,4550
OEC,20160926,0.87,0.87,0.87,0.87,0
OEC,20160927,0.87,0.87,0.86,0.87,57874
OEC,20160928,0.88,0.88,0.88,0.88,4241
OEC,20160929,0.86,0.88,0.86,0.88,663
OEC,20160930,0.86,0.86,0.86,0.86,1410
OEC,20161003,0.86,0.86,0.86,0.86,0
OEC,20161004,0.86,0.86,0.86,0.86,0
OEC,20161005,0.86,0.86,0.85,0.85,15072
OEC,20161006,0.87,0.87,0.87,0.87,6000
OEC,20161007,0.87,0.87,0.87,0.87,522
OEC,20161010,0.87,0.87,0.87,0.87,0
OEC,20161011,0.87,0.87,0.87,0.87,0
OEC,20161012,0.87,0.87,0.87,0.87,0
OEC,20161013,0.87,0.87,0.85,0.86,34870
OEC,20161014,0.88,0.93,0.88,0.93,186756
OEC,20161017,0.91,0.95,0.895,0.92,112113
OEC,20161018,0.92,0.92,0.85,0.9,79417
OEC,20161019,0.9,0.95,0.9,0.95,172911
OEC,20161020,0.95,0.95,0.92,0.94,74600
OEC,20161021,0.935,0.935,0.9,0.9,25535
OEC,20161024,0.9,0.9,0.9,0.9,230
OEC,20161025,0.93,0.93,0.925,0.93,40000
OEC,20161026,0.91,0.91,0.91,0.91,5000
OEC,20161027,0.91,0.91,0.91,0.91,0
OEC,20161028,0.925,0.925,0.925,0.925,12000
OEC,20161031,0.925,0.925,0.905,0.905,30157
OEC,20161101,0.905,0.905,0.905,0.905,10387
OEC,20161102,0.905,0.905,0.905,0.905,2500
OEC,20161103,0.93,0.93,0.92,0.92,1015400
OEC,20161104,0.92,0.92,0.92,0.92,0
OEC,20161107,0.925,0.925,0.9,0.9,42078
OEC,20161108,0.9,0.93,0.9,0.93,63469
OEC,20161109,0.91,0.91,0.91,0.91,1213
OEC,20161110,0.92,0.92,0.92,0.92,5376
OEC,20161111,0.88,0.88,0.88,0.88,30844
OEC,20161114,0.9,0.91,0.88,0.88,61839
OEC,20161115,0.88,0.9,0.88,0.9,92000
OEC,20161116,0.9,0.9,0.88,0.88,81764
OEC,20161117,0.895,0.895,0.855,0.885,214000
OEC,20161118,0.885,0.885,0.885,0.885,0
OEC,20161121,0.89,0.89,0.89,0.89,8166
OEC,20161122,0.89,0.9,0.89,0.9,35543
OEC,20161123,0.9,0.9,0.9,0.9,0
OEC,20161124,0.89,0.89,0.89,0.89,51052
OEC,20161125,0.88,0.9,0.88,0.9,35013
OEC,20161128,0.9,0.9,0.9,0.9,27500
OEC,20161129,0.88,0.88,0.88,0.88,1236292
OEC,20161130,0.88,0.88,0.88,0.88,10956
OEC,20161201,0.88,0.88,0.85,0.85,64736
OEC,20161202,0.85,0.855,0.85,0.85,2312844
OEC,20161205,0.85,0.85,0.85,0.85,0
OEC,20161206,0.85,0.85,0.85,0.85,0
OEC,20161207,0.85,0.85,0.85,0.85,22941
OEC,20161208,0.85,0.89,0.8,0.8,50677
OEC,20161209,0.8,0.8,0.8,0.8,2700
OEC,20161212,0.8,0.8,0.8,0.8,0
OEC,20161213,0.8,0.85,0.8,0.85,22617
OEC,20161214,0.85,0.85,0.85,0.85,11642
OEC,20161215,0.855,0.855,0.85,0.855,71341
OEC,20161216,0.855,0.855,0.855,0.855,0
OEC,20161219,0.855,0.855,0.855,0.855,0
OEC,20161220,0.8,0.81,0.8,0.81,50407
OEC,20161221,0.8,0.8,0.8,0.8,2508
OEC,20161222,0.8,0.81,0.8,0.8,41054
OEC,20161223,0.855,0.9,0.855,0.895,365676
OEC,20161228,0.88,0.88,0.87,0.88,81218
OEC,20161229,0.875,0.875,0.87,0.87,37450
OEC,20161230,0.875,0.875,0.875,0.875,2250
OEC,20170103,0.84,0.85,0.83,0.835,99355
OEC,20170104,0.835,0.835,0.835,0.835,26903
OEC,20170105,0.835,0.835,0.835,0.835,0
OEC,20170106,0.85,0.865,0.85,0.85,10780
OEC,20170109,0.88,0.88,0.88,0.88,48000
OEC,20170110,0.87,0.88,0.87,0.88,1275000
OEC,20170111,0.88,0.88,0.88,0.88,2250
OEC,20170112,0.855,0.855,0.78,0.815,178616
OEC,20170113,0.8,0.805,0.8,0.805,64947
OEC,20170116,0.805,0.805,0.8,0.8,25000
OEC,20170117,0.82,0.82,0.82,0.82,55
OEC,20170118,0.82,0.82,0.8,0.8,12000
OEC,20170119,0.8,0.83,0.8,0.805,67901
OEC,20170120,0.8,0.8,0.8,0.8,1024
OEC,20170123,0.8,0.8,0.78,0.78,122616
OEC,20170124,0.78,0.78,0.765,0.765,75974
OEC,20170125,0.74,0.75,0.71,0.745,86306
OEC,20170127,0.745,0.85,0.74,0.825,120928
OEC,20170130,0.83,0.83,0.82,0.82,45200
OEC,20170131,0.83,0.87,0.83,0.87,183704
OEC,20170201,0.84,0.84,0.805,0.83,193184
OEC,20170202,0.83,0.83,0.83,0.83,90000
OEC,20170203,0.84,0.84,0.83,0.83,163135
OEC,20170206,0.83,0.85,0.83,0.83,37969
OEC,20170207,0.83,0.83,0.83,0.83,0
OEC,20170208,0.83,0.83,0.83,0.83,99565
OEC,20170209,0.84,0.84,0.83,0.83,18872
OEC,20170210,0.83,0.83,0.83,0.83,2200
OEC,20170213,0.83,0.83,0.83,0.83,0
OEC,20170214,0.82,0.83,0.81,0.81,41105
OEC,20170215,0.81,0.81,0.81,0.81,0
OEC,20170216,0.81,0.81,0.78,0.78,24894
OEC,20170217,0.78,0.78,0.77,0.78,18410
OEC,20170220,0.78,0.78,0.75,0.75,16500
OEC,20170221,0.74,0.74,0.73,0.73,62034
OEC,20170222,0.74,0.74,0.73,0.73,16000
OEC,20170223,0.74,0.75,0.74,0.75,3074
OEC,20170224,0.75,0.75,0.75,0.75,20147
OEC,20170227,0.75,0.75,0.75,0.75,2163
OEC,20170228,0.73,0.74,0.71,0.71,49200
OEC,20170301,0.71,0.75,0.71,0.75,10000
OEC,20170302,0.73,0.73,0.73,0.73,6500
OEC,20170303,0.73,0.73,0.73,0.73,0
OEC,20170306,0.73,0.73,0.73,0.73,0
OEC,20170307,0.71,0.71,0.705,0.705,8330
OEC,20170308,0.75,0.75,0.75,0.75,11500
OEC,20170309,0.75,0.76,0.74,0.74,20810
OEC,20170310,0.71,0.71,0.71,0.71,748
OEC,20170313,0.715,0.715,0.71,0.71,14532
OEC,20170314,0.71,0.71,0.65,0.665,55561
OEC,20170315,0.665,0.665,0.62,0.62,51873
OEC,20170316,0.62,0.64,0.62,0.64,21212
OEC,20170317,0.64,0.64,0.6,0.61,26291
OEC,20170320,0.64,0.64,0.64,0.64,10000
OEC,20170321,0.61,0.61,0.6,0.6,15326
OEC,20170322,0.6,0.6,0.6,0.6,0
OEC,20170323,0.61,0.62,0.6,0.62,5198
OEC,20170324,0.62,0.62,0.62,0.62,0
OEC,20170327,0.62,0.62,0.62,0.62,0
OEC,20170328,0.61,0.62,0.61,0.62,5000
OEC,20170329,0.595,0.595,0.57,0.585,34407
OEC,20170330,0.59,0.59,0.59,0.59,1000
OEC,20170331,0.6,0.6,0.6,0.6,331
OEC,20170403,0.6,0.6,0.6,0.6,0
OEC,20170404,0.6,0.6,0.6,0.6,0
OEC,20170405,0.59,0.59,0.575,0.575,6100
OEC,20170406,0.59,0.59,0.59,0.59,3000
OEC,20170407,0.59,0.59,0.59,0.59,0
OEC,20170410,0.59,0.59,0.59,0.59,0
OEC,20170411,0.58,0.605,0.58,0.605,27193
OEC,20170412,0.585,0.625,0.57,0.57,156001
OEC,20170413,0.57,0.58,0.55,0.58,2569310
OEC,20170418,0.56,0.575,0.55,0.55,56122
OEC,20170419,0.55,0.55,0.55,0.55,12314
OEC,20170420,0.55,0.55,0.55,0.55,0
OEC,20170421,0.52,0.52,0.52,0.52,15000
OEC,20170424,0.52,0.52,0.52,0.52,0
OEC,20170426,0.5,0.5,0.48,0.48,11000
OEC,20170427,0.48,0.48,0.48,0.48,600
OEC,20170428,0.48,0.49,0.48,0.49,12000
OEC,20170501,0.48,0.48,0.46,0.46,33000
OEC,20170502,0.46,0.46,0.46,0.46,1000
OEC,20170503,0.47,0.47,0.45,0.455,59422
OEC,20170504,0.46,0.46,0.46,0.46,75790
OEC,20170505,0.46,0.47,0.46,0.47,40334
OEC,20170508,0.47,0.47,0.455,0.455,12245
OEC,20170509,0.455,0.47,0.455,0.47,9136
OEC,20170510,0.465,0.465,0.465,0.465,670
OEC,20170511,0.46,0.46,0.45,0.45,57800
OEC,20170512,0.47,0.47,0.47,0.47,8061
OEC,20170515,0.47,0.47,0.47,0.47,0
OEC,20170516,0.45,0.45,0.45,0.45,2500
OEC,20170517,0.45,0.45,0.44,0.45,57750
OEC,20170518,0.45,0.45,0.45,0.45,0
OEC,20170519,0.45,0.45,0.45,0.45,0
OEC,20170522,0.43,0.43,0.43,0.43,53
OEC,20170523,0.435,0.45,0.435,0.45,50039
OEC,20170524,0.45,0.45,0.45,0.45,10404
OEC,20170525,0.45,0.45,0.45,0.45,0
OEC,20170526,0.45,0.45,0.45,0.45,16096
OEC,20170529,0.45,0.45,0.45,0.45,2500
OEC,20170530,0.45,0.45,0.45,0.45,0
OEC,20170531,0.45,0.45,0.45,0.45,25240
OEC,20170601,0.44,0.44,0.43,0.43,69215
OEC,20170602,0.43,0.43,0.43,0.43,0
OEC,20170605,0.43,0.43,0.43,0.43,0
OEC,20170606,0.45,0.45,0.45,0.45,18746
OEC,20170607,0.44,0.44,0.44,0.44,7500
OEC,20170608,0.44,0.44,0.43,0.43,62000
OEC,20170609,0.45,0.45,0.43,0.43,86454
OEC,20170613,0.44,0.47,0.44,0.47,168522
OEC,20170614,0.47,0.48,0.455,0.48,54702
OEC,20170615,0.48,0.51,0.47,0.47,41542
OEC,20170616,0.48,0.485,0.48,0.485,7000
OEC,20170619,0.485,0.485,0.485,0.485,0
OEC,20170620,0.48,0.48,0.48,0.48,8562
OEC,20170621,0.48,0.48,0.48,0.48,28890
OEC,20170622,0.475,0.51,0.46,0.5,63096
OEC,20170623,0.485,0.485,0.485,0.485,6834
OEC,20170626,0.51,0.515,0.51,0.515,76917
OEC,20170627,0.52,0.55,0.52,0.55,9022
OEC,20170628,0.56,0.575,0.56,0.56,137370
OEC,20170629,0.56,0.56,0.56,0.56,0
OEC,20170630,0.52,0.52,0.5,0.5,2211
OEC,20170703,0.5,0.5,0.5,0.5,0
OEC,20170704,0.5,0.5,0.5,0.5,0
OEC,20170705,0.5,0.5,0.5,0.5,0
OEC,20170706,0.51,0.51,0.5,0.5,7426
OEC,20170707,0.5,0.5,0.5,0.5,0
OEC,20170710,0.5,0.5,0.5,0.5,0
OEC,20170711,0.5,0.5,0.5,0.5,2404
OEC,20170712,0.5,0.5,0.475,0.475,35783
OEC,20170713,0.475,0.475,0.475,0.475,0
OEC,20170714,0.47,0.49,0.47,0.49,30017
OEC,20170717,0.49,0.49,0.49,0.49,0
OEC,20170718,0.49,0.49,0.49,0.49,0
OEC,20170719,0.49,0.49,0.49,0.49,0
OEC,20170720,0.49,0.49,0.49,0.49,0
OEC,20170721,0.49,0.5,0.49,0.5,42000
OEC,20170724,0.5,0.5,0.48,0.5,64189
OEC,20170725,0.535,0.535,0.535,0.535,800
OEC,20170726,0.53,0.535,0.485,0.535,36300
OEC,20170727,0.52,0.52,0.51,0.51,6300
OEC,20170728,0.51,0.59,0.51,0.59,27878
OEC,20170731,0.59,0.61,0.52,0.61,26675
OEC,20170801,0.65,0.65,0.65,0.65,10000
OEC,20170802,0.65,0.68,0.62,0.62,125378
OEC,20170803,0.68,0.68,0.68,0.68,24620
OEC,20170804,0.68,0.68,0.65,0.67,202994
OEC,20170807,0.65,0.67,0.65,0.67,32260
OEC,20170808,0.65,0.65,0.65,0.65,40000
OEC,20170809,0.65,0.65,0.65,0.65,20000
OEC,20170810,0.67,0.67,0.65,0.66,269387
OEC,20170811,0.61,0.61,0.565,0.61,22050
OEC,20170815,0.58,0.58,0.57,0.57,92370
OEC,20170816,0.57,0.57,0.57,0.57,0
OEC,20170817,0.56,0.58,0.56,0.58,25500
OEC,20170818,0.565,0.565,0.565,0.565,1975
OEC,20170821,0.55,0.55,0.52,0.55,33380
OEC,20170822,0.55,0.55,0.55,0.55,0
OEC,20170823,0.55,0.55,0.55,0.55,0
OEC,20170824,0.52,0.52,0.52,0.52,30941
OEC,20170825,0.565,0.62,0.565,0.62,559
OEC,20170828,0.62,0.62,0.62,0.62,0
OEC,20170829,0.62,0.62,0.62,0.62,0
OEC,20170830,0.62,0.62,0.62,0.62,0
OEC,20170831,0.585,0.585,0.58,0.58,101160
OEC,20170901,0.54,0.54,0.54,0.54,407
OEC,20170904,0.57,0.6,0.57,0.58,142900
OEC,20170905,0.58,0.58,0.58,0.58,0
OEC,20170906,0.58,0.58,0.58,0.58,0
OEC,20170907,0.58,0.58,0.58,0.58,0
OEC,20170908,0.58,0.58,0.58,0.58,0
OEC,20170911,0.59,0.59,0.58,0.58,3872
OEC,20170912,0.58,0.58,0.58,0.58,0
OEC,20170913,0.58,0.58,0.56,0.58,54402
OEC,20170914,0.58,0.58,0.58,0.58,0
OEC,20170915,0.54,0.54,0.54,0.54,2181
OEC,20170918,0.54,0.54,0.54,0.54,0
OEC,20170919,0.54,0.54,0.54,0.54,4412
OEC,20170920,0.525,0.525,0.52,0.52,5088
OEC,20170921,0.52,0.52,0.52,0.52,0
OEC,20170922,0.52,0.52,0.52,0.52,0
OEC,20170925,0.52,0.52,0.52,0.52,30000
OEC,20170926,0.52,0.52,0.52,0.52,0
OEC,20170927,0.52,0.52,0.52,0.52,1000
OEC,20170928,0.52,0.52,0.52,0.52,0
OEC,20170929,0.52,0.52,0.52,0.52,0
OEC,20171002,0.52,0.52,0.52,0.52,0
OEC,20171003,0.52,0.52,0.47,0.47,4134
OEC,20171004,0.47,0.47,0.47,0.47,0
OEC,20171005,0.475,0.475,0.475,0.475,418
OEC,20171006,0.475,0.475,0.475,0.475,8589
OEC,20171009,0.475,0.475,0.475,0.475,0
OEC,20171010,0.505,0.51,0.505,0.51,14945
OEC,20171011,0.535,0.55,0.535,0.55,156133
OEC,20171012,0.545,0.55,0.545,0.55,5400
OEC,20171013,0.55,0.55,0.55,0.55,0
OEC,20171016,0.55,0.55,0.55,0.55,0
OEC,20171017,0.505,0.505,0.505,0.505,2143
OEC,20171018,0.505,0.54,0.5,0.54,14156
OEC,20171019,0.54,0.54,0.54,0.54,10000
OEC,20171020,0.5,0.505,0.5,0.505,1962
OEC,20171023,0.505,0.505,0.505,0.505,0
OEC,20171024,0.535,0.54,0.535,0.54,52864
OEC,20171025,0.54,0.55,0.54,0.55,15164
OEC,20171026,0.54,0.54,0.54,0.54,15000
OEC,20171027,0.54,0.54,0.54,0.54,5000
OEC,20171030,0.54,0.55,0.54,0.55,3580
OEC,20171031,0.55,0.55,0.55,0.55,10000
OEC,20171101,0.55,0.55,0.53,0.53,60118
OEC,20171102,0.53,0.545,0.53,0.53,8820
OEC,20171103,0.53,0.53,0.53,0.53,40000
OEC,20171106,0.53,0.53,0.53,0.53,148000
OEC,20171107,0.52,0.52,0.52,0.52,6744
OEC,20171108,0.52,0.52,0.51,0.51,8606
OEC,20171109,0.52,0.52,0.52,0.52,7769
OEC,20171110,0.52,0.52,0.52,0.52,7769
OEC,20171113,0.515,0.515,0.48,0.48,52378
OEC,20171114,0.48,0.48,0.48,0.48,8999
OEC,20171115,0.48,0.48,0.48,0.48,6997
OEC,20171116,0.5,0.5,0.5,0.5,10500
OEC,20171117,0.49,0.49,0.49,0.49,100000
OEC,20171120,0.48,0.48,0.48,0.48,12389
OEC,20171121,0.48,0.48,0.47,0.47,35917
OEC,20171122,0.45,0.47,0.45,0.47,10393
OEC,20171123,0.47,0.47,0.47,0.47,9673
OEC,20171124,0.45,0.45,0.45,0.45,500
OEC,20171127,0.47,0.47,0.47,0.47,10000
OEC,20171128,0.47,0.47,0.47,0.47,0
OEC,20171129,0.45,0.47,0.45,0.47,39107
OEC,20171130,0.405,0.47,0.405,0.465,64264
OEC,20171201,0.47,0.47,0.455,0.455,10262
OEC,20171204,0.455,0.455,0.455,0.455,0
OEC,20171205,0.415,0.43,0.415,0.43,669
OEC,20171206,0.43,0.43,0.43,0.43,0
OEC,20171207,0.43,0.43,0.43,0.43,5313
OEC,20171208,0.43,0.465,0.43,0.465,18000
OEC,20171211,0.46,0.46,0.46,0.46,2140
OEC,20171212,0.46,0.46,0.46,0.46,10000
OEC,20171213,0.44,0.46,0.44,0.46,12978
OEC,20171214,0.44,0.44,0.44,0.44,564
OEC,20171215,0.44,0.44,0.405,0.43,43695
OEC,20171218,0.44,0.45,0.435,0.45,28378
OEC,20171219,0.45,0.45,0.45,0.45,20000
OEC,20171220,0.45,0.46,0.45,0.46,34100
OEC,20171221,0.45,0.45,0.45,0.45,7000
OEC,20171222,0.46,0.465,0.46,0.465,59750
OEC,20171227,0.465,0.465,0.465,0.465,0
OEC,20171228,0.45,0.45,0.435,0.435,8932
OEC,20171229,0.465,0.465,0.44,0.44,3270
OEC,20180102,0.435,0.435,0.435,0.435,36190
OEC,20180103,0.415,0.415,0.415,0.415,5669
OEC,20180104,0.42,0.42,0.415,0.415,16054
OEC,20180105,0.415,0.46,0.415,0.46,9000
OEC,20180108,0.46,0.46,0.46,0.46,10500
OEC,20180109,0.42,0.44,0.42,0.44,73941
OEC,20180110,0.44,0.44,0.44,0.44,0
OEC,20180111,0.435,0.435,0.435,0.435,2300
OEC,20180112,0.435,0.44,0.435,0.44,7500
OEC,20180115,0.42,0.42,0.42,0.42,59
OEC,20180116,0.415,0.415,0.41,0.41,7500
OEC,20180117,0.415,0.415,0.415,0.415,532
OEC,20180118,0.41,0.42,0.41,0.41,25486
OEC,20180119,0.42,0.42,0.42,0.42,9910
OEC,20180122,0.42,0.42,0.42,0.42,0
OEC,20180123,0.42,0.42,0.42,0.42,0
OEC,20180124,0.42,0.43,0.42,0.43,12055
OEC,20180125,0.425,0.425,0.425,0.425,2500
OEC,20180129,0.43,0.43,0.43,0.43,28590
OEC,20180130,0.43,0.43,0.425,0.425,36310
OEC,20180131,0.41,0.41,0.41,0.41,522
OEC,20180201,0.41,0.43,0.41,0.43,11997
OEC,20180202,0.43,0.43,0.43,0.43,0
OEC,20180205,0.4,0.4,0.4,0.4,25000
OEC,20180207,0.38,0.43,0.38,0.38,45248
OEC,20180208,0.36,0.38,0.36,0.38,40743
OEC,20180209,0.38,0.38,0.38,0.38,160
OEC,20180212,0.38,0.38,0.38,0.38,5907
OEC,20180213,0.38,0.4,0.38,0.38,161290
OEC,20180214,0.39,0.39,0.385,0.385,20650
OEC,20180215,0.37,0.37,0.37,0.37,30000
OEC,20180216,0.37,0.37,0.345,0.35,91485
OEC,20180219,0.35,0.365,0.35,0.365,32645
OEC,20180220,0.355,0.38,0.34,0.38,153189
OEC,20180221,0.355,0.37,0.35,0.37,79244
OEC,20180222,0.37,0.37,0.37,0.37,0
OEC,20180223,0.37,0.37,0.37,0.37,0
OEC,20180226,0.37,0.37,0.37,0.37,0
OEC,20180227,0.365,0.365,0.36,0.365,10847
OEC,20180228,0.365,0.365,0.365,0.365,0
OEC,20180301,0.365,0.365,0.365,0.365,0
OEC,20180302,0.38,0.38,0.34,0.345,86259
OEC,20180305,0.345,0.345,0.345,0.345,0
OEC,20180306,0.375,0.43,0.375,0.43,71303
OEC,20180307,0.425,0.485,0.425,0.485,13700
OEC,20180308,0.485,0.485,0.485,0.485,2500
OEC,20180309,0.475,0.475,0.43,0.43,26400
OEC,20180312,0.44,0.44,0.44,0.44,10000
OEC,20180313,0.44,0.44,0.44,0.44,0
OEC,20180314,0.42,0.445,0.42,0.445,27000
OEC,20180315,0.4,0.4,0.4,0.4,356
OEC,20180316,0.4,0.4,0.4,0.4,0
OEC,20180319,0.4,0.4,0.4,0.4,350
OEC,20180320,0.4,0.4,0.4,0.4,7039
OEC,20180321,0.4,0.4,0.4,0.4,0
OEC,20180322,0.4,0.4,0.4,0.4,0
OEC,20180323,0.4,0.4,0.4,0.4,0
OEC,20180326,0.44,0.44,0.44,0.44,20000
OEC,20180327,0.42,0.42,0.42,0.42,800
OEC,20180328,0.42,0.42,0.42,0.42,0
OEC,20180329,0.44,0.44,0.44,0.44,10000
OEC,20180403,0.445,0.45,0.445,0.45,9200
OEC,20180404,0.45,0.45,0.45,0.45,0
OEC,20180405,0.445,0.45,0.445,0.45,30000
OEC,20180406,0.42,0.42,0.42,0.42,1336
OEC,20180409,0.42,0.42,0.42,0.42,13461
OEC,20180410,0.42,0.42,0.42,0.42,0
OEC,20180411,0.42,0.42,0.42,0.42,0
OEC,20180412,0.42,0.42,0.42,0.42,2061
OEC,20180413,0.42,0.42,0.4,0.4,33659
OEC,20180416,0.4,0.4,0.4,0.4,0
OEC,20180417,0.38,0.38,0.38,0.38,1634
OEC,20180418,0.38,0.38,0.38,0.38,500
OEC,20180419,0.38,0.38,0.38,0.38,0
OEC,20180420,0.385,0.385,0.385,0.385,15000
OEC,20180423,0.39,0.39,0.39,0.39,32866
OEC,20180424,0.375,0.375,0.375,0.375,16000
OEC,20180426,0.39,0.39,0.375,0.375,2849
OEC,20180427,0.375,0.375,0.375,0.375,0
OEC,20180430,0.375,0.375,0.375,0.375,7451
OEC,20180501,0.37,0.37,0.35,0.35,17679
OEC,20180502,0.35,0.35,0.35,0.35,500
OEC,20180503,0.37,0.39,0.37,0.39,35595
OEC,20180504,0.39,0.39,0.39,0.39,0
OEC,20180507,0.385,0.39,0.385,0.385,68964
OEC,20180508,0.385,0.385,0.37,0.37,18050
OEC,20180509,0.375,0.375,0.375,0.375,46800
OEC,20180510,0.4,0.4,0.38,0.39,13363
OEC,20180511,0.4,0.43,0.4,0.43,177655
OEC,20180514,0.43,0.505,0.43,0.45,94000
OEC,20180515,0.43,0.43,0.4,0.4,17099
OEC,20180516,0.43,0.43,0.405,0.425,15379
OEC,20180517,0.425,0.425,0.42,0.42,8928
OEC,20180518,0.43,0.45,0.43,0.45,21177
OEC,20180521,0.44,0.44,0.44,0.44,3199
OEC,20180522,0.44,0.44,0.43,0.44,15776
OEC,20180523,0.44,0.44,0.44,0.44,17469
OEC,20180524,0.44,0.44,0.44,0.44,0
OEC,20180525,0.44,0.44,0.44,0.44,21370
OEC,20180528,0.44,0.44,0.44,0.44,2486
OEC,20180529,0.44,0.44,0.44,0.44,0
OEC,20180530,0.43,0.43,0.43,0.43,1073
OEC,20180531,0.43,0.43,0.43,0.43,0
OEC,20180601,0.42,0.42,0.42,0.42,4572
OEC,20180604,0.425,0.425,0.425,0.425,1177
OEC,20180605,0.42,0.42,0.41,0.41,14033
OEC,20180606,0.41,0.41,0.41,0.41,0
OEC,20180607,0.4,0.4,0.39,0.39,49784
OEC,20180608,0.395,0.4,0.395,0.4,5000
OEC,20180612,0.4,0.4,0.4,0.4,57798
OEC,20180613,0.405,0.415,0.405,0.415,7784
OEC,20180614,0.405,0.405,0.405,0.405,2399
OEC,20180615,0.405,0.405,0.405,0.405,0
OEC,20180618,0.4,0.4,0.385,0.385,3000
OEC,20180619,0.385,0.385,0.385,0.385,391
OEC,20180620,0.385,0.385,0.36,0.37,21007
OEC,20180621,0.37,0.37,0.37,0.37,7052
OEC,20180622,0.36,0.36,0.36,0.36,260
OEC,20180625,0.36,0.36,0.355,0.355,8240
OEC,20180626,0.35,0.375,0.325,0.375,38635
OEC,20180627,0.375,0.375,0.36,0.36,6580
OEC,20180628,0.36,0.36,0.36,0.36,10015
OEC,20180629,0.36,0.36,0.36,0.36,2747
OEC,20180702,0.37,0.39,0.37,0.39,12923
OEC,20180703,0.39,0.39,0.39,0.39,0
OEC,20180704,0.38,0.38,0.375,0.375,50552
OEC,20180705,0.36,0.36,0.36,0.36,1334
OEC,20180706,0.355,0.355,0.35,0.35,108432
OEC,20180710,0.35,0.35,0.35,0.35,95021
OEC,20180711,0.35,0.35,0.35,0.35,346597
OEC,20180712,0.38,0.51,0.375,0.5,407004
OEC,20180713,0.5,0.5,0.45,0.455,123575
OEC,20180716,0.455,0.455,0.455,0.455,4267
OEC,20180717,0.455,0.455,0.455,0.455,0
OEC,20180718,0.485,0.49,0.485,0.49,76400
OEC,20180719,0.49,0.49,0.49,0.49,0
OEC,20180720,0.49,0.49,0.49,0.49,0
OEC,20180723,0.49,0.49,0.49,0.49,0
OEC,20180724,0.475,0.475,0.455,0.455,2473
OEC,20180725,0.455,0.47,0.455,0.46,21565
OEC,20180726,0.46,0.46,0.46,0.46,0
OEC,20180727,0.46,0.46,0.44,0.45,26781
OEC,20180730,0.45,0.45,0.45,0.45,0
OEC,20180731,0.48,0.48,0.48,0.48,10000
OEC,20180801,0.48,0.52,0.48,0.52,171567
OEC,20180802,0.52,0.52,0.5,0.5,16433
OEC,20180803,0.5,0.515,0.495,0.495,12000
OEC,20180806,0.48,0.48,0.48,0.48,2522
OEC,20180807,0.475,0.48,0.475,0.48,2900
OEC,20180808,0.475,0.48,0.475,0.48,6000
OEC,20180809,0.48,0.485,0.48,0.485,5660
OEC,20180810,0.505,0.505,0.505,0.505,6500
OEC,20180813,0.505,0.505,0.505,0.505,0
OEC,20180814,0.485,0.5,0.48,0.5,27858
OEC,20180816,0.5,0.5,0.48,0.48,6134
OEC,20180817,0.48,0.5,0.48,0.5,60915
OEC,20180820,0.5,0.5,0.5,0.5,0
OEC,20180821,0.48,0.48,0.48,0.48,2750
OEC,20180822,0.48,0.48,0.48,0.48,0
OEC,20180823,0.5,0.53,0.495,0.53,117982
OEC,20180824,0.53,0.57,0.53,0.57,115500
OEC,20180827,0.55,0.55,0.5,0.52,9565
OEC,20180828,0.535,0.535,0.525,0.525,24438
OEC,20180829,0.53,0.53,0.53,0.53,562
OEC,20180830,0.53,0.53,0.52,0.52,27890
OEC,20180831,0.53,0.53,0.52,0.52,25931
OEC,20180903,0.52,0.52,0.52,0.52,0
OEC,20180904,0.52,0.52,0.505,0.51,17950
OEC,20180905,0.515,0.515,0.515,0.515,10500
OEC,20180906,0.515,0.515,0.51,0.51,80529
OEC,20180907,0.51,0.51,0.51,0.51,12800
OEC,20180910,0.51,0.51,0.51,0.51,35042
OEC,20180913,0.48,0.48,0.475,0.475,41500
OEC,20180914,0.475,0.475,0.475,0.475,0
OEC,20180917,0.475,0.475,0.475,0.475,300
OEC,20180918,0.5,0.515,0.5,0.515,17830
OEC,20180919,0.5,0.5,0.475,0.475,47547
OEC,20180920,0.475,0.475,0.475,0.475,0
OEC,20180921,0.475,0.475,0.475,0.475,12500
OEC,20180924,0.5,0.5,0.485,0.485,5500
OEC,20180925,0.5,0.5,0.48,0.48,57000
OEC,20180926,0.5,0.5,0.5,0.5,5000
OEC,20180927,0.495,0.5,0.48,0.48,9686
OEC,20180928,0.495,0.495,0.495,0.495,1030
OEC,20181001,0.49,0.49,0.49,0.49,2500
OEC,20181002,0.5,0.5,0.48,0.48,7638
OEC,20181003,0.495,0.5,0.495,0.5,45000
OEC,20181004,0.48,0.48,0.475,0.475,15945
OEC,20181005,0.49,0.5,0.49,0.5,50000
OEC,20181008,0.485,0.485,0.48,0.48,2300
OEC,20181009,0.48,0.48,0.48,0.48,0
OEC,20181010,0.47,0.47,0.47,0.47,1000
OEC,20181011,0.45,0.465,0.45,0.465,15385
OEC,20181012,0.465,0.465,0.465,0.465,0
OEC,20181015,0.5,0.55,0.5,0.54,84035
OEC,20181016,0.54,0.57,0.51,0.57,90492
OEC,20181017,0.57,0.57,0.56,0.57,11459
OEC,20181018,0.57,0.6,0.57,0.6,132333
OEC,20181019,0.6,0.605,0.6,0.6,231170
OEC,20181022,0.6,0.6,0.59,0.6,52190
OEC,20181023,0.585,0.585,0.56,0.56,21000
OEC,20181024,0.57,0.57,0.55,0.55,58671
OEC,20181025,0.54,0.54,0.51,0.52,105895
OEC,20181026,0.52,0.52,0.52,0.52,0
OEC,20181030,0.53,0.53,0.5,0.5,100915
OEC,20181031,0.505,0.51,0.5,0.5,54255
OEC,20181101,0.5,0.5,0.5,0.5,0
OEC,20181102,0.51,0.51,0.5,0.5,56000
OEC,20181105,0.51,0.51,0.51,0.51,1580
OEC,20181106,0.51,0.51,0.51,0.51,0
OEC,20181107,0.51,0.51,0.51,0.51,0
OEC,20181108,0.51,0.51,0.51,0.51,1666
OEC,20181109,0.52,0.52,0.52,0.52,2000
OEC,20181112,0.51,0.51,0.5,0.5,40316
OEC,20181113,0.5,0.5,0.5,0.5,7684
OEC,20181114,0.5,0.5,0.5,0.5,0
OEC,20181115,0.5,0.5,0.5,0.5,1
OEC,20181116,0.522,0.522,0.522,0.522,2000
OEC,20181119,0.55,0.55,0.5,0.52,34315
OEC,20181120,0.5,0.5,0.5,0.5,6167
OEC,20181121,0.5,0.5,0.5,0.5,1714
OEC,20181122,0.52,0.52,0.475,0.475,33670
OEC,20181123,0.475,0.475,0.47,0.47,53300
OEC,20181126,0.5,0.5,0.5,0.5,130625
OEC,20181127,0.51,0.51,0.5,0.5,44389
OEC,20181128,0.5,0.5,0.47,0.47,20183
OEC,20181129,0.47,0.47,0.47,0.47,0
OEC,20181130,0.48,0.505,0.48,0.505,30000
OEC,20181203,0.51,0.51,0.505,0.505,31923
OEC,20181204,0.505,0.505,0.505,0.505,0
OEC,20181205,0.505,0.505,0.505,0.505,0
OEC,20181206,0.505,0.51,0.505,0.51,10000
OEC,20181207,0.51,0.51,0.51,0.51,0
OEC,20181210,0.51,0.51,0.51,0.51,0
OEC,20181211,0.48,0.48,0.47,0.475,20102
OEC,20181212,0.48,0.48,0.47,0.47,178382
OEC,20181213,0.47,0.47,0.47,0.47,5730
OEC,20181214,0.47,0.47,0.47,0.47,6867
OEC,20181217,0.47,0.495,0.47,0.495,5735
OEC,20181218,0.495,0.495,0.42,0.42,98832
OEC,20181219,0.41,0.42,0.41,0.42,56088
OEC,20181220,0.415,0.415,0.41,0.41,5770
OEC,20181221,0.42,0.44,0.415,0.44,19655
OEC,20181224,0.41,0.41,0.41,0.41,11685
OEC,20181227,0.435,0.435,0.435,0.435,623
OEC,20181228,0.44,0.44,0.44,0.44,1377
OEC,20181231,0.44,0.44,0.44,0.44,0
OEC,20190102,0.435,0.435,0.41,0.41,567
OEC,20190103,0.41,0.41,0.41,0.41,25423
OEC,20190104,0.41,0.41,0.41,0.41,0
OEC,20190107,0.41,0.41,0.4,0.4,12295
OEC,20190108,0.41,0.43,0.41,0.43,21992
OEC,20190109,0.43,0.43,0.43,0.43,0
OEC,20190110,0.41,0.41,0.41,0.41,718
OEC,20190111,0.43,0.43,0.4,0.4,47290
OEC,20190114,0.4,0.4,0.4,0.4,0
OEC,20190115,0.42,0.42,0.41,0.41,9250
OEC,20190116,0.41,0.41,0.41,0.41,0
OEC,20190117,0.41,0.41,0.41,0.41,0
OEC,20190118,0.41,0.41,0.41,0.41,0
OEC,20190121,0.41,0.41,0.41,0.41,0
OEC,20190122,0.41,0.41,0.41,0.41,0
OEC,20190123,0.4,0.405,0.4,0.405,12500
OEC,20190124,0.405,0.405,0.405,0.405,500
OEC,20190125,0.41,0.43,0.41,0.43,15002
OEC,20190129,0.41,0.41,0.4,0.4,23470
OEC,20190130,0.4,0.4,0.4,0.4,2147
OEC,20190131,0.4,0.4,0.4,0.4,3700
OEC,20190201,0.4,0.41,0.4,0.41,86175
OEC,20190204,0.4,0.41,0.4,0.41,39208
OEC,20190205,0.38,0.38,0.38,0.38,8918
OEC,20190206,0.385,0.385,0.385,0.385,1750
OEC,20190207,0.385,0.41,0.38,0.385,52054
OEC,20190208,0.385,0.385,0.385,0.385,5000
OEC,20190211,0.39,0.39,0.39,0.39,19577
OEC,20190212,0.4,0.41,0.4,0.41,12500
OEC,20190213,0.39,0.39,0.39,0.39,4043
OEC,20190214,0.38,0.38,0.38,0.38,2001
OEC,20190215,0.385,0.395,0.385,0.395,5000
OEC,20190218,0.38,0.38,0.38,0.38,300
OEC,20190219,0.38,0.38,0.38,0.38,1500
OEC,20190220,0.38,0.38,0.38,0.38,30915
OEC,20190221,0.41,0.42,0.41,0.41,19995
OEC,20190222,0.41,0.41,0.41,0.41,11150
OEC,20190225,0.41,0.41,0.39,0.39,30149
OEC,20190226,0.4,0.4,0.39,0.39,49055
OEC,20190227,0.39,0.39,0.39,0.39,51184
OEC,20190228,0.39,0.39,0.39,0.39,50000
OEC,20190301,0.385,0.385,0.37,0.37,90147
OEC,20190304,0.37,0.37,0.37,0.37,0
OEC,20190305,0.37,0.37,0.37,0.37,0
OEC,20190306,0.37,0.37,0.37,0.37,0
OEC,20190307,0.37,0.37,0.37,0.37,0
OEC,20190308,0.38,0.38,0.355,0.355,133889
OEC,20190311,0.375,0.38,0.36,0.36,107173
OEC,20190312,0.36,0.36,0.36,0.36,0
OEC,20190313,0.355,0.355,0.35,0.35,51103
OEC,20190314,0.35,0.355,0.35,0.355,51215
OEC,20190315,0.35,0.365,0.35,0.365,29958
OEC,20190318,0.35,0.355,0.35,0.355,38693
OEC,20190319,0.355,0.355,0.35,0.355,36623
OEC,20190320,0.35,0.355,0.35,0.35,93039
OEC,20190321,0.36,0.365,0.345,0.355,46701
OEC,20190322,0.35,0.37,0.35,0.36,38959
OEC,20190325,0.375,0.375,0.375,0.375,15000
OEC,20190326,0.375,0.375,0.37,0.37,14049
OEC,20190327,0.37,0.37,0.37,0.37,0
OEC,20190328,0.37,0.38,0.37,0.38,15000
OEC,20190329,0.36,0.37,0.32,0.36,106625
OEC,20190401,0.355,0.365,0.355,0.365,1288424
OEC,20190402,0.35,0.35,0.34,0.35,24441
OEC,20190403,0.35,0.35,0.35,0.35,3000
OEC,20190404,0.34,0.34,0.34,0.34,3440
OEC,20190405,0.34,0.34,0.34,0.34,0
OEC,20190408,0.35,0.365,0.34,0.34,17516
OEC,20190409,0.345,0.345,0.34,0.34,85678
OEC,20190410,0.35,0.35,0.35,0.35,20000
OEC,20190411,0.35,0.37,0.35,0.37,44399
OEC,20190412,0.37,0.37,0.37,0.37,0
OEC,20190415,0.37,0.375,0.37,0.375,20000
OEC,20190416,0.375,0.375,0.375,0.375,0
OEC,20190417,0.37,0.37,0.37,0.37,422
OEC,20190418,0.355,0.355,0.355,0.355,615
OEC,20190423,0.36,0.36,0.355,0.36,14600
OEC,20190424,0.37,0.37,0.37,0.37,3000
OEC,20190426,0.37,0.37,0.355,0.355,91012
OEC,20190429,0.355,0.355,0.355,0.355,507
OEC,20190430,0.365,0.375,0.365,0.375,27000
OEC,20190501,0.375,0.375,0.375,0.375,0
OEC,20190502,0.375,0.375,0.375,0.375,0
OEC,20190503,0.375,0.375,0.375,0.375,0
OEC,20190506,0.37,0.37,0.37,0.37,15486
OEC,20190507,0.37,0.375,0.36,0.36,31924
OEC,20190508,0.36,0.395,0.36,0.395,16889
OEC,20190509,0.37,0.37,0.37,0.37,200
OEC,20190510,0.375,0.375,0.375,0.375,622
OEC,20190513,0.385,0.385,0.385,0.385,2739
OEC,20190514,0.375,0.375,0.37,0.37,7000
OEC,20190515,0.37,0.37,0.37,0.37,800
OEC,20190516,0.35,0.35,0.34,0.34,94485
OEC,20190517,0.345,0.345,0.32,0.32,107561
OEC,20190520,0.33,0.33,0.32,0.32,53636
OEC,20190521,0.315,0.325,0.31,0.31,54147
OEC,20190522,0.33,0.33,0.315,0.315,7888
OEC,20190523,0.33,0.33,0.33,0.33,3000
OEC,20190524,0.33,0.33,0.33,0.33,0
OEC,20190527,0.35,0.35,0.35,0.35,2857
OEC,20190528,0.355,0.36,0.355,0.36,5000
OEC,20190529,0.32,0.33,0.315,0.33,32500
OEC,20190530,0.32,0.32,0.315,0.315,15000
OEC,20190531,0.315,0.315,0.315,0.315,0
OEC,20190603,0.325,0.325,0.325,0.325,5000
OEC,20190604,0.33,0.34,0.33,0.33,5213
OEC,20190605,0.33,0.33,0.33,0.33,0
OEC,20190606,0.33,0.33,0.33,0.33,10387
OEC,20190607,0.32,0.32,0.3,0.3,319727
OEC,20190611,0.3,0.3,0.285,0.29,69628
OEC,20190612,0.295,0.295,0.29,0.29,22250
OEC,20190613,0.3,0.31,0.3,0.3,91780
OEC,20190614,0.3,0.3,0.3,0.3,18798
OEC,20190617,0.3,0.3,0.29,0.29,20920
OEC,20190618,0.29,0.3,0.29,0.29,27788
OEC,20190619,0.29,0.29,0.29,0.29,0
OEC,20190620,0.3,0.32,0.295,0.295,71028
OEC,20190621,0.295,0.295,0.295,0.295,4173
OEC,20190624,0.3,0.3,0.295,0.295,47027
OEC,20190625,0.29,0.29,0.29,0.29,500
OEC,20190626,0.29,0.3,0.29,0.3,347149
OEC,20190627,0.3,0.3,0.3,0.3,0
OEC,20190628,0.3,0.3,0.3,0.3,1762
OEC,20190701,0.295,0.295,0.28,0.285,36010
OEC,20190702,0.28,0.28,0.28,0.28,4332
OEC,20190703,0.285,0.325,0.285,0.325,64224
OEC,20190704,0.345,0.35,0.345,0.35,24001
OEC,20190705,0.352,0.36,0.352,0.36,17123
OEC,20190708,0.36,0.36,0.36,0.36,0
OEC,20190709,0.36,0.36,0.36,0.36,1400
OEC,20190710,0.36,0.36,0.35,0.35,28799
OEC,20190711,0.35,0.35,0.35,0.35,0
OEC,20190712,0.355,0.355,0.355,0.355,1000
OEC,20190715,0.355,0.355,0.355,0.355,0
OEC,20190716,0.325,0.325,0.325,0.325,200
OEC,20190717,0.325,0.325,0.32,0.32,52800
OEC,20190718,0.32,0.32,0.305,0.32,43202
OEC,20190719,0.32,0.32,0.32,0.32,0
OEC,20190722,0.31,0.31,0.31,0.31,1841
OEC,20190723,0.31,0.31,0.31,0.31,1500
OEC,20190724,0.31,0.31,0.305,0.305,4050
OEC,20190725,0.31,0.31,0.3,0.3,26867
OEC,20190726,0.33,0.33,0.33,0.33,1725
OEC,20190729,0.355,0.36,0.355,0.36,33209
OEC,20190730,0.38,0.39,0.33,0.33,4300
OEC,20190731,0.33,0.33,0.33,0.33,0
OEC,20190801,0.33,0.33,0.33,0.33,0
OEC,20190802,0.33,0.33,0.33,0.33,0
OEC,20190805,0.35,0.37,0.35,0.35,40000
OEC,20190806,0.35,0.35,0.335,0.335,37846
OEC,20190807,0.34,0.34,0.34,0.34,10000
OEC,20190808,0.34,0.34,0.34,0.34,0
OEC,20190809,0.34,0.34,0.34,0.34,0
OEC,20190812,0.34,0.34,0.34,0.34,0
OEC,20190813,0.35,0.355,0.35,0.35,19568
OEC,20190814,0.36,0.37,0.36,0.36,30648
OEC,20190815,0.36,0.36,0.34,0.34,14939
OEC,20190816,0.34,0.34,0.34,0.34,0
OEC,20190819,0.34,0.34,0.34,0.34,21473
OEC,20190820,0.34,0.34,0.34,0.34,0
OEC,20190821,0.35,0.35,0.35,0.35,24050
OEC,20190822,0.35,0.35,0.35,0.35,950
OEC,20190823,0.33,0.35,0.33,0.35,30000
OEC,20190826,0.35,0.35,0.35,0.35,0
OEC,20190827,0.35,0.35,0.35,0.35,0
OEC,20190828,0.33,0.33,0.33,0.33,3915
OEC,20190829,0.33,0.33,0.33,0.33,11075
OEC,20190830,0.33,0.33,0.33,0.33,2200
OEC,20190902,0.325,0.325,0.325,0.325,11083
OEC,20190903,0.325,0.325,0.325,0.325,0
OEC,20190904,0.33,0.34,0.33,0.33,36777
OEC,20190905,0.31,0.31,0.31,0.31,1699
OEC,20190906,0.31,0.31,0.31,0.31,0
OEC,20190909,0.31,0.31,0.305,0.305,13000
OEC,20190910,0.315,0.315,0.315,0.315,16400
OEC,20190911,0.31,0.31,0.31,0.31,18300
OEC,20190912,0.31,0.31,0.31,0.31,0
OEC,20190913,0.31,0.315,0.31,0.31,22629
OEC,20190916,0.31,0.31,0.31,0.31,4000
OEC,20190917,0.31,0.31,0.28,0.28,51355
OEC,20190918,0.29,0.29,0.29,0.29,5967
OEC,20190919,0.3,0.3,0.295,0.295,31361
OEC,20190920,0.29,0.3,0.285,0.285,64751
OEC,20190923,0.285,0.285,0.285,0.285,0
OEC,20190924,0.29,0.295,0.29,0.295,1507
OEC,20190925,0.295,0.295,0.295,0.295,0
OEC,20190926,0.295,0.295,0.295,0.295,0
OEC,20190927,0.295,0.295,0.295,0.295,0
OEC,20190930,0.32,0.32,0.32,0.32,2165
OEC,20191001,0.32,0.32,0.32,0.32,0
OEC,20191002,0.3,0.3,0.3,0.3,144
OEC,20191003,0.3,0.3,0.3,0.3,169
OEC,20191004,0.3,0.3,0.3,0.3,0
OEC,20191007,0.3,0.3,0.3,0.3,0
OEC,20191008,0.3,0.3,0.3,0.3,0
OEC,20191009,0.3,0.3,0.3,0.3,8187
OEC,20191010,0.3,0.3,0.29,0.29,24328
OEC,20191011,0.29,0.29,0.29,0.29,0
OEC,20191014,0.29,0.29,0.29,0.29,940
OEC,20191015,0.3,0.31,0.29,0.29,18124
OEC,20191016,0.29,0.29,0.29,0.29,434
OEC,20191017,0.29,0.29,0.29,0.29,0
OEC,20191018,0.325,0.33,0.3,0.3,19834
OEC,20191021,0.3,0.3,0.3,0.3,1300
OEC,20191022,0.3,0.3,0.3,0.3,0
OEC,20191023,0.345,0.345,0.345,0.345,1053
OEC,20191024,0.345,0.345,0.345,0.345,0
OEC,20191025,0.31,0.35,0.31,0.35,38601
OEC,20191028,0.33,0.35,0.33,0.35,8225
OEC,20191029,0.35,0.36,0.35,0.35,73672
OEC,20191030,0.355,0.355,0.335,0.335,46000
OEC,20191031,0.35,0.355,0.335,0.335,9500
OEC,20191101,0.335,0.335,0.335,0.335,0
OEC,20191104,0.335,0.335,0.335,0.335,0
OEC,20191105,0.335,0.335,0.335,0.335,0
OEC,20191106,0.33,0.33,0.305,0.31,18385
OEC,20191107,0.31,0.31,0.31,0.31,0
OEC,20191108,0.31,0.31,0.31,0.31,0
OEC,20191111,0.32,0.32,0.32,0.32,1700
OEC,20191112,0.32,0.34,0.32,0.34,19582
OEC,20191113,0.37,0.37,0.345,0.345,23000
OEC,20191114,0.315,0.315,0.315,0.315,1242
OEC,20191115,0.34,0.34,0.34,0.34,12169
OEC,20191118,0.34,0.34,0.34,0.34,0
OEC,20191119,0.34,0.34,0.33,0.33,18115
OEC,20191120,0.34,0.345,0.335,0.34,88721
OEC,20191121,0.34,0.34,0.34,0.34,0
OEC,20191122,0.34,0.34,0.34,0.34,0
OEC,20191125,0.34,0.34,0.34,0.34,0
OEC,20191126,0.32,0.32,0.32,0.32,2657
OEC,20191127,0.32,0.32,0.32,0.32,0
OEC,20191128,0.32,0.32,0.32,0.32,4000
OEC,20191129,0.32,0.32,0.32,0.32,0
OEC,20191202,0.32,0.32,0.32,0.32,19974
OEC,20191203,0.32,0.32,0.32,0.32,0
OEC,20191204,0.335,0.335,0.335,0.335,1620
OEC,20191205,0.32,0.32,0.32,0.32,1210
OEC,20191206,0.32,0.32,0.32,0.32,0
OEC,20191209,0.33,0.33,0.33,0.33,15000
OEC,20191210,0.32,0.32,0.315,0.315,13660
OEC,20191211,0.32,0.32,0.315,0.315,6442
OEC,20191212,0.315,0.315,0.315,0.315,0
OEC,20191213,0.315,0.315,0.315,0.315,0
OEC,20191216,0.315,0.32,0.315,0.315,25194
OEC,20191217,0.32,0.32,0.32,0.32,14000
OEC,20191218,0.32,0.32,0.32,0.32,3000
OEC,20191219,0.32,0.32,0.32,0.32,0
OEC,20191220,0.34,0.35,0.325,0.345,52735
OEC,20191223,0.335,0.34,0.325,0.34,31500
OEC,20191224,0.34,0.34,0.34,0.34,0
OEC,20191227,0.34,0.34,0.34,0.34,0
OEC,20191230,0.35,0.35,0.35,0.35,85723
OEC,20191231,0.35,0.35,0.35,0.35,0
OEC,20200102,0.35,0.35,0.35,0.35,0
OEC,20200103,0.375,0.38,0.375,0.38,80000
OEC,20200106,0.35,0.35,0.35,0.35,100000
OEC,20200107,0.355,0.355,0.35,0.35,86301
OEC,20200108,0.35,0.355,0.35,0.35,23616
OEC,20200109,0.325,0.325,0.325,0.325,750
OEC,20200113,0.335,0.335,0.335,0.335,0
OEC,20200114,0.335,0.34,0.335,0.335,13502
OEC,20200115,0.34,0.35,0.335,0.335,397875
OEC,20200116,0.335,0.34,0.335,0.34,35634
OEC,20200117,0.34,0.34,0.335,0.335,9608
OEC,20200120,0.335,0.335,0.335,0.335,0
OEC,20200121,0.34,0.34,0.34,0.34,5138
OEC,20200122,0.34,0.34,0.34,0.34,1890
OEC,20200123,0.35,0.35,0.35,0.35,8362
OEC,20200124,0.345,0.345,0.345,0.345,1624
OEC,20200128,0.34,0.34,0.34,0.34,104104
OEC,20200129,0.35,0.375,0.34,0.375,163290
OEC,20200130,0.37,0.44,0.37,0.41,450659
OEC,20200203,0.44,0.51,0.42,0.49,993748
OEC,20200204,0.495,0.69,0.495,0.665,2540329
OEC,20200205,0.7,0.705,0.6,0.61,1596450
OEC,20200210,0.6,0.6,0.51,0.55,503235
OEC,20200211,0.53,0.6,0.525,0.6,429827
OEC,20200212,0.595,0.6,0.58,0.58,56226
OEC,20200213,0.57,0.635,0.57,0.615,184791
OEC,20200214,0.62,0.62,0.6,0.61,134647
OEC,20200217,0.61,0.665,0.61,0.635,169924
OEC,20200218,0.635,0.635,0.59,0.61,192546
OEC,20200219,0.61,0.61,0.6,0.605,241372
OEC,20200220,0.6,0.605,0.59,0.605,137279
OEC,20200221,0.605,0.68,0.605,0.67,359116
OEC,20200224,0.67,0.67,0.535,0.56,442986
OEC,20200225,0.52,0.55,0.455,0.505,373462
OEC,20200226,0.5,0.5,0.43,0.45,353320
OEC,20200227,0.46,0.485,0.445,0.445,193607
OEC,20200228,0.44,0.45,0.41,0.425,252581
OEC,20200302,0.41,0.43,0.395,0.43,273174
OEC,20200303,0.47,0.495,0.47,0.49,81335
OEC,20200304,0.48,0.48,0.45,0.48,14703
OEC,20200305,0.48,0.535,0.48,0.51,119405
OEC,20200306,0.5,0.5,0.465,0.465,49786
OEC,20200309,0.45,0.48,0.42,0.48,100697
OEC,20200310,0.47,0.5,0.44,0.465,102796
OEC,20200311,0.52,0.55,0.505,0.52,135679
OEC,20200312,0.5,0.52,0.5,0.5,288536
OEC,20200313,0.495,0.5,0.46,0.5,57467
OEC,20200316,0.46,0.48,0.455,0.455,110980
OEC,20200317,0.45,0.45,0.415,0.435,153458
OEC,20200318,0.43,0.455,0.42,0.42,53644
OEC,20200319,0.44,0.45,0.435,0.44,43183
OEC,20200320,0.44,0.5,0.425,0.5,46643
OEC,20200323,0.47,0.47,0.4,0.4,106000
OEC,20200324,0.4,0.4,0.38,0.4,176240
OEC,20200325,0.445,0.45,0.44,0.44,138762
OEC,20200326,0.45,0.48,0.42,0.48,26133
OEC,20200327,0.43,0.47,0.425,0.45,27405
OEC,20200330,0.45,0.455,0.435,0.435,9705
OEC,20200331,0.435,0.435,0.42,0.42,29502
OEC,20200401,0.425,0.425,0.42,0.42,50000
OEC,20200402,0.42,0.42,0.42,0.42,0
OEC,20200403,0.425,0.425,0.425,0.425,6264
OEC,20200406,0.47,0.52,0.46,0.52,116176
OEC,20200407,0.515,0.52,0.5,0.52,82470
OEC,20200408,0.52,0.52,0.505,0.505,19250
OEC,20200409,0.515,0.54,0.515,0.54,50062
OEC,20200414,0.545,0.555,0.53,0.55,50813
OEC,20200415,0.56,0.585,0.545,0.55,222607
OEC,20200416,0.525,0.525,0.505,0.505,34833
OEC,20200417,0.54,0.68,0.54,0.645,497924
OEC,20200420,0.655,0.73,0.655,0.7,632079
OEC,20200421,0.685,0.7,0.645,0.66,183552
OEC,20200422,0.66,0.66,0.625,0.635,91749
OEC,20200423,0.7,0.705,0.68,0.69,158837
OEC,20200424,0.68,0.695,0.665,0.695,77638
OEC,20200427,0.69,0.695,0.66,0.68,107051
OEC,20200428,0.68,0.69,0.645,0.665,87087
OEC,20200429,0.695,0.775,0.695,0.775,491240
OEC,20200430,0.82,0.89,0.795,0.87,637120
OEC,20200501,0.855,0.855,0.77,0.8,279419
OEC,20200504,0.78,0.79,0.71,0.75,131282
OEC,20200505,0.75,0.81,0.75,0.78,122452
OEC,20200506,0.8,0.86,0.8,0.86,222124
OEC,20200507,0.86,0.86,0.82,0.82,177268
OEC,20200508,0.84,0.93,0.84,0.93,414758
OEC,20200511,0.95,0.99,0.88,0.92,445250
OEC,20200512,0.915,0.925,0.87,0.88,179953
OEC,20200513,0.88,0.91,0.87,0.87,128659
OEC,20200514,0.855,0.855,0.79,0.79,398658
OEC,20200515,0.815,0.825,0.8,0.8,64394
OEC,20200518,0.8,0.845,0.8,0.825,55142
OEC,20200519,0.825,0.86,0.82,0.86,44980
OEC,20200520,0.86,0.86,0.825,0.835,22256
OEC,20200521,0.84,0.84,0.785,0.785,109162
OEC,20200522,0.78,0.785,0.72,0.74,203238
OEC,20200525,0.74,0.745,0.685,0.71,354800
OEC,20200526,0.72,0.78,0.72,0.77,206420
OEC,20200527,0.74,0.78,0.735,0.765,71803
OEC,20200528,0.765,0.78,0.74,0.75,55939
OEC,20200529,0.74,0.74,0.695,0.715,115685
OEC,20200601,0.7,0.7,0.67,0.68,144283
OEC,20200602,0.73,0.815,0.73,0.81,324558
OEC,20200603,0.815,0.86,0.815,0.845,222084
OEC,20200604,0.845,0.865,0.84,0.86,87599
OEC,20200605,0.85,0.86,0.845,0.85,76617
OEC,20200609,0.87,0.885,0.825,0.825,290888
OEC,20200610,0.84,0.84,0.825,0.835,123701
OEC,20200611,0.83,0.84,0.82,0.83,144792
OEC,20200612,0.795,0.795,0.72,0.765,240714
OEC,20200615,0.8,0.8,0.715,0.73,129253
OEC,20200616,0.73,0.79,0.73,0.75,46523
OEC,20200617,0.755,0.78,0.75,0.78,74709
OEC,20200618,0.76,0.76,0.72,0.745,84295
OEC,20200619,0.745,0.76,0.745,0.75,25146
OEC,20200622,0.75,0.76,0.735,0.75,49172
OEC,20200623,0.75,0.76,0.75,0.755,77955
OEC,20200624,0.755,0.775,0.755,0.77,28758
OEC,20200625,0.78,0.78,0.73,0.735,76728
OEC,20200626,0.78,0.78,0.765,0.765,29137
OEC,20200629,0.76,0.76,0.72,0.72,57716
OEC,20200630,0.73,0.75,0.725,0.745,57631
OEC,20200701,0.745,0.75,0.725,0.745,50397
OEC,20200702,0.765,0.815,0.76,0.815,125305
OEC,20200703,0.84,1.14,0.835,1.14,1036815
OEC,20200706,1.265,1.38,0.95,1.075,1132979
OEC,20200707,1.09,1.09,1.005,1.01,189124
OEC,20200708,1.015,1.035,0.96,0.965,169752
OEC,20200709,0.97,1.09,0.97,1.035,162631
OEC,20200710,1.05,1.05,1,1.02,60318
OEC,20200713,1.05,1.18,1.05,1.155,264345
OEC,20200714,1.16,1.16,1.05,1.08,134200
OEC,20200715,1.12,1.135,1.015,1.04,90453
OEC,20200716,1.07,1.085,1.05,1.065,53219
OEC,20200717,1.1,1.36,1.075,1.27,516717
OEC,20200720,1.29,1.3,1.19,1.28,238902
OEC,20200721,1.3,1.485,1.295,1.46,368411
OEC,20200722,1.4,1.42,1.32,1.33,279693
OEC,20200723,1.33,1.44,1.325,1.37,203502
OEC,20200724,1.36,1.37,1.23,1.28,215175
OEC,20200727,1.26,1.29,1.235,1.25,137114
OEC,20200728,1.28,1.295,1.255,1.26,83747
OEC,20200729,1.425,1.5,1.355,1.4,811307
OEC,20200730,1.415,1.43,1.31,1.335,144902
OEC,20200731,1.375,1.375,1.3,1.375,186319
OEC,20200803,1.395,1.61,1.395,1.495,492679
OEC,20200804,1.5,1.55,1.35,1.5,393552
OEC,20200805,1.515,1.54,1.47,1.51,208820
OEC,20200806,1.51,1.535,1.485,1.5,68144
OEC,20200807,1.51,1.51,1.45,1.48,160304
OEC,20200810,1.48,1.48,1.415,1.45,125182
OEC,20200811,1.445,1.445,1.325,1.325,186925
OEC,20200812,1.32,1.32,1.25,1.3,693702
OEC,20200813,1.32,1.32,1.28,1.31,39146
OEC,20200814,1.355,1.355,1.325,1.335,106925
OEC,20200817,1.34,1.355,1.335,1.345,122955
OEC,20200818,1.355,1.355,1.305,1.32,130726
OEC,20200819,1.32,1.345,1.28,1.29,90853
OEC,20200820,1.29,1.325,1.26,1.275,86448
OEC,20200821,1.265,1.29,1.25,1.25,70188
OEC,20200824,1.26,1.27,1.185,1.26,133787
OEC,20200825,1.26,1.26,1.22,1.22,79959
OEC,20200826,1.18,1.24,1.15,1.21,106610
OEC,20200827,1.25,1.25,1.21,1.25,56481
OEC,20200828,1.305,1.335,1.26,1.3,494802
OEC,20200831,1.34,1.34,1.28,1.305,226173
OEC,20200901,1.3,1.33,1.265,1.265,45778
OEC,20200902,1.28,1.32,1.275,1.285,93760
OEC,20200903,1.28,1.29,1.21,1.21,138299
OEC,20200904,1.18,1.21,1.165,1.21,106497
OEC,20200907,1.15,1.24,1.15,1.19,99969
OEC,20200908,1.2,1.22,1.17,1.17,93523
OEC,20200909,1.17,1.175,1.11,1.13,129737
OEC,20200910,1.15,1.18,1.09,1.09,181544
OEC,20200911,1,1.08,0.98,1.045,307576
OEC,20200914,0.995,1.015,0.98,1.01,180287
OEC,20200915,1.01,1.08,0.995,1.08,123100
OEC,20200916,1.13,1.15,1.095,1.14,114768
OEC,20200917,1.11,1.13,1.1,1.115,120604
OEC,20200918,1.115,1.115,1.09,1.095,28452
OEC,20200921,1.09,1.09,1.06,1.06,67732
OEC,20200922,1.06,1.075,1.02,1.02,25821
OEC,20200923,1.025,1.18,1.025,1.15,176767
OEC,20200924,1.16,1.18,1.11,1.155,113716
OEC,20200925,1.155,1.155,1.12,1.15,49025
OEC,20200928,1.16,1.215,1.16,1.18,114375
OEC,20200929,1.215,1.23,1.18,1.18,101908
OEC,20200930,1.18,1.22,1.18,1.21,90095
OEC,20201001,1.21,1.23,1.165,1.165,61262
OEC,20201002,1.17,1.25,1.16,1.195,180588
OEC,20201005,1.2,1.245,1.2,1.235,44338
OEC,20201006,1.25,1.285,1.25,1.285,126583
OEC,20201007,1.31,1.355,1.285,1.335,242906
OEC,20201008,1.32,1.33,1.265,1.265,186822
OEC,20201009,1.265,1.295,1.25,1.27,44454
OEC,20201012,1.295,1.295,1.22,1.26,127989
OEC,20201013,1.29,1.3,1.23,1.25,110357
OEC,20201014,1.25,1.28,1.25,1.27,216661
OEC,20201015,1.275,1.37,1.23,1.23,351206
OEC,20201016,1.2,1.27,1.2,1.22,144986
OEC,20201019,1.25,1.25,1.165,1.2,104101
OEC,20201020,1.17,1.22,1.155,1.18,157622
OEC,20201021,1.18,1.22,1.175,1.22,40706
OEC,20201022,1.215,1.225,1.2,1.225,39375
OEC,20201023,1.23,1.23,1.2,1.21,29993
OEC,20201026,1.21,1.22,1.2,1.2,40738
OEC,20201027,1.2,1.2,1.06,1.14,147843
OEC,20201028,1.14,1.195,1.09,1.19,23259
OEC,20201029,1.13,1.135,1.08,1.135,65996
OEC,20201030,1.135,1.135,1.115,1.115,13066
OEC,20201102,1.17,1.17,1.095,1.095,56590
OEC,20201103,1.115,1.12,1.107,1.12,11725
OEC,20201104,1.15,1.205,1.12,1.165,67656
OEC,20201105,1.2,1.2,1.145,1.175,45669
OEC,20201106,1.235,1.235,1.215,1.22,24484
OEC,20201109,1.23,1.28,1.23,1.265,74967
OEC,20201110,1.24,1.24,1.2,1.2,38063
OEC,20201111,1.21,1.26,1.2,1.26,27995
OEC,20201112,1.27,1.275,1.22,1.25,59190
OEC,20201113,1.25,1.25,1.2,1.21,51819
OEC,20201116,1.21,1.21,1.21,1.21,0
OEC,20201117,1.21,1.23,1.21,1.225,32182
OEC,20201118,1.225,1.225,1.15,1.165,143396
OEC,20201120,1.12,1.155,1.08,1.155,150774
OEC,20201123,1.125,1.125,1.105,1.11,22322
OEC,20201124,1.11,1.15,1.11,1.15,37040
OEC,20201125,1.155,1.155,1.14,1.14,47691
OEC,20201126,1.13,1.155,1.125,1.145,304282
OEC,20201127,1.14,1.175,1.135,1.15,28631
OEC,20201130,1.15,1.165,1.13,1.165,34874
OEC,20201201,1.16,1.17,1.135,1.17,25376
OEC,20201202,1.16,1.16,1.13,1.16,24498
OEC,20201203,1.175,1.175,1.15,1.16,34308
OEC,20201204,1.16,1.175,1.15,1.175,43920
OEC,20201207,1.175,1.19,1.16,1.17,105974
OEC,20201208,1.19,1.19,1.16,1.16,45273
OEC,20201209,1.16,1.19,1.15,1.185,97788
OEC,20201210,1.16,1.16,1.12,1.13,61827
OEC,20201211,1.12,1.18,1.12,1.18,77854
OEC,20201214,1.18,1.18,1.12,1.15,21947
OEC,20201215,1.147,1.147,1.11,1.14,40937
OEC,20201216,1.14,1.15,1.13,1.15,22323
OEC,20201217,1.13,1.15,1.125,1.125,52171
OEC,20201218,1.125,1.13,1.12,1.12,27328
OEC,20201221,1.125,1.13,1.11,1.11,24709
OEC,20201222,1.1,1.17,1.08,1.115,61633
OEC,20201224,1.105,1.105,1.105,1.105,0
OEC,20201229,1.15,1.175,1.09,1.17,80544
OEC,20201230,1.17,1.18,1.17,1.18,33003
OEC,20201231,1.17,1.185,1.16,1.16,27257
OEC,20210104,1.16,1.16,1.11,1.135,29912
OEC,20210105,1.135,1.16,1.11,1.16,37763
OEC,20210106,1.17,1.2,1.135,1.2,103001
OEC,20210107,1.215,1.275,1.21,1.235,163595
OEC,20210108,1.245,1.34,1.23,1.32,248055
OEC,20210111,1.335,1.35,1.25,1.25,101269
OEC,20210112,1.295,1.32,1.285,1.285,38978
OEC,20210113,1.255,1.265,1.245,1.25,16202
OEC,20210114,1.245,1.27,1.23,1.25,32972
OEC,20210115,1.25,1.25,1.21,1.22,50898
OEC,20210118,1.23,1.23,1.16,1.185,51751
OEC,20210119,1.195,1.25,1.195,1.25,27270
OEC,20210120,1.205,1.22,1.19,1.19,62068
OEC,20210121,1.19,1.23,1.19,1.19,36647
OEC,20210122,1.185,1.2,1.165,1.165,41936
OEC,20210125,1.17,1.17,1.13,1.135,62017
OEC,20210127,1.14,1.165,1.135,1.16,57676
OEC,20210128,1.16,1.16,1.125,1.125,70164
OEC,20210129,1.125,1.125,1.125,1.125,0
OEC,20210201,1.045,1.045,0.81,0.89,707737
OEC,20210203,0.94,0.95,0.9,0.9,424760
OEC,20210204,0.95,0.95,0.89,0.89,151586
OEC,20210205,0.9,0.915,0.89,0.9,55397
OEC,20210208,0.9,0.925,0.89,0.9,148014
OEC,20210209,0.9,0.9,0.83,0.83,308540
OEC,20210210,0.84,0.85,0.81,0.82,615044
OEC,20210211,0.85,0.85,0.807,0.81,106634
OEC,20210212,0.81,0.835,0.8,0.8,64826
OEC,20210215,0.8,0.865,0.8,0.805,148469
OEC,20210216,0.85,0.855,0.8,0.815,78813
OEC,20210217,0.81,0.84,0.805,0.84,26558
OEC,20210218,0.86,0.89,0.815,0.875,103542
OEC,20210219,0.865,0.865,0.815,0.845,76606
OEC,20210222,0.85,0.85,0.83,0.84,54828
OEC,20210223,0.85,0.85,0.825,0.85,69188
OEC,20210224,0.82,0.825,0.82,0.825,44144
OEC,20210225,0.825,0.85,0.82,0.85,28041
OEC,20210226,0.84,0.845,0.81,0.81,77948
OEC,20210301,0.815,0.815,0.8,0.8,72596
OEC,20210302,0.82,0.83,0.815,0.82,63940
OEC,20210303,0.82,0.82,0.82,0.82,13139
OEC,20210304,0.815,0.815,0.75,0.765,184646
OEC,20210305,0.76,0.765,0.7,0.73,89627
OEC,20210308,0.74,0.75,0.73,0.745,41675
OEC,20210309,0.76,0.795,0.74,0.74,156975
OEC,20210310,0.75,0.76,0.75,0.76,29840
OEC,20210311,0.75,0.76,0.75,0.76,29840
OEC,20210312,0.76,0.76,0.76,0.76,53938
OEC,20210315,0.77,0.85,0.77,0.81,79261
OEC,20210316,0.795,0.86,0.79,0.805,34666
OEC,20210317,0.79,0.855,0.79,0.855,24011
OEC,20210318,0.855,0.855,0.85,0.85,14395
OEC,20210319,0.86,0.86,0.835,0.845,29499
OEC,20210322,0.835,0.855,0.81,0.85,79712
OEC,20210323,0.85,0.86,0.85,0.86,28081
OEC,20210324,0.85,0.85,0.8,0.83,68935
OEC,20210325,0.825,0.86,0.825,0.855,20611
OEC,20210329,0.885,0.935,0.875,0.935,223484
OEC,20210330,0.935,0.97,0.93,0.93,184748
OEC,20210331,0.94,1,0.935,1,95662
OEC,20210401,1.04,1.1,1.04,1.09,155432
OEC,20210406,1.1,1.205,1.1,1.18,226850
OEC,20210407,1.18,1.22,1.16,1.175,137961
OEC,20210408,1.18,1.18,1.16,1.162,50901
OEC,20210409,1.16,1.165,1.15,1.155,74359
OEC,20210412,1.15,1.15,1.13,1.13,61384
OEC,20210413,1.165,1.165,1.125,1.155,13406
OEC,20210414,1.125,1.15,1.12,1.125,46802
OEC,20210415,1.1,1.1,1.02,1.045,85253
OEC,20210416,1,1.045,0.995,0.995,124846
OEC,20210419,1.115,1.115,1.01,1.02,44177
OEC,20210420,1.06,1.06,1.06,1.06,3451
OEC,20210421,1.05,1.05,1.025,1.025,37790
OEC,20210422,1.03,1.045,1.025,1.025,20676
OEC,20210423,1.05,1.05,1.01,1.01,39684
OEC,20210426,1.02,1.02,1.01,1.01,1258
OEC,20210427,1.01,1.01,1,1,41201
OEC,20210428,1.01,1.025,1,1,15006
OEC,20210429,0.98,0.98,0.96,0.96,10305
OEC,20210430,0.965,0.965,0.96,0.965,16923
OEC,20210503,0.965,0.99,0.96,0.965,80172
OEC,20210504,0.97,0.97,0.9,0.91,101799
OEC,20210505,0.825,0.9,0.825,0.9,13594
OEC,20210506,0.9,0.9,0.855,0.89,25457
OEC,20210507,0.855,0.87,0.825,0.825,33617
OEC,20210510,0.825,0.835,0.825,0.83,47171
OEC,20210511,0.83,0.85,0.78,0.8,235268
OEC,20210512,0.79,0.8,0.79,0.8,33757
OEC,20210513,0.8,0.86,0.8,0.82,52510
OEC,20210514,0.82,0.845,0.82,0.84,42404
OEC,20210517,0.84,0.84,0.82,0.82,2026
OEC,20210518,0.83,0.84,0.82,0.82,15434
OEC,20210519,0.82,0.82,0.795,0.82,51740
OEC,20210520,0.86,1.01,0.86,0.965,74546
OEC,20210521,0.965,0.965,0.9,0.9,14996
OEC,20210524,0.95,0.95,0.93,0.93,17823
OEC,20210525,0.9,0.9,0.9,0.9,11477
OEC,20210526,0.9,0.9,0.9,0.9,4327
OEC,20210527,0.9,0.985,0.9,0.94,43264
OEC,20210528,0.945,0.975,0.94,0.975,13349
OEC,20210531,0.97,0.97,0.905,0.935,37640
OEC,20210601,0.93,0.96,0.91,0.96,41268
OEC,20210602,0.97,1.03,0.97,1,73936
OEC,20210603,1,1,0.955,0.985,3320
OEC,20210604,0.985,0.985,0.955,0.96,30666
OEC,20210607,0.97,0.97,0.94,0.95,26186
OEC,20210609,0.965,0.97,0.965,0.965,42228
OEC,20210610,0.97,0.97,0.965,0.967,28546
OEC,20210611,0.96,0.96,0.93,0.93,47902
OEC,20210615,0.93,0.93,0.87,0.89,78361
OEC,20210616,0.88,0.9,0.88,0.9,3522
OEC,20210617,0.895,0.9,0.895,0.9,5753
OEC,20210618,0.91,0.91,0.86,0.87,60702
OEC,20210621,0.895,0.985,0.875,0.885,35482
OEC,20210622,0.92,0.935,0.905,0.935,10426
OEC,20210623,0.96,0.96,0.945,0.945,20665
OEC,20210625,0.935,0.935,0.88,0.88,37146
OEC,20210628,0.91,0.91,0.86,0.875,32342
OEC,20210629,0.855,0.862,0.83,0.84,69262
OEC,20210630,0.875,0.875,0.83,0.83,103107
OEC,20210701,0.835,0.84,0.83,0.84,10599
OEC,20210705,0.862,0.862,0.84,0.84,6678
OEC,20210706,0.88,0.88,0.84,0.85,9513
OEC,20210707,0.85,0.85,0.85,0.85,2301
OEC,20210708,0.855,0.895,0.855,0.895,6904
OEC,20210709,0.9,0.9,0.855,0.895,13176
OEC,20210712,0.9,0.905,0.86,0.905,8284
OEC,20210714,0.905,0.91,0.88,0.905,31128
OEC,20210715,0.9,0.91,0.9,0.91,9208
OEC,20210716,0.92,0.92,0.86,0.865,58548
OEC,20210719,0.865,0.895,0.86,0.86,21103
OEC,20210720,0.865,0.92,0.85,0.915,31134
OEC,20210723,0.92,0.92,0.84,0.84,69547
OEC,20210726,0.84,0.86,0.82,0.82,42299
OEC,20210727,0.825,0.86,0.82,0.86,105112
OEC,20210728,0.83,0.88,0.825,0.86,37602
OEC,20210729,0.825,0.83,0.78,0.785,333397
OEC,20210730,0.755,0.755,0.64,0.7,240984
OEC,20210802,0.71,0.71,0.68,0.695,119751
OEC,20210803,0.69,0.695,0.68,0.695,16246
OEC,20210804,0.71,0.71,0.695,0.695,45361
OEC,20210805,0.71,0.75,0.71,0.75,93806
OEC,20210806,0.75,0.78,0.75,0.775,32830
OEC,20210809,0.78,0.78,0.71,0.77,75727
OEC,20210810,0.745,0.745,0.7,0.725,67834
OEC,20210811,0.76,0.76,0.76,0.76,5100
OEC,20210812,0.75,0.75,0.72,0.72,20111
OEC,20210813,0.72,0.735,0.69,0.7,176183
OEC,20210819,0.64,0.64,0.6,0.64,91534
OEC,20210820,0.64,0.64,0.61,0.61,37735
OEC,20210823,0.61,0.61,0.58,0.585,86678
OEC,20210824,0.6,0.64,0.6,0.64,60143
OEC,20210825,0.64,0.64,0.62,0.63,8292
OEC,20210826,0.65,0.65,0.61,0.615,45730
OEC,20210827,0.61,0.69,0.59,0.66,85282
OEC,20210830,0.695,0.755,0.67,0.67,32252
OEC,20210831,0.67,0.67,0.6,0.62,28128
OEC,20210901,0.635,0.635,0.6,0.6,38457
OEC,20210902,0.61,0.64,0.61,0.635,47104
OEC,20210903,0.64,0.64,0.6,0.605,99341
OEC,20210906,0.62,0.635,0.6,0.622,21809
OEC,20210907,0.625,0.63,0.62,0.63,52541
OEC,20210908,0.63,0.7,0.63,0.665,51436
OEC,20210909,0.675,0.69,0.635,0.635,39423
OEC,20210910,0.63,0.705,0.63,0.65,96434
OEC,20210913,0.65,0.655,0.63,0.63,27343
OEC,20210914,0.64,0.67,0.63,0.63,17570
OEC,20210915,0.635,0.635,0.615,0.62,59917
OEC,20210916,0.635,0.68,0.635,0.68,47350
OEC,20210917,0.67,0.67,0.63,0.63,37967
OEC,20210920,0.64,0.675,0.635,0.675,42174
OEC,20210922,0.625,0.625,0.625,0.625,14359
OEC,20210923,0.645,0.68,0.645,0.68,39221
OEC,20210924,0.67,0.68,0.67,0.68,36748
OEC,20210927,0.68,0.68,0.64,0.68,57618
OEC,20210928,0.68,0.68,0.68,0.68,74
OEC,20210929,0.65,0.65,0.65,0.65,6299
OEC,20210930,0.65,0.65,0.63,0.65,7874
OEC,20211001,0.65,0.65,0.625,0.625,50452
OEC,20211004,0.625,0.65,0.625,0.65,16715
OEC,20211005,0.635,0.65,0.63,0.63,5362
OEC,20211006,0.65,0.655,0.65,0.65,11612
OEC,20211007,0.7,0.7,0.7,0.7,945
OEC,20211008,0.65,0.65,0.625,0.625,9000
OEC,20211011,0.63,0.63,0.63,0.63,1948
OEC,20211012,0.63,0.63,0.63,0.63,1948
OEC,20211013,0.625,0.625,0.61,0.61,27957
OEC,20211014,0.62,0.65,0.615,0.65,8100
OEC,20211019,0.67,0.68,0.625,0.65,108314
OEC,20211020,0.66,0.66,0.63,0.65,98172
OEC,20211021,0.65,0.65,0.6,0.6,29793
OEC,20211022,0.6,0.6,0.6,0.6,0
OEC,20211025,0.62,0.62,0.59,0.61,95568
OEC,20211026,0.64,0.64,0.64,0.64,900
OEC,20211028,0.6,0.665,0.6,0.665,84362
OEC,20211029,0.645,0.645,0.55,0.6,328750
OEC,20211101,0.61,0.61,0.575,0.575,24537
OEC,20211102,0.55,0.59,0.55,0.565,38947
OEC,20211103,0.58,0.58,0.55,0.55,16221
OEC,20211104,0.55,0.6,0.53,0.6,40331
OEC,20211105,0.6,0.6,0.53,0.57,9586
OEC,20211109,0.615,0.615,0.585,0.6,45315
OEC,20211110,0.55,0.55,0.53,0.54,125394
OEC,20211112,0.52,0.52,0.505,0.51,366066
OEC,20211115,0.51,0.51,0.495,0.5,282807
OEC,20211116,0.5,0.5,0.495,0.495,66504
OEC,20211117,0.5,0.5,0.495,0.5,46934
OEC,20211118,0.5,0.5,0.49,0.5,74949
OEC,20211119,0.505,0.505,0.49,0.49,8807
OEC,20211122,0.5,0.5,0.49,0.5,19279
OEC,20211123,0.5,0.5,0.48,0.48,94807
OEC,20211124,0.48,0.48,0.47,0.475,27575
OEC,20211125,0.47,0.47,0.44,0.45,115800
OEC,20211126,0.45,0.45,0.44,0.45,104000
OEC,20211129,0.45,0.45,0.42,0.42,69223
OEC,20211130,0.415,0.44,0.415,0.44,70221
OEC,20211201,0.44,0.44,0.435,0.435,10098
OEC,20211202,0.44,0.445,0.42,0.425,49414
OEC,20211203,0.44,0.44,0.43,0.435,43672
OEC,20211206,0.43,0.43,0.4,0.4,235933
OEC,20211207,0.42,0.42,0.4,0.4,30893
OEC,20211208,0.41,0.445,0.41,0.445,13679
OEC,20211209,0.445,0.445,0.427,0.445,30000
OEC,20211210,0.425,0.425,0.4,0.415,98238
OEC,20211213,0.43,0.43,0.415,0.415,71832
OEC,20211214,0.42,0.42,0.385,0.385,142216
OEC,20211216,0.365,0.38,0.36,0.36,100615
OEC,20211217,0.39,0.4,0.39,0.4,27199
OEC,20211220,0.39,0.39,0.39,0.39,25039
OEC,20211221,0.392,0.4,0.38,0.38,30597
OEC,20211222,0.39,0.39,0.37,0.37,38874
OEC,20211223,0.39,0.4,0.39,0.39,63276
OEC,20211224,0.39,0.4,0.38,0.38,70362
OEC,20211229,0.38,0.38,0.355,0.355,152429
OEC,20211230,0.38,0.405,0.38,0.38,29756
OEC,20211231,0.38,0.392,0.38,0.392,12843
OEC,20220104,0.402,0.405,0.38,0.385,60994
OEC,20220105,0.385,0.385,0.375,0.375,3943
OEC,20220106,0.39,0.41,0.39,0.41,34015
OEC,20220107,0.41,0.41,0.38,0.39,42051
OEC,20220110,0.4,0.4,0.385,0.4,135457
OEC,20220111,0.385,0.4,0.385,0.39,28108
OEC,20220112,0.4,0.41,0.385,0.4,33806
OEC,20220113,0.395,0.395,0.38,0.38,58295
OEC,20220114,0.4,0.4,0.385,0.385,13255
OEC,20220117,0.385,0.385,0.385,0.385,43861
OEC,20220118,0.39,0.39,0.385,0.385,30195
OEC,20220119,0.385,0.385,0.38,0.38,46232
OEC,20220120,0.375,0.375,0.37,0.375,38825
OEC,20220121,0.375,0.375,0.37,0.37,48289
OEC,20220124,0.365,0.38,0.365,0.37,38385
OEC,20220125,0.375,0.385,0.365,0.37,168334
OEC,20220127,0.365,0.367,0.36,0.365,56125
OEC,20220128,0.36,0.365,0.36,0.36,83203
OEC,20220131,0.36,0.365,0.315,0.315,240577
OEC,20220201,0.32,0.33,0.317,0.327,125553
OEC,20220202,0.327,0.33,0.315,0.315,198958
OEC,20220203,0.315,0.32,0.3,0.305,218840
OEC,20220204,0.305,0.305,0.3,0.3,160022
OEC,20220207,0.3,0.3,0.3,0.3,3283
OEC,20220208,0.29,0.29,0.28,0.29,71008
OEC,20220209,0.285,0.29,0.285,0.29,22714
OEC,20220210,0.285,0.29,0.285,0.285,50570
OEC,20220211,0.29,0.29,0.28,0.28,100245
OEC,20220214,0.245,0.245,0.21,0.21,1719840
OEC,20220215,0.215,0.255,0.215,0.235,387420
OEC,20220216,0.24,0.255,0.235,0.235,76250
OEC,20220217,0.23,0.23,0.225,0.23,71280
OEC,20220218,0.235,0.235,0.22,0.22,31436
OEC,20220221,0.23,0.235,0.21,0.215,229948
OEC,20220222,0.215,0.22,0.205,0.205,310101
OEC,20220223,0.21,0.212,0.205,0.21,71539
OEC,20220224,0.21,0.21,0.21,0.21,26226
OEC,20220225,0.21,0.24,0.21,0.225,273360
OEC,20220228,0.25,0.26,0.235,0.235,155888
OEC,20220301,0.23,0.23,0.23,0.23,35000
OEC,20220302,0.23,0.23,0.22,0.22,6956
OEC,20220303,0.23,0.255,0.22,0.25,101150
OEC,20220304,0.26,0.26,0.24,0.24,52852
OEC,20220307,0.25,0.265,0.245,0.245,91046
OEC,20220308,0.24,0.255,0.24,0.255,45831
OEC,20220309,0.25,0.255,0.25,0.255,21608
OEC,20220310,0.26,0.265,0.255,0.26,97534
OEC,20220311,0.26,0.27,0.25,0.27,150698
OEC,20220314,0.275,0.36,0.275,0.32,369532
OEC,20220315,0.32,0.34,0.31,0.315,155052
OEC,20220316,0,0,0,0,0
OEC,20220317,0.31,0.31,0.3,0.3,199634
OEC,20220318,0.315,0.315,0.28,0.28,163434
OEC,20220321,0.28,0.32,0.28,0.315,30063
OEC,20220322,0.3,0.31,0.3,0.31,1750
OEC,20220323,0.315,0.315,0.3,0.31,59674
OEC,20220324,0.305,0.315,0.305,0.315,60645
OEC,20220325,0.305,0.31,0.285,0.3,98822
OEC,20220328,0.31,0.31,0.31,0.31,38636
OEC,20220329,0.32,0.375,0.32,0.375,281952
OEC,20220330,0.375,0.375,0.325,0.325,251319
OEC,20220331,0.35,0.37,0.345,0.355,91215
OEC,20220401,0.36,0.36,0.34,0.36,102192
OEC,20220404,0.35,0.36,0.34,0.36,102765
OEC,20220405,0.365,0.365,0.345,0.345,36721
OEC,20220406,0.365,0.365,0.35,0.35,31348
OEC,20220407,0.355,0.365,0.35,0.355,313964
OEC,20220408,0.36,0.375,0.35,0.365,73248
OEC,20220411,0.38,0.38,0.36,0.36,71606
OEC,20220412,0.365,0.365,0.31,0.335,101543
OEC,20220413,0.335,0.335,0.32,0.32,18505
OEC,20220414,0.35,0.35,0.315,0.315,17873
OEC,20220419,0.325,0.325,0.325,0.325,2568
OEC,20220420,0.33,0.332,0.33,0.33,5255
OEC,20220421,0.33,0.332,0.33,0.33,5255
OEC,20220422,0.31,0.315,0.31,0.315,13037
OEC,20220426,0.31,0.31,0.295,0.295,102045
OEC,20220427,0.285,0.29,0.275,0.29,53258
OEC,20220428,0.29,0.29,0.29,0.29,0
OEC,20220429,0.29,0.32,0.29,0.32,69063
OEC,20220502,0.31,0.31,0.29,0.29,68446
OEC,20220503,0.3,0.3,0.27,0.295,72389
OEC,20220504,0.305,0.305,0.255,0.255,38375
OEC,20220505,0.265,0.27,0.265,0.27,9106
OEC,20220506,0.29,0.325,0.29,0.305,133051
OEC,20220509,0.305,0.305,0.28,0.28,90135
OEC,20220510,0.28,0.285,0.28,0.285,22731
OEC,20220511,0.31,0.33,0.305,0.305,82081
OEC,20220512,0.33,0.33,0.27,0.275,93888
OEC,20220513,0.285,0.32,0.285,0.32,51649
OEC,20220516,0.33,0.33,0.29,0.325,45582
OEC,20220517,0.32,0.325,0.32,0.32,5120
OEC,20220518,0.33,0.33,0.32,0.322,23506
OEC,20220519,0.325,0.325,0.295,0.295,10934
OEC,20220520,0.295,0.3,0.295,0.3,32799
OEC,20220523,0.295,0.295,0.29,0.29,19066
OEC,20220524,0.295,0.295,0.295,0.295,19798
OEC,20220525,0.295,0.295,0.29,0.29,5524
OEC,20220526,0.29,0.29,0.29,0.29,36139
OEC,20220527,0.29,0.29,0.29,0.29,0
OEC,20220530,0.3,0.315,0.3,0.3,3820
OEC,20220531,0.3,0.3,0.3,0.3,0
OEC,20220601,0.3,0.3,0.29,0.29,1418
OEC,20220602,0.32,0.32,0.29,0.29,3005
OEC,20220603,0.29,0.29,0.29,0.29,1659
OEC,20220606,0.29,0.3,0.29,0.29,19327
OEC,20220607,0.29,0.29,0.287,0.287,3460
OEC,20220608,0.285,0.285,0.28,0.285,13310
OEC,20220609,0.28,0.285,0.28,0.28,6255
OEC,20220610,0.28,0.285,0.255,0.28,261412
OEC,20220614,0.28,0.28,0.24,0.24,61879
OEC,20220615,0.24,0.28,0.24,0.28,164788
OEC,20220616,0.28,0.285,0.28,0.28,27212
OEC,20220617,0.255,0.26,0.25,0.25,28500
OEC,20220620,0.255,0.255,0.25,0.25,37034
OEC,20220621,0.25,0.25,0.225,0.225,104922
OEC,20220622,0.225,0.225,0.225,0.225,0
OEC,20220623,0.225,0.225,0.225,0.225,0
OEC,20220624,0.225,0.225,0.225,0.225,0
OEC,20220627,0.225,0.225,0.225,0.225,0
OEC,20220628,0.225,0.225,0.225,0.225,0
OEC,20220629,0.225,0.225,0.225,0.225,0
OEC,20220630,0.225,0.225,0.225,0.225,0
OEC,20220701,0.25,0.255,0.225,0.225,99100
OEC,20220704,0.23,0.23,0.225,0.225,17098
OEC,20220705,0.23,0.23,0.195,0.22,214484
OEC,20220706,0.24,0.24,0.21,0.22,29522
OEC,20220707,0.22,0.22,0.22,0.22,0
OEC,20220708,0.22,0.22,0.22,0.22,0
OEC,20220711,0.22,0.22,0.21,0.21,15081
OEC,20220712,0.215,0.215,0.19,0.195,56516
OEC,20220713,0.195,0.195,0.195,0.195,0
OEC,20220714,0.195,0.195,0.18,0.19,34838
OEC,20220715,0.185,0.185,0.185,0.185,2800
OEC,20220718,0.185,0.185,0.18,0.18,81488
OEC,20220719,0.175,0.175,0.17,0.17,162600
OEC,20220720,0.17,0.18,0.16,0.18,99317
OEC,20220721,0.2,0.2,0.2,0.2,8550
OEC,20220722,0.2,0.2,0.2,0.2,0
OEC,20220725,0.2,0.2,0.2,0.2,0
OEC,20220726,0.225,0.245,0.22,0.245,6431
OEC,20220727,0.245,0.245,0.245,0.245,8570
OEC,20220728,0.245,0.245,0.245,0.245,0
OEC,20220729,0.225,0.225,0.22,0.22,25000
OEC,20220801,0.22,0.22,0.165,0.22,150805
OEC,20220802,0.22,0.23,0.205,0.205,8838
OEC,20220803,0.21,0.225,0.2,0.225,80092
OEC,20220805,0.21,0.21,0.205,0.205,1786
OEC,20220808,0.23,0.23,0.205,0.205,19780
OEC,20220809,0.21,0.225,0.205,0.205,45366
OEC,20220810,0.21,0.21,0.21,0.21,5427
OEC,20220811,0.22,0.23,0.22,0.23,20000
OEC,20220812,0.22,0.225,0.22,0.225,109684
OEC,20220815,0.23,0.23,0.228,0.23,99279
OEC,20220816,0.23,0.23,0.23,0.23,5121
OEC,20220817,0.215,0.215,0.21,0.21,29651
OEC,20220818,0.22,0.225,0.21,0.21,12649
OEC,20220819,0.21,0.21,0.21,0.21,11224
OEC,20220822,0.215,0.215,0.205,0.205,23340
OEC,20220823,0.205,0.225,0.205,0.22,34036
OEC,20220824,0.205,0.21,0.205,0.21,49442
OEC,20220825,0.22,0.22,0.21,0.21,35204
OEC,20220826,0.205,0.205,0.205,0.205,6491
OEC,20220829,0.21,0.21,0.2,0.2,22019
OEC,20220830,0.205,0.205,0.19,0.19,122518
OEC,20220831,0.19,0.195,0.19,0.195,31610
OEC,20220901,0.2,0.2,0.2,0.2,35000
OEC,20220902,0.2,0.21,0.2,0.21,10452
OEC,20220905,0.21,0.21,0.2,0.2,34090
OEC,20220906,0.2,0.2,0.2,0.2,5000
OEC,20220907,0.2,0.2,0.198,0.197,10340
OEC,20220909,0.2,0.215,0.2,0.2,36251
OEC,20220912,0.22,0.235,0.205,0.235,106690
OEC,20220913,0.23,0.23,0.21,0.215,16797
OEC,20220914,0.215,0.215,0.205,0.205,24304
OEC,20220915,0.22,0.22,0.215,0.22,32369
OEC,20220916,0.23,0.23,0.215,0.215,99726
OEC,20220919,0.215,0.215,0.215,0.215,11274
OEC,20220920,0.235,0.245,0.215,0.215,171198
OEC,20220921,0.22,0.22,0.21,0.21,8545
