ONX,20180430,0,0,0,0,0
ONX,20180501,0,0,0,0,0
ONX,20180502,0,0,0,0,0
ONX,20180503,0,0,0,0,0
ONX,20180504,0,0,0,0,0
ONX,20180507,0.05,0.068,0.048,0.051,16231255
ONX,20180508,0.053,0.06,0.053,0.057,3970816
ONX,20180509,0.059,0.07,0.059,0.063,5837410
ONX,20180510,0.063,0.066,0.062,0.062,1384408
ONX,20180511,0.064,0.069,0.064,0.069,2236894
ONX,20180514,0.073,0.096,0.073,0.093,4746334
ONX,20180515,0.105,0.135,0.1,0.105,7208524
ONX,20180516,0.105,0.12,0.1,0.115,2239652
ONX,20180517,0.115,0.145,0.115,0.135,5586779
ONX,20180518,0.14,0.15,0.14,0.14,4191052
ONX,20180521,0.14,0.16,0.14,0.14,5259608
ONX,20180522,0.145,0.145,0.115,0.12,2461912
ONX,20180523,0.12,0.125,0.12,0.12,954539
ONX,20180524,0.115,0.115,0.11,0.11,419790
ONX,20180525,0.115,0.12,0.115,0.115,609746
ONX,20180528,0.115,0.115,0.11,0.11,687370
ONX,20180529,0.11,0.11,0.098,0.099,974491
ONX,20180530,0.096,0.099,0.09,0.09,1733248
ONX,20180531,0.09,0.091,0.085,0.091,745411
ONX,20180601,0.09,0.1,0.09,0.1,1163066
ONX,20180604,0.1,0.1,0.096,0.096,190971
ONX,20180605,0.096,0.096,0.095,0.095,229917
ONX,20180606,0.096,0.1,0.096,0.1,678698
ONX,20180607,0.1,0.1,0.095,0.099,930549
ONX,20180608,0.1,0.105,0.096,0.105,335891
ONX,20180612,0.105,0.105,0.1,0.1,522977
ONX,20180613,0.1,0.1,0.1,0.1,13998
ONX,20180614,0.1,0.105,0.1,0.1,485187
ONX,20180615,0.105,0.105,0.105,0.105,18000
ONX,20180618,0.105,0.11,0.105,0.105,721050
ONX,20180619,0.11,0.115,0.11,0.11,579488
ONX,20180620,0.11,0.115,0.11,0.11,236228
ONX,20180621,0.11,0.115,0.11,0.11,260690
ONX,20180622,0.11,0.11,0.1,0.1,1458042
ONX,20180625,0.11,0.115,0.11,0.115,351744
ONX,20180626,0.115,0.115,0.11,0.115,347000
ONX,20180627,0.115,0.115,0.11,0.11,265500
ONX,20180628,0.11,0.115,0.11,0.115,51384
ONX,20180629,0.11,0.11,0.11,0.11,71262
ONX,20180702,0.115,0.12,0.11,0.12,801964
ONX,20180703,0.125,0.135,0.125,0.135,477610
ONX,20180704,0.14,0.14,0.13,0.13,508568
ONX,20180705,0.125,0.13,0.12,0.12,323278
ONX,20180706,0.13,0.135,0.125,0.125,276958
ONX,20180710,0.13,0.135,0.13,0.135,117278
ONX,20180711,0.14,0.155,0.14,0.145,1543455
ONX,20180712,0.15,0.15,0.14,0.145,184398
ONX,20180713,0.15,0.155,0.145,0.155,566191
ONX,20180716,0.155,0.165,0.15,0.155,644699
ONX,20180717,0.16,0.165,0.16,0.165,313781
ONX,20180718,0.165,0.165,0.15,0.16,1485674
ONX,20180719,0.16,0.16,0.16,0.16,128750
ONX,20180720,0.16,0.16,0.145,0.145,473125
ONX,20180723,0.145,0.145,0.125,0.13,931883
ONX,20180724,0.13,0.145,0.13,0.145,778453
ONX,20180725,0.145,0.15,0.135,0.14,353586
ONX,20180726,0.14,0.14,0.14,0.14,34752
ONX,20180727,0.14,0.14,0.135,0.135,238864
ONX,20180730,0.135,0.14,0.135,0.135,300383
ONX,20180731,0.14,0.14,0.135,0.135,73785
ONX,20180801,0.145,0.15,0.145,0.145,162941
ONX,20180802,0.145,0.15,0.14,0.145,386380
ONX,20180803,0.145,0.155,0.145,0.15,620902
ONX,20180806,0.155,0.155,0.15,0.155,326756
ONX,20180807,0.155,0.155,0.15,0.15,13000
ONX,20180808,0.145,0.145,0.14,0.14,143466
ONX,20180809,0.14,0.15,0.14,0.15,113945
ONX,20180810,0.15,0.15,0.15,0.15,0
ONX,20180813,0.15,0.15,0.14,0.14,178200
ONX,20180814,0.145,0.15,0.145,0.145,15968
ONX,20180816,0.15,0.15,0.14,0.145,96622
ONX,20180817,0.145,0.15,0.14,0.14,122865
ONX,20180820,0.15,0.165,0.145,0.165,1109278
ONX,20180821,0.16,0.185,0.16,0.165,1600804
ONX,20180822,0.16,0.16,0.16,0.16,116382
ONX,20180823,0.185,0.19,0.175,0.18,657720
ONX,20180824,0.18,0.18,0.17,0.17,263109
ONX,20180827,0.18,0.195,0.18,0.19,575454
ONX,20180828,0.195,0.195,0.185,0.185,283199
ONX,20180829,0.19,0.195,0.185,0.185,163829
ONX,20180830,0.195,0.21,0.19,0.21,1000153
ONX,20180831,0.21,0.23,0.2,0.215,280586
ONX,20180903,0.215,0.22,0.205,0.215,380717
ONX,20180904,0.215,0.23,0.215,0.22,408943
ONX,20180905,0.22,0.235,0.22,0.23,289739
ONX,20180906,0.23,0.25,0.23,0.24,236351
ONX,20180907,0.245,0.25,0.24,0.25,594533
ONX,20180910,0.26,0.285,0.26,0.275,634003
ONX,20180913,0.27,0.27,0.225,0.23,1116481
ONX,20180914,0.235,0.235,0.19,0.22,737762
ONX,20180917,0.22,0.23,0.22,0.225,252327
ONX,20180918,0.235,0.25,0.23,0.23,473060
ONX,20180919,0.24,0.25,0.235,0.24,159500
ONX,20180920,0.24,0.24,0.24,0.24,204791
ONX,20180921,0.24,0.26,0.24,0.26,248061
ONX,20180924,0.255,0.26,0.25,0.26,96067
ONX,20180925,0.26,0.27,0.26,0.26,127088
ONX,20180926,0.26,0.27,0.26,0.27,67459
ONX,20180927,0.27,0.27,0.26,0.26,120666
ONX,20180928,0.265,0.27,0.26,0.26,50989
ONX,20181001,0.26,0.26,0.26,0.26,20106
ONX,20181002,0.26,0.27,0.26,0.27,59694
ONX,20181003,0.27,0.27,0.26,0.265,36185
ONX,20181004,0.26,0.27,0.26,0.27,79300
ONX,20181005,0.26,0.27,0.255,0.255,63491
ONX,20181008,0.26,0.26,0.25,0.25,268225
ONX,20181009,0.26,0.26,0.25,0.25,219442
ONX,20181010,0.26,0.26,0.25,0.25,48275
ONX,20181011,0.25,0.25,0.225,0.24,556858
ONX,20181012,0.225,0.245,0.225,0.235,145613
ONX,20181015,0.24,0.24,0.23,0.23,132700
ONX,20181016,0.23,0.24,0.23,0.23,23020
ONX,20181017,0.23,0.25,0.23,0.25,422176
ONX,20181018,0.25,0.25,0.23,0.25,478066
ONX,20181019,0.23,0.25,0.225,0.25,201416
ONX,20181022,0.25,0.25,0.225,0.225,104736
ONX,20181023,0.225,0.225,0.225,0.225,30735
ONX,20181024,0.225,0.225,0.21,0.21,440900
ONX,20181025,0.215,0.215,0.195,0.205,798739
ONX,20181026,0.215,0.22,0.215,0.22,102853
ONX,20181030,0.22,0.22,0.215,0.22,302340
ONX,20181031,0.22,0.22,0.22,0.22,9090
ONX,20181101,0.22,0.22,0.22,0.22,19326
ONX,20181102,0.215,0.215,0.21,0.215,146500
ONX,20181105,0.21,0.215,0.21,0.215,96530
ONX,20181106,0.215,0.215,0.215,0.215,11136
ONX,20181107,0.21,0.215,0.21,0.21,265147
ONX,20181108,0.21,0.22,0.21,0.22,203433
ONX,20181109,0.225,0.225,0.225,0.225,29490
ONX,20181112,0.225,0.225,0.225,0.225,0
ONX,20181113,0.225,0.225,0.22,0.225,83924
ONX,20181114,0.225,0.225,0.225,0.225,76176
ONX,20181115,0.215,0.225,0.215,0.225,78824
ONX,20181116,0.225,0.225,0.225,0.225,35961
ONX,20181119,0.225,0.225,0.215,0.215,62800
ONX,20181120,0.22,0.225,0.22,0.225,19744
ONX,20181121,0.225,0.23,0.225,0.23,42800
ONX,20181122,0.23,0.23,0.23,0.23,10000
ONX,20181123,0.23,0.235,0.23,0.235,203497
ONX,20181126,0.235,0.25,0.235,0.25,257064
ONX,20181127,0.25,0.27,0.25,0.27,577478
ONX,20181128,0.27,0.27,0.26,0.27,355273
ONX,20181129,0.265,0.27,0.265,0.265,204337
ONX,20181130,0.27,0.27,0.265,0.265,81125
ONX,20181203,0.265,0.265,0.255,0.255,75025
ONX,20181204,0.25,0.25,0.25,0.25,25900
ONX,20181205,0.25,0.25,0.245,0.245,105350
ONX,20181206,0.245,0.245,0.245,0.245,38469
ONX,20181207,0.23,0.23,0.23,0.23,21531
ONX,20181210,0.22,0.24,0.22,0.23,119523
ONX,20181211,0.21,0.23,0.205,0.22,221748
ONX,20181212,0.235,0.235,0.23,0.23,388667
ONX,20181213,0.22,0.22,0.215,0.215,84424
ONX,20181214,0.21,0.22,0.2,0.22,99805
ONX,20181217,0.21,0.21,0.205,0.205,22200
ONX,20181218,0.2,0.205,0.2,0.205,67686
ONX,20181219,0.21,0.22,0.205,0.22,190100
ONX,20181220,0.22,0.22,0.22,0.22,93000
ONX,20181221,0.22,0.22,0.21,0.22,120100
ONX,20181224,0.21,0.21,0.21,0.21,47000
ONX,20181227,0.22,0.22,0.21,0.21,127200
ONX,20181228,0.205,0.205,0.2,0.205,235833
ONX,20181231,0.205,0.205,0.205,0.205,66010
ONX,20190102,0.21,0.215,0.205,0.21,141072
ONX,20190103,0.21,0.21,0.21,0.21,87987
ONX,20190104,0.21,0.21,0.21,0.21,3225
ONX,20190107,0.205,0.205,0.205,0.205,14000
ONX,20190108,0.21,0.215,0.21,0.21,71936
ONX,20190109,0.215,0.23,0.215,0.23,108880
ONX,20190110,0.23,0.23,0.225,0.225,64112
ONX,20190111,0.225,0.23,0.22,0.23,111261
ONX,20190114,0.23,0.23,0.225,0.225,88054
ONX,20190115,0.225,0.225,0.225,0.225,13765
ONX,20190116,0.215,0.215,0.215,0.215,71140
ONX,20190117,0.215,0.215,0.21,0.21,71000
ONX,20190118,0.215,0.215,0.21,0.21,33478
ONX,20190121,0.22,0.22,0.205,0.205,42500
ONX,20190122,0.205,0.205,0.205,0.205,13000
ONX,20190123,0.205,0.205,0.2,0.2,352648
ONX,20190124,0.21,0.21,0.21,0.21,116595
ONX,20190125,0.215,0.215,0.215,0.215,10810
ONX,20190129,0.205,0.21,0.17,0.17,497583
ONX,20190130,0.175,0.195,0.175,0.185,201605
ONX,20190131,0.19,0.19,0.185,0.19,132697
ONX,20190201,0.19,0.19,0.19,0.19,53600
ONX,20190204,0.195,0.195,0.19,0.19,55900
ONX,20190205,0.19,0.19,0.19,0.19,41000
ONX,20190206,0.19,0.19,0.19,0.19,10526
ONX,20190207,0.19,0.19,0.19,0.19,50000
ONX,20190208,0.185,0.185,0.18,0.18,133579
ONX,20190211,0.18,0.18,0.175,0.175,54988
ONX,20190212,0.17,0.17,0.14,0.15,156389
ONX,20190213,0.15,0.155,0.15,0.155,200113
ONX,20190214,0.16,0.16,0.16,0.16,88562
ONX,20190215,0.16,0.16,0.155,0.155,94868
ONX,20190218,0.16,0.16,0.15,0.15,307386
ONX,20190219,0.15,0.15,0.14,0.14,219720
ONX,20190220,0.14,0.14,0.14,0.14,273948
ONX,20190221,0.135,0.145,0.135,0.145,251561
ONX,20190222,0.14,0.145,0.14,0.145,26269
ONX,20190225,0.155,0.165,0.155,0.165,226043
ONX,20190226,0.17,0.18,0.17,0.175,291789
ONX,20190227,0.18,0.185,0.18,0.185,120032
ONX,20190228,0.185,0.185,0.185,0.185,0
ONX,20190301,0.185,0.185,0.185,0.185,0
ONX,20190304,0.21,0.21,0.19,0.19,156554
ONX,20190305,0.185,0.185,0.18,0.18,217569
ONX,20190306,0.17,0.17,0.16,0.16,87856
ONX,20190307,0.165,0.165,0.16,0.16,55428
ONX,20190308,0.16,0.165,0.16,0.16,188938
ONX,20190311,0.17,0.17,0.16,0.16,82600
ONX,20190312,0.155,0.16,0.155,0.16,61343
ONX,20190313,0.16,0.16,0.16,0.16,62500
ONX,20190314,0.16,0.16,0.16,0.16,5000
ONX,20190315,0.16,0.16,0.16,0.16,5938
ONX,20190318,0.155,0.155,0.15,0.15,235500
ONX,20190319,0.155,0.155,0.14,0.145,131593
ONX,20190320,0.145,0.145,0.145,0.145,127921
ONX,20190321,0.15,0.16,0.15,0.16,194813
ONX,20190322,0.15,0.165,0.15,0.165,107442
ONX,20190325,0.165,0.165,0.155,0.155,45434
ONX,20190326,0.16,0.16,0.15,0.15,28147
ONX,20190327,0.15,0.16,0.145,0.16,116996
ONX,20190328,0.15,0.15,0.145,0.145,100000
ONX,20190329,0.155,0.155,0.155,0.155,11612
ONX,20190401,0.155,0.165,0.155,0.165,59841
ONX,20190402,0.16,0.16,0.16,0.16,48855
ONX,20190403,0.16,0.16,0.145,0.145,197479
ONX,20190404,0.15,0.15,0.145,0.145,42434
ONX,20190405,0.145,0.145,0.145,0.145,0
ONX,20190408,0.145,0.145,0.145,0.145,0
ONX,20190409,0.13,0.13,0.1,0.11,1511054
ONX,20190410,0.115,0.13,0.115,0.13,241989
ONX,20190411,0.14,0.145,0.14,0.145,198402
ONX,20190412,0.145,0.145,0.145,0.145,97097
ONX,20190415,0.15,0.155,0.15,0.15,160000
ONX,20190416,0.15,0.15,0.145,0.15,368283
ONX,20190417,0.15,0.15,0.15,0.15,148
ONX,20190418,0.15,0.15,0.14,0.14,126341
ONX,20190423,0.145,0.145,0.145,0.145,8565
ONX,20190424,0.14,0.14,0.13,0.13,131565
ONX,20190426,0.125,0.125,0.12,0.12,149912
ONX,20190429,0.12,0.12,0.12,0.12,111650
ONX,20190430,0.12,0.13,0.12,0.13,312721
ONX,20190501,0.13,0.13,0.115,0.12,79265
ONX,20190502,0.12,0.12,0.12,0.12,93239
ONX,20190503,0.12,0.12,0.12,0.12,43175
ONX,20190506,0.12,0.12,0.12,0.12,159168
ONX,20190507,0.12,0.12,0.12,0.12,115287
ONX,20190508,0.12,0.12,0.12,0.12,51666
ONX,20190509,0.12,0.12,0.12,0.12,41666
ONX,20190510,0.12,0.12,0.11,0.11,227864
ONX,20190513,0.11,0.11,0.105,0.105,9312
ONX,20190514,0.1,0.105,0.1,0.105,196053
ONX,20190515,0.105,0.105,0.105,0.105,177130
ONX,20190516,0.11,0.11,0.11,0.11,44769
ONX,20190517,0.11,0.12,0.11,0.12,443037
ONX,20190520,0.12,0.12,0.12,0.12,99313
ONX,20190521,0.105,0.105,0.105,0.105,65075
ONX,20190522,0.105,0.105,0.105,0.105,0
ONX,20190523,0.12,0.12,0.11,0.11,304635
ONX,20190524,0.11,0.11,0.11,0.11,0
ONX,20190527,0.15,0.155,0.145,0.15,1496094
ONX,20190528,0.15,0.15,0.12,0.13,576903
ONX,20190529,0.135,0.14,0.13,0.13,294923
ONX,20190530,0.135,0.135,0.13,0.13,99838
ONX,20190531,0.13,0.165,0.13,0.165,502998
ONX,20190603,0.175,0.175,0.16,0.16,447683
ONX,20190604,0.175,0.19,0.17,0.19,487296
ONX,20190605,0.19,0.19,0.16,0.16,411622
ONX,20190606,0.175,0.18,0.165,0.175,386650
ONX,20190607,0.175,0.175,0.17,0.17,387467
ONX,20190611,0.17,0.17,0.16,0.16,92977
ONX,20190612,0.17,0.17,0.16,0.16,13952
ONX,20190613,0.165,0.165,0.16,0.16,50090
ONX,20190614,0.165,0.165,0.16,0.165,84277
ONX,20190617,0.16,0.16,0.16,0.16,80000
ONX,20190618,0.16,0.16,0.16,0.16,112370
ONX,20190619,0.16,0.165,0.16,0.165,51801
ONX,20190620,0.165,0.17,0.165,0.17,110117
ONX,20190621,0.17,0.17,0.16,0.16,175331
ONX,20190624,0.165,0.17,0.165,0.165,134052
ONX,20190625,0.165,0.165,0.165,0.165,29720
ONX,20190626,0.165,0.165,0.16,0.16,218829
ONX,20190627,0.165,0.165,0.165,0.165,6545
ONX,20190628,0.165,0.165,0.155,0.155,47053
ONX,20190701,0.16,0.16,0.155,0.16,117320
ONX,20190702,0.155,0.155,0.15,0.15,59425
ONX,20190703,0.15,0.15,0.15,0.15,12064
ONX,20190704,0.15,0.15,0.15,0.15,3
ONX,20190705,0.15,0.15,0.15,0.15,60000
ONX,20190708,0.15,0.15,0.15,0.15,188
ONX,20190709,0.145,0.15,0.145,0.15,47275
ONX,20190710,0.145,0.145,0.145,0.145,44548
ONX,20190711,0.145,0.145,0.145,0.145,41897
ONX,20190712,0.145,0.145,0.145,0.145,0
ONX,20190715,0.145,0.15,0.145,0.15,33462
ONX,20190716,0.14,0.15,0.14,0.15,143854
ONX,20190717,0.15,0.15,0.15,0.15,30000
ONX,20190718,0.15,0.15,0.15,0.15,0
ONX,20190719,0.15,0.15,0.135,0.135,256743
ONX,20190722,0.135,0.145,0.135,0.145,82703
ONX,20190723,0.15,0.15,0.145,0.15,28382
ONX,20190724,0.145,0.145,0.135,0.135,22220
ONX,20190725,0.14,0.14,0.14,0.14,70000
ONX,20190726,0.14,0.14,0.14,0.14,58500
ONX,20190729,0.14,0.14,0.135,0.135,44204
ONX,20190730,0.135,0.135,0.135,0.135,4250
ONX,20190731,0.135,0.135,0.13,0.13,195572
ONX,20190801,0.13,0.145,0.13,0.13,199482
ONX,20190802,0.13,0.13,0.13,0.13,15512
ONX,20190805,0.145,0.145,0.145,0.145,17538
ONX,20190806,0.14,0.14,0.14,0.14,71430
ONX,20190807,0.14,0.14,0.125,0.125,90079
ONX,20190808,0.125,0.125,0.125,0.125,0
ONX,20190809,0.145,0.155,0.14,0.14,209844
ONX,20190812,0.15,0.155,0.15,0.155,63034
ONX,20190813,0.155,0.155,0.155,0.155,0
ONX,20190814,0.155,0.155,0.15,0.15,6324
ONX,20190815,0.145,0.145,0.145,0.145,7209
ONX,20190816,0.145,0.145,0.145,0.145,0
ONX,20190819,0.145,0.145,0.135,0.135,31716
ONX,20190820,0.135,0.135,0.13,0.13,65200
ONX,20190821,0.13,0.13,0.125,0.125,111661
ONX,20190822,0.13,0.13,0.125,0.125,350126
ONX,20190823,0.13,0.13,0.13,0.13,6000
ONX,20190826,0.13,0.13,0.13,0.13,6000
ONX,20190827,0.13,0.13,0.13,0.13,35917
ONX,20190828,0.13,0.13,0.125,0.125,7500
ONX,20190829,0.125,0.125,0.125,0.125,0
ONX,20190830,0.125,0.125,0.125,0.125,37702
ONX,20190902,0.125,0.125,0.11,0.11,177370
ONX,20190903,0.11,0.12,0.11,0.12,22817
ONX,20190904,0.12,0.12,0.12,0.12,4179
ONX,20190905,0.12,0.12,0.12,0.12,0
ONX,20190906,0.12,0.12,0.12,0.12,0
ONX,20190909,0.12,0.12,0.12,0.12,0
ONX,20190910,0.14,0.16,0.135,0.135,57135
ONX,20190911,0.15,0.15,0.13,0.14,687123
ONX,20190912,0.14,0.14,0.14,0.14,211005
ONX,20190913,0.13,0.13,0.12,0.12,129327
ONX,20190916,0.12,0.12,0.12,0.12,81863
ONX,20190917,0.12,0.12,0.115,0.115,46063
ONX,20190918,0.115,0.125,0.115,0.125,46807
ONX,20190919,0.13,0.135,0.13,0.135,36000
ONX,20190920,0.125,0.125,0.125,0.125,39622
ONX,20190923,0.125,0.125,0.115,0.12,174544
ONX,20190924,0.115,0.12,0.11,0.12,85948
ONX,20190925,0.12,0.12,0.12,0.12,0
ONX,20190926,0.115,0.115,0.115,0.115,3000
ONX,20190927,0.12,0.125,0.12,0.12,267867
ONX,20190930,0.12,0.12,0.115,0.115,69000
ONX,20191001,0.115,0.115,0.115,0.115,0
ONX,20191002,0.115,0.12,0.115,0.12,141772
ONX,20191003,0.12,0.12,0.12,0.12,73770
ONX,20191004,0.12,0.12,0.12,0.12,16575
ONX,20191007,0.12,0.12,0.12,0.12,0
ONX,20191008,0.12,0.12,0.12,0.12,0
ONX,20191009,0.096,0.1,0.096,0.1,109987
ONX,20191010,0.11,0.11,0.11,0.11,25000
ONX,20191011,0.115,0.115,0.115,0.115,72000
ONX,20191014,0.115,0.115,0.115,0.115,0
ONX,20191015,0.11,0.11,0.11,0.11,75612
ONX,20191016,0.11,0.11,0.11,0.11,4591
ONX,20191017,0.11,0.11,0.11,0.11,10000
ONX,20191018,0.11,0.11,0.11,0.11,0
ONX,20191021,0.105,0.105,0.1,0.1,52331
ONX,20191022,0.105,0.105,0.105,0.105,13595
ONX,20191023,0.105,0.105,0.105,0.105,47347
ONX,20191024,0.11,0.11,0.11,0.11,738
ONX,20191025,0.105,0.105,0.09,0.09,374024
ONX,20191028,0.095,0.095,0.089,0.09,346724
ONX,20191029,0.09,0.091,0.076,0.08,501473
ONX,20191030,0.085,0.094,0.085,0.089,405605
ONX,20191031,0.089,0.092,0.089,0.09,95340
ONX,20191101,0.088,0.088,0.088,0.088,50000
ONX,20191104,0.086,0.086,0.08,0.08,530878
ONX,20191105,0.08,0.08,0.077,0.077,205990
ONX,20191106,0.077,0.077,0.07,0.07,471305
ONX,20191107,0.07,0.07,0.068,0.07,303280
ONX,20191108,0.076,0.08,0.076,0.079,194473
ONX,20191111,0.08,0.082,0.08,0.082,49018
ONX,20191112,0.085,0.086,0.085,0.085,219991
ONX,20191113,0.094,0.094,0.085,0.085,133175
ONX,20191114,0.089,0.09,0.089,0.09,67955
ONX,20191115,0.09,0.09,0.09,0.09,38030
ONX,20191118,0.091,0.091,0.085,0.085,155101
ONX,20191119,0.085,0.085,0.085,0.085,0
ONX,20191120,0.085,0.085,0.085,0.085,0
ONX,20191121,0.085,0.085,0.085,0.085,0
ONX,20191122,0.075,0.075,0.074,0.074,219702
ONX,20191125,0.077,0.083,0.077,0.083,334691
ONX,20191126,0.09,0.098,0.09,0.09,347570
ONX,20191127,0.09,0.098,0.09,0.098,119473
ONX,20191128,0.093,0.093,0.091,0.091,57924
ONX,20191129,0.092,0.092,0.092,0.092,150000
ONX,20191202,0.09,0.097,0.09,0.095,145717
ONX,20191203,0.095,0.095,0.095,0.095,66667
ONX,20191204,0.094,0.094,0.094,0.094,43334
ONX,20191205,0.094,0.094,0.094,0.094,156666
ONX,20191206,0.09,0.09,0.09,0.09,43795
ONX,20191209,0.082,0.085,0.082,0.082,160753
ONX,20191210,0.082,0.082,0.082,0.082,50237
ONX,20191211,0.082,0.082,0.082,0.082,87496
ONX,20191212,0.082,0.082,0.082,0.082,0
ONX,20191213,0.082,0.082,0.082,0.082,0
ONX,20191216,0.07,0.07,0.07,0.07,150000
ONX,20191217,0.074,0.074,0.074,0.074,45000
ONX,20191218,0.075,0.075,0.075,0.075,50000
ONX,20191219,0.075,0.075,0.075,0.075,0
ONX,20191220,0.075,0.075,0.075,0.075,0
ONX,20191223,0.075,0.075,0.073,0.075,263500
ONX,20191224,0.074,0.074,0.074,0.074,633
ONX,20191227,0.075,0.075,0.074,0.074,178144
ONX,20191230,0.075,0.075,0.075,0.075,32144
ONX,20191231,0.076,0.076,0.076,0.076,96896
ONX,20200102,0.08,0.08,0.08,0.08,130000
ONX,20200103,0.08,0.08,0.08,0.08,0
ONX,20200106,0.08,0.08,0.08,0.08,8235
ONX,20200107,0.077,0.077,0.077,0.077,100000
ONX,20200108,0.077,0.084,0.077,0.084,144929
ONX,20200109,0.084,0.084,0.084,0.084,7840
ONX,20200113,0.081,0.085,0.08,0.08,124977
ONX,20200114,0.08,0.08,0.08,0.08,10526
ONX,20200115,0.08,0.08,0.08,0.08,0
ONX,20200116,0.091,0.091,0.091,0.091,7288
ONX,20200117,0.091,0.091,0.09,0.09,237919
ONX,20200120,0.09,0.09,0.09,0.09,11111
ONX,20200121,0.09,0.09,0.09,0.09,0
ONX,20200122,0.09,0.09,0.09,0.09,55333
ONX,20200123,0.09,0.09,0.09,0.09,0
ONX,20200124,0.09,0.09,0.09,0.09,0
ONX,20200128,0.09,0.09,0.09,0.09,71596
ONX,20200129,0.09,0.09,0.09,0.09,145115
ONX,20200130,0.086,0.086,0.08,0.08,313447
ONX,20200203,0.081,0.081,0.08,0.08,277085
ONX,20200204,0.08,0.08,0.071,0.071,536041
ONX,20200205,0.071,0.071,0.071,0.071,14183
ONX,20200210,0.061,0.061,0.055,0.061,438300
ONX,20200211,0.061,0.061,0.061,0.061,16806
ONX,20200212,0.066,0.066,0.066,0.066,71261
ONX,20200213,0.079,0.08,0.079,0.079,52000
ONX,20200214,0.079,0.079,0.079,0.079,0
ONX,20200217,0.079,0.079,0.079,0.079,0
ONX,20200218,0.079,0.079,0.079,0.079,0
ONX,20200219,0.079,0.079,0.079,0.079,0
ONX,20200220,0.079,0.079,0.079,0.079,0
ONX,20200221,0.067,0.067,0.067,0.067,4238
ONX,20200224,0.067,0.067,0.067,0.067,55762
ONX,20200225,0.067,0.067,0.062,0.062,132225
ONX,20200226,0.062,0.062,0.06,0.061,146937
ONX,20200227,0.061,0.061,0.061,0.061,0
ONX,20200228,0.062,0.062,0.055,0.059,120600
ONX,20200302,0.059,0.059,0.059,0.059,0
ONX,20200303,0.059,0.059,0.059,0.059,0
ONX,20200304,0.059,0.059,0.059,0.059,0
ONX,20200305,0.061,0.061,0.06,0.06,40000
ONX,20200306,0.06,0.06,0.056,0.056,220687
ONX,20200309,0.06,0.06,0.055,0.055,95067
ONX,20200310,0.05,0.055,0.045,0.045,642680
ONX,20200311,0.05,0.05,0.045,0.045,156488
ONX,20200312,0.045,0.045,0.044,0.044,40285
ONX,20200313,0.04,0.04,0.026,0.036,511667
ONX,20200316,0.037,0.042,0.036,0.04,557789
ONX,20200317,0.04,0.04,0.04,0.04,17660
ONX,20200318,0.04,0.04,0.04,0.04,90761
ONX,20200319,0.042,0.042,0.041,0.041,277228
ONX,20200320,0.042,0.042,0.04,0.04,50000
ONX,20200323,0.037,0.037,0.037,0.037,182375
ONX,20200324,0.037,0.037,0.037,0.037,0
ONX,20200325,0.037,0.037,0.03,0.033,453325
ONX,20200326,0.033,0.033,0.03,0.03,74175
ONX,20200327,0.035,0.035,0.03,0.035,145343
ONX,20200330,0.035,0.035,0.035,0.035,0
ONX,20200331,0.035,0.035,0.035,0.035,9000
ONX,20200401,0.035,0.035,0.032,0.032,215027
ONX,20200402,0.032,0.032,0.031,0.032,92500
ONX,20200403,0.031,0.031,0.031,0.031,5500
ONX,20200406,0.032,0.032,0.032,0.032,209800
ONX,20200407,0.032,0.032,0.032,0.032,35625
ONX,20200408,0.032,0.032,0.032,0.032,70000
ONX,20200409,0.032,0.032,0.032,0.032,30000
ONX,20200414,0.032,0.035,0.032,0.035,380095
ONX,20200415,0.042,0.042,0.036,0.036,188139
ONX,20200416,0.041,0.041,0.038,0.04,94322
ONX,20200417,0.045,0.056,0.045,0.056,25585
ONX,20200420,0.058,0.06,0.058,0.06,200000
ONX,20200421,0.072,0.072,0.062,0.062,106530
ONX,20200422,0.062,0.062,0.052,0.061,120061
ONX,20200423,0.061,0.065,0.061,0.065,265775
ONX,20200424,0.065,0.065,0.065,0.065,0
ONX,20200427,0.071,0.075,0.071,0.074,330354
ONX,20200428,0.075,0.08,0.07,0.07,453765
ONX,20200429,0.073,0.075,0.067,0.067,113803
ONX,20200430,0.067,0.067,0.066,0.066,124267
ONX,20200501,0.062,0.062,0.06,0.06,404113
ONX,20200504,0.06,0.06,0.06,0.06,0
ONX,20200505,0.06,0.06,0.06,0.06,0
ONX,20200506,0.055,0.055,0.05,0.052,218000
ONX,20200507,0.052,0.052,0.052,0.052,113505
ONX,20200508,0.05,0.052,0.05,0.051,49473
ONX,20200511,0.052,0.055,0.052,0.055,116000
ONX,20200512,0.06,0.06,0.06,0.06,1500
ONX,20200513,0.059,0.062,0.059,0.062,88425
ONX,20200514,0.064,0.064,0.06,0.06,271673
ONX,20200515,0.055,0.055,0.055,0.055,18970
ONX,20200518,0.051,0.051,0.05,0.051,400782
ONX,20200519,0.051,0.051,0.051,0.051,366956
ONX,20200520,0.051,0.051,0.05,0.05,38211
ONX,20200521,0.054,0.054,0.052,0.052,59999
ONX,20200522,0.054,0.055,0.054,0.055,114000
ONX,20200525,0.05,0.052,0.05,0.052,786942
ONX,20200526,0.052,0.053,0.052,0.052,299300
ONX,20200527,0.05,0.053,0.05,0.053,134591
ONX,20200528,0.054,0.054,0.048,0.049,126641
ONX,20200529,0.05,0.05,0.05,0.05,26261
ONX,20200601,0.05,0.05,0.05,0.05,0
ONX,20200602,0.05,0.05,0.05,0.05,50000
ONX,20200603,0.05,0.05,0.049,0.049,69970
ONX,20200604,0.048,0.048,0.042,0.042,269834
ONX,20200605,0.042,0.045,0.042,0.044,165000
ONX,20200609,0.045,0.045,0.042,0.042,344325
ONX,20200610,0.042,0.042,0.04,0.041,144962
ONX,20200611,0.041,0.041,0.041,0.041,0
ONX,20200612,0.04,0.042,0.03,0.042,2069690
ONX,20200615,0.042,0.042,0.042,0.042,0
ONX,20200616,0.042,0.042,0.042,0.042,0
ONX,20200617,0.03,0.04,0.029,0.04,3248893
ONX,20200618,0.04,0.04,0.04,0.04,25000
ONX,20200619,0.039,0.039,0.032,0.034,383415
ONX,20200622,0.031,0.032,0.027,0.027,1648500
ONX,20200623,0.028,0.034,0.028,0.032,744100
ONX,20200624,0.032,0.033,0.032,0.033,130380
ONX,20200625,0.032,0.032,0.03,0.03,93054
ONX,20200626,0.03,0.03,0.023,0.026,1183174
ONX,20200629,0.028,0.03,0.028,0.03,573035
ONX,20200630,0.031,0.036,0.031,0.035,297452
ONX,20200701,0.036,0.036,0.036,0.036,8829
ONX,20200702,0.032,0.032,0.031,0.031,858618
ONX,20200703,0.033,0.033,0.033,0.033,24045
ONX,20200706,0.033,0.033,0.027,0.028,1590433
ONX,20200707,0.029,0.032,0.029,0.03,192500
ONX,20200708,0.03,0.034,0.03,0.033,273026
ONX,20200709,0.034,0.036,0.033,0.035,493000
ONX,20200710,0.035,0.035,0.035,0.035,0
ONX,20200713,0.035,0.036,0.034,0.036,817075
ONX,20200714,0.036,0.036,0.036,0.036,228571
ONX,20200715,0.037,0.043,0.037,0.039,985259
ONX,20200716,0.041,0.041,0.04,0.04,101890
ONX,20200717,0.04,0.04,0.04,0.04,25000
ONX,20200720,0.04,0.04,0.038,0.038,548327
ONX,20200721,0.039,0.04,0.037,0.037,169000
ONX,20200722,0.035,0.035,0.034,0.034,723692
ONX,20200723,0.037,0.037,0.034,0.034,366585
ONX,20200724,0.034,0.034,0.034,0.034,0
ONX,20200727,0.035,0.037,0.034,0.037,451479
ONX,20200728,0.037,0.037,0.036,0.037,182277
ONX,20200729,0.037,0.037,0.037,0.037,61080
ONX,20200730,0.038,0.038,0.038,0.038,23500
ONX,20200731,0.04,0.042,0.04,0.042,374251
ONX,20200803,0.045,0.05,0.045,0.046,686078
ONX,20200804,0.048,0.048,0.046,0.046,733642
ONX,20200805,0.046,0.048,0.044,0.044,439097
ONX,20200806,0.045,0.045,0.042,0.043,963575
ONX,20200807,0.043,0.043,0.043,0.043,39480
ONX,20200810,0.043,0.051,0.043,0.049,1033899
ONX,20200811,0.049,0.055,0.049,0.05,1213005
ONX,20200812,0.052,0.052,0.048,0.049,770504
ONX,20200813,0.05,0.05,0.05,0.05,402040
ONX,20200814,0.048,0.048,0.048,0.048,165909
ONX,20200817,0.05,0.055,0.05,0.055,713063
ONX,20200818,0.056,0.058,0.056,0.056,40887
ONX,20200819,0.058,0.06,0.049,0.049,974070
ONX,20200820,0.053,0.053,0.048,0.048,650004
ONX,20200821,0.048,0.049,0.042,0.042,562777
ONX,20200824,0.044,0.051,0.044,0.047,882000
ONX,20200825,0.05,0.05,0.047,0.047,51276
ONX,20200826,0.047,0.047,0.045,0.045,76502
ONX,20200827,0.045,0.045,0.042,0.042,152890
ONX,20200828,0.041,0.041,0.04,0.04,444022
ONX,20200831,0.041,0.041,0.039,0.039,403086
ONX,20200901,0.041,0.042,0.039,0.039,225575
ONX,20200902,0.041,0.041,0.041,0.041,5732
ONX,20200903,0.041,0.041,0.033,0.037,965910
ONX,20200904,0.038,0.038,0.035,0.035,170972
ONX,20200907,0.035,0.035,0.035,0.035,0
ONX,20200908,0.038,0.038,0.036,0.036,145263
ONX,20200909,0.035,0.035,0.034,0.035,187384
ONX,20200910,0.035,0.035,0.035,0.035,0
ONX,20200911,0.035,0.035,0.034,0.034,88997
ONX,20200914,0.037,0.037,0.03,0.033,776710
ONX,20200915,0.033,0.033,0.033,0.033,65000
ONX,20200916,0.033,0.038,0.032,0.032,259000
ONX,20200917,0.032,0.032,0.031,0.031,121276
ONX,20200918,0.031,0.031,0.031,0.031,13000
ONX,20200921,0.032,0.033,0.031,0.031,510238
ONX,20200922,0.032,0.032,0.028,0.028,1575256
ONX,20200923,0.028,0.029,0.024,0.025,1375572
ONX,20200924,0.026,0.026,0.023,0.023,1530953
ONX,20200925,0.023,0.023,0.021,0.023,2194455
ONX,20200928,0.025,0.028,0.022,0.023,1745333
ONX,20200929,0.024,0.024,0.022,0.022,335308
ONX,20200930,0.023,0.023,0.021,0.021,321492
ONX,20201001,0.022,0.022,0.022,0.022,299600
ONX,20201002,0.024,0.027,0.024,0.024,2435195
ONX,20201005,0.024,0.024,0.023,0.023,288954
ONX,20201006,0.023,0.023,0.023,0.023,118046
ONX,20201007,0.025,0.025,0.024,0.024,238000
ONX,20201008,0.024,0.024,0.024,0.024,0
ONX,20201009,0.025,0.025,0.024,0.024,120040
ONX,20201012,0.025,0.03,0.025,0.026,1534134
ONX,20201013,0.025,0.025,0.025,0.025,718704
ONX,20201014,0.024,0.025,0.024,0.025,344331
ONX,20201015,0.025,0.025,0.025,0.025,0
ONX,20201016,0.024,0.024,0.024,0.024,40000
ONX,20201019,0.024,0.024,0.024,0.024,470224
ONX,20201020,0.023,0.027,0.023,0.027,800000
ONX,20201021,0.025,0.027,0.025,0.027,161925
ONX,20201022,0.028,0.028,0.024,0.024,422422
ONX,20201023,0.024,0.024,0.023,0.023,424827
ONX,20201026,0.025,0.03,0.023,0.024,2152199
ONX,20201027,0.024,0.024,0.024,0.024,399469
ONX,20201028,0.024,0.024,0.02,0.023,2665582
ONX,20201029,0.021,0.021,0.019,0.02,984613
ONX,20201030,0.02,0.021,0.02,0.02,442739
ONX,20201102,0.022,0.022,0.021,0.021,318044
ONX,20201103,0.022,0.024,0.022,0.024,387673
ONX,20201104,0.024,0.024,0.022,0.022,622297
ONX,20201105,0.022,0.022,0.022,0.022,20000
ONX,20201106,0.022,0.022,0.022,0.022,0
ONX,20201109,0.023,0.025,0.023,0.023,546426
ONX,20201110,0.024,0.024,0.024,0.024,99500
ONX,20201111,0.024,0.024,0.024,0.024,0
ONX,20201112,0.025,0.025,0.024,0.024,233720
ONX,20201113,0.023,0.023,0.023,0.023,30000
ONX,20201116,0.023,0.023,0.023,0.023,0
ONX,20201117,0.024,0.027,0.024,0.024,300000
ONX,20201118,0.024,0.024,0.024,0.024,0
ONX,20201120,0.026,0.027,0.025,0.027,216637
ONX,20201123,0.024,0.024,0.024,0.024,415000
ONX,20201124,0.024,0.024,0.024,0.024,176093
ONX,20201125,0.025,0.025,0.024,0.024,100000
ONX,20201126,0.026,0.026,0.024,0.024,53027
ONX,20201127,0.026,0.027,0.026,0.027,572265
ONX,20201130,0.027,0.027,0.026,0.026,501104
ONX,20201201,0.026,0.026,0.026,0.026,0
ONX,20201202,0.026,0.026,0.026,0.026,38461
ONX,20201203,0.026,0.027,0.026,0.026,481315
ONX,20201204,0.026,0.026,0.026,0.026,143158
ONX,20201207,0.027,0.027,0.027,0.027,36000
ONX,20201208,0.027,0.027,0.027,0.027,20000
ONX,20201209,0.026,0.026,0.025,0.025,246216
ONX,20201210,0.025,0.025,0.025,0.025,40000
ONX,20201211,0.024,0.024,0.022,0.024,1269063
ONX,20201214,0.024,0.024,0.024,0.024,0
ONX,20201215,0.023,0.023,0.023,0.023,65302
ONX,20201216,0.023,0.023,0.023,0.023,0
ONX,20201217,0.023,0.023,0.023,0.023,100000
ONX,20201218,0.023,0.023,0.023,0.023,0
ONX,20201221,0.024,0.024,0.024,0.024,30000
ONX,20201222,0.025,0.026,0.025,0.026,735239
ONX,20201224,0.027,0.027,0.027,0.027,0
ONX,20201229,0.024,0.026,0.024,0.025,103800
ONX,20201230,0.025,0.025,0.025,0.025,0
ONX,20201231,0.026,0.026,0.026,0.026,200000
ONX,20210104,0.026,0.027,0.026,0.027,310000
ONX,20210105,0.027,0.027,0.027,0.027,140822
ONX,20210106,0.029,0.032,0.028,0.028,2158155
ONX,20210107,0.03,0.032,0.03,0.032,530836
ONX,20210108,0.032,0.032,0.031,0.032,139286
ONX,20210111,0.032,0.032,0.031,0.031,418874
ONX,20210112,0.03,0.03,0.03,0.03,21928
ONX,20210113,0.03,0.03,0.03,0.03,664686
ONX,20210114,0.032,0.032,0.032,0.032,87820
ONX,20210115,0.032,0.032,0.031,0.031,933291
ONX,20210118,0.031,0.036,0.031,0.034,538072
ONX,20210119,0.038,0.04,0.037,0.04,331757
ONX,20210120,0.04,0.048,0.04,0.041,1443280
ONX,20210121,0.042,0.045,0.042,0.044,1320697
ONX,20210122,0.044,0.045,0.043,0.044,399666
ONX,20210125,0.044,0.046,0.044,0.046,334245
ONX,20210127,0.046,0.046,0.046,0.046,149132
ONX,20210128,0.046,0.047,0.045,0.045,411892
ONX,20210129,0.047,0.047,0.039,0.039,1232076
ONX,20210201,0.041,0.041,0.033,0.04,326251
ONX,20210203,0.042,0.042,0.039,0.039,163662
ONX,20210204,0.039,0.04,0.039,0.039,258227
ONX,20210205,0.04,0.04,0.04,0.04,24224
ONX,20210208,0.04,0.042,0.04,0.042,254377
ONX,20210209,0.042,0.043,0.041,0.041,828969
ONX,20210210,0.043,0.044,0.043,0.044,246595
ONX,20210211,0.044,0.044,0.044,0.044,96086
ONX,20210212,0.044,0.044,0.041,0.041,470412
ONX,20210215,0.043,0.043,0.04,0.04,377524
ONX,20210216,0.04,0.041,0.039,0.041,474000
ONX,20210217,0.039,0.04,0.039,0.039,78526
ONX,20210218,0.04,0.04,0.04,0.04,24750
ONX,20210219,0.04,0.04,0.04,0.04,0
ONX,20210222,0.039,0.039,0.038,0.038,448668
ONX,20210223,0.038,0.038,0.035,0.035,502665
ONX,20210224,0.035,0.037,0.035,0.037,3850
ONX,20210225,0.035,0.037,0.035,0.037,57729
ONX,20210226,0.035,0.037,0.034,0.034,305457
ONX,20210301,0.034,0.034,0.034,0.034,8200
ONX,20210302,0.034,0.037,0.034,0.037,133783
ONX,20210303,0.037,0.037,0.037,0.037,0
ONX,20210304,0.031,0.033,0.031,0.033,344571
ONX,20210305,0.033,0.033,0.031,0.031,350000
ONX,20210308,0.035,0.035,0.03,0.03,475179
ONX,20210309,0.035,0.035,0.035,0.035,70000
ONX,20210310,0.032,0.032,0.032,0.032,18122
ONX,20210311,0.032,0.032,0.032,0.032,18122
ONX,20210312,0.032,0.032,0.032,0.032,0
ONX,20210315,0.032,0.032,0.031,0.031,358177
ONX,20210316,0.03,0.034,0.03,0.033,302789
ONX,20210317,0.033,0.033,0.032,0.032,332150
ONX,20210318,0.033,0.033,0.032,0.032,190726
ONX,20210319,0.033,0.033,0.029,0.029,2531440
ONX,20210322,0.031,0.033,0.027,0.027,1688169
ONX,20210323,0.027,0.028,0.027,0.028,369048
ONX,20210324,0.03,0.03,0.029,0.029,325950
ONX,20210325,0.029,0.029,0.029,0.029,50000
ONX,20210329,0.034,0.035,0.03,0.035,240171
ONX,20210330,0.035,0.036,0.032,0.034,888355
ONX,20210331,0.035,0.036,0.034,0.036,578196
ONX,20210401,0.036,0.044,0.036,0.044,910217
ONX,20210406,0.047,0.05,0.037,0.038,1510226
ONX,20210407,0.039,0.039,0.037,0.038,583123
ONX,20210408,0.04,0.042,0.04,0.042,67904
ONX,20210409,0.04,0.042,0.039,0.039,640000
ONX,20210412,0.042,0.043,0.039,0.039,900660
ONX,20210413,0.04,0.04,0.04,0.04,41167
ONX,20210414,0.045,0.091,0.045,0.046,16503334
ONX,20210415,0.052,0.053,0.041,0.047,2399563
ONX,20210416,0.048,0.053,0.047,0.053,1392583
ONX,20210419,0.053,0.058,0.053,0.055,769825
ONX,20210420,0.056,0.058,0.055,0.058,331732
ONX,20210421,0.056,0.057,0.055,0.056,255958
ONX,20210422,0.057,0.058,0.056,0.057,273333
ONX,20210423,0.058,0.059,0.056,0.056,1610395
ONX,20210426,0.058,0.058,0.053,0.053,378739
ONX,20210427,0.053,0.053,0.049,0.05,342185
ONX,20210428,0.051,0.051,0.047,0.049,1000719
ONX,20210429,0.05,0.05,0.047,0.047,510400
ONX,20210430,0.06,0.062,0.05,0.051,2139680
ONX,20210503,0.059,0.059,0.054,0.055,2156831
ONX,20210504,0.055,0.057,0.053,0.053,671905
ONX,20210505,0.054,0.055,0.052,0.055,295570
ONX,20210506,0.052,0.055,0.052,0.052,287657
ONX,20210507,0.051,0.055,0.051,0.054,319477
ONX,20210510,0.057,0.057,0.054,0.055,563057
ONX,20210511,0.056,0.057,0.056,0.056,441216
ONX,20210512,0.056,0.056,0.054,0.054,946577
ONX,20210513,0.055,0.055,0.055,0.055,146000
ONX,20210514,0.054,0.054,0.053,0.053,165418
ONX,20210517,0.053,0.054,0.053,0.054,86350
ONX,20210518,0.055,0.055,0.052,0.052,264664
ONX,20210519,0.051,0.051,0.05,0.051,68539
ONX,20210520,0.051,0.051,0.051,0.051,104503
ONX,20210521,0.05,0.05,0.05,0.05,56000
ONX,20210524,0.051,0.053,0.051,0.053,175244
ONX,20210525,0.052,0.053,0.052,0.053,133380
ONX,20210526,0.053,0.053,0.05,0.05,180910
ONX,20210527,0.05,0.05,0.048,0.048,341412
ONX,20210528,0.049,0.053,0.049,0.053,294110
ONX,20210531,0.053,0.053,0.051,0.051,170729
ONX,20210601,0.052,0.052,0.05,0.05,400075
ONX,20210602,0.052,0.052,0.052,0.052,57104
ONX,20210603,0.05,0.051,0.05,0.051,132700
ONX,20210604,0.051,0.051,0.05,0.05,50999
ONX,20210607,0.051,0.053,0.05,0.05,374459
ONX,20210609,0.051,0.051,0.049,0.049,221913
ONX,20210610,0.049,0.05,0.048,0.049,495764
ONX,20210611,0.048,0.048,0.047,0.047,507026
ONX,20210615,0.047,0.049,0.044,0.044,344839
ONX,20210616,0.041,0.048,0.041,0.048,205090
ONX,20210617,0.047,0.047,0.045,0.045,436165
ONX,20210618,0.045,0.046,0.044,0.046,495358
ONX,20210621,0.046,0.047,0.045,0.047,214882
ONX,20210622,0.047,0.047,0.047,0.047,300939
ONX,20210623,0.047,0.047,0.046,0.046,87426
ONX,20210625,0.049,0.049,0.047,0.047,140309
ONX,20210628,0.047,0.047,0.047,0.047,92000
ONX,20210629,0.047,0.047,0.045,0.045,238697
ONX,20210630,0.046,0.047,0.046,0.047,141071
ONX,20210701,0.048,0.048,0.048,0.048,541911
ONX,20210705,0.047,0.047,0.045,0.046,764348
ONX,20210706,0.046,0.046,0.046,0.046,0
ONX,20210707,0.043,0.043,0.042,0.043,257066
ONX,20210708,0.043,0.043,0.043,0.043,54000
ONX,20210709,0.043,0.043,0.043,0.043,0
ONX,20210712,0.043,0.045,0.04,0.045,1052500
ONX,20210714,0.045,0.045,0.045,0.045,49873
ONX,20210715,0.042,0.044,0.041,0.044,76457
ONX,20210716,0.043,0.043,0.042,0.042,66460
ONX,20210719,0.045,0.045,0.045,0.045,2222
ONX,20210720,0.042,0.042,0.04,0.04,229131
ONX,20210723,0.03,0.032,0.03,0.031,816746
ONX,20210726,0.032,0.032,0.031,0.031,801617
ONX,20210727,0.031,0.033,0.031,0.033,1435867
ONX,20210728,0.033,0.034,0.032,0.033,1116300
ONX,20210729,0.033,0.033,0.032,0.033,507450
ONX,20210730,0.035,0.035,0.031,0.033,1521071
ONX,20210802,0.033,0.033,0.033,0.033,244516
ONX,20210803,0.033,0.035,0.033,0.035,329732
ONX,20210804,0.034,0.035,0.034,0.035,777465
ONX,20210805,0.035,0.036,0.035,0.036,152972
ONX,20210806,0.04,0.044,0.04,0.043,1706760
ONX,20210809,0.044,0.045,0.037,0.037,2436340
ONX,20210810,0.039,0.039,0.036,0.039,266258
ONX,20210811,0.04,0.047,0.04,0.047,1528622
ONX,20210812,0.045,0.05,0.043,0.05,3366585
ONX,20210813,0.052,0.059,0.05,0.055,4011822
ONX,20210819,0.039,0.04,0.036,0.036,813429
ONX,20210820,0.036,0.05,0.036,0.04,1540745
ONX,20210823,0.041,0.041,0.038,0.039,379805
ONX,20210824,0.04,0.043,0.04,0.043,330597
ONX,20210825,0.044,0.044,0.041,0.041,113655
ONX,20210826,0.041,0.041,0.04,0.04,195527
ONX,20210827,0.04,0.043,0.04,0.042,217229
ONX,20210830,0.042,0.042,0.042,0.042,0
ONX,20210831,0.042,0.042,0.042,0.042,0
ONX,20210901,0.042,0.042,0.042,0.042,0
ONX,20210902,0.045,0.051,0.04,0.045,2823503
ONX,20210903,0.046,0.046,0.045,0.045,716073
ONX,20210906,0.046,0.046,0.039,0.04,1293663
ONX,20210907,0.04,0.04,0.04,0.04,535466
ONX,20210908,0.042,0.043,0.04,0.04,706965
ONX,20210909,0.041,0.041,0.038,0.038,127022
ONX,20210910,0.039,0.04,0.039,0.04,69316
ONX,20210913,0.04,0.04,0.038,0.04,423549
ONX,20210914,0.043,0.045,0.041,0.041,1196554
ONX,20210915,0.044,0.044,0.044,0.044,92149
ONX,20210916,0.044,0.044,0.043,0.043,199593
ONX,20210917,0.044,0.045,0.042,0.044,235664
ONX,20210920,0.044,0.044,0.043,0.043,246573
ONX,20210922,0.042,0.042,0.04,0.04,892129
ONX,20210923,0.04,0.04,0.04,0.04,66561
ONX,20210924,0.04,0.041,0.039,0.041,665569
ONX,20210927,0.041,0.041,0.04,0.04,80859
ONX,20210928,0.04,0.04,0.035,0.036,895515
ONX,20210929,0.036,0.039,0.036,0.037,329993
ONX,20210930,0.036,0.036,0.033,0.034,975674
ONX,20211001,0.041,0.041,0.035,0.035,42954
ONX,20211004,0.036,0.036,0.035,0.035,97317
ONX,20211005,0.035,0.035,0.035,0.035,20000
ONX,20211006,0.035,0.035,0.035,0.035,100000
ONX,20211007,0.035,0.035,0.034,0.034,105715
ONX,20211008,0.035,0.035,0.035,0.035,510658
ONX,20211011,0.035,0.035,0.034,0.034,675359
ONX,20211012,0.035,0.035,0.034,0.034,675359
ONX,20211013,0.035,0.035,0.035,0.035,42857
ONX,20211014,0.034,0.034,0.033,0.033,356743
ONX,20211019,0.035,0.035,0.035,0.035,130778
ONX,20211020,0.034,0.034,0.034,0.034,185859
ONX,20211021,0.035,0.035,0.034,0.034,28500
ONX,20211022,0.035,0.035,0.034,0.035,500000
ONX,20211025,0.035,0.036,0.035,0.036,560815
ONX,20211026,0.036,0.036,0.036,0.036,0
ONX,20211028,0.037,0.037,0.035,0.035,406372
ONX,20211029,0.035,0.035,0.035,0.035,47142
ONX,20211101,0.036,0.036,0.035,0.035,71110
ONX,20211102,0.036,0.039,0.036,0.039,416514
ONX,20211103,0.039,0.039,0.039,0.039,0
