OVN,20160719,0.6,0.7,0.58,0.7,706417
OVN,20160720,0.75,1,0.75,0.95,832265
OVN,20160721,1,1,0.89,0.89,534407
OVN,20160722,0.89,0.92,0.88,0.89,227569
OVN,20160725,0.915,0.915,0.79,0.815,280335
OVN,20160726,0.87,0.92,0.86,0.88,118210
OVN,20160727,0.86,0.86,0.805,0.81,110176
OVN,20160728,0.84,0.85,0.81,0.85,61869
OVN,20160729,0.83,0.84,0.81,0.81,25381
OVN,20160801,0.81,0.83,0.78,0.83,159173
OVN,20160802,0.83,0.83,0.8,0.8,56829
OVN,20160803,0.8,0.8,0.76,0.765,50250
OVN,20160804,0.77,0.79,0.77,0.775,42823
OVN,20160805,0.79,0.79,0.78,0.78,7300
OVN,20160808,0.78,0.78,0.75,0.75,309879
OVN,20160809,0.75,0.75,0.685,0.7,116642
OVN,20160810,0.695,0.7,0.67,0.67,111640
OVN,20160811,0.66,0.67,0.65,0.65,92109
OVN,20160812,0.65,0.675,0.65,0.675,15822
OVN,20160815,0.68,0.68,0.66,0.66,58647
OVN,20160816,0.68,0.77,0.68,0.75,138366
OVN,20160817,0.78,0.82,0.78,0.8,139388
OVN,20160818,0.815,0.85,0.8,0.84,55422
OVN,20160822,0.84,0.84,0.8,0.84,45891
OVN,20160823,0.8,0.82,0.8,0.8,27190
OVN,20160824,0.8,0.8,0.72,0.75,63180
OVN,20160825,0.79,0.8,0.79,0.8,10660
OVN,20160826,0.755,0.785,0.75,0.75,38500
OVN,20160829,0.77,0.77,0.73,0.73,22056
OVN,20160830,0.73,0.73,0.69,0.7,134031
OVN,20160831,0.69,0.69,0.67,0.68,141000
OVN,20160901,0.68,0.69,0.68,0.69,25793
OVN,20160902,0.735,0.74,0.73,0.73,41672
OVN,20160905,0.74,0.74,0.71,0.71,18442
OVN,20160906,0.7,0.73,0.7,0.71,16516
OVN,20160907,0.71,0.74,0.7,0.7,52986
OVN,20160908,0.7,0.7,0.7,0.7,5319
OVN,20160909,0.7,0.7,0.68,0.68,29904
OVN,20160912,0.68,0.76,0.68,0.735,49173
OVN,20160913,0.75,0.75,0.72,0.72,85246
OVN,20160914,0.72,0.72,0.7,0.7,21188
OVN,20160915,0.7,0.72,0.7,0.72,4533
OVN,20160916,0.75,0.76,0.75,0.76,14000
OVN,20160919,0.76,0.76,0.76,0.76,0
OVN,20160920,0.76,0.76,0.72,0.74,4463
OVN,20160921,0.725,0.725,0.705,0.705,18694
OVN,20160922,0.705,0.715,0.705,0.715,18333
OVN,20160923,0.715,0.715,0.715,0.715,4519
OVN,20160926,0.755,0.76,0.75,0.75,102014
OVN,20160927,0.75,0.76,0.75,0.76,33559
OVN,20160928,0.75,0.76,0.75,0.76,21230
OVN,20160929,0.74,0.74,0.72,0.74,57219
OVN,20160930,0.73,0.73,0.7,0.71,194234
OVN,20161003,0.71,0.71,0.71,0.71,0
OVN,20161004,0.74,0.74,0.74,0.74,2500
OVN,20161005,0.74,0.74,0.74,0.74,0
OVN,20161006,0.74,0.74,0.74,0.74,0
OVN,20161007,0.715,0.715,0.715,0.715,14285
OVN,20161010,0.74,0.74,0.73,0.735,17608
OVN,20161011,0.735,0.785,0.735,0.76,73448
OVN,20161012,0.77,0.81,0.76,0.785,72516
OVN,20161013,0.785,0.785,0.76,0.785,93488
OVN,20161014,0.8,0.8,0.745,0.745,46000
OVN,20161017,0.75,0.76,0.75,0.76,20024
OVN,20161018,0.76,0.78,0.75,0.75,36092
OVN,20161019,0.75,0.765,0.745,0.745,27919
OVN,20161020,0.75,0.75,0.75,0.75,20000
OVN,20161021,0.745,0.78,0.745,0.745,16767
OVN,20161024,0.745,0.745,0.745,0.745,20312
OVN,20161025,0.735,0.735,0.73,0.73,6488
OVN,20161026,0.73,0.73,0.73,0.73,31000
OVN,20161027,0.73,0.73,0.72,0.72,30465
OVN,20161028,0.76,0.78,0.76,0.77,73679
OVN,20161031,0.79,0.79,0.78,0.78,4667
OVN,20161101,0.78,0.78,0.78,0.78,9633
OVN,20161102,0.78,0.78,0.78,0.78,0
OVN,20161103,0.75,0.75,0.74,0.74,15300
OVN,20161104,0.74,0.74,0.74,0.74,23749
OVN,20161107,0.74,0.74,0.74,0.74,0
OVN,20161108,0.74,0.74,0.74,0.74,15729
OVN,20161109,0.73,0.73,0.72,0.72,64000
OVN,20161110,0.72,0.72,0.72,0.72,26200
OVN,20161111,0.72,0.72,0.72,0.72,1139
OVN,20161114,0.72,0.72,0.68,0.68,42152
OVN,20161115,0.69,0.69,0.69,0.69,9973
OVN,20161116,0.69,0.69,0.69,0.69,11186
OVN,20161117,0.69,0.7,0.69,0.69,8251
OVN,20161118,0.68,0.68,0.68,0.68,6500
OVN,20161121,0.69,0.69,0.68,0.69,12900
OVN,20161122,0.67,0.67,0.67,0.67,184
OVN,20161123,0.67,0.67,0.67,0.67,816
OVN,20161124,0.61,0.7,0.6,0.7,65284
OVN,20161125,0.7,0.7,0.7,0.7,1754
OVN,20161128,0.72,0.72,0.72,0.72,42334
OVN,20161129,0.72,0.72,0.72,0.72,0
OVN,20161130,0.72,0.72,0.72,0.72,0
OVN,20161201,0.67,0.67,0.65,0.67,15708
OVN,20161202,0.67,0.67,0.67,0.67,0
OVN,20161205,0.66,0.66,0.66,0.66,1000
OVN,20161206,0.66,0.66,0.66,0.66,0
OVN,20161207,0.66,0.66,0.66,0.66,2500
OVN,20161208,0.67,0.67,0.66,0.66,10000
OVN,20161209,0.66,0.66,0.66,0.66,9500
OVN,20161212,0.655,0.655,0.61,0.615,10966
OVN,20161213,0.62,0.62,0.62,0.62,12686
OVN,20161214,0.62,0.63,0.62,0.63,39187
OVN,20161215,0.62,0.62,0.61,0.62,28866
OVN,20161216,0.63,0.63,0.62,0.62,41916
OVN,20161219,0.63,0.63,0.63,0.63,3600
OVN,20161220,0.63,0.63,0.63,0.63,24267
OVN,20161221,0.63,0.63,0.62,0.62,13707
OVN,20161222,0.62,0.63,0.62,0.63,967
OVN,20161223,0.65,0.65,0.65,0.65,8077
OVN,20161228,0.62,0.62,0.62,0.62,1823
OVN,20161229,0.62,0.62,0.62,0.62,0
OVN,20161230,0.62,0.66,0.62,0.66,974
OVN,20170103,0.66,0.66,0.66,0.66,0
OVN,20170104,0.66,0.66,0.66,0.66,0
OVN,20170105,0.665,0.665,0.66,0.66,3092
OVN,20170106,0.66,0.66,0.62,0.62,3517
OVN,20170109,0.62,0.62,0.62,0.62,0
OVN,20170110,0.62,0.62,0.62,0.62,0
OVN,20170111,0.63,0.63,0.63,0.63,800
OVN,20170112,0.63,0.63,0.63,0.63,200
OVN,20170113,0.63,0.65,0.62,0.65,16500
OVN,20170116,0.65,0.65,0.65,0.65,0
OVN,20170117,0.66,0.69,0.65,0.69,5409
OVN,20170118,0.69,0.77,0.69,0.74,87500
OVN,20170119,0.75,0.76,0.75,0.75,9166
OVN,20170120,0.72,0.75,0.71,0.71,14140
OVN,20170123,0.71,0.71,0.71,0.71,4800
OVN,20170124,0.76,0.76,0.75,0.75,31000
OVN,20170125,0.73,0.73,0.73,0.73,14000
OVN,20170127,0.72,0.72,0.7,0.7,13517
OVN,20170130,0.7,0.7,0.7,0.7,15305
OVN,20170131,0.7,0.7,0.7,0.7,55888
OVN,20170201,0.72,0.8,0.72,0.8,44764
OVN,20170202,0.8,0.8,0.79,0.79,28606
OVN,20170203,0.8,0.8,0.75,0.78,16500
OVN,20170206,0.78,0.78,0.78,0.78,0
OVN,20170207,0.78,0.79,0.78,0.79,4000
OVN,20170208,0.79,0.79,0.79,0.79,3000
OVN,20170209,0.79,0.79,0.79,0.79,0
OVN,20170210,0.74,0.755,0.74,0.75,25300
OVN,20170213,0.75,0.75,0.75,0.75,0
OVN,20170214,0.73,0.74,0.73,0.74,16364
OVN,20170215,0.74,0.74,0.74,0.74,0
OVN,20170216,0.72,0.72,0.705,0.705,29226
OVN,20170217,0.705,0.705,0.69,0.69,38200
OVN,20170220,0.68,0.68,0.65,0.68,12000
OVN,20170221,0.655,0.655,0.65,0.65,20342
OVN,20170222,0.63,0.63,0.63,0.63,1000
OVN,20170223,0.63,0.63,0.61,0.61,3500
OVN,20170224,0.64,0.65,0.64,0.65,7600
OVN,20170227,0.64,0.64,0.6,0.61,40658
OVN,20170228,0.66,0.675,0.66,0.675,55578
OVN,20170301,0.675,0.675,0.675,0.675,0
OVN,20170302,0.68,0.7,0.68,0.7,19000
OVN,20170303,0.7,0.7,0.7,0.7,2828
OVN,20170306,0.68,0.68,0.68,0.68,30750
OVN,20170307,0.64,0.64,0.62,0.62,20402
OVN,20170308,0.62,0.62,0.62,0.62,5000
OVN,20170309,0.65,0.65,0.625,0.625,8250
OVN,20170310,0.625,0.65,0.615,0.65,32417
OVN,20170313,0.65,0.65,0.65,0.65,0
OVN,20170314,0.65,0.65,0.65,0.65,10031
OVN,20170315,0.65,0.65,0.65,0.65,1500
OVN,20170316,0.65,0.65,0.65,0.65,0
OVN,20170317,0.65,0.67,0.65,0.67,18500
OVN,20170320,0.68,0.68,0.67,0.67,12474
OVN,20170321,0.7,0.7,0.685,0.685,13557
OVN,20170322,0.675,0.675,0.67,0.67,4900
OVN,20170323,0.7,0.7,0.7,0.7,32264
OVN,20170324,0.67,0.685,0.665,0.685,78713
OVN,20170327,0.66,0.66,0.65,0.65,10750
OVN,20170328,0.65,0.65,0.65,0.65,5334
OVN,20170329,0.62,0.62,0.62,0.62,2000
OVN,20170330,0.62,0.62,0.62,0.62,1616
OVN,20170331,0.62,0.62,0.62,0.62,793
OVN,20170403,0.62,0.62,0.6,0.6,27957
OVN,20170404,0.585,0.585,0.55,0.55,224800
OVN,20170405,0.5,0.55,0.48,0.52,78367
OVN,20170406,0.52,0.55,0.52,0.55,17800
OVN,20170407,0.55,0.55,0.55,0.55,4910
OVN,20170410,0.55,0.55,0.55,0.55,0
OVN,20170411,0.52,0.52,0.515,0.515,38378
OVN,20170412,0.515,0.515,0.51,0.51,11617
OVN,20170413,0.51,0.51,0.5,0.5,22193
OVN,20170418,0.5,0.51,0.5,0.51,24000
OVN,20170419,0.5,0.5,0.5,0.5,20000
OVN,20170420,0.5,0.5,0.5,0.5,0
OVN,20170421,0.5,0.5,0.5,0.5,21500
OVN,20170424,0.52,0.52,0.52,0.52,1882
OVN,20170426,0.5,0.5,0.48,0.48,70020
OVN,20170427,0.48,0.48,0.46,0.46,226688
OVN,20170428,0.46,0.48,0.46,0.46,77611
OVN,20170501,0.46,0.46,0.44,0.44,97333
OVN,20170502,0.41,0.44,0.4,0.44,169742
OVN,20170503,0.44,0.44,0.44,0.44,1500
OVN,20170504,0.4,0.42,0.4,0.4,73258
OVN,20170505,0.45,0.45,0.44,0.44,25824
OVN,20170508,0.44,0.44,0.44,0.44,1500
OVN,20170509,0.43,0.43,0.43,0.43,19072
OVN,20170510,0.43,0.43,0.41,0.41,1635
OVN,20170511,0.41,0.43,0.41,0.425,35758
OVN,20170512,0.43,0.43,0.425,0.425,6532
OVN,20170515,0.45,0.45,0.425,0.425,35595
OVN,20170516,0.43,0.43,0.41,0.41,23000
OVN,20170517,0.41,0.41,0.41,0.41,24775
OVN,20170518,0.41,0.41,0.41,0.41,2500
OVN,20170519,0.41,0.42,0.41,0.42,44311
OVN,20170522,0.42,0.42,0.42,0.42,0
OVN,20170523,0.42,0.42,0.42,0.42,0
OVN,20170524,0.4,0.405,0.4,0.405,52248
OVN,20170525,0.415,0.42,0.415,0.42,15000
OVN,20170526,0.44,0.44,0.44,0.44,1400
OVN,20170529,0.45,0.45,0.4,0.4,52485
OVN,20170530,0.4,0.4,0.4,0.4,10000
OVN,20170531,0.4,0.4,0.4,0.4,12500
OVN,20170601,0.4,0.4,0.4,0.4,1250
OVN,20170602,0.4,0.4,0.395,0.395,16250
OVN,20170605,0.37,0.37,0.37,0.37,7000
OVN,20170606,0.35,0.35,0.32,0.35,83949
OVN,20170607,0.35,0.35,0.35,0.35,0
OVN,20170608,0.34,0.365,0.34,0.365,18507
OVN,20170609,0.41,0.41,0.4,0.4,75300
OVN,20170613,0.42,0.42,0.4,0.4,30993
OVN,20170614,0.39,0.39,0.39,0.39,23000
OVN,20170615,0.39,0.39,0.39,0.39,0
OVN,20170616,0.39,0.39,0.38,0.38,11000
OVN,20170619,0.38,0.38,0.38,0.38,0
OVN,20170620,0.38,0.38,0.38,0.38,0
OVN,20170621,0.38,0.38,0.38,0.38,0
OVN,20170622,0.38,0.45,0.38,0.4,73829
OVN,20170623,0.4,0.4,0.38,0.38,111508
OVN,20170626,0.38,0.38,0.38,0.38,0
OVN,20170627,0.365,0.365,0.325,0.34,221273
OVN,20170628,0.345,0.35,0.32,0.32,217250
OVN,20170629,0.325,0.36,0.32,0.36,87125
OVN,20170630,0.335,0.345,0.33,0.33,362217
OVN,20170703,0.355,0.36,0.34,0.345,128563
OVN,20170704,0.34,0.345,0.335,0.335,185001
OVN,20170705,0.335,0.337,0.335,0.337,172950
OVN,20170706,0.34,0.345,0.335,0.345,52414
OVN,20170707,0.345,0.345,0.345,0.345,32188
OVN,20170710,0.345,0.345,0.32,0.32,246054
OVN,20170711,0.325,0.325,0.325,0.325,44000
OVN,20170712,0.35,0.355,0.35,0.355,46895
OVN,20170713,0.352,0.352,0.34,0.35,28400
OVN,20170714,0.34,0.34,0.335,0.335,7700
OVN,20170717,0.352,0.352,0.35,0.35,237993
OVN,20170718,0.35,0.35,0.35,0.35,0
OVN,20170719,0.35,0.35,0.35,0.35,0
OVN,20170720,0.37,0.37,0.37,0.37,115000
OVN,20170721,0.37,0.37,0.37,0.37,2500
OVN,20170724,0.37,0.37,0.37,0.37,19000
OVN,20170725,0.37,0.37,0.37,0.37,55000
OVN,20170726,0.37,0.37,0.37,0.37,20000
OVN,20170727,0.37,0.37,0.365,0.365,93419
OVN,20170728,0.365,0.365,0.345,0.345,70000
OVN,20170731,0.35,0.35,0.35,0.35,42000
OVN,20170801,0.35,0.35,0.325,0.325,184940
OVN,20170802,0.325,0.325,0.325,0.325,0
OVN,20170803,0.325,0.325,0.325,0.325,0
OVN,20170804,0.325,0.325,0.325,0.325,0
OVN,20170807,0.325,0.325,0.325,0.325,32261
OVN,20170808,0.325,0.325,0.325,0.325,0
OVN,20170809,0.33,0.33,0.33,0.33,3760
OVN,20170810,0.335,0.34,0.325,0.325,45300
OVN,20170811,0.325,0.325,0.325,0.325,10190
OVN,20170815,0.31,0.31,0.31,0.31,0
OVN,20170816,0.31,0.31,0.31,0.31,0
OVN,20170817,0.31,0.31,0.31,0.31,0
OVN,20170818,0.31,0.31,0.31,0.31,0
OVN,20170821,0.325,0.325,0.325,0.325,310
OVN,20170822,0.325,0.325,0.32,0.32,47000
OVN,20170823,0.32,0.32,0.32,0.32,0
OVN,20170824,0.32,0.32,0.32,0.32,5000
OVN,20170825,0.34,0.34,0.335,0.335,21507
OVN,20170828,0.35,0.35,0.35,0.35,25714
OVN,20170829,0.37,0.37,0.37,0.37,45000
OVN,20170830,0.37,0.37,0.37,0.37,0
OVN,20170831,0.37,0.37,0.37,0.37,9493
OVN,20170901,0.36,0.36,0.36,0.36,30800
OVN,20170904,0.36,0.36,0.36,0.36,0
OVN,20170905,0.355,0.355,0.35,0.35,83949
OVN,20170906,0.355,0.355,0.355,0.355,1000
OVN,20170907,0.355,0.355,0.345,0.345,28353
OVN,20170908,0.345,0.345,0.335,0.335,50729
OVN,20170911,0.335,0.335,0.33,0.33,36843
OVN,20170912,0.335,0.34,0.335,0.34,50385
OVN,20170913,0.35,0.35,0.35,0.35,46075
OVN,20170914,0.36,0.36,0.35,0.36,27111
OVN,20170915,0.36,0.36,0.36,0.36,0
OVN,20170918,0.36,0.36,0.36,0.36,3999
OVN,20170919,0.36,0.37,0.36,0.37,30000
OVN,20170920,0.37,0.37,0.36,0.36,33115
OVN,20170921,0.36,0.37,0.36,0.37,11892
OVN,20170922,0.37,0.37,0.37,0.37,0
OVN,20170925,0.37,0.37,0.37,0.37,6040
OVN,20170926,0.36,0.36,0.36,0.36,1090
OVN,20170927,0.37,0.37,0.37,0.37,17699
OVN,20170928,0.37,0.38,0.37,0.38,71019
OVN,20170929,0.38,0.38,0.38,0.38,0
OVN,20171002,0.38,0.38,0.37,0.37,59858
OVN,20171003,0.37,0.37,0.37,0.37,100000
OVN,20171004,0.37,0.37,0.37,0.37,0
OVN,20171005,0.37,0.37,0.37,0.37,0
OVN,20171006,0.37,0.37,0.365,0.37,92192
OVN,20171009,0.36,0.37,0.36,0.37,9799
OVN,20171010,0.38,0.385,0.38,0.385,95906
OVN,20171011,0.38,0.385,0.38,0.38,32493
OVN,20171012,0.38,0.38,0.38,0.38,46507
OVN,20171013,0.385,0.385,0.385,0.385,1690
OVN,20171016,0.385,0.385,0.385,0.385,40422
OVN,20171017,0.385,0.385,0.385,0.385,8000
OVN,20171018,0.38,0.385,0.38,0.385,8400
OVN,20171019,0.385,0.385,0.385,0.385,0
OVN,20171020,0.385,0.385,0.38,0.38,60712
OVN,20171023,0.38,0.4,0.38,0.4,19962
OVN,20171024,0.4,0.4,0.4,0.4,10000
OVN,20171025,0.41,0.41,0.41,0.41,6820
OVN,20171026,0.415,0.445,0.415,0.44,82572
OVN,20171027,0.44,0.44,0.43,0.43,42390
OVN,20171030,0.44,0.46,0.44,0.44,28276
OVN,20171031,0.45,0.47,0.445,0.47,67960
OVN,20171101,0.5,0.5,0.5,0.5,2300
OVN,20171102,0.55,0.64,0.55,0.575,154602
OVN,20171103,0.58,0.58,0.5,0.5,113298
OVN,20171106,0.51,0.575,0.51,0.575,13815
OVN,20171107,0.575,0.575,0.575,0.575,0
OVN,20171108,0.53,0.53,0.5,0.52,123647
OVN,20171109,0.52,0.52,0.52,0.52,27043
OVN,20171110,0.52,0.52,0.52,0.52,27043
OVN,20171113,0.52,0.52,0.5,0.5,45769
OVN,20171114,0.5,0.5,0.49,0.495,46764
OVN,20171115,0.49,0.49,0.47,0.47,37021
OVN,20171116,0.47,0.47,0.47,0.47,0
OVN,20171117,0.47,0.615,0.47,0.54,196169
OVN,20171120,0.595,0.615,0.58,0.61,578633
OVN,20171121,0.61,0.61,0.6,0.605,264081
OVN,20171122,0.61,0.61,0.6,0.6,192465
OVN,20171123,0.605,0.635,0.6,0.635,216891
OVN,20171124,0.64,0.7,0.64,0.7,300223
OVN,20171127,0.745,0.78,0.705,0.73,569679
OVN,20171128,0.735,0.735,0.69,0.69,112871
OVN,20171129,0.7,0.7,0.69,0.69,16874
OVN,20171130,0.675,0.69,0.675,0.69,59770
OVN,20171201,0.7,0.74,0.7,0.7,129798
OVN,20171204,0.69,0.705,0.68,0.705,216146
OVN,20171205,0.69,0.705,0.685,0.69,262337
OVN,20171206,0.69,0.7,0.685,0.7,197500
OVN,20171207,0.7,0.71,0.69,0.69,102572
OVN,20171208,0.7,0.71,0.7,0.7,50178
OVN,20171211,0.7,0.7,0.7,0.7,0
OVN,20171212,0.7,0.7,0.7,0.7,0
OVN,20171213,0.69,0.69,0.62,0.67,470349
OVN,20171214,0.67,0.685,0.66,0.67,181008
OVN,20171215,0.675,0.705,0.675,0.705,114643
OVN,20171218,0.71,0.72,0.69,0.69,38839
OVN,20171219,0.68,0.68,0.64,0.64,47952
OVN,20171220,0.64,0.65,0.62,0.62,217474
OVN,20171221,0.6,0.6,0.545,0.58,1144017
OVN,20171222,0.59,0.59,0.585,0.59,95837
OVN,20171227,0.59,0.6,0.57,0.6,96816
OVN,20171228,0.58,0.59,0.55,0.55,149258
OVN,20171229,0.56,0.565,0.55,0.555,258737
OVN,20180102,0.55,0.56,0.55,0.555,44594
OVN,20180103,0.565,0.575,0.565,0.57,122745
OVN,20180104,0.57,0.59,0.57,0.59,54388
OVN,20180105,0.6,0.63,0.6,0.625,431602
OVN,20180108,0.6,0.62,0.595,0.62,453993
OVN,20180109,0.6,0.6,0.58,0.58,208707
OVN,20180110,0.585,0.59,0.575,0.58,37662
OVN,20180111,0.575,0.58,0.57,0.57,105233
OVN,20180112,0.57,0.57,0.57,0.57,13048
OVN,20180115,0.57,0.57,0.57,0.57,4562
OVN,20180116,0.565,0.565,0.56,0.56,76294
OVN,20180117,0.56,0.565,0.555,0.56,201832
OVN,20180118,0.555,0.56,0.55,0.56,153572
OVN,20180119,0.55,0.555,0.525,0.525,130715
OVN,20180122,0.53,0.53,0.505,0.505,67900
OVN,20180123,0.505,0.515,0.505,0.515,21100
OVN,20180124,0.52,0.52,0.48,0.5,167038
OVN,20180125,0.5,0.515,0.5,0.51,185699
OVN,20180129,0.51,0.52,0.51,0.51,68419
OVN,20180130,0.51,0.51,0.485,0.485,89983
OVN,20180131,0.495,0.51,0.495,0.51,90268
OVN,20180201,0.53,0.562,0.53,0.55,212287
OVN,20180202,0.54,0.54,0.52,0.52,111194
OVN,20180205,0.505,0.505,0.5,0.5,50751
OVN,20180207,0.48,0.49,0.48,0.49,14286
OVN,20180208,0.47,0.485,0.47,0.48,71315
OVN,20180209,0.48,0.5,0.465,0.5,39870
OVN,20180212,0.5,0.5,0.5,0.5,0
OVN,20180213,0.5,0.5,0.5,0.5,0
OVN,20180214,0.485,0.49,0.485,0.485,40442
OVN,20180215,0.465,0.465,0.46,0.46,60150
OVN,20180216,0.465,0.487,0.46,0.487,156782
OVN,20180219,0.48,0.48,0.48,0.48,65673
OVN,20180220,0.475,0.48,0.47,0.47,21130
OVN,20180221,0.465,0.465,0.46,0.46,52879
OVN,20180222,0.465,0.465,0.46,0.46,79100
OVN,20180223,0.46,0.46,0.45,0.45,190553
OVN,20180226,0.45,0.45,0.44,0.45,46686
OVN,20180227,0.46,0.46,0.44,0.45,148900
OVN,20180228,0.44,0.44,0.44,0.44,40000
OVN,20180301,0.44,0.44,0.425,0.425,65884
OVN,20180302,0.445,0.445,0.42,0.425,63267
OVN,20180305,0.415,0.415,0.4,0.4,85300
OVN,20180306,0.41,0.41,0.4,0.4,82200
OVN,20180307,0.4,0.4,0.4,0.4,0
OVN,20180308,0.4,0.4,0.39,0.39,30729
OVN,20180309,0.395,0.395,0.39,0.39,48100
OVN,20180312,0.4,0.4,0.385,0.39,24620
OVN,20180313,0.38,0.385,0.38,0.38,80210
OVN,20180314,0.39,0.39,0.375,0.38,96753
OVN,20180315,0.38,0.39,0.38,0.39,31850
OVN,20180316,0.38,0.38,0.375,0.375,14750
OVN,20180319,0.38,0.38,0.375,0.375,30000
OVN,20180320,0.38,0.38,0.36,0.36,110000
OVN,20180321,0.36,0.36,0.345,0.35,160033
OVN,20180322,0.35,0.35,0.35,0.35,0
OVN,20180323,0.35,0.35,0.35,0.35,0
OVN,20180326,0.35,0.35,0.35,0.35,51000
OVN,20180327,0.355,0.36,0.35,0.36,192099
OVN,20180328,0.355,0.355,0.34,0.34,100549
OVN,20180329,0.35,0.36,0.34,0.36,191687
OVN,20180403,0.36,0.36,0.36,0.36,5000
OVN,20180404,0.36,0.36,0.36,0.36,0
OVN,20180405,0.37,0.4,0.37,0.4,39222
OVN,20180406,0.4,0.4,0.4,0.4,7500
OVN,20180409,0.41,0.41,0.405,0.405,20800
OVN,20180410,0.41,0.41,0.35,0.355,55256
OVN,20180411,0.39,0.39,0.39,0.39,25641
OVN,20180412,0.39,0.39,0.39,0.39,0
OVN,20180413,0.39,0.39,0.39,0.39,0
OVN,20180416,0.39,0.39,0.39,0.39,6484
OVN,20180417,0.385,0.4,0.385,0.4,55000
OVN,20180418,0.4,0.4,0.4,0.4,0
OVN,20180419,0.4,0.4,0.4,0.4,0
OVN,20180420,0.4,0.4,0.4,0.4,0
OVN,20180423,0.4,0.4,0.4,0.4,13300
OVN,20180424,0.39,0.39,0.385,0.385,134300
OVN,20180426,0.355,0.355,0.35,0.355,24550
OVN,20180427,0.36,0.36,0.36,0.36,7306
OVN,20180430,0.37,0.37,0.365,0.365,23787
OVN,20180501,0.365,0.37,0.365,0.37,12494
OVN,20180502,0.37,0.37,0.37,0.37,44352
OVN,20180503,0.365,0.365,0.365,0.365,58700
OVN,20180504,0.375,0.375,0.375,0.375,921
OVN,20180507,0.37,0.37,0.36,0.36,6203
OVN,20180508,0.35,0.37,0.35,0.37,33528
OVN,20180509,0.36,0.36,0.36,0.36,12060
OVN,20180510,0.355,0.355,0.345,0.345,67598
OVN,20180511,0.345,0.345,0.34,0.34,8891
OVN,20180514,0.34,0.34,0.325,0.325,45880
OVN,20180515,0.33,0.33,0.33,0.33,10000
OVN,20180516,0.33,0.33,0.33,0.33,25854
OVN,20180517,0.33,0.33,0.33,0.33,0
OVN,20180518,0.35,0.375,0.35,0.375,27142
OVN,20180521,0.355,0.36,0.35,0.36,23262
OVN,20180522,0.365,0.37,0.34,0.34,216484
OVN,20180523,0.34,0.34,0.34,0.34,0
OVN,20180524,0.34,0.34,0.34,0.34,0
OVN,20180525,0.34,0.34,0.3,0.32,233488
OVN,20180528,0.34,0.34,0.33,0.33,29954
OVN,20180529,0.33,0.34,0.33,0.34,86650
OVN,20180530,0.34,0.36,0.34,0.36,502791
OVN,20180531,0.36,0.4,0.36,0.38,186954
OVN,20180601,0.375,0.375,0.355,0.36,70969
OVN,20180604,0.36,0.365,0.36,0.36,279656
OVN,20180605,0.355,0.355,0.345,0.345,111710
OVN,20180606,0.345,0.345,0.34,0.34,248734
OVN,20180607,0.38,0.38,0.375,0.38,67037
OVN,20180608,0.38,0.38,0.36,0.36,53728
OVN,20180612,0.365,0.365,0.35,0.355,276463
OVN,20180613,0.35,0.35,0.34,0.34,237256
OVN,20180614,0.345,0.345,0.34,0.34,98584
OVN,20180615,0.34,0.36,0.34,0.36,49046
OVN,20180618,0.36,0.365,0.35,0.355,121859
OVN,20180619,0.35,0.35,0.35,0.35,8134
OVN,20180620,0.35,0.36,0.35,0.35,113664
OVN,20180621,0.35,0.36,0.35,0.35,88914
OVN,20180622,0.35,0.35,0.35,0.35,40500
OVN,20180625,0.35,0.35,0.345,0.345,128709
OVN,20180626,0.34,0.35,0.34,0.35,98176
OVN,20180627,0.345,0.35,0.33,0.35,192472
OVN,20180628,0.35,0.35,0.35,0.35,16542
OVN,20180629,0.33,0.33,0.325,0.325,75000
OVN,20180702,0.325,0.325,0.32,0.32,150637
OVN,20180703,0.32,0.32,0.32,0.32,0
OVN,20180704,0.32,0.32,0.32,0.32,0
OVN,20180705,0.32,0.32,0.32,0.32,0
OVN,20180706,0.32,0.32,0.32,0.32,18750
OVN,20180710,0.3,0.3,0.3,0.3,145000
OVN,20180711,0.3,0.31,0.3,0.31,60909
OVN,20180712,0.3,0.3,0.3,0.3,39924
OVN,20180713,0.305,0.305,0.295,0.295,117100
OVN,20180716,0.295,0.295,0.295,0.295,0
OVN,20180717,0.29,0.29,0.29,0.29,10000
OVN,20180718,0.295,0.325,0.295,0.325,67244
OVN,20180719,0.325,0.325,0.325,0.325,0
OVN,20180720,0.325,0.35,0.325,0.35,98055
OVN,20180723,0.33,0.33,0.33,0.33,49967
OVN,20180724,0.325,0.325,0.295,0.295,240900
OVN,20180725,0.3,0.325,0.29,0.29,267265
OVN,20180726,0.295,0.295,0.295,0.295,8300
OVN,20180727,0.3,0.3,0.29,0.29,231904
OVN,20180730,0.29,0.29,0.29,0.29,13716
OVN,20180731,0.3,0.3,0.3,0.3,20000
OVN,20180801,0.325,0.325,0.28,0.28,68611
OVN,20180802,0.28,0.31,0.28,0.3,479822
OVN,20180803,0.31,0.31,0.31,0.31,18889
OVN,20180806,0.33,0.33,0.33,0.33,4785
OVN,20180807,0.33,0.34,0.33,0.34,103180
OVN,20180808,0.345,0.35,0.34,0.35,93221
OVN,20180809,0.34,0.34,0.34,0.34,53398
OVN,20180810,0.34,0.34,0.33,0.33,60000
OVN,20180813,0.33,0.33,0.32,0.32,185800
OVN,20180814,0.32,0.32,0.31,0.31,44020
OVN,20180816,0.31,0.31,0.295,0.295,95000
OVN,20180817,0.295,0.295,0.29,0.29,73971
OVN,20180820,0.3,0.3,0.28,0.28,40000
OVN,20180821,0.27,0.28,0.27,0.28,80000
OVN,20180822,0.29,0.29,0.29,0.29,40000
OVN,20180823,0.28,0.28,0.28,0.28,85000
OVN,20180824,0.28,0.3,0.28,0.3,133500
OVN,20180827,0.3,0.3,0.3,0.3,10000
OVN,20180828,0.285,0.285,0.285,0.285,15000
OVN,20180829,0.29,0.29,0.28,0.28,43983
OVN,20180830,0.29,0.29,0.26,0.26,171591
OVN,20180831,0.26,0.27,0.26,0.265,143498
OVN,20180903,0.28,0.28,0.27,0.27,105566
OVN,20180904,0.27,0.27,0.27,0.27,25000
OVN,20180905,0.275,0.28,0.275,0.28,115000
OVN,20180906,0.27,0.27,0.27,0.27,25000
OVN,20180907,0.265,0.265,0.24,0.24,177787
OVN,20180910,0.24,0.24,0.24,0.24,58999
OVN,20180913,0.25,0.25,0.24,0.24,127001
OVN,20180914,0.225,0.245,0.225,0.245,115000
OVN,20180917,0.245,0.25,0.245,0.25,64321
OVN,20180918,0.245,0.245,0.245,0.245,10000
OVN,20180919,0.25,0.25,0.25,0.25,308012
OVN,20180920,0.275,0.275,0.275,0.275,26800
OVN,20180921,0.28,0.31,0.28,0.295,147055
OVN,20180924,0.295,0.295,0.295,0.295,840
OVN,20180925,0.295,0.295,0.29,0.29,45805
OVN,20180926,0.3,0.3,0.3,0.3,120100
OVN,20180927,0.3,0.3,0.3,0.3,0
OVN,20180928,0.3,0.3,0.3,0.3,0
OVN,20181001,0.31,0.31,0.31,0.31,98701
OVN,20181002,0.32,0.335,0.32,0.33,71437
OVN,20181003,0.33,0.33,0.32,0.32,91650
OVN,20181004,0.315,0.315,0.315,0.315,47499
OVN,20181005,0.32,0.325,0.3,0.31,290953
OVN,20181008,0.31,0.315,0.31,0.315,172947
OVN,20181009,0.32,0.32,0.31,0.31,258931
OVN,20181010,0.315,0.33,0.31,0.31,64881
OVN,20181011,0.295,0.295,0.295,0.295,16102
OVN,20181012,0.27,0.27,0.27,0.27,35000
OVN,20181015,0.295,0.295,0.295,0.295,1019
OVN,20181016,0.295,0.295,0.295,0.295,0
OVN,20181017,0.295,0.295,0.295,0.295,0
OVN,20181018,0.295,0.295,0.295,0.295,10000
OVN,20181019,0.325,0.325,0.325,0.325,7480
OVN,20181022,0.325,0.325,0.325,0.325,7800
OVN,20181023,0.325,0.325,0.325,0.325,0
OVN,20181024,0.325,0.325,0.325,0.325,3030
OVN,20181025,0.315,0.315,0.31,0.315,14777
OVN,20181026,0.295,0.3,0.29,0.3,31823
OVN,20181030,0.28,0.28,0.28,0.28,51123
OVN,20181031,0.3,0.3,0.3,0.3,60000
OVN,20181101,0.3,0.3,0.3,0.3,20000
OVN,20181102,0.305,0.305,0.3,0.305,34849
OVN,20181105,0.3,0.3,0.3,0.3,6500
OVN,20181106,0.3,0.3,0.3,0.3,0
OVN,20181107,0.3,0.3,0.285,0.285,72762
OVN,20181108,0.28,0.28,0.28,0.28,4500
OVN,20181109,0.295,0.295,0.295,0.295,12003
OVN,20181112,0.295,0.295,0.295,0.295,0
OVN,20181113,0.295,0.295,0.295,0.295,0
OVN,20181114,0.29,0.29,0.29,0.29,6728
OVN,20181115,0.29,0.29,0.28,0.28,47060
OVN,20181116,0.295,0.32,0.295,0.305,180275
OVN,20181119,0.305,0.305,0.295,0.295,49400
OVN,20181120,0.295,0.295,0.295,0.295,0
OVN,20181121,0.295,0.295,0.295,0.295,0
OVN,20181122,0.33,0.33,0.33,0.33,50722
OVN,20181123,0.33,0.33,0.33,0.33,12000
OVN,20181126,0.33,0.33,0.33,0.33,0
OVN,20181127,0.29,0.29,0.28,0.29,16868
OVN,20181128,0.29,0.29,0.29,0.29,0
OVN,20181129,0.29,0.29,0.29,0.29,20000
OVN,20181130,0.29,0.29,0.29,0.29,10062
OVN,20181203,0.28,0.28,0.255,0.255,48553
OVN,20181204,0.255,0.255,0.255,0.255,0
OVN,20181205,0.275,0.3,0.275,0.3,42200
OVN,20181206,0.3,0.3,0.3,0.3,29000
OVN,20181207,0.305,0.325,0.27,0.325,214887
OVN,20181210,0.28,0.28,0.28,0.28,2000
OVN,20181211,0.28,0.28,0.28,0.28,0
OVN,20181212,0.28,0.28,0.28,0.28,0
OVN,20181213,0.305,0.305,0.3,0.3,67923
OVN,20181214,0.29,0.29,0.27,0.27,70005
OVN,20181217,0.27,0.27,0.27,0.27,0
OVN,20181218,0.28,0.28,0.28,0.28,4500
OVN,20181219,0.28,0.28,0.28,0.28,2500
OVN,20181220,0.27,0.27,0.27,0.27,31100
OVN,20181221,0.27,0.27,0.27,0.27,0
OVN,20181224,0.27,0.27,0.27,0.27,0
OVN,20181227,0.27,0.27,0.27,0.27,0
OVN,20181228,0.27,0.27,0.27,0.27,0
OVN,20181231,0.27,0.27,0.27,0.27,0
OVN,20190102,0.27,0.27,0.27,0.27,0
OVN,20190103,0.27,0.27,0.27,0.27,0
OVN,20190104,0.27,0.27,0.27,0.27,0
OVN,20190107,0.29,0.3,0.29,0.3,86507
OVN,20190108,0.32,0.35,0.32,0.33,299420
OVN,20190109,0.33,0.33,0.32,0.32,64000
OVN,20190110,0.32,0.32,0.305,0.305,10000
OVN,20190111,0.325,0.325,0.325,0.325,1700
OVN,20190114,0.3,0.305,0.282,0.305,57140
OVN,20190115,0.305,0.305,0.305,0.305,0
OVN,20190116,0.305,0.305,0.305,0.305,0
OVN,20190117,0.305,0.305,0.305,0.305,0
OVN,20190118,0.305,0.305,0.305,0.305,0
OVN,20190121,0.305,0.305,0.305,0.305,0
OVN,20190122,0.305,0.305,0.305,0.305,0
OVN,20190123,0.305,0.305,0.305,0.305,0
OVN,20190124,0.3,0.3,0.3,0.3,5435
OVN,20190125,0.3,0.3,0.3,0.3,21594
OVN,20190129,0.3,0.3,0.3,0.3,0
OVN,20190130,0.3,0.3,0.3,0.3,0
OVN,20190131,0.3,0.3,0.3,0.3,3426
OVN,20190201,0.3,0.3,0.3,0.3,0
OVN,20190204,0.31,0.315,0.31,0.315,62126
OVN,20190205,0.315,0.325,0.315,0.325,12421
OVN,20190206,0.32,0.325,0.3,0.32,58368
OVN,20190207,0.325,0.33,0.325,0.33,114404
OVN,20190208,0.33,0.33,0.33,0.33,0
OVN,20190211,0.32,0.33,0.32,0.33,25428
OVN,20190212,0.32,0.32,0.31,0.31,4102
OVN,20190213,0.33,0.33,0.31,0.31,61703
OVN,20190214,0.3,0.3,0.28,0.28,181249
OVN,20190215,0.28,0.3,0.27,0.27,286764
OVN,20190218,0.27,0.27,0.27,0.27,75139
OVN,20190219,0.28,0.28,0.28,0.28,15000
OVN,20190220,0.29,0.3,0.285,0.285,40709
OVN,20190221,0.3,0.3,0.3,0.3,55189
OVN,20190222,0.3,0.3,0.3,0.3,21012
OVN,20190225,0.305,0.305,0.3,0.3,61245
OVN,20190226,0.305,0.305,0.29,0.29,139504
OVN,20190227,0.29,0.29,0.29,0.29,0
OVN,20190228,0.29,0.29,0.29,0.29,20197
OVN,20190301,0.295,0.295,0.295,0.295,8328
OVN,20190304,0.295,0.295,0.295,0.295,0
OVN,20190305,0.295,0.305,0.295,0.305,16495
OVN,20190306,0.305,0.305,0.305,0.305,0
OVN,20190307,0.3,0.3,0.28,0.28,53965
OVN,20190308,0.28,0.28,0.28,0.28,0
OVN,20190311,0.28,0.28,0.28,0.28,0
OVN,20190312,0.275,0.275,0.27,0.27,14406
OVN,20190313,0.27,0.27,0.27,0.27,0
OVN,20190314,0.27,0.27,0.26,0.26,55118
OVN,20190315,0.275,0.275,0.275,0.275,4000
OVN,20190318,0.275,0.275,0.275,0.275,4000
OVN,20190319,0.275,0.275,0.275,0.275,15000
OVN,20190320,0.275,0.275,0.275,0.275,0
OVN,20190321,0.275,0.275,0.275,0.275,5000
OVN,20190322,0.275,0.28,0.275,0.28,30000
OVN,20190325,0.28,0.28,0.28,0.28,0
OVN,20190326,0.28,0.28,0.28,0.28,0
OVN,20190327,0.28,0.28,0.28,0.28,0
OVN,20190328,0.28,0.28,0.28,0.28,22000
OVN,20190329,0.27,0.27,0.27,0.27,830
OVN,20190401,0.27,0.27,0.27,0.27,0
OVN,20190402,0.275,0.275,0.275,0.275,38760
OVN,20190403,0.29,0.29,0.285,0.285,91336
OVN,20190404,0.285,0.285,0.26,0.26,29322
OVN,20190405,0.265,0.27,0.25,0.25,146421
OVN,20190408,0.255,0.255,0.24,0.24,64502
OVN,20190409,0.24,0.26,0.225,0.26,326867
OVN,20190410,0.25,0.25,0.25,0.25,3000
OVN,20190411,0.23,0.23,0.23,0.23,1565
OVN,20190412,0.23,0.23,0.23,0.23,0
OVN,20190415,0.23,0.23,0.23,0.23,24344
OVN,20190416,0.22,0.22,0.2,0.22,392665
OVN,20190417,0.22,0.22,0.21,0.215,92849
OVN,20190418,0.215,0.215,0.215,0.215,0
OVN,20190423,0.23,0.23,0.23,0.23,4613
OVN,20190424,0.23,0.23,0.23,0.23,3241
OVN,20190426,0.23,0.235,0.23,0.235,11152
OVN,20190429,0.25,0.26,0.23,0.23,192001
OVN,20190430,0.23,0.23,0.23,0.23,3900
OVN,20190501,0.245,0.245,0.245,0.245,1415
OVN,20190502,0.24,0.24,0.23,0.23,38902
OVN,20190503,0.235,0.245,0.235,0.245,59545
OVN,20190506,0.245,0.245,0.245,0.245,6308
OVN,20190507,0.245,0.245,0.245,0.245,4000
OVN,20190508,0.245,0.25,0.235,0.245,161370
OVN,20190509,0.25,0.25,0.24,0.24,61437
OVN,20190510,0.24,0.24,0.23,0.23,96096
OVN,20190513,0.24,0.24,0.22,0.22,103525
OVN,20190514,0.22,0.225,0.22,0.22,170027
OVN,20190515,0.22,0.22,0.22,0.22,122405
OVN,20190516,0.24,0.245,0.24,0.245,25000
OVN,20190517,0.245,0.25,0.245,0.25,50000
OVN,20190520,0.25,0.25,0.25,0.25,144212
OVN,20190521,0.245,0.25,0.245,0.25,17065
OVN,20190522,0.25,0.265,0.25,0.25,471626
OVN,20190523,0.255,0.255,0.25,0.25,261313
OVN,20190524,0.245,0.25,0.245,0.245,53847
OVN,20190527,0.25,0.25,0.245,0.25,101297
OVN,20190528,0.25,0.25,0.25,0.25,152009
OVN,20190529,0.25,0.25,0.24,0.24,338997
OVN,20190530,0.24,0.24,0.24,0.24,340000
OVN,20190531,0.24,0.24,0.24,0.24,0
OVN,20190603,0.24,0.24,0.22,0.225,516148
OVN,20190604,0.225,0.225,0.22,0.22,165004
OVN,20190605,0.22,0.22,0.22,0.22,17011
OVN,20190606,0.235,0.235,0.235,0.235,29100
OVN,20190607,0.22,0.22,0.22,0.22,900
OVN,20190611,0.22,0.22,0.215,0.215,41287
OVN,20190612,0.215,0.215,0.215,0.215,10000
OVN,20190613,0.22,0.22,0.21,0.21,97482
OVN,20190614,0.215,0.22,0.215,0.22,31060
OVN,20190617,0.22,0.22,0.21,0.21,245656
OVN,20190618,0.2,0.2,0.2,0.2,18604
OVN,20190619,0.225,0.225,0.205,0.205,10418
OVN,20190620,0.205,0.205,0.205,0.205,0
OVN,20190621,0.21,0.21,0.205,0.205,23966
OVN,20190624,0.225,0.235,0.225,0.235,42386
OVN,20190625,0.24,0.25,0.24,0.25,90155
OVN,20190626,0.25,0.25,0.23,0.23,99845
OVN,20190627,0.24,0.24,0.23,0.23,80200
OVN,20190628,0.225,0.23,0.225,0.23,34737
OVN,20190701,0.24,0.24,0.24,0.24,100000
OVN,20190702,0.24,0.24,0.235,0.235,10000
OVN,20190703,0.235,0.235,0.235,0.235,0
OVN,20190704,0.24,0.255,0.24,0.25,89254
OVN,20190705,0.25,0.25,0.25,0.25,0
OVN,20190708,0.255,0.27,0.255,0.27,207640
OVN,20190709,0.295,0.3,0.295,0.3,230000
OVN,20190710,0.3,0.3,0.295,0.295,11173
OVN,20190711,0.3,0.3,0.29,0.29,175292
OVN,20190712,0.295,0.295,0.295,0.295,30035
OVN,20190715,0.29,0.31,0.29,0.31,200538
OVN,20190716,0.33,0.445,0.33,0.4,630743
OVN,20190717,0.4,0.475,0.4,0.475,652430
OVN,20190718,0.46,0.475,0.44,0.45,349021
OVN,20190719,0.46,0.515,0.46,0.515,423974
OVN,20190722,0.515,0.52,0.5,0.5,216298
OVN,20190723,0.5,0.5,0.465,0.465,43400
OVN,20190724,0.465,0.465,0.465,0.465,0
OVN,20190725,0.465,0.465,0.465,0.465,0
OVN,20190726,0.505,0.585,0.505,0.56,1000963
OVN,20190729,0.575,0.68,0.57,0.64,955523
OVN,20190730,0.535,0.615,0.505,0.565,1027193
OVN,20190731,0.54,0.6,0.505,0.55,632373
OVN,20190801,0.51,0.54,0.48,0.515,970202
OVN,20190802,0.515,0.52,0.49,0.52,335929
OVN,20190805,0.525,0.53,0.47,0.47,493919
OVN,20190806,0.44,0.48,0.43,0.47,176952
OVN,20190807,0.47,0.49,0.46,0.47,522920
OVN,20190808,0.465,0.47,0.45,0.465,426677
OVN,20190809,0.465,0.515,0.46,0.485,600034
OVN,20190812,0.49,0.5,0.47,0.47,210939
OVN,20190813,0.47,0.47,0.435,0.44,202966
OVN,20190814,0.45,0.47,0.45,0.465,342075
OVN,20190815,0.47,0.52,0.465,0.49,656695
OVN,20190816,0.495,0.495,0.45,0.45,312623
OVN,20190819,0.48,0.485,0.455,0.455,72500
OVN,20190820,0.47,0.5,0.47,0.5,109823
OVN,20190821,0.47,0.47,0.435,0.44,320638
OVN,20190822,0.435,0.45,0.43,0.43,206546
OVN,20190823,0.44,0.46,0.44,0.46,45510
OVN,20190826,0.46,0.475,0.44,0.47,129153
OVN,20190827,0.47,0.47,0.455,0.455,163560
OVN,20190828,0.435,0.49,0.435,0.475,665933
OVN,20190829,0.485,0.485,0.48,0.48,882634
OVN,20190830,0.47,0.49,0.47,0.48,194716
OVN,20190902,0.525,0.555,0.48,0.55,2668951
OVN,20190903,0.55,0.55,0.51,0.51,426642
OVN,20190904,0.52,0.52,0.495,0.51,205749
OVN,20190905,0.51,0.53,0.51,0.515,132733
OVN,20190906,0.52,0.57,0.52,0.57,324207
OVN,20190909,0.565,0.66,0.55,0.62,1034413
OVN,20190910,0.635,0.65,0.59,0.6,395096
OVN,20190911,0.61,0.61,0.57,0.58,144973
OVN,20190912,0.585,0.59,0.56,0.57,270760
OVN,20190913,0.575,0.58,0.53,0.56,208991
OVN,20190916,0.555,0.56,0.55,0.55,42402
OVN,20190917,0.56,0.6,0.56,0.575,514492
OVN,20190918,0.575,0.605,0.575,0.58,746552
OVN,20190919,0.595,0.595,0.58,0.58,117280
OVN,20190920,0.58,0.605,0.58,0.6,137588
OVN,20190923,0.605,0.77,0.6,0.77,2042659
OVN,20190924,0.76,0.78,0.66,0.76,1704072
OVN,20190925,0.765,0.91,0.74,0.76,1730083
OVN,20190926,0.79,0.815,0.675,0.71,804981
OVN,20190927,0.725,0.74,0.68,0.69,376866
OVN,20190930,0.7,0.795,0.695,0.715,354731
OVN,20191001,0.715,0.775,0.715,0.775,237261
OVN,20191002,0.765,0.765,0.735,0.76,318873
OVN,20191003,0.745,0.79,0.71,0.785,418426
OVN,20191004,0.805,0.875,0.805,0.81,779627
OVN,20191007,0.825,0.84,0.81,0.81,206604
OVN,20191008,0.825,0.825,0.795,0.81,56276
OVN,20191009,0.81,0.81,0.74,0.76,222944
OVN,20191010,0.79,0.795,0.735,0.74,168628
OVN,20191011,0.78,0.78,0.7,0.7,267905
OVN,20191014,0.705,0.74,0.705,0.71,154288
OVN,20191015,0.73,0.79,0.73,0.75,144351
OVN,20191016,0.77,0.785,0.755,0.77,136981
OVN,20191017,0.76,0.76,0.72,0.72,75085
OVN,20191018,0.745,0.755,0.7,0.7,130407
OVN,20191021,0.71,0.71,0.68,0.68,192302
OVN,20191022,0.685,0.695,0.64,0.67,239493
OVN,20191023,0.66,0.7,0.65,0.66,114060
OVN,20191024,0.655,0.655,0.57,0.61,652446
OVN,20191025,0.605,0.63,0.52,0.55,493617
OVN,20191028,0.54,0.54,0.515,0.53,294388
OVN,20191029,0.525,0.565,0.525,0.565,72526
OVN,20191030,0.555,0.555,0.525,0.54,118420
OVN,20191031,0.54,0.565,0.54,0.565,32347
OVN,20191101,0.55,0.55,0.5,0.5,152436
OVN,20191104,0.51,0.515,0.445,0.445,699951
OVN,20191105,0.445,0.495,0.445,0.485,89026
OVN,20191106,0.49,0.5,0.49,0.49,88851
OVN,20191107,0.49,0.49,0.455,0.465,198110
OVN,20191108,0.475,0.475,0.46,0.46,88207
OVN,20191111,0.48,0.555,0.47,0.54,423569
OVN,20191112,0.56,0.56,0.53,0.535,102091
OVN,20191113,0.54,0.545,0.48,0.485,232499
OVN,20191114,0.485,0.54,0.485,0.54,224596
OVN,20191115,0.54,0.54,0.53,0.535,118022
OVN,20191118,0.565,0.565,0.49,0.49,229078
OVN,20191119,0.515,0.515,0.47,0.5,428346
OVN,20191120,0.5,0.53,0.5,0.525,559611
OVN,20191121,0.52,0.56,0.51,0.55,198585
OVN,20191122,0.55,0.55,0.525,0.53,253621
OVN,20191125,0.545,0.575,0.53,0.575,333206
OVN,20191126,0.59,0.665,0.59,0.63,280989
OVN,20191127,0.645,0.645,0.565,0.605,263282
OVN,20191128,0.605,0.615,0.6,0.61,64035
OVN,20191129,0.62,0.645,0.6,0.6,77732
OVN,20191202,0.59,0.59,0.585,0.585,4755
OVN,20191203,0.565,0.58,0.535,0.58,166983
OVN,20191204,0.58,0.595,0.555,0.595,117025
OVN,20191205,0.595,0.63,0.595,0.63,94449
OVN,20191206,0.635,0.635,0.59,0.63,165848
OVN,20191209,0.62,0.62,0.6,0.6,13661
OVN,20191210,0.6,0.6,0.585,0.59,110673
OVN,20191211,0.595,0.595,0.575,0.58,83117
OVN,20191212,0.595,0.595,0.565,0.565,39812
OVN,20191213,0.57,0.57,0.56,0.56,58242
OVN,20191216,0.57,0.57,0.515,0.515,245061
OVN,20191217,0.515,0.515,0.48,0.5,161470
OVN,20191218,0.497,0.5,0.497,0.5,27447
OVN,20191219,0.525,0.535,0.52,0.535,79890
OVN,20191220,0.55,0.55,0.55,0.55,2418
OVN,20191223,0.54,0.54,0.53,0.535,38020
OVN,20191224,0.535,0.535,0.53,0.53,69274
OVN,20191227,0.535,0.535,0.52,0.52,84437
OVN,20191230,0.52,0.53,0.52,0.52,41223
OVN,20191231,0.515,0.515,0.49,0.49,83244
OVN,20200102,0.495,0.495,0.49,0.495,36898
OVN,20200103,0.495,0.495,0.495,0.495,40131
OVN,20200106,0.495,0.495,0.49,0.49,14480
OVN,20200107,0.5,0.52,0.5,0.5,45803
OVN,20200108,0.5,0.5,0.49,0.49,2814
OVN,20200109,0.49,0.5,0.485,0.495,29949
OVN,20200113,0.5,0.5,0.455,0.455,175369
OVN,20200114,0.47,0.47,0.34,0.35,1284233
OVN,20200115,0.4,0.41,0.39,0.39,407417
OVN,20200116,0.395,0.405,0.365,0.405,172405
OVN,20200117,0.435,0.44,0.41,0.41,141849
OVN,20200120,0.41,0.455,0.405,0.44,116098
OVN,20200121,0.43,0.43,0.425,0.425,14919
OVN,20200122,0.41,0.42,0.38,0.39,107429
OVN,20200123,0.39,0.39,0.39,0.39,0
OVN,20200124,0.4,0.4,0.39,0.4,59241
OVN,20200128,0.4,0.4,0.385,0.385,64489
OVN,20200129,0.4,0.4,0.38,0.39,73322
OVN,20200130,0.4,0.405,0.4,0.4,30040
OVN,20200203,0.39,0.395,0.385,0.385,131599
OVN,20200204,0.39,0.395,0.37,0.37,107268
OVN,20200205,0.38,0.39,0.375,0.39,115329
OVN,20200210,0.4,0.4,0.395,0.4,51314
OVN,20200211,0.4,0.4,0.39,0.39,17968
OVN,20200212,0.395,0.395,0.395,0.395,1027
OVN,20200213,0.425,0.48,0.42,0.46,591236
OVN,20200214,0.525,0.615,0.52,0.56,4112320
OVN,20200217,0.56,0.6,0.52,0.565,653895
OVN,20200218,0.565,0.57,0.55,0.56,218559
OVN,20200219,0.55,0.58,0.54,0.58,252847
OVN,20200220,0.59,0.705,0.59,0.67,901427
OVN,20200221,0.665,0.665,0.62,0.655,253366
OVN,20200224,0.665,0.7,0.62,0.62,455126
OVN,20200225,0.595,0.68,0.55,0.675,596057
OVN,20200226,0.65,0.675,0.59,0.61,455780
OVN,20200227,0.595,0.6,0.53,0.54,233128
OVN,20200228,0.5,0.5,0.46,0.5,320741
OVN,20200302,0.48,0.55,0.465,0.54,281441
OVN,20200303,0.59,0.6,0.535,0.54,270646
OVN,20200304,0.54,0.54,0.525,0.525,239823
OVN,20200305,0.54,0.54,0.48,0.48,203895
OVN,20200306,0.48,0.525,0.465,0.485,299380
OVN,20200309,0.485,0.485,0.435,0.445,122523
OVN,20200310,0.4,0.49,0.4,0.455,193190
OVN,20200311,0.495,0.495,0.43,0.43,106562
OVN,20200312,0.43,0.43,0.34,0.35,405178
OVN,20200313,0.34,0.355,0.305,0.35,398618
OVN,20200316,0.35,0.35,0.34,0.35,100640
OVN,20200317,0.365,0.37,0.31,0.335,126297
OVN,20200318,0.34,0.34,0.28,0.28,260553
OVN,20200319,0.305,0.305,0.22,0.24,714093
OVN,20200320,0.23,0.23,0.225,0.23,209994
OVN,20200323,0.22,0.22,0.18,0.19,523410
OVN,20200324,0.18,0.2,0.18,0.185,165388
OVN,20200325,0.19,0.2,0.175,0.18,797970
OVN,20200326,0.19,0.215,0.187,0.2,1400750
OVN,20200327,0.23,0.315,0.2,0.215,609272
OVN,20200330,0.23,0.245,0.22,0.23,91323
OVN,20200331,0.24,0.27,0.24,0.245,218373
OVN,20200401,0.245,0.27,0.235,0.235,289960
OVN,20200402,0.245,0.26,0.245,0.26,60136
OVN,20200403,0.25,0.25,0.245,0.245,34500
OVN,20200406,0.23,0.26,0.23,0.255,258933
OVN,20200407,0.26,0.275,0.25,0.26,217661
OVN,20200408,0.26,0.26,0.25,0.26,158065
OVN,20200409,0.25,0.275,0.24,0.27,497899
OVN,20200414,0.27,0.29,0.26,0.29,153908
OVN,20200415,0.28,0.3,0.275,0.3,184280
OVN,20200416,0.28,0.28,0.26,0.26,330729
OVN,20200417,0.275,0.285,0.27,0.275,91108
OVN,20200420,0.282,0.282,0.27,0.27,33986
OVN,20200421,0.27,0.285,0.27,0.27,86822
OVN,20200422,0.27,0.27,0.26,0.26,110295
OVN,20200423,0.26,0.27,0.255,0.255,61837
OVN,20200424,0.26,0.275,0.26,0.275,49464
OVN,20200427,0.29,0.345,0.285,0.285,907539
OVN,20200428,0.285,0.285,0.285,0.285,0
OVN,20200429,0.285,0.285,0.285,0.285,0
OVN,20200430,0.285,0.285,0.285,0.285,0
OVN,20200501,0.27,0.27,0.25,0.265,813357
OVN,20200504,0.26,0.275,0.255,0.26,134418
OVN,20200505,0.27,0.29,0.27,0.28,794034
OVN,20200506,0.29,0.295,0.28,0.28,174129
OVN,20200507,0.28,0.28,0.255,0.26,773152
OVN,20200508,0.26,0.265,0.25,0.255,1186911
OVN,20200511,0.26,0.28,0.255,0.26,496429
OVN,20200512,0.26,0.26,0.24,0.25,574178
OVN,20200513,0.245,0.245,0.24,0.24,289932
OVN,20200514,0.24,0.24,0.235,0.235,93949
OVN,20200515,0.24,0.245,0.235,0.245,139744
OVN,20200518,0.255,0.26,0.245,0.25,367667
OVN,20200519,0.255,0.255,0.25,0.255,233970
OVN,20200520,0.26,0.26,0.255,0.26,262903
OVN,20200521,0.27,0.27,0.25,0.25,308978
OVN,20200522,0.25,0.26,0.25,0.255,166996
OVN,20200525,0.26,0.265,0.255,0.265,437404
OVN,20200526,0.27,0.285,0.265,0.28,575264
OVN,20200527,0.275,0.29,0.275,0.275,485518
OVN,20200528,0.275,0.29,0.265,0.285,443091
OVN,20200529,0.28,0.295,0.28,0.29,379168
OVN,20200601,0.31,0.33,0.305,0.32,868102
OVN,20200602,0.32,0.32,0.285,0.31,520213
OVN,20200603,0.315,0.325,0.3,0.31,661027
OVN,20200604,0.32,0.325,0.31,0.31,175031
OVN,20200605,0.31,0.32,0.305,0.32,276758
OVN,20200609,0.325,0.355,0.325,0.355,378103
OVN,20200610,0.355,0.355,0.335,0.35,694773
OVN,20200611,0.355,0.355,0.305,0.305,762584
OVN,20200612,0.3,0.315,0.275,0.31,381757
OVN,20200615,0.325,0.325,0.29,0.29,250625
OVN,20200616,0.3,0.325,0.3,0.325,248630
OVN,20200617,0.31,0.33,0.31,0.33,51931
OVN,20200618,0.355,0.38,0.32,0.32,918381
OVN,20200619,0.32,0.33,0.315,0.33,421484
OVN,20200622,0.33,0.33,0.31,0.31,161613
OVN,20200623,0.32,0.335,0.3,0.33,784539
OVN,20200624,0.33,0.345,0.325,0.325,225846
OVN,20200625,0.32,0.32,0.29,0.3,621090
OVN,20200626,0.3,0.315,0.3,0.31,123220
OVN,20200629,0.31,0.31,0.285,0.285,554017
OVN,20200630,0.29,0.29,0.285,0.285,272231
OVN,20200701,0.29,0.3,0.285,0.285,230673
OVN,20200702,0.29,0.305,0.29,0.3,154157
OVN,20200703,0.31,0.31,0.305,0.305,133288
OVN,20200706,0.3,0.3,0.295,0.295,79515
OVN,20200707,0.3,0.3,0.28,0.285,299965
OVN,20200708,0.275,0.275,0.27,0.275,248755
OVN,20200709,0.28,0.28,0.267,0.27,442552
OVN,20200710,0.27,0.28,0.26,0.27,618632
OVN,20200713,0.28,0.28,0.27,0.27,141664
OVN,20200714,0.27,0.27,0.245,0.245,283636
OVN,20200715,0.265,0.275,0.26,0.275,428825
OVN,20200716,0.275,0.275,0.265,0.27,244495
OVN,20200717,0.265,0.265,0.26,0.26,91407
OVN,20200720,0.27,0.285,0.27,0.275,130000
OVN,20200721,0.28,0.285,0.27,0.27,69327
OVN,20200722,0.285,0.285,0.285,0.285,33000
OVN,20200723,0.28,0.285,0.26,0.26,149296
OVN,20200724,0.265,0.28,0.265,0.275,48301
OVN,20200727,0.285,0.285,0.26,0.26,441680
OVN,20200728,0.26,0.26,0.24,0.24,513763
OVN,20200729,0.25,0.26,0.245,0.25,68237
OVN,20200730,0.255,0.26,0.255,0.26,41500
OVN,20200731,0.255,0.26,0.255,0.255,64000
OVN,20200803,0.26,0.27,0.255,0.265,176984
OVN,20200804,0.27,0.28,0.27,0.27,323111
OVN,20200805,0.27,0.28,0.265,0.27,386608
OVN,20200806,0.27,0.27,0.265,0.265,161373
OVN,20200807,0.27,0.27,0.26,0.26,187009
OVN,20200810,0.26,0.26,0.25,0.26,109486
OVN,20200811,0.26,0.265,0.26,0.265,66860
OVN,20200812,0.265,0.265,0.26,0.26,60238
OVN,20200813,0.26,0.265,0.26,0.26,57303
OVN,20200814,0.26,0.27,0.26,0.27,21581
OVN,20200817,0.27,0.27,0.255,0.26,97773
OVN,20200818,0.255,0.265,0.255,0.265,255593
OVN,20200819,0.26,0.26,0.255,0.255,97141
OVN,20200820,0.255,0.26,0.25,0.26,118198
OVN,20200821,0.255,0.265,0.255,0.265,281841
OVN,20200824,0.27,0.27,0.26,0.265,49819
OVN,20200825,0.27,0.27,0.25,0.25,364706
OVN,20200826,0.25,0.25,0.24,0.245,414956
OVN,20200827,0.245,0.245,0.23,0.245,345171
OVN,20200828,0.24,0.245,0.24,0.245,32957
OVN,20200831,0.25,0.265,0.25,0.26,303441
OVN,20200901,0.26,0.27,0.25,0.26,268134
OVN,20200902,0.27,0.285,0.26,0.28,383202
OVN,20200903,0.28,0.295,0.28,0.28,204815
OVN,20200904,0.27,0.275,0.26,0.26,363660
OVN,20200907,0.26,0.275,0.26,0.275,28161
OVN,20200908,0.27,0.275,0.26,0.27,396448
OVN,20200909,0.26,0.26,0.25,0.255,199062
OVN,20200910,0.255,0.265,0.255,0.265,85423
OVN,20200911,0.265,0.265,0.255,0.265,197717
OVN,20200914,0.265,0.265,0.255,0.255,181413
OVN,20200915,0.25,0.255,0.25,0.255,82138
OVN,20200916,0.255,0.265,0.25,0.25,52078
OVN,20200917,0.26,0.27,0.26,0.26,194323
OVN,20200918,0.26,0.27,0.26,0.27,11900
OVN,20200921,0.27,0.27,0.26,0.26,83716
OVN,20200922,0.255,0.255,0.255,0.255,25000
OVN,20200923,0.26,0.26,0.24,0.245,380152
OVN,20200924,0.245,0.245,0.245,0.245,0
OVN,20200925,0.24,0.24,0.235,0.235,139858
OVN,20200928,0.23,0.24,0.22,0.24,504597
OVN,20200929,0.24,0.24,0.23,0.23,260738
OVN,20200930,0.225,0.23,0.21,0.227,210440
OVN,20201001,0.235,0.24,0.23,0.23,62200
OVN,20201002,0.225,0.225,0.22,0.22,24104
OVN,20201005,0.23,0.24,0.23,0.235,40621
OVN,20201006,0.235,0.24,0.23,0.23,87377
OVN,20201007,0.24,0.24,0.24,0.24,87500
OVN,20201008,0.245,0.245,0.245,0.245,5388
OVN,20201009,0.245,0.245,0.245,0.245,28000
OVN,20201012,0.245,0.245,0.245,0.245,23159
OVN,20201013,0.245,0.245,0.24,0.24,33867
OVN,20201014,0.235,0.235,0.235,0.235,2500
OVN,20201015,0.235,0.235,0.23,0.23,92349
OVN,20201016,0.22,0.24,0.22,0.24,57604
OVN,20201019,0.24,0.25,0.24,0.245,61838
OVN,20201020,0.24,0.24,0.24,0.24,11610
OVN,20201021,0.24,0.24,0.24,0.24,27609
OVN,20201022,0.24,0.24,0.24,0.24,60781
OVN,20201023,0.24,0.24,0.23,0.23,208833
OVN,20201026,0.23,0.23,0.23,0.23,55690
OVN,20201027,0.24,0.25,0.235,0.235,230042
OVN,20201028,0.24,0.24,0.227,0.235,80763
OVN,20201029,0.225,0.225,0.225,0.225,22699
OVN,20201030,0.225,0.225,0.22,0.22,10888
OVN,20201102,0.22,0.22,0.19,0.21,352049
OVN,20201103,0.205,0.215,0.2,0.215,119530
OVN,20201104,0.215,0.215,0.21,0.21,29977
OVN,20201105,0.215,0.225,0.215,0.22,96226
OVN,20201106,0.225,0.225,0.215,0.215,132500
OVN,20201109,0.22,0.22,0.21,0.22,100917
OVN,20201110,0.22,0.22,0.21,0.21,300396
OVN,20201111,0.215,0.215,0.215,0.215,54246
OVN,20201112,0.21,0.215,0.2,0.215,154467
OVN,20201113,0.21,0.21,0.207,0.21,86251
OVN,20201116,0.21,0.21,0.21,0.21,0
OVN,20201117,0.205,0.215,0.2,0.21,234774
OVN,20201118,0.215,0.215,0.215,0.215,130228
OVN,20201120,0.21,0.21,0.21,0.21,30193
OVN,20201123,0.215,0.24,0.215,0.23,939042
OVN,20201124,0.23,0.24,0.23,0.235,67855
OVN,20201125,0.24,0.24,0.235,0.235,76505
OVN,20201126,0.24,0.24,0.235,0.235,47121
OVN,20201127,0.235,0.235,0.23,0.235,194977
OVN,20201130,0.25,0.25,0.235,0.245,329988
OVN,20201201,0.24,0.242,0.235,0.24,331472
OVN,20201202,0.24,0.245,0.24,0.245,149224
OVN,20201203,0.25,0.28,0.25,0.275,684971
OVN,20201204,0.29,0.29,0.29,0.29,221888
OVN,20201207,0.29,0.29,0.265,0.265,454424
OVN,20201208,0.27,0.27,0.255,0.255,388110
OVN,20201209,0.255,0.255,0.24,0.245,420807
OVN,20201210,0.27,0.27,0.255,0.255,99440
OVN,20201211,0.255,0.265,0.25,0.265,104571
OVN,20201214,0.255,0.255,0.24,0.25,251375
OVN,20201215,0.23,0.23,0.225,0.23,421348
OVN,20201216,0.23,0.23,0.21,0.22,432857
OVN,20201217,0.22,0.23,0.22,0.225,20710
OVN,20201218,0.215,0.215,0.21,0.21,706697
OVN,20201221,0.205,0.21,0.205,0.205,156751
OVN,20201222,0.205,0.21,0.2,0.2,187109
OVN,20201224,0.21,0.21,0.21,0.21,0
OVN,20201229,0.225,0.225,0.225,0.225,25407
OVN,20201230,0.235,0.24,0.235,0.235,50000
OVN,20201231,0.235,0.235,0.235,0.235,0
OVN,20210104,0.235,0.235,0.21,0.21,216599
OVN,20210105,0.23,0.23,0.215,0.23,20887
OVN,20210106,0.23,0.23,0.23,0.23,12367
OVN,20210107,0.23,0.23,0.215,0.215,88681
OVN,20210108,0.22,0.255,0.22,0.255,142414
OVN,20210111,0.25,0.27,0.245,0.25,333344
OVN,20210112,0.265,0.265,0.25,0.25,9217
OVN,20210113,0.25,0.25,0.24,0.25,255628
OVN,20210114,0.25,0.25,0.25,0.25,4565
OVN,20210115,0.25,0.25,0.235,0.245,125945
OVN,20210118,0.26,0.265,0.25,0.255,310782
OVN,20210119,0.25,0.25,0.25,0.25,8410
OVN,20210120,0.252,0.252,0.25,0.25,20208
OVN,20210121,0.255,0.28,0.24,0.245,757064
OVN,20210122,0.235,0.24,0.225,0.23,1215751
OVN,20210125,0.23,0.23,0.225,0.23,53301
OVN,20210127,0.23,0.245,0.23,0.24,436389
OVN,20210128,0.245,0.245,0.22,0.225,357369
OVN,20210129,0.225,0.225,0.215,0.215,133801
OVN,20210201,0.215,0.22,0.2,0.205,717421
OVN,20210203,0.205,0.22,0.2,0.22,557275
OVN,20210204,0.22,0.22,0.22,0.22,111805
OVN,20210205,0.22,0.22,0.215,0.215,63115
OVN,20210208,0.215,0.22,0.21,0.22,200250
OVN,20210209,0.215,0.22,0.215,0.22,68949
OVN,20210210,0.215,0.22,0.215,0.215,313353
OVN,20210211,0.22,0.23,0.22,0.23,50000
OVN,20210212,0.23,0.23,0.21,0.215,361830
OVN,20210215,0.22,0.225,0.215,0.215,36681
OVN,20210216,0.22,0.22,0.22,0.22,17295
OVN,20210217,0.22,0.22,0.21,0.21,314519
OVN,20210218,0.21,0.21,0.205,0.205,216998
OVN,20210219,0.21,0.215,0.205,0.205,137182
OVN,20210222,0.21,0.22,0.21,0.215,189172
OVN,20210223,0.21,0.22,0.21,0.215,269392
OVN,20210224,0.205,0.205,0.205,0.205,18161
OVN,20210225,0.205,0.205,0.19,0.195,320817
OVN,20210226,0.2,0.2,0.2,0.2,44426
OVN,20210301,0.2,0.2,0.195,0.2,108383
OVN,20210302,0.2,0.21,0.2,0.21,50500
OVN,20210303,0.21,0.21,0.21,0.21,0
OVN,20210304,0.19,0.195,0.19,0.195,84564
OVN,20210305,0.19,0.19,0.18,0.19,102582
OVN,20210308,0.18,0.195,0.18,0.19,19100
OVN,20210309,0.19,0.19,0.19,0.19,0
OVN,20210310,0.195,0.195,0.19,0.19,74057
OVN,20210311,0.195,0.195,0.19,0.19,74057
OVN,20210312,0.195,0.195,0.195,0.195,44925
OVN,20210315,0.195,0.195,0.195,0.195,0
OVN,20210316,0.2,0.2,0.185,0.2,224887
OVN,20210317,0.2,0.2,0.2,0.2,0
OVN,20210318,0.2,0.2,0.19,0.195,667743
OVN,20210319,0.195,0.2,0.195,0.2,167363
OVN,20210322,0.2,0.205,0.195,0.195,220071
OVN,20210323,0.205,0.205,0.205,0.205,6000
OVN,20210324,0.195,0.205,0.195,0.2,76187
OVN,20210325,0.195,0.205,0.195,0.205,9232
OVN,20210329,0.205,0.205,0.2,0.2,49200
OVN,20210330,0.2,0.2,0.185,0.2,131314
OVN,20210331,0.2,0.2,0.2,0.2,0
OVN,20210401,0.2,0.2,0.185,0.2,130717
OVN,20210406,0.2,0.2,0.195,0.2,269719
OVN,20210407,0.2,0.205,0.2,0.205,222765
OVN,20210408,0.205,0.215,0.2,0.215,159000
OVN,20210409,0.21,0.21,0.21,0.21,25000
OVN,20210412,0.21,0.21,0.2,0.2,199429
OVN,20210413,0.2,0.2,0.2,0.2,21524
OVN,20210414,0.205,0.205,0.19,0.19,292211
OVN,20210415,0.195,0.195,0.19,0.195,289796
OVN,20210416,0.205,0.21,0.2,0.2,258518
OVN,20210419,0.2,0.2,0.2,0.2,35700
OVN,20210420,0.195,0.195,0.19,0.19,43939
OVN,20210421,0.2,0.205,0.195,0.205,22470
OVN,20210422,0.195,0.2,0.19,0.19,317191
OVN,20210423,0.19,0.19,0.18,0.19,186014
OVN,20210426,0.19,0.19,0.19,0.19,0
OVN,20210427,0.2,0.2,0.195,0.195,27000
OVN,20210428,0.195,0.195,0.195,0.195,0
OVN,20210429,0.19,0.19,0.17,0.175,349813
OVN,20210430,0.175,0.175,0.165,0.165,151232
OVN,20210503,0.165,0.165,0.15,0.155,112610
OVN,20210504,0.175,0.175,0.16,0.17,60600
OVN,20210505,0.165,0.165,0.165,0.165,19904
OVN,20210506,0.165,0.165,0.165,0.165,0
OVN,20210507,0.165,0.165,0.165,0.165,0
OVN,20210510,0.13,0.15,0.13,0.135,425935
OVN,20210511,0.15,0.15,0.125,0.135,378677
OVN,20210512,0.14,0.14,0.125,0.13,427757
OVN,20210513,0.125,0.125,0.12,0.125,602218
OVN,20210514,0.12,0.12,0.115,0.12,279064
OVN,20210517,0.125,0.15,0.125,0.125,512522
OVN,20210518,0.125,0.125,0.12,0.125,522161
OVN,20210519,0.125,0.125,0.12,0.125,298851
OVN,20210520,0.12,0.125,0.12,0.125,526873
OVN,20210521,0.12,0.125,0.12,0.12,438655
OVN,20210524,0.12,0.12,0.12,0.12,0
OVN,20210525,0.12,0.12,0.12,0.12,111400
OVN,20210526,0.12,0.12,0.12,0.12,0
OVN,20210527,0.12,0.12,0.115,0.12,514411
OVN,20210528,0.115,0.115,0.115,0.115,266000
OVN,20210531,0.115,0.12,0.115,0.12,85000
OVN,20210601,0.115,0.115,0.11,0.115,849594
OVN,20210602,0.12,0.12,0.11,0.11,486554
OVN,20210603,0.11,0.11,0.105,0.11,621937
OVN,20210604,0.11,0.115,0.11,0.115,150761
OVN,20210607,0.115,0.117,0.115,0.117,30834
OVN,20210609,0.112,0.112,0.11,0.112,332723
OVN,20210610,0.11,0.11,0.105,0.105,614210
OVN,20210611,0.11,0.11,0.11,0.11,113099
OVN,20210615,0.105,0.105,0.105,0.105,335654
OVN,20210616,0.11,0.11,0.1,0.1,461460
OVN,20210617,0.1,0.1,0.1,0.1,1336964
OVN,20210618,0.099,0.105,0.099,0.105,246578
OVN,20210621,0.11,0.12,0.105,0.105,1146132
OVN,20210622,0.105,0.105,0.099,0.1,795560
OVN,20210623,0.1,0.1,0.097,0.097,1280130
OVN,20210625,0.095,0.095,0.089,0.09,452005
OVN,20210628,0.09,0.092,0.087,0.092,763253
OVN,20210629,0.091,0.093,0.091,0.092,925836
OVN,20210630,0.092,0.095,0.091,0.095,1459812
OVN,20210701,0.096,0.096,0.093,0.096,39037
OVN,20210705,0.093,0.095,0.093,0.095,530313
OVN,20210706,0.096,0.1,0.095,0.098,690941
OVN,20210707,0.105,0.105,0.099,0.105,1554463
OVN,20210708,0.105,0.11,0.1,0.11,431794
OVN,20210709,0.105,0.11,0.105,0.11,589389
OVN,20210712,0.115,0.12,0.11,0.11,823792
OVN,20210714,0.105,0.105,0.105,0.105,0
OVN,20210715,0.105,0.105,0.105,0.105,48811
OVN,20210716,0.105,0.105,0.105,0.105,177449
OVN,20210719,0.105,0.11,0.105,0.11,773877
OVN,20210720,0.105,0.105,0.105,0.105,207397
OVN,20210723,0.105,0.11,0.105,0.11,151362
OVN,20210726,0.11,0.11,0.105,0.105,86239
OVN,20210727,0.105,0.107,0.105,0.105,192167
OVN,20210728,0.105,0.105,0.1,0.105,1007329
OVN,20210729,0.105,0.105,0.105,0.105,936551
OVN,20210730,0.1,0.1,0.093,0.097,855639
OVN,20210802,0.098,0.105,0.098,0.105,422938
OVN,20210803,0.105,0.105,0.102,0.105,296490
OVN,20210804,0.102,0.11,0.1,0.105,980930
OVN,20210805,0.105,0.105,0.1,0.1,112600
OVN,20210806,0.1,0.1,0.097,0.097,481595
OVN,20210809,0.105,0.105,0.105,0.105,2000
OVN,20210810,0.105,0.105,0.105,0.105,0
OVN,20210811,0.1,0.1,0.098,0.1,946571
OVN,20210812,0.1,0.1,0.1,0.1,30639
OVN,20210813,0.1,0.1,0.099,0.099,168580
OVN,20210819,0.094,0.099,0.094,0.094,252227
OVN,20210820,0.094,0.094,0.094,0.094,22835
OVN,20210823,0.094,0.094,0.09,0.09,225966
OVN,20210824,0.09,0.09,0.088,0.09,126392
OVN,20210825,0.092,0.092,0.091,0.092,211502
OVN,20210826,0.092,0.096,0.091,0.091,328946
OVN,20210827,0.091,0.091,0.091,0.091,227000
OVN,20210830,0.099,0.12,0.099,0.1,1771549
OVN,20210831,0.11,0.11,0.1,0.1,483675
OVN,20210901,0.105,0.11,0.105,0.105,515904
OVN,20210902,0.105,0.105,0.1,0.1,963326
OVN,20210903,0.105,0.105,0.1,0.1,308441
OVN,20210906,0.105,0.11,0.105,0.11,1159015
OVN,20210907,0.11,0.11,0.105,0.105,697083
OVN,20210908,0.11,0.115,0.11,0.115,325077
OVN,20210909,0.115,0.115,0.112,0.115,196139
OVN,20210910,0.115,0.115,0.115,0.115,195778
OVN,20210913,0.115,0.117,0.115,0.115,354476
OVN,20210914,0.115,0.115,0.11,0.112,64697
OVN,20210915,0.11,0.11,0.1,0.1,560304
OVN,20210916,0.105,0.112,0.105,0.11,691583
OVN,20210917,0.11,0.115,0.11,0.11,197361
OVN,20210920,0.115,0.115,0.11,0.11,601122
OVN,20210922,0.115,0.115,0.115,0.115,852126
OVN,20210923,0.12,0.12,0.117,0.12,635833
OVN,20210924,0.12,0.155,0.12,0.15,6639910
OVN,20210927,0.15,0.15,0.135,0.14,1108451
OVN,20210928,0.135,0.135,0.135,0.135,61981
OVN,20210929,0.13,0.13,0.125,0.125,966894
OVN,20210930,0.125,0.13,0.125,0.13,208542
OVN,20211001,0.13,0.14,0.13,0.14,192762
OVN,20211004,0.14,0.14,0.135,0.135,965874
OVN,20211005,0.135,0.135,0.132,0.135,379999
OVN,20211006,0.135,0.135,0.13,0.13,174685
OVN,20211007,0.135,0.14,0.135,0.135,109643
OVN,20211008,0.135,0.135,0.135,0.135,6500
OVN,20211011,0.135,0.135,0.13,0.13,320020
OVN,20211012,0.135,0.135,0.13,0.13,363202
OVN,20211013,0.125,0.125,0.11,0.11,588382
OVN,20211014,0.11,0.115,0.11,0.11,201532
OVN,20211019,0.115,0.115,0.115,0.115,134640
OVN,20211020,0.12,0.13,0.115,0.115,193463
OVN,20211021,0.115,0.115,0.115,0.115,30250
OVN,20211022,0.117,0.117,0.117,0.117,4093
OVN,20211025,0.115,0.12,0.115,0.115,70356
OVN,20211026,0.12,0.13,0.12,0.125,1466057
OVN,20211028,0.12,0.12,0.115,0.115,174703
OVN,20211029,0.115,0.117,0.11,0.115,315982
OVN,20211101,0.115,0.115,0.099,0.099,1624774
OVN,20211102,0.1,0.11,0.1,0.11,343992
OVN,20211103,0.105,0.11,0.105,0.105,324283
OVN,20211104,0.105,0.107,0.105,0.107,553058
OVN,20211105,0.107,0.11,0.105,0.11,758764
OVN,20211109,0.105,0.107,0.1,0.1,696844
OVN,20211110,0.1,0.105,0.098,0.098,937315
OVN,20211112,0.099,0.102,0.096,0.099,462347
OVN,20211115,0.099,0.1,0.093,0.1,525229
OVN,20211116,0.097,0.097,0.097,0.097,59480
OVN,20211117,0.097,0.097,0.097,0.097,64474
OVN,20211118,0.097,0.098,0.095,0.096,227259
OVN,20211119,0.097,0.097,0.096,0.097,40094
OVN,20211122,0.097,0.097,0.097,0.097,50578
OVN,20211123,0.098,0.105,0.098,0.099,824954
OVN,20211124,0.099,0.1,0.099,0.1,35000
OVN,20211125,0.1,0.1,0.098,0.098,20505
OVN,20211126,0.097,0.097,0.095,0.095,188404
OVN,20211129,0.095,0.095,0.093,0.095,65648
OVN,20211130,0.095,0.096,0.093,0.096,35110
OVN,20211201,0.096,0.096,0.096,0.096,0
OVN,20211202,0.096,0.096,0.088,0.09,622759
OVN,20211203,0.09,0.09,0.089,0.089,241790
OVN,20211206,0.088,0.088,0.087,0.088,164741
OVN,20211207,0.09,0.09,0.078,0.087,932574
OVN,20211208,0.09,0.09,0.087,0.09,31340
OVN,20211209,0.094,0.094,0.094,0.094,21000
OVN,20211210,0.094,0.094,0.094,0.094,0
OVN,20211213,0.092,0.095,0.092,0.095,100684
OVN,20211214,0.095,0.095,0.092,0.092,28937
OVN,20211216,0.086,0.086,0.083,0.083,152503
OVN,20211217,0.09,0.09,0.082,0.082,338497
OVN,20211220,0.082,0.082,0.077,0.078,259368
OVN,20211221,0.077,0.081,0.077,0.08,90000
OVN,20211222,0.077,0.077,0.077,0.077,136385
OVN,20211223,0.082,0.082,0.079,0.079,14112
OVN,20211224,0.079,0.079,0.079,0.079,0
OVN,20211229,0.08,0.08,0.08,0.08,15714
OVN,20211230,0.087,0.087,0.087,0.087,31301
OVN,20211231,0.087,0.087,0.087,0.087,0
OVN,20220104,0.083,0.086,0.083,0.086,13400
OVN,20220105,0.087,0.087,0.084,0.087,44301
OVN,20220106,0.088,0.088,0.088,0.088,20833
OVN,20220107,0.088,0.088,0.088,0.088,40005
OVN,20220110,0.084,0.084,0.084,0.084,2104
OVN,20220111,0.086,0.086,0.083,0.083,88699
OVN,20220112,0.083,0.083,0.082,0.082,15549
OVN,20220113,0.087,0.087,0.087,0.087,100000
OVN,20220114,0.082,0.086,0.082,0.086,196995
OVN,20220117,0.087,0.095,0.087,0.095,344124
OVN,20220118,0.095,0.095,0.085,0.085,87913
OVN,20220119,0.084,0.084,0.077,0.077,579894
OVN,20220120,0.08,0.08,0.08,0.08,115000
OVN,20220121,0.08,0.08,0.075,0.076,137350
OVN,20220124,0.075,0.076,0.072,0.072,321551
OVN,20220125,0.073,0.074,0.072,0.072,73777
OVN,20220127,0.072,0.072,0.067,0.069,252773
OVN,20220128,0.07,0.07,0.067,0.067,67579
OVN,20220131,0.067,0.067,0.065,0.065,330846
OVN,20220201,0.068,0.075,0.068,0.075,232083
OVN,20220202,0.075,0.075,0.075,0.075,0
OVN,20220203,0.075,0.075,0.075,0.075,0
OVN,20220204,0.075,0.075,0.075,0.075,0
OVN,20220207,0.075,0.076,0.075,0.075,67838
OVN,20220208,0.076,0.076,0.076,0.076,192405
OVN,20220209,0.075,0.075,0.073,0.073,162559
OVN,20220210,0.073,0.073,0.069,0.069,106024
OVN,20220211,0.069,0.069,0.068,0.068,157085
OVN,20220214,0.067,0.067,0.066,0.066,186807
OVN,20220215,0.068,0.068,0.066,0.066,129695
OVN,20220216,0.068,0.069,0.068,0.069,27400
OVN,20220217,0.069,0.069,0.069,0.069,0
OVN,20220218,0.066,0.066,0.063,0.063,89636
OVN,20220221,0.063,0.063,0.063,0.063,0
OVN,20220222,0.064,0.064,0.056,0.056,267953
OVN,20220223,0.057,0.058,0.057,0.058,278522
OVN,20220224,0.056,0.056,0.051,0.051,153242
OVN,20220225,0.052,0.054,0.052,0.052,61816
OVN,20220228,0.052,0.059,0.052,0.055,215727
OVN,20220301,0.053,0.053,0.048,0.048,352974
OVN,20220302,0.049,0.05,0.049,0.049,66250
OVN,20220303,0.048,0.048,0.041,0.043,835556
OVN,20220304,0.046,0.046,0.043,0.045,487466
OVN,20220307,0.046,0.046,0.045,0.045,249869
OVN,20220308,0.045,0.045,0.043,0.043,191237
OVN,20220309,0.045,0.048,0.045,0.048,601406
OVN,20220310,0.047,0.047,0.045,0.045,156927
OVN,20220311,0.045,0.045,0.043,0.043,27778
OVN,20220314,0.044,0.044,0.044,0.044,60000
OVN,20220315,0.045,0.045,0.044,0.044,352454
OVN,20220316,0,0,0,0,0
OVN,20220317,0.044,0.045,0.044,0.045,139610
OVN,20220318,0.045,0.045,0.042,0.042,151592
OVN,20220321,0.042,0.042,0.042,0.042,0
OVN,20220322,0.045,0.046,0.045,0.045,30109
OVN,20220323,0.045,0.045,0.045,0.045,50000
OVN,20220324,0.043,0.043,0.043,0.043,12123
OVN,20220325,0.044,0.044,0.044,0.044,20000
OVN,20220328,0.043,0.043,0.043,0.043,102431
OVN,20220329,0.046,0.046,0.046,0.046,10869
OVN,20220330,0.046,0.046,0.046,0.046,0
OVN,20220331,0.044,0.044,0.043,0.044,214276
OVN,20220401,0.042,0.043,0.041,0.042,342452
OVN,20220404,0.041,0.041,0.036,0.036,772027
OVN,20220405,0.037,0.041,0.037,0.04,174874
OVN,20220406,0.042,0.042,0.042,0.042,2000
OVN,20220407,0.04,0.04,0.04,0.04,26908
OVN,20220408,0.04,0.041,0.04,0.041,323820
OVN,20220411,0.041,0.041,0.041,0.041,24500
OVN,20220412,0.039,0.039,0.038,0.038,96555
OVN,20220413,0.038,0.038,0.038,0.038,15227
OVN,20220414,0.04,0.04,0.04,0.04,132482
OVN,20220419,0.04,0.04,0.04,0.04,125000
OVN,20220420,0.038,0.038,0.038,0.038,90834
OVN,20220421,0.038,0.038,0.038,0.038,90834
OVN,20220422,0.038,0.038,0.038,0.038,104634
OVN,20220426,0.038,0.038,0.038,0.038,129310
OVN,20220427,0.038,0.038,0.038,0.038,0
OVN,20220428,0.038,0.039,0.035,0.035,519306
OVN,20220429,0.037,0.038,0.028,0.028,1441266
OVN,20220502,0.029,0.029,0.021,0.021,1457377
OVN,20220503,0.021,0.021,0.017,0.018,2683158
OVN,20220504,0.019,0.022,0.018,0.022,869470
OVN,20220505,0.022,0.025,0.022,0.022,1012879
OVN,20220506,0.018,0.02,0.017,0.02,726355
OVN,20220509,0.019,0.02,0.019,0.02,110511
OVN,20220510,0.02,0.02,0.02,0.02,151878
OVN,20220511,0.021,0.022,0.021,0.022,266994
OVN,20220512,0.022,0.024,0.022,0.022,871701
OVN,20220513,0.022,0.022,0.019,0.022,3310133
OVN,20220516,0.02,0.023,0.02,0.02,268792
OVN,20220517,0.021,0.021,0.021,0.021,50000
OVN,20220518,0.021,0.021,0.021,0.021,50000
OVN,20220519,0.02,0.02,0.02,0.02,119063
OVN,20220520,0.02,0.02,0.02,0.02,33608
OVN,20220523,0.02,0.02,0.02,0.02,12116
OVN,20220524,0.02,0.02,0.02,0.02,27554
OVN,20220525,0.021,0.021,0.02,0.02,515000
OVN,20220526,0.018,0.019,0.018,0.018,89000
OVN,20220527,0.018,0.018,0.017,0.018,792913
OVN,20220530,0.019,0.02,0.018,0.02,866289
OVN,20220531,0.02,0.023,0.02,0.023,646280
OVN,20220601,0.023,0.025,0.022,0.025,667235
OVN,20220602,0.02,0.021,0.02,0.021,209530
OVN,20220603,0.024,0.024,0.022,0.022,261281
OVN,20220606,0.024,0.024,0.022,0.022,241123
OVN,20220607,0.02,0.02,0.019,0.02,733800
OVN,20220608,0.02,0.02,0.02,0.02,0
OVN,20220609,0.02,0.02,0.02,0.02,0
OVN,20220610,0.02,0.02,0.02,0.02,0
OVN,20220614,0.02,0.02,0.02,0.02,0
OVN,20220615,0.02,0.02,0.02,0.02,0
OVN,20220616,0.02,0.02,0.02,0.02,0
OVN,20220617,0.02,0.02,0.02,0.02,0
OVN,20220620,0.02,0.02,0.02,0.02,0
OVN,20220621,0.02,0.02,0.02,0.02,0
OVN,20220622,0.02,0.02,0.02,0.02,0
OVN,20220623,0.02,0.02,0.02,0.02,0
OVN,20220624,0.02,0.02,0.02,0.02,0
OVN,20220627,0.02,0.02,0.02,0.02,0
OVN,20220628,0.02,0.02,0.02,0.02,0
OVN,20220629,0.02,0.02,0.02,0.02,0
OVN,20220630,0.02,0.02,0.02,0.02,0
OVN,20220701,0.02,0.02,0.02,0.02,0
OVN,20220704,0.02,0.02,0.02,0.02,0
OVN,20220705,0.02,0.02,0.02,0.02,0
OVN,20220706,0.02,0.02,0.02,0.02,0
OVN,20220707,0.02,0.02,0.02,0.02,0
OVN,20220708,0.02,0.02,0.02,0.02,0
OVN,20220711,0.02,0.02,0.02,0.02,0
OVN,20220712,0.02,0.02,0.02,0.02,0
OVN,20220713,0.02,0.02,0.02,0.02,0
OVN,20220714,0.02,0.02,0.02,0.02,0
OVN,20220715,0.02,0.02,0.02,0.02,0
OVN,20220718,0.02,0.02,0.02,0.02,0
OVN,20220719,0.02,0.02,0.02,0.02,0
OVN,20220720,0.02,0.02,0.02,0.02,0
OVN,20220721,0.02,0.02,0.02,0.02,0
OVN,20220722,0.02,0.02,0.02,0.02,0
OVN,20220725,0.02,0.02,0.02,0.02,0
OVN,20220726,0.02,0.02,0.02,0.02,0
OVN,20220727,0.02,0.02,0.02,0.02,0
OVN,20220728,0.02,0.02,0.02,0.02,0
OVN,20220729,0.02,0.02,0.02,0.02,0
OVN,20220801,0.02,0.02,0.02,0.02,0
OVN,20220802,0.02,0.02,0.02,0.02,0
OVN,20220803,0.02,0.02,0.02,0.02,0
OVN,20220805,0.02,0.02,0.02,0.02,0
OVN,20220808,0.02,0.02,0.02,0.02,0
OVN,20220809,0.02,0.02,0.02,0.02,0
OVN,20220810,0.02,0.02,0.02,0.02,0
OVN,20220811,0.02,0.02,0.02,0.02,0
OVN,20220812,0.02,0.02,0.02,0.02,0
OVN,20220815,0.02,0.02,0.02,0.02,0
OVN,20220816,0.02,0.02,0.02,0.02,0
OVN,20220817,0.02,0.02,0.02,0.02,0
OVN,20220818,0.02,0.02,0.02,0.02,0
OVN,20220819,0.02,0.02,0.02,0.02,0
OVN,20220822,0.02,0.02,0.02,0.02,0
OVN,20220823,0.02,0.02,0.02,0.02,0
OVN,20220824,0.02,0.02,0.02,0.02,0
OVN,20220825,0.02,0.02,0.02,0.02,0
OVN,20220826,0.02,0.02,0.02,0.02,0
OVN,20220829,0.02,0.02,0.02,0.02,0
OVN,20220830,0.02,0.02,0.02,0.02,0
OVN,20220831,0.02,0.02,0.02,0.02,0
OVN,20220901,0.02,0.02,0.02,0.02,0
OVN,20220902,0.02,0.02,0.02,0.02,0
OVN,20220905,0.02,0.02,0.02,0.02,0
OVN,20220906,0.02,0.02,0.02,0.02,0
OVN,20220907,0.02,0.02,0.02,0.02,0
OVN,20220909,0.02,0.02,0.02,0.02,0
OVN,20220912,0.02,0.02,0.02,0.02,0
OVN,20220913,0.02,0.02,0.02,0.02,0
OVN,20220914,0.02,0.02,0.02,0.02,0
OVN,20220915,0.02,0.02,0.02,0.02,0
OVN,20220916,0.02,0.02,0.02,0.02,0
OVN,20220919,0.02,0.02,0.02,0.02,0
OVN,20220920,0.02,0.02,0.02,0.02,0
OVN,20220921,0.02,0.02,0.02,0.02,0
