OZL,20160212,4.51,4.64,4.46,4.47,2718921
OZL,20160215,4.63,4.71,4.54,4.69,2518052
OZL,20160216,4.72,5,4.71,4.98,2869014
OZL,20160217,4.98,5.06,4.88,4.88,3584575
OZL,20160218,5.03,5.2,5.02,5.16,5628854
OZL,20160219,5.17,5.24,5.05,5.09,3369667
OZL,20160222,5.2,5.2,5.08,5.11,6800164
OZL,20160223,5.09,5.15,5,5.04,5953343
OZL,20160224,5.05,5.14,4.87,4.93,5081441
OZL,20160225,5.02,5.235,4.93,5.23,5421969
OZL,20160226,5.24,5.28,4.95,4.97,4195331
OZL,20160229,5.12,5.15,5.03,5.04,3359669
OZL,20160301,5,5.18,5,5.16,4075622
OZL,20160302,5.21,5.29,5.065,5.29,4285709
OZL,20160303,5.3,5.43,5.27,5.43,4062490
OZL,20160304,5.43,5.49,5.365,5.45,3194929
OZL,20160307,5.5,5.555,5.335,5.4,4860110
OZL,20160308,5.49,5.6,5.39,5.4,4155006
OZL,20160309,5.18,5.2,5.02,5.14,5155512
OZL,20160310,5.15,5.305,5.1,5.27,5249232
OZL,20160311,5.24,5.24,5.04,5.22,4069806
OZL,20160314,5.35,5.35,5.2,5.23,1528101
OZL,20160315,5.19,5.19,5.09,5.12,2253493
OZL,20160316,5.11,5.14,5.06,5.08,2303163
OZL,20160317,5.28,5.32,5.23,5.24,1994033
OZL,20160318,5.35,5.37,5.31,5.32,3614780
OZL,20160321,5.32,5.42,5.3,5.38,1261221
OZL,20160322,5.4,5.4,5.33,5.36,1781384
OZL,20160323,5.23,5.27,5.11,5.14,3245732
OZL,20160324,4.91,5.04,4.91,5.04,2435902
OZL,20160329,5.04,5.13,5.01,5.02,1263521
OZL,20160330,5.14,5.165,5.09,5.14,2416251
OZL,20160331,5.2,5.2,5.03,5.03,1957376
OZL,20160401,5.01,5.08,4.935,5.06,1698564
OZL,20160404,5.06,5.13,5.05,5.11,1532809
OZL,20160405,5.05,5.09,4.965,5.01,2153467
OZL,20160406,5.03,5.18,5.03,5.17,2977600
OZL,20160407,5.17,5.21,5.14,5.15,2090237
OZL,20160408,5,5.02,4.85,4.98,3262832
OZL,20160411,4.95,5.07,4.95,5.04,807537
OZL,20160412,5.01,5.19,5.01,5.15,2438446
OZL,20160413,5.3,5.43,5.23,5.26,2274092
OZL,20160414,5.41,5.48,5.38,5.39,2012260
OZL,20160415,5.35,5.38,5.22,5.34,1970206
OZL,20160418,5.27,5.31,5.19,5.26,1657252
OZL,20160419,5.35,5.4,5.295,5.35,1925070
OZL,20160420,5.47,5.58,5.46,5.58,4144191
OZL,20160421,5.65,5.73,5.59,5.62,2870007
OZL,20160422,5.53,5.56,5.45,5.5,3007258
OZL,20160426,5.56,5.69,5.53,5.69,4785452
OZL,20160427,5.72,5.76,5.61,5.65,3398147
OZL,20160428,5.73,5.81,5.68,5.81,2034549
OZL,20160429,5.81,5.92,5.79,5.88,2608027
OZL,20160502,5.92,6.19,5.89,6.16,1848913
OZL,20160503,6.13,6.13,6.01,6.09,2961705
OZL,20160504,5.98,5.98,5.75,5.77,2717076
OZL,20160505,5.78,5.83,5.64,5.74,2810001
OZL,20160506,5.6,5.91,5.6,5.82,2436817
OZL,20160509,5.83,5.9,5.63,5.66,2774729
OZL,20160510,5.6,5.6,5.43,5.51,3003292
OZL,20160511,5.63,5.73,5.59,5.7,2344791
OZL,20160512,5.7,5.8,5.65,5.72,1990276
OZL,20160513,5.6,5.64,5.555,5.58,1957732
OZL,20160516,5.58,5.62,5.49,5.59,1442095
OZL,20160517,5.64,5.835,5.62,5.8,1852159
OZL,20160518,5.81,5.87,5.66,5.78,1973979
OZL,20160519,5.67,5.69,5.45,5.47,2330366
OZL,20160520,5.5,5.73,5.495,5.61,1858306
OZL,20160523,5.6,5.72,5.51,5.64,1930852
OZL,20160524,5.73,5.73,5.49,5.5,1341676
OZL,20160525,5.58,5.66,5.53,5.55,1220901
OZL,20160526,5.55,5.64,5.55,5.62,917139
OZL,20160527,5.65,5.68,5.53,5.6,1898624
OZL,20160530,5.6,5.62,5.46,5.5,1197969
OZL,20160531,5.47,5.52,5.42,5.46,1306822
OZL,20160601,5.43,5.5,5.4,5.47,1494138
OZL,20160602,5.45,5.47,5.31,5.4,1216152
OZL,20160603,5.45,5.45,5.3,5.38,1289562
OZL,20160606,5.51,5.67,5.45,5.65,2772956
OZL,20160607,5.73,5.78,5.68,5.69,1406550
OZL,20160608,5.6,5.82,5.575,5.64,1926147
OZL,20160609,5.73,5.88,5.67,5.75,1644489
OZL,20160610,5.61,5.74,5.51,5.54,1214152
OZL,20160614,5.65,5.73,5.55,5.56,1871897
OZL,20160615,5.43,5.47,5.31,5.35,1632020
OZL,20160616,5.45,5.54,5.325,5.51,2816776
OZL,20160617,5.55,5.66,5.54,5.54,1948587
OZL,20160620,5.6,5.66,5.515,5.63,1042204
OZL,20160621,5.65,5.7,5.56,5.65,1412762
OZL,20160622,5.65,5.66,5.5,5.55,1005672
OZL,20160623,5.56,5.71,5.56,5.64,867001
OZL,20160624,5.66,5.68,5.39,5.49,3605059
OZL,20160627,5.5,5.625,5.5,5.51,1077239
OZL,20160628,5.5,5.52,5.26,5.35,3733271
OZL,20160629,5.45,5.535,5.39,5.5,2822452
OZL,20160630,5.43,5.65,5.43,5.65,2429781
OZL,20160701,5.64,5.98,5.63,5.86,2869122
OZL,20160704,5.98,6.14,5.96,6.05,1904484
OZL,20160705,6.1,6.13,5.95,5.97,1616104
OZL,20160706,5.87,6.1,5.83,6.1,2525271
OZL,20160707,6.11,6.16,6,6.04,1523700
OZL,20160708,6.02,6.14,6.005,6.13,1613222
OZL,20160711,6.19,6.48,6.18,6.46,1611720
OZL,20160712,6.57,6.67,6.49,6.52,2523593
OZL,20160713,6.55,6.89,6.53,6.84,2615790
OZL,20160714,6.79,6.89,6.72,6.82,2927194
OZL,20160715,6.9,7.02,6.83,7,1825429
OZL,20160718,7,7,6.805,6.87,1450514
OZL,20160719,6.9,6.95,6.78,6.78,1155937
OZL,20160720,6.78,6.79,6.46,6.61,3027240
OZL,20160721,6.62,6.66,6.385,6.45,2654336
OZL,20160722,6.4,6.59,6.38,6.51,1989892
OZL,20160725,6.6,6.69,6.455,6.52,1874127
OZL,20160726,6.54,6.61,6.5,6.5,1792078
OZL,20160727,6.63,6.64,6.525,6.53,1348941
OZL,20160728,6.54,6.56,6.47,6.5,1962700
OZL,20160729,6.47,6.47,6.26,6.39,3593283
OZL,20160801,6.42,6.54,6.41,6.47,1789940
OZL,20160802,6.51,6.51,6.32,6.32,1196802
OZL,20160803,6.27,6.46,6.225,6.4,1196431
OZL,20160804,6.5,6.525,6.37,6.4,1271703
OZL,20160805,6.41,6.46,6.36,6.41,988252
OZL,20160808,6.51,6.53,6.39,6.42,925519
OZL,20160809,6.35,6.38,6.25,6.27,1224242
OZL,20160810,6.24,6.4,6.19,6.37,1985453
OZL,20160811,6.41,6.75,6.41,6.64,3210121
OZL,20160812,6.8,7.035,6.8,6.99,2809967
OZL,20160815,6.98,6.98,6.855,6.91,1952847
OZL,20160816,6.92,6.95,6.88,6.93,1319121
OZL,20160817,7,7,6.77,6.81,3050705
OZL,20160818,6.85,6.95,6.82,6.86,2555631
OZL,20160822,6.98,7,6.875,6.89,1753511
OZL,20160823,6.9,6.91,6.8,6.84,1682995
OZL,20160824,6.89,6.9,6.81,6.83,1344997
OZL,20160825,6.65,6.73,6.56,6.68,1286264
OZL,20160826,6.64,6.7,6.62,6.63,2282571
OZL,20160829,6.57,6.69,6.505,6.52,1044435
OZL,20160830,6.68,6.68,6.52,6.52,1070042
OZL,20160831,6.45,6.46,6.305,6.39,2013485
OZL,20160901,6.23,6.36,6.19,6.24,1686748
OZL,20160902,6.21,6.39,6.2,6.33,1441418
OZL,20160905,6.25,6.38,6.25,6.28,1300260
OZL,20160906,6.25,6.34,6.23,6.32,962300
OZL,20160907,6.3,6.47,6.26,6.28,1747015
OZL,20160908,6.15,6.15,5.98,6.05,2635615
OZL,20160909,5.99,6.04,5.945,6,1623742
OZL,20160912,5.84,5.85,5.75,5.79,1842696
OZL,20160913,5.85,5.92,5.78,5.82,2102910
OZL,20160914,5.78,5.785,5.605,5.68,2712131
OZL,20160915,5.86,6,5.8,5.98,2932567
OZL,20160916,6.08,6.1,5.94,6.08,3208373
OZL,20160919,6.01,6.08,5.98,6.04,146188
OZL,20160920,6.01,6.34,6,6.11,1699401
OZL,20160921,6.1,6.27,6.04,6.18,2124092
OZL,20160922,6.3,6.385,6.28,6.35,1420604
OZL,20160923,6.3,6.35,6.19,6.34,1516727
OZL,20160926,6.27,6.32,6.19,6.28,1152079
OZL,20160927,6.18,6.25,6.09,6.19,1641129
OZL,20160928,6.19,6.28,6.14,6.19,1829606
OZL,20160929,6.25,6.445,6.25,6.36,1142728
OZL,20160930,6.28,6.33,6.08,6.08,2021626
OZL,20161003,6.14,6.14,5.93,6.02,1506259
OZL,20161004,5.98,5.98,5.76,5.88,2522684
OZL,20161005,5.74,5.8,5.65,5.77,2280581
OZL,20161006,5.8,5.87,5.77,5.77,1263850
OZL,20161007,5.86,5.94,5.76,5.86,1189542
OZL,20161010,5.92,5.95,5.83,5.91,1038233
OZL,20161011,5.91,6,5.86,5.97,1478249
OZL,20161012,5.95,5.95,5.81,5.88,2766820
OZL,20161013,5.88,6,5.86,5.98,2227284
OZL,20161014,6,6,5.855,5.94,1509341
OZL,20161017,5.91,5.93,5.77,5.81,1814269
OZL,20161018,5.78,5.81,5.67,5.77,1680489
OZL,20161019,5.82,5.915,5.75,5.86,1830137
OZL,20161020,5.86,5.935,5.855,5.89,2128626
OZL,20161021,5.87,5.91,5.75,5.88,1467438
OZL,20161024,5.8,5.95,5.76,5.87,1332800
OZL,20161025,5.91,6.04,5.86,6.02,1567204
OZL,20161026,6,6.11,5.94,6.08,2328850
OZL,20161027,6.12,6.29,6.07,6.27,2923094
OZL,20161028,6.13,6.36,6.1,6.35,2360350
OZL,20161031,6.38,6.71,6.38,6.7,2853818
OZL,20161101,6.69,6.7,6.57,6.66,1277205
OZL,20161102,6.55,6.765,6.55,6.75,1729513
OZL,20161103,6.61,6.79,6.61,6.76,1743116
OZL,20161104,6.81,7.08,6.79,7.02,3144409
OZL,20161107,7.05,7.14,6.92,7.13,1745880
OZL,20161108,7.25,7.79,7.25,7.62,3368041
OZL,20161109,7.64,7.82,7.31,7.39,3662204
OZL,20161110,7.75,8.19,7.75,8,3775760
OZL,20161111,8.1,8.13,7.86,7.9,3663069
OZL,20161114,7.86,7.86,7.45,7.51,4365895
OZL,20161115,7.68,8,7.65,7.87,3267159
OZL,20161116,8,8.06,7.67,7.95,3190624
OZL,20161117,7.75,7.88,7.71,7.73,1931736
OZL,20161118,7.69,7.82,7.51,7.74,2689612
OZL,20161121,7.77,7.78,7.65,7.7,1896701
OZL,20161122,7.83,8.19,7.81,8.17,2880016
OZL,20161123,8.26,8.47,8.17,8.47,3035280
OZL,20161124,8.5,8.5,8.2,8.23,2677415
OZL,20161125,8.29,8.45,8.29,8.4,2701463
OZL,20161128,8.49,8.54,8.28,8.3,2093573
OZL,20161129,8.3,8.32,8.05,8.11,2596101
OZL,20161130,7.95,8.06,7.8,7.87,1996123
OZL,20161201,8.07,8.2,7.98,8.18,1877600
OZL,20161202,8.18,8.37,8.03,8.18,1828933
OZL,20161205,8.14,8.22,8.06,8.09,877750
OZL,20161206,8.21,8.32,8.165,8.17,1144608
OZL,20161207,8.2,8.315,8.17,8.26,1068611
OZL,20161208,8.21,8.3,8.12,8.16,1501745
OZL,20161209,8.1,8.48,8.05,8.43,2260507
OZL,20161212,8.45,8.62,8.45,8.56,1357566
OZL,20161213,8.48,8.55,8.25,8.31,1964684
OZL,20161214,8.3,8.42,8.28,8.29,1013534
OZL,20161215,8.13,8.17,7.95,8,1901702
OZL,20161216,7.92,7.99,7.78,7.84,3424756
OZL,20161219,7.83,8.015,7.71,7.97,1076030
OZL,20161220,7.76,7.895,7.65,7.66,2193425
OZL,20161221,7.76,8.03,7.69,8.01,1987949
OZL,20161222,7.95,7.99,7.87,7.92,1061884
OZL,20161223,7.91,7.98,7.76,7.81,1546778
OZL,20161228,7.76,7.9,7.75,7.82,1165741
OZL,20161229,7.79,8.05,7.78,8.01,762958
OZL,20161230,7.91,8,7.88,7.89,568686
OZL,20170103,7.9,8.12,7.9,8.07,860417
OZL,20170104,8.11,8.22,8.04,8.18,1606359
OZL,20170105,8.26,8.51,8.26,8.46,2241770
OZL,20170106,8.45,8.56,8.29,8.31,998728
OZL,20170109,8.37,8.51,8.31,8.44,1034103
OZL,20170110,8.35,8.46,8.31,8.41,1211246
OZL,20170111,8.65,8.9,8.59,8.74,1321567
OZL,20170112,8.75,8.85,8.6,8.82,1447276
OZL,20170113,8.84,9,8.795,8.9,2161195
OZL,20170116,8.98,9.19,8.93,9.05,2228400
OZL,20170117,9.02,9.265,9.01,9.13,1794828
OZL,20170118,9.07,9.1,8.93,8.96,1179670
OZL,20170119,9,9.165,8.93,9.08,937342
OZL,20170120,9.02,9.175,8.95,8.95,1472542
OZL,20170123,9.13,9.13,8.98,9.05,1472233
OZL,20170124,9.07,9.245,9.06,9.16,1977379
OZL,20170125,9.29,9.32,9.11,9.19,3636542
OZL,20170127,8.98,9.16,8.87,9.16,1295220
OZL,20170130,9.16,9.21,8.995,9.08,1269866
OZL,20170131,8.97,9.03,8.89,8.98,1674460
OZL,20170201,8.94,9.14,8.94,9.13,2185291
OZL,20170202,9.3,9.56,9.27,9.43,3379075
OZL,20170203,9.43,9.63,9.11,9.15,2181449
OZL,20170206,9.28,9.33,8.97,9.01,1669325
OZL,20170207,8.93,9.08,8.77,9.01,2472164
OZL,20170208,9.05,9.375,9.01,9.27,1925856
OZL,20170209,9.35,9.49,9.3,9.45,2516752
OZL,20170210,9.5,9.6,9.4,9.58,1992446
OZL,20170213,9.8,10.08,9.69,9.9,2142238
OZL,20170214,9.99,9.99,9.71,9.88,1772900
OZL,20170215,9.97,9.98,9.86,9.94,1465218
OZL,20170216,9.99,10,9.88,9.99,1201346
OZL,20170217,9.93,9.93,9.72,9.82,1228640
OZL,20170220,9.8,9.87,9.63,9.82,1317344
OZL,20170221,9.85,9.99,9.85,9.96,1735924
OZL,20170222,10,10,9.88,9.96,1725258
OZL,20170223,9.9,10.05,9.59,9.63,2145412
OZL,20170224,9.56,9.77,9.41,9.5,3954696
OZL,20170227,9.48,9.67,9.46,9.5,1678922
OZL,20170228,9.37,9.51,9.28,9.3,2051544
OZL,20170301,9.25,9.33,9.125,9.16,2168893
OZL,20170302,9.35,9.49,9.22,9.48,2597430
OZL,20170303,9.2,9.23,8.875,8.93,3180664
OZL,20170306,8.89,9.08,8.89,8.95,1617009
OZL,20170307,8.9,9.04,8.665,8.74,3492406
OZL,20170308,8.61,8.8,8.52,8.58,2392090
OZL,20170309,8.37,8.4,8.16,8.25,3936035
OZL,20170310,8.37,8.49,8.185,8.21,2355694
OZL,20170313,8.1,8.1,7.9,7.99,3838122
OZL,20170314,8.14,8.2,8,8.04,4259075
OZL,20170315,7.99,8.37,7.96,8.36,3499659
OZL,20170316,8.57,8.64,8.4,8.5,3204765
OZL,20170317,8.58,8.63,8.45,8.47,2758710
OZL,20170320,8.5,8.5,8.3,8.43,1769473
OZL,20170321,8.43,8.5,8.35,8.38,1790562
OZL,20170322,8.18,8.35,8.09,8.25,2594943
OZL,20170323,8.25,8.34,8.21,8.25,1032593
OZL,20170324,8.25,8.28,8.17,8.26,1483881
OZL,20170327,8.12,8.17,8,8.04,2158321
OZL,20170328,8.12,8.16,8.01,8.03,1934908
OZL,20170329,8.1,8.19,7.97,8,2021346
OZL,20170330,8.1,8.12,7.94,7.94,1944747
OZL,20170331,8,8.02,7.81,7.83,2807032
OZL,20170403,7.78,7.8,7.67,7.78,2390575
OZL,20170404,7.78,8.07,7.78,7.99,2220176
OZL,20170405,8.11,8.375,8.11,8.36,2831090
OZL,20170406,8.28,8.46,8.25,8.44,2424678
OZL,20170407,8.4,8.49,8.22,8.29,1806255
OZL,20170410,8.21,8.42,8.21,8.38,1077288
OZL,20170411,8.38,8.4,8.13,8.2,1249851
OZL,20170412,8.29,8.32,8.19,8.23,1250176
OZL,20170413,8,8.02,7.78,7.84,1892848
OZL,20170418,7.78,7.85,7.49,7.51,3409122
OZL,20170419,7.32,7.515,7.28,7.46,3017355
OZL,20170420,7.24,7.34,7.22,7.24,2417121
OZL,20170421,7.38,7.53,7.38,7.43,2909709
OZL,20170424,7.43,7.445,7.04,7.11,3806617
OZL,20170426,7.16,7.33,7.08,7.11,5369046
OZL,20170427,7.2,7.21,6.975,7,3778729
OZL,20170428,7.06,7.12,6.92,7.08,3800260
OZL,20170501,7.12,7.22,6.93,7.04,6044474
OZL,20170502,7.07,7.07,6.87,6.94,2869851
OZL,20170503,6.94,6.99,6.74,6.79,2632310
OZL,20170504,6.65,6.75,6.61,6.75,2969250
OZL,20170505,6.73,6.73,6.31,6.34,4784707
OZL,20170508,6.53,6.59,6.325,6.38,3422623
OZL,20170509,6.38,6.44,6.31,6.37,3383185
OZL,20170510,6.44,6.53,6.37,6.46,5119216
OZL,20170511,6.65,6.67,6.55,6.59,2962021
OZL,20170512,6.6,6.665,6.52,6.56,2221754
OZL,20170515,6.52,6.55,6.35,6.4,3217844
OZL,20170516,6.54,6.55,6.4,6.41,1806314
OZL,20170517,6.45,6.65,6.385,6.62,3486052
OZL,20170518,6.59,6.67,6.57,6.63,3289090
OZL,20170519,6.72,7.05,6.65,7.01,4882034
OZL,20170522,7.14,7.185,7,7.06,3023789
OZL,20170523,7.18,7.27,7.12,7.18,3015439
OZL,20170524,7.28,7.28,7.15,7.25,3793882
OZL,20170525,7.16,7.34,7.12,7.32,2389266
OZL,20170526,7.32,7.35,7.225,7.32,3086541
OZL,20170529,7.32,7.32,7.24,7.26,1634262
OZL,20170530,7.26,7.42,7.24,7.38,1752355
OZL,20170531,7.35,7.38,7.26,7.31,2443673
OZL,20170601,7.35,7.35,7.24,7.31,1860043
OZL,20170602,7.35,7.35,7.27,7.3,1430472
OZL,20170605,7.28,7.39,7.27,7.31,1761332
OZL,20170606,7.25,7.31,7.21,7.24,2182818
OZL,20170607,7.24,7.31,7.22,7.23,1874742
OZL,20170608,7.21,7.295,7.185,7.25,1390472
OZL,20170609,7.26,7.57,7.2,7.5,2921860
OZL,20170613,7.59,7.63,7.5,7.56,2230257
OZL,20170614,7.63,7.63,7.44,7.49,2336246
OZL,20170615,7.29,7.38,7.25,7.28,3191140
OZL,20170616,7.14,7.23,7.05,7.06,3111086
OZL,20170619,7.11,7.19,7.015,7.15,1861932
OZL,20170620,7.12,7.28,7.105,7.23,2247042
OZL,20170621,7.06,7.07,6.84,6.96,3170162
OZL,20170622,6.97,7,6.85,6.87,1476301
OZL,20170623,6.96,7.06,6.92,7.04,1823072
OZL,20170626,7.08,7.16,7.03,7.04,1118884
OZL,20170627,7.01,7.215,6.89,7.07,2925835
OZL,20170628,7.13,7.26,7.08,7.22,2360813
OZL,20170629,7.32,7.52,7.29,7.48,2979142
OZL,20170630,7.36,7.48,7.28,7.41,2925727
OZL,20170703,7.35,7.46,7.27,7.3,1523976
OZL,20170704,7.35,7.53,7.34,7.45,1957652
OZL,20170705,7.45,7.55,7.415,7.53,686484
OZL,20170706,7.47,7.52,7.4,7.47,1191958
OZL,20170707,7.4,7.425,7.32,7.42,766665
OZL,20170710,7.4,7.45,7.33,7.42,1175533
OZL,20170711,7.55,7.8,7.55,7.75,2467294
OZL,20170712,7.77,7.83,7.61,7.68,1677443
OZL,20170713,7.78,7.79,7.54,7.64,2039285
OZL,20170714,7.61,7.73,7.61,7.67,1154127
OZL,20170717,7.73,7.945,7.73,7.89,1450405
OZL,20170718,7.92,7.96,7.785,7.83,1313148
OZL,20170719,7.8,7.81,7.57,7.75,1541423
OZL,20170720,7.74,7.77,7.6,7.62,2222986
OZL,20170721,7.55,7.61,7.44,7.57,1284843
OZL,20170724,7.6,7.6,7.455,7.48,1157020
OZL,20170725,7.6,7.62,7.24,7.37,4182969
OZL,20170726,7.72,8.195,7.72,8.16,6462728
OZL,20170727,8.06,8.165,7.95,8.04,2739930
OZL,20170728,8,8.1,7.97,8.07,2226403
OZL,20170731,8.13,8.42,8.13,8.34,3101700
OZL,20170801,8.39,8.595,8.32,8.55,2745221
OZL,20170802,8.46,8.465,8.17,8.41,3310861
OZL,20170803,8.43,8.58,8.415,8.55,1796353
OZL,20170804,8.45,8.54,8.4,8.53,1417356
OZL,20170807,8.6,8.79,8.6,8.66,1297006
OZL,20170808,8.79,8.9,8.75,8.85,2192348
OZL,20170809,8.84,8.84,8.65,8.78,1706037
OZL,20170810,8.78,8.835,8.6,8.63,2253175
OZL,20170811,8.43,8.62,8.385,8.55,2455562
OZL,20170815,8.6,8.76,8.55,8.64,1240708
OZL,20170816,8.6,8.66,8.415,8.53,2264941
OZL,20170817,8.8,8.88,8.75,8.76,2062718
OZL,20170818,8.6,8.66,8.52,8.59,1601817
OZL,20170821,8.6,8.74,8.56,8.66,1492564
OZL,20170822,8.77,8.96,8.73,8.83,1864387
OZL,20170823,8.95,8.97,8.68,8.75,2170843
OZL,20170824,8.63,9.04,8.63,8.97,2178197
OZL,20170825,8.82,8.87,8.27,8.5,4325365
OZL,20170828,8.42,8.42,8.12,8.18,3736443
OZL,20170829,8.19,8.27,7.96,8.24,4017249
OZL,20170830,8.28,8.42,8.26,8.35,2811322
OZL,20170831,8.23,8.28,8.015,8.11,2969565
OZL,20170901,8.11,8.33,8.1,8.3,1883439
OZL,20170904,8.3,8.47,8.29,8.36,1838000
OZL,20170905,8.38,8.52,8.34,8.45,2134717
OZL,20170906,8.26,8.45,8.225,8.44,1917764
OZL,20170907,8.46,8.52,8.35,8.47,1299091
OZL,20170908,8.47,8.5,8.27,8.31,1821425
OZL,20170911,8.15,8.15,8.01,8.12,2228618
OZL,20170912,8.13,8.34,8.13,8.29,1740052
OZL,20170913,8.29,8.34,8.19,8.27,1092905
OZL,20170914,8.19,8.32,8.14,8.24,1178775
OZL,20170915,8.17,8.205,7.83,7.88,2609573
OZL,20170918,7.83,7.93,7.765,7.85,1320062
OZL,20170919,7.83,7.9,7.72,7.75,4672392
OZL,20170920,7.75,7.88,7.71,7.81,976365
OZL,20170921,7.75,7.76,7.59,7.62,1551636
OZL,20170922,7.58,7.615,7.35,7.42,2302209
OZL,20170925,7.37,7.45,7.26,7.39,1909767
OZL,20170926,7.38,7.49,7.27,7.44,1334956
OZL,20170927,7.4,7.53,7.38,7.47,1744018
OZL,20170928,7.53,7.55,7.2,7.25,3640514
OZL,20170929,7.29,7.49,7.29,7.42,2555674
OZL,20171002,7.42,7.63,7.4,7.57,1342973
OZL,20171003,7.65,7.7,7.6,7.65,1986039
OZL,20171004,7.65,7.82,7.635,7.8,1925101
OZL,20171005,7.8,7.85,7.76,7.81,2092172
OZL,20171006,7.99,8.04,7.86,7.88,1767767
OZL,20171009,7.92,7.92,7.78,7.81,1129782
OZL,20171010,7.78,7.9,7.76,7.87,739104
OZL,20171011,7.9,7.94,7.81,7.9,995949
OZL,20171012,7.9,7.93,7.83,7.93,1060412
OZL,20171013,7.97,8.08,7.95,8.05,1112078
OZL,20171016,8.16,8.28,8.06,8.17,1757640
OZL,20171017,8.3,8.56,8.28,8.52,2401536
OZL,20171018,8.45,8.5,8.42,8.47,1363013
OZL,20171019,8.46,8.56,8.44,8.48,1418439
OZL,20171020,8.41,8.54,8.36,8.51,1536987
OZL,20171023,8.49,8.5,8.34,8.37,1105294
OZL,20171024,8.35,8.43,8.26,8.34,1378436
OZL,20171025,8.4,8.53,8.32,8.32,1694559
OZL,20171026,8.34,8.39,8.27,8.37,1167257
OZL,20171027,8.52,8.52,8.26,8.32,1314565
OZL,20171030,8.32,8.32,8.1,8.26,1630026
OZL,20171031,8.26,8.26,8,8.05,1655308
OZL,20171101,8.15,8.16,8,8.03,1328303
OZL,20171102,8.16,8.235,8.07,8.2,1299041
OZL,20171103,8.33,8.53,8.18,8.4,1598578
OZL,20171106,8.37,8.57,8.37,8.41,1303396
OZL,20171107,8.57,8.64,8.52,8.57,1599780
OZL,20171108,8.53,8.59,8.44,8.51,1135697
OZL,20171109,8.53,8.76,8.49,8.72,1489360
OZL,20171110,8.53,8.76,8.49,8.72,1489360
OZL,20171113,8.64,8.68,8.56,8.63,1187957
OZL,20171114,8.68,8.68,8.51,8.55,1224836
OZL,20171115,8.49,8.49,8.27,8.33,1728045
OZL,20171116,8.27,8.355,8.15,8.27,1583295
OZL,20171117,8.36,8.425,8.205,8.36,2784193
OZL,20171120,8.31,8.36,8.13,8.16,1305750
OZL,20171121,8.28,8.355,8.12,8.17,1726096
OZL,20171122,8.31,8.58,8.29,8.46,2767835
OZL,20171123,8.51,8.62,8.49,8.49,1111396
OZL,20171124,8.49,8.57,8.45,8.52,1932139
OZL,20171127,8.59,8.62,8.53,8.54,707624
OZL,20171128,8.55,8.59,8.415,8.47,1193458
OZL,20171129,8.47,8.53,8.43,8.53,1121034
OZL,20171130,8.41,8.5,8.22,8.35,2572808
OZL,20171201,8.41,8.45,8.34,8.4,1851680
OZL,20171204,8.45,8.49,8.34,8.39,1056974
OZL,20171205,8.35,8.39,8.18,8.21,1672252
OZL,20171206,8,8.1,7.95,7.96,2921456
OZL,20171207,8.05,8.09,7.91,7.91,2339500
OZL,20171208,7.95,7.98,7.87,7.98,1553361
OZL,20171211,8.1,8.35,8.05,8.07,2075603
OZL,20171212,8.2,8.23,8.08,8.08,1401398
OZL,20171213,8.09,8.195,8.04,8.12,1188069
OZL,20171214,8.21,8.36,8.19,8.24,3700195
OZL,20171215,8.33,8.535,8.295,8.5,2517916
OZL,20171218,8.56,8.625,8.44,8.51,1736129
OZL,20171219,8.62,8.85,8.575,8.8,2834274
OZL,20171220,8.75,8.88,8.65,8.84,2342084
OZL,20171221,8.9,8.95,8.8,8.92,3757968
OZL,20171222,8.91,9.02,8.86,8.99,2381016
OZL,20171227,9,9.1,8.93,9.08,564691
OZL,20171228,9.11,9.185,9,9.15,1085018
OZL,20171229,9.15,9.23,9.08,9.16,1141324
OZL,20180102,9.16,9.31,9.11,9.2,765014
OZL,20180103,9.25,9.31,9.14,9.18,1539610
OZL,20180104,9.27,9.31,9.09,9.12,1131441
OZL,20180105,9.2,9.29,9.18,9.19,795296
OZL,20180108,9.2,9.27,9.14,9.25,935263
OZL,20180109,9.21,9.24,9.12,9.15,1989867
OZL,20180110,9.11,9.13,8.78,8.8,1926300
OZL,20180111,8.89,8.97,8.8,8.87,1459562
OZL,20180112,8.88,9,8.88,8.92,839875
OZL,20180115,8.95,8.98,8.92,8.94,496435
OZL,20180116,8.95,9.12,8.915,9.08,994025
OZL,20180117,9.16,9.36,9.04,9.17,2273485
OZL,20180118,9.3,9.34,9.08,9.14,1609252
OZL,20180119,9.15,9.17,9.005,9.08,1369942
OZL,20180122,9.08,9.17,9.02,9.13,1364854
OZL,20180123,9.15,9.28,9.13,9.26,1207057
OZL,20180124,9.17,9.17,9.06,9.11,1521237
OZL,20180125,9.22,9.32,9.175,9.25,1616548
OZL,20180129,9.25,9.32,9.17,9.27,1292833
OZL,20180130,9.23,9.48,9.16,9.4,1625142
OZL,20180131,9.2,9.42,9.05,9.35,1989646
OZL,20180201,9.39,9.39,9.23,9.35,1495145
OZL,20180202,9.35,9.48,9.24,9.38,1007203
OZL,20180205,9.15,9.22,8.96,8.98,1421024
OZL,20180207,9,9.175,9,9.06,1808733
OZL,20180208,8.87,8.9,8.71,8.85,1604593
OZL,20180209,8.7,8.91,8.61,8.77,2690263
OZL,20180212,8.7,8.74,8.53,8.61,2156596
OZL,20180213,8.71,8.885,8.69,8.86,1864938
OZL,20180214,8.9,8.93,8.755,8.79,997111
OZL,20180215,9.05,9.17,8.99,9.12,2344231
OZL,20180216,9.2,9.31,9.13,9.27,1952149
OZL,20180219,9.2,9.27,9.07,9.18,1300801
OZL,20180220,9.1,9.14,8.935,8.98,1423113
OZL,20180221,8.9,9.03,8.83,8.91,1114817
OZL,20180222,9.14,9.57,9.14,9.39,2283094
OZL,20180223,9.6,9.94,9.6,9.84,2501523
OZL,20180226,9.9,9.94,9.71,9.8,1772504
OZL,20180227,9.85,9.99,9.8,9.83,2426037
OZL,20180228,9.9,9.94,9.64,9.64,2027749
OZL,20180301,9.62,9.69,9.46,9.51,1508142
OZL,20180302,9.44,9.62,9.38,9.59,1619187
OZL,20180305,9.54,9.7,9.43,9.49,1398885
OZL,20180306,9.55,9.76,9.41,9.71,1888871
OZL,20180307,9.68,9.82,9.68,9.75,2000574
OZL,20180308,9.79,9.87,9.66,9.67,1686327
OZL,20180309,9.53,9.645,9.27,9.33,2344264
OZL,20180312,9.57,9.59,9.355,9.4,1306189
OZL,20180313,9.42,9.51,9.12,9.16,1591379
OZL,20180314,9.05,9.28,9.01,9.25,1662299
OZL,20180315,9.25,9.45,9.185,9.43,1753751
OZL,20180316,9.25,9.44,9.25,9.35,1918181
OZL,20180319,9.4,9.48,9.3,9.42,1002394
OZL,20180320,9.29,9.3,9.2,9.27,2282106
OZL,20180321,9.31,9.445,9.29,9.29,1190999
OZL,20180322,9.29,9.54,9.29,9.4,1375205
OZL,20180323,9.07,9.14,8.92,9.04,1672943
OZL,20180326,9.01,9.07,8.86,9,1710402
OZL,20180327,8.7,9.12,8.7,9.1,3908769
OZL,20180328,8.99,9.12,8.855,9,1826096
OZL,20180329,8.93,9.08,8.91,8.99,2192842
OZL,20180403,8.85,9.21,8.84,9.09,1897656
OZL,20180404,9.07,9.27,9.07,9.21,2653117
OZL,20180405,9.21,9.29,8.97,9.01,1133721
OZL,20180406,8.99,9.145,8.95,9,2083978
OZL,20180409,8.99,9.05,8.88,9.03,786527
OZL,20180410,9.06,9.21,9.03,9.08,1131843
OZL,20180411,9.18,9.26,8.9,8.92,1473680
OZL,20180412,8.89,9.04,8.85,8.99,1223856
OZL,20180413,9.04,9.07,8.92,8.96,733326
OZL,20180416,8.97,9.02,8.73,8.85,1068436
OZL,20180417,8.85,9.04,8.85,8.92,766765
OZL,20180418,9.18,9.34,9.14,9.14,1704726
OZL,20180419,9.37,9.45,9.25,9.34,2021828
OZL,20180420,9.4,9.4,9.22,9.24,1282501
OZL,20180423,9.3,9.35,9.17,9.18,1144563
OZL,20180424,9.16,9.19,8.94,8.98,2530360
OZL,20180426,9.05,9.3,9.02,9.2,1888743
OZL,20180427,9.25,9.3,9.17,9.2,1251913
OZL,20180430,9.17,9.25,8.99,9.25,1772812
OZL,20180501,9.28,9.3,9.19,9.28,1569849
OZL,20180502,9.28,9.61,9.28,9.61,2481295
OZL,20180503,9.65,9.91,9.62,9.88,1842332
OZL,20180504,9.9,9.9,9.69,9.81,1069171
OZL,20180507,9.8,9.97,9.74,9.96,1229027
OZL,20180508,9.99,10.05,9.98,10,1793950
OZL,20180509,9.96,10.12,9.88,10.07,2032753
OZL,20180510,10.2,10.32,10.11,10.25,1811198
OZL,20180511,10.32,10.46,10.29,10.33,1039547
OZL,20180514,10.35,10.475,10.35,10.4,1534948
OZL,20180515,10.35,10.39,10.16,10.21,1445427
OZL,20180516,10.19,10.31,10.15,10.26,1737102
OZL,20180517,10.3,10.41,10.28,10.4,1912458
OZL,20180518,10.45,10.47,10.34,10.39,911571
OZL,20180521,10.33,10.59,10.33,10.56,1407758
OZL,20180522,10.5,10.59,10.28,10.37,1006627
OZL,20180523,10.41,10.65,10.37,10.4,1413523
OZL,20180524,10.29,10.33,10.02,10.13,1669110
OZL,20180525,10.07,10.2,9.89,9.91,1483948
OZL,20180528,9.88,9.91,9.66,9.73,961073
OZL,20180529,9.75,9.83,9.7,9.81,691159
OZL,20180530,9.64,9.79,9.59,9.77,1634889
OZL,20180531,9.81,9.88,9.74,9.84,1557983
OZL,20180601,9.78,9.94,9.71,9.91,774529
OZL,20180604,9.81,10.23,9.81,10.13,983601
OZL,20180605,10.02,10.14,9.97,10.02,934654
OZL,20180606,10.23,10.44,10.2,10.31,2293997
OZL,20180607,10.46,10.68,10.45,10.6,2004582
OZL,20180608,10.5,10.59,10.44,10.52,1340554
OZL,20180612,10.42,10.7,10.42,10.67,1882094
OZL,20180613,10.57,10.65,10.255,10.31,2641655
OZL,20180614,10.13,10.345,10.12,10.31,1724046
OZL,20180615,10.35,10.39,10.125,10.32,2244087
OZL,20180618,10.16,10.185,9.99,10.17,1864764
OZL,20180619,10.14,10.15,9.73,9.78,2125008
OZL,20180620,9.67,9.89,9.63,9.74,3217995
OZL,20180621,9.89,9.89,9.71,9.74,2243771
OZL,20180622,9.72,9.82,9.64,9.73,1828548
OZL,20180625,9.74,9.91,9.73,9.87,1633442
OZL,20180626,9.68,9.74,9.64,9.7,1678938
OZL,20180627,9.7,9.79,9.56,9.57,1358563
OZL,20180628,9.55,9.75,9.47,9.5,1409953
OZL,20180629,9.5,9.51,9.3,9.42,1756391
OZL,20180702,9.4,9.53,9.39,9.48,1029455
OZL,20180703,9.46,9.56,9.34,9.39,1558172
OZL,20180704,9.35,9.4,9.21,9.24,1343019
OZL,20180705,9.12,9.15,8.96,9.14,1445364
OZL,20180706,9.14,9.29,9.04,9.21,3050742
OZL,20180710,9.35,9.45,9.29,9.35,1527720
OZL,20180711,9.29,9.36,9.01,9.05,2231111
OZL,20180712,8.95,8.99,8.8,8.93,2973923
OZL,20180713,8.99,9.21,8.97,9.11,2437374
OZL,20180716,9.11,9.2,8.91,8.99,2162730
OZL,20180717,8.95,8.99,8.85,8.95,2718298
OZL,20180718,8.98,9.11,8.95,9,4545168
OZL,20180719,9.08,9.35,9.08,9.23,3403355
OZL,20180720,9.29,9.45,9.28,9.37,3529539
OZL,20180723,9.37,9.49,9.16,9.43,2232384
OZL,20180724,9.41,9.47,9.31,9.47,2882273
OZL,20180725,9.69,9.84,9.66,9.75,4652347
OZL,20180726,9.81,9.82,9.71,9.76,2282806
OZL,20180727,9.77,9.81,9.655,9.69,2345425
OZL,20180730,9.59,9.59,9.41,9.47,2063806
OZL,20180731,9.48,9.56,9.45,9.49,2110365
OZL,20180801,9.5,9.59,9.47,9.56,1472102
OZL,20180802,9.36,9.43,9.29,9.37,2223439
OZL,20180803,9.37,9.43,9.31,9.4,1630497
OZL,20180806,9.5,9.53,9.45,9.49,2401745
OZL,20180807,9.42,9.48,9.39,9.43,2875330
OZL,20180808,9.42,9.49,9.39,9.45,1917596
OZL,20180809,9.47,9.56,9.38,9.5,1873489
OZL,20180810,9.6,9.64,9.465,9.48,956550
OZL,20180813,9.45,9.51,9.41,9.46,1001573
OZL,20180814,9.44,9.47,9.28,9.38,2465106
OZL,20180816,8.82,9.16,8.48,8.99,3981762
OZL,20180817,9.11,9.19,8.95,9.16,2249069
OZL,20180820,9.38,9.485,9.24,9.39,1687340
OZL,20180821,9.4,9.46,9.32,9.35,2858495
OZL,20180822,9.33,9.37,9.25,9.36,5296415
OZL,20180823,9.38,9.4,9.25,9.3,3547016
OZL,20180824,9.32,9.32,8.985,9.08,3141217
OZL,20180827,9.16,9.41,9.155,9.26,2851413
OZL,20180828,9.4,9.59,9.305,9.52,2028421
OZL,20180829,9.5,9.5,9.35,9.41,1735882
OZL,20180830,9.45,9.465,9.295,9.33,1503654
OZL,20180831,9.29,9.3,9.04,9.07,2588355
OZL,20180903,9.07,9.1,8.82,8.9,2368770
OZL,20180904,8.85,8.98,8.84,8.86,1228491
OZL,20180905,8.79,8.79,8.59,8.63,3003140
OZL,20180906,8.57,8.68,8.38,8.59,3335119
OZL,20180907,8.42,8.57,8.38,8.51,1863190
OZL,20180910,8.4,8.445,8.22,8.27,3216218
OZL,20180913,8.42,8.62,8.4,8.54,2505547
OZL,20180914,8.51,8.75,8.48,8.71,2437990
OZL,20180917,8.61,8.63,8.35,8.45,2418859
OZL,20180918,8.35,8.51,8.24,8.4,3085535
OZL,20180919,8.6,8.87,8.56,8.81,3793871
OZL,20180920,8.81,9.15,8.81,9.09,4420742
OZL,20180921,9.17,9.41,9.15,9.3,4085107
OZL,20180924,9.3,9.3,9.13,9.21,1630975
OZL,20180925,9.14,9.36,9.11,9.23,1111530
OZL,20180926,9.29,9.455,9.27,9.4,1794760
OZL,20180927,9.34,9.49,9.28,9.37,2519134
OZL,20180928,9.27,9.48,9.24,9.33,1377255
OZL,20181001,9.23,9.45,9.22,9.4,1460430
OZL,20181002,9.41,9.43,9.335,9.4,1782957
OZL,20181003,9.48,9.54,9.31,9.5,2646729
OZL,20181004,9.55,9.77,9.5,9.65,2992823
OZL,20181005,9.62,9.65,9.205,9.44,2572690
OZL,20181008,9.3,9.41,8.96,9.06,2475295
OZL,20181009,8.99,9.15,8.96,9.05,1916994
OZL,20181010,9.03,9.19,8.88,8.9,1754218
OZL,20181011,8.6,8.64,8.505,8.57,2674934
OZL,20181012,8.6,8.81,8.55,8.79,2957084
OZL,20181015,8.62,8.78,8.61,8.76,1386896
OZL,20181016,8.75,8.985,8.75,8.96,1517957
OZL,20181017,9.12,9.2,8.93,9.02,1890393
OZL,20181018,8.95,8.99,8.895,8.95,2110048
OZL,20181019,8.93,9.05,8.885,8.96,2753652
OZL,20181022,9.01,9.2,8.89,9.13,2878807
OZL,20181023,9.24,9.35,9.09,9.12,900207
OZL,20181024,9.2,9.215,8.965,9.05,1076158
OZL,20181025,8.84,8.9,8.695,8.75,3691316
OZL,20181026,8.86,8.96,8.57,8.66,3066612
OZL,20181030,8.54,9.09,8.54,9.03,1630183
OZL,20181031,8.89,9.04,8.84,9.03,1537074
OZL,20181101,9.01,9.27,9.01,9.15,1631985
OZL,20181102,9.15,9.34,9.14,9.26,1877632
OZL,20181105,9.25,9.49,9.24,9.39,1603122
OZL,20181106,9.3,9.45,9.24,9.39,1679783
OZL,20181107,9.26,9.53,9.26,9.45,1345450
OZL,20181108,9.49,9.64,9.38,9.52,1378640
OZL,20181109,9.43,9.51,9.23,9.29,1528413
OZL,20181112,9.2,9.43,9.19,9.36,889412
OZL,20181113,9.15,9.45,9.05,9.18,1531598
OZL,20181114,9.16,9.16,8.83,8.92,1709546
OZL,20181115,8.92,9.08,8.855,8.93,1554056
OZL,20181116,9,9.145,8.98,9.07,1631821
OZL,20181119,9.08,9.43,9.08,9.32,1734943
OZL,20181120,9.19,9.24,9.07,9.17,1218941
OZL,20181121,8.96,9,8.78,8.86,1674169
OZL,20181122,8.93,8.96,8.785,8.81,1070071
OZL,20181123,8.77,8.83,8.645,8.7,1273493
OZL,20181126,8.6,8.635,8.46,8.49,1403295
OZL,20181127,8.51,8.61,8.4,8.5,1116589
OZL,20181128,8.48,8.55,8.315,8.46,1245657
OZL,20181129,8.7,8.72,8.51,8.64,2161936
OZL,20181130,8.58,8.71,8.51,8.66,2232332
OZL,20181203,9.07,9.28,8.98,9.23,2257415
OZL,20181204,9.2,9.26,8.835,8.87,2007818
OZL,20181205,8.72,8.89,8.64,8.83,1612108
OZL,20181206,8.86,8.885,8.565,8.65,1417786
OZL,20181207,8.52,8.66,8.22,8.27,2024930
OZL,20181210,8.35,8.45,8.24,8.39,1245077
OZL,20181211,8.32,8.58,8.31,8.53,1476034
OZL,20181212,8.62,8.79,8.59,8.73,2328014
OZL,20181213,8.72,8.97,8.695,8.89,1278361
OZL,20181214,8.77,8.91,8.77,8.83,1381662
OZL,20181217,8.75,9,8.75,8.95,898848
OZL,20181218,8.92,9.05,8.8,8.93,785017
OZL,20181219,8.82,8.93,8.75,8.88,1126942
OZL,20181220,8.7,8.82,8.3,8.36,2298154
OZL,20181221,8.44,8.49,8.27,8.35,1967830
OZL,20181224,8.3,8.58,8.25,8.51,379680
OZL,20181227,8.72,8.805,8.65,8.69,869578
OZL,20181228,8.87,8.88,8.67,8.8,532155
OZL,20181231,8.87,8.91,8.75,8.8,488383
OZL,20190102,8.69,8.85,8.58,8.63,697263
OZL,20190103,8.58,8.74,8.58,8.65,502908
OZL,20190104,8.53,8.6,8.36,8.54,882520
OZL,20190107,8.82,9.18,8.82,9,1657085
OZL,20190108,9.03,9.09,8.94,9.02,1033646
OZL,20190109,8.95,9.17,8.92,9.06,1595195
OZL,20190110,9.15,9.325,9.08,9.13,1337582
OZL,20190111,9.09,9.12,9.02,9.06,625086
OZL,20190114,8.99,9.12,8.925,8.99,469934
OZL,20190115,8.88,9.08,8.88,9.04,899580
OZL,20190116,9,9.12,8.87,8.97,911879
OZL,20190117,9.01,9.07,8.915,9.01,1084684
OZL,20190118,9.01,9.29,9.01,9.23,1392565
OZL,20190121,9.38,9.46,9.28,9.37,1147324
OZL,20190122,9.32,9.38,9.21,9.25,757600
OZL,20190123,9.24,9.25,9.07,9.16,930079
OZL,20190124,9.3,9.56,9.14,9.47,2574982
OZL,20190125,9.49,9.61,9.48,9.48,2410089
OZL,20190129,9.57,9.65,9.57,9.59,2002762
OZL,20190130,9.65,9.885,9.56,9.59,2201648
OZL,20190131,9.77,9.82,9.63,9.76,3026162
OZL,20190201,9.84,9.84,9.64,9.69,918484
OZL,20190204,9.8,9.86,9.74,9.8,1021279
OZL,20190205,9.88,9.985,9.79,9.93,2235184
OZL,20190206,9.99,10.17,9.93,10.09,2429941
OZL,20190207,10.06,10.27,9.925,9.96,1892770
OZL,20190208,9.85,9.94,9.78,9.83,2191342
OZL,20190211,9.85,9.91,9.755,9.81,1666663
OZL,20190212,9.84,10.03,9.78,9.88,1769435
OZL,20190213,9.96,10.03,9.89,9.96,901306
OZL,20190214,9.98,10.23,9.95,10.11,1489937
OZL,20190215,10.15,10.15,9.96,10.1,1476899
OZL,20190218,10.25,10.41,10.15,10.19,1205723
OZL,20190219,10.31,10.44,10.235,10.25,1626250
OZL,20190220,10.38,10.62,10.3,10.53,2766640
OZL,20190221,10.78,10.8,10.49,10.69,2398638
OZL,20190222,10.64,10.65,10.47,10.59,2369030
OZL,20190225,10.75,10.86,10.71,10.84,1068356
OZL,20190226,10.78,10.78,10.54,10.71,1159870
OZL,20190227,10.71,10.99,10.53,10.61,1532555
OZL,20190228,10.57,10.6,10.22,10.3,2387171
OZL,20190301,10.22,10.26,10.015,10.12,2033142
OZL,20190304,10.2,10.41,10.165,10.34,1447526
OZL,20190305,10.25,10.275,10.1,10.14,1612847
OZL,20190306,10.07,10.38,10.07,10.37,7311619
OZL,20190307,10.5,10.53,10.285,10.31,2634486
OZL,20190308,10.29,10.34,10.185,10.21,1735616
OZL,20190311,9.95,10.11,9.885,9.93,1336166
OZL,20190312,9.96,10.015,9.9,9.95,1985883
OZL,20190313,9.92,9.96,9.755,9.88,2633401
OZL,20190314,9.93,10.16,9.85,10.14,2762394
OZL,20190315,10.1,10.15,10.02,10.05,1276315
OZL,20190318,10.15,10.22,10.04,10.07,1096554
OZL,20190319,10.19,10.365,10.12,10.29,1861972
OZL,20190320,10.14,10.2,10.03,10.17,1681463
OZL,20190321,10.1,10.25,9.99,10.18,1941528
OZL,20190322,10.28,10.44,10.23,10.25,1691913
OZL,20190325,10.01,10.055,9.93,10,3033136
OZL,20190326,10.19,10.32,10.18,10.24,1709643
OZL,20190327,10.23,10.3,10.17,10.3,1218577
OZL,20190328,10.22,10.31,10.19,10.28,1635555
OZL,20190329,10.35,10.655,10.35,10.6,2485381
OZL,20190401,10.84,11.04,10.65,10.67,1857713
OZL,20190402,10.8,10.9,10.735,10.87,2052361
OZL,20190403,10.9,10.95,10.785,10.88,1140403
OZL,20190404,10.78,10.88,10.71,10.73,1163790
OZL,20190405,10.65,10.71,10.565,10.64,1243248
OZL,20190408,10.63,10.85,10.59,10.81,1359263
OZL,20190409,10.88,10.95,10.765,10.92,1182562
OZL,20190410,10.9,10.91,10.76,10.82,924155
OZL,20190411,10.75,10.76,10.58,10.6,1103891
OZL,20190412,10.57,10.63,10.47,10.52,1231333
OZL,20190415,10.6,10.645,10.45,10.58,1679788
OZL,20190416,10.58,10.61,10.47,10.55,1053928
OZL,20190417,10.64,10.64,10.4,10.47,1023082
OZL,20190418,10.56,10.65,10.46,10.53,936407
OZL,20190423,10.52,10.62,10.42,10.52,1550401
OZL,20190424,10.52,10.55,10.28,10.42,1546321
OZL,20190426,10.26,10.4,9.99,10.1,2000656
OZL,20190429,10.15,10.23,10.11,10.15,876693
OZL,20190430,10.1,10.1,9.89,9.96,1003829
OZL,20190501,10.01,10.08,9.9,9.92,688355
OZL,20190502,9.69,9.72,9.48,9.65,1877560
OZL,20190503,9.59,9.66,9.55,9.63,1026876
OZL,20190506,9.44,9.59,9.2,9.21,2136643
OZL,20190507,9.31,9.38,9.24,9.29,1481875
OZL,20190508,9.1,9.23,9.05,9.23,2217091
OZL,20190509,9.17,9.4,9.155,9.3,1708571
OZL,20190510,9.27,9.43,9.2,9.35,2231473
OZL,20190513,9.34,9.425,9.27,9.39,922077
OZL,20190514,9.21,9.37,9.2,9.36,2465029
OZL,20190515,9.38,9.44,9.33,9.38,973246
OZL,20190516,9.32,9.55,9.32,9.52,1258419
OZL,20190517,9.54,9.7,9.5,9.6,1764970
OZL,20190520,9.64,9.64,9.365,9.4,2435047
OZL,20190521,9.25,9.31,9.13,9.24,2279181
OZL,20190522,9.21,9.25,9.17,9.22,1835494
OZL,20190523,9.1,9.15,8.99,9,2558982
OZL,20190524,8.86,8.93,8.8,8.89,1996804
OZL,20190527,8.94,9.295,8.94,9.25,2198412
OZL,20190528,9.37,9.4,9.3,9.31,2993152
OZL,20190529,9.27,9.285,9.09,9.22,1230303
OZL,20190530,9.14,9.225,8.99,9.02,2121884
OZL,20190531,9,9.085,8.875,9.02,1880931
OZL,20190603,9.02,9.08,8.91,8.98,1363737
OZL,20190604,9.09,9.24,9.08,9.2,1940283
OZL,20190605,9.37,9.37,9.22,9.27,1748851
OZL,20190606,9.26,9.27,8.965,9,1393673
OZL,20190607,9.08,9.13,9.01,9.12,851963
OZL,20190611,9.21,9.32,9.18,9.3,1826424
OZL,20190612,9.4,9.55,9.38,9.5,2345444
OZL,20190613,9.53,9.56,9.36,9.46,1915383
OZL,20190614,9.48,9.82,9.48,9.65,2387370
OZL,20190617,9.66,9.73,9.64,9.65,980194
OZL,20190618,9.8,9.86,9.67,9.72,2103902
OZL,20190619,9.93,10.06,9.85,9.94,2559751
OZL,20190620,10,10.12,9.8,10.05,2057028
OZL,20190621,10.12,10.24,10.05,10.19,2509727
OZL,20190624,10.22,10.255,10.13,10.21,1423549
OZL,20190625,10.24,10.38,10.045,10.1,2545882
OZL,20190626,10,10.115,9.89,10.04,2306603
OZL,20190627,10.04,10.21,9.93,10.17,2287041
OZL,20190628,10.2,10.22,10.01,10.03,1975411
OZL,20190701,10.23,10.37,10.19,10.24,1665900
OZL,20190702,10.31,10.555,10.26,10.31,1805750
OZL,20190703,10.22,10.31,10,10.07,2083879
OZL,20190704,10.07,10.11,9.87,9.89,1480029
OZL,20190705,9.95,10.01,9.88,9.91,1228859
OZL,20190708,9.9,9.93,9.82,9.85,1143116
OZL,20190709,9.94,9.94,9.84,9.88,1292245
OZL,20190710,9.87,9.905,9.715,9.77,1184482
OZL,20190711,9.84,9.98,9.73,9.85,2427097
OZL,20190712,9.7,9.78,9.56,9.68,3308917
OZL,20190715,9.65,9.84,9.62,9.68,1534621
OZL,20190716,9.63,9.84,9.6,9.68,1715313
OZL,20190717,9.62,9.9,9.6,9.87,1637480
OZL,20190718,9.83,9.88,9.72,9.78,1026580
OZL,20190719,9.85,10.03,9.82,9.97,1745985
OZL,20190722,10,10.16,10,10.09,1378426
OZL,20190723,10.04,10.3,9.87,10.21,2220958
OZL,20190724,10.26,10.375,10.17,10.27,2185077
OZL,20190725,10.32,10.34,10.12,10.16,2390044
OZL,20190726,10.05,10.285,10.02,10.23,2103259
OZL,20190729,10.27,10.355,10.17,10.28,1002980
OZL,20190730,10.39,10.48,10.32,10.33,3507427
OZL,20190731,10.39,10.45,10.24,10.29,1385602
OZL,20190801,10.17,10.275,10.1,10.16,3251370
OZL,20190802,9.89,9.96,9.79,9.92,2409942
OZL,20190805,9.9,9.91,9.39,9.46,2576190
OZL,20190806,9.56,9.65,9.16,9.31,2467433
OZL,20190807,9.26,9.3,9.11,9.18,1873715
OZL,20190808,9.14,9.38,9.11,9.33,3284023
OZL,20190809,9.57,9.61,9.44,9.48,1635555
OZL,20190812,9.35,9.39,9.26,9.37,1414341
OZL,20190813,9.41,9.44,9.305,9.36,1278558
OZL,20190814,9.55,9.62,9.45,9.57,2045119
OZL,20190815,9.37,9.37,9.18,9.25,1585435
OZL,20190816,9.13,9.18,9,9.16,1915778
OZL,20190819,9.31,9.32,9.1,9.14,1627122
OZL,20190820,9.26,9.31,9.15,9.23,1800848
OZL,20190821,9.21,9.24,9.09,9.14,1275895
OZL,20190822,9.06,9.15,9.015,9.08,1119381
OZL,20190823,9.07,9.08,8.96,9.03,1192780
OZL,20190826,8.91,8.94,8.77,8.81,2758220
OZL,20190827,8.83,8.97,8.6,8.92,2194836
OZL,20190828,9.08,9.49,8.96,9.43,2915020
OZL,20190829,9.3,9.36,8.97,8.99,5892952
OZL,20190830,9.14,9.21,9.04,9.15,2493050
OZL,20190902,9.03,9.06,8.87,9,1811846
OZL,20190903,8.9,8.94,8.72,8.76,2096585
OZL,20190904,8.67,8.69,8.47,8.68,2777448
OZL,20190905,8.89,9.15,8.82,9.1,3688656
OZL,20190906,9.38,9.475,9.33,9.41,3795748
OZL,20190909,9.44,9.44,9.21,9.25,1129199
OZL,20190910,9.28,9.36,9.18,9.27,1801349
OZL,20190911,9.37,9.46,9.34,9.37,1333820
OZL,20190912,9.48,9.63,9.36,9.58,1934611
OZL,20190913,9.68,9.82,9.6,9.67,2845415
OZL,20190916,9.51,9.695,9.48,9.63,1799162
OZL,20190917,9.6,9.67,9.47,9.53,2317187
OZL,20190918,9.47,9.66,9.38,9.59,2656426
OZL,20190919,9.65,9.75,9.55,9.69,2733301
OZL,20190920,9.74,9.8,9.59,9.71,1780707
OZL,20190923,9.81,9.85,9.67,9.68,1143488
OZL,20190924,9.75,9.75,9.54,9.56,2076399
OZL,20190925,9.39,9.505,9.35,9.49,2759752
OZL,20190926,9.58,9.77,9.5,9.62,1814320
OZL,20190927,9.54,9.63,9.5,9.62,2039438
OZL,20190930,9.61,9.73,9.55,9.61,1606967
OZL,20191001,9.6,9.6,9.43,9.52,2446339
OZL,20191002,9.37,9.44,9.29,9.31,1430018
OZL,20191003,9.15,9.35,9.15,9.25,2420414
OZL,20191004,9.25,9.35,9.21,9.28,1314229
OZL,20191007,9.28,9.3,9.07,9.21,1834635
OZL,20191008,9.27,9.46,9.21,9.42,1711645
OZL,20191009,9.28,9.4,9.18,9.35,2085305
OZL,20191010,9.25,9.43,9.22,9.37,2122106
OZL,20191011,9.6,9.75,9.5,9.57,2332730
OZL,20191014,9.66,9.88,9.64,9.76,2600238
OZL,20191015,9.68,9.77,9.57,9.57,3293511
OZL,20191016,9.75,9.77,9.58,9.69,1898312
OZL,20191017,9.57,9.57,9.31,9.42,2363299
OZL,20191018,9.4,9.46,9.36,9.46,1230745
OZL,20191021,9.5,9.79,9.47,9.72,1878390
OZL,20191022,9.76,9.99,9.76,9.93,1697267
OZL,20191023,9.92,10.025,9.775,9.92,1581165
OZL,20191024,10.01,10.12,9.97,10.05,1428149
OZL,20191025,10.06,10.145,10,10.08,1605348
OZL,20191028,10.22,10.23,10.05,10.06,927747
OZL,20191029,10.14,10.245,10.1,10.2,1166449
OZL,20191030,10.14,10.25,10.08,10.17,1213955
OZL,20191031,10.11,10.19,10.05,10.15,814942
OZL,20191101,9.92,10.11,9.73,10.1,1434009
OZL,20191104,10.29,10.43,10.26,10.38,1854392
OZL,20191105,10.55,10.57,10.36,10.44,1987761
OZL,20191106,10.54,10.77,10.47,10.74,2527452
OZL,20191107,10.68,10.77,10.59,10.72,3435372
OZL,20191108,10.79,10.93,10.705,10.85,2531204
OZL,20191111,10.82,11.03,10.74,10.99,6386876
OZL,20191112,10.97,10.98,10.85,10.95,4867693
OZL,20191113,10.61,10.62,10.35,10.52,7835335
OZL,20191114,10.41,10.46,10.31,10.4,2268582
OZL,20191115,10.4,10.46,10.27,10.4,1332515
OZL,20191118,10.47,10.48,10.33,10.37,865663
OZL,20191119,10.34,10.68,10.33,10.63,1958374
OZL,20191120,10.6,10.77,10.49,10.71,2252732
OZL,20191121,10.6,10.655,10.25,10.3,3748962
OZL,20191122,10.3,10.44,10.22,10.3,1938154
OZL,20191125,10.25,10.41,10.25,10.34,1604958
OZL,20191126,10.38,10.55,10.33,10.41,6367134
OZL,20191127,10.38,10.58,10.28,10.53,6011538
OZL,20191128,10.63,10.76,10.54,10.67,2243652
OZL,20191129,10.67,10.85,10.52,10.55,3098927
OZL,20191202,10.58,10.75,10.53,10.7,1503805
OZL,20191203,10.4,10.61,10.335,10.59,1720373
OZL,20191204,10.36,10.45,10.315,10.33,2726747
OZL,20191205,10.45,10.55,10.355,10.41,1464761
OZL,20191206,10.36,10.685,10.36,10.52,1778879
OZL,20191209,10.63,10.73,10.605,10.66,1234137
OZL,20191210,10.66,10.71,10.53,10.57,1689158
OZL,20191211,10.6,10.69,10.55,10.63,1345602
OZL,20191212,10.69,10.77,10.59,10.68,1812616
OZL,20191213,10.87,11.41,10.84,11.2,5194266
OZL,20191216,11.15,11.555,11.14,11.47,2845433
OZL,20191217,11.44,11.72,11.39,11.54,3387420
OZL,20191218,11.09,11.15,10.81,10.92,3801479
OZL,20191219,10.83,10.91,10.58,10.65,3469977
OZL,20191220,10.78,11.005,10.72,10.84,4910384
OZL,20191223,10.79,10.8,10.51,10.51,1914166
OZL,20191224,10.49,10.5,10.39,10.49,1114471
OZL,20191227,10.58,10.75,10.56,10.72,960083
OZL,20191230,10.77,10.77,10.57,10.63,787415
OZL,20191231,10.6,10.7,10.49,10.55,745639
OZL,20200102,10.55,10.64,10.5,10.58,576562
OZL,20200103,10.65,10.74,10.61,10.65,806460
OZL,20200106,10.64,10.7,10.52,10.68,741315
OZL,20200107,10.73,10.76,10.62,10.72,728493
OZL,20200108,10.83,10.86,10.59,10.76,1486748
OZL,20200109,10.83,10.9,10.78,10.84,1186308
OZL,20200113,10.75,10.81,10.65,10.79,658254
OZL,20200114,10.84,10.97,10.82,10.97,1781243
OZL,20200115,11.03,11.08,10.9,10.92,1377681
OZL,20200116,11,11.03,10.84,10.91,873318
OZL,20200117,10.92,11.05,10.91,10.98,1243622
OZL,20200120,11,11.08,10.95,10.99,948674
OZL,20200121,10.94,10.99,10.785,10.84,998990
OZL,20200122,10.64,10.78,10.63,10.7,1396508
OZL,20200123,10.69,10.72,10.49,10.52,1414864
OZL,20200124,10.45,10.47,10.26,10.33,1436193
OZL,20200128,9.85,9.92,9.72,9.78,2443292
OZL,20200129,10,10.14,9.8,10.06,3784761
OZL,20200130,10,10.06,9.88,10.03,2214373
OZL,20200203,9.95,10.02,9.66,9.72,3386152
OZL,20200204,9.65,9.795,9.59,9.72,2351328
OZL,20200205,9.87,9.98,9.82,9.97,2071153
OZL,20200210,9.99,9.99,9.82,9.86,1751501
OZL,20200211,9.91,10.07,9.86,10.06,2199877
OZL,20200212,10.3,10.45,10.17,10.32,3469791
OZL,20200213,10.41,10.48,10.14,10.16,1442342
OZL,20200214,10.24,10.28,10.16,10.16,1504991
OZL,20200217,10.12,10.19,10.02,10.13,1406262
OZL,20200218,10.01,10.33,10.01,10.1,1340748
OZL,20200219,9.99,10.01,9.74,9.96,2097279
OZL,20200220,10,10.15,10,10.02,1394716
OZL,20200221,10.04,10.05,9.89,9.89,1388406
OZL,20200224,9.75,9.78,9.55,9.64,1736218
OZL,20200225,9.5,9.52,9.34,9.43,3458919
OZL,20200226,9.15,9.37,9.14,9.34,2897105
OZL,20200227,9.16,9.3,8.98,9.11,4720391
OZL,20200228,8.83,9.07,8.83,9,4435583
OZL,20200302,8.76,8.985,8.76,8.94,4402694
OZL,20200303,9.08,9.27,9.08,9.18,3597389
OZL,20200304,9.1,9.15,9.005,9.11,2705693
OZL,20200305,9.22,9.38,9.08,9.16,2698247
OZL,20200306,8.99,9.02,8.845,8.89,2219951
OZL,20200309,8.6,8.6,7.95,7.95,2494483
OZL,20200310,7.55,8.35,7.53,8.35,4620148
OZL,20200311,8.34,8.41,8.09,8.1,2498441
OZL,20200312,7.87,7.99,7.34,7.4,3281671
OZL,20200313,6.83,7.77,6.8,7.77,3763950
OZL,20200316,7.31,7.47,7,7,3196401
OZL,20200317,7.09,7.69,7.09,7.63,3630506
OZL,20200318,7.35,7.44,6.37,6.55,4236761
OZL,20200319,6.1,6.56,6.1,6.23,6565015
OZL,20200320,6.35,6.8,6.2,6.36,3624975
OZL,20200323,6.1,6.2,5.83,5.99,3293008
OZL,20200324,6.1,6.51,6.09,6.47,3211797
OZL,20200325,6.9,7.26,6.63,6.98,2637011
OZL,20200326,7.27,7.47,7.155,7.16,2744331
OZL,20200327,7.55,7.66,7.09,7.09,5996556
OZL,20200330,7.08,7.245,6.92,7.22,1650246
OZL,20200331,7.25,7.76,7.13,7.35,3274684
OZL,20200401,7.38,7.6,7.27,7.36,2296751
OZL,20200402,7.2,7.28,7.03,7.05,2150855
OZL,20200403,7.21,7.41,6.93,7.07,1808035
OZL,20200406,7.19,7.48,7.17,7.39,1674929
OZL,20200407,7.7,7.82,7.52,7.71,2571881
OZL,20200408,7.67,7.79,7.45,7.67,1998848
OZL,20200409,7.82,8.25,7.82,8.2,2349084
OZL,20200414,8.25,8.64,8.13,8.52,2430644
OZL,20200415,8.93,9.16,8.65,8.73,2507494
OZL,20200416,8.83,9.04,8.75,9.01,2818322
OZL,20200417,9.2,9.25,8.87,8.96,1772635
OZL,20200420,8.99,9.08,8.59,8.6,1514977
OZL,20200421,8.4,8.77,8.4,8.61,1920236
OZL,20200422,8.4,8.51,8.2,8.39,1438274
OZL,20200423,8.56,8.65,8.42,8.48,1429896
OZL,20200424,8.59,8.665,8.4,8.51,1396797
OZL,20200427,8.5,8.66,8.34,8.51,1428531
OZL,20200428,8.55,8.72,8.43,8.52,951186
OZL,20200429,8.7,8.87,8.6,8.79,1517290
OZL,20200430,8.99,9.09,8.835,8.97,2036909
OZL,20200501,8.56,8.66,8.43,8.5,1976589
OZL,20200504,8.32,8.45,8.27,8.37,1020456
OZL,20200505,8.39,8.9,8.39,8.63,1508218
OZL,20200506,8.47,8.63,8.47,8.55,923729
OZL,20200507,8.6,8.69,8.52,8.69,807117
OZL,20200508,8.75,8.92,8.65,8.69,1297643
OZL,20200511,8.76,8.94,8.73,8.91,1212514
OZL,20200512,8.84,8.89,8.59,8.68,1185606
OZL,20200513,8.49,8.72,8.35,8.69,1360864
OZL,20200514,8.55,8.73,8.495,8.55,1411993
OZL,20200515,8.75,8.9,8.62,8.66,1370971
OZL,20200518,8.85,8.94,8.7,8.9,2035926
OZL,20200519,9.2,9.315,9.02,9.27,2093068
OZL,20200520,9.18,9.54,9.18,9.43,2047562
OZL,20200521,9.55,9.86,9.51,9.68,3054972
OZL,20200522,9.61,9.7,9.35,9.44,1367327
OZL,20200525,9.52,9.57,9.275,9.35,1032176
OZL,20200526,9.45,9.62,9.34,9.62,1340174
OZL,20200527,9.45,9.81,9.39,9.61,1440171
OZL,20200528,9.73,9.77,9.51,9.52,1328978
OZL,20200529,9.5,9.55,9.38,9.42,1512461
OZL,20200601,9.33,9.63,9.33,9.63,1224838
OZL,20200602,9.7,9.77,9.57,9.71,1594080
OZL,20200603,9.87,10.045,9.85,9.97,2642259
OZL,20200604,10.02,10.04,9.91,9.95,1594498
OZL,20200605,9.96,10.03,9.89,10.03,1470047
OZL,20200609,10.4,10.45,10.2,10.31,2509145
OZL,20200610,10.26,10.46,10.07,10.43,1862221
OZL,20200611,10.74,10.96,10.24,10.26,3028110
OZL,20200612,9.8,10.28,9.67,10.2,2030322
OZL,20200615,10.19,10.35,9.96,10.02,2121313
OZL,20200616,10.48,10.55,10.28,10.4,1565514
OZL,20200617,10.49,10.54,10.27,10.37,1514721
OZL,20200618,10.2,10.38,10.16,10.31,1612594
OZL,20200619,10.41,10.66,10.31,10.4,4216973
OZL,20200622,10.45,10.55,10.3,10.42,1468126
OZL,20200623,10.79,10.85,10.52,10.75,2562585
OZL,20200624,10.71,10.88,10.53,10.88,1988570
OZL,20200625,10.45,10.83,10.42,10.61,2226404
OZL,20200626,10.75,10.97,10.65,10.97,3588353
OZL,20200629,10.8,10.87,10.63,10.75,1387707
OZL,20200630,11,11.07,10.84,10.96,2307921
OZL,20200701,11.22,11.38,11.17,11.33,3169496
OZL,20200702,11.45,11.615,11.25,11.6,1975714
OZL,20200703,11.66,11.72,11.53,11.64,839271
OZL,20200706,11.69,11.88,11.57,11.8,1660182
OZL,20200707,12,12.07,11.7,11.87,2804581
OZL,20200708,11.81,12.05,11.79,11.79,1733471
OZL,20200709,11.92,12.11,11.82,12.04,1910579
OZL,20200710,12.06,12.18,12.01,12.18,1606204
OZL,20200713,12.38,12.53,12.13,12.4,1958418
OZL,20200714,12.3,12.33,12.01,12.08,2356174
OZL,20200715,12.29,12.635,12.25,12.54,2405463
OZL,20200716,12.57,12.57,12.26,12.43,1998430
OZL,20200717,12.45,12.63,12.36,12.6,2217440
OZL,20200720,12.6,12.73,12.53,12.68,1041673
OZL,20200721,12.77,13.01,12.75,12.98,1270077
OZL,20200722,13.51,13.57,13.31,13.53,2595137
OZL,20200723,13.65,13.85,13.48,13.82,2133075
OZL,20200724,13.7,13.87,13.56,13.78,1949958
OZL,20200727,13.74,13.93,13.68,13.9,1614162
OZL,20200728,13.92,14,13.68,13.74,2262170
OZL,20200729,13.58,13.72,13.41,13.61,2284747
OZL,20200730,13.62,13.93,13.55,13.86,2357689
OZL,20200731,13.53,13.67,13.39,13.63,2021887
OZL,20200803,13.63,13.95,13.52,13.87,1856988
OZL,20200804,14.01,14.22,13.95,13.99,1911543
OZL,20200805,14.08,14.15,13.95,14,2312538
OZL,20200806,14.05,14.15,14.03,14.15,2320669
OZL,20200807,14.15,14.17,13.94,13.95,1093932
OZL,20200810,13.9,13.96,13.78,13.89,1845163
OZL,20200811,14.05,14.39,14.02,14.25,1478345
OZL,20200812,14,14,13.71,13.75,1960017
OZL,20200813,13.45,13.94,13.42,13.7,2856632
OZL,20200814,13.5,13.76,13.41,13.76,1495120
OZL,20200817,13.74,13.86,13.55,13.86,2458783
OZL,20200818,13.94,14.32,13.88,14.1,2314753
OZL,20200819,14.4,14.69,14.28,14.65,1958497
OZL,20200820,14.61,14.96,14.43,14.86,3608024
OZL,20200821,14.9,14.95,14.16,14.18,4597541
OZL,20200824,14.25,14.54,14.15,14.46,1717069
OZL,20200825,14.54,14.61,14.28,14.39,1556379
OZL,20200826,14.35,14.41,14.22,14.37,1321407
OZL,20200827,14.43,14.62,14.33,14.5,1407368
OZL,20200828,14.25,14.53,14.21,14.27,1230689
OZL,20200831,14.37,14.71,14.32,14.62,1830582
OZL,20200901,14.3,14.63,14.24,14.52,2509836
OZL,20200902,14.7,14.9,14.6,14.8,1638050
OZL,20200903,14.89,15.06,14.84,15,1751708
OZL,20200904,14.45,14.56,14.21,14.37,2046895
OZL,20200907,14.34,14.78,14.32,14.78,1152485
OZL,20200908,14.93,14.97,14.55,14.64,836642
OZL,20200909,14.35,14.57,14.32,14.52,1492328
OZL,20200910,14.75,14.82,14.47,14.6,901020
OZL,20200911,14.38,14.49,14.35,14.39,821120
OZL,20200914,14.8,14.865,14.63,14.82,1029015
OZL,20200915,14.9,15.07,14.78,14.86,1517769
OZL,20200916,14.96,15.02,14.725,14.8,1492126
OZL,20200917,14.63,14.77,14.33,14.4,2733662
OZL,20200918,14.6,14.65,14.39,14.52,3953812
OZL,20200921,14.57,14.66,14.41,14.53,1102439
OZL,20200922,14.2,14.3,14.05,14.2,1586727
OZL,20200923,14.4,14.47,14.29,14.35,1085755
OZL,20200924,13.19,13.9,12.5,13.82,2343601
OZL,20200925,13.85,14.19,13.85,14.14,1540375
OZL,20200928,14.14,14.19,14.04,14.1,659133
OZL,20200929,14.26,14.3,14.06,14.28,799722
OZL,20200930,14.05,14.225,13.97,14.01,2296136
OZL,20201001,14.2,14.42,14.14,14.28,1407839
OZL,20201002,14.17,14.3,13.25,13.38,2679731
OZL,20201005,13.69,13.9,13.65,13.9,1110049
OZL,20201006,13.98,14.12,13.85,14.11,1033209
OZL,20201007,13.98,14.18,13.74,14.12,1176929
OZL,20201008,14.37,14.57,14.27,14.44,1425259
OZL,20201009,14.5,14.63,14.36,14.56,987178
OZL,20201012,14.71,14.76,14.6,14.68,1501885
OZL,20201013,14.75,14.8,14.41,14.64,1176057
OZL,20201014,14.59,14.81,14.53,14.71,717416
OZL,20201015,14.74,14.95,14.73,14.8,1223163
OZL,20201016,14.8,15.08,14.8,14.92,1317624
OZL,20201019,15.08,15.21,14.89,15.16,1426845
OZL,20201020,15.23,15.23,14.66,14.75,2345428
OZL,20201021,14.87,15.24,14.82,15.17,1104921
OZL,20201022,15.4,15.98,15.13,15.97,2521385
OZL,20201023,16.12,16.5,15.77,15.81,1727867
OZL,20201026,15.92,16.12,15.86,15.88,946494
OZL,20201027,15.68,15.8,15.38,15.46,1359403
OZL,20201028,15.43,15.55,15.28,15.39,797772
OZL,20201029,15.17,15.18,14.97,15.05,672440
OZL,20201030,14.97,15.07,14.77,14.86,1304581
OZL,20201102,14.75,14.82,14.44,14.55,1525711
OZL,20201103,14.58,14.73,14.39,14.68,1915597
OZL,20201104,14.66,14.94,14.61,14.73,1303763
OZL,20201105,14.63,14.99,14.57,14.87,1871373
OZL,20201106,15.1,15.22,14.97,15.07,1128604
OZL,20201109,15.1,15.37,15.1,15.35,1091064
OZL,20201110,15.75,15.75,15,15.05,1086330
OZL,20201111,15.15,15.15,14.6,14.67,1645212
OZL,20201112,14.62,15,14.62,14.83,968536
OZL,20201113,14.89,15.01,14.75,14.85,1295066
OZL,20201116,14.97,15.04,14.92,15.01,90419
OZL,20201117,15.12,15.51,15.12,15.4,1594613
OZL,20201118,15,15.06,14.7,14.84,1908956
OZL,20201120,14.57,14.91,14.49,14.81,1325380
OZL,20201123,15.02,15.34,15.02,15.25,1364987
OZL,20201124,15.36,15.67,15.31,15.6,1397460
OZL,20201125,15.76,16.07,15.53,15.92,2098453
OZL,20201126,16.15,16.37,15.96,16.13,1875372
OZL,20201127,16.15,16.4,16.01,16.31,1109632
OZL,20201130,16.37,16.5,16.31,16.32,2050515
OZL,20201201,16.5,16.76,16.4,16.6,1454413
OZL,20201202,16.88,17.18,16.84,16.93,1866074
OZL,20201203,17.15,18.08,17.08,18.03,2750552
OZL,20201204,18.14,18.8,17.92,18.75,2365960
OZL,20201207,19.53,19.53,19.15,19.29,1901958
OZL,20201208,19.31,19.41,18.73,18.94,2228298
OZL,20201209,19,19.04,18.74,18.87,1257886
OZL,20201210,18.58,18.78,18.41,18.6,2024546
OZL,20201211,18.49,19.01,18.48,18.73,1666511
OZL,20201214,18.75,18.88,18.59,18.72,1142601
OZL,20201215,18.5,18.58,18.26,18.32,1637078
OZL,20201216,18.57,18.75,18.26,18.65,1574765
OZL,20201217,18.86,19.24,18.73,19.17,1813784
OZL,20201218,19.07,19.3,18.85,19.17,3670138
OZL,20201221,19.03,19.76,19.03,19.74,1141826
OZL,20201222,19.65,19.65,19.05,19.11,638718
OZL,20201224,18.74,18.74,18.74,18.74,0
OZL,20201229,18.75,19.01,18.69,18.79,913706
OZL,20201230,18.55,18.87,18.38,18.85,958574
OZL,20201231,18.99,19.2,18.86,18.88,433563
OZL,20210104,19.1,19.38,18.94,19.36,970827
OZL,20210105,19.4,19.93,19.25,19.82,1394593
OZL,20210106,19.75,20,19.48,19.55,1054785
OZL,20210107,19.98,20.85,19.83,20.77,2354766
OZL,20210108,21.2,21.2,20.72,21.02,1063474
OZL,20210111,20.7,21.23,20.67,21.03,1452310
OZL,20210112,20.71,21,20.22,20.22,1245561
OZL,20210113,20.6,20.9,20.26,20.46,1299011
OZL,20210114,20.15,20.24,19.65,19.96,1178328
OZL,20210115,20.06,20.48,20.05,20.32,1231075
OZL,20210118,20.18,20.2,19.84,19.93,1340600
OZL,20210119,19.93,20.16,19.81,20.1,717536
OZL,20210120,20.15,20.21,19.87,19.98,583893
OZL,20210121,20.08,20.55,20.04,20.55,1408113
OZL,20210122,20.5,20.56,20,20.2,1413664
OZL,20210125,20.2,20.35,20.03,20.31,651903
OZL,20210127,19.88,19.91,18.97,19.14,1551795
OZL,20210128,18.17,18.56,18.14,18.5,1811652
OZL,20210129,19.28,20,18.48,18.65,2245353
OZL,20210201,18.5,19.27,18.35,19.07,2275981
OZL,20210203,19.06,19.06,18.76,18.94,1002315
OZL,20210204,19.05,19.5,18.96,19.15,1112779
OZL,20210205,19.15,19.15,18.65,18.73,1440594
OZL,20210208,19.49,19.49,18.97,19.25,1374294
OZL,20210209,19.65,19.66,18.99,19.02,2347972
OZL,20210210,19.03,19.39,18.73,19.26,1275151
OZL,20210211,19.33,19.88,19.29,19.38,1426333
OZL,20210212,19.07,19.48,19.07,19.24,767902
OZL,20210215,19.49,20.14,19.43,20.04,953384
OZL,20210216,20.47,21.17,20.3,20.92,1399498
OZL,20210217,21.01,21.75,21.01,21.63,2402836
OZL,20210218,21.67,22.235,21.12,21.84,2559703
OZL,20210219,21.83,21.83,20.8,21.15,3465274
OZL,20210222,21.96,23.075,21.96,22.63,2299400
OZL,20210223,23.08,23.38,22.05,22.65,1841356
OZL,20210224,22.68,23.11,22.36,22.42,1781882
OZL,20210225,22.67,22.79,22.45,22.63,1503401
OZL,20210226,22,22.58,21.96,22.39,1879849
OZL,20210301,22.01,22.27,21.59,21.98,1581529
OZL,20210302,22.05,22.47,21.5,21.54,1097750
OZL,20210303,21.82,22.47,21.82,22.39,1369793
OZL,20210304,22.38,22.5,21.865,22.06,1444793
OZL,20210305,21.4,21.4,21.02,21.32,2659999
OZL,20210308,22.01,22.28,21.31,21.38,1325749
OZL,20210309,21.78,22.18,21.67,21.81,1369232
OZL,20210310,22.13,22.49,21.39,21.61,1400731
OZL,20210311,22.13,22.49,21.39,21.61,1400731
OZL,20210312,21.98,22.88,21.88,22.74,1711845
OZL,20210315,22.74,23.16,22.09,23.05,1293473
OZL,20210316,23.07,23.68,23.06,23.24,1720830
OZL,20210317,22.96,23.42,22.63,23.2,1462131
OZL,20210318,23.48,23.67,22.96,23.38,1746309
OZL,20210319,23.48,23.49,22.95,23,3230336
OZL,20210322,23.05,23.09,22.7,22.93,1339153
OZL,20210323,23.01,23.34,22.52,22.58,1272241
OZL,20210324,22.3,22.62,22.11,22.35,1646251
OZL,20210325,22.4,22.46,21.97,22.32,1137066
OZL,20210329,23.09,23.405,22.79,23.33,1055360
OZL,20210330,23.28,23.3,22.44,22.55,1016291
OZL,20210331,22.5,23.13,22.45,22.84,1136473
OZL,20210401,22.9,23.27,22.84,23.19,652838
OZL,20210406,23.5,24.56,23.33,24.19,2127554
OZL,20210407,24.38,24.48,23.95,24.21,1373379
OZL,20210408,24.4,24.49,23.98,24.33,1236357
OZL,20210409,24.5,24.62,24.18,24.41,670328
OZL,20210412,24.37,24.41,23.87,23.92,727709
OZL,20210413,23.92,23.92,23.47,23.55,946217
OZL,20210414,23.54,23.87,23.37,23.72,1396217
OZL,20210415,24,24.67,23.96,24.5,2106011
OZL,20210416,25,25.4,24.82,25.24,1782035
OZL,20210419,25.45,25.77,24.74,24.82,1119972
OZL,20210420,24.65,25.21,24.6,24.94,1238205
OZL,20210421,24.31,24.69,24.11,24.62,1745322
OZL,20210422,24.69,24.86,24.1,24.35,1577842
OZL,20210423,23.95,24.32,23.47,24.28,1546341
OZL,20210426,24.4,24.76,24.27,24.39,821851
OZL,20210427,24.6,24.97,24.24,24.55,1172475
OZL,20210428,24.5,24.54,23.9,24.15,1251652
OZL,20210429,24.43,24.61,24.19,24.4,1222518
OZL,20210430,24.1,24.26,23.72,23.94,1172528
OZL,20210503,24.11,24.45,23.83,24.01,1063044
OZL,20210504,24.24,24.93,24.17,24.7,1204825
OZL,20210505,24.63,24.84,24.43,24.53,1426588
OZL,20210506,24.99,25.36,24.62,24.78,1682180
OZL,20210507,25,25.92,24.93,25.72,2971106
OZL,20210510,26.22,27,26.19,26.87,1920968
OZL,20210511,26.6,27.115,26.44,27.09,1718856
OZL,20210512,27.09,27.15,25.93,26.35,1463037
OZL,20210513,26,26.21,25.38,25.5,1725815
OZL,20210514,25.8,26,25.08,25.16,979137
OZL,20210517,25.3,25.42,24.66,24.81,1238512
OZL,20210518,25.76,26.66,25.685,26.4,1842475
OZL,20210519,25.88,25.95,25.26,25.4,2019050
OZL,20210520,25.32,25.37,24.33,25.18,1907441
OZL,20210521,25.17,25.89,24.42,25.68,3482507
OZL,20210524,25.59,25.66,24.33,24.5,1500384
OZL,20210525,24.65,24.94,24.54,24.74,1127119
OZL,20210526,24.49,24.49,23.5,23.5,2955344
OZL,20210527,23.93,24.48,23.81,24.27,3017934
OZL,20210528,25.01,25.57,25.01,25.42,1964399
OZL,20210531,25.75,25.78,25.19,25.29,1031155
OZL,20210601,25.45,25.81,25.35,25.73,1021701
OZL,20210602,26.4,26.74,26.13,26.32,1836673
OZL,20210603,26.32,26.5,26.1,26.28,1232988
OZL,20210604,25.64,25.64,25.09,25.34,1797805
OZL,20210607,25.42,25.7,25.03,25.11,1100815
OZL,20210609,25.48,25.66,25.29,25.29,666023
OZL,20210610,25.26,25.37,24.905,25.22,1311145
OZL,20210611,25.33,25.93,25.17,25.63,1028401
OZL,20210615,25.76,26.06,25.18,25.56,1212499
OZL,20210616,25,25.04,23.59,23.85,3109593
OZL,20210617,23.18,23.26,22.7,22.73,3819184
OZL,20210618,21.6,22.77,21.54,22.51,5670750
OZL,20210621,22.01,22.35,21.81,22.2,1919168
OZL,20210622,22.52,22.66,22.11,22.41,2044481
OZL,20210623,22.81,22.97,22.52,22.72,1640648
OZL,20210625,22.68,22.98,22.52,22.71,1723735
OZL,20210628,22.59,22.59,22.29,22.39,1090973
OZL,20210629,22.14,22.44,22.05,22.4,1475350
OZL,20210630,22.6,22.87,22.42,22.48,1263789
OZL,20210701,22.05,22.27,21.75,22.14,1675611
OZL,20210705,22.1,22.48,22.1,22.42,1134686
OZL,20210706,22.42,22.58,22.165,22.25,2796450
OZL,20210707,21.97,21.99,21.51,21.74,2633858
OZL,20210708,22.04,22.415,21.99,22.23,1871358
OZL,20210709,21.9,21.91,21.415,21.6,2484917
OZL,20210712,21.9,22.3,21.9,22.22,2622684
OZL,20210714,21.9,22.15,21.85,21.96,1100691
OZL,20210715,21.93,22.2,21.68,22.06,1968576
OZL,20210716,21.91,21.92,21.43,21.57,1653158
OZL,20210719,21.1,21.23,20.53,20.81,2488958
OZL,20210720,20.48,20.85,20.31,20.49,1762363
OZL,20210723,21.2,21.35,20.9,21.21,1375389
OZL,20210726,21.44,22.43,21.39,22.04,1831141
OZL,20210727,24,24.19,23.38,23.48,3909422
OZL,20210728,23.76,23.78,22.92,23.12,1820535
OZL,20210729,23.28,23.63,23.16,23.57,1485576
OZL,20210730,23.85,24.3,23.11,23.18,1637574
OZL,20210802,23,23.37,22.75,23.01,1289384
OZL,20210803,22.84,22.87,22.32,22.69,1581098
OZL,20210804,22.64,23.01,22.64,22.94,1680701
OZL,20210805,22.79,22.95,22.5,22.5,1135763
OZL,20210806,22.55,22.55,22.22,22.42,1369923
OZL,20210809,22.31,22.78,22.04,22.58,1184269
OZL,20210810,22.58,22.88,22.44,22.68,1736112
OZL,20210811,23.2,23.37,22.34,22.46,1978335
OZL,20210812,22.58,23.31,22.44,23.2,1518642
OZL,20210813,23.2,23.24,22.61,23.11,1075387
OZL,20210819,21.65,21.78,21.23,21.52,2897985
OZL,20210820,20.68,21.05,20.05,20.92,3520462
OZL,20210823,20.77,21.69,20.63,21.32,2656200
OZL,20210824,21.96,22.37,21.9,22.11,1994162
OZL,20210825,22.88,23,22.63,22.96,1631585
OZL,20210826,22.89,22.9,22.18,22.25,1386600
OZL,20210827,22.25,22.56,22.07,22.43,1020579
OZL,20210830,23.01,23.38,22.92,23.27,1422656
OZL,20210831,23.47,23.78,23.27,23.57,2133899
OZL,20210901,23.47,24.04,23.44,23.92,1460312
OZL,20210902,23.87,24.01,23.63,23.86,1297316
OZL,20210903,24.15,24.6,24.06,24.24,959985
OZL,20210906,24.16,24.44,23.75,24.18,1080888
OZL,20210907,24,24.18,23.715,23.94,805563
OZL,20210908,23.24,23.64,22.78,23.42,1259144
OZL,20210909,23.11,23.18,22.63,22.76,1768050
OZL,20210910,23,23.55,22.94,23.46,1054404
OZL,20210913,23.67,24.88,23.66,24.44,1722689
OZL,20210914,24.52,25.11,24.52,24.94,1975520
OZL,20210915,24.53,24.57,24.14,24.35,1290473
OZL,20210916,24.37,24.53,24.11,24.23,1699799
OZL,20210917,23.46,23.52,23.09,23.3,4401331
OZL,20210920,22.77,22.83,21.68,22.02,2218393
OZL,20210922,21.71,22.84,21.46,22.37,2099709
OZL,20210923,22.9,23.14,22.23,22.97,2313966
OZL,20210924,23.2,23.45,23.01,23.17,1412760
OZL,20210927,23.17,23.48,22.67,22.78,1229224
OZL,20210928,22.7,22.89,22.32,22.75,931033
OZL,20210929,22.52,22.75,21.88,22.16,2116103
OZL,20210930,21.98,22.51,21.81,22.51,1828454
OZL,20211001,22.4,22.44,21.74,21.84,1554693
OZL,20211004,22.36,22.5,21.66,21.89,852799
OZL,20211005,21.68,21.87,21.43,21.79,1574171
OZL,20211006,21.95,22.69,21.65,21.99,2212417
OZL,20211007,22.01,22.15,21.72,21.92,659519
OZL,20211008,22.61,22.85,22.33,22.52,1269599
OZL,20211011,22.44,23.08,22.22,23.06,670578
OZL,20211012,22.44,23.08,22.22,23.06,987744
OZL,20211013,23.1,23.54,22.96,22.98,1250516
OZL,20211014,23.77,23.96,23.62,23.8,1484362
OZL,20211019,26.09,26.71,25.83,25.99,2231515
OZL,20211020,25.94,26.62,25.85,25.88,2317678
OZL,20211021,25.49,25.55,25.04,25.19,2339996
OZL,20211022,24.7,25.04,24.57,24.95,1680154
OZL,20211025,25.01,25.4,24.95,25.35,598986
OZL,20211026,25.79,25.965,25.29,25.34,866727
OZL,20211028,24.73,25.1,24.37,24.98,1942504
OZL,20211029,25.25,25.74,25.01,25.13,1514590
OZL,20211101,25.15,25.19,24.51,24.58,1412927
OZL,20211102,24.78,24.9,24.27,24.28,548133
OZL,20211103,24.24,24.52,24.14,24.23,918016
OZL,20211104,24.3,24.33,23.83,24.03,1277842
OZL,20211105,24.05,24.36,23.79,23.91,1430902
OZL,20211109,24.77,25.1,24.63,24.97,1103767
OZL,20211110,24.96,25.07,24.52,24.6,1038544
OZL,20211112,25.85,25.98,25.56,25.56,1181178
OZL,20211115,25.79,25.96,25.42,25.47,455479
OZL,20211116,25.25,25.63,25.11,25.32,785814
OZL,20211117,26.11,26.16,25.47,25.61,1088642
OZL,20211118,25.43,26.505,25.2,26.32,1751727
OZL,20211119,26.15,26.15,25.71,26.03,2073378
OZL,20211122,25.92,26.17,25.71,25.92,924863
OZL,20211123,26.11,26.5,25.84,26.27,703210
OZL,20211124,25.99,26.22,25.84,25.92,585257
OZL,20211125,25.9,26.39,25.9,26.28,699146
OZL,20211126,26.27,26.3,25.64,25.7,690565
OZL,20211129,24.9,25.7,24.36,25.54,1851739
OZL,20211130,26,26.15,25.69,25.99,1686094
OZL,20211201,25.8,26.7,25.66,26.58,1581143
OZL,20211202,26,26.52,25.5,26.22,954496
OZL,20211203,26.76,27.03,26.17,26.41,1580429
OZL,20211206,26.63,26.95,26.13,26.53,979185
OZL,20211207,26.82,26.87,26.07,26.37,902662
OZL,20211208,26.66,26.94,26.51,26.9,1360637
OZL,20211209,26.95,27.23,26.64,27.06,1359743
OZL,20211210,26.92,27.12,26.78,27.01,1114624
OZL,20211213,27.02,27.67,27.02,27.5,1094222
OZL,20211214,27.5,27.75,27.3,27.75,1369058
OZL,20211216,27.09,27.57,26.52,27.5,1918877
OZL,20211217,27.88,28.1,27.34,27.37,2721118
OZL,20211220,27.1,27.1,26.45,26.98,1266916
OZL,20211221,26.52,27.36,26.52,27.31,521697
OZL,20211222,27.97,27.99,27.37,27.57,557694
OZL,20211223,27.68,27.95,27.62,27.82,567297
OZL,20211224,28,28.17,27.72,28.04,422921
OZL,20211229,28.05,28.59,28.05,28.5,785926
OZL,20211230,28.55,28.79,28.5,28.63,621992
OZL,20211231,28.51,28.71,28.22,28.22,375007
OZL,20220104,28.3,28.99,28.3,28.8,1026027
OZL,20220105,29.2,29.21,28.5,28.78,726293
OZL,20220106,28.67,29.245,28.47,28.95,1365454
OZL,20220107,28.7,29.2,28.6,28.99,1003558
OZL,20220110,29.2,29.22,28.76,29.05,549627
OZL,20220111,28.86,28.89,28.4,28.52,1121317
OZL,20220112,29,29,28.61,28.76,1216857
OZL,20220113,28.55,29.75,28.55,29.14,3510791
OZL,20220114,28.8,28.94,28.5,28.75,1134994
OZL,20220117,28.55,28.58,28.17,28.39,601139
OZL,20220118,28.37,28.71,28.185,28.43,552094
OZL,20220119,28.4,28.65,28,28.1,965882
OZL,20220120,28.23,29.29,28.22,29.21,2025172
OZL,20220121,28.83,29.03,27.8,27.92,1679756
OZL,20220124,27.12,27.63,26.815,27.5,1309910
OZL,20220125,26.9,27.4,26.11,26.27,2232992
OZL,20220127,25.26,26.44,24.77,25.51,3536215
OZL,20220128,25.14,25.63,24.29,25.18,4871109
OZL,20220131,24.6,24.7,24,24.18,1971611
OZL,20220201,24.3,24.42,23.99,24.04,2499174
OZL,20220202,24.01,24.98,24.01,24.95,2522668
OZL,20220203,24.74,24.89,24.3,24.87,1972387
OZL,20220204,24.5,24.89,24.46,24.8,1242228
OZL,20220207,24.88,25.29,24.75,25.02,1134482
OZL,20220208,25.05,25.52,24.78,25.36,1982492
OZL,20220209,25.63,25.75,25.29,25.53,1785271
OZL,20220210,26.68,26.75,26,26.23,2333991
OZL,20220211,26.56,26.74,25.82,25.88,1872319
OZL,20220214,25.75,25.855,25.21,25.7,1514662
OZL,20220215,25.66,26.14,25.49,25.74,1263867
OZL,20220216,26.1,26.5,25.785,26.45,1076333
OZL,20220217,26.65,26.73,25.94,26.17,1499784
OZL,20220218,25.7,26.32,25.63,26.15,1742896
OZL,20220221,25.56,26.3,25.56,26.03,1076234
OZL,20220222,25.44,25.56,24.67,24.85,2348874
OZL,20220223,25.03,25.35,24.91,25.24,2280705
OZL,20220224,24.9,24.96,24.37,24.37,2821978
OZL,20220225,24.3,25.01,24.21,24.91,2425341
OZL,20220228,25.59,25.94,25.01,25.5,2359823
OZL,20220301,25.82,25.97,24.82,24.83,1943308
OZL,20220302,25.2,25.79,25.2,25.79,2736449
OZL,20220303,26.31,27.33,26.28,27.09,2520914
OZL,20220304,27.09,27.33,26.16,26.5,1664089
OZL,20220307,27.06,27.75,27.02,27.65,2268058
OZL,20220308,27.36,27.66,25.95,25.95,2437964
OZL,20220309,26.1,26.42,25.68,25.99,2016853
OZL,20220310,26,26.04,25.22,25.78,1500097
OZL,20220311,25.69,26.01,25.17,25.34,2016572
OZL,20220314,25.6,25.73,25.075,25.2,1212964
OZL,20220315,24.6,24.62,24.01,24.31,3111200
OZL,20220316,0,0,0,0,0
OZL,20220317,25.01,25.38,24.935,25.16,2003547
OZL,20220318,25.79,26,25.48,26,4060641
OZL,20220321,25.93,26.07,25.68,26,1494411
OZL,20220322,26.44,26.6,26.1,26.24,1123939
OZL,20220323,26.23,26.43,25.805,26.42,1114650
OZL,20220324,26.64,26.77,26.35,26.55,657234
OZL,20220325,26.85,26.99,26.65,26.93,591195
OZL,20220328,27.1,27.39,27.06,27.12,957090
OZL,20220329,27.12,27.24,26.89,26.9,867279
OZL,20220330,27.02,27.045,26.6,26.75,1044753
OZL,20220331,27.01,27.2,26.67,26.73,643894
OZL,20220401,26.57,26.99,26.45,26.94,1069493
OZL,20220404,27.2,27.34,26.83,27.16,1009024
OZL,20220405,27.05,27.1,26.53,26.59,1096446
OZL,20220406,25.81,26.03,25.36,25.85,2072679
OZL,20220407,25.52,25.71,25.46,25.52,856271
OZL,20220408,25.63,25.88,25.5,25.83,1290218
OZL,20220411,25.72,26.32,25.72,25.74,1037259
OZL,20220412,26.18,26.18,25.21,25.45,1657827
OZL,20220413,25.64,26.035,25.52,26.02,1575205
OZL,20220414,26.4,27,26.37,26.84,1784807
OZL,20220419,27.16,27.75,27.16,27.73,2302426
OZL,20220420,27.25,27.33,26.5,26.69,1396629
OZL,20220421,27.25,27.33,26.5,26.69,1396629
OZL,20220422,25.46,25.5,24.45,24.55,4236004
OZL,20220426,23.5,24.14,23.225,23.64,4557371
OZL,20220427,23.27,23.63,23.09,23.41,2284948
OZL,20220428,24.14,25.03,24.11,25.03,2637757
OZL,20220429,25.07,25.07,24.7,25,1279219
OZL,20220502,24.72,24.72,24.35,24.35,1028970
OZL,20220503,24.3,24.62,24.25,24.46,1059758
OZL,20220504,24.49,24.61,23.73,23.97,1510185
OZL,20220505,24.33,24.69,23.96,24.61,2421453
OZL,20220506,23.76,23.91,23.11,23.45,1794865
OZL,20220509,22.99,23.17,22.72,23.01,1642563
OZL,20220510,22.1,22.44,21.68,22.4,2878942
OZL,20220511,22.32,22.4,21.96,22.2,2263229
OZL,20220512,22,22.08,21.37,21.48,1782838
OZL,20220513,21.2,21.68,21.05,21.61,2527694
OZL,20220516,21.8,21.8,21.2,21.46,2105700
OZL,20220517,21.83,22.065,21.56,22.03,1195697
OZL,20220518,22.97,23.35,22.65,22.83,1755120
OZL,20220519,22.38,22.73,22.125,22.6,1534320
OZL,20220520,23.05,23.12,22.66,22.9,1832061
OZL,20220523,22.98,23.08,22.58,22.58,1059587
OZL,20220524,22.93,23.43,22.86,22.96,1340323
OZL,20220525,23.2,23.51,23.11,23.29,900664
OZL,20220526,23.04,23.31,22.84,23.1,960571
OZL,20220527,23.64,23.64,23.1,23.15,708915
OZL,20220530,23.62,23.97,23.42,23.95,1232587
OZL,20220531,24.25,24.31,24.01,24.1,1526486
OZL,20220601,23.67,23.94,23.38,23.55,1313220
OZL,20220602,23.72,24.15,23.57,23.65,1475917
OZL,20220603,24.49,24.91,24.42,24.71,1958121
OZL,20220606,24.45,24.52,24.11,24.15,467407
OZL,20220607,24.33,24.48,24.19,24.34,1293959
OZL,20220608,24.78,24.9,24.41,24.67,952793
OZL,20220609,24.46,24.62,24.05,24.05,730137
OZL,20220610,23.58,23.8,23.31,23.71,1262384
OZL,20220614,21.88,22.3,21.76,22.16,3287144
OZL,20220615,21.9,22.18,21.63,21.71,2165337
OZL,20220616,21.46,21.93,21.39,21.41,1979812
OZL,20220617,20.8,20.82,20.06,20.2,4740989
OZL,20220620,20.02,20.15,19.445,19.81,3319813
OZL,20220621,20.32,21.08,20.28,20.98,2248260
OZL,20220622,21,21.18,20.67,20.68,1634892
OZL,20220623,20.23,20.3,19.48,19.6,2927783
OZL,20220624,19.01,19.72,18.87,19.19,2860893
OZL,20220627,18.66,19.09,18.43,18.46,6446455
OZL,20220628,18.36,18.66,17.71,18.66,4185427
OZL,20220629,18.53,18.53,17.55,17.75,2910355
OZL,20220630,17.57,18.25,17.52,17.76,2636459
OZL,20220701,17.51,17.92,17.28,17.28,1677234
OZL,20220704,17.94,17.99,17.4,17.58,1533998
OZL,20220705,17.58,17.77,17.37,17.45,1737221
OZL,20220706,16.84,17.37,16.48,16.97,3327098
OZL,20220707,17.1,17.51,16.97,17.35,2181933
OZL,20220708,18.33,18.43,17.54,17.65,2939255
OZL,20220711,17.5,17.62,16.72,16.89,2219677
OZL,20220712,16.66,16.87,16.21,16.29,2949559
OZL,20220713,15.93,16.5,15.92,16.44,2869091
OZL,20220714,16.41,16.96,16.36,16.8,2246547
OZL,20220715,16.02,16.35,15.82,16.05,2623428
OZL,20220718,16.29,16.85,16.23,16.85,2095850
OZL,20220719,16.9,17.27,16.78,16.9,2622543
OZL,20220720,17.21,17.71,17.18,17.59,2780876
OZL,20220721,17.63,17.71,17.09,17.69,2699182
OZL,20220722,17.54,17.9,17.49,17.66,3318241
OZL,20220725,17.14,17.42,16.82,17,3176133
OZL,20220726,16.89,17.23,16.61,17.19,3465066
OZL,20220727,16.91,17.45,16.88,17.23,2163361
OZL,20220728,17.6,18.52,17.55,18.45,3308828
OZL,20220729,18.74,18.96,18.52,18.89,3329475
OZL,20220801,19.15,19.3,18.72,18.91,2033615
OZL,20220802,18.47,18.65,18.28,18.6,2938919
OZL,20220803,18.33,18.69,18.055,18.6,1834962
OZL,20220805,18.56,19,18.53,18.92,1412724
OZL,20220808,26.14,26.25,25.17,25.59,7520207
OZL,20220809,25.55,26.06,25.47,25.66,4565319
OZL,20220810,25.66,25.75,25.05,25.4,4034435
OZL,20220811,25.99,26.09,25.42,25.66,2404917
OZL,20220812,25.7,25.82,25.52,25.7,1582178
OZL,20220815,25.71,25.91,25.68,25.69,1496087
OZL,20220816,25.6,26.04,25.53,26.01,2204459
OZL,20220817,25.97,26.11,25.77,26.01,1656956
OZL,20220818,25.86,26.05,25.54,25.84,1855839
OZL,20220819,26.02,26.34,25.98,26.09,1666898
OZL,20220822,25.79,26.15,25.71,25.71,1587843
OZL,20220823,25.8,25.96,25.55,25.55,1264777
OZL,20220824,26.15,26.33,25.84,26.25,1462298
OZL,20220825,26.3,26.72,26.09,26.19,1060129
OZL,20220826,26.22,26.54,25.86,25.99,1139125
OZL,20220829,25.49,25.95,25.48,25.85,1484109
OZL,20220830,25.9,25.97,25.5,25.72,1824776
OZL,20220831,25.36,25.85,25.33,25.72,1799486
OZL,20220901,25.41,25.61,25.11,25.3,2178192
OZL,20220902,25.38,25.91,25.28,25.33,2689809
OZL,20220905,25.5,25.71,25.3,25.64,1036426
OZL,20220906,26,26.375,25.94,26,1339975
OZL,20220907,25.82,26.08,25.59,25.67,1632656
OZL,20220909,26.29,26.4,25.885,26.04,1467131
OZL,20220912,26.3,26.39,25.94,26.13,1638620
OZL,20220913,26.36,26.725,26.1,26.59,3035784
OZL,20220914,25.88,26.16,25.73,26.01,3655330
OZL,20220915,26.1,26.16,25.51,25.51,1934786
OZL,20220916,25.5,25.53,25.11,25.25,1980358
