PAR,20160212,0.3,0.3,0.3,0.3,0
PAR,20160215,0.26,0.29,0.26,0.29,70215
PAR,20160216,0.3,0.3,0.3,0.3,3000
PAR,20160217,0.3,0.3,0.3,0.3,30000
PAR,20160218,0.29,0.29,0.28,0.28,57085
PAR,20160219,0.27,0.27,0.26,0.26,26000
PAR,20160222,0.28,0.28,0.28,0.28,3000
PAR,20160223,0.28,0.28,0.28,0.28,0
PAR,20160224,0.28,0.28,0.28,0.28,0
PAR,20160225,0.27,0.27,0.27,0.27,4000
PAR,20160226,0.27,0.28,0.27,0.28,2000
PAR,20160229,0.28,0.28,0.28,0.28,35000
PAR,20160301,0.27,0.275,0.27,0.275,6000
PAR,20160302,0.28,0.28,0.28,0.28,2000
PAR,20160303,0.28,0.28,0.28,0.28,26499
PAR,20160304,0.28,0.29,0.28,0.29,13501
PAR,20160307,0.29,0.29,0.29,0.29,7714
PAR,20160308,0.3,0.3,0.3,0.3,5000
PAR,20160309,0.3,0.3,0.3,0.3,0
PAR,20160310,0.3,0.3,0.28,0.295,519000
PAR,20160311,0.31,0.31,0.31,0.31,2000
PAR,20160314,0.31,0.31,0.31,0.31,0
PAR,20160315,0.305,0.305,0.305,0.305,10000
PAR,20160316,0.305,0.31,0.305,0.31,1929
PAR,20160317,0.31,0.32,0.31,0.32,59714
PAR,20160318,0.33,0.33,0.31,0.33,51400
PAR,20160321,0.33,0.33,0.33,0.33,0
PAR,20160322,0.33,0.33,0.33,0.33,0
PAR,20160323,0.33,0.33,0.33,0.33,0
PAR,20160324,0.33,0.33,0.3,0.3,28572
PAR,20160329,0.33,0.33,0.33,0.33,2000
PAR,20160330,0.31,0.31,0.3,0.3,25572
PAR,20160331,0.31,0.31,0.3,0.3,190000
PAR,20160401,0.3,0.3,0.3,0.3,0
PAR,20160404,0.3,0.3,0.3,0.3,0
PAR,20160405,0.33,0.35,0.32,0.35,35000
PAR,20160406,0.34,0.34,0.33,0.33,54179
PAR,20160407,0.33,0.33,0.33,0.33,20000
PAR,20160408,0.33,0.33,0.33,0.33,0
PAR,20160411,0.33,0.33,0.305,0.32,295000
PAR,20160412,0.32,0.32,0.32,0.32,0
PAR,20160413,0.32,0.32,0.31,0.31,25000
PAR,20160414,0.3,0.3,0.3,0.3,19000
PAR,20160415,0.3,0.3,0.3,0.3,0
PAR,20160418,0.33,0.33,0.305,0.305,6715
PAR,20160419,0.305,0.305,0.305,0.305,0
PAR,20160420,0.31,0.31,0.31,0.31,50000
PAR,20160421,0.32,0.34,0.32,0.34,18000
PAR,20160422,0.34,0.35,0.34,0.35,14000
PAR,20160426,0.35,0.35,0.35,0.35,0
PAR,20160427,0.35,0.35,0.33,0.35,65785
PAR,20160428,0.35,0.35,0.35,0.35,262500
PAR,20160429,0.35,0.35,0.35,0.35,0
PAR,20160502,0.33,0.345,0.33,0.345,52000
PAR,20160503,0.325,0.33,0.325,0.33,161493
PAR,20160504,0.33,0.33,0.32,0.32,302852
PAR,20160505,0.32,0.32,0.32,0.32,14051
PAR,20160506,0.33,0.33,0.32,0.32,41129
PAR,20160509,0.325,0.325,0.325,0.325,9350
PAR,20160510,0.325,0.325,0.325,0.325,0
PAR,20160511,0.325,0.33,0.325,0.33,10830
PAR,20160512,0.32,0.32,0.32,0.32,25000
PAR,20160513,0.32,0.32,0.32,0.32,0
PAR,20160516,0.3,0.3,0.3,0.3,25000
PAR,20160517,0.3,0.3,0.3,0.3,130000
PAR,20160518,0.3,0.3,0.3,0.3,42858
PAR,20160519,0.3,0.3,0.3,0.3,70000
PAR,20160520,0.3,0.3,0.3,0.3,6715
PAR,20160523,0.3,0.3,0.3,0.3,20000
PAR,20160524,0.32,0.32,0.32,0.32,2001
PAR,20160525,0.32,0.32,0.32,0.32,12500
PAR,20160526,0.32,0.32,0.32,0.32,0
PAR,20160527,0.32,0.32,0.32,0.32,10000
PAR,20160530,0.32,0.32,0.32,0.32,0
PAR,20160531,0.32,0.32,0.32,0.32,0
PAR,20160601,0.32,0.32,0.32,0.32,5000
PAR,20160602,0.32,0.32,0.32,0.32,0
PAR,20160603,0.31,0.31,0.3,0.3,25000
PAR,20160606,0.3,0.3,0.3,0.3,0
PAR,20160607,0.3,0.32,0.3,0.32,46321
PAR,20160608,0.32,0.32,0.32,0.32,8000
PAR,20160609,0.33,0.35,0.33,0.35,217439
PAR,20160610,0.35,0.35,0.35,0.35,0
PAR,20160614,0.32,0.35,0.32,0.35,95566
PAR,20160615,0.35,0.35,0.35,0.35,0
PAR,20160616,0.335,0.34,0.335,0.335,72000
PAR,20160617,0.335,0.335,0.33,0.33,52500
PAR,20160620,0.335,0.35,0.335,0.35,146221
PAR,20160621,0.35,0.35,0.35,0.35,30000
PAR,20160622,0.35,0.35,0.35,0.35,20000
PAR,20160623,0.35,0.35,0.35,0.35,14000
PAR,20160624,0.335,0.345,0.335,0.345,27500
PAR,20160627,0.345,0.345,0.345,0.345,0
PAR,20160628,0.34,0.34,0.33,0.33,50003
PAR,20160629,0.35,0.35,0.35,0.35,5750
PAR,20160630,0.35,0.35,0.35,0.35,17000
PAR,20160701,0.35,0.39,0.35,0.39,5000
PAR,20160704,0.39,0.39,0.39,0.39,24963
PAR,20160705,0.37,0.37,0.36,0.37,63700
PAR,20160706,0.37,0.37,0.34,0.34,104300
PAR,20160707,0.34,0.34,0.34,0.34,0
PAR,20160708,0.35,0.35,0.35,0.35,15000
PAR,20160711,0.35,0.35,0.35,0.35,0
PAR,20160712,0.36,0.36,0.36,0.36,1500
PAR,20160713,0.36,0.36,0.36,0.36,13000
PAR,20160714,0.355,0.36,0.355,0.36,64291
PAR,20160715,0.355,0.355,0.355,0.355,98000
PAR,20160718,0.36,0.36,0.355,0.355,83816
PAR,20160719,0.36,0.36,0.355,0.36,9775
PAR,20160720,0.375,0.39,0.37,0.39,93818
PAR,20160721,0.365,0.365,0.36,0.36,50000
PAR,20160722,0.36,0.36,0.35,0.36,261000
PAR,20160725,0.37,0.37,0.37,0.37,10000
PAR,20160726,0.37,0.37,0.37,0.37,0
PAR,20160727,0.37,0.37,0.37,0.37,0
PAR,20160728,0.37,0.37,0.37,0.37,0
PAR,20160729,0.365,0.365,0.36,0.36,533443
PAR,20160801,0.36,0.36,0.36,0.36,0
PAR,20160802,0.35,0.365,0.34,0.365,22780
PAR,20160803,0.34,0.34,0.34,0.34,15000
PAR,20160804,0.355,0.355,0.355,0.355,5600
PAR,20160805,0.35,0.35,0.35,0.35,15000
PAR,20160808,0.35,0.35,0.35,0.35,0
PAR,20160809,0.35,0.35,0.35,0.35,0
PAR,20160810,0.345,0.345,0.345,0.345,30000
PAR,20160811,0.35,0.355,0.345,0.355,67529
PAR,20160812,0.365,0.365,0.365,0.365,14540
PAR,20160815,0.37,0.39,0.37,0.39,100931
PAR,20160816,0.39,0.39,0.39,0.39,10833
PAR,20160817,0.39,0.39,0.39,0.39,0
PAR,20160818,0.39,0.39,0.39,0.39,0
PAR,20160822,0.39,0.39,0.39,0.39,0
PAR,20160823,0.37,0.37,0.35,0.355,55236
PAR,20160824,0.36,0.4,0.36,0.4,86000
PAR,20160825,0.41,0.41,0.41,0.41,2500
PAR,20160826,0.41,0.41,0.41,0.41,20700
PAR,20160829,0.4,0.4,0.4,0.4,38000
PAR,20160830,0.41,0.42,0.41,0.42,30400
PAR,20160831,0.44,0.44,0.43,0.43,97000
PAR,20160901,0.45,0.45,0.45,0.45,40004
PAR,20160902,0.45,0.45,0.45,0.45,21000
PAR,20160905,0.45,0.45,0.45,0.45,58115
PAR,20160906,0.47,0.52,0.47,0.485,119400
PAR,20160907,0.52,0.53,0.5,0.52,330552
PAR,20160908,0.545,0.56,0.5,0.52,196205
PAR,20160909,0.5,0.5,0.48,0.5,157857
PAR,20160912,0.54,0.55,0.535,0.535,139050
PAR,20160913,0.54,0.555,0.53,0.555,175429
PAR,20160914,0.55,0.555,0.55,0.555,48519
PAR,20160915,0.555,0.555,0.555,0.555,53349
PAR,20160916,0.6,0.6,0.6,0.6,208000
PAR,20160919,0.605,0.62,0.575,0.6,121494
PAR,20160920,0.6,0.62,0.58,0.6,177079
PAR,20160921,0.6,0.6,0.6,0.6,36694
PAR,20160922,0.61,0.62,0.59,0.6,180585
PAR,20160923,0.6,0.6,0.55,0.55,30333
PAR,20160926,0.55,0.6,0.55,0.595,13358
PAR,20160927,0.55,0.55,0.55,0.55,5715
PAR,20160928,0.56,0.56,0.56,0.56,16715
PAR,20160929,0.56,0.57,0.53,0.57,93716
PAR,20160930,0.57,0.58,0.57,0.58,6024
PAR,20161003,0.58,0.58,0.58,0.58,0
PAR,20161004,0.58,0.595,0.58,0.595,17777
PAR,20161005,0.595,0.595,0.595,0.595,0
PAR,20161006,0.58,0.58,0.58,0.58,15000
PAR,20161007,0.58,0.59,0.58,0.59,15500
PAR,20161010,0.59,0.595,0.55,0.595,48870
PAR,20161011,0.595,0.595,0.595,0.595,1666
PAR,20161012,0.585,0.585,0.54,0.55,389000
PAR,20161013,0.565,0.565,0.51,0.51,36555
PAR,20161014,0.51,0.51,0.51,0.51,0
PAR,20161017,0.51,0.51,0.51,0.51,0
PAR,20161018,0.53,0.55,0.53,0.55,23500
PAR,20161019,0.55,0.55,0.535,0.535,13700
PAR,20161020,0.535,0.535,0.535,0.535,1256
PAR,20161021,0.515,0.53,0.5,0.52,153980
PAR,20161024,0.52,0.52,0.51,0.52,15000
PAR,20161025,0.51,0.51,0.5,0.5,5000
PAR,20161026,0.5,0.5,0.5,0.5,74548
PAR,20161027,0.51,0.52,0.5,0.5,82419
PAR,20161028,0.5,0.52,0.5,0.52,98936
PAR,20161031,0.5,0.5,0.48,0.49,264000
PAR,20161101,0.49,0.49,0.49,0.49,17000
PAR,20161102,0.48,0.48,0.47,0.47,58714
PAR,20161103,0.47,0.47,0.47,0.47,0
PAR,20161104,0.47,0.47,0.47,0.47,4000
PAR,20161107,0.47,0.5,0.46,0.5,69938
PAR,20161108,0.5,0.5,0.5,0.5,0
PAR,20161109,0.48,0.48,0.43,0.43,56956
PAR,20161110,0.48,0.48,0.48,0.48,8700
PAR,20161111,0.46,0.48,0.45,0.48,32000
PAR,20161114,0.48,0.48,0.48,0.48,0
PAR,20161115,0.48,0.48,0.48,0.48,37500
PAR,20161116,0.48,0.48,0.48,0.48,10000
PAR,20161117,0.47,0.47,0.47,0.47,1184
PAR,20161118,0.46,0.46,0.46,0.46,10000
PAR,20161121,0.45,0.45,0.4,0.45,141354
PAR,20161122,0.435,0.45,0.4,0.45,87722
PAR,20161123,0.45,0.45,0.445,0.445,30200
PAR,20161124,0.445,0.445,0.44,0.44,31370
PAR,20161125,0.44,0.44,0.425,0.425,26541
PAR,20161128,0.41,0.43,0.405,0.405,79225
PAR,20161129,0.42,0.43,0.42,0.43,5400
PAR,20161130,0.45,0.45,0.435,0.435,133086
PAR,20161201,0.435,0.435,0.405,0.405,24151
PAR,20161202,0.405,0.405,0.4,0.4,65063
PAR,20161205,0.4,0.4,0.4,0.4,0
PAR,20161206,0.44,0.44,0.44,0.44,5000
PAR,20161207,0.44,0.44,0.44,0.44,0
PAR,20161208,0.44,0.44,0.44,0.44,0
PAR,20161209,0.425,0.425,0.42,0.42,5000
PAR,20161212,0.42,0.42,0.415,0.415,5750
PAR,20161213,0.4,0.4,0.38,0.395,187620
PAR,20161214,0.39,0.4,0.38,0.4,23553
PAR,20161215,0.4,0.4,0.4,0.4,4113
PAR,20161216,0.4,0.4,0.4,0.4,50000
PAR,20161219,0.36,0.4,0.36,0.38,156221
PAR,20161220,0.38,0.38,0.34,0.375,58992
PAR,20161221,0.375,0.38,0.375,0.38,37447
PAR,20161222,0.38,0.38,0.38,0.38,0
PAR,20161223,0.38,0.38,0.38,0.38,0
PAR,20161228,0.41,0.41,0.4,0.41,32500
PAR,20161229,0.39,0.39,0.39,0.39,926
PAR,20161230,0.39,0.39,0.39,0.39,0
PAR,20170103,0.41,0.41,0.4,0.4,47619
PAR,20170104,0.41,0.43,0.41,0.43,24658
PAR,20170105,0.43,0.43,0.425,0.43,32360
PAR,20170106,0.44,0.47,0.44,0.455,27735
PAR,20170109,0.47,0.47,0.45,0.45,39165
PAR,20170110,0.435,0.435,0.43,0.43,13000
PAR,20170111,0.45,0.45,0.43,0.43,25095
PAR,20170112,0.455,0.455,0.455,0.455,2500
PAR,20170113,0.455,0.455,0.455,0.455,0
PAR,20170116,0.455,0.455,0.45,0.455,18661
PAR,20170117,0.45,0.45,0.45,0.45,13330
PAR,20170118,0.45,0.45,0.45,0.45,0
PAR,20170119,0.45,0.45,0.43,0.43,26200
PAR,20170120,0.43,0.43,0.43,0.43,0
PAR,20170123,0.43,0.43,0.43,0.43,40000
PAR,20170124,0.445,0.455,0.445,0.455,47855
PAR,20170125,0.46,0.46,0.46,0.46,15000
PAR,20170127,0.47,0.47,0.42,0.42,31250
PAR,20170130,0.47,0.47,0.47,0.47,1500
PAR,20170131,0.47,0.47,0.47,0.47,0
PAR,20170201,0.44,0.44,0.43,0.43,7500
PAR,20170202,0.43,0.43,0.405,0.405,24803
PAR,20170203,0.405,0.405,0.405,0.405,0
PAR,20170206,0.405,0.405,0.405,0.405,0
PAR,20170207,0.43,0.43,0.4,0.4,35000
PAR,20170208,0.4,0.4,0.4,0.4,0
PAR,20170209,0.4,0.4,0.4,0.4,0
PAR,20170210,0.42,0.42,0.4,0.4,47297
PAR,20170213,0.4,0.4,0.385,0.4,32705
PAR,20170214,0.4,0.43,0.4,0.41,61249
PAR,20170215,0.415,0.425,0.415,0.425,3800
PAR,20170216,0.425,0.425,0.425,0.425,5000
PAR,20170217,0.415,0.415,0.415,0.415,5000
PAR,20170220,0.42,0.425,0.42,0.425,55678
PAR,20170221,0.415,0.425,0.415,0.425,2949
PAR,20170222,0.425,0.425,0.41,0.41,24376
PAR,20170223,0.41,0.41,0.41,0.41,2000
PAR,20170224,0.41,0.41,0.4,0.41,141083
PAR,20170227,0.41,0.41,0.41,0.41,0
PAR,20170228,0.41,0.41,0.385,0.4,32873
PAR,20170301,0.395,0.405,0.395,0.405,19272
PAR,20170302,0.405,0.405,0.39,0.39,82465
PAR,20170303,0.395,0.4,0.395,0.4,27225
PAR,20170306,0.395,0.395,0.395,0.395,10972
PAR,20170307,0.395,0.4,0.395,0.4,51501
PAR,20170308,0.395,0.425,0.395,0.425,15004
PAR,20170309,0.425,0.45,0.425,0.45,128383
PAR,20170310,0.45,0.45,0.435,0.435,7730
PAR,20170313,0.45,0.485,0.45,0.47,173508
PAR,20170314,0.485,0.485,0.475,0.48,21239
PAR,20170315,0.48,0.48,0.48,0.48,12166
PAR,20170316,0.48,0.48,0.47,0.47,11697
PAR,20170317,0.48,0.48,0.47,0.47,11312
PAR,20170320,0.47,0.47,0.45,0.45,57706
PAR,20170321,0.45,0.47,0.45,0.45,41983
PAR,20170322,0.45,0.45,0.45,0.45,7277
PAR,20170323,0.47,0.48,0.47,0.48,38957
PAR,20170324,0.48,0.48,0.46,0.47,61943
PAR,20170327,0.47,0.48,0.47,0.48,32000
PAR,20170328,0.48,0.48,0.47,0.475,20506
PAR,20170329,0.475,0.48,0.475,0.48,436666
PAR,20170330,0.48,0.48,0.48,0.48,0
PAR,20170331,0.475,0.475,0.475,0.475,9000
PAR,20170403,0.48,0.55,0.48,0.55,137414
PAR,20170404,0.6,0.6,0.5,0.53,100038
PAR,20170405,0.55,0.55,0.54,0.54,11780
PAR,20170406,0.58,0.59,0.55,0.55,81949
PAR,20170407,0.55,0.55,0.55,0.55,0
PAR,20170410,0.58,0.58,0.57,0.58,23499
PAR,20170411,0.595,0.61,0.58,0.58,195412
PAR,20170412,0.58,0.58,0.58,0.58,0
PAR,20170413,0.58,0.58,0.58,0.58,18614
PAR,20170418,0.57,0.57,0.53,0.53,46000
PAR,20170419,0.54,0.55,0.54,0.55,10000
PAR,20170420,0.55,0.55,0.54,0.54,15000
PAR,20170421,0.55,0.55,0.55,0.55,2000
PAR,20170424,0.53,0.54,0.51,0.54,74582
PAR,20170426,0.51,0.51,0.5,0.51,172990
PAR,20170427,0.51,0.51,0.51,0.51,0
PAR,20170428,0.5,0.53,0.5,0.52,34768
PAR,20170501,0.53,0.53,0.49,0.52,39065
PAR,20170502,0.52,0.52,0.52,0.52,0
PAR,20170503,0.52,0.52,0.52,0.52,0
PAR,20170504,0.52,0.52,0.52,0.52,0
PAR,20170505,0.52,0.53,0.49,0.53,130000
PAR,20170508,0.5,0.53,0.5,0.53,94167
PAR,20170509,0.52,0.52,0.52,0.52,30333
PAR,20170510,0.51,0.52,0.5,0.52,89101
PAR,20170511,0.53,0.55,0.52,0.535,117054
PAR,20170512,0.545,0.55,0.54,0.55,42969
PAR,20170515,0.56,0.585,0.56,0.585,104500
PAR,20170516,0.59,0.64,0.59,0.625,316351
PAR,20170517,0.645,0.67,0.6,0.625,400334
PAR,20170518,0.615,0.625,0.58,0.625,105525
PAR,20170519,0.6,0.65,0.6,0.65,200999
PAR,20170522,0.675,0.68,0.66,0.665,110990
PAR,20170523,0.67,0.68,0.645,0.665,92408
PAR,20170524,0.665,0.665,0.625,0.64,57417
PAR,20170525,0.65,0.655,0.64,0.64,156100
PAR,20170526,0.64,0.64,0.64,0.64,0
PAR,20170529,0.64,0.64,0.635,0.635,68000
PAR,20170530,0.62,0.62,0.58,0.6,87136
PAR,20170531,0.615,0.615,0.615,0.615,9000
PAR,20170601,0.62,0.64,0.62,0.635,91600
PAR,20170602,0.64,0.64,0.635,0.635,26022
PAR,20170605,0.635,0.64,0.635,0.635,46152
PAR,20170606,0.635,0.645,0.635,0.645,18348
PAR,20170607,0.65,0.68,0.65,0.67,69983
PAR,20170608,0.67,0.675,0.67,0.675,26318
PAR,20170609,0.675,0.675,0.67,0.675,23828
PAR,20170613,0.675,0.675,0.675,0.675,3739
PAR,20170614,0.675,0.72,0.675,0.7,156709
PAR,20170615,0.7,0.7,0.7,0.7,0
PAR,20170616,0.28,0.36,0.23,0.345,2603939
PAR,20170619,0.345,0.345,0.32,0.32,148549
PAR,20170620,0.33,0.39,0.32,0.37,322953
PAR,20170621,0.37,0.37,0.34,0.365,306805
PAR,20170622,0.36,0.36,0.35,0.35,35599
PAR,20170623,0.35,0.355,0.345,0.345,74601
PAR,20170626,0.345,0.355,0.345,0.345,38866
PAR,20170627,0.345,0.345,0.31,0.325,105095
PAR,20170628,0.325,0.325,0.275,0.295,319871
PAR,20170629,0.285,0.3,0.275,0.295,157481
PAR,20170630,0.29,0.29,0.285,0.29,40431
PAR,20170703,0.29,0.295,0.29,0.29,9372
PAR,20170704,0.3,0.3,0.29,0.29,38000
PAR,20170705,0.29,0.29,0.285,0.285,30000
PAR,20170706,0.285,0.285,0.285,0.285,57143
PAR,20170707,0.285,0.285,0.285,0.285,3189
PAR,20170710,0.295,0.295,0.295,0.295,20000
PAR,20170711,0.295,0.295,0.295,0.295,24718
PAR,20170712,0.29,0.29,0.28,0.28,50811
PAR,20170713,0.275,0.275,0.27,0.27,33189
PAR,20170714,0.27,0.27,0.27,0.27,22512
PAR,20170717,0.29,0.29,0.29,0.29,1750
PAR,20170718,0.29,0.29,0.29,0.29,0
PAR,20170719,0.27,0.28,0.27,0.28,14500
PAR,20170720,0.27,0.27,0.27,0.27,47445
PAR,20170721,0.265,0.265,0.265,0.265,9
PAR,20170724,0.265,0.265,0.265,0.265,0
PAR,20170725,0.265,0.265,0.25,0.25,422893
PAR,20170726,0.25,0.25,0.25,0.25,0
PAR,20170727,0.265,0.29,0.265,0.29,27728
PAR,20170728,0.32,0.33,0.28,0.285,18937
PAR,20170731,0.285,0.285,0.285,0.285,3000
PAR,20170801,0.3,0.3,0.3,0.3,500
PAR,20170802,0.3,0.325,0.3,0.325,34219
PAR,20170803,0.33,0.355,0.33,0.33,122978
PAR,20170804,0.34,0.34,0.33,0.33,30000
PAR,20170807,0.33,0.33,0.33,0.33,0
PAR,20170808,0.34,0.34,0.32,0.32,34760
PAR,20170809,0.31,0.31,0.3,0.3,15700
PAR,20170810,0.305,0.305,0.3,0.3,17100
PAR,20170811,0.3,0.3,0.3,0.3,0
PAR,20170815,0.27,0.27,0.27,0.27,40327
PAR,20170816,0.3,0.3,0.3,0.3,500
PAR,20170817,0.3,0.3,0.3,0.3,0
PAR,20170818,0.3,0.3,0.3,0.3,0
PAR,20170821,0.27,0.27,0.27,0.27,3200
PAR,20170822,0.27,0.27,0.27,0.27,0
PAR,20170823,0.27,0.27,0.27,0.27,0
PAR,20170824,0.27,0.27,0.27,0.27,0
PAR,20170825,0.27,0.27,0.27,0.27,0
PAR,20170828,0.27,0.27,0.25,0.25,40000
PAR,20170829,0.26,0.26,0.25,0.25,41667
PAR,20170830,0.25,0.25,0.25,0.25,0
PAR,20170831,0.25,0.25,0.25,0.25,0
PAR,20170901,0.285,0.285,0.28,0.28,8200
PAR,20170904,0.285,0.285,0.28,0.28,23360
PAR,20170905,0.285,0.285,0.285,0.285,14017
PAR,20170906,0.285,0.285,0.285,0.285,0
PAR,20170907,0.285,0.285,0.285,0.285,0
PAR,20170908,0.285,0.285,0.285,0.285,0
PAR,20170911,0.43,0.55,0.385,0.395,3160054
PAR,20170912,0.405,0.42,0.34,0.355,521772
PAR,20170913,0.36,0.395,0.36,0.37,324814
PAR,20170914,0.39,0.44,0.375,0.44,547331
PAR,20170915,0.44,0.44,0.4,0.42,309418
PAR,20170918,0.42,0.43,0.405,0.405,178401
PAR,20170919,0.42,0.43,0.42,0.43,36451
PAR,20170920,0.425,0.425,0.38,0.4,92064
PAR,20170921,0.4,0.4,0.4,0.4,47214
PAR,20170922,0.4,0.4,0.39,0.39,17552
PAR,20170925,0.38,0.38,0.35,0.35,55024
PAR,20170926,0.35,0.35,0.325,0.325,53500
PAR,20170927,0.32,0.33,0.315,0.315,146793
PAR,20170928,0.32,0.325,0.32,0.32,31174
PAR,20170929,0.32,0.32,0.31,0.31,36286
PAR,20171002,0.315,0.315,0.295,0.295,56296
PAR,20171003,0.3,0.3,0.28,0.28,97547
PAR,20171004,0.29,0.29,0.28,0.28,90000
PAR,20171005,0.3,0.31,0.3,0.31,46267
PAR,20171006,0.33,0.33,0.33,0.33,14500
PAR,20171009,0.33,0.355,0.33,0.35,69100
PAR,20171010,0.42,0.445,0.385,0.385,1178838
PAR,20171011,0.4,0.41,0.385,0.405,196831
PAR,20171012,0.4,0.415,0.4,0.415,123713
PAR,20171013,0.415,0.415,0.38,0.38,137385
PAR,20171016,0.38,0.4,0.38,0.395,25275
PAR,20171017,0.395,0.395,0.37,0.37,89940
PAR,20171018,0.37,0.37,0.36,0.36,116500
PAR,20171019,0.38,0.38,0.38,0.38,17157
PAR,20171020,0.38,0.41,0.38,0.41,62000
PAR,20171023,0.41,0.41,0.41,0.41,5974
PAR,20171024,0.375,0.375,0.36,0.365,37211
PAR,20171025,0.37,0.37,0.37,0.37,12800
PAR,20171026,0.37,0.37,0.35,0.35,41000
PAR,20171027,0.365,0.37,0.35,0.37,36349
PAR,20171030,0.37,0.405,0.35,0.405,97736
PAR,20171031,0.39,0.39,0.39,0.39,2500
PAR,20171101,0.375,0.375,0.355,0.36,41926
PAR,20171102,0.36,0.36,0.36,0.36,0
PAR,20171103,0.36,0.36,0.36,0.36,0
PAR,20171106,0.39,0.395,0.34,0.355,304356
PAR,20171107,0.35,0.36,0.35,0.355,79400
PAR,20171108,0.35,0.36,0.35,0.355,63985
PAR,20171109,0.35,0.35,0.335,0.335,36801
PAR,20171110,0.35,0.35,0.335,0.335,36801
PAR,20171113,0.335,0.335,0.295,0.3,295126
PAR,20171114,0.36,0.36,0.3,0.305,726817
PAR,20171115,0.31,0.31,0.28,0.29,383366
PAR,20171116,0.285,0.295,0.28,0.28,197320
PAR,20171117,0.285,0.3,0.285,0.295,245026
PAR,20171120,0.31,0.31,0.295,0.295,109735
PAR,20171121,0.295,0.3,0.28,0.28,98800
PAR,20171122,0.29,0.3,0.29,0.3,10000
PAR,20171123,0.305,0.32,0.3,0.3,482238
PAR,20171124,0.3,0.3,0.3,0.3,144580
PAR,20171127,0.3,0.31,0.29,0.31,119000
PAR,20171128,0.3,0.305,0.29,0.29,49442
PAR,20171129,0.29,0.29,0.29,0.29,9072
PAR,20171130,0.29,0.29,0.28,0.28,268200
PAR,20171201,0.28,0.28,0.275,0.28,22916
PAR,20171204,0.28,0.285,0.27,0.27,250918
PAR,20171205,0.275,0.275,0.275,0.275,4350
PAR,20171206,0.28,0.28,0.26,0.26,244996
PAR,20171207,0.27,0.27,0.25,0.26,247956
PAR,20171208,0.245,0.26,0.24,0.26,114798
PAR,20171211,0.27,0.28,0.26,0.275,106247
PAR,20171212,0.275,0.275,0.26,0.27,56000
PAR,20171213,0.25,0.25,0.245,0.25,70555
PAR,20171214,0.255,0.255,0.25,0.25,2600
PAR,20171215,0.25,0.27,0.25,0.25,37800
PAR,20171218,0.25,0.25,0.25,0.25,151200
PAR,20171219,0.25,0.26,0.25,0.26,24220
PAR,20171220,0.26,0.27,0.25,0.27,81348
PAR,20171221,0.26,0.26,0.245,0.26,164300
PAR,20171222,0.26,0.27,0.26,0.27,84306
PAR,20171227,0.27,0.27,0.27,0.27,21794
PAR,20171228,0.27,0.27,0.27,0.27,5232
PAR,20171229,0.28,0.28,0.275,0.28,30800
PAR,20180102,0.285,0.29,0.28,0.285,141057
PAR,20180103,0.28,0.295,0.28,0.28,300180
PAR,20180104,0.285,0.29,0.28,0.29,114412
PAR,20180105,0.29,0.31,0.29,0.3,333328
PAR,20180108,0.31,0.35,0.31,0.33,154205
PAR,20180109,0.34,0.34,0.31,0.31,153625
PAR,20180110,0.325,0.34,0.32,0.34,257849
PAR,20180111,0.34,0.34,0.305,0.32,110413
PAR,20180112,0.32,0.335,0.32,0.32,24200
PAR,20180115,0.32,0.34,0.32,0.34,153187
PAR,20180116,0.34,0.34,0.31,0.31,190554
PAR,20180117,0.31,0.315,0.305,0.305,111810
PAR,20180118,0.315,0.335,0.315,0.335,71003
PAR,20180119,0.33,0.335,0.32,0.335,64143
PAR,20180122,0.315,0.33,0.315,0.33,44697
PAR,20180123,0.325,0.325,0.325,0.325,63955
PAR,20180124,0.33,0.33,0.32,0.33,200141
PAR,20180125,0.33,0.335,0.32,0.335,75220
PAR,20180129,0.335,0.34,0.335,0.335,117525
PAR,20180130,0.34,0.35,0.335,0.335,454289
PAR,20180131,0.34,0.34,0.315,0.32,169029
PAR,20180201,0.32,0.32,0.31,0.315,128630
PAR,20180202,0.315,0.32,0.3,0.32,395126
PAR,20180205,0.32,0.32,0.295,0.295,74925
PAR,20180207,0.285,0.315,0.285,0.3,114577
PAR,20180208,0.3,0.3,0.285,0.285,32486
PAR,20180209,0.28,0.285,0.28,0.285,24075
PAR,20180212,0.29,0.29,0.285,0.285,7000
PAR,20180213,0.3,0.3,0.28,0.28,134000
PAR,20180214,0.29,0.29,0.275,0.28,57949
PAR,20180215,0.295,0.295,0.29,0.29,35900
PAR,20180216,0.29,0.29,0.29,0.29,31755
PAR,20180219,0.275,0.275,0.27,0.27,90000
PAR,20180220,0.27,0.275,0.25,0.25,120712
PAR,20180221,0.275,0.29,0.26,0.28,84434
PAR,20180222,0.275,0.275,0.275,0.275,3455
PAR,20180223,0.27,0.29,0.27,0.29,86301
PAR,20180226,0.285,0.3,0.285,0.3,146618
PAR,20180227,0.3,0.3,0.285,0.3,90559
PAR,20180228,0.3,0.3,0.3,0.3,0
PAR,20180301,0.305,0.315,0.295,0.3,397877
PAR,20180302,0.31,0.33,0.3,0.33,166595
PAR,20180305,0.33,0.33,0.32,0.32,85435
PAR,20180306,0.32,0.32,0.3,0.3,142394
PAR,20180307,0.3,0.3,0.295,0.3,21374
PAR,20180308,0.3,0.3,0.3,0.3,88967
PAR,20180309,0.3,0.31,0.29,0.29,142338
PAR,20180312,0.285,0.285,0.275,0.285,55000
PAR,20180313,0.285,0.29,0.285,0.29,36719
PAR,20180314,0.285,0.29,0.28,0.29,99800
PAR,20180315,0.29,0.29,0.29,0.29,0
PAR,20180316,0.28,0.28,0.28,0.28,9999
PAR,20180319,0.28,0.28,0.28,0.28,32000
PAR,20180320,0.28,0.28,0.28,0.28,16302
PAR,20180321,0.28,0.3,0.28,0.3,16500
PAR,20180322,0.3,0.3,0.3,0.3,0
PAR,20180323,0.285,0.3,0.285,0.3,30000
PAR,20180326,0.29,0.29,0.29,0.29,3400
PAR,20180327,0.285,0.3,0.28,0.3,113200
PAR,20180328,0.3,0.3,0.29,0.29,30578
PAR,20180329,0.3,0.305,0.28,0.29,224483
PAR,20180403,0.295,0.31,0.28,0.28,90000
PAR,20180404,0.3,0.3,0.29,0.3,212506
PAR,20180405,0.3,0.3,0.29,0.295,63695
PAR,20180406,0.3,0.31,0.285,0.3,262859
PAR,20180409,0.3,0.3,0.29,0.29,169229
PAR,20180410,0.3,0.31,0.3,0.3,137463
PAR,20180411,0.3,0.3,0.295,0.3,35714
PAR,20180412,0.3,0.31,0.295,0.31,432906
PAR,20180413,0.315,0.345,0.315,0.33,1203762
PAR,20180416,0.335,0.365,0.325,0.365,541296
PAR,20180417,0.375,0.43,0.37,0.405,764662
PAR,20180418,0.405,0.405,0.375,0.395,146255
PAR,20180419,0.395,0.4,0.37,0.37,130200
PAR,20180420,0.38,0.38,0.37,0.37,1052504
PAR,20180423,0.375,0.38,0.375,0.375,32300
PAR,20180424,0.375,0.375,0.375,0.375,65080
PAR,20180426,0.375,0.375,0.37,0.37,31271
PAR,20180427,0.37,0.385,0.37,0.38,329910
PAR,20180430,0.39,0.42,0.39,0.39,262919
PAR,20180501,0.39,0.425,0.39,0.425,477182
PAR,20180502,0.425,0.43,0.42,0.42,99667
PAR,20180503,0.42,0.43,0.415,0.42,200417
PAR,20180504,0.42,0.43,0.4,0.41,234333
PAR,20180507,0.41,0.41,0.39,0.4,51804
PAR,20180508,0.4,0.42,0.4,0.42,504095
PAR,20180509,0.42,0.46,0.42,0.44,437533
PAR,20180510,0.45,0.47,0.445,0.445,257878
PAR,20180511,0.455,0.52,0.45,0.475,562185
PAR,20180514,0.48,0.515,0.475,0.5,241235
PAR,20180515,0.5,0.5,0.45,0.455,320237
PAR,20180516,0.45,0.475,0.45,0.47,95701
PAR,20180517,0.49,0.525,0.49,0.515,580978
PAR,20180518,0.52,0.53,0.52,0.525,103557
PAR,20180521,0.525,0.54,0.495,0.495,120407
PAR,20180522,0.49,0.49,0.45,0.47,203075
PAR,20180523,0.5,0.5,0.455,0.455,199395
PAR,20180524,0.47,0.535,0.47,0.53,703442
PAR,20180525,0.53,0.53,0.505,0.505,40422
PAR,20180528,0.51,0.58,0.51,0.575,957543
PAR,20180529,0.575,0.575,0.54,0.54,224140
PAR,20180530,0.54,0.55,0.525,0.525,161329
PAR,20180531,0.53,0.55,0.53,0.55,164997
PAR,20180601,0.55,0.55,0.535,0.535,241071
PAR,20180604,0.545,0.56,0.545,0.55,130600
PAR,20180605,0.55,0.575,0.55,0.57,354568
PAR,20180606,0.57,0.57,0.565,0.57,148756
PAR,20180607,0.59,0.66,0.59,0.65,560134
PAR,20180608,0.65,0.75,0.645,0.69,848039
PAR,20180612,0.69,0.75,0.69,0.73,555053
PAR,20180613,0.73,0.75,0.73,0.74,126866
PAR,20180614,0.75,0.75,0.68,0.68,371863
PAR,20180615,0.75,0.775,0.68,0.685,375550
PAR,20180618,0.685,0.69,0.65,0.65,167840
PAR,20180619,0.65,0.65,0.58,0.61,231240
PAR,20180620,0.61,0.61,0.57,0.6,287193
PAR,20180621,0.61,0.7,0.61,0.685,331094
PAR,20180622,0.675,0.675,0.62,0.62,146494
PAR,20180625,0.62,0.625,0.61,0.625,73332
PAR,20180626,0.625,0.65,0.625,0.645,90618
PAR,20180627,0.65,0.65,0.64,0.64,86299
PAR,20180628,0.62,0.625,0.605,0.615,211273
PAR,20180629,0.615,0.665,0.615,0.65,331753
PAR,20180702,0.63,0.65,0.63,0.65,81925
PAR,20180703,0.645,0.725,0.645,0.725,230260
PAR,20180704,0.71,0.73,0.7,0.7,260357
PAR,20180705,0.705,0.74,0.705,0.725,98154
PAR,20180706,0.74,0.9,0.74,0.83,827057
PAR,20180710,0.8,0.81,0.8,0.8,62586
PAR,20180711,0.8,0.81,0.795,0.81,94531
PAR,20180712,0.81,0.875,0.81,0.86,281651
PAR,20180713,0.865,0.93,0.84,0.855,269060
PAR,20180716,0.875,0.92,0.875,0.9,105470
PAR,20180717,0.905,0.98,0.905,0.96,346698
PAR,20180718,0.97,0.97,0.86,0.86,284169
PAR,20180719,0.87,0.895,0.75,0.8,363691
PAR,20180720,0.84,0.89,0.83,0.85,176260
PAR,20180723,0.885,0.89,0.87,0.87,91881
PAR,20180724,0.875,0.875,0.845,0.845,191367
PAR,20180725,0.86,0.925,0.86,0.9,509662
PAR,20180726,0.915,0.95,0.905,0.91,177997
PAR,20180727,0.93,0.93,0.91,0.91,39758
PAR,20180730,0.92,0.95,0.91,0.91,129734
PAR,20180731,0.91,0.93,0.86,0.895,259423
PAR,20180801,0.9,0.915,0.855,0.9,95959
PAR,20180802,0.885,0.9,0.87,0.9,68142
PAR,20180803,0.9,0.9,0.885,0.885,6629
PAR,20180806,0.88,0.88,0.83,0.83,89023
PAR,20180807,0.83,0.83,0.775,0.79,243976
PAR,20180808,0.81,0.82,0.8,0.82,279621
PAR,20180809,0.82,0.83,0.8,0.8,187457
PAR,20180810,0.82,0.83,0.815,0.815,73808
PAR,20180813,0.82,0.83,0.82,0.82,38630
PAR,20180814,0.82,0.825,0.815,0.815,76136
PAR,20180816,0.875,0.88,0.85,0.88,52222
PAR,20180817,0.88,0.88,0.865,0.865,88276
PAR,20180820,0.875,0.88,0.87,0.875,42705
PAR,20180821,0.875,0.9,0.875,0.9,70341
PAR,20180822,0.905,0.97,0.905,0.97,303496
PAR,20180823,0.98,1.07,0.98,1.03,177516
PAR,20180824,1.025,1.025,0.98,0.99,95748
PAR,20180827,0.99,1,0.95,0.99,126433
PAR,20180828,0.99,0.99,0.97,0.99,36873
PAR,20180829,0.98,0.99,0.945,0.945,138199
PAR,20180830,0.94,0.94,0.86,0.91,49210
PAR,20180831,0.895,0.93,0.86,0.915,67374
PAR,20180903,0.925,1,0.925,0.99,58921
PAR,20180904,0.99,1,0.97,1,167127
PAR,20180905,1,1,0.98,0.99,103556
PAR,20180906,0.98,0.98,0.96,0.97,64960
PAR,20180907,0.98,1,0.96,0.96,113082
PAR,20180910,0.96,0.96,0.89,0.905,128408
PAR,20180913,0.95,1,0.95,0.965,138992
PAR,20180914,0.98,0.98,0.96,0.96,14465
PAR,20180917,0.96,0.96,0.92,0.925,65260
PAR,20180918,0.92,0.95,0.905,0.95,89986
PAR,20180919,0.95,0.95,0.94,0.94,36745
PAR,20180920,0.935,0.935,0.925,0.93,63316
PAR,20180921,0.935,0.94,0.93,0.94,39814
PAR,20180924,0.94,0.94,0.89,0.89,160722
PAR,20180925,0.895,0.905,0.86,0.88,189874
PAR,20180926,0.885,0.89,0.865,0.88,41355
PAR,20180927,0.88,0.905,0.87,0.9,90572
PAR,20180928,0.92,0.95,0.905,0.905,46279
PAR,20181001,0.94,0.95,0.91,0.925,49278
PAR,20181002,0.925,0.925,0.915,0.925,43292
PAR,20181003,0.905,0.905,0.86,0.86,76562
PAR,20181004,0.87,0.88,0.86,0.88,149349
PAR,20181005,0.88,0.88,0.78,0.865,237063
PAR,20181008,0.85,0.85,0.8,0.8,208675
PAR,20181009,0.79,0.79,0.715,0.735,328696
PAR,20181010,0.73,0.785,0.73,0.78,214869
PAR,20181011,0.74,0.75,0.71,0.75,144874
PAR,20181012,0.74,0.845,0.73,0.81,226243
PAR,20181015,0.83,0.83,0.8,0.8,157053
PAR,20181016,0.81,0.81,0.76,0.775,46413
PAR,20181017,0.78,0.795,0.77,0.795,79360
PAR,20181018,0.775,0.785,0.775,0.775,11850
PAR,20181019,0.775,0.775,0.755,0.755,41500
PAR,20181022,0.765,0.765,0.725,0.73,46477
PAR,20181023,0.73,0.73,0.73,0.73,0
PAR,20181024,0.73,0.73,0.73,0.73,0
PAR,20181025,0.8,0.81,0.78,0.795,192099
PAR,20181026,0.805,0.88,0.805,0.83,81908
PAR,20181030,0.9,0.93,0.88,0.91,222493
PAR,20181031,0.91,0.91,0.85,0.85,80033
PAR,20181101,0.85,0.9,0.82,0.9,313561
PAR,20181102,0.9,0.91,0.88,0.9,397411
PAR,20181105,0.91,0.92,0.9,0.9,255135
PAR,20181106,0.92,0.97,0.915,0.955,176735
PAR,20181107,0.95,1.1,0.95,1,618308
PAR,20181108,1.01,1.02,0.98,1,228905
PAR,20181109,1,1.005,0.95,0.96,293151
PAR,20181112,0.96,0.96,0.955,0.96,113555
PAR,20181113,0.96,0.96,0.94,0.94,29420
PAR,20181114,0.93,0.93,0.895,0.895,247595
PAR,20181115,0.94,0.94,0.86,0.86,58748
PAR,20181116,0.88,0.91,0.86,0.86,453339
PAR,20181119,0.885,0.905,0.865,0.88,121831
PAR,20181120,0.875,0.885,0.875,0.885,113570
PAR,20181121,0.89,0.89,0.86,0.88,152114
PAR,20181122,0.91,0.94,0.9,0.92,324311
PAR,20181123,0.925,0.96,0.925,0.95,1135900
PAR,20181126,1.005,1.2,1.005,1.15,852012
PAR,20181127,1.2,1.29,1.195,1.27,1318328
PAR,20181128,1.25,1.25,1.13,1.16,976975
PAR,20181129,1.19,1.2,1.125,1.15,346238
PAR,20181130,1.15,1.2,1.145,1.145,279077
PAR,20181203,1.175,1.2,1.15,1.17,886115
PAR,20181204,1.18,1.275,1.17,1.17,693587
PAR,20181205,1.175,1.2,1.15,1.185,311788
PAR,20181206,1.2,1.28,1.19,1.26,404281
PAR,20181207,1.28,1.46,1.27,1.45,829274
PAR,20181210,1.56,1.63,1.495,1.525,1611020
PAR,20181211,1.525,1.525,1.35,1.39,787830
PAR,20181212,1.39,1.405,1.21,1.31,1168085
PAR,20181213,1.335,1.395,1.26,1.32,893495
PAR,20181214,1.32,1.32,1.32,1.32,0
PAR,20181217,1.32,1.32,1.32,1.32,0
PAR,20181218,1.8,2.15,1.385,1.495,5076593
PAR,20181219,1.48,1.485,1.185,1.21,1505934
PAR,20181220,1.24,1.365,1.23,1.275,1399330
PAR,20181221,1.27,1.27,1.05,1.055,1186668
PAR,20181224,1.06,1.06,0.92,0.965,1164510
PAR,20181227,0.98,1.085,0.965,0.98,711027
PAR,20181228,1,1.005,0.95,0.96,341105
PAR,20181231,0.97,1.05,0.96,1.05,301465
PAR,20190102,1.04,1.05,0.99,1.015,201524
PAR,20190103,1.015,1.035,0.965,0.985,347916
PAR,20190104,0.985,1.01,0.95,0.97,164338
PAR,20190107,0.99,1.015,0.99,1.005,95784
PAR,20190108,1.005,1.02,0.97,1,184653
PAR,20190109,1,1.01,0.98,0.99,114306
PAR,20190110,1,1.02,0.925,0.94,280932
PAR,20190111,0.945,0.98,0.945,0.97,106251
PAR,20190114,0.97,0.97,0.945,0.955,88473
PAR,20190115,0.95,0.96,0.945,0.96,104654
PAR,20190116,0.975,1.02,0.975,0.99,206252
PAR,20190117,1,1.015,0.975,1.01,70373
PAR,20190118,1.02,1.07,1.02,1.04,260929
PAR,20190121,1.04,1.175,1.025,1.15,344599
PAR,20190122,1.175,1.18,1.055,1.055,170950
PAR,20190123,1.07,1.17,1.07,1.17,187039
PAR,20190124,1.2,1.31,1.17,1.23,480579
PAR,20190125,1.23,1.28,1.17,1.225,221467
PAR,20190129,1.235,1.235,1.165,1.195,151499
PAR,20190130,1.2,1.23,1.165,1.165,198077
PAR,20190131,1.2,1.245,1.19,1.2,69941
PAR,20190201,1.2,1.28,1.165,1.21,124773
PAR,20190204,1.215,1.24,1.2,1.22,204610
PAR,20190205,1.21,1.24,1.18,1.205,211953
PAR,20190206,1.205,1.205,1.175,1.18,185841
PAR,20190207,1.17,1.175,1.16,1.16,88751
PAR,20190208,1.155,1.155,1.115,1.125,186789
PAR,20190211,1.125,1.125,1.06,1.09,221900
PAR,20190212,1.09,1.115,1.06,1.105,68047
PAR,20190213,1.21,1.235,1.185,1.195,351788
PAR,20190214,1.205,1.225,1.16,1.16,150108
PAR,20190215,1.16,1.16,1.13,1.145,175117
PAR,20190218,1.15,1.16,1.13,1.14,152335
PAR,20190219,1.15,1.17,1.15,1.15,48439
PAR,20190220,1.155,1.17,1.15,1.155,81577
PAR,20190221,1.155,1.155,1.11,1.13,248350
PAR,20190222,1.17,1.17,1.15,1.155,96439
PAR,20190225,1.155,1.18,1.14,1.14,182257
PAR,20190226,1.14,1.15,1.12,1.14,53330
PAR,20190227,1.15,1.15,1.11,1.13,85926
PAR,20190228,1.14,1.15,1.115,1.15,132607
PAR,20190301,1.17,1.17,1.16,1.16,86677
PAR,20190304,1.165,1.23,1.165,1.19,326507
PAR,20190305,1.205,1.28,1.205,1.25,164381
PAR,20190306,1.265,1.37,1.265,1.32,536373
PAR,20190307,1.32,1.325,1.305,1.305,94940
PAR,20190308,1.31,1.36,1.305,1.35,98500
PAR,20190311,1.395,1.5,1.37,1.49,404018
PAR,20190312,1.48,1.48,1.4,1.405,271515
PAR,20190313,1.46,1.575,1.45,1.575,484598
PAR,20190314,1.62,1.7,1.605,1.635,583249
PAR,20190315,1.65,1.65,1.57,1.63,279737
PAR,20190318,1.68,1.7,1.585,1.61,155159
PAR,20190319,1.63,1.66,1.58,1.64,176333
PAR,20190320,1.64,1.64,1.59,1.61,159445
PAR,20190321,1.56,1.56,1.475,1.485,407132
PAR,20190322,1.5,1.565,1.495,1.565,205735
PAR,20190325,1.55,1.55,1.48,1.515,168943
PAR,20190326,1.52,1.605,1.52,1.605,238476
PAR,20190327,1.65,1.98,1.65,1.98,1190299
PAR,20190328,1.945,1.96,1.82,1.9,577526
PAR,20190329,1.94,1.94,1.87,1.885,546756
PAR,20190401,1.9,2.17,1.9,2.07,966326
PAR,20190402,2.08,2.2,1.95,1.96,866396
PAR,20190403,2.04,2.04,1.98,1.995,468212
PAR,20190404,1.995,2.005,1.96,1.97,243828
PAR,20190405,1.99,2.01,1.97,1.97,331995
PAR,20190408,1.97,2.01,1.97,1.98,276601
PAR,20190409,1.995,1.995,1.91,1.95,378483
PAR,20190410,1.905,1.93,1.875,1.9,433269
PAR,20190411,1.9,1.9,1.9,1.9,0
PAR,20190412,1.9,1.9,1.9,1.9,0
PAR,20190415,1.9,1.9,1.9,1.9,0
PAR,20190416,1.9,1.9,1.9,1.9,0
PAR,20190417,1.89,1.89,1.74,1.74,2366021
PAR,20190418,1.74,1.74,1.58,1.61,1604096
PAR,20190423,1.61,1.7,1.61,1.645,828634
PAR,20190424,1.65,1.66,1.57,1.585,1494429
PAR,20190426,1.565,1.61,1.545,1.6,1365669
PAR,20190429,1.6,1.635,1.565,1.565,855747
PAR,20190430,1.57,1.58,1.49,1.505,938392
PAR,20190501,1.515,1.54,1.5,1.5,868856
PAR,20190502,1.515,1.6,1.51,1.56,765474
PAR,20190503,1.555,1.6,1.545,1.555,590682
PAR,20190506,1.56,1.58,1.515,1.515,370661
PAR,20190507,1.525,1.58,1.52,1.53,474706
PAR,20190508,1.55,1.577,1.51,1.51,722731
PAR,20190509,1.54,1.545,1.5,1.5,551928
PAR,20190510,1.5,1.5,1.415,1.45,876296
PAR,20190513,1.5,1.55,1.5,1.53,763074
PAR,20190514,1.52,1.525,1.48,1.51,588597
PAR,20190515,1.51,1.515,1.485,1.5,587838
PAR,20190516,1.505,1.535,1.5,1.5,234975
PAR,20190517,1.525,1.55,1.525,1.53,359684
PAR,20190520,1.53,1.575,1.51,1.52,702093
PAR,20190521,1.525,1.53,1.48,1.485,747858
PAR,20190522,1.515,1.53,1.49,1.49,526746
PAR,20190523,1.51,1.52,1.48,1.495,256582
PAR,20190524,1.495,1.51,1.48,1.48,262556
PAR,20190527,1.515,1.515,1.47,1.48,216368
PAR,20190528,1.52,1.52,1.43,1.445,699335
PAR,20190529,1.45,1.49,1.445,1.445,361807
PAR,20190530,1.445,1.48,1.445,1.46,100972
PAR,20190531,1.455,1.455,1.4,1.45,359732
PAR,20190603,1.44,1.48,1.415,1.45,218226
PAR,20190604,1.505,1.505,1.44,1.475,418388
PAR,20190605,1.475,1.495,1.465,1.465,310562
PAR,20190606,1.47,1.47,1.45,1.45,451530
PAR,20190607,1.45,1.46,1.425,1.43,399658
PAR,20190611,1.45,1.45,1.39,1.415,345030
PAR,20190612,1.415,1.43,1.395,1.405,238636
PAR,20190613,1.42,1.495,1.39,1.445,1396552
PAR,20190614,1.45,1.45,1.425,1.43,487656
PAR,20190617,1.43,1.43,1.365,1.38,671305
PAR,20190618,1.38,1.435,1.38,1.42,427796
PAR,20190619,1.42,1.445,1.4,1.41,385592
PAR,20190620,1.415,1.425,1.39,1.41,389187
PAR,20190621,1.42,1.425,1.37,1.38,486847
PAR,20190624,1.365,1.4,1.335,1.335,399335
PAR,20190625,1.31,1.36,1.265,1.285,1505083
PAR,20190626,1.285,1.295,1.255,1.27,545460
PAR,20190627,1.275,1.35,1.275,1.335,345618
PAR,20190628,1.345,1.45,1.345,1.4,1064054
PAR,20190701,1.4,1.415,1.365,1.37,544204
PAR,20190702,1.38,1.4,1.38,1.385,533992
PAR,20190703,1.4,1.46,1.39,1.435,635722
PAR,20190704,1.47,1.48,1.41,1.425,694849
PAR,20190705,1.42,1.56,1.415,1.52,1265943
PAR,20190708,1.525,1.57,1.485,1.49,623797
PAR,20190709,1.505,1.54,1.5,1.51,386812
PAR,20190710,1.52,1.66,1.515,1.63,1406066
PAR,20190711,1.65,1.72,1.63,1.675,1092224
PAR,20190712,1.695,1.75,1.685,1.75,970103
PAR,20190715,1.795,1.85,1.665,1.7,1305266
PAR,20190716,1.71,1.77,1.695,1.715,383262
PAR,20190717,1.705,1.755,1.69,1.695,258910
PAR,20190718,1.7,1.7,1.605,1.61,451037
PAR,20190719,1.61,1.655,1.6,1.635,436486
PAR,20190722,1.635,1.65,1.57,1.6,560020
PAR,20190723,1.6,1.635,1.585,1.6,371731
PAR,20190724,1.6,1.605,1.575,1.58,348695
PAR,20190725,1.59,1.59,1.54,1.565,383137
PAR,20190726,1.57,1.57,1.527,1.57,388361
PAR,20190729,1.57,1.59,1.55,1.575,275480
PAR,20190730,1.57,1.595,1.53,1.535,328831
PAR,20190731,1.53,1.54,1.42,1.48,975079
PAR,20190801,1.46,1.51,1.45,1.465,188021
PAR,20190802,1.46,1.51,1.46,1.48,195492
PAR,20190805,1.49,1.49,1.355,1.42,590185
PAR,20190806,1.355,1.39,1.29,1.37,589779
PAR,20190807,1.435,1.53,1.4,1.4,570300
PAR,20190808,1.415,1.445,1.405,1.405,212452
PAR,20190809,1.43,1.47,1.405,1.415,201975
PAR,20190812,1.415,1.465,1.405,1.43,160535
PAR,20190813,1.42,1.435,1.4,1.425,159636
PAR,20190814,1.425,1.45,1.385,1.43,242120
PAR,20190815,1.41,1.415,1.375,1.41,192368
PAR,20190816,1.42,1.42,1.38,1.39,130788
PAR,20190819,1.39,1.44,1.39,1.44,247147
PAR,20190820,1.44,1.5,1.44,1.465,234990
PAR,20190821,1.465,1.485,1.39,1.4,323246
PAR,20190822,1.4,1.415,1.39,1.395,300026
PAR,20190823,1.4,1.4,1.38,1.39,438321
PAR,20190826,1.38,1.39,1.34,1.36,400058
PAR,20190827,1.385,1.385,1.34,1.365,414764
PAR,20190828,1.37,1.445,1.36,1.44,302372
PAR,20190829,1.69,1.695,1.56,1.585,1691250
PAR,20190830,1.605,1.65,1.595,1.605,1522544
PAR,20190902,1.61,1.63,1.59,1.61,439857
PAR,20190903,1.63,1.645,1.585,1.6,345670
PAR,20190904,1.6,1.635,1.585,1.62,189234
PAR,20190905,1.625,1.875,1.62,1.875,1727489
PAR,20190906,1.925,1.98,1.88,1.95,1725076
PAR,20190909,1.985,2.19,1.985,2.1,1852592
PAR,20190910,2.18,2.19,1.86,1.885,1609249
PAR,20190911,1.95,2,1.9,1.96,727596
PAR,20190912,2.01,2.08,1.985,2.02,490641
PAR,20190913,2.03,2.06,1.965,1.99,388420
PAR,20190916,1.99,2.18,1.99,2.13,867811
PAR,20190917,2.13,2.14,2.05,2.05,599413
PAR,20190918,2.06,2.11,2.02,2.09,398315
PAR,20190919,2.09,2.1,2.04,2.1,326606
PAR,20190920,2.1,2.35,2.09,2.29,1312770
PAR,20190923,2.39,2.62,2.39,2.6,1636379
PAR,20190924,2.61,2.63,2.42,2.52,1021209
PAR,20190925,2.48,2.52,2.47,2.47,361755
PAR,20190926,2.48,2.55,2.32,2.55,976786
PAR,20190927,2.58,2.59,2.46,2.53,584838
PAR,20190930,2.81,3.03,2.81,2.88,2268232
PAR,20191001,2.91,3.03,2.83,2.96,995458
PAR,20191002,2.92,2.99,2.86,2.95,669356
PAR,20191003,2.9,2.94,2.74,2.86,929814
PAR,20191004,2.92,3.2,2.91,3.15,1491804
PAR,20191007,3.2,3.26,3.05,3.05,958201
PAR,20191008,3.07,3.13,2.92,3,910416
PAR,20191009,2.95,3.05,2.92,2.99,558298
PAR,20191010,3.02,3.07,2.93,2.95,432228
PAR,20191011,2.96,3.04,2.87,2.93,498736
PAR,20191014,2.95,3.03,2.89,3,740359
PAR,20191015,3,3,2.78,2.78,621242
PAR,20191016,2.79,2.88,2.7,2.76,563146
PAR,20191017,2.79,2.84,2.68,2.7,342455
PAR,20191018,2.67,2.69,2.62,2.64,407104
PAR,20191021,2.63,2.84,2.55,2.77,659673
PAR,20191022,2.79,2.88,2.71,2.72,289992
PAR,20191023,2.75,2.75,2.6,2.67,436042
PAR,20191024,2.7,2.7,2.57,2.67,376560
PAR,20191025,2.73,2.9,2.73,2.82,842961
PAR,20191028,2.87,3.2,2.86,3.12,814855
PAR,20191029,3.14,3.14,2.94,3,629415
PAR,20191030,3,3.035,2.95,2.97,359682
PAR,20191031,3,3.09,2.92,2.96,406806
PAR,20191101,2.95,2.95,2.78,2.82,386343
PAR,20191104,2.88,2.91,2.81,2.84,192462
PAR,20191105,2.89,2.9,2.78,2.8,163741
PAR,20191106,2.8,2.82,2.7,2.81,329496
PAR,20191107,2.81,2.96,2.77,2.93,448509
PAR,20191108,2.94,3.12,2.93,3.01,1378879
PAR,20191111,3.07,3.07,2.92,2.99,450546
PAR,20191112,3,3.01,2.96,3,325846
PAR,20191113,3.02,3.06,2.97,2.99,572523
PAR,20191114,3.03,3.09,2.96,2.98,689182
PAR,20191115,3.02,3.2,3,3.14,918666
PAR,20191118,3.2,3.38,3.2,3.36,2286875
PAR,20191119,3.46,3.76,3.44,3.75,1720268
PAR,20191120,3.95,3.99,3.64,3.68,1888027
PAR,20191121,3.78,3.78,3.42,3.46,856550
PAR,20191122,3.49,3.57,3.44,3.53,581710
PAR,20191125,3.63,3.76,3.6,3.66,497523
PAR,20191126,3.73,3.81,3.58,3.67,600873
PAR,20191127,3.7,3.73,3.61,3.66,304340
PAR,20191128,3.67,3.95,3.58,3.92,1028838
PAR,20191129,3.96,4.12,3.83,3.84,1293005
PAR,20191202,3.9,3.92,3.7,3.8,708963
PAR,20191203,3.81,3.86,3.54,3.61,674635
PAR,20191204,3.6,3.76,3.52,3.63,613859
PAR,20191205,3.74,3.78,3.63,3.65,666591
PAR,20191206,3.7,3.7,3.54,3.56,599515
PAR,20191209,3.62,3.67,3.52,3.57,506240
PAR,20191210,3.58,3.58,3.35,3.38,1311806
PAR,20191211,3.35,3.36,2.99,3.13,2614383
PAR,20191212,2.95,3.04,2.7,2.75,2437803
PAR,20191213,2.8,3.07,2.73,3.05,1579794
PAR,20191216,3.02,3.02,2.87,2.9,1017242
PAR,20191217,2.87,2.99,2.87,2.92,401737
PAR,20191218,2.94,2.94,2.75,2.75,686465
PAR,20191219,2.75,3.03,2.75,3,1148846
PAR,20191220,2.99,2.99,2.87,2.95,489040
PAR,20191223,2.93,2.93,2.85,2.88,495847
PAR,20191224,2.87,2.9,2.8,2.8,288668
PAR,20191227,2.83,2.98,2.82,2.94,375593
PAR,20191230,2.9,2.9,2.82,2.85,312274
PAR,20191231,2.85,2.94,2.8,2.93,397440
PAR,20200102,2.9,3.05,2.85,2.98,385211
PAR,20200103,3.01,3.29,3.01,3.29,720051
PAR,20200106,3.36,3.41,3.15,3.19,645962
PAR,20200107,3.22,3.33,3.08,3.1,580776
PAR,20200108,3.15,3.15,2.92,3.02,680297
PAR,20200109,3.08,3.21,3.07,3.1,386037
PAR,20200113,3.25,3.25,3.15,3.21,319406
PAR,20200114,3.21,3.5,3.21,3.39,827060
PAR,20200115,3.47,3.74,3.43,3.73,1146691
PAR,20200116,3.83,4.07,3.675,3.87,1939792
PAR,20200117,3.95,3.99,3.78,3.95,1098357
PAR,20200120,3.95,4,3.85,3.85,911829
PAR,20200121,3.85,3.89,3.63,3.66,1187647
PAR,20200122,3.63,3.82,3.62,3.8,827283
PAR,20200123,3.8,3.97,3.7,3.97,684062
PAR,20200124,4,4.2,3.97,4.13,1863728
PAR,20200128,4,4.2,3.77,4.1,1215622
PAR,20200129,4.16,4.4,4.16,4.21,934131
PAR,20200130,4.35,4.35,4.05,4.11,653381
PAR,20200203,3.99,4.09,3.9,4.03,1019895
PAR,20200204,4.1,4.37,4.1,4.35,1577855
PAR,20200205,4.45,4.5,4.2,4.34,971894
PAR,20200210,4.23,4.23,4.09,4.16,497931
PAR,20200211,4.2,4.37,4.2,4.33,870663
PAR,20200212,4.39,4.395,4.21,4.35,602381
PAR,20200213,4.4,4.45,4.12,4.13,1013382
PAR,20200214,4.15,4.27,4.12,4.17,612826
PAR,20200217,4.17,4.22,4.06,4.12,742772
PAR,20200218,4.13,4.16,3.91,3.95,1284857
PAR,20200219,3.91,3.92,3.8,3.92,1539075
PAR,20200220,3.92,3.98,3.62,3.67,1795218
PAR,20200221,3.59,3.63,3.31,3.57,2315503
PAR,20200224,3.58,3.61,3.38,3.44,1525586
PAR,20200225,3.15,3.59,2.99,3.49,1473111
PAR,20200226,3.33,3.42,3.24,3.24,1589682
PAR,20200227,3.21,3.34,3.08,3.11,1222802
PAR,20200228,2.99,3,2.79,2.85,2033694
PAR,20200302,2.72,3.06,2.53,2.93,2545940
PAR,20200303,3.25,3.42,2.93,2.97,2374848
PAR,20200304,2.9,3.17,2.83,3,1096892
PAR,20200305,3.2,3.21,2.88,2.91,1286338
PAR,20200306,2.85,2.97,2.75,2.78,976283
PAR,20200309,2.71,2.71,2.32,2.35,1938855
PAR,20200310,2.15,2.58,2.05,2.5,3096856
PAR,20200311,2.6,2.7,2.35,2.38,1242943
PAR,20200312,2.3,2.45,2.05,2.12,2134891
PAR,20200313,1.87,1.975,1.54,1.975,6897056
PAR,20200316,1.725,1.74,1.525,1.525,3302578
PAR,20200317,1.495,1.63,1.32,1.43,5320860
PAR,20200318,1.45,1.45,1.25,1.27,2120740
PAR,20200319,1.26,1.375,1.13,1.165,2332386
PAR,20200320,1.28,1.405,1.245,1.245,4828528
PAR,20200323,1.14,1.245,1.08,1.205,1802004
PAR,20200324,1.33,1.65,1.3,1.63,3590160
PAR,20200325,1.98,1.985,1.48,1.545,2541127
PAR,20200326,1.615,1.69,1.505,1.665,1534762
PAR,20200327,1.8,1.87,1.52,1.58,2048168
PAR,20200330,1.59,1.62,1.485,1.565,906143
PAR,20200331,1.675,1.795,1.58,1.595,1441160
PAR,20200401,1.7,1.74,1.612,1.69,946436
PAR,20200402,1.69,1.69,1.69,1.69,0
PAR,20200403,1.69,1.69,1.69,1.69,0
PAR,20200406,1.69,1.69,1.69,1.69,0
PAR,20200407,1.69,1.69,1.69,1.69,0
PAR,20200408,1.535,1.7,1.445,1.625,5166238
PAR,20200409,1.655,1.695,1.57,1.59,1881939
PAR,20200414,1.63,1.96,1.57,1.9,3222954
PAR,20200415,2.03,2.19,1.75,1.77,4225163
PAR,20200416,1.67,1.727,1.615,1.695,3165689
PAR,20200417,1.795,1.82,1.675,1.675,1991726
PAR,20200420,1.715,1.74,1.6,1.625,1859596
PAR,20200421,1.615,1.645,1.48,1.515,2140079
PAR,20200422,1.47,1.49,1.41,1.44,2319059
PAR,20200423,1.5,1.595,1.487,1.53,1292538
PAR,20200424,1.55,1.56,1.46,1.495,1240171
PAR,20200427,1.505,1.59,1.485,1.495,1468558
PAR,20200428,1.525,1.69,1.52,1.69,2166939
PAR,20200429,1.735,1.88,1.705,1.875,2424767
PAR,20200430,1.99,1.99,1.905,1.95,2468498
PAR,20200501,1.895,1.895,1.72,1.75,2209461
PAR,20200504,1.73,1.82,1.7,1.76,965428
PAR,20200505,1.87,1.875,1.79,1.845,997348
PAR,20200506,1.88,2.16,1.86,2.14,2713249
PAR,20200507,2.19,2.4,2.06,2.4,3611737
PAR,20200508,2.52,2.76,2.47,2.7,4984508
PAR,20200511,2.76,2.82,2.48,2.61,4571840
PAR,20200512,2.63,2.66,2.28,2.48,5032217
PAR,20200513,2.4,2.45,2.33,2.41,1805207
PAR,20200514,2.35,2.39,2.26,2.28,2209616
PAR,20200515,2.35,2.4,2.26,2.28,1870366
PAR,20200518,2.34,2.37,2.27,2.32,1265611
PAR,20200519,2.39,2.51,2.335,2.49,2599499
PAR,20200520,2.47,2.76,2.39,2.71,3415354
PAR,20200521,2.77,2.79,2.51,2.54,1840805
PAR,20200522,2.55,2.63,2.43,2.48,1500760
PAR,20200525,2.52,2.64,2.52,2.55,1361832
PAR,20200526,2.59,2.66,2.55,2.64,1262225
PAR,20200527,2.69,2.73,2.53,2.68,1953832
PAR,20200528,2.82,3.03,2.8,2.99,3924968
PAR,20200529,2.95,2.99,2.82,2.9,2143686
PAR,20200601,2.91,3.19,2.91,3.15,2715804
PAR,20200602,3.24,3.44,3.14,3.18,3246558
PAR,20200603,3.27,3.35,3.2,3.21,1964409
PAR,20200604,3.28,3.3,3.06,3.1,2014354
PAR,20200605,3.1,3.18,2.95,3.07,1403674
PAR,20200609,3.14,3.24,3.09,3.16,1503483
PAR,20200610,3.15,3.28,3.15,3.18,1044108
PAR,20200611,3.16,3.22,2.98,2.99,1689679
PAR,20200612,2.8,2.89,2.6,2.83,4095529
PAR,20200615,2.83,2.98,2.65,2.67,2318213
PAR,20200616,2.9,3.16,2.88,3.1,2579827
PAR,20200617,3.18,3.18,3.03,3.1,1364858
PAR,20200618,3.11,3.3,3.06,3.24,2565121
PAR,20200619,3.31,3.4,3.24,3.35,6703518
PAR,20200622,3.32,3.665,3.24,3.66,3541031
PAR,20200623,3.75,3.88,3.43,3.54,3648405
PAR,20200624,3.6,3.79,3.52,3.79,1644833
PAR,20200625,3.6,3.7,3.35,3.37,3060878
PAR,20200626,3.53,3.56,3.31,3.39,1161344
PAR,20200629,3.29,3.31,3.08,3.13,2391748
PAR,20200630,3.26,3.35,3.11,3.15,1535527
PAR,20200701,3.22,3.51,3.16,3.42,1665456
PAR,20200702,3.44,3.58,3.34,3.5,1479172
PAR,20200703,3.49,3.49,3.27,3.41,1726308
PAR,20200706,3.4,3.48,3.31,3.37,885332
PAR,20200707,3.41,3.52,3.24,3.26,2030981
PAR,20200708,3.21,3.33,3.1,3.14,1994152
PAR,20200709,3.2,3.34,3.115,3.24,1590484
PAR,20200710,3.3,3.3,3.12,3.16,1467773
PAR,20200713,3.18,3.22,3,3.02,2026369
PAR,20200714,2.97,2.98,2.8,2.83,2857008
PAR,20200715,3,3.21,2.88,3,3466849
PAR,20200716,3.07,3.07,2.89,2.93,1394790
PAR,20200717,2.98,3.03,2.82,2.86,1507658
PAR,20200720,2.87,3.08,2.83,3.06,1450967
PAR,20200721,3.09,3.28,3.07,3.23,2186916
PAR,20200722,3.23,3.23,3.09,3.23,1320697
PAR,20200723,3.24,3.35,3.18,3.28,1258731
PAR,20200724,3.23,3.27,3.15,3.2,1093673
PAR,20200727,3.16,3.23,3.13,3.2,858861
PAR,20200728,3.22,3.46,3.22,3.4,2596700
PAR,20200729,3.44,3.44,3.22,3.24,1423212
PAR,20200730,3.5,3.55,3.2,3.2,4539675
PAR,20200731,3.16,3.19,2.95,3.05,2986030
PAR,20200803,3.02,3.05,2.92,2.95,1613030
PAR,20200804,3,3.105,2.99,3.02,1024618
PAR,20200805,3.04,3.1,2.98,2.98,1127170
PAR,20200806,3.05,3.05,2.93,2.96,870001
PAR,20200807,2.99,3,2.9,2.95,1080075
PAR,20200810,2.96,2.97,2.88,2.88,1123787
PAR,20200811,2.99,3.04,2.88,2.95,1919083
PAR,20200812,2.91,2.93,2.85,2.87,1036466
PAR,20200813,2.88,2.94,2.79,2.82,1636038
PAR,20200814,2.82,2.87,2.8,2.85,1032162
PAR,20200817,2.85,2.85,2.77,2.8,1230102
PAR,20200818,2.8,2.81,2.7,2.75,1973927
PAR,20200819,2.74,2.76,2.62,2.64,1754968
PAR,20200820,2.6,2.63,2.56,2.6,1609281
PAR,20200821,2.6,2.86,2.6,2.82,2262272
PAR,20200824,2.84,2.88,2.74,2.88,1715085
PAR,20200825,2.88,2.88,2.71,2.79,1648896
PAR,20200826,2.8,2.8,2.67,2.67,1417077
PAR,20200827,2.7,2.73,2.65,2.65,1012476
PAR,20200828,2.7,2.71,2.63,2.65,1148208
PAR,20200831,2.71,2.88,2.7,2.85,2406974
PAR,20200901,2.87,2.87,2.73,2.75,1122570
PAR,20200902,2.8,2.81,2.7,2.73,798541
PAR,20200903,2.77,2.77,2.69,2.75,806272
PAR,20200904,2.68,2.68,2.615,2.64,1287007
PAR,20200907,2.67,2.75,2.63,2.64,1050610
PAR,20200908,2.66,2.7,2.6,2.61,820812
PAR,20200909,2.6,2.63,2.52,2.53,1300431
PAR,20200910,2.58,2.64,2.53,2.55,763824
PAR,20200911,2.54,2.57,2.48,2.51,935591
PAR,20200914,2.53,2.65,2.42,2.65,1311977
PAR,20200915,2.65,2.67,2.55,2.55,745819
PAR,20200916,2.57,2.64,2.53,2.58,611029
PAR,20200917,2.62,2.64,2.53,2.53,619652
PAR,20200918,2.53,2.58,2.46,2.5,1297316
PAR,20200921,2.5,2.515,2.42,2.45,671619
PAR,20200922,2.42,2.44,2.34,2.37,1105123
PAR,20200923,2.4,2.44,2.37,2.41,926635
PAR,20200924,2.37,2.39,2.3,2.31,602861
PAR,20200925,2.35,2.38,2.27,2.28,824013
PAR,20200928,2.4,2.51,2.36,2.41,1967470
PAR,20200929,2.6,2.8,2.6,2.76,3524256
PAR,20200930,2.76,2.76,2.6,2.65,1135863
PAR,20201001,2.79,2.91,2.74,2.86,3349579
PAR,20201002,2.84,2.84,2.62,2.66,1508574
PAR,20201005,2.74,2.81,2.68,2.77,725600
PAR,20201006,2.79,2.92,2.79,2.9,1105046
PAR,20201007,2.9,2.925,2.85,2.87,1047142
PAR,20201008,2.92,3.02,2.92,2.97,1154144
PAR,20201009,2.99,3.02,2.87,2.91,947132
PAR,20201012,2.92,3,2.9,3,590359
PAR,20201013,3,3.02,2.88,2.95,720248
PAR,20201014,2.95,3.1,2.91,3.08,1677695
PAR,20201015,3.08,3.08,2.94,3,934213
PAR,20201016,3.02,3.03,2.85,2.88,1046469
PAR,20201019,2.89,3,2.86,2.96,649139
PAR,20201020,2.97,2.97,2.91,2.96,399473
PAR,20201021,2.99,2.99,2.91,2.97,550752
PAR,20201022,2.95,2.95,2.85,2.85,436707
PAR,20201023,2.88,2.88,2.82,2.83,298513
PAR,20201026,2.85,2.89,2.75,2.75,713673
PAR,20201027,2.7,2.81,2.65,2.78,678374
PAR,20201028,2.77,2.81,2.725,2.8,401486
PAR,20201029,2.7,2.74,2.66,2.71,613432
PAR,20201030,2.72,2.77,2.675,2.7,498431
PAR,20201102,2.7,2.8,2.65,2.78,1117944
PAR,20201103,2.78,2.86,2.75,2.75,381431
PAR,20201104,2.75,2.86,2.69,2.76,1167418
PAR,20201105,2.8,2.94,2.78,2.94,778010
PAR,20201106,2.94,3.03,2.92,3,959275
PAR,20201109,3,3.04,2.89,2.94,868344
PAR,20201110,2.98,2.98,2.92,2.96,436970
PAR,20201111,2.97,3.09,2.94,3.08,984324
PAR,20201112,3.09,3.18,3,3,1225238
PAR,20201113,3.03,3.14,3.02,3.08,750259
PAR,20201116,3.11,3.13,3.1,3.13,52051
PAR,20201117,3.13,3.19,3.01,3.07,594065
PAR,20201118,3.04,3.16,3.02,3.02,634864
PAR,20201120,3.05,3.07,2.99,3.02,528694
PAR,20201123,3,3.06,2.98,3.05,514175
PAR,20201124,3.05,3.06,2.99,3,471169
PAR,20201125,3.01,3.08,2.91,2.91,788876
PAR,20201126,2.93,3,2.91,3,476649
PAR,20201127,2.98,2.99,2.91,2.94,298872
PAR,20201130,2.98,3.01,2.94,2.96,408635
PAR,20201201,2.99,3.01,2.97,2.99,546015
PAR,20201202,2.99,2.99,2.94,2.96,327225
PAR,20201203,2.99,3.05,2.96,3.04,600610
PAR,20201204,3.02,3.04,2.96,2.97,442215
PAR,20201207,2.98,2.99,2.68,2.75,3268231
PAR,20201208,2.74,2.84,2.65,2.84,1234993
PAR,20201209,2.86,2.88,2.68,2.71,1243994
PAR,20201210,2.69,2.74,2.61,2.65,1233294
PAR,20201211,2.65,2.69,2.61,2.61,854710
PAR,20201214,2.62,2.71,2.51,2.51,1440369
PAR,20201215,2.55,2.57,2.49,2.51,1222809
PAR,20201216,2.55,2.63,2.52,2.54,554431
PAR,20201217,2.54,2.63,2.54,2.54,636462
PAR,20201218,2.54,2.59,2.42,2.45,1499245
PAR,20201221,2.47,2.55,2.46,2.5,689900
PAR,20201222,2.5,2.5,2.42,2.45,515399
PAR,20201224,2.45,2.45,2.45,2.45,0
PAR,20201229,2.49,2.65,2.47,2.64,833444
PAR,20201230,2.64,2.64,2.55,2.6,398482
PAR,20201231,2.59,2.6,2.54,2.55,161202
PAR,20210104,2.56,2.56,2.43,2.44,1044679
PAR,20210105,2.44,2.45,2.38,2.4,750291
PAR,20210106,2.4,2.47,2.4,2.43,447522
PAR,20210107,2.43,2.49,2.4,2.4,468921
PAR,20210108,2.41,2.44,2.4,2.41,264576
PAR,20210111,2.42,2.48,2.4,2.42,415791
PAR,20210112,2.42,2.44,2.35,2.39,517249
PAR,20210113,2.43,2.47,2.41,2.43,599792
PAR,20210114,2.45,2.52,2.42,2.52,504725
PAR,20210115,2.52,2.56,2.47,2.48,251840
PAR,20210118,2.51,2.51,2.42,2.45,201025
PAR,20210119,2.45,2.48,2.38,2.41,398270
PAR,20210120,2.41,2.49,2.41,2.46,518857
PAR,20210121,2.43,2.49,2.43,2.44,351499
PAR,20210122,2.43,2.45,2.37,2.38,725878
PAR,20210125,2.42,2.43,2.35,2.38,526610
PAR,20210127,2.4,2.43,2.35,2.38,506266
PAR,20210128,2.35,2.36,2.2,2.3,1006149
PAR,20210129,2.3,2.41,2.3,2.35,637163
PAR,20210201,2.35,2.415,2.29,2.35,584150
PAR,20210203,2.67,2.84,2.53,2.78,3433483
PAR,20210204,2.77,2.78,2.59,2.65,760118
PAR,20210205,2.67,2.84,2.66,2.83,1427659
PAR,20210208,2.86,2.95,2.77,2.81,1001408
PAR,20210209,2.84,2.87,2.7,2.72,732094
PAR,20210210,2.71,2.79,2.7,2.75,473206
PAR,20210211,2.7,2.78,2.69,2.7,353576
PAR,20210212,2.72,2.72,2.64,2.65,385602
PAR,20210215,2.65,2.73,2.61,2.63,451763
PAR,20210216,2.65,2.67,2.58,2.64,501248
PAR,20210217,2.63,2.63,2.56,2.6,748301
PAR,20210218,2.62,2.65,2.5,2.6,832354
PAR,20210219,2.61,2.65,2.54,2.55,666191
PAR,20210222,2.56,2.61,2.54,2.56,268144
PAR,20210223,2.59,2.59,2.46,2.48,523530
PAR,20210224,2.48,2.59,2.44,2.59,905701
PAR,20210225,2.56,2.56,2.415,2.43,929615
PAR,20210226,2.42,2.47,2.34,2.4,834646
PAR,20210301,2.39,2.42,2.33,2.34,928679
PAR,20210302,2.38,2.38,2.27,2.3,1034423
PAR,20210303,2.31,2.47,2.31,2.46,576217
PAR,20210304,2.42,2.45,2.34,2.39,602434
PAR,20210305,2.36,2.36,2.27,2.27,609115
PAR,20210308,2.32,2.34,2.245,2.25,332607
PAR,20210309,2.25,2.33,2.22,2.26,421641
PAR,20210310,2.32,2.39,2.32,2.35,344721
PAR,20210311,2.32,2.39,2.32,2.35,344721
PAR,20210312,2.35,2.495,2.34,2.46,477504
PAR,20210315,2.45,2.48,2.39,2.45,387539
PAR,20210316,2.46,2.54,2.45,2.52,542168
PAR,20210317,2.5,2.56,2.45,2.51,329839
PAR,20210318,2.54,2.59,2.52,2.56,280168
PAR,20210319,2.53,2.54,2.47,2.54,314047
PAR,20210322,2.52,2.56,2.49,2.55,304467
PAR,20210323,2.55,2.59,2.48,2.56,432173
PAR,20210324,2.45,2.51,2.43,2.43,500441
PAR,20210325,2.42,2.45,2.36,2.4,348355
PAR,20210329,2.66,2.76,2.51,2.51,950920
PAR,20210330,2.59,2.66,2.54,2.61,890307
PAR,20210331,2.63,2.69,2.53,2.57,582354
PAR,20210401,2.6,2.7,2.55,2.64,794762
PAR,20210406,2.64,2.7,2.6,2.6,436495
PAR,20210407,2.6,2.62,2.53,2.53,223064
PAR,20210408,2.6,2.62,2.55,2.59,172746
PAR,20210409,2.62,2.74,2.61,2.69,518518
PAR,20210412,2.68,2.68,2.58,2.6,233530
PAR,20210413,2.59,2.62,2.55,2.57,220256
PAR,20210414,2.61,2.65,2.49,2.51,460435
PAR,20210415,2.55,2.59,2.51,2.55,420418
PAR,20210416,2.51,2.65,2.51,2.65,459970
PAR,20210419,2.66,2.67,2.61,2.62,326787
PAR,20210420,2.62,2.68,2.62,2.66,264574
PAR,20210421,2.65,2.67,2.59,2.64,357362
PAR,20210422,2.66,2.8,2.63,2.64,1293500
PAR,20210423,2.62,2.63,2.53,2.55,798664
PAR,20210426,2.5,2.51,2.35,2.39,1083204
PAR,20210427,2.32,2.385,2.26,2.26,1464285
PAR,20210428,2.3,2.41,2.22,2.34,834757
PAR,20210429,2.3,2.38,2.3,2.35,258649
PAR,20210430,2.35,2.4,2.3,2.31,413959
PAR,20210503,2.35,2.375,2.3,2.32,354113
PAR,20210504,2.32,2.35,2.28,2.31,241299
PAR,20210505,2.29,2.31,2.26,2.27,484495
PAR,20210506,2.26,2.28,2.11,2.16,980303
PAR,20210507,2.18,2.25,2.13,2.25,407013
PAR,20210510,2.22,2.25,2.2,2.24,227584
PAR,20210511,2.23,2.24,2.09,2.12,445652
PAR,20210512,2.15,2.17,2.05,2.06,409204
PAR,20210513,2.07,2.09,1.98,2.06,844729
PAR,20210514,2.06,2.12,2.03,2.04,249635
PAR,20210517,2.05,2.2,2.05,2.13,242914
PAR,20210518,2.14,2.17,2.08,2.1,285684
PAR,20210519,2.2,2.23,2.11,2.2,456540
PAR,20210520,2.22,2.3,2.2,2.25,344738
PAR,20210521,2.3,2.42,2.26,2.42,661664
PAR,20210524,2.42,2.42,2.31,2.32,217459
PAR,20210525,2.32,2.33,2.11,2.11,903846
PAR,20210526,2.14,2.22,2.11,2.15,528124
PAR,20210527,2.16,2.3,2.16,2.25,653554
PAR,20210528,2.22,2.3,2.2,2.27,480893
PAR,20210531,2.3,2.31,2.2,2.21,222967
PAR,20210601,2.25,2.25,2.16,2.16,230845
PAR,20210602,2.17,2.195,2.14,2.15,179356
PAR,20210603,2.16,2.18,2.11,2.11,281232
PAR,20210604,2.15,2.22,2.11,2.2,416291
PAR,20210607,2.2,2.2,2.07,2.13,935182
PAR,20210609,2.1,2.16,2.07,2.09,368156
PAR,20210610,2.11,2.18,2.09,2.11,676745
PAR,20210611,2.15,2.19,2.11,2.12,627765
PAR,20210615,2.14,2.16,2.09,2.09,586028
PAR,20210616,2.09,2.12,2.06,2.06,434653
PAR,20210617,2.07,2.07,1.99,1.99,968718
PAR,20210618,2.1,2.21,2.06,2.18,1713365
PAR,20210621,2.16,2.16,2.1,2.14,1123276
PAR,20210622,2.11,2.15,2.09,2.1,485223
PAR,20210623,2.09,2.11,2.04,2.04,489158
PAR,20210625,2.04,2.07,2,2.01,616307
PAR,20210628,1.995,2.01,1.93,1.94,969642
PAR,20210629,1.94,1.96,1.87,1.94,1203337
PAR,20210630,1.955,2.175,1.95,2.1,2051725
PAR,20210701,2.09,2.13,2.045,2.09,418055
PAR,20210705,2.1,2.14,2.055,2.06,263616
PAR,20210706,2.08,2.09,2.03,2.03,443403
PAR,20210707,2.03,2.06,2,2.04,292057
PAR,20210708,2.05,2.05,2,2.02,364533
PAR,20210709,2.02,2.02,1.99,2.02,466676
PAR,20210712,2,2.065,1.98,2.02,453792
PAR,20210714,2.01,2.03,1.965,1.98,490613
PAR,20210715,2,2.03,1.975,2,425227
PAR,20210716,1.99,2,1.96,1.97,408680
PAR,20210719,1.95,1.98,1.93,1.955,448005
PAR,20210720,1.95,1.985,1.93,1.955,402200
PAR,20210723,2.05,2.11,2.02,2.03,756581
PAR,20210726,2.05,2.06,2.005,2.01,345049
PAR,20210727,2.01,2.05,1.99,2.01,424395
PAR,20210728,2,2.04,1.99,2.03,418588
PAR,20210729,2.04,2.22,2.04,2.22,839520
PAR,20210730,2.22,2.22,2.22,2.22,0
PAR,20210802,2.22,2.22,2.22,2.22,0
PAR,20210803,2.13,2.13,1.9,1.97,3772433
PAR,20210804,2.02,2.07,1.9,1.92,1669874
PAR,20210805,1.925,1.965,1.855,1.855,1280631
PAR,20210806,1.85,1.855,1.775,1.8,1444413
PAR,20210809,1.81,1.9,1.81,1.9,785717
PAR,20210810,1.9,1.93,1.87,1.925,594106
PAR,20210811,1.93,1.93,1.86,1.86,472370
PAR,20210812,1.87,1.88,1.84,1.85,281279
PAR,20210813,1.85,1.865,1.825,1.835,333781
PAR,20210819,1.855,1.93,1.84,1.9,566860
PAR,20210820,1.93,1.95,1.925,1.93,309293
PAR,20210823,1.945,1.997,1.905,1.94,671037
PAR,20210824,1.955,1.97,1.92,1.93,373526
PAR,20210825,1.93,1.985,1.925,1.985,342584
PAR,20210826,1.985,2.01,1.95,1.965,441726
PAR,20210827,1.955,1.975,1.88,1.92,517915
PAR,20210830,1.945,2,1.89,1.98,600835
PAR,20210831,1.99,2.03,1.945,1.98,709432
PAR,20210901,1.98,2.01,1.945,1.945,389530
PAR,20210902,1.95,1.975,1.945,1.945,129604
PAR,20210903,1.945,2.11,1.915,2.04,1014410
PAR,20210906,2.02,2.04,1.945,1.945,472086
PAR,20210907,1.95,1.96,1.915,1.925,239676
PAR,20210908,1.93,2.01,1.93,2,413508
PAR,20210909,1.98,2.01,1.93,1.95,538591
PAR,20210910,1.95,1.96,1.91,1.93,357775
PAR,20210913,1.95,1.98,1.94,1.945,224548
PAR,20210914,1.95,1.965,1.915,1.92,250410
PAR,20210915,1.92,1.94,1.9,1.925,324152
PAR,20210916,1.91,1.965,1.905,1.935,318248
PAR,20210917,1.94,1.94,1.82,1.82,1107013
PAR,20210920,1.82,1.835,1.775,1.775,608685
PAR,20210922,1.85,1.85,1.78,1.815,284520
PAR,20210923,1.87,2.08,1.87,2.05,1165917
PAR,20210924,2.1,2.16,2.02,2.1,820869
PAR,20210927,1.95,2.035,1.915,2.02,996966
PAR,20210928,2.02,2.3,2.01,2.22,1585158
PAR,20210929,2.19,2.2,2.12,2.17,404218
PAR,20210930,2.18,2.21,2.14,2.2,295807
PAR,20211001,2.21,2.21,2.11,2.16,475557
PAR,20211004,2.17,2.17,2.03,2.06,351479
PAR,20211005,2.09,2.09,1.97,2.01,314106
PAR,20211006,2.01,2.03,1.935,1.935,548357
PAR,20211007,1.94,1.97,1.92,1.935,353302
PAR,20211008,1.94,1.94,1.86,1.87,644114
PAR,20211011,1.87,1.915,1.83,1.86,530624
PAR,20211012,1.87,1.915,1.83,1.865,532073
PAR,20211013,1.93,1.955,1.87,1.88,1007613
PAR,20211014,1.95,1.95,1.87,1.925,272388
PAR,20211019,1.94,1.95,1.91,1.91,209320
PAR,20211020,1.93,1.955,1.9,1.955,262543
PAR,20211021,1.93,1.955,1.885,1.9,322434
PAR,20211022,1.9,1.95,1.885,1.9,267190
PAR,20211025,1.9,1.92,1.865,1.895,430421
PAR,20211026,1.885,1.965,1.835,1.93,821035
PAR,20211028,1.9,1.985,1.855,1.955,935051
PAR,20211029,2,2.1,1.995,2.06,835651
PAR,20211101,2.06,2.06,2.06,2.06,0
PAR,20211102,2.06,2.06,2.06,2.06,0
PAR,20211103,2.5,2.69,2.34,2.53,7836543
PAR,20211104,2.56,2.57,2.37,2.38,1464843
PAR,20211105,2.41,2.515,2.38,2.39,857509
PAR,20211109,2.36,2.49,2.34,2.41,1184262
PAR,20211110,2.41,2.43,2.37,2.43,412344
PAR,20211112,2.31,2.32,2.22,2.24,510463
PAR,20211115,2.24,2.29,2.23,2.28,303598
PAR,20211116,2.25,2.25,2.16,2.22,286501
PAR,20211117,2.22,2.33,2.22,2.25,406388
PAR,20211118,2.26,2.26,2.19,2.2,208793
PAR,20211119,2.22,2.22,2.15,2.15,332519
PAR,20211122,2.2,2.24,2.15,2.19,231571
PAR,20211123,2.24,2.24,2.15,2.17,227286
PAR,20211124,2.2,2.29,2.14,2.29,540073
PAR,20211125,2.3,2.3,2.2,2.25,341434
PAR,20211126,2.26,2.3,2.17,2.22,467826
PAR,20211129,2.14,2.21,2.1,2.15,335736
PAR,20211130,2.16,2.17,2.1,2.1,381069
PAR,20211201,2.1,2.14,2.02,2.05,503006
PAR,20211202,2.07,2.07,1.95,1.98,530696
PAR,20211203,1.985,2.04,1.935,1.955,415426
PAR,20211206,1.94,1.94,1.86,1.88,550506
PAR,20211207,1.9,1.975,1.89,1.94,213835
PAR,20211208,1.93,1.98,1.9,1.9,315388
PAR,20211209,1.91,1.955,1.9,1.955,170083
PAR,20211210,1.96,2.02,1.9,2.02,300788
PAR,20211213,2,2.01,1.96,2,370777
PAR,20211214,2,2,1.93,1.945,234018
PAR,20211216,1.89,1.98,1.88,1.91,815416
PAR,20211217,1.915,1.93,1.84,1.86,448404
PAR,20211220,1.86,1.885,1.81,1.81,315333
PAR,20211221,1.815,1.915,1.8,1.89,256343
PAR,20211222,1.89,1.95,1.88,1.945,200899
PAR,20211223,1.935,1.945,1.9,1.92,85225
PAR,20211224,1.93,1.975,1.92,1.95,88623
PAR,20211229,1.94,1.95,1.905,1.915,136387
PAR,20211230,1.925,1.925,1.89,1.895,75874
PAR,20211231,1.89,1.915,1.875,1.885,250112
PAR,20220104,1.88,1.93,1.88,1.9,196036
PAR,20220105,1.94,1.94,1.865,1.905,343441
PAR,20220106,1.93,1.93,1.825,1.825,376318
PAR,20220107,1.84,1.85,1.79,1.82,504569
PAR,20220110,1.82,1.83,1.79,1.795,238393
PAR,20220111,1.795,1.8,1.74,1.755,402091
PAR,20220112,1.77,1.805,1.75,1.79,237172
PAR,20220113,1.84,1.845,1.76,1.78,405290
PAR,20220114,1.77,1.78,1.66,1.715,807643
PAR,20220117,1.725,1.745,1.67,1.72,210498
PAR,20220118,1.71,1.74,1.69,1.715,198516
PAR,20220119,1.715,1.715,1.605,1.615,723579
PAR,20220120,1.61,1.69,1.61,1.66,342133
PAR,20220121,1.64,1.64,1.56,1.565,835945
PAR,20220124,1.55,1.555,1.49,1.505,652385
PAR,20220125,1.5,1.53,1.38,1.39,971267
PAR,20220127,1.37,1.4,1.34,1.355,1196373
PAR,20220128,1.33,1.45,1.31,1.42,699411
PAR,20220131,1.445,1.475,1.41,1.46,360096
PAR,20220201,1.455,1.525,1.455,1.5,373181
PAR,20220202,1.53,1.53,1.45,1.465,211642
PAR,20220203,1.48,1.48,1.337,1.37,568348
PAR,20220204,1.34,1.375,1.312,1.325,373334
PAR,20220207,1.36,1.405,1.345,1.39,434534
PAR,20220208,1.41,1.475,1.367,1.46,590845
PAR,20220209,1.46,1.46,1.405,1.45,285603
PAR,20220210,1.475,1.49,1.412,1.46,350288
PAR,20220211,1.455,1.455,1.37,1.37,367531
PAR,20220214,1.35,1.35,1.295,1.305,579931
PAR,20220215,1.295,1.355,1.28,1.35,347295
PAR,20220216,1.37,1.43,1.355,1.395,391972
PAR,20220217,1.395,1.41,1.32,1.32,506713
PAR,20220218,1.31,1.355,1.285,1.285,366867
PAR,20220221,1.31,1.31,1.19,1.24,1357064
PAR,20220222,1.205,1.31,1.205,1.255,581356
PAR,20220223,1.26,1.305,1.25,1.265,309889
PAR,20220224,1.3,1.3,1.18,1.19,476642
PAR,20220225,1.19,1.235,1.15,1.175,606793
PAR,20220228,1.175,1.175,1.072,1.125,1559589
PAR,20220301,1.115,1.275,1.115,1.26,948631
PAR,20220302,1.27,1.27,1.16,1.18,439130
PAR,20220303,1.175,1.175,1.1,1.1,796296
PAR,20220304,1.1,1.12,1.055,1.105,581412
PAR,20220307,1.08,1.095,0.965,1.02,1643029
PAR,20220308,1.005,1.04,0.925,1.025,1632253
PAR,20220309,1.005,1.06,0.99,1.04,1031399
PAR,20220310,1.07,1.22,1.07,1.185,702178
PAR,20220311,1.165,1.215,1.15,1.2,263073
PAR,20220314,1.21,1.25,1.17,1.21,234926
PAR,20220315,1.23,1.23,1.17,1.175,206112
PAR,20220316,0,0,0,0,0
PAR,20220317,1.22,1.312,1.185,1.305,392685
PAR,20220318,1.32,1.34,1.255,1.255,5085502
PAR,20220321,1.26,1.292,1.13,1.13,514120
PAR,20220322,1.13,1.155,1.1,1.15,353229
PAR,20220323,1.165,1.17,1.08,1.085,797126
PAR,20220324,1.09,1.13,1.07,1.12,535782
PAR,20220325,1.135,1.135,1.11,1.12,257098
PAR,20220328,1.125,1.125,1.09,1.12,308526
PAR,20220329,1.12,1.135,1.065,1.1,453964
PAR,20220330,1.11,1.11,1.065,1.075,207531
PAR,20220331,1.1,1.13,1.085,1.11,293738
PAR,20220401,1.1,1.13,1.08,1.11,284635
PAR,20220404,1.12,1.13,1.085,1.095,364910
PAR,20220405,1.09,1.175,1.08,1.16,644936
PAR,20220406,1.18,1.18,1.085,1.105,600057
PAR,20220407,1.1,1.13,1.07,1.13,293187
PAR,20220408,1.125,1.2,1.11,1.15,494535
PAR,20220411,1.145,1.195,1.115,1.16,418775
PAR,20220412,1.18,1.6,1.16,1.38,2692516
PAR,20220413,1.435,1.46,1.325,1.365,1332159
PAR,20220414,1.4,1.4,1.305,1.37,542519
PAR,20220419,1.35,1.37,1.31,1.315,708427
PAR,20220420,1.32,1.52,1.31,1.5,1399942
PAR,20220421,1.32,1.52,1.31,1.5,1399942
PAR,20220422,1.39,1.395,1.35,1.37,256090
PAR,20220426,1.37,1.37,1.27,1.275,494022
PAR,20220427,1.275,1.315,1.23,1.23,553307
PAR,20220428,1.3,1.4,1.2,1.205,715546
PAR,20220429,1.25,1.272,1.205,1.23,269640
PAR,20220502,1.23,1.24,1.17,1.175,376559
PAR,20220503,1.18,1.24,1.155,1.17,287368
PAR,20220504,1.17,1.185,1.13,1.13,221058
PAR,20220505,1.135,1.152,1.12,1.15,280962
PAR,20220506,1.12,1.13,1.085,1.12,237006
PAR,20220509,1.125,1.15,1.08,1.15,254487
PAR,20220510,1.105,1.185,1.08,1.17,204402
PAR,20220511,1.21,1.22,1.15,1.22,248339
PAR,20220512,1.24,1.24,1.115,1.115,197869
PAR,20220513,1.125,1.17,1.1,1.17,57103
PAR,20220516,1.18,1.21,1.13,1.13,177082
PAR,20220517,1.145,1.145,1.105,1.115,149542
PAR,20220518,1.12,1.175,1.12,1.15,133406
PAR,20220519,1.13,1.14,1.11,1.14,115281
PAR,20220520,1.135,1.18,1.132,1.17,150452
PAR,20220523,1.2,1.2,1.115,1.115,270484
PAR,20220524,1.13,1.17,1.115,1.15,359619
PAR,20220525,1.145,1.145,1.105,1.135,130708
PAR,20220526,1.15,1.27,1.15,1.235,577751
PAR,20220527,1.21,1.245,1.175,1.205,239690
PAR,20220530,1.25,1.31,1.2,1.25,758913
PAR,20220531,1.26,1.265,1.205,1.235,162580
PAR,20220601,1.235,1.265,1.185,1.24,171902
PAR,20220602,1.23,1.25,1.2,1.23,357981
PAR,20220603,1.265,1.295,1.21,1.21,431191
PAR,20220606,1.21,1.22,1.16,1.16,373477
PAR,20220607,1.17,1.185,1.125,1.14,337707
PAR,20220608,1.15,1.185,1.125,1.145,254130
PAR,20220609,1.16,1.175,1.125,1.14,225813
PAR,20220610,1.175,1.175,1.14,1.14,95667
PAR,20220614,1.11,1.115,1.037,1.105,609547
PAR,20220615,1.105,1.12,1.04,1.04,354868
PAR,20220616,1.05,1.085,1.045,1.055,272798
PAR,20220617,1.04,1.04,0.972,1,560836
PAR,20220620,1,1.01,0.97,0.98,334141
PAR,20220621,0.97,0.985,0.94,0.94,388410
PAR,20220622,0.945,0.97,0.92,0.965,421582
PAR,20220623,0.965,0.965,0.915,0.915,459535
PAR,20220624,0.91,1.025,0.91,1.025,675387
PAR,20220627,1.02,1.055,0.98,0.985,331180
PAR,20220628,0.96,0.99,0.915,0.925,648262
PAR,20220629,0.92,0.935,0.855,0.875,893092
PAR,20220630,0.905,1.15,0.905,0.965,1385908
PAR,20220701,1.03,1.055,0.95,0.955,486436
PAR,20220704,0.98,1.025,0.97,0.97,139396
PAR,20220705,0.985,1.05,0.98,1.05,234226
PAR,20220706,1.015,1.13,0.99,1.005,386464
PAR,20220707,1.04,1.04,0.965,1.005,259611
PAR,20220708,1.01,1.12,1.01,1.12,383861
PAR,20220711,1.12,1.12,1.06,1.06,96986
PAR,20220712,1.08,1.08,1.03,1.05,70450
PAR,20220713,1.12,1.125,1.04,1.05,265919
PAR,20220714,1.05,1.09,1.03,1.06,224481
PAR,20220715,1.07,1.07,1.03,1.03,169824
PAR,20220718,1.07,1.07,1.035,1.045,167392
PAR,20220719,1.04,1.06,1.01,1.01,208379
PAR,20220720,1.05,1.062,1.02,1.055,116175
PAR,20220721,1.055,1.13,1.055,1.075,349363
PAR,20220722,1.08,1.08,1.06,1.06,107148
PAR,20220725,1.062,1.095,1.05,1.06,153587
PAR,20220726,1.06,1.085,1.05,1.085,115706
PAR,20220727,1.08,1.08,1.03,1.03,150885
PAR,20220728,1.035,1.07,1.03,1.05,140186
PAR,20220729,1.055,1.145,1.05,1.13,282039
PAR,20220801,1.14,1.33,1.14,1.24,570348
PAR,20220802,1.25,1.44,1.25,1.39,600949
PAR,20220803,1.42,1.81,1.42,1.59,1585655
PAR,20220805,1.515,1.76,1.515,1.72,663368
PAR,20220808,1.9,1.975,1.82,1.905,984643
PAR,20220809,1.93,2.17,1.93,2.14,1266198
PAR,20220810,2.12,2.12,1.88,1.985,780090
PAR,20220811,1.985,2.12,1.88,1.985,0
PAR,20220812,1.985,2.12,1.88,1.985,0
PAR,20220815,1.59,1.59,1.43,1.43,2126754
PAR,20220816,1.465,1.515,1.43,1.47,880721
PAR,20220817,1.45,1.45,1.355,1.355,1684987
PAR,20220818,1.33,1.333,1.275,1.31,1364853
PAR,20220819,1.28,1.295,1.25,1.255,2710118
PAR,20220822,1.215,1.28,1.205,1.275,1485405
PAR,20220823,1.255,1.32,1.25,1.285,752350
PAR,20220824,1.3,1.305,1.27,1.29,432995
PAR,20220825,1.31,1.35,1.28,1.28,1048586
PAR,20220826,1.3,1.32,1.27,1.28,483710
PAR,20220829,1.26,1.28,1.245,1.27,800070
PAR,20220830,1.275,1.285,1.26,1.265,657971
PAR,20220831,1.265,1.305,1.26,1.285,1267141
PAR,20220901,1.28,1.31,1.265,1.3,449950
PAR,20220902,1.305,1.325,1.285,1.285,496093
PAR,20220905,1.285,1.305,1.265,1.27,281719
PAR,20220906,1.27,1.315,1.27,1.3,250179
PAR,20220907,1.3,1.3,1.27,1.29,295245
PAR,20220909,1.305,1.33,1.3,1.305,384217
PAR,20220912,1.31,1.325,1.29,1.29,350198
PAR,20220913,1.3,1.305,1.28,1.28,439693
PAR,20220914,1.28,1.28,1.27,1.28,379830
PAR,20220915,1.28,1.29,1.26,1.27,313391
PAR,20220916,1.26,1.265,1.22,1.22,542590
