PEX,20160212,0.125,0.125,0.125,0.125,89000
PEX,20160215,0.125,0.125,0.125,0.125,0
PEX,20160216,0.125,0.145,0.125,0.145,40000
PEX,20160217,0.145,0.145,0.145,0.145,0
PEX,20160218,0.145,0.145,0.145,0.145,7000
PEX,20160219,0.16,0.16,0.16,0.16,34000
PEX,20160222,0.145,0.15,0.14,0.14,90000
PEX,20160223,0.14,0.14,0.14,0.14,49000
PEX,20160224,0.14,0.14,0.14,0.14,23250
PEX,20160225,0.14,0.14,0.135,0.135,200000
PEX,20160226,0.135,0.135,0.135,0.135,0
PEX,20160229,0.14,0.14,0.14,0.14,12500
PEX,20160301,0.14,0.14,0.14,0.14,0
PEX,20160302,0.14,0.14,0.135,0.135,66518
PEX,20160303,0.14,0.14,0.14,0.14,53482
PEX,20160304,0.14,0.14,0.14,0.14,11560
PEX,20160307,0.14,0.14,0.14,0.14,5764
PEX,20160308,0.14,0.14,0.14,0.14,0
PEX,20160309,0.14,0.14,0.14,0.14,0
PEX,20160310,0.14,0.14,0.14,0.14,10000
PEX,20160311,0.14,0.14,0.14,0.14,16000
PEX,20160314,0.14,0.14,0.14,0.14,0
PEX,20160315,0.14,0.14,0.14,0.14,0
PEX,20160316,0.14,0.14,0.14,0.14,0
PEX,20160317,0.14,0.14,0.14,0.14,102521
PEX,20160318,0.135,0.135,0.135,0.135,63000
PEX,20160321,0.14,0.14,0.14,0.14,95000
PEX,20160322,0.14,0.14,0.14,0.14,0
PEX,20160323,0.135,0.135,0.13,0.13,125704
PEX,20160324,0.13,0.13,0.13,0.13,83704
PEX,20160329,0.13,0.13,0.13,0.13,24000
PEX,20160330,0.13,0.13,0.13,0.13,0
PEX,20160331,0.13,0.13,0.13,0.13,0
PEX,20160401,0.13,0.13,0.13,0.13,0
PEX,20160404,0.13,0.13,0.13,0.13,0
PEX,20160405,0.13,0.13,0.13,0.13,0
PEX,20160406,0.13,0.13,0.13,0.13,0
PEX,20160407,0.12,0.12,0.12,0.12,25000
PEX,20160408,0.13,0.135,0.13,0.135,141592
PEX,20160411,0.135,0.135,0.13,0.13,102200
PEX,20160412,0.14,0.14,0.14,0.14,23607
PEX,20160413,0.14,0.14,0.14,0.14,100000
PEX,20160414,0.13,0.13,0.125,0.13,586208
PEX,20160415,0.13,0.135,0.13,0.135,581709
PEX,20160418,0.13,0.135,0.13,0.135,545000
PEX,20160419,0.135,0.14,0.135,0.14,771984
PEX,20160420,0.14,0.15,0.14,0.15,653461
PEX,20160421,0.15,0.15,0.145,0.145,144666
PEX,20160422,0.145,0.145,0.145,0.145,20000
PEX,20160426,0.145,0.145,0.14,0.14,93500
PEX,20160427,0.14,0.145,0.14,0.145,105000
PEX,20160428,0.15,0.17,0.15,0.15,825500
PEX,20160429,0.155,0.155,0.15,0.15,140000
PEX,20160502,0.155,0.155,0.14,0.14,212429
PEX,20160503,0.145,0.145,0.14,0.145,187100
PEX,20160504,0.14,0.14,0.14,0.14,75000
PEX,20160505,0.145,0.155,0.14,0.14,61000
PEX,20160506,0.14,0.15,0.14,0.14,111000
PEX,20160509,0.14,0.14,0.135,0.135,209440
PEX,20160510,0.14,0.14,0.135,0.135,117940
PEX,20160511,0.14,0.145,0.14,0.145,156366
PEX,20160512,0.15,0.155,0.145,0.145,246268
PEX,20160513,0.155,0.155,0.14,0.14,128968
PEX,20160516,0.145,0.145,0.14,0.14,100000
PEX,20160517,0.14,0.14,0.14,0.14,40000
PEX,20160518,0.14,0.14,0.14,0.14,0
PEX,20160519,0.14,0.14,0.14,0.14,0
PEX,20160520,0.15,0.15,0.15,0.15,73499
PEX,20160523,0.14,0.15,0.14,0.15,180000
PEX,20160524,0.14,0.145,0.14,0.14,38032
PEX,20160525,0.135,0.14,0.135,0.135,268500
PEX,20160526,0.135,0.135,0.135,0.135,0
PEX,20160527,0.14,0.16,0.14,0.15,578201
PEX,20160530,0.15,0.15,0.15,0.15,23000
PEX,20160531,0.15,0.16,0.15,0.15,82000
PEX,20160601,0.16,0.16,0.15,0.155,265403
PEX,20160602,0.155,0.155,0.155,0.155,340947
PEX,20160603,0.155,0.155,0.15,0.15,209053
PEX,20160606,0.15,0.15,0.15,0.15,224025
PEX,20160607,0.15,0.16,0.15,0.15,502268
PEX,20160608,0.15,0.15,0.15,0.15,62791
PEX,20160609,0.155,0.165,0.155,0.165,468962
PEX,20160610,0.165,0.19,0.155,0.155,1160266
PEX,20160614,0.155,0.16,0.155,0.16,82913
PEX,20160615,0.155,0.155,0.145,0.145,154000
PEX,20160616,0.15,0.155,0.145,0.145,217389
PEX,20160617,0.14,0.145,0.135,0.145,709656
PEX,20160620,0.145,0.15,0.145,0.15,239030
PEX,20160621,0.145,0.155,0.145,0.15,872895
PEX,20160622,0.15,0.155,0.145,0.155,412494
PEX,20160623,0.155,0.16,0.155,0.16,584915
PEX,20160624,0.16,0.16,0.155,0.155,199653
PEX,20160627,0.155,0.16,0.155,0.16,201682
PEX,20160628,0.155,0.165,0.155,0.16,715878
PEX,20160629,0.16,0.17,0.16,0.17,97088
PEX,20160630,0.17,0.175,0.17,0.17,334160
PEX,20160701,0.17,0.175,0.17,0.175,321203
PEX,20160704,0.17,0.17,0.17,0.17,169883
PEX,20160705,0.165,0.17,0.165,0.165,723648
PEX,20160706,0.165,0.165,0.165,0.165,0
PEX,20160707,0.17,0.185,0.17,0.185,565869
PEX,20160708,0.185,0.195,0.185,0.195,218500
PEX,20160711,0.195,0.195,0.19,0.19,314318
PEX,20160712,0.19,0.195,0.19,0.195,119769
PEX,20160713,0.2,0.22,0.195,0.21,609107
PEX,20160714,0.21,0.215,0.21,0.21,131305
PEX,20160715,0.215,0.215,0.2,0.2,72800
PEX,20160718,0.205,0.21,0.205,0.205,94562
PEX,20160719,0.205,0.205,0.2,0.2,30700
PEX,20160720,0.21,0.215,0.2,0.215,88252
PEX,20160721,0.205,0.205,0.195,0.195,120065
PEX,20160722,0.2,0.2,0.2,0.2,116253
PEX,20160725,0.21,0.21,0.205,0.205,111238
PEX,20160726,0.2,0.21,0.165,0.18,717943
PEX,20160727,0.18,0.19,0.17,0.17,167000
PEX,20160728,0.175,0.185,0.17,0.17,172500
PEX,20160729,0.175,0.175,0.175,0.175,16500
PEX,20160801,0.165,0.175,0.155,0.175,385206
PEX,20160802,0.175,0.175,0.16,0.16,142139
PEX,20160803,0.175,0.175,0.165,0.17,30923
PEX,20160804,0.17,0.17,0.165,0.165,114900
PEX,20160805,0.165,0.18,0.165,0.175,198612
PEX,20160808,0.175,0.175,0.165,0.165,370348
PEX,20160809,0.165,0.17,0.165,0.17,102667
PEX,20160810,0.17,0.17,0.16,0.16,164276
PEX,20160811,0.16,0.165,0.15,0.155,190824
PEX,20160812,0.15,0.15,0.15,0.15,190000
PEX,20160815,0.15,0.15,0.15,0.15,20000
PEX,20160816,0.155,0.17,0.155,0.17,90943
PEX,20160817,0.17,0.17,0.17,0.17,0
PEX,20160818,0.16,0.16,0.16,0.16,10000
PEX,20160822,0.155,0.155,0.155,0.155,20000
PEX,20160823,0.155,0.155,0.155,0.155,0
PEX,20160824,0.155,0.165,0.155,0.16,113756
PEX,20160825,0.16,0.16,0.16,0.16,0
PEX,20160826,0.16,0.16,0.16,0.16,0
PEX,20160829,0.165,0.165,0.165,0.165,107305
PEX,20160830,0.165,0.165,0.165,0.165,30000
PEX,20160831,0.17,0.17,0.17,0.17,15000
PEX,20160901,0.165,0.165,0.155,0.165,52524
PEX,20160902,0.165,0.165,0.165,0.165,9290
PEX,20160905,0.165,0.165,0.165,0.165,0
PEX,20160906,0.165,0.165,0.165,0.165,0
PEX,20160907,0.16,0.17,0.16,0.165,175842
PEX,20160908,0.16,0.16,0.16,0.16,35215
PEX,20160909,0.16,0.16,0.16,0.16,0
PEX,20160912,0.16,0.16,0.16,0.16,21159
PEX,20160913,0.16,0.16,0.16,0.16,0
PEX,20160914,0.16,0.16,0.16,0.16,0
PEX,20160915,0.16,0.16,0.16,0.16,0
PEX,20160916,0.16,0.16,0.16,0.16,0
PEX,20160919,0.16,0.16,0.16,0.16,0
PEX,20160920,0.145,0.15,0.145,0.15,98306
PEX,20160921,0.15,0.15,0.15,0.15,0
PEX,20160922,0.155,0.155,0.155,0.155,134233
PEX,20160923,0.155,0.155,0.155,0.155,107861
PEX,20160926,0.155,0.155,0.15,0.15,136700
PEX,20160927,0.15,0.15,0.15,0.15,0
PEX,20160928,0.15,0.155,0.15,0.155,37939
PEX,20160929,0.16,0.16,0.15,0.15,69364
PEX,20160930,0.15,0.15,0.15,0.15,200000
PEX,20161003,0.15,0.15,0.15,0.15,13333
PEX,20161004,0.145,0.15,0.14,0.15,251213
PEX,20161005,0.16,0.16,0.16,0.16,26000
PEX,20161006,0.16,0.16,0.16,0.16,0
PEX,20161007,0.15,0.15,0.15,0.15,25000
PEX,20161010,0.155,0.155,0.155,0.155,45875
PEX,20161011,0.155,0.155,0.155,0.155,0
PEX,20161012,0.155,0.155,0.15,0.15,10472
PEX,20161013,0.15,0.15,0.145,0.145,7500
PEX,20161014,0.165,0.165,0.165,0.165,44297
PEX,20161017,0.165,0.165,0.145,0.145,285706
PEX,20161018,0.155,0.16,0.145,0.145,41500
PEX,20161019,0.15,0.15,0.15,0.15,50000
PEX,20161020,0.16,0.17,0.16,0.17,155625
PEX,20161021,0.17,0.17,0.17,0.17,0
PEX,20161024,0.15,0.16,0.15,0.16,150700
PEX,20161025,0.15,0.165,0.145,0.16,257900
PEX,20161026,0.16,0.16,0.16,0.16,50000
PEX,20161027,0.165,0.165,0.165,0.165,155955
PEX,20161028,0.16,0.16,0.155,0.155,203800
PEX,20161031,0.155,0.165,0.155,0.16,234559
PEX,20161101,0.16,0.16,0.16,0.16,88066
PEX,20161102,0.155,0.17,0.145,0.17,257271
PEX,20161103,0.17,0.17,0.17,0.17,0
PEX,20161104,0.15,0.15,0.15,0.15,16000
PEX,20161107,0.15,0.15,0.15,0.15,28000
PEX,20161108,0.15,0.15,0.15,0.15,0
PEX,20161109,0.15,0.15,0.14,0.14,137870
PEX,20161110,0.14,0.15,0.14,0.15,99946
PEX,20161111,0.15,0.15,0.15,0.15,0
PEX,20161114,0.15,0.15,0.15,0.15,68054
PEX,20161115,0.15,0.16,0.15,0.16,479934
PEX,20161116,0.16,0.16,0.155,0.155,50000
PEX,20161117,0.16,0.16,0.16,0.16,42108
PEX,20161118,0.16,0.16,0.16,0.16,4292
PEX,20161121,0.165,0.165,0.165,0.165,50000
PEX,20161122,0.165,0.165,0.15,0.15,171438
PEX,20161123,0.155,0.155,0.155,0.155,100000
PEX,20161124,0.16,0.165,0.155,0.165,253885
PEX,20161125,0.165,0.165,0.165,0.165,3500
PEX,20161128,0.165,0.175,0.165,0.175,468601
PEX,20161129,0.175,0.175,0.175,0.175,65432
PEX,20161130,0.175,0.175,0.17,0.175,231399
PEX,20161201,0.175,0.18,0.175,0.18,66860
PEX,20161202,0.17,0.17,0.17,0.17,305000
PEX,20161205,0.165,0.165,0.165,0.165,90000
PEX,20161206,0.165,0.165,0.165,0.165,0
PEX,20161207,0.165,0.165,0.165,0.165,30000
PEX,20161208,0.17,0.17,0.17,0.17,1068689
PEX,20161209,0.175,0.18,0.175,0.18,100000
PEX,20161212,0.18,0.18,0.17,0.17,169522
PEX,20161213,0.17,0.17,0.17,0.17,0
PEX,20161214,0.16,0.16,0.16,0.16,35700
PEX,20161215,0.16,0.16,0.16,0.16,0
PEX,20161216,0.16,0.16,0.16,0.16,0
PEX,20161219,0.16,0.165,0.16,0.165,41057
PEX,20161220,0.165,0.165,0.165,0.165,48275
PEX,20161221,0.165,0.17,0.165,0.17,23315
PEX,20161222,0.17,0.17,0.17,0.17,0
PEX,20161223,0.17,0.17,0.17,0.17,0
PEX,20161228,0.17,0.17,0.17,0.17,96247
PEX,20161229,0.17,0.17,0.17,0.17,0
PEX,20161230,0.17,0.17,0.17,0.17,9617
PEX,20170103,0.18,0.18,0.18,0.18,22000
PEX,20170104,0.175,0.175,0.17,0.17,91603
PEX,20170105,0.175,0.18,0.175,0.18,464396
PEX,20170106,0.185,0.185,0.175,0.18,197867
PEX,20170109,0.18,0.18,0.18,0.18,0
PEX,20170110,0.175,0.175,0.17,0.17,111424
PEX,20170111,0.17,0.17,0.155,0.155,38101
PEX,20170112,0.155,0.155,0.155,0.155,34257
PEX,20170113,0.15,0.15,0.145,0.15,135460
PEX,20170116,0.16,0.17,0.16,0.17,189475
PEX,20170117,0.175,0.18,0.175,0.18,340631
PEX,20170118,0.17,0.17,0.17,0.17,164426
PEX,20170119,0.18,0.18,0.18,0.18,40000
PEX,20170120,0.18,0.18,0.17,0.17,95008
PEX,20170123,0.17,0.17,0.17,0.17,221087
PEX,20170124,0.17,0.17,0.17,0.17,242899
PEX,20170125,0.18,0.185,0.18,0.18,330000
PEX,20170127,0.18,0.18,0.175,0.175,86130
PEX,20170130,0.175,0.175,0.175,0.175,6495
PEX,20170131,0.18,0.18,0.17,0.17,25000
PEX,20170201,0.17,0.17,0.17,0.17,100352
PEX,20170202,0.17,0.18,0.17,0.18,139356
PEX,20170203,0.175,0.175,0.17,0.17,40000
PEX,20170206,0.175,0.175,0.175,0.175,2314
PEX,20170207,0.17,0.17,0.17,0.17,207308
PEX,20170208,0.17,0.17,0.17,0.17,50000
PEX,20170209,0.17,0.17,0.17,0.17,0
PEX,20170210,0.165,0.165,0.16,0.16,149424
PEX,20170213,0.16,0.16,0.16,0.16,0
PEX,20170214,0.16,0.16,0.16,0.16,0
PEX,20170215,0.17,0.17,0.165,0.165,38000
PEX,20170216,0.165,0.165,0.165,0.165,99643
PEX,20170217,0.165,0.165,0.165,0.165,432224
PEX,20170220,0.165,0.165,0.165,0.165,10000
PEX,20170221,0.155,0.155,0.155,0.155,1650
PEX,20170222,0.17,0.17,0.17,0.17,20000
PEX,20170223,0.17,0.17,0.17,0.17,12000
PEX,20170224,0.17,0.18,0.17,0.18,725929
PEX,20170227,0.18,0.19,0.18,0.19,539213
PEX,20170228,0.19,0.19,0.18,0.19,745031
PEX,20170301,0.19,0.19,0.19,0.19,82903
PEX,20170302,0.19,0.19,0.19,0.19,0
PEX,20170303,0.19,0.19,0.19,0.19,0
PEX,20170306,0.185,0.185,0.175,0.175,238460
PEX,20170307,0.18,0.18,0.17,0.17,110626
PEX,20170308,0.175,0.175,0.17,0.17,76117
PEX,20170309,0.17,0.17,0.17,0.17,6600
PEX,20170310,0.17,0.17,0.165,0.165,132885
PEX,20170313,0.16,0.16,0.16,0.16,116076
PEX,20170314,0.165,0.185,0.165,0.185,30595
PEX,20170315,0.19,0.195,0.185,0.19,327481
PEX,20170316,0.19,0.19,0.185,0.185,160978
PEX,20170317,0.19,0.19,0.19,0.19,14423
PEX,20170320,0.195,0.22,0.195,0.22,506180
PEX,20170321,0.22,0.225,0.21,0.225,357888
PEX,20170322,0.21,0.21,0.2,0.2,37011
PEX,20170323,0.2,0.2,0.2,0.2,8510
PEX,20170324,0.2,0.2,0.2,0.2,53240
PEX,20170327,0.19,0.19,0.18,0.18,216577
PEX,20170328,0.18,0.195,0.18,0.195,75248
PEX,20170329,0.195,0.195,0.195,0.195,0
PEX,20170330,0.18,0.19,0.18,0.185,42925
PEX,20170331,0.19,0.19,0.19,0.19,90526
PEX,20170403,0.19,0.19,0.19,0.19,0
PEX,20170404,0.235,0.25,0.22,0.22,1075317
PEX,20170405,0.235,0.26,0.23,0.23,810417
PEX,20170406,0.24,0.25,0.24,0.25,122586
PEX,20170407,0.255,0.255,0.24,0.24,187199
PEX,20170410,0.24,0.25,0.24,0.24,50651
PEX,20170411,0.24,0.26,0.24,0.24,291520
PEX,20170412,0.24,0.24,0.23,0.23,103200
PEX,20170413,0.23,0.24,0.23,0.24,16253
PEX,20170418,0.24,0.25,0.24,0.25,106040
PEX,20170419,0.25,0.25,0.23,0.23,43704
PEX,20170420,0.25,0.25,0.225,0.25,201135
PEX,20170421,0.23,0.23,0.23,0.23,25000
PEX,20170424,0.24,0.245,0.24,0.245,35000
PEX,20170426,0.24,0.24,0.235,0.235,87650
PEX,20170427,0.235,0.235,0.235,0.235,0
PEX,20170428,0.245,0.245,0.245,0.245,2350
PEX,20170501,0.23,0.23,0.23,0.23,50217
PEX,20170502,0.23,0.23,0.22,0.22,89783
PEX,20170503,0.22,0.22,0.2,0.2,161112
PEX,20170504,0.19,0.19,0.18,0.18,121932
PEX,20170505,0.185,0.195,0.185,0.195,47036
PEX,20170508,0.2,0.23,0.2,0.23,31414
PEX,20170509,0.22,0.235,0.22,0.235,72409
PEX,20170510,0.225,0.225,0.225,0.225,50000
PEX,20170511,0.21,0.21,0.19,0.195,168501
PEX,20170512,0.2,0.2,0.195,0.195,365582
PEX,20170515,0.19,0.2,0.19,0.2,25226
PEX,20170516,0.205,0.205,0.205,0.205,2500
PEX,20170517,0.2,0.225,0.2,0.2,299078
PEX,20170518,0.2,0.2,0.2,0.2,47823
PEX,20170519,0.21,0.21,0.21,0.21,20000
PEX,20170522,0.215,0.215,0.21,0.21,171317
PEX,20170523,0.21,0.21,0.21,0.21,0
PEX,20170524,0.2,0.205,0.195,0.2,882858
PEX,20170525,0.2,0.2,0.2,0.2,400000
PEX,20170526,0.2,0.2,0.2,0.2,0
PEX,20170529,0.195,0.2,0.195,0.195,399806
PEX,20170530,0.2,0.2,0.2,0.2,3000
PEX,20170531,0.21,0.21,0.195,0.195,21576
PEX,20170601,0.195,0.195,0.195,0.195,135573
PEX,20170602,0.195,0.195,0.195,0.195,0
PEX,20170605,0.19,0.19,0.19,0.19,7400
PEX,20170606,0.19,0.19,0.19,0.19,0
PEX,20170607,0.19,0.19,0.19,0.19,21063
PEX,20170608,0.19,0.19,0.185,0.185,5000
PEX,20170609,0.19,0.2,0.19,0.2,11000
PEX,20170613,0.2,0.21,0.2,0.21,125000
PEX,20170614,0.2,0.2,0.2,0.2,50000
PEX,20170615,0.2,0.2,0.2,0.2,50000
PEX,20170616,0.19,0.19,0.185,0.185,77000
PEX,20170619,0.185,0.185,0.185,0.185,0
PEX,20170620,0.185,0.185,0.185,0.185,149996
PEX,20170621,0.18,0.2,0.18,0.2,76463
PEX,20170622,0.2,0.2,0.2,0.2,0
PEX,20170623,0.18,0.18,0.18,0.18,15000
PEX,20170626,0.19,0.2,0.19,0.2,49500
PEX,20170627,0.2,0.2,0.2,0.2,0
PEX,20170628,0.19,0.19,0.19,0.19,85000
PEX,20170629,0.19,0.19,0.19,0.19,54356
PEX,20170630,0.19,0.19,0.19,0.19,10142
PEX,20170703,0.185,0.19,0.185,0.19,45636
PEX,20170704,0.19,0.19,0.19,0.19,53788
PEX,20170705,0.195,0.2,0.19,0.2,56029
PEX,20170706,0.2,0.2,0.195,0.195,80494
PEX,20170707,0.19,0.19,0.19,0.19,62011
PEX,20170710,0.185,0.185,0.185,0.185,20081
PEX,20170711,0.18,0.185,0.18,0.185,29683
PEX,20170712,0.195,0.195,0.195,0.195,205000
PEX,20170713,0.195,0.195,0.195,0.195,0
PEX,20170714,0.195,0.195,0.195,0.195,100000
PEX,20170717,0.185,0.185,0.18,0.18,354856
PEX,20170718,0.175,0.175,0.17,0.17,341486
PEX,20170719,0.18,0.18,0.18,0.18,50256
PEX,20170720,0.17,0.175,0.17,0.17,454503
PEX,20170721,0.17,0.17,0.17,0.17,246159
PEX,20170724,0.17,0.17,0.17,0.17,0
PEX,20170725,0.165,0.165,0.165,0.165,148
PEX,20170726,0.17,0.17,0.17,0.17,155937
PEX,20170727,0.17,0.17,0.17,0.17,0
PEX,20170728,0.175,0.175,0.17,0.17,328617
PEX,20170731,0.17,0.17,0.17,0.17,28606
PEX,20170801,0.18,0.18,0.18,0.18,30000
PEX,20170802,0.18,0.18,0.18,0.18,0
PEX,20170803,0.18,0.18,0.18,0.18,0
PEX,20170804,0.17,0.17,0.17,0.17,5203
PEX,20170807,0.185,0.2,0.18,0.195,517562
PEX,20170808,0.195,0.195,0.19,0.19,922
PEX,20170809,0.195,0.195,0.195,0.195,2276
PEX,20170810,0.19,0.21,0.19,0.2,294402
PEX,20170811,0.2,0.2,0.2,0.2,11826
PEX,20170815,0.2,0.2,0.2,0.2,150000
PEX,20170816,0.2,0.23,0.2,0.23,44254
PEX,20170817,0.23,0.23,0.23,0.23,0
PEX,20170818,0.225,0.23,0.2,0.23,364346
PEX,20170821,0.22,0.22,0.22,0.22,25000
PEX,20170822,0.22,0.22,0.22,0.22,175000
PEX,20170823,0.23,0.23,0.22,0.22,203045
PEX,20170824,0.225,0.23,0.225,0.23,150606
PEX,20170825,0.23,0.23,0.23,0.23,156500
PEX,20170828,0.235,0.24,0.23,0.24,272719
PEX,20170829,0.24,0.245,0.24,0.245,22528
PEX,20170830,0.24,0.24,0.24,0.24,108240
PEX,20170831,0.23,0.235,0.23,0.235,68127
PEX,20170901,0.23,0.23,0.225,0.225,100694
PEX,20170904,0.225,0.225,0.225,0.225,0
PEX,20170905,0.23,0.23,0.225,0.225,52001
PEX,20170906,0.225,0.225,0.225,0.225,0
PEX,20170907,0.225,0.225,0.22,0.22,26598
PEX,20170908,0.23,0.24,0.23,0.24,204734
PEX,20170911,0.23,0.235,0.23,0.235,60975
PEX,20170912,0.225,0.225,0.225,0.225,17094
PEX,20170913,0.225,0.225,0.22,0.22,52545
PEX,20170914,0.225,0.225,0.225,0.225,62455
PEX,20170915,0.225,0.225,0.225,0.225,0
PEX,20170918,0.225,0.225,0.225,0.225,4793
PEX,20170919,0.225,0.225,0.225,0.225,13111
PEX,20170920,0.225,0.225,0.225,0.225,0
PEX,20170921,0.225,0.225,0.215,0.215,75646
PEX,20170922,0.225,0.23,0.225,0.23,21395
PEX,20170925,0.235,0.235,0.22,0.225,99813
PEX,20170926,0.22,0.235,0.21,0.225,258934
PEX,20170927,0.225,0.225,0.225,0.225,36594
PEX,20170928,0.225,0.235,0.225,0.235,41870
PEX,20170929,0.23,0.235,0.23,0.235,9144
PEX,20171002,0.23,0.23,0.22,0.23,89142
PEX,20171003,0.225,0.225,0.21,0.21,153612
PEX,20171004,0.21,0.21,0.21,0.21,68895
PEX,20171005,0.21,0.22,0.21,0.21,21371
PEX,20171006,0.21,0.21,0.21,0.21,91683
PEX,20171009,0.21,0.21,0.205,0.205,50000
PEX,20171010,0.205,0.22,0.205,0.22,94302
PEX,20171011,0.225,0.225,0.22,0.22,45348
PEX,20171012,0.22,0.22,0.22,0.22,0
PEX,20171013,0.215,0.22,0.215,0.22,7727
PEX,20171016,0.215,0.225,0.215,0.225,26674
PEX,20171017,0.225,0.225,0.225,0.225,0
PEX,20171018,0.225,0.225,0.225,0.225,0
PEX,20171019,0.3,0.38,0.3,0.345,2188625
PEX,20171020,0.335,0.345,0.33,0.335,393138
PEX,20171023,0.33,0.34,0.285,0.33,1222185
PEX,20171024,0.32,0.32,0.31,0.31,430020
PEX,20171025,0.315,0.32,0.305,0.305,246860
PEX,20171026,0.31,0.315,0.3,0.3,164198
PEX,20171027,0.3,0.315,0.29,0.305,115516
PEX,20171030,0.35,0.485,0.35,0.45,1989712
PEX,20171031,0.435,0.45,0.37,0.405,597143
PEX,20171101,0.405,0.43,0.395,0.42,321388
PEX,20171102,0.43,0.48,0.43,0.46,613224
PEX,20171103,0.46,0.46,0.43,0.45,565714
PEX,20171106,0.465,0.465,0.45,0.45,6871
PEX,20171107,0.45,0.45,0.45,0.45,0
PEX,20171108,0.45,0.45,0.45,0.45,0
PEX,20171109,0.44,0.45,0.42,0.43,477862
PEX,20171110,0.44,0.45,0.42,0.43,477862
PEX,20171113,0.52,0.635,0.495,0.54,845515
PEX,20171114,0.54,0.55,0.53,0.55,643541
PEX,20171115,0.52,0.52,0.46,0.485,285106
PEX,20171116,0.46,0.505,0.44,0.485,164833
PEX,20171117,0.49,0.575,0.49,0.575,833840
PEX,20171120,0.575,0.635,0.57,0.58,929934
PEX,20171121,0.565,0.57,0.54,0.54,362079
PEX,20171122,0.565,0.6,0.565,0.6,150529
PEX,20171123,0.59,0.61,0.57,0.595,272057
PEX,20171124,0.615,0.615,0.58,0.58,142012
PEX,20171127,0.6,0.6,0.56,0.595,174774
PEX,20171128,0.58,0.58,0.56,0.56,95720
PEX,20171129,0.55,0.58,0.55,0.58,48734
PEX,20171130,0.585,0.63,0.585,0.6,1138455
PEX,20171201,0.6,0.62,0.58,0.58,1158468
PEX,20171204,0.6,0.6,0.59,0.6,405665
PEX,20171205,0.59,0.6,0.585,0.6,444035
PEX,20171206,0.585,0.615,0.585,0.6,230812
PEX,20171207,0.6,0.675,0.6,0.675,946362
PEX,20171208,0.665,0.665,0.62,0.62,211074
PEX,20171211,0.63,0.63,0.59,0.595,152883
PEX,20171212,0.595,0.595,0.565,0.575,273634
PEX,20171213,0.575,0.575,0.51,0.53,336251
PEX,20171214,0.54,0.6,0.54,0.595,101251
PEX,20171215,0.55,0.595,0.55,0.595,254442
PEX,20171218,0.59,0.6,0.53,0.54,764271
PEX,20171219,0.535,0.54,0.53,0.54,247173
PEX,20171220,0.53,0.565,0.53,0.56,261408
PEX,20171221,0.54,0.545,0.535,0.54,224977
PEX,20171222,0.54,0.545,0.54,0.545,225622
PEX,20171227,0.545,0.545,0.505,0.535,252899
PEX,20171228,0.535,0.535,0.52,0.53,12864
PEX,20171229,0.53,0.53,0.525,0.53,99508
PEX,20180102,0.52,0.565,0.52,0.56,106046
PEX,20180103,0.56,0.56,0.54,0.55,44305
PEX,20180104,0.56,0.565,0.54,0.54,110154
PEX,20180105,0.54,0.56,0.54,0.54,247295
PEX,20180108,0.54,0.58,0.535,0.575,161769
PEX,20180109,0.575,0.58,0.555,0.58,190773
PEX,20180110,0.57,0.58,0.56,0.57,149206
PEX,20180111,0.56,0.56,0.545,0.55,166444
PEX,20180112,0.55,0.57,0.55,0.57,13548
PEX,20180115,0.57,0.57,0.55,0.56,102499
PEX,20180116,0.56,0.565,0.55,0.56,81166
PEX,20180117,0.555,0.56,0.55,0.56,30565
PEX,20180118,0.56,0.595,0.56,0.58,179754
PEX,20180119,0.58,0.58,0.56,0.56,59887
PEX,20180122,0.58,0.58,0.535,0.57,230638
PEX,20180123,0.56,0.645,0.545,0.62,417149
PEX,20180124,0.625,0.67,0.625,0.655,741758
PEX,20180125,0.68,0.78,0.68,0.765,611606
PEX,20180129,0.75,0.86,0.745,0.81,612614
PEX,20180130,0.8,0.83,0.8,0.82,268256
PEX,20180131,0.81,0.81,0.785,0.79,1424803
PEX,20180201,0.795,0.8,0.765,0.77,168550
PEX,20180202,0.75,0.77,0.7,0.745,105921
PEX,20180205,0.67,0.71,0.67,0.695,341567
PEX,20180207,0.69,0.71,0.685,0.685,63748
PEX,20180208,0.68,0.695,0.68,0.69,81772
PEX,20180209,0.65,0.665,0.625,0.65,183463
PEX,20180212,0.65,0.65,0.65,0.65,0
PEX,20180213,0.665,0.69,0.665,0.675,54897
PEX,20180214,0.68,0.685,0.675,0.68,66214
PEX,20180215,0.66,0.69,0.655,0.66,127016
PEX,20180216,0.655,0.675,0.655,0.665,4950
PEX,20180219,0.66,0.675,0.66,0.67,16863
PEX,20180220,0.66,0.66,0.64,0.655,48162
PEX,20180221,0.65,0.66,0.65,0.65,61387
PEX,20180222,0.65,0.7,0.645,0.7,142095
PEX,20180223,0.7,0.74,0.7,0.73,214143
PEX,20180226,0.74,0.74,0.715,0.715,124793
PEX,20180227,0.72,0.725,0.715,0.72,59804
PEX,20180228,0.72,0.735,0.715,0.72,58251
PEX,20180301,0.7,0.705,0.67,0.67,109728
PEX,20180302,0.67,0.69,0.67,0.69,38046
PEX,20180305,0.69,0.71,0.69,0.705,10527
PEX,20180306,0.71,0.74,0.71,0.71,93493
PEX,20180307,0.725,0.77,0.725,0.75,70330
PEX,20180308,0.74,0.74,0.74,0.74,5000
PEX,20180309,0.74,0.74,0.74,0.74,1000
PEX,20180312,0.74,0.76,0.74,0.74,141504
PEX,20180313,0.75,0.75,0.74,0.74,42451
PEX,20180314,0.74,0.74,0.74,0.74,680
PEX,20180315,0.735,0.735,0.68,0.7,196606
PEX,20180316,0.69,0.735,0.69,0.7,85660
PEX,20180319,0.705,0.705,0.61,0.635,142031
PEX,20180320,0.65,0.655,0.635,0.65,137351
PEX,20180321,0.655,0.66,0.64,0.655,46322
PEX,20180322,0.685,0.715,0.665,0.69,486060
PEX,20180323,0.67,0.67,0.65,0.67,240512
PEX,20180326,0.67,0.67,0.64,0.64,40479
PEX,20180327,0.65,0.65,0.65,0.65,152659
PEX,20180328,0.65,0.655,0.65,0.655,70979
PEX,20180329,0.64,0.655,0.63,0.64,305002
PEX,20180403,0.63,0.63,0.58,0.6,157345
PEX,20180404,0.6,0.635,0.555,0.63,344025
PEX,20180405,0.63,0.63,0.6,0.62,161415
PEX,20180406,0.6,0.6,0.585,0.595,105812
PEX,20180409,0.585,0.6,0.565,0.6,44262
PEX,20180410,0.6,0.62,0.565,0.615,87191
PEX,20180411,0.63,0.64,0.62,0.62,100774
PEX,20180412,0.61,0.63,0.6,0.63,44004
PEX,20180413,0.62,0.63,0.62,0.63,3977
PEX,20180416,0.615,0.615,0.58,0.585,84649
PEX,20180417,0.615,0.65,0.605,0.64,207535
PEX,20180418,0.64,0.645,0.605,0.63,118383
PEX,20180419,0.64,0.64,0.615,0.64,119584
PEX,20180420,0.6,0.615,0.6,0.615,68175
PEX,20180423,0.61,0.63,0.61,0.63,14266
PEX,20180424,0.615,0.615,0.59,0.59,160160
PEX,20180426,0.595,0.6,0.585,0.59,137400
PEX,20180427,0.6,0.61,0.6,0.61,157438
PEX,20180430,0.61,0.61,0.61,0.61,850
PEX,20180501,0.6,0.6,0.59,0.6,141924
PEX,20180502,0.595,0.625,0.595,0.625,44083
PEX,20180503,0.6,0.6,0.585,0.585,77935
PEX,20180504,0.595,0.595,0.585,0.585,172239
PEX,20180507,0.6,0.62,0.6,0.605,65033
PEX,20180508,0.615,0.635,0.615,0.62,139043
PEX,20180509,0.62,0.62,0.62,0.62,19605
PEX,20180510,0.61,0.61,0.6,0.6,47998
PEX,20180511,0.61,0.63,0.595,0.6,40892
PEX,20180514,0.61,0.66,0.61,0.655,258273
PEX,20180515,0.66,0.675,0.65,0.67,231280
PEX,20180516,0.68,0.71,0.68,0.68,96911
PEX,20180517,0.685,0.685,0.68,0.68,31586
PEX,20180518,0.7,0.7,0.69,0.695,62025
PEX,20180521,0.695,0.7,0.695,0.7,46410
PEX,20180522,0.7,0.7,0.68,0.68,44031
PEX,20180523,0.67,0.675,0.655,0.655,28780
PEX,20180524,0.65,0.65,0.635,0.635,196158
PEX,20180525,0.65,0.65,0.605,0.635,273089
PEX,20180528,0.625,0.625,0.625,0.625,20000
PEX,20180529,0.615,0.615,0.61,0.61,82383
PEX,20180530,0.605,0.605,0.585,0.585,168340
PEX,20180531,0.6,0.61,0.6,0.61,50974
PEX,20180601,0.615,0.62,0.61,0.61,162874
PEX,20180604,0.62,0.62,0.62,0.62,23019
PEX,20180605,0.62,0.62,0.6,0.6,81059
PEX,20180606,0.625,0.625,0.59,0.6,187817
PEX,20180607,0.61,0.62,0.605,0.61,114277
PEX,20180608,0.615,0.615,0.61,0.61,122547
PEX,20180612,0.605,0.605,0.6,0.6,34000
PEX,20180613,0.59,0.59,0.58,0.58,248511
PEX,20180614,0.58,0.58,0.58,0.58,10000
PEX,20180615,0.58,0.58,0.54,0.55,226705
PEX,20180618,0.56,0.56,0.54,0.54,79674
PEX,20180619,0.55,0.55,0.53,0.53,97388
PEX,20180620,0.53,0.53,0.5,0.5,118760
PEX,20180621,0.515,0.525,0.515,0.515,54292
PEX,20180622,0.545,0.55,0.53,0.53,72929
PEX,20180625,0.525,0.525,0.505,0.51,112948
PEX,20180626,0.51,0.51,0.505,0.505,53478
PEX,20180627,0.5,0.51,0.48,0.48,268467
PEX,20180628,0.485,0.515,0.485,0.515,28787
PEX,20180629,0.5,0.5,0.475,0.475,108114
PEX,20180702,0.485,0.5,0.48,0.48,56964
PEX,20180703,0.49,0.49,0.47,0.47,40535
PEX,20180704,0.47,0.47,0.44,0.44,230672
PEX,20180705,0.43,0.435,0.42,0.43,165789
PEX,20180706,0.43,0.44,0.43,0.43,147099
PEX,20180710,0.45,0.45,0.435,0.435,11991
PEX,20180711,0.45,0.455,0.44,0.455,212689
PEX,20180712,0.45,0.45,0.45,0.45,1592
PEX,20180713,0.45,0.465,0.45,0.465,15000
PEX,20180716,0.465,0.47,0.465,0.465,50840
PEX,20180717,0.47,0.47,0.455,0.46,25702
PEX,20180718,0.46,0.46,0.46,0.46,0
PEX,20180719,0.46,0.46,0.46,0.46,3630
PEX,20180720,0.47,0.52,0.47,0.51,186898
PEX,20180723,0.52,0.545,0.52,0.525,72911
PEX,20180724,0.525,0.55,0.52,0.525,116788
PEX,20180725,0.54,0.57,0.53,0.55,39250
PEX,20180726,0.55,0.55,0.55,0.55,1800
PEX,20180727,0.525,0.525,0.505,0.51,16711
PEX,20180730,0.51,0.51,0.49,0.49,65971
PEX,20180731,0.47,0.48,0.47,0.48,4300
PEX,20180801,0.475,0.475,0.46,0.46,33972
PEX,20180802,0.46,0.46,0.46,0.46,0
PEX,20180803,0.46,0.46,0.45,0.45,24058
PEX,20180806,0.445,0.445,0.445,0.445,1800
PEX,20180807,0.45,0.45,0.45,0.45,11100
PEX,20180808,0.445,0.445,0.44,0.44,12074
PEX,20180809,0.44,0.455,0.435,0.445,177207
PEX,20180810,0.445,0.445,0.435,0.435,123365
PEX,20180813,0.435,0.435,0.435,0.435,0
PEX,20180814,0.445,0.47,0.445,0.465,38549
PEX,20180816,0.45,0.45,0.42,0.42,44271
PEX,20180817,0.425,0.43,0.405,0.425,16465
PEX,20180820,0.435,0.435,0.435,0.435,1487
PEX,20180821,0.45,0.45,0.445,0.45,8926
PEX,20180822,0.45,0.45,0.45,0.45,10053
PEX,20180823,0.45,0.45,0.41,0.42,180148
PEX,20180824,0.43,0.43,0.4,0.4,39439
PEX,20180827,0.4,0.4,0.4,0.4,70346
PEX,20180828,0.41,0.41,0.41,0.41,27500
PEX,20180829,0.4,0.4,0.395,0.4,175219
PEX,20180830,0.41,0.41,0.41,0.41,19430
PEX,20180831,0.41,0.41,0.41,0.41,0
PEX,20180903,0.405,0.405,0.4,0.4,243075
PEX,20180904,0.4,0.41,0.4,0.41,34500
PEX,20180905,0.41,0.41,0.41,0.41,0
PEX,20180906,0.41,0.41,0.41,0.41,0
PEX,20180907,0.42,0.425,0.375,0.41,204424
PEX,20180910,0.405,0.43,0.405,0.41,110539
PEX,20180913,0.4,0.4,0.4,0.4,0
PEX,20180914,0.38,0.38,0.38,0.38,74931
PEX,20180917,0.38,0.38,0.38,0.38,52893
PEX,20180918,0.38,0.39,0.38,0.38,36150
PEX,20180919,0.38,0.38,0.38,0.38,11389
PEX,20180920,0.38,0.38,0.38,0.38,1500
PEX,20180921,0.38,0.385,0.38,0.38,205765
PEX,20180924,0.385,0.39,0.38,0.38,95397
PEX,20180925,0.38,0.4,0.38,0.39,175287
PEX,20180926,0.4,0.4,0.385,0.4,544681
PEX,20180927,0.385,0.385,0.375,0.38,231151
PEX,20180928,0.375,0.395,0.37,0.39,202668
PEX,20181001,0.38,0.39,0.38,0.385,89368
PEX,20181002,0.385,0.4,0.38,0.38,279525
PEX,20181003,0.385,0.385,0.375,0.375,300504
PEX,20181004,0.375,0.38,0.375,0.38,126907
PEX,20181005,0.38,0.385,0.375,0.375,54174
PEX,20181008,0.38,0.38,0.37,0.37,105944
PEX,20181009,0.37,0.38,0.35,0.365,482437
PEX,20181010,0.36,0.36,0.355,0.355,90330
PEX,20181011,0.355,0.365,0.355,0.365,117573
PEX,20181012,0.36,0.36,0.35,0.35,332992
PEX,20181015,0.355,0.355,0.355,0.355,99
PEX,20181016,0.35,0.35,0.33,0.33,463922
PEX,20181017,0.34,0.34,0.33,0.33,47054
PEX,20181018,0.34,0.36,0.34,0.36,86336
PEX,20181019,0.35,0.35,0.33,0.34,544628
PEX,20181022,0.355,0.355,0.32,0.32,140796
PEX,20181023,0.34,0.34,0.325,0.325,260000
PEX,20181024,0.33,0.33,0.315,0.32,302167
PEX,20181025,0.325,0.33,0.3,0.31,681737
PEX,20181026,0.315,0.325,0.315,0.32,107959
PEX,20181030,0.315,0.325,0.315,0.315,48228
PEX,20181031,0.315,0.315,0.31,0.31,121458
PEX,20181101,0.3,0.315,0.3,0.31,181763
PEX,20181102,0.34,0.34,0.315,0.33,326238
PEX,20181105,0.33,0.335,0.325,0.33,130732
PEX,20181106,0.34,0.34,0.34,0.34,33763
PEX,20181107,0.34,0.34,0.325,0.325,88025
PEX,20181108,0.325,0.33,0.325,0.33,135154
PEX,20181109,0.335,0.335,0.33,0.33,203536
PEX,20181112,0.33,0.33,0.325,0.325,185465
PEX,20181113,0.33,0.33,0.315,0.315,241368
PEX,20181114,0.32,0.32,0.305,0.31,911588
PEX,20181115,0.42,0.45,0.38,0.435,2125195
PEX,20181116,0.43,0.44,0.42,0.43,689755
PEX,20181119,0.44,0.45,0.43,0.43,365404
PEX,20181120,0.425,0.44,0.425,0.44,283493
PEX,20181121,0.435,0.44,0.42,0.425,179544
PEX,20181122,0.43,0.5,0.43,0.495,799227
PEX,20181123,0.485,0.51,0.48,0.495,691105
PEX,20181126,0.54,0.54,0.49,0.505,758594
PEX,20181127,0.53,0.58,0.53,0.575,692177
PEX,20181128,0.58,0.6,0.55,0.55,955628
PEX,20181129,0.565,0.565,0.55,0.55,302471
PEX,20181130,0.55,0.56,0.53,0.555,93739
PEX,20181203,0.55,0.56,0.54,0.55,349172
PEX,20181204,0.55,0.56,0.545,0.55,426674
PEX,20181205,0.535,0.54,0.515,0.52,135120
PEX,20181206,0.535,0.535,0.47,0.475,271131
PEX,20181207,0.52,0.52,0.485,0.485,169068
PEX,20181210,0.51,0.51,0.485,0.49,148852
PEX,20181211,0.49,0.495,0.48,0.485,143591
PEX,20181212,0.485,0.485,0.45,0.465,234857
PEX,20181213,0.465,0.465,0.455,0.46,164160
PEX,20181214,0.46,0.475,0.46,0.475,119073
PEX,20181217,0.475,0.475,0.475,0.475,41100
PEX,20181218,0.475,0.475,0.465,0.47,179902
PEX,20181219,0.465,0.52,0.46,0.49,269459
PEX,20181220,0.49,0.49,0.46,0.46,95036
PEX,20181221,0.465,0.49,0.465,0.475,112944
PEX,20181224,0.465,0.465,0.46,0.46,23826
PEX,20181227,0.465,0.48,0.465,0.48,27765
PEX,20181228,0.48,0.48,0.48,0.48,0
PEX,20181231,0.46,0.48,0.46,0.47,60435
PEX,20190102,0.455,0.455,0.455,0.455,54532
PEX,20190103,0.445,0.445,0.435,0.435,90461
PEX,20190104,0.44,0.44,0.4,0.42,259906
PEX,20190107,0.43,0.43,0.405,0.41,275900
PEX,20190108,0.41,0.41,0.4,0.41,185689
PEX,20190109,0.42,0.435,0.42,0.425,112220
PEX,20190110,0.42,0.435,0.42,0.43,96258
PEX,20190111,0.43,0.44,0.42,0.44,171133
PEX,20190114,0.44,0.44,0.42,0.42,15500
PEX,20190115,0.42,0.42,0.41,0.415,64889
PEX,20190116,0.42,0.42,0.42,0.42,33914
PEX,20190117,0.42,0.42,0.415,0.415,32248
PEX,20190118,0.42,0.435,0.42,0.42,34620
PEX,20190121,0.43,0.43,0.415,0.415,12330
PEX,20190122,0.43,0.45,0.42,0.445,195946
PEX,20190123,0.44,0.445,0.415,0.425,158970
PEX,20190124,0.47,0.47,0.455,0.455,14498
PEX,20190125,0.45,0.48,0.45,0.48,64624
PEX,20190129,0.5,0.5,0.46,0.48,90941
PEX,20190130,0.48,0.48,0.48,0.48,0
PEX,20190131,0.48,0.5,0.48,0.48,276675
PEX,20190201,0.48,0.485,0.48,0.48,95437
PEX,20190204,0.48,0.48,0.47,0.47,13842
PEX,20190205,0.47,0.47,0.47,0.47,2656
PEX,20190206,0.465,0.485,0.465,0.47,173550
PEX,20190207,0.47,0.47,0.47,0.47,63852
PEX,20190208,0.47,0.47,0.47,0.47,29000
PEX,20190211,0.465,0.465,0.46,0.46,37539
PEX,20190212,0.455,0.455,0.435,0.435,107979
PEX,20190213,0.44,0.44,0.43,0.44,72114
PEX,20190214,0.44,0.44,0.44,0.44,1402
PEX,20190215,0.44,0.44,0.425,0.425,99651
PEX,20190218,0.43,0.435,0.42,0.435,365099
PEX,20190219,0.44,0.44,0.435,0.44,35588
PEX,20190220,0.44,0.445,0.44,0.44,69863
PEX,20190221,0.45,0.45,0.45,0.45,10317
PEX,20190222,0.45,0.45,0.435,0.435,158044
PEX,20190225,0.435,0.435,0.435,0.435,2808
PEX,20190226,0.435,0.435,0.435,0.435,2310
PEX,20190227,0.44,0.465,0.437,0.46,392740
PEX,20190228,0.46,0.495,0.46,0.485,290383
PEX,20190301,0.49,0.525,0.485,0.5,240104
PEX,20190304,0.5,0.5,0.485,0.485,49059
PEX,20190305,0.49,0.49,0.49,0.49,1255
PEX,20190306,0.495,0.495,0.455,0.48,211113
PEX,20190307,0.47,0.49,0.47,0.48,175934
PEX,20190308,0.465,0.475,0.445,0.445,605542
PEX,20190311,0.435,0.455,0.435,0.45,109078
PEX,20190312,0.46,0.46,0.45,0.46,33053
PEX,20190313,0.46,0.465,0.455,0.46,109879
PEX,20190314,0.455,0.47,0.455,0.46,202925
PEX,20190315,0.455,0.46,0.45,0.46,61568
PEX,20190318,0.457,0.46,0.45,0.46,408748
PEX,20190319,0.45,0.47,0.45,0.45,456780
PEX,20190320,0.45,0.455,0.45,0.45,543204
PEX,20190321,0.445,0.45,0.44,0.45,235061
PEX,20190322,0.45,0.455,0.44,0.45,60247
PEX,20190325,0.455,0.455,0.42,0.425,317245
PEX,20190326,0.43,0.435,0.42,0.435,101022
PEX,20190327,0.42,0.435,0.42,0.435,41855
PEX,20190328,0.455,0.46,0.442,0.45,476542
PEX,20190329,0.455,0.455,0.435,0.45,133777
PEX,20190401,0.45,0.465,0.445,0.46,141669
PEX,20190402,0.455,0.46,0.445,0.45,117597
PEX,20190403,0.44,0.45,0.44,0.44,45371
PEX,20190404,0.44,0.45,0.435,0.44,58598
PEX,20190405,0.44,0.445,0.435,0.435,16595
PEX,20190408,0.445,0.445,0.43,0.44,105793
PEX,20190409,0.43,0.435,0.43,0.435,52662
PEX,20190410,0.435,0.44,0.43,0.44,96204
PEX,20190411,0.43,0.44,0.43,0.43,47187
PEX,20190412,0.43,0.435,0.425,0.425,25636
PEX,20190415,0.43,0.43,0.415,0.415,22325
PEX,20190416,0.425,0.44,0.425,0.435,137190
PEX,20190417,0.44,0.44,0.415,0.415,338144
PEX,20190418,0.43,0.43,0.41,0.41,113042
PEX,20190423,0.425,0.425,0.4,0.41,117120
PEX,20190424,0.415,0.415,0.4,0.405,47030
PEX,20190426,0.41,0.41,0.405,0.405,22873
PEX,20190429,0.405,0.405,0.36,0.39,596545
PEX,20190430,0.395,0.395,0.375,0.375,251625
PEX,20190501,0.375,0.385,0.375,0.385,29608
PEX,20190502,0.38,0.38,0.375,0.375,247473
PEX,20190503,0.375,0.39,0.375,0.385,106509
PEX,20190506,0.39,0.39,0.385,0.385,43245
PEX,20190507,0.385,0.4,0.385,0.395,46465
PEX,20190508,0.39,0.39,0.375,0.39,42337
PEX,20190509,0.385,0.385,0.38,0.38,65585
PEX,20190510,0.385,0.385,0.385,0.385,11074
PEX,20190513,0.387,0.39,0.385,0.387,24974
PEX,20190514,0.38,0.43,0.375,0.375,189175
PEX,20190515,0.38,0.38,0.37,0.37,124142
PEX,20190516,0.37,0.37,0.36,0.37,157740
PEX,20190517,0.365,0.37,0.365,0.37,114705
PEX,20190520,0.365,0.385,0.365,0.375,66361
PEX,20190521,0.365,0.375,0.365,0.37,5510
PEX,20190522,0.37,0.37,0.365,0.365,38085
PEX,20190523,0.365,0.365,0.36,0.365,59604
PEX,20190524,0.37,0.37,0.365,0.37,63009
PEX,20190527,0.36,0.36,0.36,0.36,78196
PEX,20190528,0.36,0.365,0.35,0.35,158846
PEX,20190529,0.37,0.37,0.34,0.355,327039
PEX,20190530,0.36,0.36,0.35,0.35,32667
PEX,20190531,0.35,0.35,0.35,0.35,30000
PEX,20190603,0.35,0.35,0.34,0.35,67540
PEX,20190604,0.35,0.35,0.35,0.35,0
PEX,20190605,0.35,0.35,0.35,0.35,0
PEX,20190606,0.35,0.35,0.31,0.34,184390
PEX,20190607,0.335,0.34,0.33,0.34,352969
PEX,20190611,0.345,0.345,0.31,0.31,347738
PEX,20190612,0.31,0.31,0.3,0.3,247329
PEX,20190613,0.305,0.32,0.305,0.305,163763
PEX,20190614,0.305,0.322,0.3,0.305,372117
PEX,20190617,0.31,0.32,0.305,0.305,166263
PEX,20190618,0.305,0.31,0.305,0.31,170612
PEX,20190619,0.315,0.325,0.31,0.32,169837
PEX,20190620,0.33,0.34,0.32,0.335,86170
PEX,20190621,0.335,0.35,0.32,0.335,382217
PEX,20190624,0.335,0.345,0.325,0.325,427938
PEX,20190625,0.345,0.345,0.33,0.34,132970
PEX,20190626,0.34,0.34,0.315,0.315,187927
PEX,20190627,0.31,0.32,0.31,0.32,83013
PEX,20190628,0.32,0.33,0.31,0.32,87487
PEX,20190701,0.325,0.325,0.32,0.32,49514
PEX,20190702,0.32,0.32,0.32,0.32,6120
PEX,20190703,0.325,0.325,0.3,0.305,201681
PEX,20190704,0.31,0.32,0.305,0.32,90114
PEX,20190705,0.32,0.335,0.32,0.335,139161
PEX,20190708,0.35,0.35,0.33,0.34,160726
PEX,20190709,0.345,0.345,0.32,0.335,36611
PEX,20190710,0.32,0.33,0.315,0.315,79352
PEX,20190711,0.315,0.315,0.315,0.315,0
PEX,20190712,0.315,0.32,0.3,0.305,320725
PEX,20190715,0.305,0.315,0.295,0.315,284720
PEX,20190716,0.3,0.315,0.3,0.315,7984
PEX,20190717,0.3,0.31,0.3,0.3,97922
PEX,20190718,0.3,0.32,0.295,0.315,172772
PEX,20190719,0.32,0.32,0.305,0.31,144483
PEX,20190722,0.31,0.32,0.305,0.305,239010
PEX,20190723,0.305,0.32,0.305,0.315,145291
PEX,20190724,0.31,0.32,0.3,0.32,115962
PEX,20190725,0.31,0.32,0.3,0.305,304343
PEX,20190726,0.3,0.315,0.3,0.315,91949
PEX,20190729,0.3,0.31,0.3,0.31,24088
PEX,20190730,0.305,0.31,0.305,0.31,10500
PEX,20190731,0.31,0.31,0.3,0.31,24190
PEX,20190801,0.31,0.31,0.28,0.285,67829
PEX,20190802,0.28,0.28,0.26,0.28,499236
PEX,20190805,0.275,0.28,0.255,0.255,167180
PEX,20190806,0.26,0.26,0.245,0.255,237719
PEX,20190807,0.26,0.26,0.245,0.255,74764
PEX,20190808,0.255,0.26,0.24,0.26,141452
PEX,20190809,0.265,0.265,0.255,0.265,160876
PEX,20190812,0.27,0.27,0.27,0.27,7702
PEX,20190813,0.27,0.27,0.26,0.27,63195
PEX,20190814,0.265,0.27,0.26,0.265,108622
PEX,20190815,0.245,0.25,0.24,0.245,314561
PEX,20190816,0.24,0.24,0.23,0.24,75393
PEX,20190819,0.24,0.275,0.24,0.275,430442
PEX,20190820,0.275,0.28,0.275,0.28,111254
PEX,20190821,0.28,0.28,0.26,0.28,15126
PEX,20190822,0.28,0.295,0.28,0.28,621240
PEX,20190823,0.28,0.28,0.28,0.28,0
PEX,20190826,0.28,0.28,0.28,0.28,22600
PEX,20190827,0.27,0.28,0.27,0.28,2163
PEX,20190828,0.27,0.285,0.27,0.285,123960
PEX,20190829,0.285,0.3,0.285,0.295,37595
PEX,20190830,0.295,0.32,0.29,0.32,125234
PEX,20190902,0.31,0.31,0.31,0.31,20000
PEX,20190903,0.315,0.315,0.315,0.315,7000
PEX,20190904,0.29,0.29,0.29,0.29,9834
PEX,20190905,0.3,0.3,0.27,0.29,38947
PEX,20190906,0.29,0.29,0.29,0.29,0
PEX,20190909,0.28,0.285,0.28,0.285,2819
PEX,20190910,0.28,0.29,0.28,0.28,73874
PEX,20190911,0.28,0.28,0.27,0.28,64851
PEX,20190912,0.28,0.29,0.28,0.29,76306
PEX,20190913,0.28,0.28,0.28,0.28,62743
PEX,20190916,0.27,0.28,0.265,0.27,40041
PEX,20190917,0.285,0.29,0.275,0.275,62017
PEX,20190918,0.275,0.275,0.275,0.275,0
PEX,20190919,0.29,0.295,0.28,0.28,78961
PEX,20190920,0.26,0.28,0.26,0.28,47612
PEX,20190923,0.3,0.3,0.295,0.295,8333
PEX,20190924,0.3,0.3,0.295,0.3,30807
PEX,20190925,0.3,0.3,0.3,0.3,0
PEX,20190926,0.28,0.285,0.27,0.285,6515
PEX,20190927,0.28,0.29,0.275,0.29,38600
PEX,20190930,0.29,0.29,0.29,0.29,0
PEX,20191001,0.29,0.29,0.29,0.29,0
PEX,20191002,0.29,0.29,0.29,0.29,0
PEX,20191003,0.29,0.29,0.29,0.29,0
PEX,20191004,0.29,0.29,0.29,0.29,5000
PEX,20191007,0.27,0.27,0.27,0.27,10000
PEX,20191008,0.27,0.29,0.27,0.29,78443
PEX,20191009,0.27,0.28,0.265,0.28,28196
PEX,20191010,0.285,0.285,0.285,0.285,2455
PEX,20191011,0.285,0.29,0.275,0.285,41287
PEX,20191014,0.29,0.305,0.285,0.295,469688
PEX,20191015,0.295,0.295,0.29,0.295,1039945
PEX,20191016,0.295,0.3,0.295,0.3,20000
PEX,20191017,0.29,0.295,0.29,0.295,8811
PEX,20191018,0.29,0.29,0.29,0.29,20000
PEX,20191021,0.3,0.32,0.28,0.285,313185
PEX,20191022,0.29,0.29,0.275,0.28,42861
PEX,20191023,0.29,0.29,0.28,0.28,103697
PEX,20191024,0.28,0.28,0.28,0.28,0
PEX,20191025,0.28,0.285,0.28,0.285,7500
PEX,20191028,0.285,0.285,0.285,0.285,75777
PEX,20191029,0.29,0.315,0.29,0.3,301775
PEX,20191030,0.3,0.3,0.295,0.3,328102
PEX,20191031,0.295,0.295,0.28,0.29,1048299
PEX,20191101,0.275,0.29,0.275,0.29,86719
PEX,20191104,0.285,0.29,0.28,0.29,309843
PEX,20191105,0.27,0.285,0.27,0.275,78190
PEX,20191106,0.275,0.28,0.27,0.27,40175
PEX,20191107,0.275,0.29,0.275,0.29,136202
PEX,20191108,0.28,0.29,0.28,0.29,170470
PEX,20191111,0.29,0.29,0.28,0.29,32127
PEX,20191112,0.29,0.29,0.265,0.265,227349
PEX,20191113,0.275,0.275,0.265,0.275,55000
PEX,20191114,0.28,0.28,0.26,0.26,293855
PEX,20191115,0.26,0.26,0.255,0.255,64395
PEX,20191118,0.26,0.26,0.245,0.255,235115
PEX,20191119,0.26,0.265,0.255,0.265,31863
PEX,20191120,0.27,0.27,0.265,0.27,68208
PEX,20191121,0.27,0.27,0.27,0.27,0
PEX,20191122,0.28,0.28,0.26,0.27,32269
PEX,20191125,0.265,0.27,0.265,0.265,47099
PEX,20191126,0.27,0.27,0.27,0.27,2111
PEX,20191127,0.265,0.27,0.265,0.27,95684
PEX,20191128,0.27,0.28,0.27,0.27,96689
PEX,20191129,0.28,0.28,0.28,0.28,1500
PEX,20191202,0.28,0.28,0.26,0.28,57240
PEX,20191203,0.26,0.27,0.26,0.27,57467
PEX,20191204,0.26,0.26,0.25,0.26,171109
PEX,20191205,0.245,0.26,0.245,0.26,269451
PEX,20191206,0.26,0.26,0.255,0.255,18731
PEX,20191209,0.25,0.25,0.24,0.24,109065
PEX,20191210,0.24,0.245,0.235,0.245,297930
PEX,20191211,0.25,0.255,0.25,0.255,25500
PEX,20191212,0.255,0.255,0.255,0.255,0
PEX,20191213,0.245,0.245,0.245,0.245,29999
PEX,20191216,0.25,0.25,0.215,0.235,192452
PEX,20191217,0.235,0.24,0.23,0.24,10044
PEX,20191218,0.235,0.245,0.23,0.235,55461
PEX,20191219,0.235,0.25,0.235,0.245,55421
PEX,20191220,0.25,0.25,0.22,0.22,437209
PEX,20191223,0.22,0.24,0.22,0.24,19376
PEX,20191224,0.23,0.24,0.23,0.24,7103
PEX,20191227,0.24,0.25,0.225,0.23,651102
PEX,20191230,0.24,0.24,0.23,0.23,298324
PEX,20191231,0.23,0.23,0.23,0.23,200000
PEX,20200102,0.24,0.24,0.24,0.24,50000
PEX,20200103,0.24,0.24,0.24,0.24,249200
PEX,20200106,0.24,0.24,0.225,0.23,409300
PEX,20200107,0.215,0.23,0.215,0.23,73652
PEX,20200108,0.215,0.23,0.215,0.23,228478
PEX,20200109,0.24,0.245,0.23,0.24,152149
PEX,20200113,0.23,0.24,0.23,0.24,99176
PEX,20200114,0.24,0.245,0.23,0.245,190264
PEX,20200115,0.235,0.245,0.235,0.245,147288
PEX,20200116,0.245,0.245,0.245,0.245,0
PEX,20200117,0.24,0.24,0.23,0.24,109647
PEX,20200120,0.24,0.24,0.24,0.24,0
PEX,20200121,0.235,0.24,0.235,0.24,73072
PEX,20200122,0.23,0.23,0.225,0.23,125745
PEX,20200123,0.23,0.24,0.23,0.235,178580
PEX,20200124,0.24,0.24,0.235,0.24,111435
PEX,20200128,0.23,0.235,0.225,0.23,101880
PEX,20200129,0.23,0.23,0.225,0.225,116795
PEX,20200130,0.225,0.23,0.225,0.23,99193
PEX,20200203,0.235,0.24,0.23,0.23,121428
PEX,20200204,0.23,0.24,0.23,0.24,61448
PEX,20200205,0.225,0.23,0.225,0.23,46211
PEX,20200210,0.22,0.225,0.22,0.225,136578
PEX,20200211,0.22,0.225,0.22,0.225,58557
PEX,20200212,0.22,0.225,0.22,0.225,72491
PEX,20200213,0.22,0.225,0.22,0.22,103125
PEX,20200214,0.22,0.225,0.215,0.22,145134
PEX,20200217,0.22,0.22,0.2,0.21,786145
PEX,20200218,0.225,0.225,0.22,0.22,66299
PEX,20200219,0.21,0.22,0.2,0.21,435720
PEX,20200220,0.22,0.22,0.21,0.21,165284
PEX,20200221,0.215,0.235,0.215,0.235,287419
PEX,20200224,0.22,0.22,0.185,0.205,1045431
PEX,20200225,0.2,0.205,0.185,0.2,209269
PEX,20200226,0.185,0.2,0.185,0.2,61256
PEX,20200227,0.19,0.2,0.19,0.2,12588
PEX,20200228,0.19,0.195,0.18,0.195,193278
PEX,20200302,0.18,0.18,0.165,0.18,150176
PEX,20200303,0.18,0.18,0.167,0.175,262824
PEX,20200304,0.165,0.165,0.15,0.15,376680
PEX,20200305,0.165,0.165,0.15,0.15,296547
PEX,20200306,0.145,0.145,0.13,0.14,159586
PEX,20200309,0.14,0.14,0.11,0.11,698189
PEX,20200310,0.115,0.135,0.11,0.125,574248
PEX,20200311,0.13,0.13,0.125,0.13,243381
PEX,20200312,0.13,0.13,0.125,0.125,124711
PEX,20200313,0.125,0.13,0.125,0.13,336003
PEX,20200316,0.125,0.13,0.12,0.125,172178
PEX,20200317,0.125,0.125,0.105,0.125,307391
PEX,20200318,0.125,0.125,0.11,0.115,540667
PEX,20200319,0.115,0.12,0.107,0.115,530310
PEX,20200320,0.105,0.125,0.105,0.12,1492353
PEX,20200323,0.105,0.11,0.105,0.11,59167
PEX,20200324,0.105,0.11,0.1,0.11,935888
PEX,20200325,0.11,0.11,0.11,0.11,0
PEX,20200326,0.11,0.115,0.11,0.115,147215
PEX,20200327,0.115,0.115,0.11,0.115,44361
PEX,20200330,0.115,0.115,0.115,0.115,24000
PEX,20200331,0.11,0.115,0.105,0.115,188300
PEX,20200401,0.115,0.115,0.115,0.115,0
PEX,20200402,0.115,0.115,0.115,0.115,124900
PEX,20200403,0.115,0.135,0.115,0.12,170398
PEX,20200406,0.12,0.12,0.12,0.12,33093
PEX,20200407,0.125,0.14,0.125,0.13,128344
PEX,20200408,0.13,0.135,0.12,0.125,128602
PEX,20200409,0.125,0.125,0.125,0.125,0
PEX,20200414,0.125,0.13,0.125,0.13,19906
PEX,20200415,0.14,0.14,0.12,0.14,89080
PEX,20200416,0.14,0.145,0.14,0.145,19600
PEX,20200417,0.135,0.145,0.135,0.14,81000
PEX,20200420,0.14,0.145,0.14,0.145,22162
PEX,20200421,0.145,0.16,0.14,0.14,96199
PEX,20200422,0.145,0.145,0.145,0.145,3000
PEX,20200423,0.145,0.145,0.145,0.145,0
PEX,20200424,0.14,0.15,0.135,0.15,107335
PEX,20200427,0.15,0.15,0.15,0.15,0
PEX,20200428,0.15,0.15,0.15,0.15,0
PEX,20200429,0.15,0.15,0.15,0.15,20000
PEX,20200430,0.145,0.15,0.14,0.15,43744
PEX,20200501,0.14,0.14,0.13,0.135,110111
PEX,20200504,0.14,0.14,0.14,0.14,3500
PEX,20200505,0.13,0.135,0.13,0.135,11000
PEX,20200506,0.13,0.135,0.125,0.135,44000
PEX,20200507,0.14,0.14,0.14,0.14,3211
PEX,20200508,0.135,0.14,0.135,0.14,6600
PEX,20200511,0.14,0.14,0.127,0.13,198667
PEX,20200512,0.125,0.13,0.125,0.13,84658
PEX,20200513,0.13,0.13,0.125,0.13,147650
PEX,20200514,0.13,0.13,0.13,0.13,0
PEX,20200515,0.14,0.14,0.13,0.135,49537
PEX,20200518,0.13,0.13,0.125,0.13,60310
PEX,20200519,0.13,0.13,0.13,0.13,0
PEX,20200520,0.13,0.13,0.13,0.13,7870
PEX,20200521,0.13,0.13,0.125,0.13,28000
PEX,20200522,0.14,0.14,0.13,0.135,29275
PEX,20200525,0.125,0.125,0.125,0.125,10000
PEX,20200526,0.125,0.16,0.125,0.145,338484
PEX,20200527,0.15,0.15,0.145,0.145,159050
PEX,20200528,0.14,0.145,0.14,0.145,92206
PEX,20200529,0.145,0.17,0.145,0.15,1570073
PEX,20200601,0.165,0.165,0.145,0.155,509090
PEX,20200602,0.155,0.16,0.155,0.16,483745
PEX,20200603,0.155,0.16,0.155,0.16,325000
PEX,20200604,0.16,0.17,0.16,0.17,93958
PEX,20200605,0.175,0.175,0.172,0.175,402232
PEX,20200609,0.175,0.175,0.165,0.17,190350
PEX,20200610,0.17,0.18,0.16,0.165,484954
PEX,20200611,0.165,0.17,0.165,0.165,410926
PEX,20200612,0.16,0.16,0.15,0.16,11936
PEX,20200615,0.155,0.16,0.155,0.16,50273
PEX,20200616,0.16,0.16,0.16,0.16,18734
PEX,20200617,0.155,0.16,0.145,0.16,119901
PEX,20200618,0.15,0.16,0.15,0.16,55699
PEX,20200619,0.16,0.165,0.16,0.165,93750
PEX,20200622,0.17,0.17,0.17,0.17,162508
PEX,20200623,0.17,0.17,0.16,0.17,193106
PEX,20200624,0.165,0.17,0.165,0.17,279736
PEX,20200625,0.16,0.17,0.16,0.16,91038
PEX,20200626,0.16,0.16,0.155,0.155,212958
PEX,20200629,0.15,0.16,0.15,0.16,279842
PEX,20200630,0.16,0.175,0.16,0.17,205431
PEX,20200701,0.17,0.18,0.17,0.175,210521
PEX,20200702,0.175,0.195,0.175,0.195,369486
PEX,20200703,0.195,0.2,0.19,0.195,189431
PEX,20200706,0.19,0.19,0.185,0.185,31122
PEX,20200707,0.19,0.2,0.19,0.2,178889
PEX,20200708,0.195,0.197,0.19,0.197,121561
PEX,20200709,0.2,0.2,0.19,0.19,240377
PEX,20200710,0.195,0.2,0.19,0.2,16759
PEX,20200713,0.185,0.19,0.185,0.19,108229
PEX,20200714,0.18,0.205,0.18,0.205,121493
PEX,20200715,0.18,0.19,0.18,0.19,161834
PEX,20200716,0.185,0.195,0.185,0.195,87013
PEX,20200717,0.195,0.215,0.195,0.21,112514
PEX,20200720,0.2,0.225,0.2,0.225,413301
PEX,20200721,0.225,0.225,0.225,0.225,0
PEX,20200722,0.225,0.225,0.225,0.225,0
PEX,20200723,0.225,0.225,0.225,0.225,0
PEX,20200724,0.225,0.225,0.225,0.225,0
PEX,20200727,0.22,0.25,0.205,0.24,3006475
PEX,20200728,0.24,0.26,0.237,0.245,981351
PEX,20200729,0.255,0.28,0.245,0.26,544480
PEX,20200730,0.25,0.26,0.23,0.23,885555
PEX,20200731,0.235,0.235,0.23,0.23,39576
PEX,20200803,0.245,0.245,0.225,0.23,95303
PEX,20200804,0.24,0.24,0.225,0.24,1468103
PEX,20200805,0.24,0.24,0.23,0.23,171100
PEX,20200806,0.235,0.24,0.23,0.24,239687
PEX,20200807,0.24,0.25,0.23,0.24,562530
PEX,20200810,0.245,0.245,0.23,0.235,550808
PEX,20200811,0.24,0.24,0.23,0.24,181520
PEX,20200812,0.23,0.235,0.225,0.23,293209
PEX,20200813,0.23,0.235,0.205,0.235,228111
PEX,20200814,0.23,0.23,0.22,0.23,455338
PEX,20200817,0.23,0.23,0.225,0.225,277221
PEX,20200818,0.225,0.25,0.225,0.25,583430
PEX,20200819,0.25,0.26,0.245,0.26,296302
PEX,20200820,0.26,0.28,0.26,0.28,327553
PEX,20200821,0.28,0.28,0.25,0.27,315536
PEX,20200824,0.265,0.265,0.24,0.24,328256
PEX,20200825,0.24,0.27,0.24,0.25,473033
PEX,20200826,0.255,0.26,0.25,0.25,80978
PEX,20200827,0.26,0.26,0.25,0.25,113044
PEX,20200828,0.245,0.25,0.215,0.25,471276
PEX,20200831,0.25,0.265,0.24,0.24,289433
PEX,20200901,0.24,0.25,0.235,0.235,188430
PEX,20200902,0.23,0.255,0.22,0.255,334380
PEX,20200903,0.24,0.25,0.23,0.245,499912
PEX,20200904,0.23,0.265,0.23,0.265,415644
PEX,20200907,0.27,0.285,0.265,0.285,424203
PEX,20200908,0.29,0.295,0.28,0.29,1190263
PEX,20200909,0.285,0.285,0.26,0.285,104352
PEX,20200910,0.27,0.27,0.265,0.27,424271
PEX,20200911,0.265,0.27,0.25,0.27,617941
PEX,20200914,0.255,0.27,0.255,0.265,360395
PEX,20200915,0.265,0.275,0.26,0.27,158365
PEX,20200916,0.275,0.295,0.27,0.285,1247248
PEX,20200917,0.29,0.29,0.27,0.28,458600
PEX,20200918,0.27,0.28,0.27,0.28,177473
PEX,20200921,0.275,0.275,0.265,0.265,753744
PEX,20200922,0.26,0.26,0.26,0.26,492127
PEX,20200923,0.26,0.28,0.26,0.27,294689
PEX,20200924,0.265,0.265,0.25,0.25,158771
PEX,20200925,0.265,0.265,0.265,0.265,56250
PEX,20200928,0.275,0.275,0.265,0.265,117989
PEX,20200929,0.26,0.265,0.26,0.26,87500
PEX,20200930,0.265,0.265,0.25,0.25,131400
PEX,20201001,0.255,0.265,0.255,0.265,402474
PEX,20201002,0.265,0.28,0.265,0.27,243618
PEX,20201005,0.28,0.28,0.26,0.27,125449
PEX,20201006,0.255,0.26,0.245,0.25,960343
PEX,20201007,0.245,0.245,0.24,0.245,136328
PEX,20201008,0.24,0.245,0.24,0.24,149593
PEX,20201009,0.24,0.245,0.235,0.245,209983
PEX,20201012,0.245,0.26,0.245,0.26,406355
PEX,20201013,0.26,0.265,0.26,0.265,142423
PEX,20201014,0.26,0.26,0.245,0.245,494287
PEX,20201015,0.24,0.245,0.23,0.24,357851
PEX,20201016,0.235,0.24,0.235,0.24,109567
PEX,20201019,0.24,0.24,0.24,0.24,14690
PEX,20201020,0.24,0.24,0.24,0.24,76065
PEX,20201021,0.24,0.25,0.24,0.25,306008
PEX,20201022,0.25,0.26,0.25,0.26,156774
PEX,20201023,0.26,0.26,0.26,0.26,44340
PEX,20201026,0.25,0.25,0.23,0.24,695819
PEX,20201027,0.25,0.25,0.23,0.24,304937
PEX,20201028,0.235,0.245,0.235,0.245,279329
PEX,20201029,0.235,0.25,0.215,0.24,572920
PEX,20201030,0.24,0.25,0.24,0.25,858589
PEX,20201102,0.245,0.25,0.225,0.225,409705
PEX,20201103,0.225,0.235,0.225,0.235,51033
PEX,20201104,0.235,0.235,0.235,0.235,0
PEX,20201105,0.235,0.235,0.235,0.235,0
PEX,20201106,0.225,0.23,0.22,0.23,671373
PEX,20201109,0.225,0.23,0.225,0.23,199766
PEX,20201110,0.23,0.23,0.225,0.23,110265
PEX,20201111,0.235,0.235,0.22,0.23,260537
PEX,20201112,0.23,0.235,0.23,0.23,1181698
PEX,20201113,0.235,0.235,0.195,0.205,988510
PEX,20201116,0.225,0.225,0.22,0.225,154872
PEX,20201117,0.215,0.225,0.21,0.22,351138
PEX,20201118,0.22,0.225,0.22,0.225,221375
PEX,20201120,0.225,0.225,0.205,0.205,177005
PEX,20201123,0.215,0.215,0.215,0.215,50924
PEX,20201124,0.22,0.22,0.205,0.215,164627
PEX,20201125,0.205,0.22,0.205,0.22,263162
PEX,20201126,0.22,0.22,0.215,0.22,156316
PEX,20201127,0.22,0.22,0.22,0.22,18999
PEX,20201130,0.22,0.24,0.22,0.225,673605
PEX,20201201,0.235,0.235,0.225,0.225,38751
PEX,20201202,0.225,0.26,0.225,0.25,1659925
PEX,20201203,0.25,0.27,0.245,0.265,778131
PEX,20201204,0.26,0.265,0.25,0.26,579203
PEX,20201207,0.265,0.27,0.265,0.265,408364
PEX,20201208,0.27,0.28,0.26,0.27,2389476
PEX,20201209,0.27,0.27,0.26,0.27,176038
PEX,20201210,0.27,0.27,0.25,0.25,873892
PEX,20201211,0.26,0.265,0.25,0.265,98322
PEX,20201214,0.265,0.265,0.265,0.265,43869
PEX,20201215,0.265,0.265,0.265,0.265,0
PEX,20201216,0.26,0.26,0.24,0.245,340008
PEX,20201217,0.24,0.255,0.235,0.255,232795
PEX,20201218,0.25,0.255,0.25,0.25,443604
PEX,20201221,0.255,0.265,0.25,0.255,62528
PEX,20201222,0.255,0.265,0.255,0.265,569329
PEX,20201224,0.265,0.265,0.265,0.265,0
PEX,20201229,0.27,0.27,0.27,0.27,128828
PEX,20201230,0.27,0.275,0.26,0.26,651691
PEX,20201231,0.265,0.28,0.26,0.28,758680
PEX,20210104,0.28,0.31,0.28,0.3,795484
PEX,20210105,0.295,0.295,0.29,0.29,750354
PEX,20210106,0.29,0.305,0.29,0.3,834797
PEX,20210107,0.29,0.3,0.29,0.29,648789
PEX,20210108,0.285,0.285,0.25,0.275,305976
PEX,20210111,0.28,0.285,0.28,0.285,11702
PEX,20210112,0.275,0.285,0.275,0.285,11042
PEX,20210113,0.285,0.29,0.285,0.29,66517
PEX,20210114,0.28,0.29,0.28,0.29,72881
PEX,20210115,0.285,0.285,0.275,0.275,64775
PEX,20210118,0.27,0.27,0.255,0.255,285390
PEX,20210119,0.26,0.26,0.25,0.25,329747
PEX,20210120,0.255,0.255,0.245,0.25,210821
PEX,20210121,0.245,0.255,0.245,0.25,77931
PEX,20210122,0.25,0.255,0.25,0.255,16375
PEX,20210125,0.25,0.26,0.25,0.255,150999
PEX,20210127,0.26,0.26,0.245,0.25,294961
PEX,20210128,0.245,0.245,0.23,0.235,655507
PEX,20210129,0.235,0.245,0.235,0.24,26419
PEX,20210201,0.225,0.235,0.225,0.235,56421
PEX,20210203,0.225,0.23,0.22,0.225,145084
PEX,20210204,0.245,0.26,0.245,0.255,3186018
PEX,20210205,0.245,0.27,0.245,0.27,1323414
PEX,20210208,0.27,0.27,0.265,0.267,171816
PEX,20210209,0.27,0.27,0.26,0.26,135287
PEX,20210210,0.26,0.28,0.26,0.28,2669666
PEX,20210211,0.275,0.295,0.27,0.295,360592
PEX,20210212,0.29,0.3,0.265,0.27,662699
PEX,20210215,0.285,0.285,0.27,0.275,176166
PEX,20210216,0.28,0.285,0.255,0.27,620319
PEX,20210217,0.27,0.275,0.255,0.265,412094
PEX,20210218,0.29,0.295,0.28,0.28,358812
PEX,20210219,0.28,0.28,0.28,0.28,36000
PEX,20210222,0.285,0.295,0.28,0.295,255764
PEX,20210223,0.295,0.325,0.285,0.31,870405
PEX,20210224,0.315,0.315,0.295,0.3,126328
PEX,20210225,0.3,0.305,0.29,0.3,18123
PEX,20210226,0.3,0.3,0.295,0.3,149418
PEX,20210301,0.3,0.31,0.3,0.31,138087
PEX,20210302,0.31,0.31,0.29,0.29,50926
PEX,20210303,0.29,0.295,0.29,0.29,84030
PEX,20210304,0.295,0.295,0.285,0.29,102150
PEX,20210305,0.3,0.315,0.3,0.31,1713842
PEX,20210308,0.31,0.31,0.31,0.31,0
PEX,20210309,0.31,0.31,0.31,0.31,0
PEX,20210310,0.28,0.285,0.265,0.265,1403390
PEX,20210311,0.28,0.285,0.265,0.265,1403390
PEX,20210312,0.265,0.265,0.265,0.265,46921
PEX,20210315,0.265,0.265,0.25,0.25,573321
PEX,20210316,0.25,0.26,0.24,0.25,665274
PEX,20210317,0.25,0.25,0.245,0.245,843016
PEX,20210318,0.25,0.255,0.24,0.25,744317
PEX,20210319,0.255,0.265,0.245,0.26,519325
PEX,20210322,0.26,0.26,0.25,0.26,384590
PEX,20210323,0.26,0.26,0.255,0.255,76622
PEX,20210324,0.255,0.26,0.25,0.26,233232
PEX,20210325,0.255,0.255,0.25,0.255,284364
PEX,20210329,0.255,0.255,0.25,0.25,436738
PEX,20210330,0.25,0.255,0.245,0.25,1175546
PEX,20210331,0.25,0.255,0.25,0.25,485168
PEX,20210401,0.25,0.255,0.25,0.255,627627
PEX,20210406,0.255,0.255,0.24,0.25,338478
PEX,20210407,0.25,0.25,0.24,0.24,1021348
PEX,20210408,0.24,0.25,0.24,0.25,1095456
PEX,20210409,0.245,0.25,0.24,0.245,1433394
PEX,20210412,0.245,0.245,0.23,0.235,530495
PEX,20210413,0.24,0.255,0.24,0.25,525216
PEX,20210414,0.25,0.25,0.245,0.25,236401
PEX,20210415,0.25,0.25,0.25,0.25,83990
PEX,20210416,0.25,0.25,0.245,0.245,506365
PEX,20210419,0.255,0.26,0.255,0.26,496415
PEX,20210420,0.257,0.26,0.257,0.26,135993
PEX,20210421,0.25,0.25,0.225,0.23,859580
PEX,20210422,0.24,0.255,0.235,0.255,466860
PEX,20210423,0.245,0.245,0.24,0.245,372044
PEX,20210426,0.24,0.245,0.235,0.245,94316
PEX,20210427,0.25,0.25,0.24,0.24,400564
PEX,20210428,0.24,0.24,0.24,0.24,438749
PEX,20210429,0.235,0.24,0.235,0.235,1409143
PEX,20210430,0.235,0.24,0.23,0.24,1042454
PEX,20210503,0.24,0.24,0.235,0.24,327191
PEX,20210504,0.235,0.235,0.235,0.235,333455
PEX,20210505,0.24,0.245,0.24,0.24,577377
PEX,20210506,0.245,0.245,0.24,0.24,364560
PEX,20210507,0.245,0.25,0.245,0.25,690116
PEX,20210510,0.25,0.255,0.245,0.255,1174364
PEX,20210511,0.26,0.265,0.25,0.25,426220
PEX,20210512,0.25,0.275,0.25,0.265,961594
PEX,20210513,0.26,0.265,0.25,0.25,473585
PEX,20210514,0.26,0.26,0.25,0.26,122131
PEX,20210517,0.26,0.26,0.245,0.25,261091
PEX,20210518,0.25,0.26,0.25,0.26,456622
PEX,20210519,0.26,0.265,0.25,0.265,625526
PEX,20210520,0.28,0.305,0.275,0.3,18084277
PEX,20210521,0.3,0.31,0.29,0.3,1782446
PEX,20210524,0.305,0.35,0.305,0.33,3552786
PEX,20210525,0.33,0.335,0.305,0.305,1707076
PEX,20210526,0.315,0.33,0.315,0.33,1029985
PEX,20210527,0.33,0.345,0.325,0.34,665957
PEX,20210528,0.34,0.34,0.325,0.325,666063
PEX,20210531,0.325,0.33,0.315,0.33,1558794
PEX,20210601,0.335,0.36,0.315,0.315,2095187
PEX,20210602,0.31,0.325,0.31,0.315,374432
PEX,20210603,0.315,0.32,0.295,0.3,1005147
PEX,20210604,0.32,0.325,0.285,0.295,2906516
PEX,20210607,0.3,0.31,0.285,0.31,813558
PEX,20210609,0.315,0.33,0.31,0.325,344009
PEX,20210610,0.32,0.325,0.31,0.325,1143777
PEX,20210611,0.33,0.34,0.325,0.34,751390
PEX,20210615,0.335,0.34,0.32,0.32,734552
PEX,20210616,0.325,0.325,0.295,0.3,1087697
PEX,20210617,0.29,0.29,0.28,0.28,561268
PEX,20210618,0.28,0.28,0.27,0.28,460270
PEX,20210621,0.275,0.275,0.24,0.245,2630718
PEX,20210622,0.25,0.265,0.245,0.255,1423297
PEX,20210623,0.265,0.27,0.255,0.265,545957
PEX,20210625,0.265,0.27,0.265,0.265,92254
PEX,20210628,0.265,0.27,0.265,0.27,264197
PEX,20210629,0.27,0.27,0.25,0.255,611371
PEX,20210630,0.25,0.255,0.245,0.25,1419467
PEX,20210701,0.25,0.265,0.25,0.26,417725
PEX,20210705,0.26,0.26,0.255,0.26,224102
PEX,20210706,0.255,0.27,0.255,0.27,373867
PEX,20210707,0.26,0.27,0.255,0.255,112365
PEX,20210708,0.27,0.27,0.255,0.255,722255
PEX,20210709,0.255,0.27,0.255,0.26,487047
PEX,20210712,0.265,0.27,0.255,0.26,572947
PEX,20210714,0.25,0.26,0.25,0.26,171009
PEX,20210715,0.26,0.26,0.255,0.26,313987
PEX,20210716,0.255,0.257,0.255,0.257,90416
PEX,20210719,0.26,0.26,0.255,0.255,190471
PEX,20210720,0.25,0.25,0.235,0.24,573079
PEX,20210723,0.25,0.255,0.25,0.255,119044
PEX,20210726,0.25,0.255,0.245,0.25,124058
PEX,20210727,0.25,0.255,0.245,0.255,112952
PEX,20210728,0.255,0.257,0.25,0.255,181341
PEX,20210729,0.25,0.26,0.25,0.26,967090
PEX,20210730,0.255,0.26,0.255,0.26,102129
PEX,20210802,0.265,0.27,0.255,0.255,704073
PEX,20210803,0.255,0.265,0.255,0.265,118366
PEX,20210804,0.27,0.285,0.265,0.27,1337259
PEX,20210805,0.27,0.27,0.26,0.26,397957
PEX,20210806,0.26,0.26,0.24,0.24,1799432
PEX,20210809,0.245,0.25,0.24,0.25,278759
PEX,20210810,0.245,0.255,0.24,0.24,908181
PEX,20210811,0.245,0.25,0.24,0.24,264642
PEX,20210812,0.24,0.245,0.235,0.24,283654
PEX,20210813,0.24,0.24,0.225,0.225,1421097
PEX,20210819,0.23,0.23,0.217,0.225,898343
PEX,20210820,0.225,0.225,0.21,0.22,353615
PEX,20210823,0.225,0.225,0.225,0.225,134158
PEX,20210824,0.225,0.23,0.215,0.215,633450
PEX,20210825,0.22,0.225,0.22,0.225,181474
PEX,20210826,0.23,0.245,0.23,0.235,258099
PEX,20210827,0.235,0.24,0.23,0.23,180235
PEX,20210830,0.24,0.24,0.235,0.235,266712
PEX,20210831,0.235,0.245,0.235,0.24,309949
PEX,20210901,0.24,0.25,0.23,0.235,173439
PEX,20210902,0.24,0.24,0.24,0.24,4560
PEX,20210903,0.235,0.235,0.225,0.225,205103
PEX,20210906,0.225,0.245,0.225,0.24,77618
PEX,20210907,0.245,0.245,0.235,0.24,175459
PEX,20210908,0.245,0.255,0.24,0.25,249164
PEX,20210909,0.25,0.26,0.245,0.255,1020893
PEX,20210910,0.255,0.255,0.255,0.255,0
PEX,20210913,0.255,0.255,0.245,0.25,416479
PEX,20210914,0.24,0.255,0.235,0.245,788478
PEX,20210915,0.255,0.255,0.245,0.25,330367
PEX,20210916,0.25,0.255,0.25,0.255,136115
PEX,20210917,0.25,0.25,0.24,0.25,19995
PEX,20210920,0.24,0.24,0.23,0.23,213381
PEX,20210922,0.23,0.235,0.23,0.235,27696
PEX,20210923,0.24,0.24,0.23,0.23,266648
PEX,20210924,0.23,0.24,0.225,0.24,366935
PEX,20210927,0.24,0.245,0.24,0.24,409294
PEX,20210928,0.24,0.245,0.24,0.24,509177
PEX,20210929,0.24,0.24,0.235,0.24,362534
PEX,20210930,0.245,0.26,0.245,0.25,795729
PEX,20211001,0.255,0.26,0.245,0.25,1691845
PEX,20211004,0.25,0.25,0.24,0.245,183661
PEX,20211005,0.24,0.24,0.24,0.24,130640
PEX,20211006,0.245,0.245,0.24,0.24,43953
PEX,20211007,0.245,0.25,0.245,0.245,206285
PEX,20211008,0.245,0.245,0.235,0.235,238000
PEX,20211011,0.235,0.237,0.235,0.235,114582
PEX,20211012,0.235,0.237,0.235,0.235,114582
PEX,20211013,0.23,0.23,0.22,0.22,2151222
PEX,20211014,0.225,0.235,0.195,0.225,2017899
PEX,20211019,0.26,0.265,0.255,0.255,236947
PEX,20211020,0.26,0.26,0.25,0.255,579342
PEX,20211021,0.25,0.25,0.245,0.25,1027628
PEX,20211022,0.25,0.25,0.235,0.235,776486
PEX,20211025,0.24,0.245,0.235,0.24,144898
PEX,20211026,0.245,0.245,0.23,0.23,142943
PEX,20211028,0.25,0.25,0.24,0.24,951194
PEX,20211029,0.24,0.245,0.235,0.235,674567
PEX,20211101,0.24,0.24,0.23,0.232,295540
PEX,20211102,0.23,0.23,0.22,0.22,413376
PEX,20211103,0.23,0.237,0.23,0.235,1137708
PEX,20211104,0.235,0.235,0.23,0.23,895815
PEX,20211105,0.23,0.235,0.23,0.235,880292
PEX,20211109,0.235,0.235,0.235,0.235,164907
PEX,20211110,0.23,0.235,0.225,0.225,194314
PEX,20211112,0.23,0.24,0.23,0.24,263392
PEX,20211115,0.23,0.23,0.225,0.23,586181
PEX,20211116,0.235,0.235,0.23,0.235,28944
PEX,20211117,0.235,0.235,0.23,0.23,70297
PEX,20211118,0.235,0.235,0.23,0.23,34470
PEX,20211119,0.235,0.235,0.235,0.235,5000
PEX,20211122,0.23,0.23,0.225,0.225,175801
PEX,20211123,0.235,0.235,0.23,0.23,103074
PEX,20211124,0.225,0.235,0.225,0.23,98468
PEX,20211125,0.235,0.235,0.225,0.235,193498
PEX,20211126,0.23,0.23,0.225,0.225,165615
PEX,20211129,0.22,0.235,0.215,0.23,393935
PEX,20211130,0.23,0.235,0.21,0.225,768616
PEX,20211201,0.23,0.23,0.215,0.22,579554
PEX,20211202,0.22,0.225,0.21,0.22,242153
PEX,20211203,0.22,0.225,0.215,0.22,347854
PEX,20211206,0.225,0.225,0.21,0.21,299495
PEX,20211207,0.215,0.215,0.21,0.21,327652
PEX,20211208,0.21,0.22,0.21,0.22,77501
PEX,20211209,0.215,0.215,0.215,0.215,66958
PEX,20211210,0.215,0.215,0.215,0.215,103541
PEX,20211213,0.22,0.22,0.215,0.215,219271
PEX,20211214,0.22,0.22,0.22,0.22,102551
PEX,20211216,0.215,0.215,0.21,0.215,202656
PEX,20211217,0.215,0.215,0.215,0.215,1
PEX,20211220,0.215,0.215,0.205,0.21,169088
PEX,20211221,0.21,0.21,0.21,0.21,43436
PEX,20211222,0.205,0.21,0.205,0.21,32174
PEX,20211223,0.217,0.217,0.215,0.215,8500
PEX,20211224,0.22,0.22,0.215,0.215,20909
PEX,20211229,0.21,0.22,0.21,0.22,214943
PEX,20211230,0.22,0.235,0.22,0.23,426520
PEX,20211231,0.225,0.225,0.225,0.225,60177
PEX,20220104,0.225,0.225,0.22,0.22,67094
PEX,20220105,0.225,0.23,0.22,0.23,44451
PEX,20220106,0.225,0.23,0.22,0.225,76965
PEX,20220107,0.23,0.23,0.22,0.22,16000
PEX,20220110,0.225,0.23,0.22,0.22,136039
PEX,20220111,0.22,0.23,0.22,0.22,7294
PEX,20220112,0.225,0.225,0.22,0.22,244608
PEX,20220113,0.225,0.225,0.225,0.225,150010
PEX,20220114,0.23,0.23,0.225,0.225,159775
PEX,20220117,0.23,0.23,0.225,0.225,79086
PEX,20220118,0.23,0.23,0.225,0.227,307629
PEX,20220119,0.225,0.225,0.22,0.225,72888
PEX,20220120,0.23,0.23,0.22,0.225,195127
PEX,20220121,0.22,0.22,0.215,0.215,234050
PEX,20220124,0.215,0.215,0.205,0.21,343064
PEX,20220125,0.205,0.205,0.18,0.19,340382
PEX,20220127,0.195,0.2,0.19,0.195,123991
PEX,20220128,0.195,0.195,0.19,0.19,130720
PEX,20220131,0.2,0.205,0.195,0.2,147060
PEX,20220201,0.2,0.2,0.185,0.185,224900
PEX,20220202,0.2,0.2,0.19,0.195,166257
PEX,20220203,0.2,0.2,0.19,0.19,151344
PEX,20220204,0.19,0.195,0.19,0.19,110287
PEX,20220207,0.195,0.21,0.19,0.2,484419
PEX,20220208,0.21,0.212,0.195,0.21,359961
PEX,20220209,0.215,0.215,0.2,0.2,199565
PEX,20220210,0.205,0.22,0.2,0.205,163379
PEX,20220211,0.212,0.212,0.205,0.21,70381
PEX,20220214,0.21,0.22,0.195,0.215,391207
PEX,20220215,0.205,0.205,0.205,0.205,152855
PEX,20220216,0.2,0.205,0.195,0.2,628889
PEX,20220217,0.205,0.21,0.2,0.21,33443
PEX,20220218,0.2,0.2,0.195,0.2,298553
PEX,20220221,0.2,0.2,0.2,0.2,0
PEX,20220222,0.2,0.2,0.2,0.2,0
PEX,20220223,0.225,0.245,0.22,0.23,4966326
PEX,20220224,0.23,0.232,0.215,0.215,695153
PEX,20220225,0.22,0.22,0.215,0.215,432998
PEX,20220228,0.215,0.22,0.215,0.215,444212
PEX,20220301,0.225,0.225,0.215,0.215,291120
PEX,20220302,0.22,0.22,0.215,0.215,285029
PEX,20220303,0.22,0.225,0.22,0.22,610121
PEX,20220304,0.22,0.225,0.22,0.22,1181408
PEX,20220307,0.22,0.225,0.215,0.215,706044
PEX,20220308,0.22,0.22,0.215,0.215,204389
PEX,20220309,0.22,0.22,0.215,0.22,369159
PEX,20220310,0.225,0.227,0.22,0.22,543677
PEX,20220311,0.22,0.22,0.215,0.215,561938
PEX,20220314,0.22,0.225,0.22,0.22,1090644
PEX,20220315,0.225,0.225,0.22,0.22,1320795
PEX,20220316,0,0,0,0,0
PEX,20220317,0.225,0.225,0.22,0.225,999402
PEX,20220318,0.22,0.225,0.22,0.225,911113
PEX,20220321,0.215,0.215,0.2,0.205,1126939
PEX,20220322,0.205,0.21,0.205,0.21,925289
PEX,20220323,0.21,0.23,0.21,0.22,1347160
PEX,20220324,0.225,0.225,0.215,0.215,363507
PEX,20220325,0.215,0.215,0.205,0.21,559688
PEX,20220328,0.21,0.215,0.21,0.21,85955
PEX,20220329,0.21,0.21,0.205,0.21,216097
PEX,20220330,0.205,0.21,0.205,0.205,224425
PEX,20220331,0.205,0.22,0.205,0.215,1186990
PEX,20220401,0.21,0.215,0.205,0.205,102539
PEX,20220404,0.215,0.22,0.215,0.22,616085
PEX,20220405,0.225,0.225,0.21,0.21,444430
PEX,20220406,0.21,0.22,0.21,0.22,406419
PEX,20220407,0.22,0.22,0.215,0.215,140183
PEX,20220408,0.22,0.22,0.21,0.21,716786
PEX,20220411,0.235,0.25,0.22,0.24,21627440
PEX,20220412,0.24,0.275,0.24,0.26,2251695
PEX,20220413,0.265,0.28,0.25,0.26,1546719
PEX,20220414,0.265,0.27,0.25,0.255,1100640
PEX,20220419,0.25,0.25,0.235,0.24,1067588
PEX,20220420,0.24,0.25,0.24,0.24,372104
PEX,20220421,0.24,0.25,0.24,0.24,372104
PEX,20220422,0.255,0.255,0.255,0.255,117635
PEX,20220426,0.25,0.25,0.24,0.245,1389071
PEX,20220427,0.235,0.24,0.23,0.235,697429
PEX,20220428,0.24,0.245,0.23,0.235,453503
PEX,20220429,0.24,0.245,0.24,0.245,196378
PEX,20220502,0.24,0.24,0.23,0.23,781518
PEX,20220503,0.235,0.235,0.23,0.23,1770332
PEX,20220504,0.23,0.23,0.23,0.23,1363120
PEX,20220505,0.23,0.235,0.23,0.23,1613408
PEX,20220506,0.225,0.235,0.225,0.225,834668
PEX,20220509,0.22,0.23,0.22,0.23,641162
PEX,20220510,0.235,0.235,0.22,0.22,283260
PEX,20220511,0.225,0.23,0.225,0.23,1632939
PEX,20220512,0.23,0.235,0.23,0.23,911213
PEX,20220513,0.225,0.23,0.22,0.23,354413
PEX,20220516,0.23,0.23,0.21,0.21,3508840
PEX,20220517,0.21,0.22,0.21,0.22,30918
PEX,20220518,0.215,0.215,0.215,0.215,2999
PEX,20220519,0.21,0.21,0.2,0.205,514283
PEX,20220520,0.2,0.215,0.2,0.215,488594
PEX,20220523,0.215,0.215,0.205,0.21,197443
PEX,20220524,0.21,0.21,0.21,0.21,1938255
PEX,20220525,0.205,0.205,0.205,0.205,8500
PEX,20220526,0.205,0.21,0.205,0.21,194891
PEX,20220527,0.215,0.215,0.205,0.21,334012
PEX,20220530,0.21,0.215,0.2,0.2,320386
PEX,20220531,0.205,0.21,0.205,0.205,516008
PEX,20220601,0.215,0.215,0.195,0.195,586716
PEX,20220602,0.21,0.21,0.205,0.21,3836503
PEX,20220603,0.207,0.21,0.207,0.21,341033
PEX,20220606,0.21,0.215,0.21,0.21,375723
PEX,20220607,0.205,0.205,0.2,0.2,13757
PEX,20220608,0.2,0.2,0.2,0.2,172763
PEX,20220609,0.2,0.2,0.19,0.19,624692
PEX,20220610,0.195,0.195,0.19,0.19,64500
PEX,20220614,0.18,0.18,0.16,0.17,856284
PEX,20220615,0.17,0.17,0.16,0.165,788955
PEX,20220616,0.18,0.18,0.165,0.175,246381
PEX,20220617,0.17,0.18,0.165,0.17,737791
PEX,20220620,0.17,0.18,0.17,0.17,297828
PEX,20220621,0.18,0.18,0.175,0.18,95396
PEX,20220622,0.18,0.18,0.175,0.175,221459
PEX,20220623,0.175,0.18,0.165,0.165,385672
PEX,20220624,0.165,0.165,0.165,0.165,65138
PEX,20220627,0.175,0.175,0.17,0.17,11454
PEX,20220628,0.17,0.175,0.165,0.165,121860
PEX,20220629,0.165,0.165,0.165,0.165,3000
PEX,20220630,0.165,0.175,0.16,0.16,337396
PEX,20220701,0.17,0.17,0.17,0.17,17999
PEX,20220704,0.165,0.17,0.165,0.17,158355
PEX,20220705,0.17,0.17,0.17,0.17,0
PEX,20220706,0.175,0.175,0.175,0.175,20500
PEX,20220707,0.175,0.175,0.17,0.17,104360
PEX,20220708,0.175,0.175,0.17,0.17,6881
PEX,20220711,0.175,0.185,0.175,0.185,810808
PEX,20220712,0.185,0.185,0.18,0.18,579862
PEX,20220713,0.18,0.185,0.18,0.18,110014
PEX,20220714,0.175,0.175,0.17,0.175,87918
PEX,20220715,0.175,0.18,0.175,0.175,204207
PEX,20220718,0.175,0.175,0.175,0.175,19817
PEX,20220719,0.175,0.175,0.17,0.17,32551
PEX,20220720,0.17,0.175,0.17,0.175,87252
PEX,20220721,0.17,0.17,0.165,0.165,330692
PEX,20220722,0.17,0.17,0.16,0.165,670621
PEX,20220725,0.165,0.165,0.165,0.165,321449
PEX,20220726,0.165,0.165,0.16,0.16,71513
PEX,20220727,0.16,0.16,0.16,0.16,0
PEX,20220728,0.17,0.17,0.17,0.17,150121
PEX,20220729,0.175,0.175,0.175,0.175,271074
PEX,20220801,0.18,0.18,0.175,0.175,86014
PEX,20220802,0.175,0.18,0.17,0.18,34860
PEX,20220803,0.18,0.185,0.18,0.185,47328
PEX,20220805,0.175,0.185,0.175,0.185,194329
PEX,20220808,0.185,0.195,0.185,0.195,647105
PEX,20220809,0.2,0.22,0.2,0.215,1330909
PEX,20220810,0.215,0.22,0.205,0.22,253932
PEX,20220811,0.215,0.22,0.21,0.22,27133
PEX,20220812,0.22,0.22,0.205,0.22,64195
PEX,20220815,0.22,0.22,0.205,0.22,161231
PEX,20220816,0.22,0.22,0.208,0.21,32272
PEX,20220817,0.21,0.21,0.208,0.21,26770
PEX,20220818,0.21,0.21,0.2,0.205,50137
PEX,20220819,0.205,0.21,0.2,0.2,98751
PEX,20220822,0.21,0.21,0.195,0.195,41072
PEX,20220823,0.2,0.2,0.185,0.195,231119
PEX,20220824,0.2,0.2,0.195,0.195,13317
PEX,20220825,0.2,0.2,0.185,0.195,81011
PEX,20220826,0.19,0.19,0.185,0.19,170396
PEX,20220829,0.19,0.19,0.18,0.185,108540
PEX,20220830,0.18,0.185,0.18,0.185,202043
PEX,20220831,0.18,0.185,0.18,0.185,240144
PEX,20220901,0.185,0.185,0.185,0.185,5646
PEX,20220902,0.185,0.185,0.175,0.185,74207
PEX,20220905,0.185,0.185,0.18,0.185,10475
PEX,20220906,0.185,0.185,0.175,0.185,144091
PEX,20220907,0.185,0.195,0.18,0.185,158762
PEX,20220909,0.19,0.19,0.18,0.18,34129
PEX,20220912,0.19,0.19,0.185,0.19,165358
PEX,20220913,0.185,0.188,0.185,0.185,34456
PEX,20220914,0.18,0.18,0.18,0.18,98427
PEX,20220915,0.18,0.18,0.17,0.17,307280
PEX,20220916,0.17,0.17,0.17,0.17,107166
PEX,20220919,0.17,0.17,0.17,0.17,225976
PEX,20220920,0.18,0.18,0.165,0.165,529306
PEX,20220921,0.165,0.165,0.165,0.165,55555
