PGY,20160212,0.001,0.001,0.001,0.001,1948892
PGY,20160215,0.001,0.001,0.001,0.001,1048750
PGY,20160216,0.001,0.001,0.001,0.001,1300000
PGY,20160217,0.001,0.001,0.001,0.001,0
PGY,20160218,0.001,0.001,0.001,0.001,900000
PGY,20160219,0.001,0.001,0.001,0.001,0
PGY,20160222,0.001,0.001,0.001,0.001,300000
PGY,20160223,0.002,0.002,0.001,0.001,1750002
PGY,20160224,0.001,0.001,0.001,0.001,750000
PGY,20160225,0.001,0.001,0.001,0.001,250000
PGY,20160226,0.001,0.001,0.001,0.001,0
PGY,20160229,0.001,0.001,0.001,0.001,200000
PGY,20160301,0.001,0.001,0.001,0.001,1475000
PGY,20160302,0.001,0.001,0.001,0.001,0
PGY,20160303,0.002,0.002,0.001,0.001,6100000
PGY,20160304,0.001,0.001,0.001,0.001,0
PGY,20160307,0.001,0.001,0.001,0.001,2302310
PGY,20160308,0.002,0.002,0.001,0.001,3321390
PGY,20160309,0.001,0.001,0.001,0.001,0
PGY,20160310,0.001,0.001,0.001,0.001,0
PGY,20160311,0.001,0.001,0.001,0.001,1577778
PGY,20160314,0.001,0.001,0.001,0.001,6650000
PGY,20160315,0.002,0.002,0.001,0.001,8261001
PGY,20160316,0.001,0.001,0.001,0.001,2100089
PGY,20160317,0.001,0.001,0.001,0.001,2518000
PGY,20160318,0.002,0.002,0.002,0.002,300000
PGY,20160321,0.002,0.002,0.002,0.002,1000000
PGY,20160322,0.002,0.002,0.002,0.002,3068559
PGY,20160323,0.002,0.002,0.001,0.001,3300000
PGY,20160324,0.002,0.002,0.001,0.001,3000000
PGY,20160329,0.002,0.002,0.001,0.002,5818911
PGY,20160330,0.002,0.002,0.002,0.002,0
PGY,20160331,0.002,0.002,0.002,0.002,56664078
PGY,20160401,0.002,0.002,0.002,0.002,9136699
PGY,20160404,0.002,0.002,0.002,0.002,7825155
PGY,20160405,0.002,0.003,0.002,0.002,10640253
PGY,20160406,0.003,0.003,0.002,0.002,18999826
PGY,20160407,0.002,0.003,0.002,0.002,12652426
PGY,20160408,0.003,0.003,0.002,0.002,13298961
PGY,20160411,0.003,0.003,0.002,0.003,11477000
PGY,20160412,0.003,0.003,0.002,0.002,6940775
PGY,20160413,0.003,0.003,0.003,0.003,3230000
PGY,20160414,0.002,0.003,0.002,0.002,10200000
PGY,20160415,0.003,0.003,0.002,0.003,5680000
PGY,20160418,0.002,0.002,0.002,0.002,10234776
PGY,20160419,0.003,0.003,0.002,0.002,5996791
PGY,20160420,0.003,0.003,0.003,0.003,825000
PGY,20160421,0.003,0.003,0.003,0.003,500000
PGY,20160422,0.003,0.003,0.002,0.002,4300000
PGY,20160426,0.002,0.002,0.002,0.002,0
PGY,20160427,0.003,0.003,0.002,0.002,4500000
PGY,20160428,0.003,0.003,0.002,0.003,4925000
PGY,20160429,0.002,0.002,0.002,0.002,625000
PGY,20160502,0.003,0.003,0.002,0.002,433000
PGY,20160503,0.003,0.003,0.002,0.003,2060000
PGY,20160504,0.003,0.003,0.003,0.003,0
PGY,20160505,0.003,0.003,0.003,0.003,250000
PGY,20160506,0.003,0.003,0.003,0.003,0
PGY,20160509,0.002,0.003,0.002,0.003,1885000
PGY,20160510,0.002,0.002,0.002,0.002,1160000
PGY,20160511,0.002,0.002,0.002,0.002,3600000
PGY,20160512,0.002,0.002,0.002,0.002,2500000
PGY,20160513,0.002,0.002,0.002,0.002,1260000
PGY,20160516,0.002,0.002,0.002,0.002,74692539
PGY,20160517,0.002,0.002,0.002,0.002,9030729
PGY,20160518,0.002,0.002,0.002,0.002,857142
PGY,20160519,0.002,0.002,0.002,0.002,1700000
PGY,20160520,0.002,0.002,0.002,0.002,15550402
PGY,20160523,0.002,0.002,0.002,0.002,170000
PGY,20160524,0.001,0.002,0.001,0.002,4257145
PGY,20160525,0.003,0.003,0.002,0.002,6384333
PGY,20160526,0.003,0.003,0.002,0.002,1700000
PGY,20160527,0.002,0.002,0.002,0.002,0
PGY,20160530,0.002,0.002,0.002,0.002,500000
PGY,20160531,0.003,0.003,0.002,0.002,750000
PGY,20160601,0.002,0.002,0.002,0.002,500000
PGY,20160602,0.002,0.002,0.002,0.002,554999
PGY,20160603,0.002,0.002,0.002,0.002,12834
PGY,20160606,0.002,0.002,0.002,0.002,0
PGY,20160607,0.002,0.002,0.002,0.002,1200000
PGY,20160608,0.002,0.003,0.002,0.003,2551683
PGY,20160609,0.003,0.003,0.003,0.003,0
PGY,20160610,0.002,0.002,0.002,0.002,1504900
PGY,20160614,0.002,0.002,0.002,0.002,250000
PGY,20160615,0.002,0.002,0.002,0.002,500000
PGY,20160616,0.002,0.002,0.002,0.002,0
PGY,20160617,0.002,0.002,0.002,0.002,590000
PGY,20160620,0.002,0.002,0.002,0.002,1516924
PGY,20160621,0.002,0.002,0.002,0.002,0
PGY,20160622,0.002,0.002,0.002,0.002,390000
PGY,20160623,0.002,0.002,0.002,0.002,900000
PGY,20160624,0.002,0.002,0.002,0.002,20815554
PGY,20160627,0.002,0.002,0.002,0.002,15264663
PGY,20160628,0.003,0.003,0.002,0.002,4067855
PGY,20160629,0.002,0.002,0.002,0.002,13539000
PGY,20160630,0.002,0.002,0.002,0.002,6500000
PGY,20160701,0.002,0.002,0.002,0.002,0
PGY,20160704,0.002,0.002,0.002,0.002,340000
PGY,20160705,0.002,0.002,0.002,0.002,1995000
PGY,20160706,0.002,0.002,0.002,0.002,230000
PGY,20160707,0.002,0.002,0.002,0.002,0
PGY,20160708,0.002,0.002,0.002,0.002,0
PGY,20160711,0.002,0.002,0.002,0.002,1513334
PGY,20160712,0.002,0.002,0.002,0.002,7187000
PGY,20160713,0.002,0.002,0.002,0.002,2200000
PGY,20160714,0.002,0.002,0.002,0.002,0
PGY,20160715,0.002,0.002,0.002,0.002,300000
PGY,20160718,0.002,0.002,0.002,0.002,0
PGY,20160719,0.002,0.002,0.002,0.002,177498
PGY,20160720,0.002,0.002,0.002,0.002,0
PGY,20160721,0.003,0.003,0.002,0.002,1470000
PGY,20160722,0.002,0.002,0.002,0.002,0
PGY,20160725,0.003,0.003,0.002,0.002,1999996
PGY,20160726,0.002,0.002,0.002,0.002,0
PGY,20160727,0.003,0.003,0.002,0.002,8625000
PGY,20160728,0.003,0.003,0.002,0.002,5928000
PGY,20160729,0.003,0.003,0.002,0.002,3710016
PGY,20160801,0.002,0.002,0.002,0.002,489983
PGY,20160802,0.002,0.002,0.002,0.002,0
PGY,20160803,0.002,0.002,0.002,0.002,816666
PGY,20160804,0.002,0.002,0.002,0.002,1200000
PGY,20160805,0.002,0.002,0.002,0.002,4000000
PGY,20160808,0.002,0.002,0.002,0.002,1589981
PGY,20160809,0.002,0.002,0.002,0.002,1866667
PGY,20160810,0.002,0.002,0.002,0.002,1900000
PGY,20160811,0.002,0.002,0.002,0.002,4000000
PGY,20160812,0.003,0.003,0.002,0.002,1183333
PGY,20160815,0.003,0.003,0.002,0.002,7526667
PGY,20160816,0.002,0.002,0.002,0.002,0
PGY,20160817,0.002,0.002,0.002,0.002,10995000
PGY,20160818,0.002,0.002,0.002,0.002,0
PGY,20160822,0.002,0.002,0.002,0.002,250001
PGY,20160823,0.002,0.002,0.002,0.002,0
PGY,20160824,0.002,0.002,0.002,0.002,0
PGY,20160825,0.002,0.002,0.002,0.002,500000
PGY,20160826,0.002,0.002,0.002,0.002,0
PGY,20160829,0.002,0.002,0.002,0.002,500000
PGY,20160830,0.002,0.002,0.002,0.002,0
PGY,20160831,0.002,0.002,0.002,0.002,0
PGY,20160901,0.002,0.002,0.002,0.002,0
PGY,20160902,0.002,0.002,0.002,0.002,250000
PGY,20160905,0.002,0.002,0.002,0.002,1447000
PGY,20160906,0.002,0.002,0.002,0.002,0
PGY,20160907,0.002,0.002,0.002,0.002,0
PGY,20160908,0.002,0.002,0.002,0.002,0
PGY,20160909,0.002,0.002,0.002,0.002,0
PGY,20160912,0.002,0.002,0.002,0.002,0
PGY,20160913,0.002,0.002,0.002,0.002,1500000
PGY,20160914,0.002,0.002,0.002,0.002,1650000
PGY,20160915,0.002,0.002,0.002,0.002,833400
PGY,20160916,0.002,0.002,0.002,0.002,76000
PGY,20160919,0.002,0.002,0.002,0.002,0
PGY,20160920,0.003,0.003,0.002,0.002,958333
PGY,20160921,0.002,0.002,0.002,0.002,923896
PGY,20160922,0.002,0.002,0.002,0.002,300000
PGY,20160923,0.002,0.002,0.002,0.002,2879393
PGY,20160926,0.002,0.002,0.002,0.002,200000
PGY,20160927,0.002,0.002,0.002,0.002,2500000
PGY,20160928,0.002,0.002,0.002,0.002,274020
PGY,20160929,0.002,0.002,0.002,0.002,0
PGY,20160930,0.002,0.002,0.002,0.002,225144
PGY,20161003,0.002,0.002,0.002,0.002,500000
PGY,20161004,0.002,0.002,0.002,0.002,2650000
PGY,20161005,0.002,0.002,0.002,0.002,0
PGY,20161006,0.002,0.002,0.002,0.002,250000
PGY,20161007,0.003,0.003,0.002,0.002,2825000
PGY,20161010,0.002,0.002,0.002,0.002,0
PGY,20161011,0.002,0.002,0.002,0.002,0
PGY,20161012,0.002,0.002,0.002,0.002,76887
PGY,20161013,0.002,0.002,0.002,0.002,0
PGY,20161014,0.002,0.002,0.002,0.002,11990268
PGY,20161017,0.002,0.002,0.002,0.002,1346673
PGY,20161018,0.002,0.002,0.002,0.002,1500000
PGY,20161019,0.002,0.002,0.002,0.002,17767819
PGY,20161020,0.002,0.002,0.002,0.002,12682108
PGY,20161021,0.002,0.002,0.002,0.002,8270000
PGY,20161024,0.002,0.002,0.002,0.002,167000
PGY,20161025,0.002,0.002,0.002,0.002,10000000
PGY,20161026,0.002,0.002,0.002,0.002,0
PGY,20161027,0.002,0.002,0.002,0.002,350000
PGY,20161028,0.002,0.002,0.002,0.002,0
PGY,20161031,0.002,0.002,0.002,0.002,24024666
PGY,20161101,0.002,0.002,0.002,0.002,1500000
PGY,20161102,0.002,0.002,0.002,0.002,0
PGY,20161103,0.002,0.002,0.002,0.002,1316665
PGY,20161104,0.002,0.002,0.002,0.002,3650000
PGY,20161107,0.002,0.002,0.002,0.002,2775710
PGY,20161108,0.002,0.002,0.002,0.002,1000000
PGY,20161109,0.002,0.002,0.002,0.002,3400000
PGY,20161110,0.002,0.002,0.002,0.002,500000
PGY,20161111,0.002,0.002,0.002,0.002,0
PGY,20161114,0.002,0.002,0.002,0.002,886840
PGY,20161115,0.002,0.002,0.002,0.002,30287219
PGY,20161116,0.002,0.002,0.002,0.002,4453331
PGY,20161117,0.002,0.002,0.002,0.002,0
PGY,20161118,0.002,0.002,0.001,0.002,10700000
PGY,20161121,0.002,0.002,0.002,0.002,0
PGY,20161122,0.002,0.002,0.002,0.002,0
PGY,20161123,0.002,0.002,0.002,0.002,3627219
PGY,20161124,0.002,0.002,0.002,0.002,2772923
PGY,20161125,0.002,0.002,0.002,0.002,3152219
PGY,20161128,0.002,0.002,0.002,0.002,1400000
PGY,20161129,0.001,0.002,0.001,0.002,1000500
PGY,20161130,0.002,0.002,0.002,0.002,0
PGY,20161201,0.002,0.002,0.002,0.002,0
PGY,20161202,0.001,0.002,0.001,0.002,4414002
PGY,20161205,0.002,0.002,0.002,0.002,8600000
PGY,20161206,0.002,0.002,0.002,0.002,0
PGY,20161207,0.001,0.001,0.001,0.001,1100000
PGY,20161208,0.001,0.001,0.001,0.001,0
PGY,20161209,0.001,0.001,0.001,0.001,0
PGY,20161212,0.001,0.001,0.001,0.001,0
PGY,20161213,0.001,0.002,0.001,0.002,204501
PGY,20161214,0.002,0.002,0.002,0.002,0
PGY,20161215,0.001,0.001,0.001,0.001,1500000
PGY,20161216,0.001,0.001,0.001,0.001,0
PGY,20161219,0.002,0.002,0.002,0.002,500000
PGY,20161220,0.001,0.001,0.001,0.001,250000
PGY,20161221,0.002,0.002,0.002,0.002,333
PGY,20161222,0.002,0.002,0.002,0.002,0
PGY,20161223,0.001,0.001,0.001,0.001,500000
PGY,20161228,0.002,0.002,0.002,0.002,2000000
PGY,20161229,0.002,0.002,0.002,0.002,0
PGY,20161230,0.001,0.001,0.001,0.001,14000000
PGY,20170103,0.002,0.002,0.001,0.002,4213649
PGY,20170104,0.002,0.002,0.002,0.002,775000
PGY,20170105,0.002,0.002,0.001,0.001,1250000
PGY,20170106,0.001,0.001,0.001,0.001,3500000
PGY,20170109,0.001,0.001,0.001,0.001,0
PGY,20170110,0.001,0.001,0.001,0.001,0
PGY,20170111,0.001,0.001,0.001,0.001,0
PGY,20170112,0.001,0.001,0.001,0.001,500000
PGY,20170113,0.001,0.001,0.001,0.001,13768
PGY,20170116,0.001,0.001,0.001,0.001,0
PGY,20170117,0.001,0.001,0.001,0.001,0
PGY,20170118,0.001,0.001,0.001,0.001,750000
PGY,20170119,0.002,0.002,0.001,0.001,2000000
PGY,20170120,0.001,0.001,0.001,0.001,0
PGY,20170123,0.001,0.001,0.001,0.001,0
PGY,20170124,0.001,0.001,0.001,0.001,1201000
PGY,20170125,0.001,0.001,0.001,0.001,0
PGY,20170127,0.001,0.002,0.001,0.002,1955000
PGY,20170130,0.002,0.002,0.001,0.002,9500000
PGY,20170131,0.002,0.002,0.001,0.001,2250000
PGY,20170201,0.002,0.002,0.002,0.002,2030000
PGY,20170202,0.002,0.002,0.002,0.002,255000
PGY,20170203,0.002,0.002,0.002,0.002,0
PGY,20170206,0.001,0.001,0.001,0.001,149999
PGY,20170207,0.002,0.002,0.002,0.002,500000
PGY,20170208,0.001,0.001,0.001,0.001,153486
PGY,20170209,0.002,0.002,0.002,0.002,500000
PGY,20170210,0.002,0.002,0.001,0.001,3250000
PGY,20170213,0.002,0.002,0.001,0.001,11400000
PGY,20170214,0.001,0.001,0.001,0.001,1000000
PGY,20170215,0.002,0.002,0.002,0.002,300000
PGY,20170216,0.001,0.001,0.001,0.001,1500000
PGY,20170217,0.001,0.001,0.001,0.001,1495000
PGY,20170220,0.001,0.001,0.001,0.001,0
PGY,20170221,0.001,0.001,0.001,0.001,0
PGY,20170222,0.001,0.001,0.001,0.001,0
PGY,20170223,0.001,0.001,0.001,0.001,0
PGY,20170224,0.001,0.001,0.001,0.001,0
PGY,20170227,0.001,0.001,0.001,0.001,1100000
PGY,20170228,0.002,0.002,0.002,0.002,9000000
PGY,20170301,0.002,0.002,0.001,0.001,3750000
PGY,20170302,0.001,0.001,0.001,0.001,0
PGY,20170303,0.001,0.001,0.001,0.001,1000000
PGY,20170306,0.001,0.001,0.001,0.001,0
PGY,20170307,0.002,0.002,0.001,0.001,8392525
PGY,20170308,0.002,0.002,0.001,0.002,3671361
PGY,20170309,0.002,0.002,0.002,0.002,0
PGY,20170310,0.001,0.001,0.001,0.001,100000
PGY,20170313,0.002,0.002,0.002,0.002,55539574
PGY,20170314,0.002,0.002,0.002,0.002,1850000
PGY,20170315,0.003,0.003,0.002,0.002,15795410
PGY,20170316,0.002,0.002,0.002,0.002,4750000
PGY,20170317,0.002,0.002,0.002,0.002,1500000
PGY,20170320,0.002,0.002,0.002,0.002,2000000
PGY,20170321,0.002,0.002,0.002,0.002,4751334
PGY,20170322,0.002,0.002,0.002,0.002,1250001
PGY,20170323,0.002,0.002,0.002,0.002,0
PGY,20170324,0.002,0.002,0.002,0.002,4736328
PGY,20170327,0.002,0.002,0.002,0.002,3145126
PGY,20170328,0.002,0.002,0.002,0.002,1177204
PGY,20170329,0.002,0.002,0.002,0.002,0
PGY,20170330,0.002,0.002,0.002,0.002,10164413
PGY,20170331,0.002,0.002,0.002,0.002,1050000
PGY,20170403,0.002,0.002,0.001,0.001,1550000
PGY,20170404,0.001,0.001,0.001,0.001,0
PGY,20170405,0.002,0.002,0.002,0.002,250000
PGY,20170406,0.002,0.002,0.001,0.001,6000000
PGY,20170407,0.001,0.001,0.001,0.001,0
PGY,20170410,0.001,0.002,0.001,0.002,2001410
PGY,20170411,0.002,0.002,0.001,0.002,20443501
PGY,20170412,0.002,0.002,0.002,0.002,416411
PGY,20170413,0.002,0.002,0.002,0.002,2170000
PGY,20170418,0.002,0.002,0.002,0.002,1130911
PGY,20170419,0.002,0.002,0.002,0.002,3060000
PGY,20170420,0.002,0.002,0.002,0.002,2284032
PGY,20170421,0.002,0.002,0.002,0.002,950000
PGY,20170424,0.002,0.002,0.002,0.002,0
PGY,20170426,0.002,0.002,0.002,0.002,4944444
PGY,20170427,0.002,0.002,0.002,0.002,250000
PGY,20170428,0.002,0.002,0.002,0.002,31485000
PGY,20170501,0.002,0.002,0.001,0.001,1050000
PGY,20170502,0.001,0.001,0.001,0.001,0
PGY,20170503,0.001,0.001,0.001,0.001,0
PGY,20170504,0.001,0.001,0.001,0.001,0
PGY,20170505,0.001,0.001,0.001,0.001,702127
PGY,20170508,0.001,0.001,0.001,0.001,0
PGY,20170509,0.001,0.001,0.001,0.001,0
PGY,20170510,0.001,0.001,0.001,0.001,0
PGY,20170511,0.001,0.001,0.001,0.001,500000
PGY,20170512,0.001,0.001,0.001,0.001,0
PGY,20170515,0.001,0.001,0.001,0.001,1000000
PGY,20170516,0.001,0.001,0.001,0.001,0
PGY,20170517,0.001,0.001,0.001,0.001,0
PGY,20170518,0.001,0.001,0.001,0.001,0
PGY,20170519,0.001,0.001,0.001,0.001,0
PGY,20170522,0.001,0.001,0.001,0.001,0
PGY,20170523,0.001,0.001,0.001,0.001,0
PGY,20170524,0.001,0.001,0.001,0.001,0
PGY,20170525,0.001,0.001,0.001,0.001,0
PGY,20170526,0.001,0.001,0.001,0.001,2000000
PGY,20170529,0.001,0.001,0.001,0.001,0
PGY,20170530,0.001,0.001,0.001,0.001,0
PGY,20170531,0.001,0.001,0.001,0.001,221001
PGY,20170601,0.001,0.001,0.001,0.001,1000000
PGY,20170602,0.001,0.001,0.001,0.001,1000000
PGY,20170605,0.002,0.002,0.002,0.002,700000
PGY,20170606,0.002,0.002,0.002,0.002,0
PGY,20170607,0.001,0.001,0.001,0.001,3000000
PGY,20170608,0.002,0.002,0.002,0.002,999000
PGY,20170609,0.001,0.002,0.001,0.002,47670000
PGY,20170613,0.002,0.002,0.001,0.001,4100000
PGY,20170614,0.001,0.001,0.001,0.001,5121450
PGY,20170615,0.001,0.002,0.001,0.001,1687000
PGY,20170616,0.001,0.001,0.001,0.001,0
PGY,20170619,0.001,0.001,0.001,0.001,0
PGY,20170620,0.001,0.001,0.001,0.001,3800000
PGY,20170621,0.001,0.001,0.001,0.001,0
PGY,20170622,0.001,0.001,0.001,0.001,0
PGY,20170623,0.001,0.001,0.001,0.001,0
PGY,20170626,0.001,0.001,0.001,0.001,1910000
PGY,20170627,0.001,0.001,0.001,0.001,1697635
PGY,20170628,0.001,0.001,0.001,0.001,0
PGY,20170629,0.001,0.001,0.001,0.001,0
PGY,20170630,0.001,0.001,0.001,0.001,1000000
PGY,20170703,0.001,0.001,0.001,0.001,0
PGY,20170704,0.001,0.001,0.001,0.001,0
PGY,20170705,0.002,0.002,0.002,0.002,1000000
PGY,20170706,0.001,0.002,0.001,0.002,2089000
PGY,20170707,0.002,0.002,0.001,0.001,5250000
PGY,20170710,0.001,0.001,0.001,0.001,2960000
PGY,20170711,0.001,0.001,0.001,0.001,0
PGY,20170712,0.001,0.001,0.001,0.001,0
PGY,20170713,0.001,0.001,0.001,0.001,8910932
PGY,20170725,0.05,0.053,0.05,0.053,35000
PGY,20170726,0.053,0.059,0.053,0.059,76652
PGY,20170727,0.071,0.08,0.069,0.08,157801
PGY,20170728,0.081,0.09,0.08,0.08,451013
PGY,20170731,0.08,0.085,0.079,0.079,155172
PGY,20170801,0.08,0.08,0.08,0.08,18127
PGY,20170802,0.08,0.08,0.076,0.076,73580
PGY,20170803,0.074,0.074,0.074,0.074,44037
PGY,20170804,0.07,0.07,0.07,0.07,48127
PGY,20170807,0.07,0.07,0.07,0.07,17120
PGY,20170808,0.07,0.07,0.07,0.07,0
PGY,20170809,0.073,0.073,0.065,0.065,141876
PGY,20170810,0.067,0.067,0.062,0.062,299946
PGY,20170811,0.056,0.056,0.055,0.055,33067
PGY,20170815,0.06,0.06,0.055,0.058,167998
PGY,20170816,0.058,0.059,0.057,0.057,187652
PGY,20170817,0.058,0.061,0.056,0.061,272908
PGY,20170818,0.062,0.062,0.062,0.062,76237
PGY,20170821,0.058,0.07,0.057,0.07,112249
PGY,20170822,0.06,0.06,0.06,0.06,100000
PGY,20170823,0.06,0.06,0.06,0.06,0
PGY,20170824,0.057,0.06,0.054,0.057,272743
PGY,20170825,0.057,0.057,0.057,0.057,0
PGY,20170828,0.057,0.057,0.056,0.057,106020
PGY,20170829,0.057,0.057,0.057,0.057,0
PGY,20170830,0.058,0.06,0.058,0.059,300000
PGY,20170831,0.059,0.059,0.058,0.058,168877
PGY,20170901,0.056,0.056,0.056,0.056,30000
PGY,20170904,0.056,0.056,0.056,0.056,6918
PGY,20170905,0.056,0.056,0.056,0.056,63082
PGY,20170906,0.053,0.056,0.053,0.056,138000
PGY,20170907,0.055,0.055,0.054,0.054,84000
PGY,20170908,0.056,0.056,0.056,0.056,82811
PGY,20170911,0.052,0.052,0.052,0.052,142801
PGY,20170912,0.052,0.052,0.052,0.052,6200
PGY,20170913,0.052,0.052,0.052,0.052,100000
PGY,20170914,0.052,0.052,0.052,0.052,28701
PGY,20170915,0.052,0.055,0.052,0.055,69251
PGY,20170918,0.055,0.055,0.055,0.055,40000
PGY,20170919,0.057,0.057,0.057,0.057,5000
PGY,20170920,0.057,0.057,0.055,0.055,82911
PGY,20170921,0.052,0.052,0.052,0.052,20000
PGY,20170922,0.052,0.052,0.045,0.045,319574
PGY,20170925,0.047,0.052,0.047,0.052,111010
PGY,20170926,0.052,0.052,0.052,0.052,0
PGY,20170927,0.05,0.05,0.046,0.049,146143
PGY,20170928,0.05,0.05,0.05,0.05,149997
PGY,20170929,0.05,0.05,0.047,0.047,56988
PGY,20171002,0.047,0.047,0.047,0.047,86414
PGY,20171003,0.05,0.05,0.049,0.049,117150
PGY,20171004,0.049,0.05,0.049,0.05,79447
PGY,20171005,0.05,0.05,0.05,0.05,0
PGY,20171006,0.05,0.05,0.05,0.05,0
PGY,20171009,0.05,0.052,0.05,0.052,123635
PGY,20171010,0.048,0.048,0.048,0.048,93699
PGY,20171011,0.048,0.048,0.048,0.048,6689
PGY,20171012,0.048,0.048,0.048,0.048,0
PGY,20171013,0.047,0.047,0.046,0.046,104000
PGY,20171016,0.047,0.047,0.047,0.047,25000
PGY,20171017,0.046,0.048,0.046,0.048,103478
PGY,20171018,0.048,0.048,0.048,0.048,0
PGY,20171019,0.048,0.048,0.048,0.048,0
PGY,20171020,0.048,0.048,0.047,0.047,40364
PGY,20171023,0.047,0.047,0.047,0.047,25569
PGY,20171024,0.047,0.05,0.046,0.05,121758
PGY,20171025,0.046,0.046,0.046,0.046,11569
PGY,20171026,0.046,0.046,0.046,0.046,14916
PGY,20171027,0.049,0.052,0.049,0.049,756188
PGY,20171030,0.049,0.05,0.049,0.05,71449
PGY,20171031,0.048,0.049,0.048,0.049,82685
PGY,20171101,0.049,0.049,0.047,0.047,250018
PGY,20171102,0.047,0.047,0.047,0.047,0
PGY,20171103,0.047,0.047,0.047,0.047,20000
PGY,20171106,0.047,0.047,0.047,0.047,34051
PGY,20171107,0.047,0.047,0.047,0.047,20301
PGY,20171108,0.047,0.047,0.047,0.047,0
PGY,20171109,0.049,0.049,0.049,0.049,3816
PGY,20171110,0.049,0.049,0.049,0.049,3816
PGY,20171113,0.05,0.05,0.048,0.05,181729
PGY,20171114,0.048,0.048,0.048,0.048,30969
PGY,20171115,0.048,0.048,0.048,0.048,0
PGY,20171116,0.048,0.048,0.048,0.048,0
PGY,20171117,0.048,0.048,0.048,0.048,0
PGY,20171120,0.051,0.051,0.051,0.051,219185
PGY,20171121,0.051,0.051,0.051,0.051,0
PGY,20171122,0.051,0.051,0.051,0.051,0
PGY,20171123,0.051,0.051,0.051,0.051,0
PGY,20171124,0.055,0.055,0.055,0.055,48000
PGY,20171127,0.053,0.053,0.053,0.053,2953
PGY,20171128,0.049,0.049,0.049,0.049,13884
PGY,20171129,0.049,0.049,0.048,0.048,51551
PGY,20171130,0.05,0.051,0.048,0.048,245435
PGY,20171201,0.048,0.048,0.048,0.048,0
PGY,20171204,0.048,0.048,0.048,0.048,0
PGY,20171205,0.047,0.047,0.047,0.047,5050
PGY,20171206,0.047,0.047,0.047,0.047,0
PGY,20171207,0.047,0.047,0.047,0.047,116435
PGY,20171208,0.047,0.047,0.047,0.047,8569
PGY,20171211,0.047,0.047,0.047,0.047,0
PGY,20171212,0.047,0.047,0.047,0.047,13569
PGY,20171213,0.048,0.048,0.048,0.048,100000
PGY,20171214,0.047,0.047,0.047,0.047,33569
PGY,20171215,0.047,0.047,0.047,0.047,0
PGY,20171218,0.047,0.047,0.047,0.047,17984
PGY,20171219,0.046,0.047,0.045,0.045,90464
PGY,20171220,0.045,0.045,0.045,0.045,0
PGY,20171221,0.046,0.046,0.046,0.046,100000
PGY,20171222,0.047,0.047,0.047,0.047,150000
PGY,20171227,0.048,0.05,0.048,0.05,40000
PGY,20171228,0.05,0.05,0.05,0.05,56048
PGY,20171229,0.05,0.05,0.047,0.047,24511
PGY,20180102,0.047,0.047,0.047,0.047,0
PGY,20180103,0.047,0.05,0.047,0.05,281997
PGY,20180104,0.05,0.05,0.05,0.05,0
PGY,20180105,0.047,0.047,0.047,0.047,75799
PGY,20180108,0.047,0.047,0.047,0.047,0
PGY,20180109,0.047,0.047,0.047,0.047,0
PGY,20180110,0.046,0.046,0.046,0.046,72000
PGY,20180111,0.046,0.046,0.046,0.046,0
PGY,20180112,0.048,0.048,0.046,0.046,97104
PGY,20180115,0.047,0.047,0.047,0.047,18000
PGY,20180116,0.047,0.047,0.047,0.047,0
PGY,20180117,0.047,0.047,0.047,0.047,0
PGY,20180118,0.047,0.047,0.047,0.047,0
PGY,20180119,0.047,0.047,0.046,0.046,3831
PGY,20180122,0.046,0.046,0.046,0.046,64219
PGY,20180123,0.046,0.046,0.046,0.046,34205
PGY,20180124,0.047,0.048,0.047,0.048,79208
PGY,20180125,0.048,0.05,0.048,0.05,70476
PGY,20180129,0.049,0.049,0.048,0.048,194426
PGY,20180130,0.048,0.048,0.048,0.048,0
PGY,20180131,0.047,0.047,0.047,0.047,19792
PGY,20180201,0.046,0.046,0.045,0.046,122047
PGY,20180202,0.046,0.046,0.046,0.046,0
PGY,20180205,0.046,0.046,0.046,0.046,0
PGY,20180207,0.044,0.044,0.044,0.044,0
PGY,20180208,0.043,0.043,0.042,0.042,56526
PGY,20180209,0.042,0.042,0.042,0.042,15190
PGY,20180212,0.042,0.042,0.042,0.042,0
PGY,20180213,0.039,0.04,0.035,0.037,242372
PGY,20180214,0.037,0.037,0.037,0.037,0
PGY,20180215,0.038,0.038,0.038,0.038,13157
PGY,20180216,0.036,0.039,0.036,0.039,33745
PGY,20180219,0.039,0.039,0.039,0.039,0
PGY,20180220,0.036,0.036,0.035,0.035,135074
PGY,20180221,0.035,0.035,0.035,0.035,0
PGY,20180222,0.035,0.035,0.035,0.035,0
PGY,20180223,0.035,0.035,0.035,0.035,0
PGY,20180226,0.03,0.03,0.03,0.03,32120
PGY,20180227,0.03,0.03,0.03,0.03,0
PGY,20180228,0.03,0.03,0.03,0.03,0
PGY,20180301,0.03,0.03,0.03,0.03,0
PGY,20180302,0.027,0.028,0.026,0.028,123139
PGY,20180305,0.028,0.028,0.028,0.028,0
PGY,20180306,0.025,0.025,0.025,0.025,21894
PGY,20180307,0.025,0.027,0.025,0.027,146887
PGY,20180308,0.03,0.03,0.03,0.03,76000
PGY,20180309,0.029,0.029,0.029,0.029,19942
PGY,20180312,0.029,0.05,0.029,0.038,558483
PGY,20180313,0.041,0.041,0.041,0.041,30000
PGY,20180314,0.041,0.041,0.041,0.041,0
PGY,20180315,0.041,0.041,0.041,0.041,0
PGY,20180316,0.036,0.036,0.036,0.036,22200
PGY,20180319,0.036,0.036,0.036,0.036,6
PGY,20180320,0.036,0.036,0.036,0.036,1334
PGY,20180321,0.036,0.036,0.036,0.036,0
PGY,20180322,0.036,0.036,0.036,0.036,0
PGY,20180323,0.036,0.036,0.036,0.036,0
PGY,20180326,0.036,0.036,0.036,0.036,0
PGY,20180327,0.036,0.036,0.036,0.036,17500
PGY,20180328,0.036,0.036,0.036,0.036,0
PGY,20180329,0.036,0.036,0.036,0.036,0
PGY,20180403,0.036,0.036,0.036,0.036,16541
PGY,20180404,0.035,0.036,0.033,0.033,84493
PGY,20180405,0.035,0.035,0.035,0.035,26998
PGY,20180406,0.035,0.036,0.035,0.036,24194
PGY,20180409,0.036,0.036,0.036,0.036,0
PGY,20180410,0.036,0.036,0.036,0.036,0
PGY,20180411,0.034,0.034,0.034,0.034,94428
PGY,20180412,0.035,0.035,0.035,0.035,15000
PGY,20180413,0.035,0.035,0.035,0.035,6851
PGY,20180416,0.035,0.035,0.035,0.035,0
PGY,20180417,0.035,0.035,0.035,0.035,0
PGY,20180418,0.035,0.035,0.035,0.035,0
PGY,20180419,0.035,0.035,0.035,0.035,9860
PGY,20180420,0.036,0.036,0.036,0.036,27000
PGY,20180423,0.034,0.034,0.034,0.034,2
PGY,20180424,0.034,0.034,0.034,0.034,0
PGY,20180426,0.033,0.033,0.03,0.033,20564
PGY,20180427,0.04,0.04,0.04,0.04,10997
PGY,20180430,0.04,0.04,0.04,0.04,0
PGY,20180501,0.04,0.04,0.04,0.04,0
PGY,20180502,0.035,0.035,0.035,0.035,2294
PGY,20180503,0.035,0.035,0.035,0.035,0
PGY,20180504,0.036,0.036,0.036,0.036,200
PGY,20180507,0.036,0.036,0.036,0.036,0
PGY,20180508,0.035,0.035,0.034,0.034,93864
PGY,20180509,0.034,0.034,0.034,0.034,0
PGY,20180510,0.034,0.034,0.032,0.033,81976
PGY,20180511,0.033,0.033,0.033,0.033,89807
PGY,20180514,0.033,0.033,0.033,0.033,0
PGY,20180515,0.033,0.033,0.033,0.033,0
PGY,20180516,0.034,0.034,0.034,0.034,45572
PGY,20180517,0.034,0.034,0.034,0.034,0
PGY,20180518,0.034,0.034,0.033,0.033,84705
PGY,20180521,0.033,0.033,0.033,0.033,20000
PGY,20180522,0.033,0.033,0.033,0.033,0
PGY,20180523,0.036,0.036,0.036,0.036,90690
PGY,20180524,0.036,0.036,0.036,0.036,0
PGY,20180525,0.036,0.036,0.036,0.036,0
PGY,20180528,0.03,0.03,0.03,0.03,50000
PGY,20180529,0.03,0.03,0.03,0.03,21000
PGY,20180530,0.031,0.031,0.029,0.029,113000
PGY,20180531,0.03,0.03,0.029,0.029,57496
PGY,20180601,0.029,0.029,0.029,0.029,0
PGY,20180604,0.029,0.035,0.029,0.035,380690
PGY,20180605,0.035,0.035,0.035,0.035,0
PGY,20180606,0.035,0.035,0.035,0.035,0
PGY,20180607,0.03,0.03,0.025,0.026,417062
PGY,20180608,0.028,0.028,0.028,0.028,7343
PGY,20180612,0.028,0.028,0.028,0.028,0
PGY,20180613,0.028,0.028,0.028,0.028,0
PGY,20180614,0.025,0.028,0.024,0.024,97343
PGY,20180615,0.026,0.026,0.026,0.026,48620
PGY,20180618,0.023,0.023,0.022,0.022,116486
PGY,20180619,0.022,0.022,0.022,0.022,0
PGY,20180620,0.022,0.022,0.022,0.022,0
PGY,20180621,0.022,0.022,0.022,0.022,10000
PGY,20180622,0.022,0.022,0.022,0.022,20743
PGY,20180625,0.023,0.025,0.022,0.025,435425
PGY,20180626,0.025,0.025,0.025,0.025,0
PGY,20180627,0.022,0.022,0.021,0.021,37332
PGY,20180628,0.022,0.022,0.021,0.021,35065
PGY,20180629,0.021,0.021,0.021,0.021,83474
PGY,20180702,0.021,0.021,0.021,0.021,0
PGY,20180703,0.021,0.021,0.02,0.02,124158
PGY,20180704,0.018,0.018,0.018,0.018,22041
PGY,20180705,0.018,0.018,0.015,0.015,302478
PGY,20180706,0.015,0.015,0.015,0.015,0
PGY,20180710,0.015,0.015,0.015,0.015,0
PGY,20180711,0.015,0.015,0.015,0.015,0
PGY,20180712,0.02,0.021,0.017,0.021,362222
PGY,20180713,0.016,0.016,0.015,0.015,139429
PGY,20180716,0.017,0.018,0.017,0.018,105033
PGY,20180717,0.019,0.024,0.019,0.022,175162
PGY,20180718,0.022,0.022,0.022,0.022,0
PGY,20180719,0.022,0.022,0.022,0.022,0
PGY,20180720,0.022,0.022,0.022,0.022,0
PGY,20180723,0.022,0.022,0.022,0.022,0
PGY,20180724,0.022,0.022,0.022,0.022,19000
PGY,20180725,0.022,0.022,0.018,0.02,206238
PGY,20180726,0.02,0.02,0.02,0.02,0
PGY,20180727,0.02,0.02,0.02,0.02,0
PGY,20180730,0.02,0.02,0.02,0.02,0
PGY,20180731,0.02,0.02,0.02,0.02,0
PGY,20180801,0.02,0.02,0.02,0.02,0
PGY,20180802,0.021,0.021,0.021,0.021,109053
PGY,20180803,0.021,0.021,0.021,0.021,0
PGY,20180806,0.021,0.021,0.021,0.021,0
PGY,20180807,0.021,0.021,0.02,0.02,156311
PGY,20180808,0.019,0.019,0.019,0.019,100000
PGY,20180809,0.019,0.019,0.019,0.019,0
PGY,20180810,0.02,0.02,0.02,0.02,200000
PGY,20180813,0.02,0.02,0.02,0.02,0
PGY,20180814,0.02,0.02,0.02,0.02,0
PGY,20180816,0.02,0.02,0.02,0.02,34
PGY,20180817,0.02,0.02,0.02,0.02,0
PGY,20180820,0.023,0.025,0.023,0.025,300000
PGY,20180821,0.028,0.028,0.028,0.028,100000
PGY,20180822,0.028,0.028,0.025,0.025,18000
PGY,20180823,0.025,0.025,0.025,0.025,0
PGY,20180824,0.025,0.025,0.025,0.025,0
PGY,20180827,0.025,0.025,0.025,0.025,0
PGY,20180828,0.025,0.025,0.025,0.025,262517
PGY,20180829,0.023,0.023,0.023,0.023,343507
PGY,20180830,0.024,0.024,0.023,0.023,78412
PGY,20180831,0.023,0.023,0.023,0.023,0
PGY,20180903,0.026,0.027,0.026,0.027,282661
PGY,20180904,0.028,0.028,0.028,0.028,45000
PGY,20180905,0.028,0.028,0.028,0.028,0
PGY,20180906,0.025,0.025,0.025,0.025,24966
PGY,20180907,0.021,0.021,0.021,0.021,47240
PGY,20180910,0.021,0.021,0.021,0.021,0
PGY,20180913,0.021,0.021,0.021,0.021,8785
PGY,20180914,0.021,0.021,0.021,0.021,68975
PGY,20180917,0.021,0.021,0.021,0.021,0
PGY,20180918,0.021,0.021,0.021,0.021,0
PGY,20180919,0.021,0.021,0.021,0.021,0
PGY,20180920,0.024,0.025,0.024,0.025,70000
PGY,20180921,0.025,0.025,0.025,0.025,0
PGY,20180924,0.025,0.025,0.025,0.025,0
PGY,20180925,0.025,0.025,0.025,0.025,0
PGY,20180926,0.025,0.025,0.025,0.025,0
PGY,20180927,0.025,0.025,0.025,0.025,0
PGY,20180928,0.025,0.025,0.025,0.025,0
PGY,20181001,0.025,0.025,0.025,0.025,0
PGY,20181002,0.025,0.025,0.025,0.025,0
PGY,20181003,0.021,0.021,0.021,0.021,204660
PGY,20181004,0.021,0.021,0.021,0.021,0
PGY,20181005,0.022,0.022,0.021,0.021,54250
PGY,20181008,0.021,0.021,0.021,0.021,0
PGY,20181009,0.021,0.021,0.021,0.021,15000
PGY,20181010,0.021,0.021,0.021,0.021,10000
PGY,20181011,0.021,0.021,0.021,0.021,700
PGY,20181012,0.021,0.021,0.021,0.021,0
PGY,20181015,0.021,0.021,0.021,0.021,0
PGY,20181016,0.021,0.021,0.021,0.021,0
PGY,20181017,0.021,0.021,0.021,0.021,118300
PGY,20181018,0.021,0.021,0.021,0.021,0
PGY,20181019,0.021,0.021,0.021,0.021,8500
PGY,20181022,0.021,0.021,0.021,0.021,0
PGY,20181023,0.021,0.021,0.021,0.021,0
PGY,20181024,0.021,0.021,0.021,0.021,0
PGY,20181025,0.021,0.021,0.021,0.021,110000
PGY,20181026,0.021,0.021,0.021,0.021,0
PGY,20181030,0.021,0.021,0.021,0.021,0
PGY,20181031,0.021,0.021,0.021,0.021,40000
PGY,20181101,0.021,0.021,0.021,0.021,0
PGY,20181102,0.021,0.021,0.021,0.021,0
PGY,20181105,0.026,0.026,0.026,0.026,3563
PGY,20181106,0.026,0.026,0.026,0.026,0
PGY,20181107,0.026,0.026,0.026,0.026,0
PGY,20181108,0.026,0.026,0.026,0.026,0
PGY,20181109,0.026,0.026,0.026,0.026,0
PGY,20181112,0.026,0.026,0.026,0.026,0
PGY,20181113,0.026,0.026,0.026,0.026,0
PGY,20181114,0.026,0.026,0.026,0.026,0
PGY,20181115,0.026,0.026,0.026,0.026,0
PGY,20181116,0.021,0.021,0.021,0.021,19931
PGY,20181119,0.021,0.021,0.021,0.021,0
PGY,20181120,0.021,0.021,0.021,0.021,34437
PGY,20181121,0.021,0.021,0.021,0.021,8
PGY,20181122,0.021,0.021,0.021,0.021,0
PGY,20181123,0.021,0.021,0.021,0.021,20000
PGY,20181126,0.021,0.021,0.021,0.021,0
PGY,20181127,0.021,0.021,0.021,0.021,0
PGY,20181128,0.021,0.021,0.021,0.021,104
PGY,20181129,0.023,0.023,0.023,0.023,26640
PGY,20181130,0.023,0.023,0.023,0.023,0
PGY,20181203,0.023,0.023,0.023,0.023,0
PGY,20181204,0.023,0.023,0.023,0.023,0
PGY,20181205,0.023,0.023,0.023,0.023,0
PGY,20181206,0.021,0.021,0.021,0.021,5501
PGY,20181207,0.021,0.021,0.021,0.021,0
PGY,20181210,0.021,0.021,0.021,0.021,0
PGY,20181211,0.021,0.021,0.021,0.021,0
PGY,20181212,0.021,0.021,0.021,0.021,20000
PGY,20181213,0.021,0.021,0.021,0.021,0
PGY,20181214,0.021,0.021,0.021,0.021,0
PGY,20181217,0.021,0.021,0.021,0.021,0
PGY,20181218,0.021,0.021,0.021,0.021,3000
PGY,20181219,0.021,0.021,0.021,0.021,0
PGY,20181220,0.021,0.021,0.021,0.021,13
PGY,20181221,0.021,0.021,0.021,0.021,0
PGY,20181224,0.021,0.021,0.021,0.021,0
PGY,20181227,0.021,0.021,0.021,0.021,0
PGY,20181228,0.02,0.02,0.02,0.02,100000
PGY,20181231,0.02,0.02,0.02,0.02,0
PGY,20190102,0.02,0.02,0.02,0.02,0
PGY,20190103,0.018,0.018,0.018,0.018,202083
PGY,20190104,0.017,0.017,0.015,0.015,55812
PGY,20190107,0.015,0.015,0.015,0.015,0
PGY,20190108,0.015,0.015,0.015,0.015,0
PGY,20190109,0.015,0.015,0.015,0.015,0
PGY,20190110,0.015,0.015,0.015,0.015,0
PGY,20190111,0.015,0.015,0.015,0.015,0
PGY,20190114,0.015,0.015,0.015,0.015,0
PGY,20190115,0.015,0.015,0.015,0.015,0
PGY,20190116,0.015,0.015,0.015,0.015,9054
PGY,20190117,0.015,0.015,0.015,0.015,0
PGY,20190118,0.015,0.015,0.015,0.015,0
PGY,20190121,0.015,0.015,0.015,0.015,0
PGY,20190122,0.015,0.015,0.015,0.015,0
PGY,20190123,0.017,0.017,0.017,0.017,14600
PGY,20190124,0.017,0.017,0.017,0.017,0
PGY,20190125,0.017,0.017,0.017,0.017,0
PGY,20190129,0.017,0.017,0.017,0.017,0
PGY,20190130,0.017,0.017,0.017,0.017,0
PGY,20190131,0.017,0.017,0.017,0.017,0
PGY,20190201,0.017,0.017,0.017,0.017,0
PGY,20190204,0.017,0.017,0.017,0.017,0
PGY,20190205,0.018,0.018,0.018,0.018,9200
PGY,20190206,0.018,0.018,0.018,0.018,0
PGY,20190207,0.018,0.018,0.018,0.018,0
PGY,20190208,0.018,0.018,0.018,0.018,50000
PGY,20190211,0.018,0.018,0.018,0.018,0
PGY,20190212,0.018,0.018,0.018,0.018,0
PGY,20190213,0.018,0.018,0.018,0.018,0
PGY,20190214,0.018,0.018,0.018,0.018,0
PGY,20190215,0.018,0.018,0.018,0.018,0
PGY,20190218,0.018,0.018,0.018,0.018,0
PGY,20190219,0.018,0.018,0.018,0.018,0
PGY,20190220,0.018,0.018,0.018,0.018,0
PGY,20190221,0.018,0.018,0.016,0.016,119100
PGY,20190222,0.016,0.016,0.016,0.016,0
PGY,20190225,0.016,0.016,0.016,0.016,0
PGY,20190226,0.016,0.016,0.016,0.016,0
PGY,20190227,0.016,0.016,0.016,0.016,30000
PGY,20190228,0.018,0.018,0.018,0.018,30000
PGY,20190301,0.018,0.018,0.018,0.018,0
PGY,20190304,0.018,0.018,0.018,0.018,0
PGY,20190305,0.018,0.018,0.018,0.018,0
PGY,20190306,0.018,0.018,0.018,0.018,0
PGY,20190307,0.018,0.018,0.018,0.018,0
PGY,20190308,0.016,0.016,0.016,0.016,2952
PGY,20190311,0.016,0.016,0.013,0.013,10276
PGY,20190312,0.016,0.019,0.016,0.019,597610
PGY,20190313,0.02,0.02,0.017,0.017,86288
PGY,20190314,0.017,0.017,0.017,0.017,0
PGY,20190315,0.017,0.017,0.017,0.017,0
PGY,20190318,0.017,0.017,0.017,0.017,11934
PGY,20190319,0.017,0.017,0.017,0.017,0
PGY,20190320,0.017,0.017,0.017,0.017,0
PGY,20190321,0.017,0.017,0.017,0.017,0
PGY,20190322,0.017,0.017,0.017,0.017,21378
PGY,20190325,0.017,0.017,0.017,0.017,0
PGY,20190326,0.017,0.017,0.017,0.017,0
PGY,20190327,0.017,0.017,0.017,0.017,0
PGY,20190328,0.013,0.013,0.013,0.013,18000
PGY,20190329,0.013,0.013,0.013,0.013,0
PGY,20190401,0.015,0.015,0.015,0.015,300000
PGY,20190402,0.015,0.015,0.015,0.015,0
PGY,20190403,0.015,0.015,0.015,0.015,0
PGY,20190404,0.013,0.013,0.013,0.013,105448
PGY,20190405,0.013,0.013,0.013,0.013,0
PGY,20190408,0.013,0.013,0.013,0.013,1000
PGY,20190409,0.013,0.013,0.013,0.013,0
PGY,20190410,0.013,0.013,0.013,0.013,0
PGY,20190411,0.013,0.013,0.013,0.013,0
PGY,20190412,0.013,0.013,0.013,0.013,0
PGY,20190415,0.013,0.013,0.013,0.013,0
PGY,20190416,0.013,0.013,0.013,0.013,96359
PGY,20190417,0.013,0.013,0.013,0.013,0
PGY,20190418,0.013,0.013,0.013,0.013,0
PGY,20190423,0.013,0.013,0.013,0.013,0
PGY,20190424,0.013,0.013,0.013,0.013,0
PGY,20190426,0.013,0.013,0.013,0.013,0
PGY,20190429,0.013,0.013,0.013,0.013,67
PGY,20190430,0.013,0.013,0.013,0.013,27000
PGY,20190501,0.013,0.014,0.013,0.014,28562
PGY,20190502,0.014,0.014,0.014,0.014,0
PGY,20190503,0.014,0.014,0.014,0.014,0
PGY,20190506,0.014,0.014,0.014,0.014,0
PGY,20190507,0.014,0.014,0.014,0.014,0
PGY,20190508,0.014,0.014,0.014,0.014,0
PGY,20190509,0.014,0.014,0.014,0.014,0
PGY,20190510,0.014,0.014,0.014,0.014,30000
PGY,20190513,0.014,0.014,0.014,0.014,0
PGY,20190514,0.013,0.013,0.013,0.013,50126
PGY,20190515,0.013,0.013,0.013,0.013,14874
PGY,20190516,0.013,0.013,0.013,0.013,0
PGY,20190517,0.013,0.013,0.013,0.013,0
PGY,20190520,0.011,0.011,0.011,0.011,31560
PGY,20190521,0.011,0.011,0.011,0.011,0
PGY,20190522,0.011,0.011,0.011,0.011,0
PGY,20190523,0.011,0.011,0.011,0.011,0
PGY,20190524,0.012,0.013,0.012,0.013,203154
PGY,20190527,0.013,0.013,0.013,0.013,0
PGY,20190528,0.013,0.013,0.013,0.013,0
PGY,20190529,0.013,0.013,0.013,0.013,0
PGY,20190530,0.013,0.013,0.013,0.013,100000
PGY,20190531,0.013,0.013,0.013,0.013,0
PGY,20190603,0.013,0.013,0.013,0.013,0
PGY,20190604,0.013,0.013,0.013,0.013,0
PGY,20190605,0.011,0.011,0.011,0.011,31285
PGY,20190606,0.011,0.011,0.011,0.011,66003
PGY,20190607,0.011,0.011,0.011,0.011,0
PGY,20190611,0.011,0.011,0.011,0.011,0
PGY,20190612,0.01,0.01,0.009,0.009,300000
PGY,20190613,0.009,0.014,0.009,0.014,524151
PGY,20190614,0.012,0.012,0.012,0.012,14176
PGY,20190617,0.011,0.011,0.011,0.011,100000
PGY,20190618,0.011,0.011,0.011,0.011,0
PGY,20190619,0.011,0.011,0.011,0.011,0
PGY,20190620,0.01,0.01,0.01,0.01,369947
PGY,20190621,0.01,0.01,0.01,0.01,5000
PGY,20190624,0.01,0.01,0.01,0.01,50000
PGY,20190625,0.01,0.01,0.009,0.009,456723
PGY,20190626,0.009,0.009,0.009,0.009,0
PGY,20190627,0.009,0.009,0.009,0.009,0
PGY,20190628,0.01,0.01,0.01,0.01,177608
PGY,20190701,0.01,0.01,0.01,0.01,0
PGY,20190702,0.012,0.012,0.012,0.012,1330
PGY,20190703,0.012,0.012,0.012,0.012,0
PGY,20190704,0.012,0.012,0.012,0.012,0
PGY,20190705,0.014,0.014,0.014,0.014,121625
PGY,20190708,0.014,0.014,0.014,0.014,0
PGY,20190709,0.014,0.014,0.014,0.014,0
PGY,20190710,0.014,0.014,0.014,0.014,0
PGY,20190711,0.014,0.014,0.014,0.014,92806
PGY,20190712,0.014,0.014,0.014,0.014,0
PGY,20190715,0.014,0.014,0.014,0.014,0
PGY,20190716,0.014,0.014,0.014,0.014,0
PGY,20190717,0.014,0.014,0.014,0.014,0
PGY,20190718,0.014,0.014,0.014,0.014,37105
PGY,20190719,0.014,0.014,0.014,0.014,268526
PGY,20190722,0.015,0.015,0.015,0.015,1474
PGY,20190723,0.015,0.015,0.015,0.015,0
PGY,20190724,0.015,0.015,0.015,0.015,0
PGY,20190725,0.012,0.012,0.012,0.012,13200
PGY,20190726,0.012,0.012,0.012,0.012,0
PGY,20190729,0.014,0.014,0.014,0.014,10733
PGY,20190730,0.014,0.016,0.014,0.016,256623
PGY,20190731,0.016,0.016,0.016,0.016,0
PGY,20190801,0.016,0.016,0.016,0.016,0
PGY,20190802,0.016,0.016,0.016,0.016,0
PGY,20190805,0.016,0.016,0.016,0.016,0
PGY,20190806,0.016,0.016,0.016,0.016,0
PGY,20190807,0.016,0.016,0.016,0.016,0
PGY,20190808,0.016,0.016,0.016,0.016,0
PGY,20190809,0.016,0.016,0.016,0.016,0
PGY,20190812,0.016,0.016,0.016,0.016,0
PGY,20190813,0.016,0.016,0.016,0.016,0
PGY,20190814,0.016,0.016,0.016,0.016,0
PGY,20190815,0.016,0.016,0.016,0.016,0
PGY,20190816,0.016,0.016,0.016,0.016,0
PGY,20190819,0.016,0.016,0.016,0.016,0
PGY,20190820,0.016,0.016,0.016,0.016,0
PGY,20190821,0.016,0.016,0.016,0.016,0
PGY,20190822,0.016,0.016,0.016,0.016,0
PGY,20190823,0.016,0.016,0.016,0.016,0
PGY,20190826,0.016,0.016,0.016,0.016,0
PGY,20190827,0.016,0.016,0.016,0.016,0
PGY,20190828,0.025,0.025,0.025,0.025,28386
PGY,20190829,0.029,0.031,0.021,0.021,859571
PGY,20190830,0.023,0.057,0.023,0.045,2075492
PGY,20190902,0.055,0.071,0.05,0.05,3293693
PGY,20190903,0.049,0.053,0.045,0.049,1657567
PGY,20190904,0.047,0.062,0.046,0.061,1265950
PGY,20190905,0.061,0.097,0.061,0.096,7007214
PGY,20190906,0.1,0.1,0.069,0.075,5498869
PGY,20190909,0.07,0.072,0.055,0.056,2561220
PGY,20190910,0.057,0.062,0.05,0.05,2872730
PGY,20190911,0.054,0.056,0.039,0.042,2670255
PGY,20190912,0.043,0.05,0.043,0.048,1167660
PGY,20190913,0.05,0.05,0.044,0.045,732828
PGY,20190916,0.046,0.046,0.037,0.037,371696
PGY,20190917,0.043,0.043,0.041,0.041,185968
PGY,20190918,0.041,0.041,0.038,0.041,50816
PGY,20190919,0.039,0.047,0.039,0.047,357077
PGY,20190920,0.047,0.051,0.045,0.045,443897
PGY,20190923,0.043,0.051,0.043,0.048,87721
PGY,20190924,0.045,0.046,0.045,0.046,8791
PGY,20190925,0.046,0.046,0.046,0.046,39968
PGY,20190926,0.045,0.049,0.043,0.043,469595
PGY,20190927,0.042,0.042,0.036,0.039,367020
PGY,20190930,0.035,0.035,0.029,0.031,1563749
PGY,20191001,0.03,0.034,0.03,0.034,345800
PGY,20191002,0.032,0.033,0.032,0.032,275652
PGY,20191003,0.034,0.045,0.034,0.038,1275500
PGY,20191004,0.038,0.039,0.038,0.038,152659
PGY,20191007,0.038,0.038,0.038,0.038,0
PGY,20191008,0.038,0.038,0.038,0.038,220041
PGY,20191009,0.04,0.042,0.04,0.042,121539
PGY,20191010,0.042,0.042,0.04,0.04,50500
PGY,20191011,0.043,0.045,0.043,0.045,162257
PGY,20191014,0.045,0.045,0.045,0.045,0
PGY,20191015,0.045,0.045,0.045,0.045,0
PGY,20191016,0.045,0.045,0.045,0.045,0
PGY,20191017,0.045,0.045,0.045,0.045,0
PGY,20191018,0.041,0.041,0.041,0.041,129035
PGY,20191021,0.044,0.044,0.041,0.041,33777
PGY,20191022,0.041,0.041,0.041,0.041,59034
PGY,20191023,0.041,0.041,0.039,0.039,230382
PGY,20191024,0.04,0.04,0.04,0.04,66940
PGY,20191025,0.04,0.04,0.033,0.037,254656
PGY,20191028,0.034,0.034,0.032,0.032,142512
PGY,20191029,0.031,0.031,0.031,0.031,12264
PGY,20191030,0.034,0.034,0.033,0.033,129697
PGY,20191031,0.033,0.033,0.033,0.033,30000
PGY,20191101,0.032,0.032,0.032,0.032,7000
PGY,20191104,0.032,0.032,0.032,0.032,87827
PGY,20191105,0.032,0.032,0.032,0.032,0
PGY,20191106,0.032,0.032,0.032,0.032,0
PGY,20191107,0.032,0.032,0.032,0.032,75000
PGY,20191108,0.03,0.03,0.027,0.027,420590
PGY,20191111,0.027,0.027,0.024,0.024,267431
PGY,20191112,0.024,0.024,0.024,0.024,554177
PGY,20191113,0.023,0.023,0.022,0.023,230722
PGY,20191114,0.023,0.023,0.023,0.023,0
PGY,20191115,0.023,0.023,0.023,0.023,0
PGY,20191118,0.023,0.023,0.023,0.023,0
PGY,20191119,0.022,0.022,0.021,0.021,100000
PGY,20191120,0.022,0.022,0.022,0.022,19278
PGY,20191121,0.022,0.022,0.022,0.022,0
PGY,20191122,0.022,0.022,0.022,0.022,0
PGY,20191125,0.022,0.022,0.022,0.022,12090
PGY,20191126,0.022,0.022,0.021,0.021,330084
PGY,20191127,0.018,0.018,0.018,0.018,41461
PGY,20191128,0.019,0.019,0.018,0.018,191958
PGY,20191129,0.019,0.019,0.019,0.019,13865
PGY,20191202,0.019,0.019,0.019,0.019,9552
PGY,20191203,0.019,0.019,0.019,0.019,11248
PGY,20191204,0.019,0.019,0.019,0.019,0
PGY,20191205,0.019,0.019,0.019,0.019,0
PGY,20191206,0.019,0.019,0.019,0.019,0
PGY,20191209,0.019,0.019,0.019,0.019,0
PGY,20191210,0.019,0.019,0.019,0.019,0
PGY,20191211,0.019,0.019,0.019,0.019,0
PGY,20191212,0.019,0.019,0.019,0.019,0
PGY,20191213,0.02,0.02,0.02,0.02,19190
PGY,20191216,0.02,0.02,0.02,0.02,8410
PGY,20191217,0.02,0.02,0.02,0.02,0
PGY,20191218,0.02,0.02,0.02,0.02,0
PGY,20191219,0.02,0.02,0.02,0.02,0
PGY,20191220,0.02,0.02,0.02,0.02,0
PGY,20191223,0.02,0.02,0.02,0.02,18733
PGY,20191224,0.024,0.024,0.02,0.02,209083
PGY,20191227,0.02,0.022,0.02,0.022,89327
PGY,20191230,0.022,0.022,0.022,0.022,0
PGY,20191231,0.022,0.022,0.022,0.022,0
PGY,20200102,0.022,0.022,0.022,0.022,0
PGY,20200103,0.022,0.022,0.022,0.022,88000
PGY,20200106,0.022,0.025,0.022,0.022,226278
PGY,20200107,0.022,0.022,0.022,0.022,0
PGY,20200108,0.022,0.022,0.022,0.022,0
PGY,20200109,0.022,0.022,0.022,0.022,0
PGY,20200113,0.02,0.02,0.02,0.02,0
PGY,20200114,0.02,0.02,0.02,0.02,0
PGY,20200115,0.02,0.02,0.02,0.02,0
PGY,20200116,0.02,0.02,0.02,0.02,0
PGY,20200117,0.019,0.019,0.019,0.019,181748
PGY,20200120,0.019,0.019,0.018,0.018,90582
PGY,20200121,0.018,0.022,0.018,0.021,1227691
PGY,20200122,0.024,0.024,0.023,0.023,257433
PGY,20200123,0.024,0.025,0.024,0.025,131618
PGY,20200124,0.025,0.025,0.025,0.025,79000
PGY,20200128,0.025,0.025,0.025,0.025,0
PGY,20200129,0.025,0.025,0.025,0.025,202
PGY,20200130,0.021,0.021,0.021,0.021,302441
PGY,20200203,0.021,0.021,0.021,0.021,0
PGY,20200204,0.021,0.021,0.021,0.021,0
PGY,20200205,0.021,0.021,0.021,0.021,0
PGY,20200210,0.018,0.018,0.018,0.018,0
PGY,20200211,0.018,0.018,0.018,0.018,0
PGY,20200212,0.018,0.018,0.018,0.018,32812
PGY,20200213,0.018,0.018,0.018,0.018,23000
PGY,20200214,0.018,0.018,0.018,0.018,0
PGY,20200217,0.021,0.021,0.021,0.021,20000
PGY,20200218,0.021,0.021,0.021,0.021,0
PGY,20200219,0.021,0.021,0.021,0.021,0
PGY,20200220,0.02,0.02,0.019,0.019,100000
PGY,20200221,0.018,0.018,0.018,0.018,116206
PGY,20200224,0.018,0.018,0.018,0.018,100000
PGY,20200225,0.018,0.019,0.018,0.019,26424
PGY,20200226,0.019,0.019,0.019,0.019,0
PGY,20200227,0.019,0.019,0.019,0.019,0
PGY,20200228,0.019,0.019,0.019,0.019,0
PGY,20200302,0.019,0.019,0.019,0.019,0
PGY,20200303,0.019,0.019,0.019,0.019,0
PGY,20200304,0.019,0.019,0.019,0.019,0
PGY,20200305,0.019,0.019,0.019,0.019,0
PGY,20200306,0.015,0.015,0.015,0.015,54607
PGY,20200309,0.015,0.015,0.013,0.015,108327
PGY,20200310,0.013,0.013,0.012,0.012,235000
PGY,20200311,0.012,0.012,0.012,0.012,0
PGY,20200312,0.012,0.012,0.012,0.012,0
PGY,20200313,0.012,0.012,0.012,0.012,200008
PGY,20200316,0.012,0.012,0.012,0.012,0
PGY,20200317,0.012,0.012,0.012,0.012,0
PGY,20200318,0.012,0.012,0.012,0.012,52058
PGY,20200319,0.011,0.011,0.011,0.011,227942
PGY,20200320,0.012,0.012,0.012,0.012,41000
PGY,20200323,0.012,0.012,0.012,0.012,0
PGY,20200324,0.012,0.012,0.012,0.012,0
PGY,20200325,0.012,0.012,0.012,0.012,35660
PGY,20200326,0.012,0.012,0.012,0.012,140989
PGY,20200327,0.012,0.012,0.012,0.012,135000
PGY,20200330,0.012,0.012,0.012,0.012,0
PGY,20200331,0.012,0.012,0.012,0.012,0
PGY,20200401,0.012,0.012,0.012,0.012,0
PGY,20200402,0.012,0.012,0.012,0.012,0
PGY,20200403,0.012,0.012,0.012,0.012,0
PGY,20200406,0.012,0.012,0.012,0.012,0
PGY,20200407,0.012,0.012,0.012,0.012,0
PGY,20200408,0.012,0.012,0.012,0.012,0
PGY,20200409,0.012,0.012,0.012,0.012,56000
PGY,20200414,0.012,0.012,0.012,0.012,0
PGY,20200415,0.012,0.012,0.012,0.012,30000
PGY,20200416,0.012,0.012,0.012,0.012,0
PGY,20200417,0.012,0.012,0.012,0.012,12450
PGY,20200420,0.013,0.015,0.012,0.012,739409
PGY,20200421,0.012,0.012,0.012,0.012,0
PGY,20200422,0.012,0.012,0.012,0.012,0
PGY,20200423,0.013,0.013,0.012,0.012,1635041
PGY,20200424,0.012,0.012,0.012,0.012,0
PGY,20200427,0.012,0.012,0.012,0.012,113
PGY,20200428,0.012,0.012,0.01,0.012,830000
PGY,20200429,0.012,0.012,0.012,0.012,0
PGY,20200430,0.012,0.012,0.012,0.012,53696
PGY,20200501,0.012,0.012,0.01,0.01,108000
PGY,20200504,0.011,0.011,0.011,0.011,210958
PGY,20200505,0.011,0.011,0.011,0.011,0
PGY,20200506,0.011,0.011,0.011,0.011,181818
PGY,20200507,0.011,0.011,0.011,0.011,0
PGY,20200508,0.011,0.011,0.011,0.011,100000
PGY,20200511,0.011,0.011,0.011,0.011,0
PGY,20200512,0.011,0.011,0.011,0.011,0
PGY,20200513,0.013,0.016,0.013,0.016,90000
PGY,20200514,0.02,0.022,0.019,0.02,282320
PGY,20200515,0.02,0.02,0.02,0.02,0
PGY,20200518,0.02,0.02,0.02,0.02,0
PGY,20200519,0.02,0.02,0.02,0.02,7288
PGY,20200520,0.02,0.02,0.014,0.015,972670
PGY,20200521,0.017,0.02,0.015,0.018,579560
PGY,20200522,0.018,0.018,0.018,0.018,0
PGY,20200525,0.018,0.018,0.018,0.018,0
PGY,20200526,0.018,0.018,0.018,0.018,0
PGY,20200527,0.017,0.018,0.017,0.017,140777
PGY,20200528,0.017,0.026,0.017,0.023,1272900
PGY,20200529,0.022,0.023,0.02,0.023,464822
PGY,20200601,0.025,0.026,0.024,0.024,240828
PGY,20200602,0.018,0.019,0.018,0.018,323999
PGY,20200603,0.018,0.018,0.018,0.018,135000
PGY,20200604,0.018,0.018,0.018,0.018,0
PGY,20200605,0.018,0.018,0.018,0.018,0
PGY,20200609,0.02,0.026,0.02,0.022,971320
PGY,20200610,0.025,0.026,0.021,0.021,1112500
PGY,20200611,0.021,0.021,0.021,0.021,88500
PGY,20200612,0.021,0.021,0.021,0.021,0
PGY,20200615,0.021,0.021,0.021,0.021,0
PGY,20200616,0.021,0.021,0.021,0.021,119047
PGY,20200617,0.021,0.021,0.021,0.021,35238
PGY,20200618,0.021,0.021,0.021,0.021,0
PGY,20200619,0.021,0.023,0.021,0.023,165000
PGY,20200622,0.022,0.022,0.02,0.02,171475
PGY,20200623,0.02,0.02,0.02,0.02,358886
PGY,20200624,0.02,0.02,0.02,0.02,0
PGY,20200625,0.02,0.02,0.02,0.02,0
PGY,20200626,0.021,0.021,0.02,0.02,206800
PGY,20200629,0.019,0.019,0.018,0.018,190000
PGY,20200630,0.018,0.018,0.018,0.018,50000
PGY,20200701,0.02,0.02,0.02,0.02,148200
PGY,20200702,0.02,0.02,0.02,0.02,0
PGY,20200703,0.02,0.02,0.018,0.018,39927
PGY,20200706,0.018,0.018,0.018,0.018,0
PGY,20200707,0.018,0.018,0.018,0.018,0
PGY,20200708,0.018,0.018,0.018,0.018,0
PGY,20200709,0.018,0.018,0.018,0.018,0
PGY,20200710,0.018,0.018,0.018,0.018,0
PGY,20200713,0.018,0.018,0.018,0.018,0
PGY,20200714,0.018,0.018,0.018,0.018,30000
PGY,20200715,0.019,0.019,0.019,0.019,446517
PGY,20200716,0.019,0.019,0.019,0.019,0
PGY,20200717,0.019,0.019,0.019,0.019,0
PGY,20200720,0.019,0.019,0.019,0.019,0
PGY,20200721,0.019,0.019,0.019,0.019,0
PGY,20200722,0.019,0.019,0.019,0.019,115000
PGY,20200723,0.02,0.02,0.02,0.02,44444
PGY,20200724,0.019,0.019,0.019,0.019,220000
PGY,20200727,0.019,0.019,0.019,0.019,30000
PGY,20200728,0.019,0.019,0.019,0.019,0
PGY,20200729,0.019,0.019,0.019,0.019,0
PGY,20200730,0.019,0.019,0.019,0.019,0
PGY,20200731,0.019,0.019,0.019,0.019,155399
PGY,20200803,0.019,0.019,0.019,0.019,0
PGY,20200804,0.019,0.019,0.019,0.019,8848
PGY,20200805,0.019,0.019,0.019,0.019,0
PGY,20200806,0.019,0.019,0.018,0.018,26000
PGY,20200807,0.018,0.018,0.018,0.018,0
PGY,20200810,0.018,0.018,0.018,0.018,0
PGY,20200811,0.02,0.021,0.02,0.021,200000
PGY,20200812,0.022,0.022,0.021,0.021,300000
PGY,20200813,0.021,0.021,0.021,0.021,0
PGY,20200814,0.023,0.035,0.021,0.034,1509802
PGY,20200817,0.042,0.05,0.04,0.049,970052
PGY,20200818,0.055,0.057,0.041,0.041,1798247
PGY,20200819,0.043,0.043,0.043,0.043,15000
PGY,20200820,0.043,0.043,0.043,0.043,51163
PGY,20200821,0.04,0.04,0.037,0.037,356900
PGY,20200824,0.037,0.037,0.037,0.037,0
PGY,20200825,0.037,0.037,0.037,0.037,0
PGY,20200826,0.042,0.045,0.038,0.038,1491531
PGY,20200827,0.038,0.038,0.033,0.033,271182
PGY,20200828,0.034,0.034,0.033,0.033,514362
PGY,20200831,0.032,0.032,0.032,0.032,14525
PGY,20200901,0.032,0.032,0.027,0.027,160000
PGY,20200902,0.028,0.028,0.028,0.028,377000
PGY,20200903,0.029,0.03,0.029,0.03,45620
PGY,20200904,0.042,0.043,0.038,0.04,1753912
PGY,20200907,0.041,0.051,0.041,0.051,1119198
PGY,20200908,0.052,0.052,0.036,0.043,1087650
PGY,20200909,0.039,0.039,0.039,0.039,167500
PGY,20200910,0.035,0.035,0.026,0.028,1664220
PGY,20200911,0.028,0.038,0.028,0.037,1240229
PGY,20200914,0.037,0.037,0.036,0.036,77183
PGY,20200915,0.036,0.04,0.035,0.038,764945
PGY,20200916,0.038,0.047,0.037,0.047,333781
PGY,20200917,0.045,0.045,0.036,0.036,120000
PGY,20200918,0.037,0.04,0.036,0.04,538710
PGY,20200921,0.04,0.04,0.04,0.04,0
PGY,20200922,0.04,0.04,0.04,0.04,0
PGY,20200923,0.04,0.04,0.04,0.04,0
PGY,20200924,0.04,0.04,0.04,0.04,0
PGY,20200925,0.045,0.069,0.043,0.043,5361579
PGY,20200928,0.044,0.044,0.037,0.042,833757
PGY,20200929,0.038,0.038,0.037,0.038,29200
PGY,20200930,0.037,0.037,0.031,0.034,1478628
PGY,20201001,0.04,0.04,0.033,0.035,317705
PGY,20201002,0.033,0.033,0.028,0.032,1024074
PGY,20201005,0.032,0.032,0.032,0.032,49588
PGY,20201006,0.032,0.035,0.03,0.031,1201621
PGY,20201007,0.031,0.032,0.029,0.032,544564
PGY,20201008,0.031,0.031,0.03,0.031,346945
PGY,20201009,0.031,0.031,0.03,0.03,372239
PGY,20201012,0.032,0.033,0.031,0.033,446572
PGY,20201013,0.033,0.033,0.031,0.031,33100
PGY,20201014,0.032,0.032,0.031,0.031,550121
PGY,20201015,0.032,0.037,0.032,0.037,504968
PGY,20201016,0.035,0.035,0.033,0.034,255515
PGY,20201019,0.034,0.034,0.031,0.031,789899
PGY,20201020,0.033,0.033,0.033,0.033,165149
PGY,20201021,0.033,0.033,0.033,0.033,20500
PGY,20201022,0.036,0.036,0.031,0.031,819198
PGY,20201023,0.032,0.032,0.032,0.032,19787
PGY,20201026,0.035,0.035,0.031,0.031,1457071
PGY,20201027,0.031,0.035,0.031,0.033,210606
PGY,20201028,0.032,0.032,0.031,0.031,85550
PGY,20201029,0.03,0.031,0.03,0.03,346521
PGY,20201030,0.029,0.029,0.026,0.026,1933219
PGY,20201102,0.026,0.027,0.026,0.026,192261
PGY,20201103,0.026,0.026,0.026,0.026,75669
PGY,20201104,0.03,0.03,0.03,0.03,38562
PGY,20201105,0.027,0.03,0.027,0.03,150090
PGY,20201106,0.028,0.028,0.028,0.028,12000
PGY,20201109,0.029,0.03,0.029,0.03,363420
PGY,20201110,0.029,0.029,0.029,0.029,226142
PGY,20201111,0.03,0.03,0.025,0.025,996487
PGY,20201112,0.027,0.027,0.026,0.026,83077
PGY,20201113,0.029,0.029,0.029,0.029,18000
PGY,20201116,0.029,0.029,0.029,0.029,0
PGY,20201117,0.03,0.03,0.026,0.026,737067
PGY,20201118,0.026,0.026,0.024,0.026,1628678
PGY,20201120,0.03,0.031,0.029,0.03,640564
PGY,20201123,0.03,0.03,0.03,0.03,150000
PGY,20201124,0.029,0.029,0.027,0.027,244103
PGY,20201125,0.029,0.03,0.029,0.029,650000
PGY,20201126,0.028,0.028,0.028,0.028,235714
PGY,20201127,0.027,0.03,0.027,0.03,421826
PGY,20201130,0.03,0.03,0.03,0.03,0
PGY,20201201,0.03,0.031,0.03,0.031,263346
PGY,20201202,0.031,0.031,0.031,0.031,0
PGY,20201203,0.03,0.03,0.03,0.03,17000
PGY,20201204,0.03,0.03,0.029,0.029,200000
PGY,20201207,0.028,0.028,0.028,0.028,230076
PGY,20201208,0.028,0.028,0.028,0.028,257924
PGY,20201209,0.029,0.029,0.029,0.029,83100
PGY,20201210,0.031,0.032,0.031,0.032,165715
PGY,20201211,0.031,0.031,0.03,0.031,381495
PGY,20201214,0.033,0.038,0.033,0.035,922145
PGY,20201215,0.036,0.036,0.034,0.034,502806
PGY,20201216,0.036,0.038,0.036,0.038,212988
PGY,20201217,0.039,0.044,0.039,0.039,2286176
PGY,20201218,0.038,0.038,0.033,0.033,1532274
PGY,20201221,0.033,0.033,0.029,0.03,1147659
PGY,20201222,0.03,0.03,0.026,0.03,3570240
PGY,20201224,0.027,0.027,0.027,0.027,0
PGY,20201229,0.029,0.029,0.026,0.026,1099166
PGY,20201230,0.029,0.029,0.028,0.029,492251
PGY,20201231,0.029,0.029,0.029,0.029,0
PGY,20210104,0.029,0.031,0.029,0.03,590425
PGY,20210105,0.029,0.029,0.027,0.027,172497
PGY,20210106,0.029,0.03,0.028,0.028,1074134
PGY,20210107,0.03,0.03,0.029,0.029,1596360
PGY,20210108,0.03,0.035,0.03,0.035,4116797
PGY,20210111,0.035,0.037,0.034,0.035,3958790
PGY,20210112,0.034,0.034,0.033,0.033,1872925
PGY,20210113,0.034,0.035,0.032,0.035,1286778
PGY,20210114,0.034,0.034,0.03,0.03,1654293
PGY,20210115,0.03,0.03,0.03,0.03,66047
PGY,20210118,0.031,0.039,0.031,0.035,2637175
PGY,20210119,0.035,0.04,0.034,0.039,1827056
PGY,20210120,0.043,0.047,0.043,0.046,3106858
PGY,20210121,0.046,0.052,0.038,0.043,6775397
PGY,20210122,0.045,0.049,0.044,0.048,2854142
PGY,20210125,0.05,0.057,0.05,0.056,6086360
PGY,20210127,0.056,0.057,0.046,0.05,2878836
PGY,20210128,0.049,0.049,0.044,0.044,1031000
PGY,20210129,0.047,0.053,0.043,0.043,3702984
PGY,20210201,0.042,0.05,0.036,0.05,2671119
PGY,20210203,0.049,0.056,0.048,0.051,1356516
PGY,20210204,0.054,0.056,0.048,0.052,2210443
PGY,20210205,0.053,0.054,0.049,0.049,1099670
PGY,20210208,0.049,0.066,0.049,0.066,4223905
PGY,20210209,0.064,0.092,0.063,0.071,6608640
PGY,20210210,0.075,0.082,0.073,0.082,773685
PGY,20210211,0.082,0.082,0.082,0.082,0
PGY,20210212,0.082,0.082,0.082,0.082,0
PGY,20210215,0.082,0.082,0.082,0.082,0
PGY,20210216,0.082,0.082,0.082,0.082,0
PGY,20210217,0.082,0.082,0.082,0.082,0
PGY,20210218,0.082,0.082,0.082,0.082,0
PGY,20210219,0.082,0.082,0.082,0.082,0
PGY,20210222,0.082,0.082,0.082,0.082,0
PGY,20210223,0.082,0.082,0.082,0.082,0
PGY,20210224,0.082,0.082,0.082,0.082,0
PGY,20210225,0.082,0.082,0.082,0.082,0
PGY,20210226,0.082,0.082,0.082,0.082,0
PGY,20210301,0.082,0.082,0.082,0.082,0
PGY,20210302,0.082,0.082,0.082,0.082,0
PGY,20210303,0.082,0.082,0.082,0.082,0
PGY,20210304,0.082,0.082,0.082,0.082,0
PGY,20210305,0.082,0.082,0.082,0.082,0
PGY,20210308,0.082,0.082,0.082,0.082,0
PGY,20210309,0.082,0.082,0.082,0.082,0
PGY,20210310,0.082,0.082,0.082,0.082,0
PGY,20210311,0.082,0.082,0.082,0.082,0
PGY,20210312,0.082,0.082,0.082,0.082,0
PGY,20210315,0.082,0.082,0.082,0.082,0
PGY,20210316,0.082,0.082,0.082,0.082,0
PGY,20210317,0.082,0.082,0.082,0.082,0
PGY,20210318,0.082,0.082,0.082,0.082,0
PGY,20210319,0.082,0.082,0.082,0.082,0
PGY,20210322,0.082,0.082,0.082,0.082,0
PGY,20210323,0.082,0.082,0.082,0.082,0
PGY,20210324,0.082,0.082,0.082,0.082,0
PGY,20210325,0.082,0.082,0.082,0.082,0
PGY,20210329,0.082,0.082,0.082,0.082,0
PGY,20210330,0.082,0.082,0.082,0.082,0
PGY,20210331,0.082,0.082,0.082,0.082,0
PGY,20210401,0.082,0.082,0.082,0.082,0
PGY,20210406,0.082,0.082,0.082,0.082,0
PGY,20210407,0.082,0.082,0.082,0.082,0
PGY,20210408,0.082,0.082,0.082,0.082,0
PGY,20210409,0.082,0.082,0.082,0.082,0
PGY,20210412,0.082,0.082,0.082,0.082,0
PGY,20210413,0.082,0.082,0.082,0.082,0
PGY,20210414,0.082,0.082,0.082,0.082,0
PGY,20210415,0.082,0.082,0.082,0.082,0
PGY,20210416,0.082,0.082,0.082,0.082,0
PGY,20210419,0.082,0.082,0.082,0.082,0
PGY,20210420,0.082,0.082,0.082,0.082,0
PGY,20210421,0.082,0.082,0.082,0.082,0
PGY,20210422,0.082,0.082,0.082,0.082,0
PGY,20210423,0.082,0.082,0.082,0.082,0
PGY,20210426,0.082,0.082,0.082,0.082,0
PGY,20210427,0.082,0.082,0.082,0.082,0
PGY,20210428,0.082,0.082,0.082,0.082,0
PGY,20210429,0.082,0.082,0.082,0.082,0
PGY,20210430,0.082,0.082,0.082,0.082,0
PGY,20210503,0.082,0.082,0.082,0.082,0
PGY,20210504,0.082,0.082,0.082,0.082,0
PGY,20210505,0.082,0.082,0.082,0.082,0
PGY,20210506,0.082,0.082,0.082,0.082,0
PGY,20210507,0.082,0.082,0.082,0.082,0
PGY,20210510,0.082,0.082,0.082,0.082,0
PGY,20210511,0.082,0.082,0.082,0.082,0
PGY,20210512,0.082,0.082,0.082,0.082,0
PGY,20210513,0.082,0.082,0.082,0.082,0
PGY,20210514,0.082,0.082,0.082,0.082,0
PGY,20210517,0.082,0.082,0.082,0.082,0
PGY,20210518,0.082,0.082,0.082,0.082,0
PGY,20210519,0.082,0.082,0.082,0.082,0
PGY,20210520,0.082,0.082,0.082,0.082,0
PGY,20210521,0.082,0.082,0.082,0.082,0
PGY,20210524,0.082,0.082,0.082,0.082,0
PGY,20210525,0.082,0.082,0.082,0.082,0
PGY,20210526,0.082,0.082,0.082,0.082,0
PGY,20210527,0.082,0.082,0.082,0.082,0
PGY,20210528,0.082,0.082,0.082,0.082,0
PGY,20210531,0.082,0.082,0.082,0.082,0
PGY,20210601,0.082,0.082,0.082,0.082,0
PGY,20210602,0.082,0.082,0.082,0.082,0
PGY,20210603,0.082,0.082,0.082,0.082,0
PGY,20210604,0.082,0.082,0.082,0.082,0
PGY,20210607,0.082,0.082,0.082,0.082,0
PGY,20210609,0.082,0.082,0.082,0.082,0
PGY,20210610,0.082,0.082,0.082,0.082,0
PGY,20210611,0.082,0.082,0.082,0.082,0
PGY,20210615,0.082,0.082,0.082,0.082,0
PGY,20210616,0.082,0.082,0.082,0.082,0
PGY,20210617,0.082,0.082,0.082,0.082,0
PGY,20210618,0.082,0.082,0.082,0.082,0
PGY,20210621,0.082,0.082,0.082,0.082,0
PGY,20210622,0.082,0.082,0.082,0.082,0
PGY,20210623,0.082,0.082,0.082,0.082,0
PGY,20210625,0.082,0.082,0.082,0.082,0
PGY,20210628,0.082,0.082,0.082,0.082,0
PGY,20210629,0.082,0.082,0.082,0.082,0
PGY,20210630,0.082,0.082,0.082,0.082,0
PGY,20210701,0.082,0.082,0.082,0.082,0
PGY,20210705,0.082,0.082,0.082,0.082,0
PGY,20210706,0.082,0.082,0.082,0.082,0
PGY,20210707,0.082,0.082,0.082,0.082,0
PGY,20210708,0.082,0.082,0.082,0.082,0
PGY,20210709,0.082,0.082,0.082,0.082,0
PGY,20210712,0.082,0.082,0.082,0.082,0
PGY,20210714,0.082,0.082,0.082,0.082,0
PGY,20210715,0.082,0.082,0.082,0.082,0
PGY,20210716,0.082,0.082,0.082,0.082,0
PGY,20210719,0.082,0.082,0.082,0.082,0
PGY,20210720,0.082,0.082,0.082,0.082,0
PGY,20210723,0.082,0.082,0.082,0.082,0
PGY,20210726,0.082,0.082,0.082,0.082,0
PGY,20210727,0.082,0.082,0.082,0.082,0
PGY,20210728,0.082,0.082,0.082,0.082,0
PGY,20210729,0.082,0.082,0.082,0.082,0
PGY,20210730,0.082,0.082,0.082,0.082,0
PGY,20210802,0.082,0.082,0.082,0.082,0
PGY,20210803,0.082,0.082,0.082,0.082,0
PGY,20210804,0.082,0.082,0.082,0.082,0
PGY,20210805,0.082,0.082,0.082,0.082,0
PGY,20210806,0.082,0.082,0.082,0.082,0
PGY,20210809,0.082,0.082,0.082,0.082,0
PGY,20210810,0.082,0.082,0.082,0.082,0
PGY,20210811,0.082,0.082,0.082,0.082,0
PGY,20210812,0.073,0.084,0.061,0.063,37987117
PGY,20210813,0.063,0.072,0.061,0.066,13147468
PGY,20210819,0.058,0.06,0.055,0.058,3932298
PGY,20210820,0.058,0.058,0.055,0.055,1974799
PGY,20210823,0.055,0.055,0.052,0.054,2027765
PGY,20210824,0.055,0.06,0.055,0.056,2478315
PGY,20210825,0.057,0.06,0.055,0.055,1464086
PGY,20210826,0.055,0.059,0.055,0.055,294118
PGY,20210827,0.056,0.057,0.054,0.057,796670
PGY,20210830,0.056,0.056,0.052,0.053,1549288
PGY,20210831,0.054,0.054,0.053,0.053,544349
PGY,20210901,0.054,0.06,0.054,0.06,4301569
PGY,20210902,0.06,0.069,0.059,0.066,3963914
PGY,20210903,0.068,0.071,0.065,0.07,3994541
PGY,20210906,0.07,0.071,0.065,0.065,3405178
PGY,20210907,0.068,0.07,0.062,0.063,2925754
PGY,20210908,0.063,0.067,0.062,0.066,1958806
PGY,20210909,0.066,0.066,0.062,0.062,2883468
PGY,20210910,0.063,0.065,0.06,0.064,2883640
PGY,20210913,0.065,0.066,0.059,0.06,2970048
PGY,20210914,0.061,0.061,0.06,0.061,516820
PGY,20210915,0.06,0.062,0.059,0.062,1222163
PGY,20210916,0.062,0.062,0.059,0.06,2062317
PGY,20210917,0.06,0.06,0.057,0.058,1353391
PGY,20210920,0.057,0.057,0.052,0.052,3427162
PGY,20210922,0.051,0.054,0.05,0.05,2786035
PGY,20210923,0.052,0.053,0.049,0.049,2188113
PGY,20210924,0.05,0.062,0.05,0.062,6528404
PGY,20210927,0.063,0.064,0.057,0.058,5437713
PGY,20210928,0.057,0.059,0.055,0.056,1220171
PGY,20210929,0.054,0.056,0.051,0.055,1396973
PGY,20210930,0.055,0.059,0.055,0.055,1701260
PGY,20211001,0.055,0.057,0.054,0.054,1926333
PGY,20211004,0.055,0.058,0.055,0.055,219830
PGY,20211005,0.055,0.055,0.05,0.05,7217234
PGY,20211006,0.05,0.056,0.049,0.053,3335227
PGY,20211007,0.053,0.053,0.051,0.052,1336493
PGY,20211008,0.054,0.054,0.05,0.05,1435468
PGY,20211011,0.051,0.055,0.05,0.055,1456699
PGY,20211012,0.051,0.056,0.05,0.056,1493062
PGY,20211013,0.056,0.06,0.054,0.056,6680164
PGY,20211014,0.056,0.059,0.054,0.055,4836266
PGY,20211019,0.055,0.062,0.055,0.061,12422130
PGY,20211020,0.063,0.068,0.062,0.067,9906180
PGY,20211021,0.067,0.072,0.067,0.069,15649690
PGY,20211022,0.071,0.079,0.071,0.078,23040760
PGY,20211025,0.079,0.079,0.072,0.073,5726117
PGY,20211026,0.073,0.076,0.073,0.073,3400738
PGY,20211028,0.071,0.071,0.066,0.07,4301814
PGY,20211029,0.07,0.07,0.062,0.064,5187741
PGY,20211101,0.065,0.067,0.062,0.063,2574403
PGY,20211102,0.063,0.07,0.063,0.067,2385317
PGY,20211103,0.069,0.077,0.068,0.075,5834716
PGY,20211104,0.071,0.071,0.062,0.062,20802229
PGY,20211105,0.064,0.064,0.059,0.06,9832835
PGY,20211109,0.057,0.06,0.055,0.06,5369510
PGY,20211110,0.06,0.07,0.06,0.064,14236579
PGY,20211112,0.066,0.067,0.064,0.066,4765395
PGY,20211115,0.066,0.069,0.062,0.068,9358342
PGY,20211116,0.068,0.074,0.068,0.072,13205278
PGY,20211117,0.072,0.072,0.065,0.068,5015866
PGY,20211118,0.07,0.071,0.066,0.066,4089700
PGY,20211119,0.068,0.072,0.068,0.071,4180273
PGY,20211122,0.069,0.071,0.068,0.069,1290251
PGY,20211123,0.071,0.081,0.069,0.08,25742368
PGY,20211124,0.078,0.091,0.077,0.09,41335147
PGY,20211125,0.086,0.094,0.079,0.083,29691471
PGY,20211126,0.085,0.087,0.079,0.081,11791168
PGY,20211129,0.07,0.077,0.069,0.072,13411464
PGY,20211130,0.073,0.08,0.073,0.077,7438103
PGY,20211201,0.074,0.076,0.071,0.071,4831632
PGY,20211202,0.071,0.071,0.066,0.066,8442323
PGY,20211203,0.069,0.07,0.064,0.068,8346827
PGY,20211206,0.068,0.068,0.06,0.06,8249149
PGY,20211207,0.061,0.063,0.059,0.06,3622089
PGY,20211208,0.061,0.064,0.059,0.06,5055493
PGY,20211209,0.059,0.063,0.059,0.06,2740535
PGY,20211210,0.062,0.062,0.06,0.061,2362975
PGY,20211213,0.06,0.06,0.056,0.057,4076633
PGY,20211214,0.056,0.057,0.055,0.055,2522576
PGY,20211216,0.056,0.056,0.054,0.054,1647123
PGY,20211217,0.054,0.056,0.054,0.056,900307
PGY,20211220,0.054,0.055,0.052,0.053,2481659
PGY,20211221,0.053,0.053,0.049,0.05,4021519
PGY,20211222,0.051,0.052,0.05,0.05,1161189
PGY,20211223,0.052,0.052,0.05,0.05,828499
PGY,20211224,0.051,0.055,0.051,0.053,746912
PGY,20211229,0.053,0.055,0.052,0.052,1187991
PGY,20211230,0.055,0.055,0.052,0.053,216552
PGY,20211231,0.054,0.055,0.053,0.055,263572
PGY,20220104,0.056,0.06,0.055,0.06,4112041
PGY,20220105,0.06,0.06,0.053,0.053,4614826
PGY,20220106,0.053,0.055,0.051,0.051,3285232
PGY,20220107,0.053,0.053,0.052,0.053,1343167
PGY,20220110,0.054,0.054,0.052,0.052,1047646
PGY,20220111,0.053,0.053,0.052,0.053,583609
PGY,20220112,0.054,0.054,0.053,0.054,1108335
PGY,20220113,0.055,0.058,0.054,0.056,2733241
PGY,20220114,0.057,0.062,0.057,0.059,4303772
PGY,20220117,0.063,0.063,0.058,0.059,2036398
PGY,20220118,0.06,0.06,0.053,0.054,3441190
PGY,20220119,0.054,0.057,0.054,0.055,2692875
PGY,20220120,0.055,0.055,0.054,0.054,987501
PGY,20220121,0.054,0.055,0.053,0.053,3239368
PGY,20220124,0.052,0.052,0.05,0.051,1401361
PGY,20220125,0.051,0.051,0.045,0.048,3509225
PGY,20220127,0.049,0.05,0.043,0.044,3842217
PGY,20220128,0.045,0.048,0.045,0.048,651429
PGY,20220131,0.048,0.048,0.044,0.048,1174361
PGY,20220201,0.045,0.045,0.043,0.043,1041944
PGY,20220202,0.044,0.051,0.044,0.051,3874844
PGY,20220203,0.052,0.052,0.047,0.047,1696148
PGY,20220204,0.048,0.05,0.044,0.045,2429634
PGY,20220207,0.045,0.05,0.045,0.05,601671
PGY,20220208,0.049,0.055,0.049,0.052,5083737
PGY,20220209,0.051,0.055,0.05,0.05,1794371
PGY,20220210,0.05,0.052,0.049,0.052,618681
PGY,20220211,0.052,0.052,0.049,0.049,922151
PGY,20220214,0.05,0.057,0.05,0.056,9062271
PGY,20220215,0.056,0.059,0.056,0.057,3928841
PGY,20220216,0.056,0.056,0.054,0.054,2558270
PGY,20220217,0.054,0.054,0.052,0.052,400533
PGY,20220218,0.053,0.054,0.052,0.052,1539509
PGY,20220221,0.054,0.054,0.049,0.049,3726753
PGY,20220222,0.049,0.049,0.046,0.048,1436490
PGY,20220223,0.047,0.049,0.047,0.049,1265276
PGY,20220224,0.048,0.054,0.046,0.05,5128883
PGY,20220225,0.049,0.052,0.049,0.05,509979
PGY,20220228,0.05,0.05,0.048,0.048,337639
PGY,20220301,0.05,0.053,0.05,0.052,1491706
PGY,20220302,0.052,0.052,0.048,0.048,931570
PGY,20220303,0.049,0.051,0.048,0.048,1196766
PGY,20220304,0.049,0.049,0.046,0.046,2135020
PGY,20220307,0.047,0.047,0.046,0.046,614857
PGY,20220308,0.046,0.048,0.045,0.047,1001167
PGY,20220309,0.047,0.048,0.047,0.047,746260
PGY,20220310,0.047,0.047,0.044,0.047,413692
PGY,20220311,0.047,0.048,0.047,0.047,180208
PGY,20220314,0.048,0.049,0.045,0.047,175044
PGY,20220315,0.046,0.047,0.045,0.047,1502091
PGY,20220316,0,0,0,0,0
PGY,20220317,0.048,0.048,0.045,0.046,832323
PGY,20220318,0.044,0.046,0.044,0.046,1821213
PGY,20220321,0.047,0.047,0.045,0.045,528491
PGY,20220322,0.047,0.05,0.046,0.048,2313934
PGY,20220323,0.05,0.052,0.05,0.051,2307413
PGY,20220324,0.05,0.05,0.047,0.047,1983775
PGY,20220325,0.048,0.049,0.047,0.048,1970613
PGY,20220328,0.048,0.049,0.038,0.039,21197870
PGY,20220329,0.039,0.04,0.036,0.038,7959220
PGY,20220330,0.039,0.04,0.038,0.038,2921673
PGY,20220331,0.039,0.039,0.034,0.036,5624145
PGY,20220401,0.037,0.037,0.036,0.037,2522193
PGY,20220404,0.038,0.038,0.036,0.036,1744630
PGY,20220405,0.038,0.04,0.038,0.039,3715582
PGY,20220406,0.039,0.039,0.037,0.037,672456
PGY,20220407,0.037,0.038,0.037,0.037,267004
PGY,20220408,0.037,0.038,0.037,0.038,220079
PGY,20220411,0.039,0.039,0.035,0.035,3156332
PGY,20220412,0.035,0.035,0.034,0.034,705527
PGY,20220413,0.036,0.036,0.034,0.035,502222
PGY,20220414,0.035,0.035,0.034,0.034,581639
PGY,20220419,0.035,0.036,0.034,0.034,825002
PGY,20220420,0.034,0.034,0.034,0.034,143518
PGY,20220421,0.034,0.034,0.034,0.034,143518
PGY,20220422,0.032,0.033,0.031,0.031,1674405
PGY,20220426,0.032,0.032,0.031,0.031,1435173
PGY,20220427,0.032,0.033,0.03,0.032,743419
PGY,20220428,0.03,0.031,0.03,0.03,973041
PGY,20220429,0.03,0.03,0.026,0.028,3925877
PGY,20220502,0.029,0.029,0.027,0.027,1654806
PGY,20220503,0.027,0.027,0.026,0.026,81243
PGY,20220504,0.026,0.026,0.025,0.025,1756703
PGY,20220505,0.025,0.026,0.025,0.026,552947
PGY,20220506,0.025,0.025,0.022,0.023,2512267
PGY,20220509,0.023,0.023,0.019,0.02,3574358
PGY,20220510,0.02,0.02,0.018,0.02,3685900
PGY,20220511,0.018,0.025,0.018,0.022,14572134
PGY,20220512,0.023,0.023,0.019,0.019,3101504
PGY,20220513,0.019,0.02,0.019,0.02,1955554
PGY,20220516,0.02,0.02,0.02,0.02,519859
PGY,20220517,0.02,0.02,0.02,0.02,334857
PGY,20220518,0.02,0.021,0.02,0.02,1051740
PGY,20220519,0.02,0.02,0.02,0.02,25000
PGY,20220520,0.02,0.021,0.02,0.021,313792
PGY,20220523,0.021,0.021,0.02,0.021,1246054
PGY,20220524,0.021,0.021,0.02,0.02,1128957
PGY,20220525,0.02,0.02,0.02,0.02,295358
PGY,20220526,0.02,0.02,0.02,0.02,275192
PGY,20220527,0.02,0.021,0.02,0.02,515527
PGY,20220530,0.021,0.021,0.019,0.019,200901
PGY,20220531,0.019,0.019,0.019,0.019,2410099
PGY,20220601,0.019,0.019,0.019,0.019,75000
PGY,20220602,0.019,0.019,0.018,0.018,573286
PGY,20220603,0.019,0.019,0.018,0.018,413754
PGY,20220606,0.018,0.018,0.018,0.018,51844
PGY,20220607,0.019,0.02,0.018,0.019,398778
PGY,20220608,0.02,0.023,0.02,0.02,5634652
PGY,20220609,0.02,0.02,0.019,0.019,648167
PGY,20220610,0.019,0.021,0.019,0.02,1852536
PGY,20220614,0.02,0.02,0.018,0.018,2051932
PGY,20220615,0.018,0.018,0.018,0.018,850000
PGY,20220616,0.019,0.019,0.018,0.018,144178
PGY,20220617,0.018,0.024,0.018,0.024,3102660
PGY,20220620,0.024,0.024,0.02,0.022,1794505
PGY,20220621,0.022,0.024,0.02,0.02,1292836
PGY,20220622,0.021,0.021,0.02,0.021,1397069
PGY,20220623,0.021,0.021,0.02,0.02,5662074
PGY,20220624,0.02,0.02,0.019,0.019,167392
PGY,20220627,0.019,0.022,0.019,0.019,1569978
PGY,20220628,0.02,0.021,0.019,0.019,1795411
PGY,20220629,0.019,0.02,0.018,0.019,1373113
PGY,20220630,0.018,0.021,0.018,0.02,1493149
PGY,20220701,0.02,0.021,0.019,0.02,1209043
PGY,20220704,0.02,0.02,0.02,0.02,265696
PGY,20220705,0.02,0.021,0.02,0.021,963562
PGY,20220706,0.02,0.021,0.02,0.02,138563
PGY,20220707,0.02,0.02,0.02,0.02,0
PGY,20220708,0.02,0.02,0.02,0.02,0
PGY,20220711,0.017,0.017,0.016,0.016,4869348
PGY,20220712,0.017,0.017,0.016,0.016,2537862
PGY,20220713,0.016,0.016,0.016,0.016,10000
PGY,20220714,0.016,0.016,0.016,0.016,4147154
PGY,20220715,0.016,0.016,0.015,0.015,2138330
PGY,20220718,0.016,0.016,0.016,0.016,2496133
PGY,20220719,0.016,0.017,0.016,0.017,1400000
PGY,20220720,0.017,0.017,0.016,0.017,3629352
PGY,20220721,0.017,0.017,0.016,0.016,183646
PGY,20220722,0.016,0.016,0.016,0.016,0
PGY,20220725,0.017,0.017,0.017,0.017,180000
PGY,20220726,0.017,0.017,0.017,0.017,0
PGY,20220727,0.016,0.016,0.016,0.016,3596
PGY,20220728,0.016,0.017,0.016,0.016,331179
PGY,20220729,0.017,0.017,0.016,0.016,1482896
PGY,20220801,0.016,0.016,0.016,0.016,0
PGY,20220802,0.016,0.017,0.016,0.016,947700
PGY,20220803,0.016,0.017,0.016,0.016,1120333
PGY,20220805,0.017,0.017,0.017,0.017,1655605
PGY,20220808,0.017,0.017,0.017,0.017,354361
PGY,20220809,0.016,0.017,0.016,0.016,561111
PGY,20220810,0.016,0.016,0.016,0.016,551000
PGY,20220811,0.017,0.017,0.017,0.017,6583529
PGY,20220812,0.018,0.023,0.018,0.022,21550471
PGY,20220815,0.022,0.027,0.022,0.025,27666447
PGY,20220816,0.025,0.027,0.023,0.023,12455096
PGY,20220817,0.024,0.025,0.02,0.02,15495192
PGY,20220818,0.021,0.021,0.018,0.018,8859578
PGY,20220819,0.019,0.02,0.018,0.019,4113141
PGY,20220822,0.019,0.019,0.018,0.018,3085053
PGY,20220823,0.018,0.019,0.017,0.018,1308887
PGY,20220824,0.018,0.022,0.019,0.02,7414250
PGY,20220825,0.022,0.022,0.018,0.018,3995295
PGY,20220826,0.019,0.02,0.019,0.019,957744
PGY,20220829,0.018,0.018,0.017,0.017,1678956
PGY,20220830,0.018,0.018,0.018,0.018,1980832
PGY,20220831,0.019,0.021,0.018,0.018,5321531
PGY,20220901,0.018,0.018,0.018,0.018,1083494
PGY,20220902,0.018,0.018,0.017,0.017,128473
PGY,20220905,0.018,0.018,0.018,0.017,126435
PGY,20220906,0.018,0.018,0.017,0.017,1460278
PGY,20220907,0.018,0.018,0.017,0.017,3009242
PGY,20220909,0.018,0.019,0.018,0.018,816893
PGY,20220912,0.018,0.018,0.018,0.018,182168
PGY,20220913,0.018,0.018,0.017,0.017,1773912
PGY,20220914,0.017,0.017,0.016,0.017,5028633
PGY,20220915,0.017,0.017,0.017,0.017,252000
PGY,20220916,0.018,0.018,0.017,0.017,752368
PGY,20220919,0.017,0.017,0.017,0.017,696272
PGY,20220920,0.017,0.018,0.017,0.017,399832
PGY,20220921,0.018,0.018,0.017,0.017,1899785
