PIQ,20160212,0.26,0.26,0.25,0.26,68110
PIQ,20160215,0.265,0.265,0.265,0.265,2725
PIQ,20160216,0.265,0.265,0.265,0.265,0
PIQ,20160217,0.28,0.28,0.28,0.28,31000
PIQ,20160218,0.29,0.29,0.29,0.29,2000
PIQ,20160219,0.29,0.3,0.29,0.3,34175
PIQ,20160222,0.3,0.3,0.29,0.29,25825
PIQ,20160223,0.29,0.315,0.27,0.285,36325
PIQ,20160224,0.31,0.31,0.31,0.31,1563
PIQ,20160225,0.32,0.32,0.32,0.32,7000
PIQ,20160226,0.32,0.32,0.29,0.29,13937
PIQ,20160229,0.29,0.29,0.29,0.29,0
PIQ,20160301,0.305,0.305,0.275,0.28,20352
PIQ,20160302,0.28,0.28,0.25,0.25,89733
PIQ,20160303,0.27,0.27,0.26,0.26,2700
PIQ,20160304,0.26,0.26,0.25,0.25,30299
PIQ,20160307,0.25,0.25,0.25,0.25,17000
PIQ,20160308,0.26,0.26,0.235,0.235,49000
PIQ,20160309,0.235,0.26,0.22,0.26,199867
PIQ,20160310,0.24,0.24,0.24,0.24,40020
PIQ,20160311,0.24,0.24,0.24,0.24,12500
PIQ,20160314,0.24,0.24,0.24,0.24,0
PIQ,20160315,0.26,0.27,0.26,0.27,19639
PIQ,20160316,0.27,0.27,0.27,0.27,0
PIQ,20160317,0.27,0.27,0.25,0.25,20000
PIQ,20160318,0.27,0.275,0.27,0.275,2161
PIQ,20160321,0.25,0.25,0.24,0.24,22178
PIQ,20160322,0.26,0.26,0.24,0.24,10022
PIQ,20160323,0.26,0.26,0.26,0.26,4458
PIQ,20160324,0.245,0.245,0.24,0.24,21000
PIQ,20160329,0.26,0.26,0.26,0.26,5746
PIQ,20160330,0.26,0.26,0.26,0.26,0
PIQ,20160331,0.24,0.24,0.24,0.24,6600
PIQ,20160401,0.26,0.26,0.26,0.26,4796
PIQ,20160404,0.26,0.26,0.26,0.26,0
PIQ,20160405,0.25,0.25,0.23,0.23,53500
PIQ,20160406,0.24,0.245,0.225,0.245,114000
PIQ,20160407,0.255,0.255,0.255,0.255,8500
PIQ,20160408,0.245,0.245,0.245,0.245,10300
PIQ,20160411,0.245,0.255,0.245,0.255,10091
PIQ,20160412,0.255,0.255,0.255,0.255,0
PIQ,20160413,0.255,0.255,0.255,0.255,0
PIQ,20160414,0.25,0.25,0.25,0.25,7843
PIQ,20160415,0.25,0.25,0.25,0.25,12000
PIQ,20160418,0.25,0.25,0.25,0.25,0
PIQ,20160419,0.23,0.245,0.23,0.245,3750
PIQ,20160420,0.245,0.245,0.245,0.245,0
PIQ,20160421,0.23,0.23,0.225,0.225,53339
PIQ,20160422,0.225,0.225,0.2,0.2,118657
PIQ,20160426,0.205,0.205,0.2,0.2,40000
PIQ,20160427,0.21,0.21,0.2,0.2,40500
PIQ,20160428,0.2,0.2,0.2,0.2,21550
PIQ,20160429,0.2,0.2,0.2,0.2,16960
PIQ,20160502,0.195,0.195,0.19,0.19,44639
PIQ,20160503,0.18,0.185,0.18,0.185,17000
PIQ,20160504,0.185,0.185,0.185,0.185,0
PIQ,20160505,0.19,0.19,0.19,0.19,30000
PIQ,20160506,0.205,0.22,0.205,0.22,21000
PIQ,20160509,0.19,0.2,0.19,0.2,38933
PIQ,20160510,0.19,0.19,0.19,0.19,3000
PIQ,20160511,0.19,0.19,0.185,0.185,34205
PIQ,20160512,0.185,0.185,0.17,0.17,30000
PIQ,20160513,0.2,0.2,0.2,0.2,25000
PIQ,20160516,0.2,0.2,0.2,0.2,0
PIQ,20160517,0.2,0.2,0.2,0.2,0
PIQ,20160518,0.2,0.2,0.2,0.2,0
PIQ,20160519,0.18,0.2,0.16,0.16,68500
PIQ,20160520,0.195,0.195,0.17,0.17,26575
PIQ,20160523,0.17,0.17,0.17,0.17,0
PIQ,20160524,0.195,0.2,0.195,0.2,70873
PIQ,20160525,0.21,0.21,0.21,0.21,35000
PIQ,20160526,0.22,0.22,0.22,0.22,25000
PIQ,20160527,0.22,0.22,0.22,0.22,42000
PIQ,20160530,0.22,0.22,0.22,0.22,0
PIQ,20160531,0.235,0.235,0.235,0.235,20500
PIQ,20160601,0.235,0.235,0.235,0.235,0
PIQ,20160602,0.235,0.235,0.21,0.21,57500
PIQ,20160603,0.21,0.21,0.21,0.21,0
PIQ,20160606,0.21,0.21,0.21,0.21,0
PIQ,20160607,0.21,0.22,0.21,0.22,17500
PIQ,20160608,0.235,0.235,0.235,0.235,25616
PIQ,20160609,0.21,0.215,0.21,0.215,41110
PIQ,20160610,0.215,0.215,0.215,0.215,0
PIQ,20160614,0.24,0.27,0.24,0.255,65836
PIQ,20160615,0.26,0.26,0.25,0.25,70906
PIQ,20160616,0.25,0.25,0.225,0.25,17000
PIQ,20160617,0.25,0.25,0.215,0.215,57594
PIQ,20160620,0.215,0.215,0.215,0.215,0
PIQ,20160621,0.215,0.215,0.215,0.215,0
PIQ,20160622,0.215,0.215,0.215,0.215,0
PIQ,20160623,0.215,0.215,0.215,0.215,0
PIQ,20160624,0.245,0.245,0.24,0.24,102000
PIQ,20160627,0.25,0.25,0.25,0.25,13000
PIQ,20160628,0.25,0.25,0.25,0.25,8000
PIQ,20160629,0.24,0.24,0.24,0.24,4500
PIQ,20160630,0.25,0.265,0.25,0.265,54120
PIQ,20160701,0.265,0.265,0.265,0.265,0
PIQ,20160704,0.255,0.255,0.25,0.25,7120
PIQ,20160705,0.265,0.27,0.26,0.27,100000
PIQ,20160706,0.26,0.26,0.26,0.26,6000
PIQ,20160707,0.27,0.27,0.27,0.27,9000
PIQ,20160708,0.27,0.27,0.27,0.27,0
PIQ,20160711,0.25,0.25,0.25,0.25,6500
PIQ,20160712,0.25,0.25,0.25,0.25,0
PIQ,20160713,0.25,0.25,0.25,0.25,24000
PIQ,20160714,0.25,0.25,0.25,0.25,0
PIQ,20160715,0.25,0.25,0.25,0.25,0
PIQ,20160718,0.25,0.25,0.25,0.25,0
PIQ,20160719,0.25,0.25,0.25,0.25,0
PIQ,20160720,0.25,0.25,0.25,0.25,0
PIQ,20160721,0.25,0.25,0.24,0.24,10000
PIQ,20160722,0.24,0.24,0.24,0.24,7000
PIQ,20160725,0.24,0.24,0.24,0.24,20000
PIQ,20160726,0.24,0.24,0.24,0.24,0
PIQ,20160727,0.24,0.24,0.24,0.24,0
PIQ,20160728,0.24,0.24,0.24,0.24,2000
PIQ,20160729,0.25,0.26,0.25,0.26,10000
PIQ,20160801,0.26,0.26,0.26,0.26,0
PIQ,20160802,0.24,0.24,0.24,0.24,50000
PIQ,20160803,0.24,0.24,0.24,0.24,12500
PIQ,20160804,0.245,0.245,0.24,0.24,60000
PIQ,20160805,0.24,0.24,0.24,0.24,0
PIQ,20160808,0.24,0.24,0.24,0.24,0
PIQ,20160809,0.24,0.24,0.24,0.24,0
PIQ,20160810,0.24,0.24,0.24,0.24,100000
PIQ,20160811,0.24,0.24,0.24,0.24,0
PIQ,20160812,0.24,0.24,0.24,0.24,0
PIQ,20160815,0.26,0.26,0.25,0.25,83000
PIQ,20160816,0.22,0.22,0.22,0.22,10000
PIQ,20160817,0.22,0.22,0.22,0.22,0
PIQ,20160818,0.26,0.27,0.25,0.255,99547
PIQ,20160822,0.23,0.23,0.23,0.23,43000
PIQ,20160823,0.24,0.24,0.24,0.24,8000
PIQ,20160824,0.255,0.255,0.245,0.245,73896
PIQ,20160825,0.245,0.25,0.245,0.25,50000
PIQ,20160826,0.25,0.25,0.25,0.25,0
PIQ,20160829,0.25,0.255,0.25,0.255,9688
PIQ,20160830,0.24,0.24,0.24,0.24,15000
PIQ,20160831,0.24,0.24,0.24,0.24,1500
PIQ,20160901,0.26,0.26,0.26,0.26,6500
PIQ,20160902,0.26,0.26,0.26,0.26,0
PIQ,20160905,0.26,0.26,0.26,0.26,0
PIQ,20160906,0.25,0.25,0.25,0.25,5000
PIQ,20160907,0.25,0.25,0.25,0.25,0
PIQ,20160908,0.24,0.245,0.24,0.245,96312
PIQ,20160909,0.24,0.24,0.24,0.24,81188
PIQ,20160912,0.24,0.24,0.24,0.24,0
PIQ,20160913,0.24,0.24,0.24,0.24,0
PIQ,20160914,0.24,0.24,0.24,0.24,75453
PIQ,20160915,0.24,0.24,0.24,0.24,42669
PIQ,20160916,0.24,0.24,0.24,0.24,0
PIQ,20160919,0.24,0.24,0.24,0.24,0
PIQ,20160920,0.235,0.235,0.235,0.235,15031
PIQ,20160921,0.25,0.25,0.24,0.24,6225
PIQ,20160922,0.24,0.24,0.24,0.24,6775
PIQ,20160923,0.24,0.24,0.235,0.235,45000
PIQ,20160926,0.235,0.235,0.235,0.235,0
PIQ,20160927,0.235,0.235,0.235,0.235,0
PIQ,20160928,0.235,0.235,0.235,0.235,6788
PIQ,20160929,0.235,0.235,0.235,0.235,0
PIQ,20160930,0.235,0.235,0.235,0.235,0
PIQ,20161003,0.235,0.245,0.235,0.245,12000
PIQ,20161004,0.245,0.245,0.245,0.245,15000
PIQ,20161005,0.25,0.255,0.25,0.255,57500
PIQ,20161006,0.255,0.26,0.255,0.255,14214
PIQ,20161007,0.26,0.3,0.26,0.3,62000
PIQ,20161010,0.3,0.3,0.275,0.29,19272
PIQ,20161011,0.29,0.29,0.29,0.29,0
PIQ,20161012,0.275,0.275,0.25,0.26,29340
PIQ,20161013,0.26,0.26,0.26,0.26,0
PIQ,20161014,0.29,0.29,0.28,0.28,15250
PIQ,20161017,0.27,0.27,0.27,0.27,5000
PIQ,20161018,0.27,0.29,0.27,0.29,22000
PIQ,20161019,0.29,0.29,0.29,0.29,15000
PIQ,20161020,0.29,0.29,0.29,0.29,0
PIQ,20161021,0.29,0.29,0.29,0.29,5000
PIQ,20161024,0.29,0.29,0.29,0.29,0
PIQ,20161025,0.29,0.29,0.29,0.29,0
PIQ,20161026,0.29,0.3,0.27,0.3,80172
PIQ,20161027,0.3,0.3,0.3,0.3,25000
PIQ,20161028,0.3,0.3,0.3,0.3,0
PIQ,20161031,0.28,0.28,0.28,0.28,1000
PIQ,20161101,0.28,0.29,0.28,0.29,10297
PIQ,20161102,0.285,0.29,0.285,0.29,16800
PIQ,20161103,0.285,0.285,0.285,0.285,2903
PIQ,20161104,0.285,0.285,0.285,0.285,0
PIQ,20161107,0.28,0.28,0.27,0.27,15000
PIQ,20161108,0.28,0.28,0.28,0.28,5000
PIQ,20161109,0.27,0.27,0.25,0.25,20000
PIQ,20161110,0.25,0.25,0.25,0.25,0
PIQ,20161111,0.285,0.3,0.27,0.29,124379
PIQ,20161114,0.26,0.26,0.26,0.26,3000
PIQ,20161115,0.295,0.295,0.285,0.295,84679
PIQ,20161116,0.29,0.29,0.29,0.29,30000
PIQ,20161117,0.285,0.285,0.25,0.255,88124
PIQ,20161118,0.25,0.25,0.25,0.25,15000
PIQ,20161121,0.26,0.27,0.26,0.27,24846
PIQ,20161122,0.27,0.27,0.27,0.27,0
PIQ,20161123,0.27,0.27,0.27,0.27,17954
PIQ,20161124,0.27,0.27,0.27,0.27,2000
PIQ,20161125,0.27,0.27,0.265,0.265,20046
PIQ,20161128,0.27,0.27,0.265,0.27,200000
PIQ,20161129,0.275,0.275,0.275,0.275,40075
PIQ,20161130,0.275,0.275,0.275,0.275,0
PIQ,20161201,0.275,0.275,0.275,0.275,0
PIQ,20161202,0.275,0.275,0.25,0.25,107500
PIQ,20161205,0.26,0.265,0.26,0.265,15500
PIQ,20161206,0.265,0.27,0.265,0.27,60000
PIQ,20161207,0.27,0.27,0.27,0.27,0
PIQ,20161208,0.27,0.27,0.27,0.27,1860
PIQ,20161209,0.27,0.27,0.27,0.27,0
PIQ,20161212,0.27,0.27,0.27,0.27,0
PIQ,20161213,0.25,0.25,0.25,0.25,12400
PIQ,20161214,0.25,0.25,0.25,0.25,0
PIQ,20161215,0.25,0.25,0.25,0.25,0
PIQ,20161216,0.23,0.25,0.23,0.25,9900
PIQ,20161219,0.25,0.26,0.24,0.24,106130
PIQ,20161220,0.24,0.24,0.24,0.24,0
PIQ,20161221,0.245,0.245,0.245,0.245,2000
PIQ,20161222,0.245,0.245,0.245,0.245,0
PIQ,20161223,0.24,0.24,0.24,0.24,7000
PIQ,20161228,0.25,0.25,0.24,0.24,58167
PIQ,20161229,0.24,0.24,0.235,0.235,50000
PIQ,20161230,0.25,0.25,0.25,0.25,12000
PIQ,20170103,0.25,0.25,0.25,0.25,0
PIQ,20170104,0.25,0.25,0.25,0.25,0
PIQ,20170105,0.225,0.235,0.22,0.235,143516
PIQ,20170106,0.22,0.22,0.22,0.22,20000
PIQ,20170109,0.225,0.225,0.22,0.22,23000
PIQ,20170110,0.215,0.215,0.21,0.21,74000
PIQ,20170111,0.21,0.23,0.21,0.225,101355
PIQ,20170112,0.225,0.225,0.22,0.22,40000
PIQ,20170113,0.22,0.22,0.22,0.22,0
PIQ,20170116,0.22,0.22,0.22,0.22,0
PIQ,20170117,0.22,0.22,0.22,0.22,0
PIQ,20170118,0.23,0.23,0.23,0.23,8695
PIQ,20170119,0.23,0.23,0.23,0.23,0
PIQ,20170120,0.22,0.22,0.22,0.22,1300
PIQ,20170123,0.22,0.23,0.22,0.23,104750
PIQ,20170124,0.22,0.22,0.22,0.22,20000
PIQ,20170125,0.23,0.23,0.23,0.23,20000
PIQ,20170127,0.23,0.23,0.23,0.23,0
PIQ,20170130,0.22,0.22,0.22,0.22,29410
PIQ,20170131,0.22,0.22,0.22,0.22,0
PIQ,20170201,0.22,0.22,0.22,0.22,3000
PIQ,20170202,0.22,0.22,0.22,0.22,0
PIQ,20170203,0.22,0.22,0.22,0.22,0
PIQ,20170206,0.22,0.22,0.21,0.21,1724
PIQ,20170207,0.21,0.21,0.21,0.21,0
PIQ,20170208,0.21,0.21,0.21,0.21,38389
PIQ,20170209,0.21,0.21,0.21,0.21,0
PIQ,20170210,0.21,0.21,0.21,0.21,0
PIQ,20170213,0.185,0.185,0.185,0.185,8000
PIQ,20170214,0.195,0.195,0.18,0.18,45500
PIQ,20170215,0.195,0.21,0.195,0.21,112385
PIQ,20170216,0.2,0.21,0.2,0.21,6610
PIQ,20170217,0.21,0.21,0.21,0.21,0
PIQ,20170220,0.21,0.21,0.21,0.21,0
PIQ,20170221,0.21,0.21,0.21,0.21,0
PIQ,20170222,0.21,0.21,0.21,0.21,0
PIQ,20170223,0.2,0.21,0.2,0.21,96000
PIQ,20170224,0.185,0.185,0.185,0.185,31600
PIQ,20170227,0.19,0.19,0.19,0.19,5000
PIQ,20170228,0.19,0.19,0.19,0.19,3400
PIQ,20170301,0.19,0.2,0.185,0.2,35000
PIQ,20170302,0.2,0.2,0.2,0.2,0
PIQ,20170303,0.2,0.2,0.2,0.2,0
PIQ,20170306,0.185,0.185,0.18,0.18,25000
PIQ,20170307,0.18,0.18,0.18,0.18,37777
PIQ,20170308,0.18,0.18,0.18,0.18,0
PIQ,20170309,0.18,0.18,0.18,0.18,0
PIQ,20170310,0.18,0.18,0.175,0.175,40000
PIQ,20170313,0.175,0.175,0.175,0.175,0
PIQ,20170314,0.175,0.175,0.175,0.175,21486
PIQ,20170315,0.17,0.17,0.17,0.17,10000
PIQ,20170316,0.17,0.17,0.17,0.17,0
PIQ,20170317,0.175,0.175,0.175,0.175,7500
PIQ,20170320,0.17,0.175,0.16,0.175,41014
PIQ,20170321,0.19,0.2,0.19,0.195,194000
PIQ,20170322,0.195,0.2,0.185,0.2,40001
PIQ,20170323,0.2,0.2,0.2,0.2,0
PIQ,20170324,0.2,0.2,0.2,0.2,0
PIQ,20170327,0.2,0.2,0.2,0.2,33500
PIQ,20170328,0.2,0.2,0.2,0.2,79000
PIQ,20170329,0.19,0.19,0.19,0.19,2800
PIQ,20170330,0.2,0.2,0.2,0.2,15000
PIQ,20170331,0.2,0.2,0.2,0.2,2505
PIQ,20170403,0.19,0.19,0.19,0.19,2504
PIQ,20170404,0.2,0.23,0.2,0.22,135995
PIQ,20170405,0.22,0.22,0.22,0.22,2500
PIQ,20170406,0.22,0.22,0.22,0.22,13500
PIQ,20170407,0.22,0.22,0.22,0.22,0
PIQ,20170410,0.21,0.21,0.2,0.2,9201
PIQ,20170411,0.2,0.21,0.2,0.21,20000
PIQ,20170412,0.21,0.21,0.21,0.21,0
PIQ,20170413,0.2,0.21,0.2,0.21,126799
PIQ,20170418,0.21,0.21,0.2,0.2,102400
PIQ,20170419,0.2,0.2,0.19,0.19,53600
PIQ,20170420,0.19,0.2,0.19,0.2,60000
PIQ,20170421,0.2,0.2,0.18,0.18,121299
PIQ,20170424,0.18,0.18,0.18,0.18,0
PIQ,20170426,0.18,0.18,0.18,0.18,20000
PIQ,20170427,0.18,0.18,0.17,0.175,69361
PIQ,20170428,0.18,0.18,0.18,0.18,34921
PIQ,20170501,0.18,0.18,0.175,0.175,50000
PIQ,20170502,0.18,0.18,0.18,0.18,10500
PIQ,20170503,0.18,0.18,0.18,0.18,19500
PIQ,20170504,0.175,0.175,0.15,0.15,183460
PIQ,20170505,0.165,0.165,0.15,0.15,119780
PIQ,20170508,0.16,0.16,0.16,0.16,7500
PIQ,20170509,0.17,0.17,0.155,0.16,27833
PIQ,20170510,0.16,0.17,0.16,0.17,72700
PIQ,20170511,0.17,0.17,0.17,0.17,0
PIQ,20170512,0.17,0.17,0.17,0.17,0
PIQ,20170515,0.16,0.16,0.16,0.16,20000
PIQ,20170516,0.16,0.16,0.16,0.16,50000
PIQ,20170517,0.15,0.15,0.15,0.15,25000
PIQ,20170518,0.15,0.15,0.15,0.15,0
PIQ,20170519,0.15,0.15,0.15,0.15,0
PIQ,20170522,0.15,0.15,0.145,0.145,100000
PIQ,20170523,0.145,0.145,0.145,0.145,0
PIQ,20170524,0.145,0.145,0.145,0.145,0
PIQ,20170525,0.145,0.145,0.145,0.145,0
PIQ,20170526,0.15,0.17,0.15,0.17,50880
PIQ,20170529,0.165,0.165,0.165,0.165,14800
PIQ,20170530,0.165,0.165,0.165,0.165,0
PIQ,20170531,0.15,0.165,0.15,0.165,7000
PIQ,20170601,0.15,0.15,0.15,0.15,5000
PIQ,20170602,0.15,0.15,0.15,0.15,0
PIQ,20170605,0.16,0.16,0.16,0.16,7500
PIQ,20170606,0.16,0.16,0.16,0.16,0
PIQ,20170607,0.16,0.16,0.16,0.16,0
PIQ,20170608,0.165,0.165,0.16,0.16,76700
PIQ,20170609,0.18,0.2,0.18,0.2,37300
PIQ,20170613,0.26,0.27,0.205,0.22,796434
PIQ,20170614,0.2,0.21,0.175,0.2,142217
PIQ,20170615,0.2,0.2,0.175,0.18,177105
PIQ,20170616,0.18,0.18,0.175,0.175,62300
PIQ,20170619,0.19,0.19,0.19,0.19,15000
PIQ,20170620,0.19,0.19,0.19,0.19,2750
PIQ,20170621,0.175,0.175,0.175,0.175,15000
PIQ,20170622,0.185,0.185,0.185,0.185,1000
PIQ,20170623,0.185,0.185,0.185,0.185,0
PIQ,20170626,0.185,0.185,0.185,0.185,0
PIQ,20170627,0.185,0.185,0.185,0.185,0
PIQ,20170628,0.185,0.185,0.185,0.185,0
PIQ,20170629,0.175,0.175,0.17,0.17,60000
PIQ,20170630,0.155,0.155,0.155,0.155,3300
PIQ,20170703,0.155,0.155,0.155,0.155,12100
PIQ,20170704,0.155,0.155,0.155,0.155,0
PIQ,20170705,0.165,0.165,0.165,0.165,25000
PIQ,20170706,0.165,0.165,0.165,0.165,26953
PIQ,20170707,0.165,0.165,0.165,0.165,0
PIQ,20170710,0.165,0.165,0.165,0.165,0
PIQ,20170711,0.165,0.165,0.165,0.165,16500
PIQ,20170712,0.165,0.165,0.165,0.165,0
PIQ,20170713,0.165,0.165,0.165,0.165,58300
PIQ,20170714,0.175,0.18,0.175,0.18,51605
PIQ,20170717,0.2,0.2,0.19,0.19,34353
PIQ,20170718,0.195,0.195,0.195,0.195,10000
PIQ,20170719,0.195,0.195,0.195,0.195,2147
PIQ,20170720,0.195,0.21,0.195,0.21,9380
PIQ,20170721,0.2,0.2,0.2,0.2,200000
PIQ,20170724,0.18,0.18,0.18,0.18,46250
PIQ,20170725,0.18,0.18,0.18,0.18,0
PIQ,20170726,0.18,0.18,0.18,0.18,0
PIQ,20170727,0.18,0.18,0.18,0.18,0
PIQ,20170728,0.18,0.18,0.18,0.18,0
PIQ,20170731,0.18,0.18,0.18,0.18,0
PIQ,20170801,0.18,0.18,0.18,0.18,0
PIQ,20170802,0.19,0.19,0.19,0.19,110526
PIQ,20170803,0.19,0.19,0.19,0.19,0
PIQ,20170804,0.19,0.19,0.19,0.19,28474
PIQ,20170807,0.19,0.19,0.19,0.19,32634
PIQ,20170808,0.19,0.19,0.185,0.185,195338
PIQ,20170809,0.185,0.185,0.185,0.185,0
PIQ,20170810,0.185,0.185,0.18,0.185,100000
PIQ,20170811,0.185,0.185,0.185,0.185,0
PIQ,20170815,0.185,0.185,0.185,0.185,22500
PIQ,20170816,0.19,0.2,0.19,0.2,50634
PIQ,20170817,0.2,0.2,0.2,0.2,0
PIQ,20170818,0.2,0.2,0.19,0.19,13000
PIQ,20170821,0.2,0.2,0.2,0.2,10000
PIQ,20170822,0.2,0.2,0.2,0.2,0
PIQ,20170823,0.2,0.2,0.2,0.2,0
PIQ,20170824,0.19,0.19,0.185,0.19,145000
PIQ,20170825,0.19,0.2,0.19,0.2,130030
PIQ,20170828,0.2,0.2,0.2,0.2,0
PIQ,20170829,0.2,0.2,0.2,0.2,0
PIQ,20170830,0.2,0.2,0.2,0.2,0
PIQ,20170831,0.195,0.195,0.195,0.195,2925
PIQ,20170901,0.19,0.19,0.19,0.19,2636
PIQ,20170904,0.19,0.19,0.19,0.19,34439
PIQ,20170905,0.19,0.19,0.19,0.19,4000
PIQ,20170906,0.197,0.197,0.195,0.195,103000
PIQ,20170907,0.195,0.195,0.195,0.195,0
PIQ,20170908,0.2,0.205,0.2,0.2,40384
PIQ,20170911,0.2,0.2,0.2,0.2,0
PIQ,20170912,0.2,0.21,0.2,0.21,1039789
PIQ,20170913,0.21,0.21,0.21,0.21,30161
PIQ,20170914,0.21,0.21,0.21,0.21,14839
PIQ,20170915,0.21,0.21,0.21,0.21,0
PIQ,20170918,0.19,0.19,0.18,0.18,38561
PIQ,20170919,0.18,0.18,0.18,0.18,1312
PIQ,20170920,0.215,0.22,0.215,0.22,63661
PIQ,20170921,0.22,0.22,0.22,0.22,0
PIQ,20170922,0.215,0.215,0.215,0.215,1259
PIQ,20170925,0.215,0.215,0.215,0.215,0
PIQ,20170926,0.215,0.215,0.215,0.215,0
PIQ,20170927,0.2,0.2,0.2,0.2,4741
PIQ,20170928,0.2,0.2,0.2,0.2,259
PIQ,20170929,0.2,0.2,0.2,0.2,0
PIQ,20171002,0.175,0.175,0.175,0.175,5000
PIQ,20171003,0.18,0.18,0.18,0.18,1741
PIQ,20171004,0.18,0.18,0.18,0.18,0
PIQ,20171005,0.18,0.18,0.18,0.18,0
PIQ,20171006,0.18,0.18,0.17,0.17,60833
PIQ,20171009,0.18,0.18,0.18,0.18,45000
PIQ,20171010,0.18,0.18,0.18,0.18,0
PIQ,20171011,0.18,0.18,0.18,0.18,0
PIQ,20171012,0.18,0.18,0.18,0.18,0
PIQ,20171013,0.18,0.18,0.18,0.18,0
PIQ,20171016,0.18,0.18,0.18,0.18,0
PIQ,20171017,0.18,0.18,0.18,0.18,0
PIQ,20171018,0.18,0.18,0.18,0.18,0
PIQ,20171019,0.175,0.175,0.17,0.17,137036
PIQ,20171020,0.17,0.17,0.17,0.17,0
PIQ,20171023,0.185,0.185,0.185,0.185,5500
PIQ,20171024,0.185,0.185,0.185,0.185,0
PIQ,20171025,0.185,0.185,0.185,0.185,0
PIQ,20171026,0.195,0.195,0.195,0.195,10655
PIQ,20171027,0.195,0.195,0.195,0.195,0
PIQ,20171030,0.195,0.195,0.195,0.195,0
PIQ,20171031,0.175,0.18,0.175,0.18,131439
PIQ,20171101,0.18,0.18,0.18,0.18,0
PIQ,20171102,0.175,0.175,0.17,0.175,62575
PIQ,20171103,0.175,0.175,0.175,0.175,54425
PIQ,20171106,0.175,0.175,0.175,0.175,0
PIQ,20171107,0.175,0.175,0.175,0.175,0
PIQ,20171108,0.175,0.18,0.17,0.18,97200
PIQ,20171109,0.18,0.18,0.18,0.18,0
PIQ,20171110,0.18,0.18,0.18,0.18,0
PIQ,20171113,0.18,0.18,0.18,0.18,0
PIQ,20171114,0.18,0.18,0.18,0.18,0
PIQ,20171115,0.175,0.175,0.175,0.175,25000
PIQ,20171116,0.175,0.175,0.175,0.175,25000
PIQ,20171117,0.17,0.18,0.16,0.175,105400
PIQ,20171120,0.175,0.175,0.175,0.175,0
PIQ,20171121,0.175,0.175,0.175,0.175,25000
PIQ,20171122,0.18,0.18,0.16,0.16,33000
PIQ,20171123,0.16,0.16,0.16,0.16,0
PIQ,20171124,0.17,0.17,0.17,0.17,20000
PIQ,20171127,0.175,0.18,0.175,0.18,52000
PIQ,20171128,0.18,0.18,0.18,0.18,0
PIQ,20171129,0.18,0.18,0.18,0.18,0
PIQ,20171130,0.18,0.18,0.18,0.18,0
PIQ,20171201,0.18,0.195,0.18,0.195,9700
PIQ,20171204,0.195,0.24,0.195,0.24,267931
PIQ,20171205,0.24,0.24,0.24,0.24,0
PIQ,20171206,0.22,0.22,0.22,0.22,84661
PIQ,20171207,0.22,0.22,0.215,0.22,116767
PIQ,20171208,0.225,0.235,0.225,0.23,112500
PIQ,20171211,0.235,0.235,0.225,0.225,41915
PIQ,20171212,0.23,0.24,0.23,0.24,143672
PIQ,20171213,0.24,0.26,0.24,0.25,453563
PIQ,20171214,0.25,0.265,0.24,0.24,318080
PIQ,20171215,0.26,0.26,0.24,0.26,44590
PIQ,20171218,0.24,0.24,0.24,0.24,13998
PIQ,20171219,0.23,0.245,0.23,0.24,200733
PIQ,20171220,0.25,0.255,0.25,0.255,203189
PIQ,20171221,0.255,0.255,0.255,0.255,0
PIQ,20171222,0.255,0.26,0.255,0.26,5000
PIQ,20171227,0.255,0.26,0.255,0.26,40000
PIQ,20171228,0.26,0.265,0.26,0.265,14793
PIQ,20171229,0.265,0.27,0.265,0.27,45000
PIQ,20180102,0.265,0.265,0.26,0.26,175378
PIQ,20180103,0.26,0.26,0.24,0.26,40872
PIQ,20180104,0.265,0.265,0.26,0.265,43585
PIQ,20180105,0.26,0.265,0.26,0.26,35384
PIQ,20180108,0.26,0.265,0.26,0.265,101616
PIQ,20180109,0.26,0.27,0.25,0.265,147000
PIQ,20180110,0.26,0.265,0.26,0.265,112739
PIQ,20180111,0.265,0.27,0.265,0.27,129038
PIQ,20180112,0.27,0.28,0.27,0.28,336215
PIQ,20180115,0.29,0.32,0.275,0.29,477244
PIQ,20180116,0.3,0.33,0.3,0.325,405105
PIQ,20180117,0.31,0.34,0.28,0.3,452839
PIQ,20180118,0.3,0.32,0.3,0.32,179533
PIQ,20180119,0.32,0.35,0.32,0.34,341126
PIQ,20180122,0.325,0.325,0.285,0.3,324435
PIQ,20180123,0.31,0.35,0.31,0.325,761167
PIQ,20180124,0.345,0.355,0.32,0.325,252560
PIQ,20180125,0.33,0.34,0.295,0.33,361432
PIQ,20180129,0.31,0.33,0.29,0.305,64596
PIQ,20180130,0.3,0.3,0.27,0.285,153855
PIQ,20180131,0.29,0.295,0.29,0.295,81028
PIQ,20180201,0.295,0.305,0.28,0.305,29500
PIQ,20180202,0.31,0.32,0.29,0.3,232343
PIQ,20180205,0.29,0.29,0.28,0.28,52068
PIQ,20180207,0.28,0.295,0.28,0.29,70413
PIQ,20180208,0.28,0.295,0.25,0.295,166126
PIQ,20180209,0.285,0.285,0.26,0.265,116175
PIQ,20180212,0.265,0.27,0.265,0.27,58000
PIQ,20180213,0.27,0.28,0.26,0.28,83690
PIQ,20180214,0.28,0.28,0.27,0.27,98684
PIQ,20180215,0.28,0.28,0.275,0.28,53800
PIQ,20180216,0.28,0.3,0.28,0.29,164358
PIQ,20180219,0.295,0.295,0.295,0.295,29100
PIQ,20180220,0.29,0.29,0.29,0.29,33500
PIQ,20180221,0.28,0.28,0.275,0.275,30526
PIQ,20180222,0.275,0.275,0.26,0.26,93254
PIQ,20180223,0.265,0.265,0.255,0.255,85400
PIQ,20180226,0.255,0.26,0.25,0.26,64565
PIQ,20180227,0.26,0.27,0.26,0.27,111724
PIQ,20180228,0.27,0.27,0.27,0.27,0
PIQ,20180301,0.25,0.26,0.25,0.26,37324
PIQ,20180302,0.26,0.26,0.26,0.26,11000
PIQ,20180305,0.235,0.235,0.225,0.235,179800
PIQ,20180306,0.235,0.235,0.235,0.235,65000
PIQ,20180307,0.235,0.245,0.23,0.235,35140
PIQ,20180308,0.23,0.23,0.23,0.23,13000
PIQ,20180309,0.23,0.24,0.23,0.24,24360
PIQ,20180312,0.25,0.25,0.23,0.23,55835
PIQ,20180313,0.235,0.235,0.23,0.23,44464
PIQ,20180314,0.23,0.24,0.23,0.23,87778
PIQ,20180315,0.225,0.225,0.21,0.21,88726
PIQ,20180316,0.21,0.21,0.21,0.21,0
PIQ,20180319,0.23,0.235,0.23,0.235,25000
PIQ,20180320,0.235,0.235,0.235,0.235,0
PIQ,20180321,0.21,0.23,0.21,0.21,56352
PIQ,20180322,0.225,0.225,0.205,0.205,50000
PIQ,20180323,0.205,0.225,0.205,0.21,210333
PIQ,20180326,0.225,0.235,0.225,0.23,66349
PIQ,20180327,0.23,0.235,0.225,0.235,53400
PIQ,20180328,0.245,0.245,0.23,0.23,146477
PIQ,20180329,0.235,0.235,0.235,0.235,2136
PIQ,20180403,0.235,0.235,0.235,0.235,22997
PIQ,20180404,0.235,0.235,0.235,0.235,2003
PIQ,20180405,0.235,0.235,0.235,0.235,25000
PIQ,20180406,0.235,0.24,0.23,0.235,155174
PIQ,20180409,0.225,0.23,0.225,0.23,65427
PIQ,20180410,0.23,0.23,0.23,0.23,85385
PIQ,20180411,0.22,0.22,0.21,0.21,29899
PIQ,20180412,0.21,0.21,0.21,0.21,22583
PIQ,20180413,0.22,0.22,0.22,0.22,5000
PIQ,20180416,0.215,0.215,0.215,0.215,61119
PIQ,20180417,0.21,0.21,0.21,0.21,46381
PIQ,20180418,0.21,0.21,0.205,0.205,84477
PIQ,20180419,0.22,0.23,0.21,0.21,173600
PIQ,20180420,0.21,0.21,0.21,0.21,69286
PIQ,20180423,0.205,0.215,0.205,0.215,22000
PIQ,20180424,0.205,0.21,0.205,0.205,63628
PIQ,20180426,0.2,0.21,0.2,0.21,100620
PIQ,20180427,0.21,0.21,0.21,0.21,0
PIQ,20180430,0.21,0.21,0.21,0.21,47886
PIQ,20180501,0.212,0.215,0.205,0.205,107935
PIQ,20180502,0.21,0.21,0.2,0.2,114356
PIQ,20180503,0.205,0.205,0.2,0.2,94908
PIQ,20180504,0.2,0.2,0.195,0.195,39065
PIQ,20180507,0.19,0.195,0.185,0.195,45460
PIQ,20180508,0.195,0.195,0.195,0.195,20000
PIQ,20180509,0.185,0.21,0.185,0.21,50000
PIQ,20180510,0.19,0.19,0.19,0.19,21555
PIQ,20180511,0.185,0.19,0.185,0.19,7500
PIQ,20180514,0.19,0.2,0.19,0.2,25730
PIQ,20180515,0.2,0.2,0.185,0.185,76237
PIQ,20180516,0.185,0.185,0.18,0.185,29773
PIQ,20180517,0.185,0.185,0.185,0.185,0
PIQ,20180518,0.185,0.185,0.18,0.18,38000
PIQ,20180521,0.18,0.18,0.18,0.18,35646
PIQ,20180522,0.18,0.18,0.18,0.18,42575
PIQ,20180523,0.19,0.19,0.185,0.185,149589
PIQ,20180524,0.19,0.19,0.185,0.185,3870
PIQ,20180525,0.2,0.225,0.2,0.225,116774
PIQ,20180528,0.235,0.24,0.2,0.23,357123
PIQ,20180529,0.235,0.235,0.21,0.21,150892
PIQ,20180530,0.22,0.235,0.215,0.235,127034
PIQ,20180531,0.23,0.24,0.23,0.23,228624
PIQ,20180601,0.22,0.24,0.22,0.24,129617
PIQ,20180604,0.24,0.24,0.24,0.24,0
PIQ,20180605,0.24,0.24,0.235,0.24,510779
PIQ,20180606,0.24,0.245,0.235,0.235,114504
PIQ,20180607,0.23,0.23,0.23,0.23,217391
PIQ,20180608,0.225,0.225,0.225,0.225,130750
PIQ,20180612,0.225,0.225,0.22,0.22,12765
PIQ,20180613,0.22,0.22,0.2,0.2,186615
PIQ,20180614,0.2,0.2,0.175,0.19,264279
PIQ,20180615,0.2,0.2,0.18,0.18,111750
PIQ,20180618,0.22,0.22,0.21,0.21,170630
PIQ,20180619,0.21,0.21,0.21,0.21,22186
PIQ,20180620,0.21,0.21,0.21,0.21,188378
PIQ,20180621,0.21,0.21,0.21,0.21,71272
PIQ,20180622,0.205,0.205,0.2,0.2,278250
PIQ,20180625,0.2,0.205,0.195,0.195,56508
PIQ,20180626,0.2,0.2,0.19,0.2,58360
PIQ,20180627,0.18,0.205,0.18,0.205,127424
PIQ,20180628,0.2,0.2,0.2,0.2,3315
PIQ,20180629,0.19,0.2,0.18,0.2,237685
PIQ,20180702,0.205,0.205,0.205,0.205,92000
PIQ,20180703,0.2,0.205,0.2,0.205,97500
PIQ,20180704,0.205,0.205,0.2,0.2,32500
PIQ,20180705,0.2,0.2,0.2,0.2,0
PIQ,20180706,0.2,0.2,0.2,0.2,0
PIQ,20180710,0.21,0.21,0.205,0.21,176970
PIQ,20180711,0.205,0.21,0.2,0.2,160444
PIQ,20180712,0.21,0.215,0.21,0.215,14672
PIQ,20180713,0.22,0.22,0.21,0.21,121935
PIQ,20180716,0.215,0.215,0.215,0.215,12500
PIQ,20180717,0.23,0.235,0.22,0.23,393426
PIQ,20180718,0.235,0.25,0.235,0.24,649305
PIQ,20180719,0.235,0.24,0.225,0.24,178381
PIQ,20180720,0.24,0.26,0.24,0.26,150658
PIQ,20180723,0.26,0.26,0.25,0.26,732147
PIQ,20180724,0.26,0.26,0.255,0.255,285735
PIQ,20180725,0.257,0.26,0.255,0.26,98505
PIQ,20180726,0.27,0.27,0.265,0.27,100025
PIQ,20180727,0.275,0.31,0.275,0.295,532010
PIQ,20180730,0.29,0.29,0.275,0.28,178568
PIQ,20180731,0.285,0.305,0.285,0.295,139706
PIQ,20180801,0.295,0.295,0.285,0.285,200505
PIQ,20180802,0.285,0.29,0.285,0.29,36432
PIQ,20180803,0.28,0.28,0.27,0.275,112262
PIQ,20180806,0.275,0.275,0.27,0.27,164285
PIQ,20180807,0.27,0.275,0.27,0.27,34051
PIQ,20180808,0.275,0.275,0.27,0.27,159973
PIQ,20180809,0.275,0.275,0.255,0.255,280461
PIQ,20180810,0.265,0.265,0.265,0.265,15000
PIQ,20180813,0.255,0.255,0.25,0.25,33567
PIQ,20180814,0.25,0.25,0.23,0.24,184033
PIQ,20180816,0.255,0.265,0.25,0.25,47605
PIQ,20180817,0.25,0.255,0.25,0.255,42418
PIQ,20180820,0.255,0.255,0.255,0.255,57871
PIQ,20180821,0.25,0.25,0.24,0.24,103177
PIQ,20180822,0.24,0.24,0.23,0.235,151163
PIQ,20180823,0.25,0.26,0.24,0.26,92100
PIQ,20180824,0.26,0.26,0.26,0.26,0
PIQ,20180827,0.255,0.255,0.255,0.255,35350
PIQ,20180828,0.255,0.255,0.255,0.255,0
PIQ,20180829,0.255,0.255,0.255,0.255,0
PIQ,20180830,0.255,0.255,0.25,0.25,51924
PIQ,20180831,0.245,0.245,0.24,0.24,226064
PIQ,20180903,0.24,0.24,0.24,0.24,8344
PIQ,20180904,0.24,0.26,0.24,0.25,216463
PIQ,20180905,0.25,0.25,0.245,0.25,118100
PIQ,20180906,0.245,0.245,0.235,0.245,152562
PIQ,20180907,0.245,0.245,0.245,0.245,0
PIQ,20180910,0.245,0.245,0.235,0.235,75843
PIQ,20180913,0.26,0.26,0.26,0.26,0
PIQ,20180914,0.27,0.29,0.27,0.285,80000
PIQ,20180917,0.28,0.28,0.28,0.28,16856
PIQ,20180918,0.275,0.275,0.275,0.275,2250
PIQ,20180919,0.275,0.275,0.275,0.275,0
PIQ,20180920,0.275,0.275,0.275,0.275,3054
PIQ,20180921,0.26,0.26,0.26,0.26,7843
PIQ,20180924,0.26,0.26,0.26,0.26,5400
PIQ,20180925,0.26,0.26,0.26,0.26,0
PIQ,20180926,0.26,0.26,0.245,0.245,208987
PIQ,20180927,0.25,0.25,0.23,0.235,324169
PIQ,20180928,0.235,0.235,0.235,0.235,0
PIQ,20181001,0.25,0.25,0.25,0.25,10000
PIQ,20181002,0.25,0.25,0.25,0.25,0
PIQ,20181003,0.24,0.24,0.24,0.24,42085
PIQ,20181004,0.25,0.25,0.25,0.25,100000
PIQ,20181005,0.25,0.25,0.25,0.25,107687
PIQ,20181008,0.24,0.24,0.235,0.235,53928
PIQ,20181009,0.235,0.235,0.235,0.235,0
PIQ,20181010,0.235,0.235,0.235,0.235,0
PIQ,20181011,0.23,0.23,0.215,0.22,170616
PIQ,20181012,0.235,0.235,0.22,0.22,7000
PIQ,20181015,0.23,0.23,0.225,0.225,67185
PIQ,20181016,0.225,0.225,0.225,0.225,0
PIQ,20181017,0.245,0.26,0.245,0.26,225000
PIQ,20181018,0.24,0.24,0.24,0.24,19000
PIQ,20181019,0.24,0.24,0.24,0.24,0
PIQ,20181022,0.255,0.26,0.255,0.26,4019
PIQ,20181023,0.25,0.26,0.25,0.26,74230
PIQ,20181024,0.26,0.285,0.26,0.27,412271
PIQ,20181025,0.25,0.26,0.24,0.26,52346
PIQ,20181026,0.245,0.245,0.22,0.225,116866
PIQ,20181030,0.24,0.26,0.24,0.24,99950
PIQ,20181031,0.24,0.24,0.24,0.24,7868
PIQ,20181101,0.245,0.255,0.245,0.25,65321
PIQ,20181102,0.245,0.245,0.245,0.245,57451
PIQ,20181105,0.25,0.265,0.25,0.265,50686
PIQ,20181106,0.255,0.255,0.245,0.245,66868
PIQ,20181107,0.265,0.265,0.265,0.265,110000
PIQ,20181108,0.27,0.285,0.27,0.28,409082
PIQ,20181109,0.34,0.38,0.3,0.325,1810156
PIQ,20181112,0.33,0.345,0.315,0.34,116468
PIQ,20181113,0.34,0.395,0.34,0.345,1021191
PIQ,20181114,0.34,0.36,0.315,0.315,351559
PIQ,20181115,0.315,0.335,0.305,0.335,250680
PIQ,20181116,0.33,0.38,0.325,0.35,716538
PIQ,20181119,0.36,0.395,0.36,0.37,341518
PIQ,20181120,0.36,0.375,0.35,0.375,118846
PIQ,20181121,0.375,0.375,0.345,0.355,113126
PIQ,20181122,0.355,0.43,0.35,0.43,869592
PIQ,20181123,0.42,0.44,0.4,0.41,404137
PIQ,20181126,0.46,0.49,0.425,0.46,1641684
PIQ,20181127,0.445,0.445,0.415,0.415,505654
PIQ,20181128,0.41,0.42,0.39,0.41,234311
PIQ,20181129,0.39,0.44,0.39,0.43,445424
PIQ,20181130,0.44,0.48,0.44,0.48,780742
PIQ,20181203,0.46,0.48,0.46,0.47,104330
PIQ,20181204,0.465,0.465,0.44,0.45,71466
PIQ,20181205,0.44,0.45,0.43,0.45,159800
PIQ,20181206,0.45,0.475,0.435,0.44,289826
PIQ,20181207,0.44,0.44,0.415,0.42,69941
PIQ,20181210,0.42,0.42,0.4,0.41,50456
PIQ,20181211,0.42,0.42,0.4,0.4,49305
PIQ,20181212,0.39,0.39,0.38,0.38,119931
PIQ,20181213,0.375,0.39,0.36,0.375,115494
PIQ,20181214,0.37,0.37,0.365,0.37,46607
PIQ,20181217,0.37,0.375,0.365,0.375,91950
PIQ,20181218,0.38,0.4,0.38,0.4,96799
PIQ,20181219,0.39,0.39,0.365,0.365,35625
PIQ,20181220,0.37,0.385,0.365,0.385,63612
PIQ,20181221,0.38,0.385,0.38,0.38,49917
PIQ,20181224,0.38,0.38,0.38,0.38,0
PIQ,20181227,0.385,0.385,0.385,0.385,24886
PIQ,20181228,0.385,0.385,0.385,0.385,9
PIQ,20181231,0.395,0.395,0.38,0.38,28811
PIQ,20190102,0.38,0.4,0.38,0.4,127229
PIQ,20190103,0.39,0.39,0.38,0.38,16693
PIQ,20190104,0.38,0.38,0.38,0.38,15400
PIQ,20190107,0.38,0.38,0.38,0.38,0
PIQ,20190108,0.385,0.4,0.385,0.4,6065
PIQ,20190109,0.4,0.43,0.4,0.43,153320
PIQ,20190110,0.425,0.425,0.41,0.41,9674
PIQ,20190111,0.41,0.415,0.41,0.415,35879
PIQ,20190114,0.39,0.39,0.39,0.39,8359
PIQ,20190115,0.39,0.39,0.375,0.375,12641
PIQ,20190116,0.375,0.375,0.37,0.37,72967
PIQ,20190117,0.4,0.4,0.4,0.4,2200
PIQ,20190118,0.4,0.4,0.37,0.4,62019
PIQ,20190121,0.39,0.39,0.375,0.375,30248
PIQ,20190122,0.375,0.38,0.375,0.38,53575
PIQ,20190123,0.385,0.39,0.385,0.39,20000
PIQ,20190124,0.36,0.36,0.33,0.345,537576
PIQ,20190125,0.345,0.35,0.3,0.31,348954
PIQ,20190129,0.32,0.32,0.32,0.32,5263
PIQ,20190130,0.32,0.345,0.31,0.335,125870
PIQ,20190131,0.34,0.36,0.34,0.35,125023
PIQ,20190201,0.35,0.36,0.35,0.35,35284
PIQ,20190204,0.35,0.355,0.34,0.355,51160
PIQ,20190205,0.36,0.38,0.36,0.38,86446
PIQ,20190206,0.38,0.38,0.38,0.38,0
PIQ,20190207,0.375,0.385,0.37,0.385,46819
PIQ,20190208,0.385,0.385,0.385,0.385,17000
PIQ,20190211,0.39,0.41,0.39,0.41,119516
PIQ,20190212,0.41,0.45,0.41,0.42,137773
PIQ,20190213,0.42,0.435,0.415,0.42,148010
PIQ,20190214,0.41,0.41,0.4,0.405,37345
PIQ,20190215,0.39,0.39,0.39,0.39,22363
PIQ,20190218,0.39,0.39,0.375,0.375,43909
PIQ,20190219,0.36,0.365,0.33,0.34,221035
PIQ,20190220,0.345,0.345,0.33,0.33,154978
PIQ,20190221,0.34,0.35,0.34,0.34,72987
PIQ,20190222,0.34,0.34,0.34,0.34,0
PIQ,20190225,0.34,0.35,0.34,0.34,47218
PIQ,20190226,0.33,0.34,0.33,0.34,31589
PIQ,20190227,0.33,0.34,0.33,0.34,51597
PIQ,20190228,0.335,0.335,0.325,0.325,81245
PIQ,20190301,0.32,0.32,0.29,0.305,544446
PIQ,20190304,0.3,0.31,0.3,0.3,238224
PIQ,20190305,0.3,0.31,0.3,0.31,26826
PIQ,20190306,0.31,0.31,0.31,0.31,48000
PIQ,20190307,0.31,0.31,0.3,0.3,17101
PIQ,20190308,0.302,0.31,0.302,0.31,30878
PIQ,20190311,0.305,0.305,0.3,0.3,76021
PIQ,20190312,0.3,0.3,0.29,0.295,132484
PIQ,20190313,0.29,0.295,0.29,0.295,11416
PIQ,20190314,0.3,0.305,0.3,0.305,34600
PIQ,20190315,0.32,0.32,0.305,0.305,13876
PIQ,20190318,0.32,0.36,0.32,0.36,197172
PIQ,20190319,0.345,0.37,0.33,0.36,160348
PIQ,20190320,0.345,0.345,0.345,0.345,1096
PIQ,20190321,0.34,0.34,0.32,0.32,117822
PIQ,20190322,0.32,0.325,0.32,0.325,20000
PIQ,20190325,0.32,0.32,0.31,0.31,64588
PIQ,20190326,0.315,0.315,0.31,0.31,64363
PIQ,20190327,0.31,0.31,0.31,0.31,7000
PIQ,20190328,0.31,0.31,0.3,0.3,95136
PIQ,20190329,0.3,0.3,0.3,0.3,2000
PIQ,20190401,0.3,0.3,0.3,0.3,0
PIQ,20190402,0.3,0.3,0.3,0.3,0
PIQ,20190403,0.305,0.305,0.3,0.3,33125
PIQ,20190404,0.31,0.31,0.305,0.305,13000
PIQ,20190405,0.305,0.305,0.305,0.305,2075
PIQ,20190408,0.32,0.32,0.295,0.295,165254
PIQ,20190409,0.295,0.295,0.28,0.295,118500
PIQ,20190410,0.3,0.3,0.275,0.275,139198
PIQ,20190411,0.275,0.275,0.27,0.27,20709
PIQ,20190412,0.265,0.27,0.26,0.26,164938
PIQ,20190415,0.23,0.29,0.23,0.275,426168
PIQ,20190416,0.275,0.275,0.27,0.27,53247
PIQ,20190417,0.27,0.275,0.27,0.27,15688
PIQ,20190418,0.28,0.29,0.28,0.29,42424
PIQ,20190423,0.29,0.31,0.28,0.28,123705
PIQ,20190424,0.28,0.28,0.27,0.27,217757
PIQ,20190426,0.285,0.29,0.275,0.275,79343
PIQ,20190429,0.275,0.275,0.275,0.275,54747
PIQ,20190430,0.275,0.285,0.275,0.28,88708
PIQ,20190501,0.285,0.305,0.285,0.305,61562
PIQ,20190502,0.325,0.325,0.305,0.305,50101
PIQ,20190503,0.3,0.3,0.28,0.28,149152
PIQ,20190506,0.3,0.3,0.3,0.3,65388
PIQ,20190507,0.3,0.3,0.3,0.3,0
PIQ,20190508,0.3,0.3,0.3,0.3,33692
PIQ,20190509,0.3,0.3,0.3,0.3,50000
PIQ,20190510,0.295,0.295,0.295,0.295,8979
PIQ,20190513,0.31,0.32,0.31,0.32,202651
PIQ,20190514,0.33,0.35,0.33,0.35,107999
PIQ,20190515,0.35,0.35,0.335,0.35,100711
PIQ,20190516,0.35,0.35,0.35,0.35,2774
PIQ,20190517,0.33,0.33,0.325,0.325,20010
PIQ,20190520,0.325,0.33,0.32,0.33,21614
PIQ,20190521,0.33,0.33,0.32,0.32,8210
PIQ,20190522,0.33,0.33,0.33,0.33,55000
PIQ,20190523,0.33,0.335,0.33,0.335,16559
PIQ,20190524,0.33,0.33,0.31,0.31,31500
PIQ,20190527,0.32,0.325,0.32,0.325,8682
PIQ,20190528,0.33,0.335,0.295,0.295,74720
PIQ,20190529,0.29,0.31,0.29,0.31,19032
PIQ,20190530,0.31,0.31,0.31,0.31,0
PIQ,20190531,0.3,0.3,0.28,0.28,92066
PIQ,20190603,0.29,0.29,0.29,0.29,5414
PIQ,20190604,0.28,0.28,0.275,0.275,61177
PIQ,20190605,0.285,0.285,0.285,0.285,10000
PIQ,20190606,0.295,0.33,0.295,0.32,110869
PIQ,20190607,0.32,0.335,0.305,0.31,1898778
PIQ,20190611,0.32,0.35,0.32,0.34,456784
PIQ,20190612,0.34,0.34,0.32,0.34,76501
PIQ,20190613,0.34,0.375,0.34,0.355,268973
PIQ,20190614,0.35,0.35,0.335,0.35,4869
PIQ,20190617,0.35,0.35,0.335,0.335,29250
PIQ,20190618,0.345,0.37,0.345,0.36,217437
PIQ,20190619,0.355,0.375,0.355,0.375,118782
PIQ,20190620,0.385,0.385,0.37,0.37,167822
PIQ,20190621,0.375,0.375,0.355,0.355,79197
PIQ,20190624,0.36,0.36,0.35,0.35,90231
PIQ,20190625,0.34,0.34,0.325,0.325,15335
PIQ,20190626,0.335,0.345,0.335,0.345,13377
PIQ,20190627,0.36,0.36,0.35,0.35,38189
PIQ,20190628,0.35,0.35,0.34,0.35,34550
PIQ,20190701,0.355,0.355,0.35,0.35,17387
PIQ,20190702,0.345,0.345,0.335,0.335,11350
PIQ,20190703,0.33,0.33,0.33,0.33,9872
PIQ,20190704,0.335,0.335,0.33,0.33,2612
PIQ,20190705,0.33,0.33,0.33,0.33,0
PIQ,20190708,0.33,0.33,0.33,0.33,0
PIQ,20190709,0.345,0.35,0.34,0.34,45513
PIQ,20190710,0.335,0.34,0.32,0.335,31442
PIQ,20190711,0.335,0.335,0.335,0.335,3300
PIQ,20190712,0.34,0.345,0.335,0.335,70779
PIQ,20190715,0.335,0.335,0.335,0.335,0
PIQ,20190716,0.345,0.345,0.33,0.33,111500
PIQ,20190717,0.33,0.33,0.33,0.33,0
PIQ,20190718,0.34,0.34,0.34,0.34,1000
PIQ,20190719,0.335,0.34,0.335,0.34,60322
PIQ,20190722,0.335,0.335,0.33,0.33,32535
PIQ,20190723,0.33,0.35,0.33,0.35,10382
PIQ,20190724,0.34,0.34,0.34,0.34,45873
PIQ,20190725,0.345,0.345,0.34,0.34,11500
PIQ,20190726,0.35,0.35,0.34,0.345,97000
PIQ,20190729,0.34,0.35,0.33,0.33,79327
PIQ,20190730,0.35,0.35,0.32,0.325,266502
PIQ,20190731,0.32,0.32,0.305,0.315,82639
PIQ,20190801,0.31,0.31,0.3,0.3,90066
PIQ,20190802,0.3,0.3,0.3,0.3,90000
PIQ,20190805,0.3,0.3,0.285,0.295,367165
PIQ,20190806,0.295,0.295,0.275,0.28,82159
PIQ,20190807,0.29,0.295,0.285,0.295,42124
PIQ,20190808,0.29,0.29,0.29,0.29,213
PIQ,20190809,0.29,0.29,0.28,0.28,28299
PIQ,20190812,0.285,0.295,0.285,0.295,45962
PIQ,20190813,0.29,0.29,0.275,0.275,41002
PIQ,20190814,0.28,0.28,0.275,0.275,36843
PIQ,20190815,0.275,0.28,0.27,0.27,57996
PIQ,20190816,0.27,0.27,0.27,0.27,11000
PIQ,20190819,0.27,0.27,0.27,0.27,10072
PIQ,20190820,0.27,0.27,0.27,0.27,2222
PIQ,20190821,0.275,0.275,0.275,0.275,29107
PIQ,20190822,0.275,0.275,0.275,0.275,0
PIQ,20190823,0.28,0.28,0.28,0.28,25000
PIQ,20190826,0.285,0.285,0.275,0.275,42630
PIQ,20190827,0.28,0.28,0.275,0.275,43581
PIQ,20190828,0.275,0.275,0.275,0.275,13603
PIQ,20190829,0.275,0.275,0.275,0.275,0
PIQ,20190830,0.275,0.275,0.275,0.275,9272
PIQ,20190902,0.265,0.265,0.265,0.265,3111
PIQ,20190903,0.26,0.26,0.25,0.25,157277
PIQ,20190904,0.25,0.25,0.25,0.25,0
PIQ,20190905,0.25,0.27,0.25,0.27,131223
PIQ,20190906,0.26,0.26,0.255,0.255,28547
PIQ,20190909,0.255,0.255,0.255,0.255,0
PIQ,20190910,0.27,0.275,0.27,0.27,57680
PIQ,20190911,0.27,0.27,0.27,0.27,41372
PIQ,20190912,0.29,0.31,0.285,0.3,259947
PIQ,20190913,0.32,0.38,0.32,0.365,684961
PIQ,20190916,0.365,0.365,0.365,0.365,0
PIQ,20190917,0.425,0.437,0.36,0.36,490193
PIQ,20190918,0.37,0.38,0.36,0.38,122461
PIQ,20190919,0.365,0.365,0.35,0.35,66946
PIQ,20190920,0.345,0.355,0.345,0.355,72950
PIQ,20190923,0.355,0.355,0.35,0.35,33919
PIQ,20190924,0.35,0.35,0.335,0.335,30874
PIQ,20190925,0.335,0.335,0.335,0.335,126023
PIQ,20190926,0.335,0.335,0.335,0.335,26453
PIQ,20190927,0.33,0.33,0.325,0.325,83291
PIQ,20190930,0.33,0.33,0.325,0.325,145642
PIQ,20191001,0.33,0.335,0.33,0.335,104472
PIQ,20191002,0.33,0.33,0.325,0.325,19158
PIQ,20191003,0.325,0.325,0.325,0.325,40000
PIQ,20191004,0.335,0.335,0.33,0.335,64829
PIQ,20191007,0.325,0.36,0.325,0.36,77000
PIQ,20191008,0.36,0.36,0.35,0.35,25028
PIQ,20191009,0.36,0.36,0.35,0.36,51916
PIQ,20191010,0.36,0.375,0.355,0.365,247833
PIQ,20191011,0.36,0.36,0.36,0.36,55405
PIQ,20191014,0.36,0.36,0.355,0.355,35527
PIQ,20191015,0.355,0.355,0.34,0.34,108485
PIQ,20191016,0.335,0.335,0.335,0.335,23500
PIQ,20191017,0.335,0.34,0.317,0.33,200096
PIQ,20191018,0.315,0.32,0.3,0.32,134159
PIQ,20191021,0.32,0.325,0.32,0.325,19375
PIQ,20191022,0.32,0.335,0.32,0.33,59938
PIQ,20191023,0.33,0.35,0.33,0.35,117853
PIQ,20191024,0.34,0.34,0.34,0.34,5000
PIQ,20191025,0.34,0.35,0.34,0.35,4248
PIQ,20191028,0.335,0.335,0.325,0.325,104070
PIQ,20191029,0.325,0.325,0.325,0.325,0
PIQ,20191030,0.34,0.345,0.335,0.34,115154
PIQ,20191031,0.33,0.33,0.32,0.32,108418
PIQ,20191101,0.315,0.315,0.31,0.31,44800
PIQ,20191104,0.33,0.33,0.33,0.33,27582
PIQ,20191105,0.335,0.335,0.315,0.315,107665
PIQ,20191106,0.33,0.33,0.32,0.32,54835
PIQ,20191107,0.33,0.33,0.33,0.33,1575
PIQ,20191108,0.33,0.335,0.3,0.3,171274
PIQ,20191111,0.305,0.335,0.305,0.335,61310
PIQ,20191112,0.345,0.35,0.34,0.345,76989
PIQ,20191113,0.345,0.345,0.345,0.345,0
PIQ,20191114,0.345,0.345,0.345,0.345,0
PIQ,20191115,0.315,0.33,0.315,0.33,164453
PIQ,20191118,0.33,0.33,0.325,0.325,3283
PIQ,20191119,0.33,0.33,0.325,0.33,29070
PIQ,20191120,0.33,0.33,0.32,0.33,72097
PIQ,20191121,0.33,0.33,0.33,0.33,0
PIQ,20191122,0.32,0.32,0.31,0.315,193871
PIQ,20191125,0.31,0.35,0.31,0.32,292978
PIQ,20191126,0.32,0.335,0.315,0.335,89138
PIQ,20191127,0.33,0.33,0.315,0.315,159103
PIQ,20191128,0.315,0.33,0.315,0.325,174093
PIQ,20191129,0.325,0.33,0.325,0.325,146675
PIQ,20191202,0.325,0.34,0.32,0.325,162027
PIQ,20191203,0.32,0.32,0.3,0.3,242012
PIQ,20191204,0.305,0.305,0.3,0.3,259894
PIQ,20191205,0.3,0.305,0.3,0.305,84703
PIQ,20191206,0.305,0.305,0.305,0.305,10000
PIQ,20191209,0.3,0.3,0.295,0.3,182771
PIQ,20191210,0.295,0.3,0.29,0.29,120161
PIQ,20191211,0.29,0.297,0.285,0.29,298482
PIQ,20191212,0.295,0.295,0.29,0.29,125155
PIQ,20191213,0.29,0.29,0.265,0.265,675651
PIQ,20191216,0.29,0.29,0.28,0.28,195305
PIQ,20191217,0.27,0.28,0.27,0.28,141012
PIQ,20191218,0.27,0.29,0.27,0.28,78502
PIQ,20191219,0.28,0.29,0.28,0.28,94746
PIQ,20191220,0.28,0.28,0.28,0.28,10000
PIQ,20191223,0.29,0.29,0.27,0.27,61343
PIQ,20191224,0.275,0.28,0.27,0.27,60412
PIQ,20191227,0.27,0.28,0.27,0.275,62924
PIQ,20191230,0.275,0.275,0.275,0.275,0
PIQ,20191231,0.27,0.27,0.27,0.27,144003
PIQ,20200102,0.265,0.265,0.265,0.265,22899
PIQ,20200103,0.27,0.27,0.27,0.27,130391
PIQ,20200106,0.275,0.28,0.275,0.28,110765
PIQ,20200107,0.28,0.28,0.28,0.28,127285
PIQ,20200108,0.275,0.275,0.26,0.26,321142
PIQ,20200109,0.27,0.275,0.27,0.275,54372
PIQ,20200113,0.265,0.285,0.265,0.285,212296
PIQ,20200114,0.295,0.3,0.29,0.29,226691
PIQ,20200115,0.29,0.29,0.285,0.29,25321
PIQ,20200116,0.295,0.3,0.295,0.3,81560
PIQ,20200117,0.305,0.315,0.305,0.305,205059
PIQ,20200120,0.3,0.305,0.3,0.305,97416
PIQ,20200121,0.3,0.3,0.3,0.3,78166
PIQ,20200122,0.3,0.3,0.3,0.3,16451
PIQ,20200123,0.29,0.295,0.29,0.295,51316
PIQ,20200124,0.305,0.305,0.295,0.3,105599
PIQ,20200128,0.3,0.3,0.3,0.3,37000
PIQ,20200129,0.3,0.3,0.29,0.29,122834
PIQ,20200130,0.285,0.29,0.285,0.285,58431
PIQ,20200203,0.27,0.27,0.26,0.26,168930
PIQ,20200204,0.265,0.265,0.26,0.26,158438
PIQ,20200205,0.265,0.285,0.265,0.28,89195
PIQ,20200210,0.28,0.28,0.28,0.28,0
PIQ,20200211,0.27,0.28,0.27,0.28,69497
PIQ,20200212,0.28,0.29,0.28,0.29,12460
PIQ,20200213,0.29,0.29,0.29,0.29,3125
PIQ,20200214,0.32,0.38,0.32,0.335,1796607
PIQ,20200217,0.35,0.35,0.33,0.33,302666
PIQ,20200218,0.335,0.345,0.335,0.34,65868
PIQ,20200219,0.34,0.345,0.335,0.335,57567
PIQ,20200220,0.335,0.335,0.335,0.335,8343
PIQ,20200221,0.33,0.33,0.32,0.32,111316
PIQ,20200224,0.325,0.345,0.325,0.345,60228
PIQ,20200225,0.325,0.325,0.315,0.325,214498
PIQ,20200226,0.315,0.315,0.3,0.3,270440
PIQ,20200227,0.29,0.29,0.275,0.28,303777
PIQ,20200228,0.29,0.29,0.26,0.26,197193
PIQ,20200302,0.25,0.28,0.23,0.28,565371
PIQ,20200303,0.28,0.295,0.28,0.295,119400
PIQ,20200304,0.29,0.29,0.275,0.275,53428
PIQ,20200305,0.28,0.305,0.28,0.305,105898
PIQ,20200306,0.3,0.3,0.28,0.29,87959
PIQ,20200309,0.29,0.29,0.23,0.24,368081
PIQ,20200310,0.23,0.285,0.225,0.285,353606
PIQ,20200311,0.265,0.265,0.26,0.26,10155
PIQ,20200312,0.25,0.255,0.225,0.225,194096
PIQ,20200313,0.225,0.23,0.21,0.225,172158
PIQ,20200316,0.22,0.22,0.2,0.2,105624
PIQ,20200317,0.21,0.21,0.2,0.21,42816
PIQ,20200318,0.255,0.26,0.21,0.21,401694
PIQ,20200319,0.21,0.23,0.21,0.23,80789
PIQ,20200320,0.21,0.23,0.21,0.225,53813
PIQ,20200323,0.215,0.22,0.2,0.2,447492
PIQ,20200324,0.2,0.225,0.195,0.225,52500
PIQ,20200325,0.22,0.22,0.22,0.22,49218
PIQ,20200326,0.22,0.24,0.21,0.21,68456
PIQ,20200327,0.215,0.235,0.21,0.23,68539
PIQ,20200330,0.23,0.24,0.23,0.24,53757
PIQ,20200331,0.25,0.26,0.25,0.25,130243
PIQ,20200401,0.24,0.25,0.23,0.25,14567
PIQ,20200402,0.25,0.25,0.25,0.25,13822
PIQ,20200403,0.24,0.24,0.235,0.24,24917
PIQ,20200406,0.24,0.27,0.23,0.23,155759
PIQ,20200407,0.27,0.38,0.27,0.28,686083
PIQ,20200408,0.28,0.29,0.27,0.29,183008
PIQ,20200409,0.29,0.3,0.275,0.275,214708
PIQ,20200414,0.29,0.29,0.275,0.28,39481
PIQ,20200415,0.29,0.3,0.27,0.27,128028
PIQ,20200416,0.3,0.34,0.29,0.29,133079
PIQ,20200417,0.3,0.32,0.285,0.32,116601
PIQ,20200420,0.32,0.32,0.3,0.3,78782
PIQ,20200421,0.3,0.3,0.3,0.3,0
PIQ,20200422,0.3,0.3,0.29,0.29,61462
PIQ,20200423,0.29,0.29,0.285,0.285,213959
PIQ,20200424,0.3,0.31,0.3,0.31,184000
PIQ,20200427,0.29,0.29,0.29,0.29,46400
PIQ,20200428,0.29,0.3,0.285,0.29,68280
PIQ,20200429,0.31,0.31,0.29,0.31,130469
PIQ,20200430,0.33,0.35,0.33,0.33,482769
PIQ,20200501,0.34,0.34,0.31,0.335,129546
PIQ,20200504,0.34,0.34,0.3,0.33,160368
PIQ,20200505,0.33,0.34,0.305,0.34,54000
PIQ,20200506,0.34,0.35,0.32,0.32,137993
PIQ,20200507,0.32,0.34,0.32,0.32,99180
PIQ,20200508,0.33,0.35,0.33,0.33,82889
PIQ,20200511,0.34,0.355,0.335,0.355,110104
PIQ,20200512,0.365,0.365,0.345,0.355,100052
PIQ,20200513,0.355,0.36,0.345,0.355,126546
PIQ,20200514,0.355,0.355,0.355,0.355,0
PIQ,20200515,0.36,0.36,0.36,0.36,255
PIQ,20200518,0.35,0.35,0.33,0.345,61408
PIQ,20200519,0.34,0.35,0.34,0.35,69964
PIQ,20200520,0.35,0.35,0.35,0.35,100000
PIQ,20200521,0.34,0.34,0.34,0.34,3886
PIQ,20200522,0.34,0.34,0.325,0.33,25305
PIQ,20200525,0.335,0.365,0.32,0.345,331792
PIQ,20200526,0.345,0.365,0.345,0.365,71060
PIQ,20200527,0.365,0.365,0.35,0.355,44422
PIQ,20200528,0.335,0.36,0.32,0.36,56586
PIQ,20200529,0.36,0.36,0.335,0.335,27471
PIQ,20200601,0.335,0.355,0.335,0.35,148823
PIQ,20200602,0.35,0.355,0.35,0.355,126514
PIQ,20200603,0.355,0.375,0.355,0.365,267335
PIQ,20200604,0.38,0.385,0.35,0.385,288663
PIQ,20200605,0.39,0.465,0.39,0.45,498405
PIQ,20200609,0.45,0.54,0.45,0.46,417669
PIQ,20200610,0.485,0.565,0.48,0.565,716942
PIQ,20200611,0.565,0.565,0.565,0.565,0
PIQ,20200612,0.565,0.565,0.565,0.565,0
PIQ,20200615,0.6,0.6,0.44,0.46,2341791
PIQ,20200616,0.5,0.505,0.47,0.47,282620
PIQ,20200617,0.49,0.49,0.47,0.47,47891
PIQ,20200618,0.45,0.45,0.415,0.425,449261
PIQ,20200619,0.43,0.46,0.385,0.39,653856
PIQ,20200622,0.395,0.455,0.395,0.44,100728
PIQ,20200623,0.45,0.45,0.415,0.435,118573
PIQ,20200624,0.425,0.425,0.41,0.41,480522
PIQ,20200625,0.41,0.43,0.4,0.43,341733
PIQ,20200626,0.42,0.42,0.395,0.395,105147
PIQ,20200629,0.395,0.435,0.395,0.42,126586
PIQ,20200630,0.42,0.445,0.415,0.42,138092
PIQ,20200701,0.43,0.43,0.42,0.42,38011
PIQ,20200702,0.42,0.43,0.42,0.42,36187
PIQ,20200703,0.43,0.43,0.42,0.425,92254
PIQ,20200706,0.425,0.425,0.4,0.42,144771
PIQ,20200707,0.43,0.43,0.42,0.43,48649
PIQ,20200708,0.435,0.435,0.41,0.425,167941
PIQ,20200709,0.41,0.425,0.405,0.41,158292
PIQ,20200710,0.415,0.435,0.415,0.425,33723
PIQ,20200713,0.435,0.44,0.42,0.42,152464
PIQ,20200714,0.415,0.415,0.405,0.405,179050
PIQ,20200715,0.41,0.41,0.405,0.41,53565
PIQ,20200716,0.42,0.44,0.42,0.43,122797
PIQ,20200717,0.445,0.46,0.44,0.46,356772
PIQ,20200720,0.46,0.51,0.46,0.51,426080
PIQ,20200721,0.51,0.51,0.49,0.5,148765
PIQ,20200722,0.5,0.5,0.485,0.495,77162
PIQ,20200723,0.495,0.505,0.485,0.5,52217
PIQ,20200724,0.495,0.545,0.495,0.52,433392
PIQ,20200727,0.52,0.545,0.515,0.54,226984
PIQ,20200728,0.52,0.59,0.52,0.56,431643
PIQ,20200729,0.58,0.6,0.535,0.59,288299
PIQ,20200730,0.585,0.59,0.565,0.57,112326
PIQ,20200731,0.57,0.58,0.55,0.58,108631
PIQ,20200803,0.57,0.58,0.55,0.575,49366
PIQ,20200804,0.575,0.58,0.56,0.57,67719
PIQ,20200805,0.58,0.685,0.58,0.685,416450
PIQ,20200806,0.685,0.695,0.625,0.635,260843
PIQ,20200807,0.635,0.65,0.59,0.63,114298
PIQ,20200810,0.635,0.68,0.61,0.645,151016
PIQ,20200811,0.635,0.67,0.625,0.665,115967
PIQ,20200812,0.65,0.65,0.62,0.625,114035
PIQ,20200813,0.645,0.65,0.62,0.65,75748
PIQ,20200814,0.655,0.66,0.62,0.655,33216
PIQ,20200817,0.655,0.655,0.655,0.655,1526
PIQ,20200818,0.655,0.655,0.625,0.655,50167
PIQ,20200819,0.62,0.645,0.62,0.62,65101
PIQ,20200820,0.615,0.62,0.59,0.615,139297
PIQ,20200821,0.61,0.625,0.605,0.61,39234
PIQ,20200824,0.62,0.62,0.595,0.605,155064
PIQ,20200825,0.605,0.625,0.595,0.605,238953
PIQ,20200826,0.61,0.645,0.605,0.645,170501
PIQ,20200827,0.655,0.675,0.615,0.65,130459
PIQ,20200828,0.62,0.65,0.62,0.65,33352
PIQ,20200831,0.62,0.64,0.61,0.61,107564
PIQ,20200901,0.61,0.61,0.535,0.555,233918
PIQ,20200902,0.53,0.585,0.53,0.585,149515
PIQ,20200903,0.58,0.59,0.55,0.55,95858
PIQ,20200904,0.545,0.605,0.53,0.6,148138
PIQ,20200907,0.585,0.585,0.55,0.585,65563
PIQ,20200908,0.585,0.585,0.585,0.585,0
PIQ,20200909,0.56,0.57,0.535,0.57,104646
PIQ,20200910,0.57,0.58,0.56,0.56,137563
PIQ,20200911,0.54,0.54,0.53,0.54,61647
PIQ,20200914,0.53,0.53,0.475,0.49,373725
PIQ,20200915,0.49,0.49,0.46,0.48,152413
PIQ,20200916,0.48,0.52,0.48,0.515,146802
PIQ,20200917,0.485,0.49,0.455,0.455,270509
PIQ,20200918,0.5,0.52,0.48,0.52,275629
PIQ,20200921,0.515,0.52,0.5,0.515,51600
PIQ,20200922,0.51,0.51,0.48,0.48,59495
PIQ,20200923,0.5,0.5,0.48,0.5,7434
PIQ,20200924,0.5,0.5,0.485,0.485,8233
PIQ,20200925,0.51,0.51,0.49,0.505,41664
PIQ,20200928,0.51,0.51,0.48,0.51,29935
PIQ,20200929,0.51,0.51,0.51,0.51,18720
PIQ,20200930,0.5,0.52,0.5,0.52,83129
PIQ,20201001,0.52,0.61,0.52,0.565,223152
PIQ,20201002,0.565,0.59,0.52,0.52,28038
PIQ,20201005,0.535,0.55,0.535,0.55,23606
PIQ,20201006,0.55,0.585,0.55,0.585,15775
PIQ,20201007,0.56,0.57,0.55,0.565,57000
PIQ,20201008,0.57,0.59,0.57,0.58,57692
PIQ,20201009,0.595,0.6,0.555,0.595,99064
PIQ,20201012,0.595,0.595,0.59,0.59,10619
PIQ,20201013,0.59,0.6,0.58,0.58,72162
PIQ,20201014,0.58,0.58,0.575,0.575,6745
PIQ,20201015,0.565,0.565,0.535,0.545,78256
PIQ,20201016,0.595,0.605,0.565,0.565,325552
PIQ,20201019,0.565,0.59,0.56,0.585,183000
PIQ,20201020,0.575,0.575,0.55,0.55,43055
PIQ,20201021,0.55,0.55,0.55,0.55,0
PIQ,20201022,0.55,0.55,0.55,0.55,0
PIQ,20201023,0.56,0.61,0.56,0.595,279134
PIQ,20201026,0.57,0.59,0.555,0.565,346870
PIQ,20201027,0.56,0.6,0.55,0.565,90906
PIQ,20201028,0.565,0.565,0.54,0.55,103637
PIQ,20201029,0.54,0.555,0.515,0.52,239753
PIQ,20201030,0.51,0.51,0.5,0.51,244478
PIQ,20201102,0.51,0.515,0.5,0.505,251075
PIQ,20201103,0.515,0.515,0.485,0.49,502903
PIQ,20201104,0.5,0.515,0.495,0.5,114377
PIQ,20201105,0.5,0.51,0.5,0.5,213482
PIQ,20201106,0.5,0.51,0.495,0.51,280164
PIQ,20201109,0.515,0.515,0.5,0.5,214108
PIQ,20201110,0.5,0.5,0.495,0.5,168407
PIQ,20201111,0.495,0.5,0.495,0.5,20422
PIQ,20201112,0.51,0.512,0.48,0.485,431450
PIQ,20201113,0.5,0.52,0.5,0.52,214102
PIQ,20201116,0.505,0.505,0.505,0.505,17987
PIQ,20201117,0.505,0.55,0.505,0.545,424795
PIQ,20201118,0.55,0.58,0.545,0.57,179415
PIQ,20201120,0.57,0.57,0.54,0.54,154080
PIQ,20201123,0.545,0.55,0.53,0.53,54942
PIQ,20201124,0.535,0.535,0.52,0.525,74500
PIQ,20201125,0.51,0.525,0.505,0.525,98615
PIQ,20201126,0.525,0.525,0.52,0.52,104856
PIQ,20201127,0.51,0.535,0.51,0.52,139025
PIQ,20201130,0.535,0.535,0.515,0.52,97879
PIQ,20201201,0.535,0.545,0.52,0.545,151568
PIQ,20201202,0.54,0.565,0.54,0.555,300104
PIQ,20201203,0.555,0.655,0.555,0.655,814835
PIQ,20201204,0.68,0.68,0.62,0.625,246201
PIQ,20201207,0.63,0.635,0.625,0.635,152156
PIQ,20201208,0.635,0.65,0.63,0.645,311026
PIQ,20201209,0.65,0.74,0.65,0.725,935227
PIQ,20201210,0.725,0.725,0.69,0.695,423568
PIQ,20201211,0.71,0.77,0.71,0.765,483086
PIQ,20201214,0.82,0.835,0.765,0.77,576639
PIQ,20201215,0.77,0.77,0.67,0.69,554391
PIQ,20201216,0.7,0.705,0.675,0.68,247720
PIQ,20201217,0.68,0.695,0.66,0.695,119225
PIQ,20201218,0.695,0.74,0.695,0.74,336059
PIQ,20201221,0.755,0.82,0.74,0.82,522878
PIQ,20201222,0.81,0.81,0.78,0.78,564300
PIQ,20201224,0.815,0.815,0.815,0.815,0
PIQ,20201229,0.795,0.795,0.77,0.785,34250
PIQ,20201230,0.785,0.785,0.785,0.785,0
PIQ,20201231,0.75,0.795,0.75,0.795,19627
PIQ,20210104,0.8,0.8,0.77,0.78,43588
PIQ,20210105,0.8,0.82,0.75,0.795,168198
PIQ,20210106,0.82,0.82,0.77,0.77,117901
PIQ,20210107,0.76,0.79,0.74,0.79,152569
PIQ,20210108,0.8,0.845,0.75,0.79,159529
PIQ,20210111,0.765,0.765,0.735,0.735,62479
PIQ,20210112,0.725,0.74,0.705,0.73,69945
PIQ,20210113,0.72,0.76,0.72,0.75,140388
PIQ,20210114,0.73,0.74,0.73,0.735,38748
PIQ,20210115,0.75,0.77,0.745,0.77,83644
PIQ,20210118,0.77,0.77,0.74,0.74,43061
PIQ,20210119,0.745,0.75,0.72,0.75,70322
PIQ,20210120,0.75,0.755,0.74,0.74,32140
PIQ,20210121,0.75,0.76,0.74,0.745,95162
PIQ,20210122,0.745,0.76,0.735,0.76,131181
PIQ,20210125,0.75,0.765,0.75,0.76,45780
PIQ,20210127,0.76,0.76,0.76,0.76,1001
PIQ,20210128,0.75,0.75,0.7,0.71,192232
PIQ,20210129,0.71,0.73,0.675,0.685,306498
PIQ,20210201,0.66,0.68,0.655,0.68,143746
PIQ,20210203,0.74,0.74,0.73,0.74,12262
PIQ,20210204,0.73,0.73,0.73,0.73,35226
PIQ,20210205,0.74,0.78,0.74,0.765,339900
PIQ,20210208,0.8,0.82,0.78,0.8,296897
PIQ,20210209,0.8,0.825,0.785,0.82,133378
PIQ,20210210,0.83,0.9,0.83,0.875,428885
PIQ,20210211,0.865,0.865,0.85,0.855,162269
PIQ,20210212,0.85,0.875,0.85,0.86,113016
PIQ,20210215,0.88,0.89,0.84,0.88,259592
PIQ,20210216,0.89,1.075,0.89,1.05,903706
PIQ,20210217,1.12,1.2,1.065,1.1,532314
PIQ,20210218,1.08,1.18,1.055,1.1,315971
PIQ,20210219,1.1,1.11,1.04,1.045,426419
PIQ,20210222,1.075,1.225,1.065,1.225,244920
PIQ,20210223,1.26,1.375,1.23,1.34,883006
PIQ,20210224,1.34,1.35,1.235,1.245,300298
PIQ,20210225,1.22,1.48,1.22,1.32,424742
PIQ,20210226,1.3,1.43,1.265,1.335,305650
PIQ,20210301,1.36,1.41,1.305,1.325,183288
PIQ,20210302,1.35,1.375,1.26,1.26,78796
PIQ,20210303,1.25,1.29,1.25,1.25,109213
PIQ,20210304,1.25,1.25,1.13,1.13,228299
PIQ,20210305,1.085,1.21,1.065,1.12,410870
PIQ,20210308,1.15,1.26,1.15,1.225,148205
PIQ,20210309,1.22,1.275,1.15,1.195,159025
PIQ,20210310,1.2,1.2,1.11,1.11,175074
PIQ,20210311,1.2,1.2,1.11,1.11,175074
PIQ,20210312,1.2,1.265,1.17,1.265,167045
PIQ,20210315,1.26,1.26,1.21,1.25,97154
PIQ,20210316,1.25,1.4,1.25,1.33,221534
PIQ,20210317,1.28,1.325,1.28,1.315,56278
PIQ,20210318,1.295,1.295,1.255,1.255,50099
PIQ,20210319,1.255,1.255,1.21,1.24,207847
PIQ,20210322,1.24,1.25,1.17,1.215,93412
PIQ,20210323,1.17,1.225,1.17,1.205,53385
PIQ,20210324,1.165,1.195,1.165,1.195,42136
PIQ,20210325,1.175,1.19,1.155,1.155,44156
PIQ,20210329,1.225,1.225,1.17,1.18,160108
PIQ,20210330,1.18,1.18,1.14,1.14,52695
PIQ,20210331,1.13,1.18,1.11,1.18,81811
PIQ,20210401,1.18,1.21,1.16,1.16,32182
PIQ,20210406,1.17,1.225,1.17,1.215,78337
PIQ,20210407,1.21,1.21,1.175,1.175,11400
PIQ,20210408,1.185,1.22,1.185,1.21,93750
PIQ,20210409,1.19,1.31,1.185,1.31,181427
PIQ,20210412,1.36,1.42,1.31,1.32,158200
PIQ,20210413,1.35,1.35,1.25,1.275,75095
PIQ,20210414,1.28,1.335,1.27,1.295,80681
PIQ,20210415,1.33,1.335,1.28,1.3,38043
PIQ,20210416,1.33,1.36,1.3,1.35,95398
PIQ,20210419,1.35,1.365,1.34,1.35,75296
PIQ,20210420,1.345,1.345,1.215,1.22,90792
PIQ,20210421,1.21,1.225,1.17,1.225,127168
PIQ,20210422,1.2,1.21,1.165,1.18,33273
PIQ,20210423,1.21,1.28,1.18,1.18,86991
PIQ,20210426,1.18,1.205,1.175,1.19,69356
PIQ,20210427,1.2,1.24,1.185,1.225,91507
PIQ,20210428,1.235,1.305,1.21,1.255,123216
PIQ,20210429,1.25,1.25,1.1,1.18,324623
PIQ,20210430,1.18,1.18,1.125,1.13,120825
PIQ,20210503,1.13,1.14,1.025,1.04,274681
PIQ,20210504,1.05,1.06,0.95,1.05,390261
PIQ,20210505,1.02,1.05,1.01,1.02,120255
PIQ,20210506,1.04,1.04,0.99,0.99,164821
PIQ,20210507,0.98,1,0.98,1,99608
PIQ,20210510,1,1.01,0.995,1,38217
PIQ,20210511,1,1.015,0.995,1.015,65280
PIQ,20210512,0.99,1.05,0.97,1.04,244094
PIQ,20210513,1.09,1.13,1.08,1.1,156388
PIQ,20210514,1.14,1.22,1.14,1.22,121908
PIQ,20210517,1.21,1.21,1.145,1.145,17902
PIQ,20210518,1.18,1.18,1.14,1.14,52413
PIQ,20210519,1.17,1.18,1.14,1.165,30241
PIQ,20210520,1.14,1.14,1.1,1.105,112780
PIQ,20210521,1.11,1.14,1.105,1.125,16801
PIQ,20210524,1.17,1.17,1.1,1.1,53828
PIQ,20210525,1.12,1.14,1.115,1.14,52853
PIQ,20210526,1.14,1.21,1.13,1.195,47646
PIQ,20210527,1.2,1.2,1.15,1.16,29370
PIQ,20210528,1.2,1.2,1.15,1.15,19526
PIQ,20210531,1.205,1.21,1.15,1.185,97941
PIQ,20210601,1.15,1.195,1.15,1.15,84128
PIQ,20210602,1.12,1.17,1.115,1.125,74771
PIQ,20210603,1.135,1.135,1.11,1.11,33083
PIQ,20210604,1.115,1.145,1.11,1.115,21402
PIQ,20210607,1.12,1.12,1.025,1.04,117883
PIQ,20210609,1.055,1.06,1.005,1.04,132991
PIQ,20210610,1.01,1.09,1.01,1.085,78910
PIQ,20210611,1.07,1.07,1.005,1.025,57619
PIQ,20210615,1.04,1.04,0.89,0.97,418675
PIQ,20210616,0.96,0.96,0.925,0.935,157839
PIQ,20210617,0.93,0.945,0.87,0.905,277521
PIQ,20210618,0.925,1.04,0.925,1.04,274673
PIQ,20210621,1.05,1.05,0.97,0.97,72942
PIQ,20210622,0.97,1.015,0.97,0.985,62915
PIQ,20210623,0.98,0.98,0.92,0.95,117578
PIQ,20210625,0.925,0.925,0.925,0.925,0
PIQ,20210628,0.925,0.925,0.925,0.925,0
PIQ,20210629,0.925,0.925,0.925,0.925,0
PIQ,20210630,0.925,0.925,0.925,0.925,0
PIQ,20210701,0.925,0.925,0.925,0.925,0
PIQ,20210705,1,1.1,0.96,0.96,244876
PIQ,20210706,0.97,1.03,0.96,1,103984
PIQ,20210707,1.02,1.02,0.975,1,107794
PIQ,20210708,1,1,0.95,0.97,117543
PIQ,20210709,0.97,0.995,0.935,0.95,85283
PIQ,20210712,0.935,0.935,0.91,0.925,29706
PIQ,20210714,1,1.04,0.965,0.995,108464
PIQ,20210715,0.995,0.995,0.995,0.995,0
PIQ,20210716,1.1,1.1,1,1.08,379472
PIQ,20210719,1.08,1.08,1.01,1.03,212148
PIQ,20210720,1.015,1.03,1,1.015,174922
PIQ,20210723,1.115,1.175,1.09,1.175,133850
PIQ,20210726,1.175,1.24,1.175,1.19,165427
PIQ,20210727,1.21,1.28,1.195,1.22,129633
PIQ,20210728,1.25,1.285,1.22,1.25,337655
PIQ,20210729,1.24,1.24,1.18,1.2,90057
PIQ,20210730,1.18,1.205,1.165,1.2,193432
PIQ,20210802,1.2,1.205,1.165,1.2,125680
PIQ,20210803,1.18,1.2,1.105,1.14,109280
PIQ,20210804,1.14,1.2,1.14,1.165,100262
PIQ,20210805,1.165,1.165,1.16,1.16,19609
PIQ,20210806,1.162,1.17,1.14,1.14,21951
PIQ,20210809,1.14,1.14,1.127,1.13,78657
PIQ,20210810,1.14,1.14,1.125,1.125,57181
PIQ,20210811,1.125,1.125,1.04,1.045,87169
PIQ,20210812,1.095,1.17,1.07,1.16,110830
PIQ,20210813,1.16,1.18,1.1,1.135,109990
PIQ,20210819,1.06,1.06,1.04,1.04,86108
PIQ,20210820,1.05,1.055,1.035,1.05,166178
PIQ,20210823,1.05,1.05,1.05,1.05,0
PIQ,20210824,1.06,1.06,1.06,1.06,16465
PIQ,20210825,1.07,1.07,1.055,1.055,21772
PIQ,20210826,1.065,1.065,1.065,1.065,600
PIQ,20210827,1.07,1.07,1.025,1.055,38696
PIQ,20210830,1.05,1.1,1.05,1.1,27004
PIQ,20210831,1.1,1.12,1.075,1.1,200882
PIQ,20210901,1.1,1.12,1.055,1.055,56483
PIQ,20210902,1.105,1.17,1.1,1.135,37252
PIQ,20210903,1.125,1.16,1.115,1.16,77736
PIQ,20210906,1.17,1.17,1.11,1.11,33117
PIQ,20210907,1.11,1.13,1.11,1.125,20762
PIQ,20210908,1.135,1.135,1.11,1.11,31941
PIQ,20210909,1.105,1.13,1.065,1.13,49900
PIQ,20210910,1.11,1.11,1.11,1.11,4330
PIQ,20210913,1.08,1.08,1.075,1.075,6335
PIQ,20210914,1.085,1.085,1.05,1.075,41769
PIQ,20210915,1.055,1.07,0.99,1.055,124991
PIQ,20210916,1.055,1.07,1.04,1.04,17046
PIQ,20210917,1.015,1.015,1.015,1.015,10875
PIQ,20210920,1.015,1.015,1.005,1.005,38131
PIQ,20210922,1.01,1.01,0.94,0.96,83171
PIQ,20210923,0.955,0.98,0.955,0.97,8693
PIQ,20210924,0.955,0.965,0.95,0.95,33722
PIQ,20210927,0.96,0.975,0.95,0.95,17105
PIQ,20210928,0.95,0.965,0.935,0.965,23367
PIQ,20210929,0.955,0.955,0.885,0.89,236642
PIQ,20210930,0.9,0.905,0.89,0.89,48400
PIQ,20211001,0.89,0.89,0.85,0.86,96576
PIQ,20211004,0.88,0.88,0.85,0.88,51292
PIQ,20211005,0.86,0.89,0.855,0.875,50107
PIQ,20211006,0.89,0.89,0.87,0.875,24977
PIQ,20211007,0.875,0.875,0.875,0.875,3999
PIQ,20211008,0.89,0.89,0.875,0.88,38238
PIQ,20211011,0.88,0.88,0.875,0.875,17862
PIQ,20211012,0.88,0.88,0.875,0.875,17862
PIQ,20211013,0.88,0.88,0.87,0.87,11988
PIQ,20211014,0.87,0.87,0.83,0.85,120330
PIQ,20211019,0.93,0.965,0.9,0.9,46524
PIQ,20211020,0.94,0.945,0.94,0.94,12814
PIQ,20211021,0.92,0.92,0.875,0.875,46111
PIQ,20211022,0.87,0.87,0.85,0.85,46904
PIQ,20211025,0.85,0.9,0.85,0.9,17765
PIQ,20211026,0.9,0.9,0.85,0.875,48461
PIQ,20211028,0.9,0.93,0.895,0.91,91680
PIQ,20211029,0.93,0.96,0.925,0.96,63424
PIQ,20211101,0.93,0.95,0.925,0.95,51054
PIQ,20211102,0.935,0.955,0.935,0.94,60896
PIQ,20211103,0.94,0.985,0.94,0.985,89374
PIQ,20211104,1,1.035,0.985,0.985,79390
PIQ,20211105,1.055,1.077,1,1.04,142656
PIQ,20211109,1.01,1.01,0.97,0.995,41592
PIQ,20211110,1,1,0.98,0.995,45966
PIQ,20211112,0.95,1,0.895,0.895,111177
PIQ,20211115,0.96,0.96,0.92,0.92,59398
PIQ,20211116,0.945,0.96,0.945,0.95,37500
PIQ,20211117,0.96,1.035,0.95,1.01,22805
PIQ,20211118,1.03,1.04,1.03,1.03,72079
PIQ,20211119,1.03,1.03,0.95,0.96,55344
PIQ,20211122,0.96,0.965,0.9,0.9,17340
PIQ,20211123,1,1,0.97,1,84824
PIQ,20211124,1.06,1.14,1.015,1.11,244723
PIQ,20211125,1.14,1.3,1.105,1.255,544632
PIQ,20211126,1.2,1.22,1.1,1.15,186276
PIQ,20211129,1.12,1.16,1.105,1.11,79952
PIQ,20211130,1.16,1.19,1.16,1.19,45694
PIQ,20211201,1.18,1.2,1.16,1.185,188830
PIQ,20211202,1.16,1.16,1.16,1.16,198
PIQ,20211203,1.17,1.17,1.155,1.155,32262
PIQ,20211206,1.16,1.18,1.15,1.15,49705
PIQ,20211207,1.18,1.18,1.15,1.16,31071
PIQ,20211208,1.16,1.18,1.16,1.18,20458
PIQ,20211209,1.19,1.19,1.16,1.17,16843
PIQ,20211210,1.16,1.16,1.125,1.15,62562
PIQ,20211213,1.18,1.2,1.13,1.13,64789
PIQ,20211214,1.15,1.15,1.12,1.13,90398
PIQ,20211216,1.13,1.13,1.125,1.125,37517
PIQ,20211217,1.125,1.13,1.12,1.125,15475
PIQ,20211220,1.12,1.13,1.11,1.11,44379
PIQ,20211221,1.11,1.13,1.1,1.13,91860
PIQ,20211222,1.14,1.14,1.11,1.125,11727
PIQ,20211223,1.125,1.135,1.125,1.13,14849
PIQ,20211224,1.13,1.14,1.13,1.14,26730
PIQ,20211229,1.13,1.15,1.13,1.15,29105
PIQ,20211230,1.155,1.165,1.15,1.16,47287
PIQ,20211231,1.18,1.22,1.165,1.215,67988
PIQ,20220104,1.22,1.22,1.12,1.14,37724
PIQ,20220105,1.14,1.17,1.14,1.17,6088
PIQ,20220106,1.145,1.145,1.14,1.145,14923
PIQ,20220107,1.14,1.155,1.13,1.14,32744
PIQ,20220110,1.13,1.135,1.13,1.13,6373
PIQ,20220111,1.135,1.135,1.135,1.135,963
PIQ,20220112,1.175,1.175,1.17,1.175,10620
PIQ,20220113,1.182,1.182,1.13,1.14,25738
PIQ,20220114,1.14,1.14,1.1,1.105,38594
PIQ,20220117,1.13,1.13,1.125,1.125,11102
PIQ,20220118,1.125,1.125,1.1,1.1,27849
PIQ,20220119,1.12,1.12,1.08,1.08,77431
PIQ,20220120,1.07,1.075,1.035,1.035,35774
PIQ,20220121,1.05,1.05,1,1.02,115303
PIQ,20220124,1.03,1.03,1,1,30725
PIQ,20220125,1,1,0.94,0.955,77508
PIQ,20220127,0.94,0.955,0.87,0.935,184662
PIQ,20220128,0.935,0.98,0.91,0.98,207157
PIQ,20220131,0.965,1,0.965,1,43868
PIQ,20220201,1.04,1.08,1.04,1.08,77019
PIQ,20220202,1.07,1.07,1.05,1.07,38006
PIQ,20220203,1.05,1.05,1.03,1.03,21172
PIQ,20220204,1.02,1.085,1.02,1.08,49916
PIQ,20220207,1.085,1.1,1.07,1.085,313622
PIQ,20220208,1.085,1.11,1.085,1.11,100146
PIQ,20220209,1.11,1.16,1.11,1.16,306717
PIQ,20220210,1.16,1.17,1.14,1.15,142680
PIQ,20220211,1.13,1.17,1.13,1.17,35812
PIQ,20220214,1.145,1.18,1.145,1.16,74793
PIQ,20220215,1.16,1.3,1.16,1.27,192897
PIQ,20220216,1.23,1.28,1.23,1.28,151066
PIQ,20220217,1.265,1.28,1.225,1.225,105077
PIQ,20220218,1.27,1.27,1.23,1.25,95345
PIQ,20220221,1.24,1.35,1.24,1.34,179105
PIQ,20220222,1.33,1.33,1.22,1.24,184168
PIQ,20220223,1.25,1.31,1.24,1.29,244913
PIQ,20220224,1.28,1.29,1.25,1.28,153938
PIQ,20220225,1.27,1.3,1.255,1.28,345307
PIQ,20220228,1.29,1.29,1.23,1.255,126743
PIQ,20220301,1.23,1.25,1.22,1.23,221622
PIQ,20220302,1.215,1.245,1.195,1.23,199176
PIQ,20220303,1.2,1.22,1.18,1.19,86684
PIQ,20220304,1.195,1.205,1.15,1.16,113970
PIQ,20220307,1.175,1.195,1.14,1.16,55539
PIQ,20220308,1.15,1.15,1.01,1.015,235553
PIQ,20220309,1.02,1.055,1,1.03,189623
PIQ,20220310,1.08,1.115,1.08,1.09,10066
PIQ,20220311,1.085,1.1,1.07,1.1,56955
PIQ,20220314,1.09,1.17,1.085,1.17,45747
PIQ,20220315,1.17,1.17,1.1,1.1,11837
PIQ,20220316,0,0,0,0,0
PIQ,20220317,1.06,1.09,1.06,1.065,27210
PIQ,20220318,1.085,1.09,1.06,1.065,80659
PIQ,20220321,1.08,1.19,1.08,1.19,142358
PIQ,20220322,1.165,1.165,1.14,1.14,12820
PIQ,20220323,1.1,1.145,1.1,1.12,27142
PIQ,20220324,1.13,1.17,1.12,1.17,56393
PIQ,20220325,1.17,1.23,1.17,1.2,102479
PIQ,20220328,1.2,1.205,1.08,1.145,146488
PIQ,20220329,1.145,1.2,1.145,1.145,25684
PIQ,20220330,1.12,1.18,1.055,1.125,127150
PIQ,20220331,1.15,1.21,1.125,1.205,46894
PIQ,20220401,1.15,1.185,1.13,1.14,56989
PIQ,20220404,1.13,1.2,1.13,1.172,35807
PIQ,20220405,1.175,1.19,1.175,1.19,3162
PIQ,20220406,1.18,1.185,1.115,1.115,71633
PIQ,20220407,1.11,1.122,1.09,1.1,93255
PIQ,20220408,1.13,1.175,1.125,1.15,93962
PIQ,20220411,1.15,1.16,1.09,1.115,152542
PIQ,20220412,1.1,1.16,1.1,1.13,110313
PIQ,20220413,1.13,1.145,1.08,1.08,219196
PIQ,20220414,1.085,1.125,1.085,1.105,40754
PIQ,20220419,1.1,1.13,1.1,1.11,25590
PIQ,20220420,1.12,1.145,1.12,1.14,78231
PIQ,20220421,1.12,1.145,1.12,1.14,78231
PIQ,20220422,1.125,1.125,1.11,1.12,42549
PIQ,20220426,1.1,1.12,1.03,1.03,159856
PIQ,20220427,1.01,1.01,0.965,0.995,67623
PIQ,20220428,0.99,0.99,0.985,0.985,26036
PIQ,20220429,0.99,1.065,0.982,1.055,37226
PIQ,20220502,1.055,1.055,1,1,57634
PIQ,20220503,1,1.085,1,1.01,54545
PIQ,20220504,1.03,1.05,1.03,1.03,53402
PIQ,20220505,1.04,1.055,1.035,1.055,81014
PIQ,20220506,1.055,1.055,1.01,1.01,37865
PIQ,20220509,1.04,1.04,1.005,1.005,75202
PIQ,20220510,1,1.045,0.95,1.005,186218
PIQ,20220511,1.005,1.05,1.005,1.05,53368
PIQ,20220512,1.015,1.015,0.975,0.99,110647
PIQ,20220513,0.97,0.98,0.94,0.95,256731
PIQ,20220516,0.96,0.96,0.94,0.95,145196
PIQ,20220517,0.97,0.97,0.95,0.97,93024
PIQ,20220518,0.97,1.06,0.97,1.01,93370
PIQ,20220519,0.98,1.01,0.98,1,71412
PIQ,20220520,1.03,1.05,1,1,103335
PIQ,20220523,1.06,1.065,1,1.01,142210
PIQ,20220524,1.02,1.05,0.995,1.02,21561
PIQ,20220525,1.01,1.01,0.925,0.94,115154
PIQ,20220526,0.925,0.95,0.925,0.95,37767
PIQ,20220527,0.95,0.95,0.945,0.945,9350
PIQ,20220530,0.95,0.995,0.94,0.977,128115
PIQ,20220531,0.985,0.985,0.985,0.985,1020
PIQ,20220601,0.96,0.96,0.93,0.93,27775
PIQ,20220602,0.94,0.955,0.93,0.93,129510
PIQ,20220603,0.92,0.925,0.92,0.925,57000
PIQ,20220606,0.92,0.92,0.92,0.92,20000
PIQ,20220607,0.915,0.96,0.91,0.96,27332
PIQ,20220608,0.985,0.99,0.985,0.99,20000
PIQ,20220609,0.985,0.985,0.94,0.95,61072
PIQ,20220610,0.92,0.92,0.87,0.885,178755
PIQ,20220614,0.84,0.84,0.73,0.74,190111
PIQ,20220615,0.74,0.895,0.74,0.83,129571
PIQ,20220616,0.84,0.9,0.83,0.88,128176
PIQ,20220617,0.87,0.87,0.8,0.82,189935
PIQ,20220620,0.82,0.82,0.78,0.78,74648
PIQ,20220621,0.78,0.835,0.78,0.825,151033
PIQ,20220622,0.82,0.82,0.715,0.715,273262
PIQ,20220623,0.74,0.785,0.72,0.785,63562
PIQ,20220624,0.765,0.82,0.75,0.82,158139
PIQ,20220627,0.78,0.8,0.772,0.8,62151
PIQ,20220628,0.78,0.85,0.78,0.795,83587
PIQ,20220629,0.78,0.81,0.77,0.795,66284
PIQ,20220630,0.84,0.93,0.812,0.93,149018
PIQ,20220701,0.905,0.915,0.887,0.895,46349
PIQ,20220704,0.895,0.895,0.895,0.895,0
PIQ,20220705,0.88,0.88,0.88,0.88,8000
PIQ,20220706,0.855,0.855,0.83,0.85,57063
PIQ,20220707,0.835,0.85,0.83,0.85,76048
PIQ,20220708,0.83,0.83,0.805,0.82,104823
PIQ,20220711,0.81,0.825,0.805,0.82,95937
PIQ,20220712,0.81,0.85,0.805,0.85,95589
PIQ,20220713,0.82,0.84,0.82,0.84,6163
PIQ,20220714,0.875,0.875,0.82,0.82,22153
PIQ,20220715,0.84,0.85,0.84,0.85,10882
PIQ,20220718,0.845,0.865,0.84,0.86,26810
PIQ,20220719,0.857,0.875,0.857,0.875,18000
PIQ,20220720,0.88,0.89,0.84,0.84,97607
PIQ,20220721,0.86,0.86,0.84,0.855,20128
PIQ,20220722,0.845,0.845,0.83,0.835,66289
PIQ,20220725,0.835,0.835,0.815,0.83,52504
PIQ,20220726,0.83,0.84,0.83,0.84,5003
PIQ,20220727,0.83,0.86,0.83,0.84,74372
PIQ,20220728,0.84,0.89,0.805,0.89,153266
PIQ,20220729,0.88,0.88,0.86,0.875,112932
PIQ,20220801,0.9,0.94,0.895,0.895,167665
PIQ,20220802,0.935,0.935,0.86,0.865,175963
PIQ,20220803,0.885,0.89,0.865,0.89,49544
PIQ,20220805,0.89,0.89,0.865,0.89,0
PIQ,20220808,0.89,0.89,0.865,0.89,0
PIQ,20220809,0.98,1.055,0.975,0.99,491032
PIQ,20220810,1,1,0.945,0.98,113432
PIQ,20220811,0.98,1,0.945,0.98,0
PIQ,20220812,0.98,1,0.945,0.98,0
PIQ,20220815,0.975,0.985,0.94,0.96,457197
PIQ,20220816,0.985,0.99,0.94,0.99,160823
PIQ,20220817,0.98,0.995,0.945,0.98,159388
PIQ,20220818,0.985,0.985,0.93,0.96,262041
PIQ,20220819,0.91,0.945,0.91,0.92,360707
PIQ,20220822,0.915,0.915,0.888,0.91,432516
PIQ,20220823,0.905,0.97,0.905,0.92,275938
PIQ,20220824,0.92,0.92,0.9,0.92,140194
PIQ,20220825,0.92,0.99,0.92,0.975,231231
PIQ,20220826,0.975,0.98,0.96,0.975,146898
PIQ,20220829,0.955,0.955,0.915,0.945,42561
PIQ,20220830,0.945,0.97,0.945,0.95,65667
PIQ,20220831,0.955,0.955,0.95,0.955,31218
PIQ,20220901,0.94,0.95,0.93,0.95,70917
PIQ,20220902,0.955,0.96,0.93,0.94,116865
PIQ,20220905,0.94,0.94,0.92,0.925,102283
PIQ,20220906,0.935,0.95,0.925,0.93,56987
PIQ,20220907,0.935,0.945,0.928,0.945,82449
PIQ,20220909,0.96,1.11,0.96,1.05,230797
PIQ,20220912,1.06,1.08,1.015,1.06,81362
PIQ,20220913,1.06,1.07,1.03,1.05,31173
PIQ,20220914,1.04,1.04,0.97,1.02,86897
PIQ,20220915,1.01,1.013,1,1,188490
PIQ,20220916,1,1.005,0.98,1.005,28897
