POW,20160212,0.024,0.024,0.024,0.024,0
POW,20160215,0.024,0.024,0.024,0.024,0
POW,20160216,0.024,0.024,0.024,0.024,0
POW,20160217,0.024,0.024,0.024,0.024,0
POW,20160218,0.024,0.024,0.024,0.024,0
POW,20160219,0.024,0.024,0.024,0.024,0
POW,20160222,0.024,0.024,0.024,0.024,0
POW,20160223,0.024,0.024,0.024,0.024,0
POW,20160224,0.024,0.024,0.024,0.024,0
POW,20160225,0.024,0.024,0.024,0.024,0
POW,20160226,0.024,0.024,0.024,0.024,0
POW,20160229,0.023,0.023,0.016,0.019,4804172
POW,20160301,0.02,0.02,0.017,0.017,2922808
POW,20160302,0.017,0.02,0.017,0.02,405000
POW,20160303,0.02,0.02,0.019,0.02,374000
POW,20160304,0.019,0.019,0.017,0.019,1597022
POW,20160307,0.019,0.02,0.018,0.018,785500
POW,20160308,0.018,0.018,0.018,0.018,161700
POW,20160309,0.017,0.018,0.016,0.018,753632
POW,20160310,0.019,0.019,0.017,0.017,105844
POW,20160311,0.017,0.018,0.016,0.016,1116098
POW,20160314,0.017,0.017,0.015,0.015,1325953
POW,20160315,0.017,0.018,0.015,0.018,1218213
POW,20160316,0.019,0.02,0.018,0.02,284406
POW,20160317,0.02,0.02,0.02,0.02,362750
POW,20160318,0.017,0.02,0.017,0.02,1464965
POW,20160321,0.019,0.02,0.019,0.02,681906
POW,20160322,0.02,0.02,0.02,0.02,200000
POW,20160323,0.019,0.019,0.018,0.018,325000
POW,20160324,0.02,0.02,0.018,0.018,215000
POW,20160329,0.019,0.019,0.017,0.017,432200
POW,20160330,0.02,0.02,0.018,0.018,2008600
POW,20160331,0.019,0.019,0.018,0.018,287411
POW,20160401,0.019,0.019,0.019,0.019,27000
POW,20160404,0.018,0.018,0.018,0.018,172800
POW,20160405,0.018,0.019,0.018,0.019,472447
POW,20160406,0.018,0.018,0.017,0.017,637789
POW,20160407,0.016,0.018,0.016,0.016,1430299
POW,20160408,0.017,0.017,0.016,0.016,894748
POW,20160411,0.016,0.017,0.015,0.016,1600734
POW,20160412,0.015,0.016,0.015,0.015,768475
POW,20160413,0.015,0.015,0.014,0.014,2591073
POW,20160414,0.014,0.015,0.014,0.015,450000
POW,20160415,0.015,0.015,0.015,0.015,40000
POW,20160418,0.015,0.015,0.012,0.015,3892824
POW,20160419,0.012,0.012,0.012,0.012,150000
POW,20160420,0.012,0.013,0.012,0.013,2741011
POW,20160421,0.013,0.013,0.012,0.012,215000
POW,20160422,0.012,0.013,0.012,0.013,392207
POW,20160426,0.014,0.014,0.013,0.014,1201372
POW,20160427,0.013,0.014,0.013,0.014,897000
POW,20160428,0.014,0.014,0.013,0.013,375998
POW,20160429,0.013,0.014,0.012,0.014,925491
POW,20160502,0.014,0.017,0.014,0.017,3896537
POW,20160503,0.018,0.018,0.016,0.016,1307780
POW,20160504,0.018,0.018,0.016,0.016,2241499
POW,20160505,0.016,0.016,0.016,0.016,135000
POW,20160506,0.014,0.015,0.014,0.015,592098
POW,20160509,0.014,0.018,0.014,0.017,835117
POW,20160510,0.016,0.017,0.016,0.017,570000
POW,20160511,0.017,0.017,0.017,0.017,79708
POW,20160512,0.015,0.015,0.015,0.015,410000
POW,20160513,0.016,0.016,0.016,0.016,1000
POW,20160516,0.016,0.016,0.016,0.016,0
POW,20160517,0.016,0.016,0.016,0.016,0
POW,20160518,0.015,0.015,0.013,0.013,10354990
POW,20160519,0.013,0.014,0.013,0.014,376740
POW,20160520,0.013,0.013,0.013,0.013,407413
POW,20160523,0.013,0.013,0.013,0.013,2080521
POW,20160524,0.013,0.013,0.013,0.013,0
POW,20160525,0.012,0.013,0.012,0.012,497637
POW,20160526,0.012,0.012,0.012,0.012,1052000
POW,20160527,0.013,0.013,0.013,0.013,641800
POW,20160530,0.013,0.013,0.013,0.013,302137
POW,20160531,0.013,0.013,0.013,0.013,0
POW,20160601,0.014,0.014,0.012,0.012,1076300
POW,20160602,0.012,0.012,0.012,0.012,64666
POW,20160603,0.012,0.013,0.012,0.013,899515
POW,20160606,0.012,0.012,0.011,0.011,2271071
POW,20160607,0.011,0.011,0.011,0.011,1432317
POW,20160608,0.011,0.011,0.01,0.011,3341360
POW,20160609,0.011,0.013,0.011,0.012,3342857
POW,20160610,0.012,0.012,0.012,0.012,0
POW,20160614,0.012,0.013,0.012,0.013,1140517
POW,20160615,0.013,0.013,0.013,0.013,167450
POW,20160616,0.013,0.013,0.013,0.013,650629
POW,20160617,0.013,0.013,0.012,0.012,346155
POW,20160620,0.012,0.012,0.012,0.012,310717
POW,20160621,0.012,0.012,0.012,0.012,15000
POW,20160622,0.012,0.014,0.012,0.014,821653
POW,20160623,0.014,0.014,0.014,0.014,0
POW,20160624,0.014,0.014,0.014,0.014,0
POW,20160627,0.013,0.013,0.013,0.013,691700
POW,20160628,0.013,0.013,0.012,0.012,142003
POW,20160629,0.012,0.012,0.012,0.012,212500
POW,20160630,0.012,0.012,0.012,0.012,100500
POW,20160701,0.012,0.012,0.012,0.012,903256
POW,20160704,0.012,0.012,0.012,0.012,0
POW,20160705,0.012,0.012,0.012,0.012,140000
POW,20160706,0.012,0.012,0.012,0.012,150000
POW,20160707,0.012,0.012,0.012,0.012,51090
POW,20160708,0.013,0.013,0.013,0.013,1049996
POW,20160711,0.013,0.013,0.013,0.013,1000
POW,20160712,0.013,0.013,0.013,0.013,0
POW,20160713,0.013,0.013,0.013,0.013,0
POW,20160714,0.013,0.014,0.013,0.014,593829
POW,20160715,0.014,0.014,0.014,0.014,198714
POW,20160718,0.014,0.016,0.014,0.015,520000
POW,20160719,0.016,0.016,0.015,0.016,1261512
POW,20160720,0.016,0.016,0.015,0.015,380000
POW,20160721,0.015,0.016,0.015,0.016,605000
POW,20160722,0.016,0.016,0.016,0.016,0
POW,20160725,0.015,0.015,0.014,0.015,450000
POW,20160726,0.015,0.016,0.014,0.015,3418250
POW,20160727,0.015,0.015,0.015,0.015,0
POW,20160728,0.014,0.014,0.014,0.014,2285573
POW,20160729,0.014,0.014,0.014,0.014,691248
POW,20160801,0.014,0.014,0.014,0.014,488752
POW,20160802,0.014,0.014,0.014,0.014,1000000
POW,20160803,0.014,0.014,0.014,0.014,501748
POW,20160804,0.013,0.013,0.013,0.013,422400
POW,20160805,0.013,0.013,0.012,0.012,1306100
POW,20160808,0.013,0.013,0.013,0.013,614000
POW,20160809,0.013,0.013,0.013,0.013,113072
POW,20160810,0.014,0.014,0.014,0.014,2957107
POW,20160811,0.014,0.014,0.014,0.014,429821
POW,20160812,0.013,0.013,0.013,0.013,200000
POW,20160815,0.013,0.013,0.013,0.013,277500
POW,20160816,0.013,0.013,0.013,0.013,222500
POW,20160817,0.012,0.013,0.012,0.013,2870650
POW,20160818,0.013,0.013,0.013,0.013,0
POW,20160822,0.012,0.012,0.012,0.012,3493914
POW,20160823,0.013,0.013,0.012,0.012,1213119
POW,20160824,0.011,0.011,0.01,0.011,3019950
POW,20160825,0.011,0.011,0.01,0.01,1505999
POW,20160826,0.009,0.009,0.009,0.009,700000
POW,20160829,0.009,0.009,0.009,0.009,1213820
POW,20160830,0.009,0.009,0.009,0.009,75000
POW,20160831,0.009,0.009,0.009,0.009,250000
POW,20160901,0.008,0.009,0.008,0.008,2871800
POW,20160902,0.009,0.01,0.009,0.01,1604961
POW,20160905,0.011,0.011,0.011,0.011,1000000
POW,20160906,0.011,0.011,0.011,0.011,0
POW,20160907,0.011,0.011,0.011,0.011,0
POW,20160908,0.011,0.011,0.011,0.011,0
POW,20160909,0.011,0.011,0.01,0.01,580000
POW,20160912,0.01,0.011,0.01,0.011,150000
POW,20160913,0.01,0.01,0.01,0.01,2172186
POW,20160914,0.01,0.01,0.01,0.01,0
POW,20160915,0.009,0.01,0.009,0.01,2900000
POW,20160916,0.01,0.01,0.01,0.01,0
POW,20160919,0.01,0.01,0.01,0.01,0
POW,20160920,0.01,0.01,0.01,0.01,0
POW,20160921,0.01,0.01,0.01,0.01,0
POW,20160922,0.01,0.011,0.01,0.011,1775540
POW,20160923,0.011,0.011,0.011,0.011,1000000
POW,20160926,0.011,0.011,0.011,0.011,774366
POW,20160927,0.011,0.011,0.011,0.011,35000
POW,20160928,0.012,0.013,0.012,0.012,1160206
POW,20160929,0.012,0.012,0.012,0.012,1940217
POW,20160930,0.012,0.012,0.012,0.012,0
POW,20161003,0.012,0.012,0.011,0.011,1732179
POW,20161004,0.01,0.01,0.01,0.01,1559310
POW,20161005,0.011,0.011,0.011,0.011,42028
POW,20161006,0.012,0.013,0.012,0.012,1345057
POW,20161007,0.012,0.012,0.011,0.011,814950
POW,20161010,0.012,0.012,0.012,0.012,45545
POW,20161011,0.012,0.012,0.012,0.012,0
POW,20161012,0.011,0.012,0.011,0.012,63022
POW,20161013,0.011,0.011,0.011,0.011,256250
POW,20161014,0.011,0.011,0.011,0.011,6000
POW,20161017,0.012,0.012,0.011,0.011,1914095
POW,20161018,0.011,0.011,0.01,0.011,338950
POW,20161019,0.011,0.011,0.011,0.011,787995
POW,20161020,0.011,0.011,0.011,0.011,1550000
POW,20161021,0.011,0.011,0.011,0.011,3232079
POW,20161024,0.011,0.011,0.01,0.011,432344
POW,20161025,0.011,0.011,0.01,0.01,48183
POW,20161026,0.01,0.01,0.01,0.01,3437274
POW,20161027,0.011,0.011,0.011,0.011,106229
POW,20161028,0.011,0.011,0.011,0.011,0
POW,20161031,0.011,0.011,0.011,0.011,853333
POW,20161101,0.011,0.012,0.011,0.011,3321207
POW,20161102,0.011,0.011,0.011,0.011,878355
POW,20161103,0.011,0.012,0.011,0.012,413190
POW,20161104,0.012,0.012,0.011,0.011,1390000
POW,20161107,0.011,0.011,0.011,0.011,233659
POW,20161108,0.011,0.011,0.01,0.01,183151
POW,20161109,0.01,0.01,0.01,0.01,0
POW,20161110,0.01,0.01,0.01,0.01,378000
POW,20161111,0.01,0.01,0.01,0.01,50000
POW,20161114,0.009,0.009,0.009,0.009,1271100
POW,20161115,0.009,0.009,0.009,0.009,117225
POW,20161116,0.009,0.009,0.009,0.009,122775
POW,20161117,0.009,0.01,0.009,0.009,422225
POW,20161118,0.009,0.009,0.009,0.009,200000
POW,20161121,0.009,0.009,0.009,0.009,150000
POW,20161122,0.009,0.009,0.009,0.009,0
POW,20161123,0.009,0.01,0.009,0.01,200000
POW,20161124,0.008,0.008,0.008,0.008,1650000
POW,20161125,0.008,0.008,0.008,0.008,530000
POW,20161128,0.007,0.008,0.007,0.008,50000
POW,20161129,0.008,0.008,0.008,0.008,0
POW,20161130,0.008,0.008,0.008,0.008,912700
POW,20161201,0.008,0.008,0.008,0.008,25000
POW,20161202,0.008,0.009,0.008,0.009,413000
POW,20161205,0.009,0.009,0.009,0.009,143102
POW,20161206,0.01,0.01,0.009,0.009,1770052
POW,20161207,0.01,0.01,0.009,0.009,385948
POW,20161208,0.009,0.009,0.009,0.009,0
POW,20161209,0.008,0.008,0.008,0.008,812610
POW,20161212,0.007,0.008,0.007,0.008,430000
POW,20161213,0.008,0.008,0.008,0.008,805031
POW,20161214,0.008,0.008,0.008,0.008,125000
POW,20161215,0.008,0.008,0.008,0.008,77360
POW,20161216,0.008,0.008,0.008,0.008,0
POW,20161219,0.008,0.008,0.008,0.008,0
POW,20161220,0.008,0.008,0.008,0.008,0
POW,20161221,0.008,0.008,0.008,0.008,0
POW,20161222,0.008,0.008,0.008,0.008,0
POW,20161223,0.008,0.009,0.008,0.009,240000
POW,20161228,0.008,0.008,0.008,0.008,152574
POW,20161229,0.008,0.008,0.008,0.008,0
POW,20161230,0.007,0.007,0.007,0.007,1020287
POW,20170103,0.007,0.007,0.007,0.007,0
POW,20170104,0.007,0.007,0.007,0.007,0
POW,20170105,0.007,0.007,0.007,0.007,906000
POW,20170106,0.007,0.008,0.007,0.008,1096026
POW,20170109,0.008,0.008,0.008,0.008,0
POW,20170110,0.008,0.008,0.008,0.008,0
POW,20170111,0.008,0.008,0.008,0.008,477030
POW,20170112,0.008,0.008,0.008,0.008,576725
POW,20170113,0.008,0.008,0.008,0.008,307030
POW,20170116,0.008,0.008,0.008,0.008,0
POW,20170117,0.008,0.008,0.008,0.008,0
POW,20170118,0.008,0.008,0.008,0.008,0
POW,20170119,0.008,0.008,0.008,0.008,0
POW,20170120,0.008,0.008,0.008,0.008,0
POW,20170123,0.007,0.008,0.007,0.008,260814
POW,20170124,0.007,0.007,0.007,0.007,58350
POW,20170125,0.007,0.007,0.007,0.007,1151878
POW,20170127,0.007,0.007,0.007,0.007,0
POW,20170130,0.007,0.007,0.007,0.007,69772
POW,20170131,0.006,0.006,0.006,0.006,394070
POW,20170201,0.006,0.006,0.005,0.005,17972542
POW,20170202,0.005,0.005,0.005,0.005,2792400
POW,20170203,0.004,0.005,0.004,0.005,1558209
POW,20170206,0.005,0.005,0.005,0.005,0
POW,20170207,0.005,0.005,0.005,0.005,0
POW,20170208,0.005,0.005,0.005,0.005,0
POW,20170209,0.005,0.005,0.005,0.005,0
POW,20170210,0.005,0.005,0.005,0.005,0
POW,20170213,0.005,0.005,0.005,0.005,0
POW,20170214,0.005,0.005,0.005,0.005,0
POW,20170215,0.005,0.005,0.005,0.005,0
POW,20170216,0.005,0.005,0.005,0.005,0
POW,20170217,0.005,0.005,0.005,0.005,0
POW,20170220,0.005,0.005,0.005,0.005,0
POW,20170221,0.005,0.005,0.005,0.005,0
POW,20170222,0.005,0.005,0.005,0.005,0
POW,20170223,0.005,0.005,0.005,0.005,0
POW,20170224,0.005,0.005,0.005,0.005,0
POW,20170227,0.005,0.005,0.005,0.005,0
POW,20170228,0.005,0.005,0.005,0.005,0
POW,20170301,0.004,0.004,0.002,0.002,49016558
POW,20170302,0.002,0.002,0.002,0.002,2487001
POW,20170303,0.002,0.002,0.002,0.002,15250500
POW,20170306,0.002,0.002,0.002,0.002,6500000
POW,20170307,0.002,0.002,0.002,0.002,4171624
POW,20170308,0.003,0.003,0.002,0.003,2000000
POW,20170309,0.003,0.003,0.003,0.003,3944666
POW,20170310,0.003,0.003,0.003,0.003,378230
POW,20170313,0.003,0.003,0.003,0.003,0
POW,20170314,0.003,0.003,0.003,0.003,150000
POW,20170315,0.003,0.003,0.003,0.003,1150000
POW,20170316,0.003,0.003,0.003,0.003,992616
POW,20170317,0.003,0.003,0.003,0.003,0
POW,20170320,0.002,0.003,0.002,0.003,11510897
POW,20170321,0.003,0.003,0.003,0.003,0
POW,20170322,0.002,0.002,0.002,0.002,6150000
POW,20170323,0.002,0.002,0.002,0.002,4550000
POW,20170324,0.002,0.002,0.002,0.002,5877001
POW,20170327,0.002,0.002,0.002,0.002,0
POW,20170328,0.003,0.003,0.003,0.003,226000
POW,20170329,0.002,0.002,0.002,0.002,724000
POW,20170330,0.002,0.002,0.002,0.002,0
POW,20170331,0.002,0.002,0.002,0.002,5000
POW,20170403,0.002,0.003,0.002,0.002,2716666
POW,20170404,0.002,0.002,0.002,0.002,670500
POW,20170405,0.002,0.002,0.002,0.002,0
POW,20170406,0.002,0.002,0.002,0.002,343750
POW,20170407,0.002,0.002,0.002,0.002,361667
POW,20170410,0.002,0.002,0.002,0.002,22461602
POW,20170411,0.002,0.002,0.002,0.002,0
POW,20170412,0.002,0.002,0.002,0.002,350000
POW,20170413,0.003,0.003,0.002,0.002,1580723
POW,20170418,0.002,0.002,0.002,0.002,0
POW,20170419,0.002,0.002,0.001,0.002,15849004
POW,20170502,0.04,0.04,0.04,0.04,0
POW,20170503,0.035,0.035,0.035,0.035,33166
POW,20170504,0.035,0.035,0.035,0.035,167000
POW,20170505,0.035,0.035,0.035,0.035,62634
POW,20170508,0.035,0.035,0.035,0.035,4373
POW,20170509,0.036,0.036,0.036,0.036,1375
POW,20170510,0.036,0.036,0.036,0.036,0
POW,20170511,0.039,0.039,0.039,0.039,9210
POW,20170512,0.039,0.039,0.039,0.039,0
POW,20170515,0.035,0.035,0.035,0.035,11135
POW,20170516,0.035,0.035,0.035,0.035,0
POW,20170517,0.035,0.035,0.035,0.035,39842
POW,20170518,0.04,0.04,0.035,0.04,135262
POW,20170519,0.039,0.039,0.039,0.039,5400
POW,20170522,0.039,0.039,0.039,0.039,0
POW,20170523,0.035,0.035,0.035,0.035,1884
POW,20170524,0.035,0.035,0.035,0.035,0
POW,20170525,0.035,0.035,0.035,0.035,0
POW,20170526,0.035,0.035,0.035,0.035,0
POW,20170529,0.035,0.035,0.035,0.035,0
POW,20170530,0.035,0.035,0.035,0.035,0
POW,20170531,0.025,0.025,0.02,0.023,166058
POW,20170601,0.023,0.023,0.023,0.023,0
POW,20170602,0.023,0.023,0.023,0.023,0
POW,20170605,0.02,0.02,0.019,0.019,35925
POW,20170606,0.019,0.019,0.019,0.019,0
POW,20170607,0.02,0.02,0.02,0.02,26666
POW,20170608,0.02,0.025,0.02,0.025,116402
POW,20170609,0.025,0.025,0.023,0.023,41854
POW,20170613,0.022,0.022,0.02,0.02,38955
POW,20170614,0.02,0.02,0.02,0.02,4333
POW,20170615,0.02,0.021,0.02,0.021,2335
POW,20170616,0.019,0.021,0.019,0.021,59531
POW,20170619,0.021,0.023,0.021,0.023,22369
POW,20170620,0.02,0.02,0.02,0.02,19547
POW,20170621,0.02,0.02,0.02,0.02,650
POW,20170622,0.02,0.02,0.02,0.02,15291
POW,20170623,0.02,0.02,0.02,0.02,0
POW,20170626,0.02,0.02,0.02,0.02,2614
POW,20170627,0.02,0.02,0.02,0.02,3021
POW,20170628,0.02,0.02,0.02,0.02,0
POW,20170629,0.02,0.02,0.02,0.02,0
POW,20170630,0.024,0.024,0.02,0.02,130937
POW,20170703,0.02,0.02,0.02,0.02,0
POW,20170704,0.02,0.02,0.02,0.02,0
POW,20170705,0.02,0.02,0.02,0.02,70000
POW,20170706,0.02,0.02,0.02,0.02,0
POW,20170707,0.023,0.023,0.023,0.023,88667
POW,20170710,0.024,0.027,0.024,0.024,167842
POW,20170711,0.025,0.025,0.024,0.025,208376
POW,20170712,0.025,0.025,0.025,0.025,0
POW,20170713,0.025,0.025,0.025,0.025,0
POW,20170714,0.025,0.025,0.025,0.025,0
POW,20170717,0.025,0.025,0.025,0.025,0
POW,20170718,0.022,0.022,0.022,0.022,400000
POW,20170719,0.024,0.024,0.023,0.023,100454
POW,20170720,0.024,0.024,0.024,0.024,11897
POW,20170721,0.024,0.024,0.024,0.024,0
POW,20170724,0.025,0.025,0.024,0.025,81540
POW,20170725,0.024,0.025,0.024,0.024,861148
POW,20170726,0.022,0.022,0.02,0.02,1896895
POW,20170727,0.021,0.022,0.021,0.022,247619
POW,20170728,0.021,0.021,0.021,0.021,99847
POW,20170731,0.021,0.021,0.02,0.02,718741
POW,20170801,0.02,0.02,0.02,0.02,0
POW,20170802,0.02,0.02,0.02,0.02,0
POW,20170803,0.022,0.026,0.022,0.024,2348494
POW,20170804,0.023,0.023,0.023,0.023,1049941
POW,20170807,0.022,0.023,0.022,0.023,818774
POW,20170808,0.022,0.022,0.021,0.022,1195482
POW,20170809,0.022,0.022,0.021,0.021,991174
POW,20170810,0.021,0.021,0.021,0.021,633025
POW,20170811,0.021,0.021,0.02,0.02,630968
POW,20170815,0.02,0.02,0.02,0.02,560157
POW,20170816,0.02,0.02,0.02,0.02,10000
POW,20170817,0.02,0.02,0.02,0.02,650248
POW,20170818,0.02,0.02,0.02,0.02,83333
POW,20170821,0.02,0.02,0.02,0.02,66096
POW,20170822,0.02,0.02,0.02,0.02,119718
POW,20170823,0.02,0.02,0.019,0.019,339500
POW,20170824,0.019,0.019,0.019,0.019,499996
POW,20170825,0.019,0.019,0.019,0.019,0
POW,20170828,0.019,0.019,0.019,0.019,477631
POW,20170829,0.019,0.019,0.019,0.019,878099
POW,20170830,0.019,0.019,0.019,0.019,0
POW,20170831,0.019,0.019,0.019,0.019,999153
POW,20170901,0.019,0.019,0.018,0.018,34180
POW,20170904,0.018,0.018,0.018,0.018,1436667
POW,20170905,0.017,0.018,0.017,0.017,368300
POW,20170906,0.017,0.017,0.017,0.017,0
POW,20170907,0.018,0.019,0.018,0.019,792655
POW,20170908,0.019,0.019,0.019,0.019,0
POW,20170911,0.019,0.02,0.019,0.02,538063
POW,20170912,0.021,0.021,0.02,0.02,510005
POW,20170913,0.02,0.02,0.02,0.02,0
POW,20170914,0.021,0.024,0.021,0.023,2709515
POW,20170915,0.023,0.023,0.023,0.023,200000
POW,20170918,0.022,0.022,0.022,0.022,524250
POW,20170919,0.023,0.024,0.023,0.023,2420399
POW,20170920,0.023,0.023,0.023,0.023,559448
POW,20170921,0.023,0.023,0.022,0.023,1069889
POW,20170922,0.023,0.023,0.023,0.023,312012
POW,20170925,0.023,0.024,0.023,0.023,960184
POW,20170926,0.023,0.023,0.023,0.023,4596
POW,20170927,0.023,0.024,0.022,0.024,1651568
POW,20170928,0.024,0.027,0.024,0.026,1815294
POW,20170929,0.026,0.026,0.026,0.026,220000
POW,20171002,0.026,0.026,0.025,0.025,246750
POW,20171003,0.025,0.025,0.025,0.025,150031
POW,20171004,0.025,0.025,0.025,0.025,403750
POW,20171005,0.026,0.026,0.026,0.026,110000
POW,20171006,0.025,0.025,0.025,0.025,332481
POW,20171009,0.025,0.028,0.025,0.027,466846
POW,20171010,0.028,0.032,0.028,0.031,2002033
POW,20171011,0.033,0.035,0.029,0.031,3930396
POW,20171012,0.032,0.032,0.029,0.03,4597244
POW,20171013,0.031,0.032,0.031,0.032,495294
POW,20171016,0.032,0.032,0.032,0.032,750000
POW,20171017,0.031,0.031,0.031,0.031,561673
POW,20171018,0.031,0.037,0.031,0.036,5352423
POW,20171019,0.037,0.038,0.034,0.034,741419
POW,20171020,0.035,0.035,0.033,0.034,603333
POW,20171023,0.035,0.037,0.035,0.037,884560
POW,20171024,0.037,0.038,0.037,0.037,999589
POW,20171025,0.037,0.038,0.033,0.034,2176308
POW,20171026,0.033,0.035,0.032,0.032,1126750
POW,20171027,0.033,0.033,0.03,0.031,4666883
POW,20171030,0.031,0.033,0.031,0.032,506812
POW,20171031,0.031,0.031,0.031,0.031,85875
POW,20171101,0.032,0.032,0.028,0.03,1690988
POW,20171102,0.03,0.03,0.028,0.029,561919
POW,20171103,0.029,0.029,0.028,0.029,703637
POW,20171106,0.03,0.032,0.03,0.032,1530473
POW,20171107,0.032,0.033,0.031,0.033,1703505
POW,20171108,0.034,0.034,0.031,0.031,2762126
POW,20171109,0.031,0.031,0.03,0.03,407362
POW,20171110,0.031,0.031,0.03,0.03,407362
POW,20171113,0.029,0.031,0.029,0.031,1340793
POW,20171114,0.03,0.03,0.027,0.029,543917
POW,20171115,0.028,0.028,0.026,0.027,821451
POW,20171116,0.028,0.028,0.028,0.028,1
POW,20171117,0.026,0.029,0.026,0.029,747972
POW,20171120,0.029,0.031,0.029,0.03,1320875
POW,20171121,0.03,0.033,0.03,0.032,2294098
POW,20171122,0.033,0.033,0.031,0.032,373334
POW,20171123,0.031,0.031,0.03,0.031,2393829
POW,20171124,0.03,0.03,0.028,0.03,1647527
POW,20171127,0.027,0.028,0.026,0.028,1050876
POW,20171128,0.028,0.028,0.027,0.027,375669
POW,20171129,0.027,0.028,0.027,0.027,708489
POW,20171130,0.027,0.027,0.025,0.025,2366984
POW,20171201,0.025,0.026,0.024,0.026,536680
POW,20171204,0.026,0.026,0.026,0.026,0
POW,20171205,0.026,0.026,0.026,0.026,0
POW,20171206,0.024,0.024,0.023,0.023,250000
POW,20171207,0.023,0.023,0.023,0.023,0
POW,20171208,0.023,0.023,0.023,0.023,0
POW,20171211,0.025,0.026,0.025,0.025,269381
POW,20171212,0.025,0.025,0.024,0.024,224911
POW,20171213,0.024,0.024,0.024,0.024,231701
POW,20171214,0.024,0.024,0.024,0.024,0
POW,20171215,0.024,0.027,0.024,0.027,100342
POW,20171218,0.027,0.027,0.027,0.027,8572
POW,20171219,0.027,0.027,0.027,0.027,0
POW,20171220,0.027,0.027,0.027,0.027,0
POW,20171221,0.025,0.025,0.024,0.024,431383
POW,20171222,0.023,0.023,0.023,0.023,500000
POW,20171227,0.024,0.024,0.024,0.024,100000
POW,20171228,0.023,0.024,0.023,0.024,388337
POW,20171229,0.023,0.025,0.023,0.025,500515
POW,20180102,0.025,0.025,0.025,0.025,0
POW,20180103,0.025,0.025,0.025,0.025,0
POW,20180104,0.023,0.023,0.023,0.023,298011
POW,20180105,0.025,0.027,0.025,0.027,1120163
POW,20180108,0.028,0.028,0.028,0.028,22500
POW,20180109,0.028,0.028,0.028,0.028,0
POW,20180110,0.027,0.027,0.025,0.025,2125400
POW,20180111,0.026,0.026,0.025,0.026,493179
POW,20180112,0.026,0.026,0.023,0.024,2238267
POW,20180115,0.026,0.039,0.026,0.034,25713942
POW,20180116,0.034,0.036,0.031,0.032,13739184
POW,20180117,0.033,0.033,0.03,0.031,4840729
POW,20180118,0.032,0.036,0.032,0.034,7144250
POW,20180119,0.034,0.034,0.032,0.034,2480075
POW,20180122,0.033,0.033,0.03,0.03,2981075
POW,20180123,0.03,0.03,0.03,0.03,0
POW,20180124,0.03,0.03,0.03,0.03,0
POW,20180125,0.032,0.033,0.03,0.033,4086515
POW,20180129,0.034,0.036,0.031,0.033,4448009
POW,20180130,0.032,0.034,0.03,0.03,3363942
POW,20180131,0.031,0.032,0.03,0.03,1453150
POW,20180201,0.031,0.032,0.03,0.03,828636
POW,20180202,0.032,0.04,0.031,0.039,9257638
POW,20180205,0.036,0.036,0.032,0.035,5266499
POW,20180207,0.029,0.033,0.029,0.031,4955083
POW,20180208,0.031,0.035,0.031,0.034,1469908
POW,20180209,0.03,0.033,0.03,0.032,967536
POW,20180212,0.033,0.044,0.033,0.04,35473100
POW,20180213,0.042,0.043,0.038,0.04,14184515
POW,20180214,0.042,0.042,0.038,0.039,3180537
POW,20180215,0.04,0.044,0.04,0.042,5216753
POW,20180216,0.043,0.044,0.042,0.043,5026769
POW,20180219,0.042,0.042,0.039,0.04,4116234
POW,20180220,0.039,0.043,0.036,0.038,7828375
POW,20180221,0.037,0.037,0.034,0.036,4434455
POW,20180222,0.035,0.035,0.032,0.032,3739000
POW,20180223,0.032,0.035,0.032,0.033,7687799
POW,20180226,0.034,0.035,0.031,0.031,8240025
POW,20180227,0.032,0.036,0.028,0.03,6823059
POW,20180228,0.03,0.035,0.03,0.032,25972988
POW,20180301,0.033,0.033,0.031,0.031,1760380
POW,20180302,0.032,0.033,0.031,0.031,1448587
POW,20180305,0.032,0.033,0.032,0.032,691954
POW,20180306,0.032,0.032,0.031,0.032,1990010
POW,20180307,0.032,0.032,0.032,0.032,1029616
POW,20180308,0.031,0.033,0.031,0.032,720000
POW,20180309,0.033,0.035,0.033,0.035,1101485
POW,20180312,0.035,0.039,0.034,0.037,6970341
POW,20180313,0.038,0.042,0.037,0.039,23966535
POW,20180314,0.04,0.044,0.037,0.038,27614610
POW,20180315,0.037,0.05,0.037,0.048,75197989
POW,20180316,0.047,0.048,0.04,0.04,37597306
POW,20180319,0.041,0.043,0.04,0.041,17670918
POW,20180320,0.04,0.04,0.038,0.04,6767147
POW,20180321,0.041,0.042,0.037,0.037,23780981
POW,20180322,0.038,0.039,0.037,0.039,3935375
POW,20180323,0.036,0.037,0.035,0.037,4552478
POW,20180326,0.037,0.037,0.035,0.035,4357268
POW,20180327,0.035,0.037,0.034,0.037,2435621
POW,20180328,0.036,0.036,0.031,0.034,9769246
POW,20180329,0.034,0.034,0.029,0.031,8664298
POW,20180403,0.029,0.032,0.029,0.031,3776154
POW,20180404,0.031,0.031,0.026,0.027,10325285
POW,20180405,0.027,0.03,0.027,0.03,8255463
POW,20180406,0.029,0.03,0.028,0.029,5238160
POW,20180409,0.03,0.031,0.03,0.03,5184366
POW,20180410,0.031,0.033,0.03,0.032,5365305
POW,20180411,0.033,0.035,0.032,0.033,6291358
POW,20180412,0.033,0.034,0.033,0.034,812020
POW,20180413,0.033,0.034,0.033,0.033,518112
POW,20180416,0.033,0.033,0.031,0.031,1147042
POW,20180417,0.032,0.033,0.031,0.032,2815745
POW,20180418,0.032,0.034,0.032,0.033,662751
POW,20180419,0.032,0.033,0.031,0.033,1633013
POW,20180420,0.033,0.033,0.032,0.032,719247
POW,20180423,0.033,0.035,0.033,0.033,1500297
POW,20180424,0.033,0.035,0.032,0.033,2528374
POW,20180426,0.034,0.034,0.032,0.033,1177681
POW,20180427,0.033,0.034,0.032,0.032,1061633
POW,20180430,0.033,0.033,0.033,0.033,122752
POW,20180501,0.033,0.033,0.032,0.032,197248
POW,20180502,0.032,0.033,0.03,0.031,3772065
POW,20180503,0.032,0.033,0.032,0.033,1744875
POW,20180504,0.034,0.034,0.033,0.033,1949786
POW,20180507,0.034,0.035,0.033,0.033,361070
POW,20180508,0.034,0.034,0.033,0.033,1881686
POW,20180509,0.032,0.034,0.032,0.034,517397
POW,20180510,0.034,0.034,0.033,0.033,206573
POW,20180511,0.033,0.034,0.033,0.033,1183850
POW,20180514,0.033,0.036,0.033,0.034,4731955
POW,20180515,0.034,0.034,0.033,0.033,1810237
POW,20180516,0.035,0.035,0.033,0.033,1288219
POW,20180517,0.033,0.034,0.033,0.033,722679
POW,20180518,0.035,0.035,0.034,0.034,354695
POW,20180521,0.033,0.034,0.033,0.034,2011088
POW,20180522,0.033,0.034,0.033,0.034,3686095
POW,20180523,0.035,0.035,0.034,0.034,493055
POW,20180524,0.034,0.034,0.034,0.034,427813
POW,20180525,0.034,0.034,0.034,0.034,523758
POW,20180528,0.035,0.035,0.033,0.035,2112962
POW,20180529,0.035,0.035,0.034,0.035,840917
POW,20180530,0.035,0.037,0.035,0.037,2812709
POW,20180531,0.037,0.038,0.036,0.036,3093350
POW,20180601,0.036,0.036,0.035,0.035,846567
POW,20180604,0.036,0.038,0.036,0.038,827265
POW,20180605,0.039,0.04,0.037,0.038,6171407
POW,20180606,0.038,0.039,0.036,0.036,1538062
POW,20180607,0.037,0.037,0.035,0.035,1937948
POW,20180608,0.035,0.039,0.035,0.036,2605038
POW,20180612,0.038,0.038,0.037,0.037,1188231
POW,20180613,0.038,0.038,0.035,0.035,1527247
POW,20180614,0.035,0.035,0.034,0.035,1549299
POW,20180615,0.034,0.035,0.034,0.035,145000
POW,20180618,0.034,0.034,0.032,0.032,2463095
POW,20180619,0.033,0.033,0.029,0.031,5723323
POW,20180620,0.03,0.03,0.029,0.029,817830
POW,20180621,0.029,0.03,0.029,0.029,419972
POW,20180622,0.029,0.03,0.026,0.029,6319048
POW,20180625,0.03,0.031,0.03,0.03,1265276
POW,20180626,0.031,0.032,0.029,0.029,2428340
POW,20180627,0.029,0.029,0.029,0.029,1680264
POW,20180628,0.029,0.029,0.029,0.029,601505
POW,20180629,0.03,0.03,0.03,0.03,266000
POW,20180702,0.031,0.031,0.029,0.029,2009869
POW,20180703,0.029,0.033,0.029,0.032,1429593
POW,20180704,0.032,0.032,0.03,0.03,1854464
POW,20180705,0.03,0.033,0.03,0.032,1884506
POW,20180706,0.033,0.033,0.031,0.031,1809688
POW,20180710,0.033,0.035,0.033,0.035,1883984
POW,20180711,0.033,0.033,0.031,0.031,1969513
POW,20180712,0.032,0.032,0.031,0.031,2404942
POW,20180713,0.032,0.033,0.031,0.033,2434702
POW,20180716,0.033,0.033,0.032,0.032,657344
POW,20180717,0.032,0.032,0.031,0.032,1212485
POW,20180718,0.032,0.032,0.031,0.031,160462
POW,20180719,0.032,0.032,0.031,0.031,254329
POW,20180720,0.031,0.032,0.031,0.031,124609
POW,20180723,0.031,0.031,0.031,0.031,1118617
POW,20180724,0.031,0.031,0.031,0.031,0
POW,20180725,0.031,0.031,0.031,0.031,0
POW,20180726,0.033,0.034,0.032,0.032,1364052
POW,20180727,0.032,0.034,0.032,0.034,1121552
POW,20180730,0.034,0.035,0.033,0.033,2048425
POW,20180731,0.033,0.033,0.032,0.032,957577
POW,20180801,0.032,0.032,0.031,0.031,465805
POW,20180802,0.03,0.031,0.03,0.03,1736384
POW,20180803,0.031,0.031,0.029,0.029,1410994
POW,20180806,0.029,0.03,0.028,0.029,364668
POW,20180807,0.029,0.031,0.029,0.029,982028
POW,20180808,0.029,0.029,0.029,0.029,0
POW,20180809,0.031,0.033,0.03,0.03,2999249
POW,20180810,0.032,0.032,0.03,0.03,1353909
POW,20180813,0.031,0.031,0.028,0.028,2722054
POW,20180814,0.027,0.027,0.025,0.025,1377893
POW,20180816,0.029,0.029,0.027,0.028,123363
POW,20180817,0.028,0.03,0.028,0.028,2549645
POW,20180820,0.028,0.03,0.028,0.03,2559433
POW,20180821,0.032,0.033,0.031,0.032,4383425
POW,20180822,0.033,0.033,0.031,0.031,5630134
POW,20180823,0.033,0.034,0.032,0.032,2796967
POW,20180824,0.033,0.034,0.032,0.032,2476241
POW,20180827,0.033,0.034,0.033,0.033,2170717
POW,20180828,0.033,0.034,0.033,0.034,557138
POW,20180829,0.034,0.036,0.034,0.036,4161681
POW,20180830,0.036,0.036,0.034,0.034,2439105
POW,20180831,0.034,0.034,0.033,0.033,2322191
POW,20180903,0.033,0.033,0.032,0.032,537455
POW,20180904,0.032,0.032,0.032,0.032,209093
POW,20180905,0.032,0.032,0.032,0.032,816750
POW,20180906,0.032,0.032,0.029,0.029,4571290
POW,20180907,0.029,0.029,0.028,0.028,512549
POW,20180910,0.028,0.028,0.028,0.028,817806
POW,20180913,0.028,0.028,0.027,0.027,758858
POW,20180914,0.028,0.028,0.027,0.028,263933
POW,20180917,0.028,0.028,0.027,0.028,447048
POW,20180918,0.027,0.027,0.027,0.027,1252512
POW,20180919,0.028,0.028,0.028,0.028,341838
POW,20180920,0.028,0.028,0.026,0.027,1182546
POW,20180921,0.026,0.027,0.026,0.026,323069
POW,20180924,0.029,0.032,0.027,0.027,3014778
POW,20180925,0.027,0.028,0.026,0.026,2309913
POW,20180926,0.027,0.027,0.026,0.026,584352
POW,20180927,0.026,0.026,0.024,0.025,2181976
POW,20180928,0.025,0.027,0.025,0.027,644638
POW,20181001,0.028,0.028,0.026,0.026,183653
POW,20181002,0.026,0.027,0.025,0.025,798781
POW,20181003,0.026,0.026,0.025,0.025,138682
POW,20181004,0.026,0.026,0.025,0.025,550063
POW,20181005,0.025,0.025,0.024,0.024,1138704
POW,20181008,0.024,0.024,0.024,0.024,1324500
POW,20181009,0.023,0.024,0.023,0.023,2035731
POW,20181010,0.022,0.023,0.022,0.023,966440
POW,20181011,0.022,0.022,0.02,0.021,2863604
POW,20181012,0.02,0.023,0.02,0.023,565509
POW,20181015,0.023,0.023,0.023,0.023,0
POW,20181016,0.023,0.023,0.023,0.023,0
POW,20181017,0.023,0.023,0.022,0.022,1165247
POW,20181018,0.024,0.027,0.024,0.025,2875996
POW,20181019,0.025,0.025,0.024,0.024,1859879
POW,20181022,0.025,0.025,0.024,0.025,618345
POW,20181023,0.025,0.029,0.025,0.027,2335304
POW,20181024,0.028,0.028,0.024,0.024,1531968
POW,20181025,0.024,0.024,0.024,0.024,952856
POW,20181026,0.024,0.025,0.023,0.023,872850
POW,20181030,0.026,0.026,0.024,0.024,1151841
POW,20181031,0.024,0.025,0.024,0.025,195790
POW,20181101,0.025,0.025,0.024,0.024,448372
POW,20181102,0.024,0.024,0.023,0.023,73600
POW,20181105,0.023,0.023,0.023,0.023,17200
POW,20181106,0.024,0.024,0.024,0.024,10000
POW,20181107,0.023,0.023,0.022,0.022,655968
POW,20181108,0.022,0.022,0.022,0.022,300000
POW,20181109,0.023,0.023,0.023,0.023,51043
POW,20181112,0.024,0.024,0.024,0.024,76250
POW,20181113,0.024,0.024,0.021,0.022,1061951
POW,20181114,0.023,0.024,0.022,0.023,616389
POW,20181115,0.024,0.028,0.024,0.024,4438379
POW,20181116,0.024,0.024,0.024,0.024,971365
POW,20181119,0.024,0.026,0.023,0.023,1723088
POW,20181120,0.024,0.024,0.024,0.024,73648
POW,20181121,0.025,0.025,0.024,0.024,56727
POW,20181122,0.024,0.024,0.023,0.024,706539
POW,20181123,0.023,0.023,0.022,0.022,156332
POW,20181126,0.022,0.022,0.022,0.022,137177
POW,20181127,0.023,0.023,0.02,0.02,1921748
POW,20181128,0.02,0.02,0.02,0.02,293610
POW,20181129,0.021,0.021,0.02,0.02,97543
POW,20181130,0.021,0.021,0.021,0.021,15625
POW,20181203,0.021,0.021,0.019,0.02,616521
POW,20181204,0.021,0.021,0.02,0.02,71844
POW,20181205,0.019,0.02,0.019,0.02,551721
POW,20181206,0.02,0.021,0.02,0.021,243000
POW,20181207,0.019,0.021,0.019,0.021,261420
POW,20181210,0.02,0.02,0.019,0.019,314177
POW,20181211,0.021,0.022,0.021,0.022,75403
POW,20181212,0.021,0.021,0.019,0.02,353678
POW,20181213,0.02,0.02,0.018,0.018,684281
POW,20181214,0.019,0.02,0.019,0.02,378695
POW,20181217,0.019,0.019,0.019,0.019,72191
POW,20181218,0.019,0.019,0.019,0.019,117195
POW,20181219,0.019,0.019,0.018,0.018,224950
POW,20181220,0.018,0.018,0.018,0.018,102912
POW,20181221,0.018,0.021,0.018,0.021,143461
POW,20181224,0.021,0.021,0.021,0.021,0
POW,20181227,0.02,0.02,0.02,0.02,75000
POW,20181228,0.02,0.02,0.02,0.02,0
POW,20181231,0.019,0.019,0.017,0.017,186620
POW,20190102,0.018,0.018,0.018,0.018,250000
POW,20190103,0.018,0.018,0.018,0.018,160902
POW,20190104,0.019,0.019,0.019,0.019,90492
POW,20190107,0.019,0.02,0.019,0.02,479948
POW,20190108,0.02,0.02,0.02,0.02,0
POW,20190109,0.019,0.019,0.017,0.017,133555
POW,20190110,0.017,0.017,0.017,0.017,30000
POW,20190111,0.018,0.02,0.018,0.02,232818
POW,20190114,0.02,0.022,0.02,0.02,978547
POW,20190115,0.019,0.019,0.018,0.018,1371942
POW,20190116,0.02,0.02,0.02,0.02,100000
POW,20190117,0.02,0.02,0.02,0.02,0
POW,20190118,0.019,0.019,0.019,0.019,31411
POW,20190121,0.019,0.02,0.019,0.02,543497
POW,20190122,0.02,0.02,0.019,0.019,432021
POW,20190123,0.019,0.019,0.019,0.019,1503
POW,20190124,0.018,0.019,0.018,0.019,26993
POW,20190125,0.019,0.019,0.019,0.019,0
POW,20190129,0.018,0.018,0.017,0.017,886776
POW,20190130,0.018,0.019,0.016,0.019,1062144
POW,20190131,0.019,0.019,0.019,0.019,25900
POW,20190201,0.017,0.017,0.016,0.016,506500
POW,20190204,0.017,0.018,0.016,0.016,457128
POW,20190205,0.016,0.016,0.016,0.016,174666
POW,20190206,0.016,0.016,0.016,0.016,23183
POW,20190207,0.016,0.016,0.016,0.016,326872
POW,20190208,0.016,0.016,0.016,0.016,218193
POW,20190211,0.015,0.015,0.014,0.014,1056754
POW,20190212,0.014,0.014,0.013,0.014,513558
POW,20190213,0.014,0.014,0.014,0.014,0
POW,20190214,0.014,0.016,0.014,0.016,547104
POW,20190215,0.015,0.015,0.015,0.015,198752
POW,20190218,0.014,0.014,0.013,0.013,1411291
POW,20190219,0.013,0.014,0.012,0.014,964760
POW,20190220,0.014,0.014,0.014,0.014,548431
POW,20190221,0.014,0.015,0.014,0.014,874273
POW,20190222,0.014,0.014,0.013,0.013,674970
POW,20190225,0.013,0.013,0.012,0.012,1082536
POW,20190226,0.012,0.012,0.01,0.011,1327785
POW,20190227,0.012,0.012,0.012,0.012,196152
POW,20190228,0.011,0.012,0.011,0.012,13832
POW,20190301,0.011,0.011,0.01,0.01,942721
POW,20190304,0.011,0.012,0.011,0.012,697098
POW,20190305,0.012,0.012,0.012,0.012,248664
POW,20190306,0.012,0.012,0.011,0.011,233493
POW,20190307,0.011,0.011,0.011,0.011,0
POW,20190308,0.011,0.011,0.011,0.011,165000
POW,20190311,0.011,0.011,0.011,0.011,821469
POW,20190312,0.011,0.011,0.011,0.011,600073
POW,20190313,0.011,0.012,0.011,0.011,236917
POW,20190314,0.011,0.011,0.011,0.011,0
POW,20190315,0.01,0.012,0.01,0.012,1422400
POW,20190318,0.012,0.012,0.012,0.012,241666
POW,20190319,0.01,0.011,0.01,0.01,762998
POW,20190320,0.01,0.014,0.01,0.014,2827942
POW,20190321,0.014,0.014,0.013,0.013,3448508
POW,20190322,0.014,0.021,0.014,0.014,21322447
POW,20190325,0.014,0.015,0.013,0.013,2975821
POW,20190326,0.013,0.013,0.011,0.011,1293116
POW,20190327,0.012,0.012,0.011,0.012,1268750
POW,20190328,0.012,0.012,0.012,0.012,1297272
POW,20190329,0.012,0.013,0.012,0.013,382594
POW,20190401,0.014,0.014,0.012,0.012,448172
POW,20190402,0.012,0.012,0.012,0.012,240591
POW,20190403,0.013,0.015,0.013,0.014,1149895
POW,20190404,0.014,0.014,0.013,0.013,383520
POW,20190405,0.013,0.015,0.013,0.014,630039
POW,20190408,0.015,0.015,0.013,0.013,380993
POW,20190409,0.014,0.014,0.014,0.014,118201
POW,20190410,0.014,0.014,0.014,0.014,41000
POW,20190411,0.013,0.014,0.013,0.014,67715
POW,20190412,0.013,0.013,0.013,0.013,373090
POW,20190415,0.013,0.013,0.013,0.013,270000
POW,20190416,0.013,0.013,0.013,0.013,100000
POW,20190417,0.013,0.013,0.013,0.013,0
POW,20190418,0.013,0.013,0.013,0.013,27000
POW,20190423,0.013,0.013,0.013,0.013,102000
POW,20190424,0.013,0.013,0.013,0.013,0
POW,20190426,0.013,0.013,0.012,0.013,479922
POW,20190429,0.012,0.012,0.012,0.012,8333
POW,20190430,0.012,0.012,0.012,0.012,0
POW,20190501,0.012,0.012,0.011,0.011,976881
POW,20190502,0.011,0.011,0.01,0.01,1068798
POW,20190503,0.01,0.01,0.01,0.01,14460
POW,20190506,0.01,0.01,0.01,0.01,243969
POW,20190507,0.01,0.01,0.01,0.01,68000
POW,20190508,0.01,0.01,0.01,0.01,165000
POW,20190509,0.01,0.01,0.009,0.009,577400
POW,20190510,0.009,0.009,0.009,0.009,582414
POW,20190513,0.009,0.009,0.009,0.009,17000
POW,20190514,0.009,0.009,0.009,0.009,31666
POW,20190515,0.009,0.009,0.009,0.009,110952
POW,20190516,0.009,0.009,0.009,0.009,192329
POW,20190517,0.009,0.009,0.009,0.009,0
POW,20190520,0.01,0.01,0.01,0.01,11221
POW,20190521,0.01,0.012,0.01,0.011,1007942
POW,20190522,0.011,0.012,0.011,0.012,640183
POW,20190523,0.012,0.012,0.012,0.012,41666
POW,20190524,0.011,0.011,0.011,0.011,510000
POW,20190527,0.011,0.011,0.011,0.011,0
POW,20190528,0.01,0.01,0.01,0.01,358281
POW,20190529,0.01,0.01,0.009,0.01,227167
POW,20190530,0.01,0.01,0.01,0.01,0
POW,20190531,0.01,0.01,0.01,0.01,299362
POW,20190603,0.009,0.009,0.009,0.009,367771
POW,20190604,0.009,0.009,0.009,0.009,112229
POW,20190605,0.009,0.009,0.009,0.009,48546
POW,20190606,0.009,0.009,0.009,0.009,878946
POW,20190607,0.009,0.009,0.009,0.009,95024
POW,20190611,0.009,0.009,0.008,0.008,821490
POW,20190612,0.008,0.008,0.007,0.007,897022
POW,20190613,0.008,0.008,0.008,0.008,1118135
POW,20190614,0.009,0.012,0.009,0.011,1756956
POW,20190617,0.011,0.011,0.011,0.011,28963
POW,20190618,0.011,0.011,0.011,0.011,0
POW,20190619,0.01,0.01,0.01,0.01,376989
POW,20190620,0.01,0.01,0.01,0.01,251816
POW,20190621,0.01,0.01,0.009,0.009,1896314
POW,20190624,0.009,0.011,0.009,0.009,2802093
POW,20190625,0.008,0.009,0.008,0.009,501500
POW,20190626,0.009,0.009,0.009,0.009,720203
POW,20190627,0.008,0.009,0.008,0.009,363239
POW,20190628,0.009,0.009,0.009,0.009,685000
POW,20190701,0.009,0.009,0.009,0.009,247071
POW,20190702,0.009,0.009,0.009,0.009,75151
POW,20190703,0.009,0.009,0.009,0.009,768
POW,20190704,0.009,0.009,0.009,0.009,96280
POW,20190705,0.009,0.009,0.009,0.009,91280
POW,20190708,0.01,0.01,0.01,0.01,1691454
POW,20190709,0.01,0.01,0.01,0.01,0
POW,20190710,0.01,0.01,0.01,0.01,180500
POW,20190711,0.01,0.01,0.01,0.01,0
POW,20190712,0.009,0.009,0.009,0.009,250000
POW,20190715,0.009,0.009,0.009,0.009,779397
POW,20190716,0.009,0.009,0.009,0.009,0
POW,20190717,0.009,0.009,0.009,0.009,130000
POW,20190718,0.009,0.009,0.009,0.009,45220
POW,20190719,0.009,0.009,0.009,0.009,0
POW,20190722,0,0,0,0.009,357421
POW,20190723,0.008,0.008,0.008,0.008,142074
POW,20190724,0.008,0.008,0.008,0.008,33441
POW,20190725,0.009,0.009,0.009,0.009,564000
POW,20190726,0.008,0.008,0.008,0.008,799181
POW,20190729,0.008,0.008,0.008,0.008,89874
POW,20190730,0.008,0.008,0.008,0.008,0
POW,20190731,0.008,0.008,0.008,0.008,0
POW,20190801,0.008,0.008,0.008,0.008,50000
POW,20190802,0.009,0.009,0.008,0.008,27000
POW,20190805,0.008,0.008,0.008,0.008,1351732
POW,20190806,0.007,0.008,0.007,0.008,719030
POW,20190807,0.008,0.008,0.007,0.007,3616550
POW,20190808,0.007,0.007,0.007,0.007,0
POW,20190809,0.007,0.007,0.007,0.007,0
POW,20190812,0.007,0.007,0.007,0.007,226785
POW,20190813,0.006,0.006,0.006,0.006,100000
POW,20190814,0.007,0.007,0.007,0.007,170000
POW,20190815,0.007,0.007,0.007,0.007,3024
POW,20190816,0.007,0.007,0.007,0.007,0
POW,20190819,0.007,0.007,0.007,0.007,60000
POW,20190820,0.007,0.007,0.007,0.007,679775
POW,20190821,0.007,0.007,0.007,0.007,0
POW,20190822,0.006,0.006,0.006,0.006,200000
POW,20190823,0.006,0.006,0.006,0.006,0
POW,20190826,0.006,0.007,0.006,0.007,671448
POW,20190827,0.007,0.007,0.006,0.006,102500
POW,20190828,0.007,0.007,0.007,0.007,50000
POW,20190829,0.007,0.007,0.007,0.007,0
POW,20190830,0.007,0.007,0.007,0.007,145800
POW,20190902,0.007,0.007,0.007,0.007,347589
POW,20190903,0.007,0.007,0.007,0.007,2180711
POW,20190904,0.006,0.006,0.006,0.006,16666
POW,20190905,0.007,0.007,0.007,0.007,1050000
POW,20190906,0.007,0.007,0.007,0.007,0
POW,20190909,0.007,0.008,0.007,0.008,732794
POW,20190910,0.008,0.008,0.008,0.008,50000
POW,20190911,0.008,0.008,0.008,0.008,0
POW,20190912,0.008,0.008,0.008,0.008,0
POW,20190913,0.008,0.008,0.008,0.008,0
POW,20190916,0.008,0.008,0.008,0.008,364454
POW,20190917,0.008,0.008,0.008,0.008,0
POW,20190918,0.008,0.008,0.008,0.008,0
POW,20190919,0.007,0.008,0.007,0.008,200756
POW,20190920,0.008,0.008,0.008,0.008,7910
POW,20190923,0.008,0.008,0.008,0.008,0
POW,20190924,0.008,0.008,0.008,0.008,0
POW,20190925,0.008,0.008,0.008,0.008,0
POW,20190926,0.007,0.007,0.007,0.007,1224999
POW,20190927,0.007,0.007,0.007,0.007,0
POW,20190930,0.007,0.007,0.007,0.007,0
POW,20191001,0.007,0.007,0.007,0.007,0
POW,20191002,0.006,0.006,0.006,0.006,332208
POW,20191003,0.006,0.006,0.006,0.006,556524
POW,20191004,0.006,0.006,0.006,0.006,0
POW,20191007,0.006,0.006,0.006,0.006,0
POW,20191008,0.006,0.006,0.006,0.006,221
POW,20191009,0.006,0.006,0.006,0.006,0
POW,20191010,0.006,0.006,0.006,0.006,300000
POW,20191011,0.006,0.006,0.006,0.006,203867
POW,20191014,0.006,0.006,0.006,0.006,0
POW,20191015,0.006,0.006,0.006,0.006,17916
POW,20191016,0.006,0.006,0.006,0.006,0
POW,20191017,0.006,0.006,0.006,0.006,0
POW,20191018,0.006,0.006,0.006,0.006,0
POW,20191021,0.006,0.006,0.006,0.006,0
POW,20191022,0.006,0.006,0.006,0.006,0
POW,20191023,0.006,0.006,0.006,0.006,0
POW,20191024,0.006,0.006,0.006,0.006,420000
POW,20191025,0.006,0.006,0.005,0.005,7725182
POW,20191028,0.005,0.005,0.004,0.005,5305381
POW,20191029,0.005,0.005,0.005,0.005,625055
POW,20191030,0.005,0.005,0.005,0.005,0
POW,20191031,0.005,0.005,0.005,0.005,0
POW,20191101,0.005,0.005,0.005,0.005,0
POW,20191104,0.005,0.005,0.004,0.004,2641334
POW,20191105,0.004,0.004,0.004,0.004,0
POW,20191106,0.004,0.004,0.004,0.004,2895
POW,20191107,0.004,0.004,0.004,0.004,0
POW,20191108,0.004,0.004,0.004,0.004,0
POW,20191111,0.004,0.004,0.004,0.004,500000
POW,20191112,0.004,0.004,0.004,0.004,0
POW,20191113,0.004,0.005,0.004,0.004,1680393
POW,20191114,0.004,0.004,0.004,0.004,0
POW,20191115,0.004,0.004,0.004,0.004,235714
POW,20191118,0.004,0.004,0.004,0.004,2725277
POW,20191119,0.004,0.004,0.004,0.004,0
POW,20191120,0.004,0.005,0.004,0.005,1109000
POW,20191121,0.005,0.005,0.005,0.005,0
POW,20191122,0.005,0.005,0.005,0.005,0
POW,20191125,0.005,0.005,0.005,0.005,0
POW,20191126,0.005,0.005,0.005,0.005,100000
POW,20191127,0.005,0.005,0.005,0.005,0
POW,20191128,0.004,0.004,0.004,0.004,849671
POW,20191129,0.004,0.005,0.004,0.005,328131
POW,20191202,0.005,0.005,0.005,0.005,1804192
POW,20191203,0.004,0.004,0.004,0.004,450000
POW,20191204,0.005,0.005,0.005,0.005,5355173
POW,20191205,0.005,0.006,0.005,0.006,640408
POW,20191206,0.005,0.006,0.005,0.006,739956
POW,20191209,0.006,0.006,0.006,0.006,0
POW,20191210,0.006,0.006,0.006,0.006,0
POW,20191211,0.006,0.006,0.006,0.006,0
POW,20191212,0.005,0.005,0.005,0.005,304375
POW,20191213,0.005,0.005,0.005,0.005,170625
POW,20191216,0.006,0.006,0.005,0.005,1481748
POW,20191217,0.005,0.005,0.005,0.005,78377
POW,20191218,0.005,0.005,0.005,0.005,346623
POW,20191219,0.005,0.005,0.005,0.005,250377
POW,20191220,0.005,0.005,0.005,0.005,0
POW,20191223,0.005,0.005,0.005,0.005,50000
POW,20191224,0.005,0.005,0.005,0.005,7562
POW,20191227,0.005,0.005,0.005,0.005,0
POW,20191230,0.005,0.005,0.005,0.005,59666
POW,20191231,0.005,0.005,0.005,0.005,2
POW,20200102,0.006,0.006,0.005,0.006,1233000
POW,20200103,0.006,0.006,0.006,0.006,50000
POW,20200106,0.006,0.006,0.006,0.006,0
POW,20200107,0.005,0.005,0.005,0.005,46104
POW,20200108,0.005,0.005,0.005,0.005,34873
POW,20200109,0.005,0.005,0.005,0.005,0
POW,20200113,0.005,0.005,0.005,0.005,0
POW,20200114,0.005,0.005,0.005,0.005,119000
POW,20200115,0.005,0.005,0.005,0.005,100000
POW,20200116,0.005,0.005,0.005,0.005,5000
POW,20200117,0.005,0.005,0.005,0.005,0
POW,20200120,0.005,0.005,0.005,0.005,254000
POW,20200121,0.005,0.005,0.005,0.005,0
POW,20200122,0.005,0.005,0.005,0.005,91000
POW,20200123,0.005,0.005,0.005,0.005,313477
POW,20200124,0.006,0.006,0.006,0.006,235897
POW,20200128,0.005,0.005,0.005,0.005,652720
POW,20200129,0.005,0.005,0.005,0.005,1200000
POW,20200130,0.005,0.005,0.004,0.004,901515
POW,20200203,0.004,0.004,0.004,0.004,0
POW,20200204,0.004,0.004,0.004,0.004,121538
POW,20200205,0.004,0.004,0.004,0.004,0
POW,20200210,0.004,0.004,0.004,0.004,0
POW,20200211,0.004,0.004,0.004,0.004,338458
POW,20200212,0.004,0.004,0.004,0.004,0
POW,20200213,0.004,0.004,0.004,0.004,0
POW,20200214,0.004,0.004,0.004,0.004,3333
POW,20200217,0.004,0.004,0.004,0.004,0
POW,20200218,0.004,0.004,0.004,0.004,117950
POW,20200219,0.004,0.004,0.004,0.004,0
POW,20200220,0.004,0.004,0.004,0.004,0
POW,20200221,0.005,0.005,0.005,0.005,7503952
POW,20200224,0.005,0.005,0.005,0.005,0
POW,20200225,0.005,0.005,0.005,0.005,0
POW,20200226,0.005,0.005,0.004,0.005,2940766
POW,20200227,0.005,0.005,0.004,0.004,4210000
POW,20200228,0.003,0.003,0.003,0.003,1924500
POW,20200302,0.003,0.003,0.003,0.003,4798254
POW,20200303,0.003,0.003,0.003,0.003,104300
POW,20200304,0.003,0.003,0.003,0.003,237000
POW,20200305,0.003,0.003,0.003,0.003,200000
POW,20200306,0.003,0.003,0.003,0.003,967171
POW,20200309,0.002,0.002,0.002,0.002,50000
POW,20200310,0.003,0.003,0.003,0.003,1354490
POW,20200311,0.003,0.003,0.003,0.003,0
POW,20200312,0.003,0.003,0.003,0.003,928000
POW,20200313,0.003,0.003,0.003,0.003,223000
POW,20200316,0.003,0.003,0.003,0.003,300000
POW,20200317,0.003,0.003,0.003,0.003,0
POW,20200318,0.003,0.003,0.003,0.003,0
POW,20200319,0.003,0.003,0.003,0.003,0
POW,20200320,0.003,0.003,0.003,0.003,0
POW,20200323,0.002,0.002,0.002,0.002,37430
POW,20200324,0.002,0.002,0.002,0.002,200000
POW,20200325,0.002,0.002,0.002,0.002,0
POW,20200326,0.002,0.002,0.002,0.002,0
POW,20200327,0.002,0.002,0.002,0.002,0
POW,20200330,0.002,0.002,0.002,0.002,0
POW,20200331,0.003,0.003,0.003,0.003,215000
POW,20200401,0.003,0.003,0.003,0.003,0
POW,20200402,0.003,0.003,0.003,0.003,0
POW,20200403,0.003,0.003,0.003,0.003,0
POW,20200406,0.003,0.003,0.003,0.003,0
POW,20200407,0.003,0.003,0.003,0.003,166667
POW,20200408,0.003,0.003,0.003,0.003,1119460
POW,20200409,0.003,0.003,0.003,0.003,333338
POW,20200414,0.003,0.003,0.003,0.003,0
POW,20200415,0.004,0.004,0.003,0.003,415533
POW,20200416,0.003,0.003,0.003,0.003,0
POW,20200417,0.003,0.003,0.003,0.003,300000
POW,20200420,0.003,0.003,0.003,0.003,82653
POW,20200421,0.003,0.003,0.003,0.003,0
POW,20200422,0.003,0.003,0.003,0.003,0
POW,20200423,0.003,0.003,0.003,0.003,0
POW,20200424,0.004,0.004,0.004,0.004,419467
POW,20200427,0.004,0.004,0.004,0.004,0
POW,20200428,0.004,0.004,0.004,0.004,0
POW,20200429,0.005,0.005,0.005,0.005,125000
POW,20200430,0.005,0.005,0.005,0.005,2140000
POW,20200501,0.005,0.005,0.005,0.005,100000
POW,20200504,0.005,0.005,0.004,0.004,527907
POW,20200505,0.004,0.004,0.004,0.004,0
POW,20200506,0.005,0.005,0.005,0.005,1100000
POW,20200507,0.005,0.005,0.004,0.004,1407645
POW,20200508,0.005,0.005,0.005,0.005,968950
POW,20200511,0.005,0.005,0.005,0.005,300000
POW,20200512,0.006,0.006,0.006,0.006,100000
POW,20200513,0.006,0.006,0.006,0.006,0
POW,20200514,0.005,0.005,0.005,0.005,2000000
POW,20200515,0.005,0.005,0.005,0.005,400000
POW,20200518,0.005,0.005,0.005,0.005,0
POW,20200519,0.005,0.006,0.005,0.006,3647616
POW,20200520,0.006,0.006,0.006,0.006,0
POW,20200521,0.006,0.006,0.006,0.006,6850000
POW,20200522,0.005,0.005,0.005,0.005,79063
POW,20200525,0.006,0.008,0.006,0.007,10252582
POW,20200526,0.008,0.009,0.008,0.008,16061912
POW,20200527,0.009,0.009,0.007,0.008,12849661
POW,20200528,0.008,0.008,0.006,0.006,5951701
POW,20200529,0.005,0.006,0.005,0.006,9322407
POW,20200601,0.006,0.006,0.006,0.006,0
POW,20200602,0.006,0.006,0.006,0.006,0
POW,20200603,0.006,0.006,0.006,0.006,0
POW,20200604,0.005,0.006,0.005,0.005,4527227
POW,20200605,0.006,0.006,0.006,0.006,345000
POW,20200609,0.006,0.006,0.005,0.005,1383332
POW,20200610,0.005,0.005,0.005,0.005,20000
POW,20200611,0.005,0.005,0.005,0.005,190000
POW,20200612,0.006,0.006,0.005,0.005,875844
POW,20200615,0.005,0.005,0.005,0.005,0
POW,20200616,0.005,0.005,0.005,0.005,1479223
POW,20200617,0.005,0.005,0.005,0.005,1200000
POW,20200618,0.005,0.005,0.005,0.005,0
POW,20200619,0.005,0.005,0.005,0.005,20000
POW,20200622,0.005,0.005,0.005,0.005,250000
POW,20200623,0.005,0.005,0.005,0.005,60332
POW,20200624,0.005,0.005,0.005,0.005,145038
POW,20200625,0.005,0.005,0.005,0.005,399366
POW,20200626,0.005,0.005,0.005,0.005,0
POW,20200629,0.005,0.005,0.005,0.005,1563036
POW,20200630,0.005,0.005,0.004,0.004,580561
POW,20200701,0.005,0.005,0.005,0.005,1333578
POW,20200702,0.005,0.005,0.005,0.005,0
POW,20200703,0.005,0.005,0.005,0.005,0
POW,20200706,0.005,0.005,0.005,0.005,0
POW,20200707,0.005,0.005,0.005,0.005,0
POW,20200708,0.005,0.005,0.005,0.005,0
POW,20200709,0.006,0.006,0.006,0.006,575000
POW,20200710,0.005,0.005,0.005,0.005,20659
POW,20200713,0.006,0.007,0.006,0.006,4569277
POW,20200714,0.006,0.006,0.005,0.005,101333
POW,20200715,0.005,0.006,0.005,0.005,155281
POW,20200716,0.006,0.006,0.006,0.006,145319
POW,20200717,0.006,0.006,0.006,0.006,7207
POW,20200720,0.006,0.008,0.006,0.007,14184164
POW,20200721,0.007,0.009,0.007,0.007,13198297
POW,20200722,0.008,0.008,0.007,0.007,1975109
POW,20200723,0.007,0.007,0.007,0.007,3008309
POW,20200724,0.008,0.009,0.008,0.009,7994120
POW,20200727,0.009,0.009,0.008,0.008,824779
POW,20200728,0.008,0.009,0.008,0.009,4654588
POW,20200729,0.009,0.01,0.009,0.01,3369594
POW,20200730,0.011,0.013,0.011,0.011,14693975
POW,20200731,0.01,0.011,0.009,0.009,4256791
POW,20200803,0.01,0.01,0.01,0.01,1554124
POW,20200804,0.01,0.01,0.01,0.01,305981
POW,20200805,0.01,0.01,0.009,0.01,1134772
POW,20200806,0.01,0.01,0.01,0.01,1927006
POW,20200807,0.01,0.01,0.009,0.009,430259
POW,20200810,0.01,0.011,0.01,0.011,2056023
POW,20200811,0.013,0.013,0.012,0.012,3291757
POW,20200812,0.012,0.012,0.01,0.01,1848511
POW,20200813,0.011,0.011,0.011,0.011,516799
POW,20200814,0.011,0.011,0.01,0.01,320913
POW,20200817,0.011,0.011,0.011,0.011,691204
POW,20200818,0.011,0.011,0.011,0.011,0
POW,20200819,0.01,0.01,0.01,0.01,1471434
POW,20200820,0.01,0.015,0.01,0.013,9827302
POW,20200821,0.013,0.013,0.012,0.012,4120132
POW,20200824,0.013,0.013,0.012,0.013,2230838
POW,20200825,0.013,0.013,0.012,0.012,626845
POW,20200826,0.013,0.021,0.013,0.018,28251263
POW,20200827,0.018,0.019,0.016,0.018,12237433
POW,20200828,0.017,0.018,0.017,0.018,4883882
POW,20200831,0.017,0.018,0.015,0.015,8443564
POW,20200901,0.015,0.015,0.013,0.013,16031065
POW,20200902,0.014,0.015,0.014,0.014,6192316
POW,20200903,0.014,0.015,0.012,0.012,10076710
POW,20200904,0.012,0.013,0.012,0.013,5613903
POW,20200907,0.013,0.014,0.013,0.014,6448200
POW,20200908,0.013,0.014,0.013,0.014,2144958
POW,20200909,0.014,0.014,0.014,0.014,1859630
POW,20200910,0.014,0.014,0.014,0.014,980440
POW,20200911,0.014,0.014,0.014,0.014,371099
POW,20200914,0.013,0.014,0.013,0.013,1435717
POW,20200915,0.013,0.014,0.013,0.014,3463257
POW,20200916,0.014,0.014,0.014,0.014,1777081
POW,20200917,0.014,0.014,0.014,0.014,380051
POW,20200918,0.014,0.014,0.014,0.014,0
POW,20200921,0.013,0.013,0.013,0.013,82500
POW,20200922,0.013,0.013,0.013,0.013,4795882
POW,20200923,0.013,0.013,0.012,0.012,137389
POW,20200924,0.012,0.012,0.01,0.01,4157566
POW,20200925,0.01,0.011,0.01,0.011,880691
POW,20200928,0.011,0.012,0.011,0.011,1765154
POW,20200929,0.011,0.011,0.011,0.011,595212
POW,20200930,0.011,0.011,0.011,0.011,971000
POW,20201001,0.011,0.011,0.01,0.01,285635
POW,20201002,0.01,0.01,0.01,0.01,3405455
POW,20201005,0.009,0.01,0.009,0.01,1171083
POW,20201006,0.01,0.01,0.009,0.009,1332142
POW,20201007,0.009,0.009,0.009,0.009,609454
POW,20201008,0.009,0.009,0.009,0.009,92744
POW,20201009,0.009,0.009,0.009,0.009,130955
POW,20201012,0.01,0.011,0.01,0.011,1408723
POW,20201013,0.011,0.011,0.011,0.011,1356000
POW,20201014,0.011,0.011,0.011,0.011,99000
POW,20201015,0.01,0.012,0.01,0.011,3684602
POW,20201016,0.011,0.012,0.011,0.011,992089
POW,20201019,0.011,0.011,0.011,0.011,507557
POW,20201020,0.011,0.011,0.011,0.011,309018
POW,20201021,0.011,0.012,0.009,0.01,6361851
POW,20201022,0.01,0.01,0.01,0.01,726730
POW,20201023,0.01,0.01,0.01,0.01,266216
POW,20201026,0.01,0.01,0.01,0.01,0
POW,20201027,0.01,0.01,0.01,0.01,0
POW,20201028,0.012,0.012,0.011,0.012,8027786
POW,20201029,0.011,0.012,0.011,0.011,3136437
POW,20201030,0.011,0.012,0.01,0.011,968291
POW,20201102,0.011,0.011,0.011,0.011,2027273
POW,20201103,0.011,0.011,0.01,0.01,2332586
POW,20201104,0.011,0.011,0.011,0.011,2549452
POW,20201105,0.012,0.012,0.012,0.012,4027962
POW,20201106,0.013,0.013,0.012,0.012,3418338
POW,20201109,0.012,0.013,0.012,0.013,2889902
POW,20201110,0.012,0.012,0.01,0.011,7996350
POW,20201111,0.011,0.011,0.011,0.011,863581
POW,20201112,0.011,0.011,0.01,0.01,126985
POW,20201113,0.011,0.015,0.011,0.015,22686814
POW,20201116,0.015,0.015,0.015,0.015,2835508
POW,20201117,0.015,0.015,0.012,0.012,7850884
POW,20201118,0.013,0.014,0.013,0.013,6124905
POW,20201120,0.014,0.014,0.012,0.012,2315688
POW,20201123,0.012,0.012,0.011,0.011,3868394
POW,20201124,0.011,0.011,0.011,0.011,4681854
POW,20201125,0.01,0.011,0.01,0.011,4088942
POW,20201126,0.01,0.01,0.01,0.01,178615
POW,20201127,0.01,0.01,0.01,0.01,408526
POW,20201130,0.01,0.01,0.01,0.01,0
POW,20201201,0.01,0.011,0.01,0.01,2482472
POW,20201202,0.01,0.01,0.01,0.01,110154
POW,20201203,0.011,0.011,0.01,0.01,1218551
POW,20201204,0.01,0.012,0.01,0.012,7421782
POW,20201207,0.012,0.012,0.011,0.011,3422945
POW,20201208,0.011,0.011,0.011,0.011,683902
POW,20201209,0.011,0.011,0.01,0.01,4278383
POW,20201210,0.01,0.015,0.01,0.014,29017070
POW,20201211,0.014,0.016,0.013,0.013,14987585
POW,20201214,0.014,0.014,0.013,0.013,5044241
POW,20201215,0.013,0.013,0.013,0.013,165716
POW,20201216,0.014,0.014,0.012,0.012,3171718
POW,20201217,0.012,0.012,0.011,0.011,2824254
POW,20201218,0.012,0.012,0.011,0.011,1097427
POW,20201221,0.011,0.011,0.01,0.011,2296833
POW,20201222,0.011,0.011,0.01,0.01,1384493
POW,20201224,0.01,0.01,0.01,0.01,0
POW,20201229,0.013,0.013,0.012,0.012,3507377
POW,20201230,0.012,0.012,0.012,0.012,250000
POW,20201231,0.012,0.012,0.011,0.012,1327226
POW,20210104,0.012,0.012,0.012,0.012,942776
POW,20210105,0.013,0.013,0.012,0.012,6763285
POW,20210106,0.013,0.013,0.012,0.013,3930945
POW,20210107,0.012,0.014,0.012,0.014,10164530
POW,20210108,0.014,0.014,0.014,0.014,3710060
POW,20210111,0.014,0.014,0.014,0.014,2881183
POW,20210112,0.014,0.014,0.012,0.012,3299274
POW,20210113,0.013,0.019,0.013,0.017,25124812
POW,20210114,0.017,0.018,0.016,0.016,11264331
POW,20210115,0.017,0.017,0.015,0.016,4614494
POW,20210118,0.015,0.015,0.014,0.015,1592893
POW,20210119,0.015,0.019,0.015,0.017,17532104
POW,20210120,0.016,0.016,0.015,0.016,6256826
POW,20210121,0.017,0.018,0.016,0.017,8697324
POW,20210122,0.017,0.017,0.016,0.016,2849596
POW,20210125,0.017,0.017,0.015,0.016,6362637
POW,20210127,0.017,0.021,0.017,0.019,27862781
POW,20210128,0.018,0.018,0.016,0.017,12693453
POW,20210129,0.017,0.018,0.014,0.015,22631276
POW,20210201,0.014,0.014,0.013,0.013,6182645
POW,20210203,0.015,0.015,0.014,0.014,1610286
POW,20210204,0.015,0.015,0.014,0.015,314887
POW,20210205,0.015,0.016,0.015,0.016,1336516
POW,20210208,0.016,0.016,0.014,0.015,1299955
POW,20210209,0.016,0.016,0.014,0.015,2140063
POW,20210210,0.015,0.017,0.015,0.015,5865127
POW,20210211,0.016,0.017,0.016,0.016,1096720
POW,20210212,0.016,0.016,0.015,0.016,617250
POW,20210215,0.016,0.016,0.015,0.015,5789869
POW,20210216,0.015,0.015,0.014,0.015,4758506
POW,20210217,0.014,0.015,0.014,0.015,280000
POW,20210218,0.015,0.015,0.015,0.015,3270779
POW,20210219,0.016,0.019,0.015,0.015,20518153
POW,20210222,0.016,0.017,0.015,0.015,3753894
POW,20210223,0.015,0.015,0.015,0.015,3336619
POW,20210224,0.015,0.016,0.015,0.015,5765051
POW,20210225,0.015,0.015,0.014,0.014,5107983
POW,20210226,0.014,0.014,0.013,0.014,4608978
POW,20210301,0.014,0.014,0.013,0.013,977428
POW,20210302,0.013,0.014,0.013,0.014,2345007
POW,20210303,0.014,0.014,0.013,0.014,3037851
POW,20210304,0.014,0.014,0.013,0.013,996238
POW,20210305,0.013,0.013,0.013,0.013,4133201
POW,20210308,0.013,0.013,0.013,0.013,890398
POW,20210309,0.013,0.014,0.013,0.013,3008584
POW,20210310,0.013,0.013,0.012,0.013,6783402
POW,20210311,0.013,0.013,0.012,0.013,6783402
POW,20210312,0.013,0.015,0.013,0.015,3992392
POW,20210315,0.015,0.015,0.014,0.014,309500
POW,20210316,0.014,0.015,0.014,0.014,2530012
POW,20210317,0.014,0.014,0.014,0.014,1901660
POW,20210318,0.014,0.014,0.014,0.014,414187
POW,20210319,0.014,0.014,0.014,0.014,88000
POW,20210322,0.013,0.013,0.013,0.013,1524698
POW,20210323,0.013,0.013,0.013,0.013,940975
POW,20210324,0.013,0.014,0.013,0.014,1000714
POW,20210325,0.014,0.014,0.012,0.012,2621472
POW,20210329,0.012,0.013,0.012,0.013,3189389
POW,20210330,0.012,0.014,0.012,0.012,429199
POW,20210331,0.012,0.013,0.012,0.013,336237
POW,20210401,0.012,0.013,0.012,0.013,1155892
POW,20210406,0.013,0.013,0.012,0.012,235000
POW,20210407,0.013,0.013,0.012,0.012,1649655
POW,20210408,0.012,0.012,0.012,0.012,1681900
POW,20210409,0.013,0.013,0.012,0.012,116923
POW,20210412,0.012,0.013,0.012,0.013,2589372
POW,20210413,0.012,0.012,0.012,0.012,3203055
POW,20210414,0.011,0.012,0.011,0.012,1384666
POW,20210415,0.012,0.012,0.012,0.012,942064
POW,20210416,0.012,0.013,0.012,0.013,2372329
POW,20210419,0.013,0.015,0.013,0.015,18126562
POW,20210420,0.015,0.016,0.014,0.014,16612134
POW,20210421,0.014,0.015,0.014,0.014,5289505
POW,20210422,0.014,0.014,0.012,0.013,10057174
POW,20210423,0.013,0.013,0.012,0.012,447200
POW,20210426,0.013,0.013,0.012,0.012,215715
POW,20210427,0.012,0.012,0.012,0.012,582321
POW,20210428,0.013,0.013,0.012,0.012,1982251
POW,20210429,0.012,0.012,0.012,0.012,0
POW,20210430,0.013,0.013,0.012,0.012,1198727
POW,20210503,0.012,0.012,0.012,0.012,5404505
POW,20210504,0.012,0.012,0.012,0.012,267429
POW,20210505,0.011,0.013,0.011,0.011,980351
POW,20210506,0.012,0.016,0.012,0.014,35589054
POW,20210507,0.014,0.014,0.014,0.014,9601781
POW,20210510,0.015,0.015,0.013,0.014,1965153
POW,20210511,0.014,0.014,0.014,0.014,1109000
POW,20210512,0.014,0.014,0.013,0.013,101428
POW,20210513,0.013,0.014,0.013,0.014,155384
POW,20210514,0.014,0.014,0.014,0.014,875833
POW,20210517,0.013,0.013,0.013,0.013,40770
POW,20210518,0.014,0.014,0.014,0.014,40000
POW,20210519,0.014,0.014,0.013,0.013,209617
POW,20210520,0.013,0.013,0.013,0.013,170000
POW,20210521,0.013,0.013,0.013,0.013,1695724
POW,20210524,0.014,0.014,0.013,0.013,1599654
POW,20210525,0.014,0.014,0.014,0.014,3864525
POW,20210526,0.014,0.014,0.013,0.013,295591
POW,20210527,0.013,0.013,0.013,0.013,0
POW,20210528,0.013,0.013,0.013,0.013,1000
POW,20210531,0.014,0.014,0.013,0.013,212134
POW,20210601,0.013,0.013,0.012,0.012,2972137
POW,20210602,0.013,0.013,0.012,0.013,1612950
POW,20210603,0.012,0.013,0.012,0.012,11831699
POW,20210604,0.013,0.013,0.012,0.012,3389077
POW,20210607,0.013,0.013,0.012,0.012,4317815
POW,20210609,0.013,0.013,0.012,0.012,1610000
POW,20210610,0.012,0.012,0.012,0.012,583094
POW,20210611,0.013,0.013,0.012,0.013,2155001
POW,20210615,0.013,0.013,0.012,0.012,3447686
POW,20210616,0.012,0.012,0.012,0.012,358333
POW,20210617,0.012,0.012,0.011,0.011,5401868
POW,20210618,0.011,0.011,0.011,0.011,4973579
POW,20210621,0.011,0.011,0.011,0.011,403912
POW,20210622,0.01,0.011,0.01,0.011,546207
POW,20210623,0.011,0.011,0.011,0.011,589590
POW,20210625,0.011,0.011,0.01,0.011,672186
POW,20210628,0.01,0.01,0.01,0.01,762147
POW,20210629,0.01,0.011,0.01,0.011,2641721
POW,20210630,0.01,0.011,0.01,0.01,1471666
POW,20210701,0.01,0.01,0.01,0.01,79704
POW,20210705,0.01,0.01,0.01,0.01,825641
POW,20210706,0.01,0.011,0.01,0.011,271823
POW,20210707,0.011,0.011,0.011,0.011,0
POW,20210708,0.01,0.011,0.01,0.01,247731
POW,20210709,0.01,0.01,0.01,0.01,0
POW,20210712,0.01,0.011,0.01,0.011,2655979
POW,20210714,0.01,0.01,0.009,0.009,12037595
POW,20210715,0.009,0.009,0.009,0.009,195558
POW,20210716,0.009,0.009,0.009,0.009,3526799
POW,20210719,0.009,0.009,0.009,0.009,0
POW,20210720,0.009,0.009,0.009,0.009,1385280
POW,20210723,0.009,0.009,0.009,0.009,1104327
POW,20210726,0.009,0.009,0.009,0.009,476633
POW,20210727,0.009,0.009,0.009,0.009,173332
POW,20210728,0.009,0.009,0.009,0.009,52
POW,20210729,0.008,0.008,0.008,0.008,7711894
POW,20210730,0.008,0.009,0.008,0.008,250604
POW,20210802,0.008,0.008,0.008,0.008,200000
POW,20210803,0.008,0.008,0.008,0.008,1578333
POW,20210804,0.008,0.008,0.008,0.008,3614277
POW,20210805,0.008,0.008,0.008,0.008,2328310
POW,20210806,0.008,0.008,0.008,0.008,275404
POW,20210809,0.008,0.008,0.008,0.008,823133
POW,20210810,0.008,0.008,0.008,0.008,0
POW,20210811,0.008,0.008,0.008,0.008,859173
POW,20210812,0.008,0.01,0.008,0.01,16961449
POW,20210813,0.01,0.01,0.009,0.009,818014
POW,20210819,0.008,0.008,0.008,0.008,627635
POW,20210820,0.008,0.008,0.008,0.008,871
POW,20210823,0.008,0.008,0.008,0.008,0
POW,20210824,0.009,0.009,0.009,0.009,627108
POW,20210825,0.009,0.009,0.008,0.008,17943
POW,20210826,0.008,0.008,0.008,0.008,0
POW,20210827,0.009,0.009,0.008,0.008,362421
POW,20210830,0.008,0.008,0.008,0.008,16142
POW,20210831,0.008,0.008,0.008,0.008,0
POW,20210901,0.008,0.009,0.008,0.009,1255428
POW,20210902,0.009,0.009,0.008,0.008,2484527
POW,20210903,0.009,0.011,0.009,0.011,8711727
POW,20210906,0.012,0.012,0.01,0.011,22355343
POW,20210907,0.011,0.012,0.01,0.012,11327761
POW,20210908,0.011,0.012,0.011,0.012,12647592
POW,20210909,0.012,0.012,0.012,0.012,1211852
POW,20210910,0.011,0.012,0.011,0.011,448453
POW,20210913,0.012,0.014,0.012,0.013,21280625
POW,20210914,0.013,0.013,0.012,0.012,8896826
POW,20210915,0.012,0.012,0.012,0.012,2146590
POW,20210916,0.012,0.014,0.012,0.013,4647542
POW,20210917,0.013,0.015,0.013,0.013,14355366
POW,20210920,0.013,0.013,0.011,0.011,9658201
POW,20210922,0.011,0.011,0.011,0.011,965661
POW,20210923,0.012,0.012,0.011,0.012,820713
POW,20210924,0.012,0.012,0.011,0.011,23016
POW,20210927,0.012,0.013,0.011,0.011,5405081
POW,20210928,0.012,0.012,0.011,0.012,679500
POW,20210929,0.012,0.012,0.011,0.012,3970898
POW,20210930,0.01,0.01,0.01,0.01,22200
POW,20211001,0.011,0.012,0.011,0.012,1746951
POW,20211004,0.011,0.011,0.011,0.011,253479
POW,20211005,0.011,0.011,0.011,0.011,305392
POW,20211006,0.011,0.011,0.01,0.01,413806
POW,20211007,0.011,0.011,0.011,0.011,586667
POW,20211008,0.011,0.011,0.011,0.011,2362588
POW,20211011,0.011,0.011,0.011,0.011,463971
POW,20211012,0.011,0.011,0.011,0.011,463971
POW,20211013,0.011,0.012,0.011,0.012,985497
POW,20211014,0.012,0.012,0.011,0.012,700578
POW,20211019,0.012,0.013,0.011,0.013,5004373
POW,20211020,0.013,0.013,0.012,0.012,2742783
POW,20211021,0.012,0.013,0.012,0.012,864718
POW,20211022,0.012,0.012,0.012,0.012,0
POW,20211025,0.013,0.013,0.012,0.012,610200
POW,20211026,0.012,0.012,0.012,0.012,1598
POW,20211028,0.012,0.012,0.012,0.012,0
POW,20211029,0.012,0.012,0.011,0.012,527662
POW,20211101,0.012,0.012,0.011,0.011,3019361
POW,20211102,0.012,0.012,0.011,0.011,291749
POW,20211103,0.012,0.012,0.011,0.011,1165787
POW,20211104,0.012,0.014,0.012,0.014,16097645
POW,20211105,0.014,0.015,0.013,0.014,14469519
POW,20211109,0.015,0.015,0.015,0.015,6495668
POW,20211110,0.015,0.015,0.014,0.014,4836545
POW,20211112,0.013,0.013,0.013,0.013,1145684
POW,20211115,0.014,0.014,0.013,0.013,7700518
POW,20211116,0.013,0.013,0.012,0.012,926054
POW,20211117,0.012,0.012,0.012,0.012,605339
POW,20211118,0.012,0.012,0.012,0.012,2604000
POW,20211119,0.012,0.012,0.012,0.012,941703
POW,20211122,0.012,0.012,0.011,0.011,2034728
POW,20211123,0.011,0.011,0.011,0.011,2290341
POW,20211124,0.011,0.011,0.011,0.011,4501497
POW,20211125,0.011,0.011,0.011,0.011,221177
POW,20211126,0.011,0.011,0.011,0.011,0
POW,20211129,0.01,0.01,0.009,0.01,7089513
POW,20211130,0.011,0.011,0.009,0.009,4370718
POW,20211201,0.01,0.01,0.009,0.009,541921
POW,20211202,0.01,0.01,0.009,0.01,338481
POW,20211203,0.009,0.01,0.009,0.01,2071637
POW,20211206,0.01,0.01,0.01,0.01,945321
POW,20211207,0.01,0.01,0.009,0.01,3750000
POW,20211208,0.01,0.01,0.01,0.01,550746
POW,20211209,0.01,0.01,0.009,0.01,162741
POW,20211210,0.01,0.01,0.009,0.009,473347
POW,20211213,0.009,0.01,0.009,0.01,334000
POW,20211214,0.009,0.009,0.009,0.009,215000
POW,20211216,0.009,0.009,0.009,0.009,1839974
POW,20211217,0.009,0.01,0.009,0.009,340244
POW,20211220,0.009,0.009,0.009,0.009,0
POW,20211221,0.009,0.009,0.009,0.009,200360
POW,20211222,0.009,0.009,0.009,0.009,0
POW,20211223,0.009,0.009,0.009,0.009,629955
POW,20211224,0.009,0.009,0.009,0.009,50000
POW,20211229,0.009,0.009,0.009,0.009,311057
POW,20211230,0.009,0.009,0.009,0.009,174912
POW,20211231,0.01,0.01,0.01,0.01,341721
POW,20220104,0.01,0.01,0.009,0.009,929900
POW,20220105,0.009,0.009,0.009,0.009,200000
POW,20220106,0.009,0.009,0.009,0.009,112000
POW,20220107,0.01,0.01,0.01,0.01,47253
POW,20220110,0.01,0.01,0.01,0.01,590594
POW,20220111,0.01,0.01,0.01,0.01,0
POW,20220112,0.009,0.012,0.009,0.01,19030370
POW,20220113,0.01,0.01,0.009,0.01,1942503
POW,20220114,0.01,0.01,0.01,0.01,1510062
POW,20220117,0.01,0.01,0.01,0.01,1233333
POW,20220118,0.01,0.01,0.01,0.01,1035000
POW,20220119,0.01,0.01,0.01,0.01,500000
POW,20220120,0.01,0.01,0.01,0.01,334000
POW,20220121,0.01,0.01,0.009,0.01,1200995
POW,20220124,0.01,0.01,0.01,0.01,500000
POW,20220125,0.009,0.009,0.009,0.009,2450105
POW,20220127,0.009,0.009,0.009,0.009,1765333
POW,20220128,0.009,0.009,0.009,0.009,120000
POW,20220131,0.009,0.009,0.009,0.009,0
POW,20220201,0.009,0.009,0.009,0.009,254135
POW,20220202,0.009,0.009,0.009,0.009,873785
POW,20220203,0.009,0.009,0.009,0.009,114111
POW,20220204,0.008,0.009,0.008,0.009,1218069
POW,20220207,0.01,0.01,0.009,0.009,645000
POW,20220208,0.009,0.01,0.008,0.01,1407891
POW,20220209,0.009,0.009,0.009,0.009,121666
POW,20220210,0.009,0.009,0.009,0.009,785714
POW,20220211,0.008,0.009,0.008,0.009,375642
POW,20220214,0.009,0.009,0.009,0.009,858507
POW,20220215,0.01,0.01,0.01,0.01,618508
POW,20220216,0.01,0.01,0.009,0.009,350000
POW,20220217,0.009,0.009,0.009,0.009,1125000
POW,20220218,0.009,0.009,0.009,0.009,2350000
POW,20220221,0.009,0.01,0.009,0.01,951000
POW,20220222,0.009,0.009,0.008,0.008,3827266
POW,20220223,0.008,0.008,0.008,0.008,22600
POW,20220224,0.008,0.008,0.008,0.008,139135
POW,20220225,0.008,0.008,0.008,0.008,543935
POW,20220228,0.008,0.008,0.008,0.008,2360489
POW,20220301,0.008,0.009,0.008,0.009,82500
POW,20220302,0.008,0.008,0.008,0.008,1250000
POW,20220303,0.008,0.008,0.008,0.008,2431483
POW,20220304,0.008,0.008,0.008,0.008,1506599
POW,20220307,0.008,0.008,0.007,0.007,794720
POW,20220308,0.007,0.007,0.007,0.007,1000
POW,20220309,0.008,0.009,0.008,0.009,425000
POW,20220310,0.009,0.009,0.009,0.009,756000
POW,20220311,0.009,0.009,0.009,0.009,1493497
POW,20220314,0.009,0.009,0.008,0.008,1598304
POW,20220315,0.009,0.009,0.009,0.009,2894172
POW,20220316,0,0,0,0,0
POW,20220317,0.009,0.009,0.009,0.009,2330000
POW,20220318,0.009,0.009,0.009,0.009,27027
POW,20220321,0.01,0.01,0.01,0.01,50996
POW,20220322,0.01,0.01,0.009,0.01,1360793
POW,20220323,0.01,0.01,0.01,0.01,50000
POW,20220324,0.009,0.009,0.009,0.009,123333
POW,20220325,0.009,0.009,0.009,0.009,280000
POW,20220328,0.009,0.01,0.009,0.01,973837
POW,20220329,0.01,0.01,0.009,0.01,374473
POW,20220330,0.009,0.009,0.009,0.009,271078
POW,20220331,0.009,0.01,0.009,0.01,607362
POW,20220401,0.01,0.01,0.01,0.01,5315653
POW,20220404,0.01,0.012,0.01,0.011,9208940
POW,20220405,0.012,0.012,0.011,0.011,4872704
POW,20220406,0.009,0.009,0.009,0.009,15719552
POW,20220407,0.009,0.009,0.009,0.009,575000
POW,20220408,0.009,0.009,0.009,0.009,382517
POW,20220411,0.009,0.009,0.009,0.009,3209219
POW,20220412,0.009,0.009,0.008,0.008,8037683
POW,20220413,0.009,0.009,0.008,0.008,780005
POW,20220414,0.008,0.008,0.008,0.008,123250
POW,20220419,0.008,0.008,0.008,0.008,601299
POW,20220420,0.008,0.008,0.008,0.008,248333
POW,20220421,0.008,0.008,0.008,0.008,248333
POW,20220422,0.009,0.009,0.009,0.009,591925
POW,20220426,0.009,0.009,0.008,0.008,222212
POW,20220427,0.008,0.008,0.008,0.008,250000
POW,20220428,0.008,0.008,0.008,0.008,150076
POW,20220429,0.008,0.008,0.008,0.008,70000
POW,20220502,0.008,0.008,0.008,0.008,190000
POW,20220503,0.008,0.008,0.008,0.008,0
POW,20220504,0.008,0.008,0.008,0.008,555555
POW,20220505,0.008,0.008,0.008,0.008,3979207
POW,20220506,0.008,0.008,0.007,0.007,4207743
POW,20220509,0.007,0.008,0.007,0.008,2595815
POW,20220510,0.008,0.008,0.008,0.008,0
POW,20220511,0.008,0.008,0.008,0.008,1039295
POW,20220512,0.008,0.008,0.008,0.008,2111283
POW,20220513,0.007,0.008,0.007,0.008,1090450
POW,20220516,0.007,0.008,0.007,0.008,1864554
POW,20220517,0.008,0.008,0.008,0.008,123610
POW,20220518,0.008,0.008,0.008,0.008,1850000
POW,20220519,0.008,0.008,0.008,0.008,170333
POW,20220520,0.008,0.008,0.008,0.008,50000
POW,20220523,0.008,0.008,0.008,0.008,707962
POW,20220524,0.008,0.008,0.008,0.008,200000
POW,20220525,0.008,0.008,0.008,0.008,0
POW,20220526,0.008,0.008,0.008,0.008,210000
POW,20220527,0.008,0.008,0.008,0.008,305835
POW,20220530,0.008,0.008,0.008,0.008,1348418
POW,20220531,0.008,0.008,0.008,0.008,630698
POW,20220601,0.008,0.008,0.008,0.008,630293
POW,20220602,0.008,0.008,0.008,0.008,1846028
POW,20220603,0.008,0.009,0.008,0.009,709754
POW,20220606,0.009,0.009,0.009,0.009,0
POW,20220607,0.008,0.008,0.008,0.008,89285
POW,20220608,0.008,0.009,0.008,0.008,13554702
POW,20220609,0.008,0.008,0.008,0.008,0
POW,20220610,0.008,0.008,0.008,0.008,268715
POW,20220614,0.008,0.008,0.008,0.008,442173
POW,20220615,0.007,0.007,0.007,0.007,279000
POW,20220616,0.007,0.007,0.007,0.007,0
POW,20220617,0.007,0.007,0.007,0.007,0
POW,20220620,0.007,0.007,0.007,0.007,380450
POW,20220621,0.007,0.007,0.007,0.007,23600
POW,20220622,0.007,0.007,0.007,0.007,1448186
POW,20220623,0.007,0.007,0.007,0.007,591230
POW,20220624,0.007,0.007,0.007,0.007,3615413
POW,20220627,0.007,0.007,0.007,0.007,1230000
POW,20220628,0.007,0.007,0.007,0.007,676745
POW,20220629,0.007,0.007,0.007,0.007,23255
POW,20220630,0.007,0.007,0.007,0.007,0
POW,20220701,0.007,0.007,0.007,0.007,0
POW,20220704,0.007,0.007,0.007,0.007,0
POW,20220705,0.007,0.007,0.007,0.007,1456872
POW,20220706,0.007,0.007,0.007,0.007,0
POW,20220707,0.007,0.008,0.007,0.007,508349
POW,20220708,0.007,0.007,0.007,0.007,469722
POW,20220711,0.006,0.006,0.006,0.006,386962
POW,20220712,0.006,0.006,0.006,0.006,0
POW,20220713,0.006,0.006,0.006,0.006,0
POW,20220714,0.006,0.006,0.006,0.006,0
POW,20220715,0.006,0.006,0.006,0.006,0
POW,20220718,0.007,0.007,0.007,0.007,129375
POW,20220719,0.007,0.007,0.006,0.006,657759
POW,20220720,0.006,0.006,0.006,0.006,151062
POW,20220721,0.006,0.006,0.006,0.006,140000
POW,20220722,0.006,0.006,0.006,0.006,953
POW,20220725,0.006,0.006,0.006,0.006,0
POW,20220726,0.006,0.006,0.006,0.006,0
POW,20220727,0.006,0.006,0.006,0.006,0
POW,20220728,0.006,0.006,0.006,0.006,100000
POW,20220729,0.006,0.006,0.006,0.006,0
POW,20220801,0.006,0.006,0.006,0.006,0
POW,20220802,0.006,0.006,0.006,0.006,0
POW,20220803,0.006,0.006,0.006,0.006,0
POW,20220805,0.006,0.006,0.006,0.006,0
POW,20220808,0.006,0.006,0.006,0.006,31250
POW,20220809,0.006,0.006,0.006,0.006,0
POW,20220810,0.007,0.008,0.007,0.008,12079079
POW,20220811,0.008,0.008,0.008,0.008,1676360
POW,20220812,0.008,0.008,0.008,0.008,3873732
POW,20220815,0.008,0.008,0.008,0.008,1244
POW,20220816,0.008,0.008,0.007,0.008,9739
POW,20220817,0.008,0.008,0.007,0.008,0
POW,20220818,0.008,0.008,0.008,0.008,747
POW,20220819,0.008,0.008,0.008,0.008,670743
POW,20220822,0.008,0.008,0.008,0.008,2951723
POW,20220823,0.008,0.008,0.008,0.008,1034067
POW,20220824,0.008,0.008,0.008,0.008,29900
POW,20220825,0.008,0.008,0.008,0.008,21000
POW,20220826,0.008,0.008,0.008,0.008,202488
POW,20220829,0.008,0.008,0.007,0.007,5382996
POW,20220830,0.008,0.008,0.008,0.008,2115554
POW,20220831,0.008,0.008,0.008,0.008,0
POW,20220901,0.008,0.008,0.007,0.008,472272
POW,20220902,0.008,0.008,0.008,0.008,444227
POW,20220905,0.008,0.008,0.008,0.008,0
POW,20220906,0.008,0.008,0.008,0.008,395005
POW,20220907,0.008,0.008,0.008,0.008,2608882
POW,20220909,0.008,0.008,0.008,0.008,4200051
POW,20220912,0.007,0.007,0.007,0.007,666
POW,20220913,0.008,0.008,0.008,0.008,2819665
POW,20220914,0.007,0.007,0.007,0.007,26578
POW,20220915,0.008,0.009,0.008,0.009,9940828
POW,20220916,0.009,0.009,0.009,0.009,744224
