QUB,20160212,2.03,2.03,1.955,1.965,2377478
QUB,20160215,1.995,2.02,1.98,1.985,2058932
QUB,20160216,2.08,2.1,2.02,2.03,4220838
QUB,20160217,2.08,2.08,2,2,2895409
QUB,20160218,2.05,2.065,1.99,2,5162174
QUB,20160219,2,2,1.96,1.985,4875535
QUB,20160222,1.985,2.04,1.985,2.01,4073384
QUB,20160223,2.18,2.26,2.15,2.21,8168510
QUB,20160224,2.2,2.255,2.08,2.22,5360989
QUB,20160225,2.25,2.26,2.16,2.21,4917568
QUB,20160226,2.21,2.24,2.19,2.23,1688025
QUB,20160229,2.25,2.29,2.23,2.28,2154034
QUB,20160301,2.29,2.37,2.265,2.32,4805127
QUB,20160302,2.37,2.38,2.29,2.3,3073278
QUB,20160303,2.29,2.34,2.26,2.33,1935363
QUB,20160304,2.33,2.38,2.29,2.3,2496134
QUB,20160307,2.32,2.36,2.31,2.34,1623962
QUB,20160308,2.33,2.335,2.28,2.29,3344100
QUB,20160309,2.32,2.32,2.26,2.29,2042810
QUB,20160310,2.31,2.31,2.26,2.27,1448611
QUB,20160311,2.27,2.28,2.21,2.28,1567942
QUB,20160314,2.29,2.3,2.24,2.24,1871437
QUB,20160315,2.24,2.24,2.24,2.24,0
QUB,20160316,2.24,2.24,2.24,2.24,0
QUB,20160317,2.2,2.32,2.2,2.3,10588202
QUB,20160318,2.36,2.39,2.3,2.35,6164070
QUB,20160321,2.35,2.35,2.29,2.33,2901411
QUB,20160322,2.37,2.37,2.31,2.32,4133311
QUB,20160323,2.32,2.34,2.295,2.32,3181452
QUB,20160324,2.3,2.32,2.29,2.31,4298962
QUB,20160329,2.33,2.35,2.29,2.33,3163906
QUB,20160330,2.33,2.34,2.3,2.32,3027472
QUB,20160331,2.34,2.38,2.33,2.36,5695688
QUB,20160401,2.37,2.37,2.29,2.32,1938749
QUB,20160404,2.33,2.34,2.31,2.32,1171152
QUB,20160405,2.3,2.31,2.25,2.3,3699957
QUB,20160406,2.3,2.33,2.29,2.3,2983654
QUB,20160407,2.33,2.35,2.29,2.3,1934806
QUB,20160408,2.29,2.34,2.28,2.33,2171866
QUB,20160411,2.32,2.32,2.29,2.3,1871626
QUB,20160412,2.29,2.33,2.28,2.32,2841123
QUB,20160413,2.31,2.32,2.29,2.3,3456722
QUB,20160414,2.32,2.32,2.28,2.29,2666276
QUB,20160415,2.3,2.32,2.28,2.29,2317825
QUB,20160418,2.3,2.34,2.28,2.34,3371381
QUB,20160419,2.37,2.44,2.37,2.41,4493169
QUB,20160420,2.41,2.43,2.4,2.41,2818655
QUB,20160421,2.41,2.43,2.38,2.4,2907168
QUB,20160422,2.4,2.43,2.38,2.4,1951478
QUB,20160426,2.41,2.415,2.37,2.4,3183702
QUB,20160427,2.42,2.48,2.395,2.45,4394838
QUB,20160428,2.46,2.52,2.44,2.46,6380730
QUB,20160429,2.5,2.5,2.43,2.49,2420157
QUB,20160502,2.5,2.5,2.45,2.5,1738297
QUB,20160503,2.5,2.57,2.48,2.57,2985284
QUB,20160504,2.55,2.55,2.48,2.49,2718335
QUB,20160505,2.5,2.52,2.48,2.5,1319458
QUB,20160506,2.48,2.52,2.46,2.52,2116152
QUB,20160509,2.49,2.535,2.48,2.5,1793719
QUB,20160510,2.5,2.5,2.46,2.47,3389903
QUB,20160511,2.5,2.5,2.45,2.49,2707266
QUB,20160512,2.48,2.49,2.45,2.47,2529720
QUB,20160513,2.47,2.47,2.41,2.42,2959405
QUB,20160516,2.4,2.41,2.36,2.38,3244808
QUB,20160517,2.4,2.41,2.37,2.38,2103193
QUB,20160518,2.38,2.38,2.34,2.37,2792068
QUB,20160519,2.38,2.38,2.34,2.36,2150414
QUB,20160520,2.37,2.39,2.355,2.37,1921957
QUB,20160523,2.35,2.365,2.33,2.34,2312400
QUB,20160524,2.33,2.35,2.28,2.3,2275958
QUB,20160525,2.36,2.4,2.33,2.35,3216039
QUB,20160526,2.31,2.4,2.31,2.35,1610007
QUB,20160527,2.36,2.375,2.33,2.35,1744788
QUB,20160530,2.33,2.38,2.33,2.35,963227
QUB,20160531,2.34,2.38,2.32,2.36,2740760
QUB,20160601,2.32,2.345,2.31,2.32,1546131
QUB,20160602,2.31,2.335,2.29,2.29,2350482
QUB,20160603,2.3,2.34,2.285,2.32,1584206
QUB,20160606,2.3,2.33,2.29,2.33,1146048
QUB,20160607,2.33,2.335,2.295,2.3,1540438
QUB,20160608,2.3,2.31,2.28,2.31,1504186
QUB,20160609,2.3,2.31,2.26,2.26,2988732
QUB,20160610,2.26,2.26,2.21,2.24,1977002
QUB,20160614,2.21,2.23,2.16,2.19,4012429
QUB,20160615,2.18,2.22,2.16,2.19,3042945
QUB,20160616,2.17,2.23,2.17,2.2,3504540
QUB,20160617,2.2,2.22,2.18,2.19,2868623
QUB,20160620,2.21,2.22,2.19,2.2,2156849
QUB,20160621,2.2,2.245,2.19,2.22,2031818
QUB,20160622,2.24,2.25,2.22,2.22,1012325
QUB,20160623,2.22,2.225,2.18,2.18,1506227
QUB,20160624,2.21,2.24,2.15,2.18,3805473
QUB,20160627,2.15,2.19,2.15,2.15,1436573
QUB,20160628,2.12,2.145,2.08,2.13,4887199
QUB,20160629,2.2,2.23,2.14,2.18,1784487
QUB,20160630,2.2,2.24,2.185,2.21,2655716
QUB,20160701,2.22,2.26,2.2,2.23,2011378
QUB,20160704,2.22,2.255,2.18,2.19,1558962
QUB,20160705,2.21,2.225,2.17,2.19,1536673
QUB,20160706,2.19,2.2,2.13,2.15,5577039
QUB,20160707,2.16,2.24,2.155,2.23,3514595
QUB,20160708,2.22,2.26,2.2,2.2,1422754
QUB,20160711,2.22,2.28,2.215,2.25,1604755
QUB,20160712,2.28,2.32,2.27,2.28,2267450
QUB,20160713,2.32,2.335,2.28,2.3,2632466
QUB,20160714,2.32,2.32,2.27,2.28,3169613
QUB,20160715,2.27,2.32,2.27,2.31,2237665
QUB,20160718,2.3,2.36,2.3,2.35,1619005
QUB,20160719,2.35,2.37,2.32,2.32,1811663
QUB,20160720,2.34,2.38,2.32,2.36,1735468
QUB,20160721,2.42,2.505,2.4,2.43,4659862
QUB,20160722,2.4,2.41,2.36,2.4,3208035
QUB,20160725,2.42,2.47,2.4,2.45,4417986
QUB,20160726,2.47,2.48,2.43,2.45,4504688
QUB,20160727,2.45,2.52,2.445,2.5,4747965
QUB,20160728,2.51,2.51,2.48,2.49,2924787
QUB,20160729,2.5,2.575,2.495,2.55,5631594
QUB,20160801,2.59,2.63,2.55,2.58,4524806
QUB,20160802,2.58,2.64,2.57,2.6,4039138
QUB,20160803,2.58,2.62,2.58,2.59,4462587
QUB,20160804,2.58,2.62,2.58,2.61,4265129
QUB,20160805,2.62,2.68,2.61,2.65,4153057
QUB,20160808,2.7,2.72,2.67,2.71,3778398
QUB,20160809,2.69,2.81,2.68,2.81,7922598
QUB,20160810,2.78,2.79,2.745,2.77,9862517
QUB,20160811,2.69,2.73,2.64,2.68,3214694
QUB,20160812,2.7,2.76,2.69,2.7,2720876
QUB,20160815,2.71,2.74,2.695,2.72,2070309
QUB,20160816,2.68,2.73,2.68,2.7,2294249
QUB,20160817,2.7,2.73,2.69,2.73,2085816
QUB,20160818,2.73,2.73,2.64,2.64,2414330
QUB,20160822,2.7,2.75,2.69,2.69,1810818
QUB,20160823,2.71,2.72,2.65,2.67,2352195
QUB,20160824,2.6,2.67,2.57,2.65,3003161
QUB,20160825,2.57,2.665,2.57,2.64,2824667
QUB,20160826,2.64,2.665,2.62,2.63,2707068
QUB,20160829,2.63,2.64,2.58,2.59,1623615
QUB,20160830,2.57,2.62,2.55,2.55,2472782
QUB,20160831,2.55,2.58,2.53,2.54,5952124
QUB,20160901,2.54,2.55,2.49,2.53,3193301
QUB,20160902,2.52,2.525,2.42,2.44,4833099
QUB,20160905,2.45,2.49,2.37,2.39,5665115
QUB,20160906,2.42,2.435,2.38,2.39,2364862
QUB,20160907,2.44,2.45,2.39,2.44,5750203
QUB,20160908,2.46,2.485,2.43,2.45,4095335
QUB,20160909,2.45,2.47,2.42,2.44,3162695
QUB,20160912,2.34,2.37,2.33,2.35,5389908
QUB,20160913,2.36,2.38,2.32,2.33,3292531
QUB,20160914,2.34,2.355,2.31,2.33,4432317
QUB,20160915,2.3,2.31,2.27,2.28,6607478
QUB,20160916,2.3,2.33,2.27,2.28,7958632
QUB,20160919,2.29,2.3,2.27,2.285,498510
QUB,20160920,2.31,2.36,2.31,2.31,2897674
QUB,20160921,2.29,2.29,2.23,2.28,10109471
QUB,20160922,2.31,2.31,2.27,2.29,3241976
QUB,20160923,2.34,2.405,2.32,2.37,4691514
QUB,20160926,2.34,2.35,2.29,2.32,2225345
QUB,20160927,2.3,2.325,2.27,2.29,3685351
QUB,20160928,2.28,2.29,2.25,2.28,3650742
QUB,20160929,2.32,2.34,2.29,2.32,2454126
QUB,20160930,2.29,2.33,2.29,2.33,2406535
QUB,20161003,2.34,2.35,2.31,2.32,1194983
QUB,20161004,2.31,2.32,2.29,2.32,1237441
QUB,20161005,2.31,2.315,2.29,2.29,1468551
QUB,20161006,2.31,2.31,2.29,2.3,1350372
QUB,20161007,2.3,2.305,2.27,2.28,1996032
QUB,20161010,2.28,2.29,2.26,2.27,837931
QUB,20161011,2.28,2.3,2.25,2.26,2616425
QUB,20161012,2.27,2.3,2.25,2.28,2489670
QUB,20161013,2.28,2.33,2.28,2.29,1689591
QUB,20161014,2.31,2.33,2.28,2.28,1358153
QUB,20161017,2.28,2.31,2.28,2.29,1923424
QUB,20161018,2.28,2.28,2.22,2.25,3559805
QUB,20161019,2.27,2.3,2.24,2.28,1321531
QUB,20161020,2.29,2.3,2.28,2.28,1617644
QUB,20161021,2.28,2.295,2.26,2.28,1530132
QUB,20161024,2.28,2.29,2.25,2.26,1558283
QUB,20161025,2.29,2.32,2.27,2.27,1447167
QUB,20161026,2.29,2.305,2.21,2.22,3254211
QUB,20161027,2.26,2.28,2.23,2.23,2433031
QUB,20161028,2.25,2.255,2.21,2.21,1866957
QUB,20161031,2.22,2.25,2.21,2.23,1586803
QUB,20161101,2.22,2.26,2.22,2.22,1456690
QUB,20161102,2.22,2.22,2.15,2.16,3440903
QUB,20161103,2.17,2.21,2.145,2.17,2925460
QUB,20161104,2.15,2.16,2.12,2.15,2776932
QUB,20161107,2.19,2.205,2.165,2.17,1708338
QUB,20161108,2.2,2.22,2.18,2.2,2655582
QUB,20161109,2.21,2.22,2.06,2.12,6775766
QUB,20161110,2.19,2.255,2.18,2.24,2620695
QUB,20161111,2.26,2.26,2.205,2.24,2779409
QUB,20161114,2.26,2.26,2.21,2.22,2111715
QUB,20161115,2.21,2.24,2.2,2.24,2107626
QUB,20161116,2.22,2.26,2.21,2.22,1878520
QUB,20161117,2.2,2.22,2.18,2.19,1258192
QUB,20161118,2.24,2.25,2.21,2.22,2096097
QUB,20161121,2.22,2.23,2.17,2.19,1520798
QUB,20161122,2.22,2.26,2.2,2.23,2296336
QUB,20161123,2.24,2.38,2.23,2.36,3782123
QUB,20161124,2.41,2.41,2.315,2.36,1935642
QUB,20161125,2.36,2.42,2.33,2.41,1832660
QUB,20161128,2.41,2.415,2.36,2.38,2239557
QUB,20161129,2.39,2.39,2.355,2.37,2533447
QUB,20161130,2.36,2.38,2.33,2.36,3477202
QUB,20161201,2.36,2.395,2.33,2.39,2737788
QUB,20161202,2.37,2.4,2.33,2.35,2366415
QUB,20161205,2.34,2.34,2.285,2.32,1294968
QUB,20161206,2.31,2.33,2.28,2.3,3856390
QUB,20161207,2.29,2.37,2.29,2.34,2715278
QUB,20161208,2.34,2.38,2.32,2.36,1962778
QUB,20161209,2.36,2.4,2.35,2.39,3500125
QUB,20161212,2.39,2.4,2.36,2.37,1474479
QUB,20161213,2.37,2.38,2.35,2.36,1315679
QUB,20161214,2.39,2.41,2.36,2.41,2142170
QUB,20161215,2.39,2.42,2.34,2.41,3549697
QUB,20161216,2.39,2.4,2.36,2.38,2562681
QUB,20161219,2.4,2.4,2.375,2.38,1923940
QUB,20161220,2.39,2.42,2.37,2.42,1797447
QUB,20161221,2.4,2.42,2.39,2.4,2150777
QUB,20161222,2.41,2.44,2.39,2.4,4478294
QUB,20161223,2.4,2.41,2.38,2.41,549127
QUB,20161228,2.42,2.435,2.41,2.42,1079643
QUB,20161229,2.44,2.44,2.395,2.44,888827
QUB,20161230,2.44,2.44,2.42,2.44,565027
QUB,20170103,2.45,2.46,2.435,2.45,2889792
QUB,20170104,2.46,2.46,2.42,2.44,1825214
QUB,20170105,2.44,2.44,2.39,2.41,2208343
QUB,20170106,2.43,2.44,2.405,2.43,1070673
QUB,20170109,2.44,2.45,2.415,2.44,1580772
QUB,20170110,2.42,2.44,2.41,2.41,1450736
QUB,20170111,2.42,2.45,2.41,2.44,1421620
QUB,20170112,2.45,2.46,2.44,2.45,1125625
QUB,20170113,2.46,2.465,2.415,2.42,1045753
QUB,20170116,2.44,2.45,2.43,2.44,812199
QUB,20170117,2.43,2.43,2.405,2.41,1221142
QUB,20170118,2.41,2.43,2.4,2.41,1901650
QUB,20170119,2.44,2.44,2.41,2.42,1424532
QUB,20170120,2.42,2.43,2.4,2.42,1707116
QUB,20170123,2.41,2.42,2.34,2.36,2643204
QUB,20170124,2.36,2.36,2.31,2.34,1883998
QUB,20170125,2.35,2.39,2.32,2.34,2274856
QUB,20170127,2.34,2.365,2.315,2.34,1424001
QUB,20170130,2.33,2.37,2.32,2.33,1929499
QUB,20170131,2.33,2.35,2.3,2.3,2344058
QUB,20170201,2.3,2.325,2.28,2.31,1757477
QUB,20170202,2.31,2.35,2.3,2.31,2684594
QUB,20170203,2.3,2.32,2.29,2.31,2823350
QUB,20170206,2.31,2.33,2.28,2.3,2003294
QUB,20170207,2.28,2.3,2.26,2.29,1832572
QUB,20170208,2.29,2.32,2.26,2.31,1645935
QUB,20170209,2.34,2.36,2.32,2.34,2805950
QUB,20170210,2.37,2.38,2.33,2.37,1620524
QUB,20170213,2.37,2.39,2.34,2.37,2310842
QUB,20170214,2.38,2.38,2.35,2.37,2248107
QUB,20170215,2.39,2.4,2.35,2.36,2357327
QUB,20170216,2.4,2.4,2.36,2.39,2179686
QUB,20170217,2.4,2.4,2.37,2.38,1615934
QUB,20170220,2.39,2.39,2.36,2.38,2008411
QUB,20170221,2.39,2.4,2.37,2.4,1828890
QUB,20170222,2.41,2.41,2.36,2.39,1816702
QUB,20170223,2.35,2.365,2.33,2.35,2744778
QUB,20170224,2.35,2.37,2.305,2.33,1985388
QUB,20170227,2.33,2.33,2.29,2.3,2720120
QUB,20170228,2.28,2.31,2.27,2.31,2495190
QUB,20170301,2.32,2.32,2.27,2.28,2490797
QUB,20170302,2.32,2.35,2.31,2.33,2818116
QUB,20170303,2.34,2.34,2.29,2.31,2038547
QUB,20170306,2.3,2.31,2.29,2.3,2772229
QUB,20170307,2.27,2.325,2.27,2.29,2566287
QUB,20170308,2.32,2.38,2.28,2.36,2902718
QUB,20170309,2.38,2.49,2.38,2.47,6394843
QUB,20170310,2.49,2.51,2.465,2.47,4605341
QUB,20170313,2.47,2.48,2.41,2.46,2943016
QUB,20170314,2.46,2.49,2.44,2.47,3174011
QUB,20170315,2.45,2.47,2.405,2.47,2418514
QUB,20170316,2.44,2.47,2.44,2.45,4312943
QUB,20170317,2.45,2.49,2.45,2.46,3402614
QUB,20170320,2.45,2.47,2.43,2.45,1223811
QUB,20170321,2.46,2.48,2.45,2.45,1796281
QUB,20170322,2.45,2.47,2.43,2.45,3167395
QUB,20170323,2.47,2.47,2.41,2.43,1945243
QUB,20170324,2.47,2.47,2.44,2.44,1815825
QUB,20170327,2.45,2.49,2.44,2.48,1902951
QUB,20170328,2.5,2.54,2.49,2.54,3224234
QUB,20170329,2.55,2.615,2.54,2.61,3880052
QUB,20170330,2.6,2.61,2.55,2.57,2141323
QUB,20170331,2.58,2.59,2.56,2.56,1921997
QUB,20170403,2.56,2.58,2.53,2.56,1535795
QUB,20170404,2.53,2.545,2.51,2.54,1402512
QUB,20170405,2.53,2.585,2.53,2.57,4133194
QUB,20170406,2.56,2.565,2.53,2.55,2660200
QUB,20170407,2.57,2.58,2.54,2.56,1301579
QUB,20170410,2.56,2.59,2.55,2.58,1700995
QUB,20170411,2.57,2.6,2.56,2.59,8046909
QUB,20170412,2.59,2.6,2.57,2.59,2418975
QUB,20170413,2.59,2.59,2.54,2.58,2225731
QUB,20170418,2.57,2.59,2.56,2.58,1617943
QUB,20170419,2.58,2.58,2.545,2.56,2256234
QUB,20170420,2.55,2.59,2.545,2.59,2133514
QUB,20170421,2.6,2.6,2.56,2.58,1722057
QUB,20170424,2.59,2.63,2.58,2.62,2001831
QUB,20170426,2.65,2.66,2.61,2.63,3312419
QUB,20170427,2.65,2.65,2.61,2.64,1681764
QUB,20170428,2.65,2.65,2.62,2.63,3058152
QUB,20170501,2.61,2.64,2.61,2.64,2091244
QUB,20170502,2.65,2.66,2.63,2.64,4424077
QUB,20170503,2.66,2.67,2.64,2.65,2173914
QUB,20170504,2.66,2.67,2.645,2.67,1914792
QUB,20170505,2.66,2.67,2.64,2.64,2356578
QUB,20170508,2.67,2.69,2.65,2.66,3399226
QUB,20170509,2.67,2.69,2.65,2.66,4030937
QUB,20170510,2.68,2.68,2.64,2.66,2767027
QUB,20170511,2.66,2.68,2.63,2.64,2954009
QUB,20170512,2.63,2.71,2.63,2.68,3538078
QUB,20170515,2.65,2.655,2.61,2.62,2497883
QUB,20170516,2.64,2.71,2.62,2.63,3294370
QUB,20170517,2.63,2.65,2.595,2.6,2246689
QUB,20170518,2.57,2.62,2.535,2.62,3507647
QUB,20170519,2.58,2.59,2.53,2.58,4516588
QUB,20170522,2.59,2.6,2.56,2.58,2413163
QUB,20170523,2.61,2.63,2.57,2.58,1516367
QUB,20170524,2.62,2.66,2.605,2.65,2266550
QUB,20170525,2.69,2.69,2.64,2.65,1724898
QUB,20170526,2.67,2.69,2.63,2.65,1887467
QUB,20170529,2.64,2.68,2.63,2.63,1443052
QUB,20170530,2.64,2.655,2.6,2.64,1931743
QUB,20170531,0,0,0,2.64,923
QUB,20170601,2.64,2.64,2.64,2.64,0
QUB,20170602,2.5,2.69,2.49,2.66,10885336
QUB,20170605,2.67,2.67,2.64,2.64,4354372
QUB,20170606,2.65,2.66,2.58,2.6,3853163
QUB,20170607,2.61,2.61,2.56,2.61,3566473
QUB,20170608,2.6,2.635,2.58,2.61,3323397
QUB,20170609,2.61,2.69,2.6,2.68,3709725
QUB,20170613,2.7,2.72,2.65,2.71,4269723
QUB,20170614,2.71,2.775,2.71,2.76,3762091
QUB,20170615,2.71,2.74,2.69,2.7,8971042
QUB,20170616,2.69,2.72,2.66,2.66,6441381
QUB,20170619,2.67,2.71,2.66,2.7,3490386
QUB,20170620,2.71,2.74,2.69,2.69,3493142
QUB,20170621,2.67,2.685,2.635,2.66,3770174
QUB,20170622,2.67,2.71,2.67,2.68,3854793
QUB,20170623,2.69,2.71,2.645,2.67,3406645
QUB,20170626,2.7,2.71,2.64,2.66,2681678
QUB,20170627,2.65,2.65,2.6,2.64,3187213
QUB,20170628,2.66,2.675,2.62,2.66,3943100
QUB,20170629,2.69,2.69,2.66,2.68,6470816
QUB,20170630,2.65,2.68,2.62,2.63,5408555
QUB,20170703,2.66,2.66,2.61,2.62,3695023
QUB,20170704,2.63,2.68,2.62,2.66,4443844
QUB,20170705,2.67,2.72,2.66,2.7,3638047
QUB,20170706,2.72,2.725,2.665,2.68,3128049
QUB,20170707,2.65,2.66,2.62,2.64,3256197
QUB,20170710,2.66,2.68,2.605,2.62,3974525
QUB,20170711,2.6,2.66,2.585,2.63,3403302
QUB,20170712,2.62,2.63,2.58,2.6,3816639
QUB,20170713,2.62,2.64,2.595,2.62,3038988
QUB,20170714,2.63,2.68,2.61,2.65,2913189
QUB,20170717,2.64,2.67,2.63,2.64,2278639
QUB,20170718,2.66,2.665,2.62,2.64,3558955
QUB,20170719,2.65,2.68,2.61,2.67,4813857
QUB,20170720,2.67,2.7,2.66,2.68,2650409
QUB,20170721,2.66,2.67,2.62,2.64,2051151
QUB,20170724,2.63,2.655,2.61,2.64,2380198
QUB,20170725,2.66,2.69,2.66,2.68,3168738
QUB,20170726,2.7,2.71,2.67,2.68,2987051
QUB,20170727,2.68,2.705,2.67,2.67,1394096
QUB,20170728,2.65,2.66,2.62,2.64,3227070
QUB,20170731,2.64,2.695,2.62,2.66,2371019
QUB,20170801,2.65,2.67,2.64,2.65,2506094
QUB,20170802,2.68,2.68,2.65,2.66,2312272
QUB,20170803,2.67,2.69,2.655,2.67,2763750
QUB,20170804,2.69,2.71,2.68,2.68,2641626
QUB,20170807,2.72,2.74,2.705,2.71,1708662
QUB,20170808,2.72,2.73,2.68,2.69,2124747
QUB,20170809,2.68,2.71,2.66,2.67,4982303
QUB,20170810,2.68,2.705,2.64,2.65,3365248
QUB,20170811,2.63,2.65,2.61,2.63,2659619
QUB,20170815,2.67,2.695,2.65,2.67,1717384
QUB,20170816,2.68,2.69,2.67,2.68,2282360
QUB,20170817,2.7,2.73,2.69,2.71,3426832
QUB,20170818,2.67,2.71,2.67,2.69,3041773
QUB,20170821,2.68,2.69,2.66,2.67,1747473
QUB,20170822,2.68,2.72,2.675,2.69,2396232
QUB,20170823,2.75,2.83,2.72,2.78,5909236
QUB,20170824,2.7,2.72,2.58,2.59,14115536
QUB,20170825,2.59,2.59,2.46,2.5,11023987
QUB,20170828,2.51,2.53,2.465,2.5,4849078
QUB,20170829,2.51,2.52,2.46,2.49,4282319
QUB,20170830,2.51,2.52,2.48,2.49,2983796
QUB,20170831,2.5,2.55,2.48,2.52,3759814
QUB,20170901,2.52,2.56,2.52,2.54,3893199
QUB,20170904,2.55,2.57,2.525,2.55,1402487
QUB,20170905,2.57,2.57,2.5,2.52,2884145
QUB,20170906,2.52,2.57,2.51,2.52,1827521
QUB,20170907,2.56,2.58,2.51,2.53,3481866
QUB,20170908,2.54,2.55,2.5,2.51,2086162
QUB,20170911,2.52,2.555,2.51,2.52,2134292
QUB,20170912,2.54,2.54,2.5,2.5,2467657
QUB,20170913,2.53,2.54,2.51,2.51,1684038
QUB,20170914,2.53,2.53,2.5,2.51,1412026
QUB,20170915,2.5,2.56,2.5,2.56,8080180
QUB,20170918,2.55,2.58,2.53,2.57,1344532
QUB,20170919,2.58,2.6,2.57,2.57,1462223
QUB,20170920,2.57,2.59,2.55,2.57,1717296
QUB,20170921,2.53,2.54,2.48,2.49,4014404
QUB,20170922,2.51,2.53,2.46,2.47,2137992
QUB,20170925,2.47,2.495,2.45,2.45,1908401
QUB,20170926,2.46,2.48,2.45,2.46,2320401
QUB,20170927,2.47,2.47,2.44,2.46,1494940
QUB,20170928,2.47,2.48,2.45,2.46,2455605
QUB,20170929,2.46,2.48,2.44,2.47,2471928
QUB,20171002,2.48,2.53,2.48,2.5,1857066
QUB,20171003,2.51,2.515,2.49,2.5,2297949
QUB,20171004,2.5,2.52,2.44,2.45,2531295
QUB,20171005,2.46,2.47,2.43,2.45,1309882
QUB,20171006,2.47,2.47,2.45,2.46,1181986
QUB,20171009,2.45,2.52,2.45,2.49,2856061
QUB,20171010,2.5,2.5,2.48,2.48,1467463
QUB,20171011,2.48,2.5,2.475,2.49,1548531
QUB,20171012,2.49,2.51,2.48,2.5,1343743
QUB,20171013,2.5,2.53,2.5,2.51,1509864
QUB,20171016,2.52,2.55,2.51,2.52,1716980
QUB,20171017,2.53,2.54,2.51,2.53,1613560
QUB,20171018,2.54,2.54,2.51,2.52,1921181
QUB,20171019,2.53,2.55,2.52,2.53,3398034
QUB,20171020,2.53,2.54,2.5,2.51,1832874
QUB,20171023,2.52,2.545,2.51,2.53,1832857
QUB,20171024,2.54,2.545,2.52,2.53,2015448
QUB,20171025,2.52,2.55,2.52,2.53,2057054
QUB,20171026,2.54,2.555,2.53,2.55,1887681
QUB,20171027,2.56,2.58,2.53,2.56,1251241
QUB,20171030,2.58,2.595,2.56,2.57,2757374
QUB,20171031,2.58,2.585,2.56,2.57,3116854
QUB,20171101,2.58,2.58,2.56,2.57,1425055
QUB,20171102,2.58,2.595,2.57,2.58,2773826
QUB,20171103,2.59,2.6,2.57,2.58,1519680
QUB,20171106,2.59,2.59,2.58,2.59,1510191
QUB,20171107,2.59,2.6,2.57,2.6,1839374
QUB,20171108,2.6,2.61,2.59,2.61,1704110
QUB,20171109,2.61,2.63,2.605,2.63,1831542
QUB,20171110,2.61,2.63,2.605,2.63,1831542
QUB,20171113,2.64,2.64,2.6,2.62,1600969
QUB,20171114,2.6,2.63,2.59,2.61,2622553
QUB,20171115,2.6,2.61,2.575,2.58,2433730
QUB,20171116,2.59,2.61,2.59,2.59,2156433
QUB,20171117,2.6,2.63,2.6,2.61,1676092
QUB,20171120,2.6,2.61,2.58,2.61,1701364
QUB,20171121,2.62,2.63,2.6,2.63,2723397
QUB,20171122,2.59,2.61,2.525,2.54,5066174
QUB,20171123,2.56,2.56,2.52,2.56,3444164
QUB,20171124,2.57,2.57,2.54,2.57,1725688
QUB,20171127,2.57,2.6,2.56,2.56,2539820
QUB,20171128,2.56,2.58,2.55,2.57,3872463
QUB,20171129,2.57,2.58,2.55,2.58,2795561
QUB,20171130,2.59,2.64,2.58,2.64,10663842
QUB,20171201,2.65,2.68,2.61,2.63,2492340
QUB,20171204,2.66,2.68,2.63,2.65,2053119
QUB,20171205,2.69,2.7,2.66,2.69,3095986
QUB,20171206,2.68,2.685,2.65,2.65,4242751
QUB,20171207,2.65,2.66,2.61,2.64,3306855
QUB,20171208,2.65,2.65,2.61,2.62,2495634
QUB,20171211,2.62,2.63,2.6,2.62,1756980
QUB,20171212,2.63,2.63,2.59,2.6,2378696
QUB,20171213,2.6,2.6,2.56,2.6,3291381
QUB,20171214,2.6,2.61,2.58,2.59,1999116
QUB,20171215,2.59,2.59,2.555,2.57,2013695
QUB,20171218,2.57,2.59,2.55,2.59,1658754
QUB,20171219,2.6,2.62,2.56,2.56,3206017
QUB,20171220,2.56,2.57,2.54,2.56,3498574
QUB,20171221,2.54,2.585,2.53,2.57,4018754
QUB,20171222,2.6,2.615,2.59,2.59,1740677
QUB,20171227,2.6,2.62,2.595,2.6,1090553
QUB,20171228,2.61,2.63,2.585,2.63,1633883
QUB,20171229,2.62,2.625,2.59,2.59,1367918
QUB,20180102,2.59,2.61,2.56,2.56,1538345
QUB,20180103,2.56,2.57,2.54,2.55,1851224
QUB,20180104,2.58,2.58,2.55,2.57,1777529
QUB,20180105,2.56,2.58,2.53,2.54,2849211
QUB,20180108,2.55,2.56,2.52,2.53,2498548
QUB,20180109,2.55,2.56,2.515,2.52,3902902
QUB,20180110,2.52,2.54,2.52,2.53,4466643
QUB,20180111,2.53,2.53,2.51,2.52,4839611
QUB,20180112,2.52,2.53,2.51,2.52,3835186
QUB,20180115,2.54,2.55,2.525,2.54,2347462
QUB,20180116,2.53,2.54,2.51,2.53,2261123
QUB,20180117,2.52,2.55,2.52,2.54,1847738
QUB,20180118,2.55,2.58,2.525,2.58,3000603
QUB,20180119,2.57,2.61,2.55,2.61,2745641
QUB,20180122,2.61,2.63,2.59,2.62,2434996
QUB,20180123,2.63,2.63,2.57,2.6,2806780
QUB,20180124,2.59,2.6,2.56,2.57,2376077
QUB,20180125,2.55,2.565,2.52,2.54,2707448
QUB,20180129,2.53,2.6,2.53,2.59,2182709
QUB,20180130,2.57,2.575,2.54,2.56,1419560
QUB,20180131,2.54,2.58,2.52,2.57,3209994
QUB,20180201,2.57,2.6,2.55,2.58,3427383
QUB,20180202,2.54,2.57,2.53,2.54,2572804
QUB,20180205,2.53,2.54,2.49,2.5,2586982
QUB,20180207,2.49,2.49,2.43,2.46,3309148
QUB,20180208,2.47,2.49,2.45,2.49,2362895
QUB,20180209,2.45,2.48,2.44,2.47,2548124
QUB,20180212,2.46,2.48,2.43,2.45,2191078
QUB,20180213,2.44,2.47,2.4,2.45,2476216
QUB,20180214,2.44,2.46,2.43,2.45,1311517
QUB,20180215,2.47,2.48,2.42,2.45,1793872
QUB,20180216,2.47,2.49,2.46,2.46,1219721
QUB,20180219,2.46,2.52,2.46,2.51,1319597
QUB,20180220,2.49,2.54,2.48,2.54,2216411
QUB,20180221,2.53,2.54,2.5,2.51,2061027
QUB,20180222,2.5,2.5,2.35,2.43,7426404
QUB,20180223,2.43,2.455,2.42,2.45,1903310
QUB,20180226,2.48,2.49,2.44,2.45,2766419
QUB,20180227,2.47,2.51,2.46,2.5,3160884
QUB,20180228,2.5,2.52,2.48,2.48,3115604
QUB,20180301,2.47,2.48,2.45,2.46,2180631
QUB,20180302,2.45,2.45,2.42,2.42,2770319
QUB,20180305,2.41,2.42,2.36,2.37,2508437
QUB,20180306,2.4,2.41,2.37,2.39,1961194
QUB,20180307,2.36,2.37,2.3,2.3,3919442
QUB,20180308,2.32,2.38,2.32,2.35,2709150
QUB,20180309,2.38,2.38,2.34,2.35,1886999
QUB,20180312,2.36,2.38,2.35,2.37,2122198
QUB,20180313,2.36,2.36,2.3,2.32,3607976
QUB,20180314,2.32,2.34,2.28,2.3,2878016
QUB,20180315,2.26,2.31,2.26,2.3,3480248
QUB,20180316,2.3,2.32,2.3,2.3,2686304
QUB,20180319,2.3,2.32,2.29,2.3,1656568
QUB,20180320,2.3,2.31,2.27,2.3,1350977
QUB,20180321,2.31,2.31,2.28,2.29,2508115
QUB,20180322,2.28,2.295,2.25,2.28,1543114
QUB,20180323,2.25,2.29,2.24,2.25,2974384
QUB,20180326,2.24,2.245,2.2,2.22,2980901
QUB,20180327,2.26,2.26,2.205,2.24,3556956
QUB,20180328,2.22,2.24,2.21,2.21,2435435
QUB,20180329,2.21,2.23,2.165,2.18,3274521
QUB,20180403,2.18,2.195,2.18,2.18,3964055
QUB,20180404,2.19,2.19,2.15,2.17,3059787
QUB,20180405,2.18,2.23,2.18,2.22,2799129
QUB,20180406,2.21,2.22,2.19,2.2,2332865
QUB,20180409,2.19,2.24,2.17,2.23,2849261
QUB,20180410,2.23,2.25,2.2,2.25,2960553
QUB,20180411,2.23,2.24,2.22,2.23,1884477
QUB,20180412,2.22,2.25,2.21,2.21,2610137
QUB,20180413,2.22,2.23,2.2,2.21,1361001
QUB,20180416,2.21,2.24,2.2,2.22,2677348
QUB,20180417,2.22,2.24,2.21,2.23,1124968
QUB,20180418,2.24,2.24,2.22,2.24,1745263
QUB,20180419,2.25,2.26,2.23,2.24,2066484
QUB,20180420,2.24,2.25,2.22,2.23,2569061
QUB,20180423,2.23,2.25,2.22,2.25,3349299
QUB,20180424,2.26,2.27,2.23,2.25,1968681
QUB,20180426,2.26,2.27,2.23,2.26,2652856
QUB,20180427,2.27,2.29,2.26,2.28,2036985
QUB,20180430,2.29,2.31,2.28,2.3,1585356
QUB,20180501,2.29,2.3,2.28,2.3,1527265
QUB,20180502,2.31,2.33,2.28,2.3,3560844
QUB,20180503,2.33,2.36,2.32,2.34,2863922
QUB,20180504,2.35,2.35,2.32,2.33,1292206
QUB,20180507,2.34,2.34,2.31,2.33,2356443
QUB,20180508,2.34,2.365,2.34,2.35,2716329
QUB,20180509,2.36,2.4,2.355,2.38,2761156
QUB,20180510,2.39,2.435,2.39,2.42,4310854
QUB,20180511,2.42,2.42,2.38,2.41,3438795
QUB,20180514,2.41,2.42,2.39,2.41,3434726
QUB,20180515,2.4,2.41,2.39,2.4,4220014
QUB,20180516,2.39,2.39,2.34,2.37,10197764
QUB,20180517,2.35,2.36,2.29,2.31,3130743
QUB,20180518,2.33,2.33,2.29,2.3,1438147
QUB,20180521,2.29,2.32,2.29,2.3,1985407
QUB,20180522,2.31,2.31,2.295,2.31,1784615
QUB,20180523,2.31,2.36,2.3,2.35,3029445
QUB,20180524,2.34,2.345,2.3,2.32,1678653
QUB,20180525,2.3,2.33,2.29,2.31,1114562
QUB,20180528,2.31,2.33,2.3,2.32,1550231
QUB,20180529,2.32,2.35,2.3,2.34,1885104
QUB,20180530,2.33,2.35,2.31,2.33,3165450
QUB,20180531,2.33,2.34,2.31,2.34,4231652
QUB,20180601,2.32,2.32,2.3,2.31,2063782
QUB,20180604,2.32,2.335,2.29,2.29,3984848
QUB,20180605,2.29,2.32,2.28,2.3,3759443
QUB,20180606,2.31,2.315,2.27,2.29,4051718
QUB,20180607,2.27,2.32,2.27,2.32,3577363
QUB,20180608,2.32,2.33,2.31,2.33,2104407
QUB,20180612,2.32,2.37,2.32,2.36,4331647
QUB,20180613,2.37,2.43,2.34,2.36,3526049
QUB,20180614,2.36,2.385,2.35,2.35,9208948
QUB,20180615,2.37,2.395,2.35,2.35,4778164
QUB,20180618,2.36,2.4,2.355,2.39,2638616
QUB,20180619,2.38,2.41,2.38,2.39,2063102
QUB,20180620,2.39,2.41,2.385,2.41,2143697
QUB,20180621,2.49,2.49,2.42,2.46,4549741
QUB,20180622,2.47,2.48,2.45,2.47,3696925
QUB,20180625,2.47,2.48,2.44,2.46,2164514
QUB,20180626,2.45,2.49,2.44,2.48,3006379
QUB,20180627,2.47,2.48,2.44,2.46,3554090
QUB,20180628,2.45,2.47,2.43,2.45,3023597
QUB,20180629,2.45,2.48,2.39,2.41,4846518
QUB,20180702,2.41,2.44,2.4,2.41,2653692
QUB,20180703,2.41,2.45,2.39,2.43,1889146
QUB,20180704,2.42,2.44,2.38,2.39,2068939
QUB,20180705,2.4,2.41,2.38,2.41,1936901
QUB,20180706,2.43,2.45,2.41,2.45,3156252
QUB,20180710,2.45,2.47,2.44,2.45,1913790
QUB,20180711,2.46,2.47,2.44,2.44,2323034
QUB,20180712,2.43,2.48,2.43,2.47,2219663
QUB,20180713,2.45,2.47,2.42,2.45,2101005
QUB,20180716,2.44,2.48,2.42,2.48,1538829
QUB,20180717,2.47,2.48,2.46,2.48,2373691
QUB,20180718,2.48,2.5,2.47,2.5,4112683
QUB,20180719,2.51,2.52,2.5,2.5,3079294
QUB,20180720,2.49,2.53,2.49,2.53,1308238
QUB,20180723,2.53,2.54,2.49,2.53,2152803
QUB,20180724,2.53,2.54,2.5,2.53,2235950
QUB,20180725,2.5,2.51,2.46,2.48,2866268
QUB,20180726,2.49,2.52,2.46,2.51,4375905
QUB,20180727,2.53,2.56,2.53,2.56,1985207
QUB,20180730,2.56,2.59,2.535,2.57,1562703
QUB,20180731,2.56,2.6,2.55,2.59,2117512
QUB,20180801,2.59,2.6,2.56,2.58,2323433
QUB,20180802,2.58,2.58,2.56,2.57,1859264
QUB,20180803,2.58,2.6,2.57,2.58,1913700
QUB,20180806,2.58,2.585,2.56,2.58,1865416
QUB,20180807,2.57,2.58,2.55,2.57,2581771
QUB,20180808,2.55,2.56,2.52,2.52,2196977
QUB,20180809,2.52,2.575,2.52,2.56,1580847
QUB,20180810,2.57,2.57,2.53,2.55,1302728
QUB,20180813,2.54,2.56,2.52,2.55,1162393
QUB,20180814,2.55,2.57,2.53,2.57,1921539
QUB,20180816,2.57,2.59,2.56,2.58,2098396
QUB,20180817,2.57,2.6,2.54,2.54,3091169
QUB,20180820,2.55,2.57,2.53,2.54,2639430
QUB,20180821,2.55,2.56,2.52,2.53,1744724
QUB,20180822,2.54,2.55,2.52,2.54,2492846
QUB,20180823,2.58,2.89,2.58,2.76,8871531
QUB,20180824,2.7,2.84,2.63,2.76,8000651
QUB,20180827,2.71,2.77,2.7,2.72,4697440
QUB,20180828,2.72,2.8,2.72,2.78,3868144
QUB,20180829,2.8,2.81,2.76,2.8,3525198
QUB,20180830,2.79,2.79,2.72,2.73,4172428
QUB,20180831,2.72,2.76,2.7,2.76,2862886
QUB,20180903,2.74,2.77,2.72,2.76,1772101
QUB,20180904,2.76,2.76,2.735,2.75,2532717
QUB,20180905,2.75,2.77,2.72,2.75,1658262
QUB,20180906,2.73,2.745,2.7,2.73,3252051
QUB,20180907,2.7,2.705,2.665,2.7,1430959
QUB,20180910,2.69,2.7,2.67,2.69,2326259
QUB,20180913,2.7,2.725,2.68,2.71,1967733
QUB,20180914,2.71,2.73,2.7,2.72,2248868
QUB,20180917,2.71,2.76,2.685,2.76,2893790
QUB,20180918,2.7,2.71,2.66,2.69,2055441
QUB,20180919,2.69,2.7,2.64,2.66,3086927
QUB,20180920,2.61,2.63,2.56,2.57,5306415
QUB,20180921,2.57,2.61,2.56,2.59,10121480
QUB,20180924,2.6,2.64,2.54,2.59,4305055
QUB,20180925,2.59,2.61,2.55,2.58,2150795
QUB,20180926,2.6,2.715,2.59,2.69,4945391
QUB,20180927,2.69,2.76,2.68,2.7,5262234
QUB,20180928,2.72,2.75,2.7,2.73,7490849
QUB,20181001,2.71,2.73,2.7,2.7,1344865
QUB,20181002,2.71,2.72,2.66,2.67,2547031
QUB,20181003,2.66,2.7,2.65,2.69,1211876
QUB,20181004,2.68,2.71,2.67,2.68,1411766
QUB,20181005,2.66,2.67,2.65,2.66,1489684
QUB,20181008,2.65,2.67,2.62,2.62,1596123
QUB,20181009,2.61,2.62,2.565,2.6,1709350
QUB,20181010,2.59,2.59,2.53,2.57,3154341
QUB,20181011,2.52,2.56,2.49,2.5,2517478
QUB,20181012,2.47,2.52,2.47,2.5,2608985
QUB,20181015,2.45,2.47,2.41,2.45,3144572
QUB,20181016,2.46,2.465,2.44,2.45,1697909
QUB,20181017,2.46,2.48,2.45,2.48,1924674
QUB,20181018,2.45,2.5,2.44,2.5,2239774
QUB,20181019,2.47,2.5,2.46,2.47,1598946
QUB,20181022,2.45,2.46,2.42,2.44,2003430
QUB,20181023,2.43,2.45,2.4,2.41,1290764
QUB,20181024,2.42,2.435,2.39,2.41,1830881
QUB,20181025,2.36,2.39,2.35,2.35,2285804
QUB,20181026,2.34,2.37,2.32,2.35,4283972
QUB,20181030,2.33,2.4,2.33,2.4,2017071
QUB,20181031,2.4,2.45,2.38,2.45,3801394
QUB,20181101,2.42,2.45,2.41,2.44,2324221
QUB,20181102,2.41,2.46,2.41,2.45,7872986
QUB,20181105,2.48,2.5,2.455,2.49,2688827
QUB,20181106,2.48,2.49,2.46,2.49,1206636
QUB,20181107,2.48,2.52,2.46,2.5,3050470
QUB,20181108,2.5,2.56,2.5,2.55,2466592
QUB,20181109,2.52,2.57,2.51,2.57,2675202
QUB,20181112,2.55,2.6,2.55,2.6,1949965
QUB,20181113,2.56,2.585,2.545,2.55,3319536
QUB,20181114,2.56,2.56,2.52,2.54,3297849
QUB,20181115,2.53,2.575,2.52,2.56,3010298
QUB,20181116,2.54,2.59,2.53,2.57,1854770
QUB,20181119,2.56,2.58,2.54,2.56,5148840
QUB,20181120,2.53,2.55,2.51,2.53,4506321
QUB,20181121,2.52,2.54,2.45,2.52,2401274
QUB,20181122,2.48,2.58,2.48,2.58,2644960
QUB,20181123,2.58,2.68,2.57,2.66,5917556
QUB,20181126,2.65,2.67,2.61,2.64,3131538
QUB,20181127,2.65,2.685,2.605,2.67,4733850
QUB,20181128,2.68,2.69,2.66,2.68,3983890
QUB,20181129,2.7,2.72,2.68,2.68,4887355
QUB,20181130,2.68,2.7,2.64,2.67,4554540
QUB,20181203,2.67,2.71,2.665,2.69,3328246
QUB,20181204,2.69,2.72,2.67,2.68,3228715
QUB,20181205,2.62,2.68,2.605,2.67,2568246
QUB,20181206,2.66,2.68,2.645,2.67,1836853
QUB,20181207,2.67,2.7,2.63,2.65,3513345
QUB,20181210,2.63,2.64,2.58,2.59,3487176
QUB,20181211,2.58,2.63,2.575,2.63,2355746
QUB,20181212,2.62,2.64,2.59,2.61,2794076
QUB,20181213,2.59,2.615,2.58,2.58,1659300
QUB,20181214,2.54,2.58,2.52,2.56,2285337
QUB,20181217,2.54,2.62,2.54,2.61,2491628
QUB,20181218,2.59,2.6,2.54,2.56,2226058
QUB,20181219,2.53,2.56,2.52,2.56,2737805
QUB,20181220,2.53,2.56,2.52,2.52,5788722
QUB,20181221,2.53,2.53,2.455,2.48,4117619
QUB,20181224,2.45,2.5,2.45,2.49,863027
QUB,20181227,2.5,2.55,2.5,2.55,1780209
QUB,20181228,2.55,2.6,2.55,2.58,1367775
QUB,20181231,2.59,2.61,2.5,2.54,1290494
QUB,20190102,2.52,2.58,2.51,2.51,1512718
QUB,20190103,2.51,2.57,2.51,2.55,1798528
QUB,20190104,2.51,2.51,2.47,2.48,2016566
QUB,20190107,2.49,2.57,2.49,2.55,2008275
QUB,20190108,2.54,2.61,2.53,2.6,2212996
QUB,20190109,2.59,2.62,2.585,2.61,1996827
QUB,20190110,2.62,2.68,2.61,2.66,2531367
QUB,20190111,2.67,2.68,2.59,2.6,1964020
QUB,20190114,2.6,2.645,2.6,2.62,1269244
QUB,20190115,2.6,2.64,2.6,2.63,1424100
QUB,20190116,2.63,2.66,2.625,2.65,1515673
QUB,20190117,2.64,2.66,2.615,2.63,1546309
QUB,20190118,2.64,2.65,2.63,2.63,1924208
QUB,20190121,2.63,2.7,2.63,2.69,2324186
QUB,20190122,2.68,2.7,2.66,2.68,1528753
QUB,20190123,2.67,2.7,2.65,2.67,1677812
QUB,20190124,2.68,2.685,2.635,2.66,2197005
QUB,20190125,2.67,2.71,2.65,2.68,2074905
QUB,20190129,2.67,2.69,2.66,2.66,1957325
QUB,20190130,2.66,2.67,2.64,2.67,2005820
QUB,20190131,2.68,2.72,2.67,2.69,2903323
QUB,20190201,2.69,2.73,2.68,2.7,3155145
QUB,20190204,2.68,2.71,2.675,2.69,4510418
QUB,20190205,2.71,2.76,2.695,2.73,5567128
QUB,20190206,2.74,2.81,2.74,2.79,2045016
QUB,20190207,2.8,2.85,2.8,2.85,2196221
QUB,20190208,2.84,2.85,2.82,2.84,2635849
QUB,20190211,2.84,2.85,2.83,2.85,1710938
QUB,20190212,2.83,2.835,2.79,2.83,4666069
QUB,20190213,2.83,2.85,2.82,2.83,4164625
QUB,20190214,2.8,2.82,2.76,2.77,4719794
QUB,20190215,2.78,2.81,2.775,2.8,2805404
QUB,20190218,2.82,2.84,2.81,2.83,2595056
QUB,20190219,2.83,2.84,2.81,2.82,3020564
QUB,20190220,2.81,2.83,2.805,2.81,4641425
QUB,20190221,2.77,2.88,2.77,2.86,4090916
QUB,20190222,2.85,2.87,2.81,2.86,4948365
QUB,20190225,2.82,2.83,2.79,2.83,4178344
QUB,20190226,2.8,2.82,2.78,2.8,3196407
QUB,20190227,2.8,2.81,2.77,2.79,2404868
QUB,20190228,2.8,2.81,2.77,2.78,3549170
QUB,20190301,2.79,2.825,2.78,2.8,3398570
QUB,20190304,2.82,2.835,2.78,2.79,2356313
QUB,20190305,2.78,2.79,2.73,2.74,4655260
QUB,20190306,2.71,2.72,2.66,2.68,4688121
QUB,20190307,2.7,2.71,2.67,2.71,22193541
QUB,20190308,2.7,2.74,2.685,2.69,4620991
QUB,20190311,2.69,2.74,2.69,2.73,2396710
QUB,20190312,2.75,2.78,2.75,2.77,3412673
QUB,20190313,2.75,2.78,2.745,2.75,4125547
QUB,20190314,2.76,2.77,2.72,2.75,1878058
QUB,20190315,2.76,2.795,2.74,2.74,19128946
QUB,20190318,2.75,2.775,2.73,2.75,3917555
QUB,20190319,2.75,2.77,2.73,2.74,2702770
QUB,20190320,2.74,2.75,2.71,2.74,3223814
QUB,20190321,2.74,2.75,2.71,2.75,6865831
QUB,20190322,2.76,2.785,2.74,2.76,1984721
QUB,20190325,2.76,2.775,2.72,2.76,2744208
QUB,20190326,2.77,2.78,2.75,2.76,2885321
QUB,20190327,2.78,2.81,2.77,2.79,7393056
QUB,20190328,2.79,2.81,2.76,2.8,3053926
QUB,20190329,2.81,2.86,2.79,2.8,5667927
QUB,20190401,2.79,2.845,2.79,2.79,5510423
QUB,20190402,2.8,2.835,2.78,2.79,4159751
QUB,20190403,2.76,2.8,2.75,2.8,3441506
QUB,20190404,2.78,2.79,2.77,2.78,3453464
QUB,20190405,2.77,2.785,2.74,2.77,5085708
QUB,20190408,2.78,2.8,2.77,2.8,1935177
QUB,20190409,2.79,2.8,2.765,2.78,2395032
QUB,20190410,2.77,2.82,2.76,2.81,3407986
QUB,20190411,2.8,2.84,2.78,2.83,3265203
QUB,20190412,2.84,2.85,2.79,2.83,3576651
QUB,20190415,2.83,2.83,2.8,2.82,1967989
QUB,20190416,2.82,2.86,2.81,2.83,3481350
QUB,20190417,2.84,2.86,2.82,2.86,2632420
QUB,20190418,2.89,2.89,2.82,2.85,2375571
QUB,20190423,2.88,2.88,2.82,2.84,2630789
QUB,20190424,2.86,2.86,2.82,2.84,3981232
QUB,20190426,2.86,2.89,2.82,2.86,4724899
QUB,20190429,2.88,2.89,2.81,2.83,2667822
QUB,20190430,2.83,2.83,2.81,2.83,2917604
QUB,20190501,2.85,2.89,2.845,2.88,1766229
QUB,20190502,2.88,2.89,2.86,2.87,3110777
QUB,20190503,2.87,2.88,2.86,2.87,1834595
QUB,20190506,2.85,2.87,2.795,2.81,1769404
QUB,20190507,2.81,2.845,2.81,2.82,1298376
QUB,20190508,2.79,2.81,2.78,2.8,1598846
QUB,20190509,2.8,2.84,2.8,2.83,1569031
QUB,20190510,2.85,2.89,2.84,2.88,2488551
QUB,20190513,2.89,2.91,2.87,2.88,3594227
QUB,20190514,2.85,2.88,2.84,2.87,2407957
QUB,20190515,2.85,2.875,2.84,2.87,2068613
QUB,20190516,2.86,2.89,2.85,2.88,2975211
QUB,20190517,2.89,2.92,2.85,2.88,2605189
QUB,20190520,2.88,2.88,2.83,2.83,1699140
QUB,20190521,2.78,2.835,2.77,2.83,1687655
QUB,20190522,2.84,2.855,2.815,2.82,1606787
QUB,20190523,2.82,2.85,2.82,2.83,1841218
QUB,20190524,2.84,2.85,2.81,2.84,2798263
QUB,20190527,2.86,2.86,2.83,2.84,1249287
QUB,20190528,2.84,2.87,2.83,2.84,3771429
QUB,20190529,2.83,2.83,2.785,2.82,1760222
QUB,20190530,2.8,2.82,2.8,2.82,2128886
QUB,20190531,2.81,2.83,2.78,2.82,1909401
QUB,20190603,2.82,2.83,2.79,2.81,1836918
QUB,20190604,2.81,2.83,2.8,2.81,4498455
QUB,20190605,2.81,2.84,2.78,2.79,2642633
QUB,20190606,2.79,2.83,2.79,2.81,2091712
QUB,20190607,2.83,2.85,2.81,2.85,2088968
QUB,20190611,2.85,2.89,2.85,2.89,3442046
QUB,20190612,2.9,2.94,2.9,2.92,2564264
QUB,20190613,2.94,2.96,2.93,2.94,5260759
QUB,20190614,2.97,2.985,2.92,2.94,4216584
QUB,20190617,2.95,3,2.95,2.98,2277254
QUB,20190618,3,3.06,3,3.04,6523486
QUB,20190619,3.07,3.11,3.055,3.1,3316217
QUB,20190620,3.1,3.13,3.1,3.11,5785716
QUB,20190621,3.13,3.14,3.05,3.09,9320612
QUB,20190624,3.06,3.09,3.04,3.07,5538005
QUB,20190625,3.05,3.065,3.04,3.05,7893187
QUB,20190626,3.02,3.055,3.015,3.04,2931661
QUB,20190627,3,3.04,2.99,3.03,3317909
QUB,20190628,3.04,3.06,3.02,3.04,2932053
QUB,20190701,3.08,3.09,3.02,3.06,1964429
QUB,20190702,3.06,3.06,3.01,3.04,2884608
QUB,20190703,3.03,3.08,3.03,3.08,2065169
QUB,20190704,3.09,3.12,3.08,3.1,2271259
QUB,20190705,3.09,3.13,3.085,3.12,2450322
QUB,20190708,3.13,3.16,3.06,3.1,4238043
QUB,20190709,3.09,3.09,3.04,3.06,2798326
QUB,20190710,3.08,3.095,3.06,3.08,6234650
QUB,20190711,3.08,3.1,3.06,3.09,5264760
QUB,20190712,3.09,3.11,3.07,3.1,1579196
QUB,20190715,3.07,3.1,3.06,3.07,1897743
QUB,20190716,3.06,3.08,3.05,3.06,1924968
QUB,20190717,3.04,3.105,3.04,3.09,2060973
QUB,20190718,3.1,3.14,3.095,3.1,2691393
QUB,20190719,3.09,3.13,3.08,3.11,1788889
QUB,20190722,3.11,3.12,3.075,3.09,1746166
QUB,20190723,3.1,3.115,3.07,3.09,7574581
QUB,20190724,3.11,3.13,3.09,3.11,3058608
QUB,20190725,3.14,3.19,3.125,3.19,3015938
QUB,20190726,3.19,3.19,3.14,3.17,5027044
QUB,20190729,3.17,3.2,3.16,3.19,2374141
QUB,20190730,3.21,3.22,3.175,3.18,2487496
QUB,20190731,3.19,3.22,3.16,3.16,3532498
QUB,20190801,3.16,3.19,3.14,3.18,2586093
QUB,20190802,3.17,3.19,3.13,3.16,2105955
QUB,20190805,3.16,3.18,3.08,3.09,2390777
QUB,20190806,3,3.04,2.98,3.02,3436098
QUB,20190807,3.02,3.06,3.01,3.05,2127451
QUB,20190808,3.01,3.07,3,3.07,2306059
QUB,20190809,3.08,3.1,3.05,3.08,2147947
QUB,20190812,3.06,3.1,3.06,3.09,1458689
QUB,20190813,3.07,3.09,3.07,3.08,2372819
QUB,20190814,3.06,3.09,3.06,3.09,2282458
QUB,20190815,3.04,3.06,2.99,2.99,3495616
QUB,20190816,2.98,3.02,2.965,3.02,3203599
QUB,20190819,3.05,3.05,3.01,3.03,1360569
QUB,20190820,3.01,3.07,3.01,3.06,2250411
QUB,20190821,3.03,3.07,3.03,3.05,3502901
QUB,20190822,3.12,3.18,3.08,3.18,4594779
QUB,20190823,3.19,3.3,3.19,3.27,2879496
QUB,20190826,3.21,3.22,3.18,3.2,3556024
QUB,20190827,3.22,3.23,3.18,3.23,2189193
QUB,20190828,3.25,3.25,3.21,3.23,1984533
QUB,20190829,3.21,3.215,3.17,3.19,2232352
QUB,20190830,3.21,3.24,3.185,3.21,3410632
QUB,20190902,3.19,3.23,3.18,3.2,1989416
QUB,20190903,3.19,3.235,3.19,3.21,1379466
QUB,20190904,3.18,3.21,3.14,3.2,2008719
QUB,20190905,3.19,3.25,3.18,3.24,5075190
QUB,20190906,3.25,3.31,3.25,3.31,2891869
QUB,20190909,3.31,3.335,3.3,3.3,2668019
QUB,20190910,3.27,3.3,3.23,3.26,3641621
QUB,20190911,3.27,3.27,3.23,3.25,2379381
QUB,20190912,3.25,3.295,3.25,3.28,3172538
QUB,20190913,3.29,3.34,3.28,3.3,2690884
QUB,20190916,3.23,3.275,3.19,3.19,4363607
QUB,20190917,3.17,3.2,3.16,3.18,4131125
QUB,20190918,3.2,3.22,3.17,3.18,3569873
QUB,20190919,3.19,3.205,3.14,3.16,7822633
QUB,20190920,3.17,3.18,3.15,3.18,14562037
QUB,20190923,3.18,3.18,3.15,3.15,2227145
QUB,20190924,3.17,3.18,3.12,3.16,4142280
QUB,20190925,3.15,3.19,3.14,3.17,5689174
QUB,20190926,3.17,3.19,3.15,3.16,4760703
QUB,20190927,3.18,3.2,3.16,3.18,2213076
QUB,20190930,3.18,3.22,3.16,3.2,7095512
QUB,20191001,3.21,3.24,3.2,3.24,3044065
QUB,20191002,3.2,3.23,3.17,3.22,4104160
QUB,20191003,3.17,3.195,3.145,3.17,5332395
QUB,20191004,3.16,3.2,3.16,3.19,2359848
QUB,20191007,3.17,3.22,3.17,3.21,1662497
QUB,20191008,3.23,3.28,3.22,3.26,2660230
QUB,20191009,3.24,3.29,3.23,3.29,3574944
QUB,20191010,3.29,3.3,3.225,3.25,3997751
QUB,20191011,3.27,3.28,3.215,3.26,3083015
QUB,20191014,3.27,3.33,3.265,3.32,3541817
QUB,20191015,3.31,3.37,3.29,3.35,3928834
QUB,20191016,3.38,3.39,3.31,3.35,6979039
QUB,20191017,3.34,3.34,3.28,3.28,2656867
QUB,20191018,3.26,3.28,3.24,3.26,2566633
QUB,20191021,3.23,3.26,3.225,3.25,1566371
QUB,20191022,3.25,3.28,3.24,3.25,2801563
QUB,20191023,3.25,3.29,3.24,3.29,2123695
QUB,20191024,3.3,3.33,3.3,3.3,1229629
QUB,20191025,3.31,3.32,3.27,3.31,1712712
QUB,20191028,3.3,3.315,3.275,3.3,1220961
QUB,20191029,3.31,3.31,3.28,3.3,2327066
QUB,20191030,3.27,3.27,3.23,3.25,4978761
QUB,20191031,3.25,3.27,3.23,3.25,2158860
QUB,20191101,3.25,3.26,3.23,3.25,3856670
QUB,20191104,3.28,3.305,3.275,3.29,2172467
QUB,20191105,3.32,3.33,3.29,3.3,1223061
QUB,20191106,3.31,3.31,3.22,3.23,2760792
QUB,20191107,3.21,3.24,3.2,3.24,2464955
QUB,20191108,3.23,3.26,3.2,3.21,1582583
QUB,20191111,3.23,3.26,3.22,3.24,1409934
QUB,20191112,3.26,3.3,3.26,3.28,1777665
QUB,20191113,3.28,3.33,3.28,3.31,2271120
QUB,20191114,3.32,3.36,3.31,3.35,2654922
QUB,20191115,3.36,3.4,3.35,3.38,1791517
QUB,20191118,3.39,3.39,3.3,3.32,2225014
QUB,20191119,3.34,3.34,3.27,3.33,4768415
QUB,20191120,3.31,3.31,3.26,3.28,2443404
QUB,20191121,3.27,3.27,3.22,3.25,7845921
QUB,20191122,3.25,3.28,3.25,3.26,2110379
QUB,20191125,3.28,3.3,3.27,3.28,1329254
QUB,20191126,3.3,3.31,3.26,3.29,5327562
QUB,20191127,3.31,3.32,3.275,3.32,6736338
QUB,20191128,3.34,3.36,3.325,3.33,1865944
QUB,20191129,3.35,3.38,3.33,3.36,2567881
QUB,20191202,3.38,3.39,3.36,3.36,1666534
QUB,20191203,3.32,3.32,3.25,3.25,3376017
QUB,20191204,3.21,3.22,3.18,3.19,3238038
QUB,20191205,3.19,3.21,3.17,3.2,1739999
QUB,20191206,3.19,3.21,3.185,3.2,1335674
QUB,20191209,3.23,3.23,3.18,3.2,2212017
QUB,20191210,3.19,3.21,3.18,3.2,2179216
QUB,20191211,3.22,3.26,3.2,3.26,3244703
QUB,20191212,3.28,3.28,3.2,3.21,3250797
QUB,20191213,3.23,3.245,3.2,3.23,3143697
QUB,20191216,3.25,3.34,3.245,3.32,2713021
QUB,20191217,3.37,3.37,3.31,3.33,2225659
QUB,20191218,3.33,3.35,3.3,3.33,2648624
QUB,20191219,3.35,3.37,3.31,3.34,3426740
QUB,20191220,3.33,3.35,3.31,3.33,3546741
QUB,20191223,3.33,3.36,3.31,3.33,1174302
QUB,20191224,3.31,3.33,3.3,3.3,629289
QUB,20191227,3.29,3.33,3.29,3.33,750580
QUB,20191230,3.33,3.36,3.315,3.35,981998
QUB,20191231,3.28,3.3,3.27,3.29,1952301
QUB,20200102,3.27,3.33,3.24,3.3,2079237
QUB,20200103,3.38,3.38,3.35,3.36,1518015
QUB,20200106,3.35,3.36,3.32,3.34,1563357
QUB,20200107,3.35,3.395,3.35,3.39,1171900
QUB,20200108,3.39,3.39,3.31,3.37,2535626
QUB,20200109,3.4,3.45,3.37,3.39,3230220
QUB,20200113,3.54,3.57,3.51,3.53,2199256
QUB,20200114,3.55,3.55,3.48,3.53,2988935
QUB,20200115,3.53,3.55,3.5,3.55,3423214
QUB,20200116,3.61,3.63,3.56,3.59,2413914
QUB,20200117,3.6,3.61,3.55,3.57,4328451
QUB,20200120,3.58,3.62,3.53,3.55,2097033
QUB,20200121,3.55,3.57,3.52,3.57,1855019
QUB,20200122,3.58,3.615,3.565,3.61,2933946
QUB,20200123,3.59,3.595,3.48,3.51,3247068
QUB,20200124,3.54,3.56,3.43,3.47,4196075
QUB,20200128,3.44,3.55,3.42,3.53,3018790
QUB,20200129,3.55,3.57,3.43,3.49,4405155
QUB,20200130,3.48,3.48,3.41,3.44,2737881
QUB,20200203,3.4,3.46,3.4,3.43,2582564
QUB,20200204,3.41,3.44,3.355,3.38,3335192
QUB,20200205,3.39,3.45,3.39,3.44,2567827
QUB,20200210,3.46,3.47,3.42,3.43,1826193
QUB,20200211,3.45,3.48,3.44,3.46,2637928
QUB,20200212,3.46,3.5,3.455,3.49,3508066
QUB,20200213,3.5,3.505,3.47,3.48,2841659
QUB,20200214,3.48,3.53,3.475,3.51,3525797
QUB,20200217,3.5,3.5,3.34,3.38,5678964
QUB,20200218,3.39,3.39,3.32,3.36,2967022
QUB,20200219,3.35,3.4,3.35,3.38,2156172
QUB,20200220,3.39,3.46,3.385,3.4,3737002
QUB,20200221,3.4,3.42,3.38,3.39,2445304
QUB,20200224,3.35,3.35,3.28,3.28,4942143
QUB,20200225,3.04,3.26,2.8,3.21,8107335
QUB,20200226,3.1,3.16,3.03,3.08,8177231
QUB,20200227,3,3.05,2.99,3.01,5988036
QUB,20200228,2.91,2.98,2.9,2.92,5343983
QUB,20200302,2.85,2.92,2.83,2.9,4941219
QUB,20200303,2.92,2.97,2.855,2.86,5835643
QUB,20200304,2.79,2.86,2.77,2.8,5889196
QUB,20200305,2.82,2.88,2.795,2.82,6797199
QUB,20200306,2.77,2.78,2.74,2.74,3395177
QUB,20200309,2.62,2.635,2.5,2.5,7685127
QUB,20200310,2.46,2.72,2.42,2.63,15569118
QUB,20200311,2.52,2.555,2.47,2.47,10604722
QUB,20200312,2.41,2.45,2.26,2.26,14675181
QUB,20200313,2.17,2.36,2.02,2.36,17748910
QUB,20200316,2.17,2.18,2.05,2.07,9884241
QUB,20200317,2.05,2.24,2.03,2.2,11390590
QUB,20200318,2.05,2.1,1.915,1.98,9826316
QUB,20200319,2.12,2.12,1.88,1.905,7371578
QUB,20200320,1.95,2.02,1.85,1.885,6392091
QUB,20200323,1.75,1.865,1.7,1.815,7799094
QUB,20200324,1.8,1.88,1.795,1.86,5194126
QUB,20200325,1.955,2.05,1.835,1.93,9487045
QUB,20200326,1.965,2.25,1.9,2.21,10214035
QUB,20200327,2.37,2.37,2.13,2.17,9452357
QUB,20200330,2.1,2.25,2.06,2.25,4853824
QUB,20200331,2.36,2.37,2.13,2.15,9391853
QUB,20200401,2.17,2.28,2.14,2.27,5572686
QUB,20200402,2.2,2.2,2.12,2.15,6900735
QUB,20200403,2.16,2.185,2,2.02,5528513
QUB,20200406,2.04,2.21,2.04,2.12,4480492
QUB,20200407,2.24,2.27,2.14,2.16,6542793
QUB,20200408,2.12,2.3,2.07,2.22,6613443
QUB,20200409,2.25,2.405,2.24,2.33,6625960
QUB,20200414,2.31,2.39,2.275,2.37,4879872
QUB,20200415,2.39,2.435,2.365,2.39,4832699
QUB,20200416,2.32,2.35,2.27,2.3,5476988
QUB,20200417,2.33,2.43,2.32,2.4,5079843
QUB,20200420,2.38,2.39,2.32,2.32,3679636
QUB,20200421,2.3,2.31,2.16,2.18,4988713
QUB,20200422,2.16,2.24,2.105,2.24,6028253
QUB,20200423,2.23,2.24,2.195,2.22,4623894
QUB,20200424,2.23,2.24,2.195,2.21,3869108
QUB,20200427,2.21,2.21,2.21,2.21,0
QUB,20200428,2.21,2.21,2.21,2.21,0
QUB,20200429,2.21,2.21,2.21,2.21,0
QUB,20200430,2.21,2.21,2.21,2.21,0
QUB,20200501,2.21,2.21,2.21,2.21,0
QUB,20200504,2.4,2.6,2.31,2.56,40811679
QUB,20200505,2.58,2.65,2.53,2.61,10905751
QUB,20200506,2.57,2.64,2.53,2.55,7132878
QUB,20200507,2.55,2.55,2.49,2.5,8382473
QUB,20200508,2.49,2.55,2.44,2.52,7208901
QUB,20200511,2.52,2.58,2.49,2.57,6092597
QUB,20200512,2.55,2.55,2.46,2.46,5264333
QUB,20200513,2.45,2.51,2.43,2.49,7552241
QUB,20200514,2.48,2.52,2.45,2.46,6967337
QUB,20200515,2.49,2.52,2.43,2.49,4907644
QUB,20200518,2.49,2.54,2.48,2.52,5172250
QUB,20200519,2.61,2.615,2.53,2.57,4287847
QUB,20200520,2.55,2.66,2.55,2.63,4719220
QUB,20200521,2.65,2.67,2.61,2.65,6056738
QUB,20200522,2.66,2.72,2.64,2.67,5694138
QUB,20200525,2.71,2.73,2.65,2.71,3808351
QUB,20200526,2.71,2.79,2.68,2.74,6780724
QUB,20200527,2.71,2.815,2.69,2.79,5414007
QUB,20200528,2.81,2.85,2.73,2.77,6927201
QUB,20200529,2.73,2.75,2.65,2.71,9284329
QUB,20200601,2.62,2.74,2.62,2.74,4788382
QUB,20200602,2.77,2.79,2.73,2.74,3346997
QUB,20200603,2.79,2.86,2.77,2.85,7623622
QUB,20200604,2.85,2.86,2.77,2.82,10299471
QUB,20200605,2.77,2.83,2.76,2.8,4218282
QUB,20200609,2.84,2.89,2.83,2.86,5266190
QUB,20200610,2.81,2.88,2.81,2.86,3633147
QUB,20200611,2.79,2.83,2.7,2.74,4588717
QUB,20200612,2.65,2.72,2.62,2.69,5578445
QUB,20200615,2.69,2.73,2.65,2.67,5672018
QUB,20200616,2.8,2.84,2.75,2.8,6327897
QUB,20200617,2.81,2.82,2.755,2.79,5750814
QUB,20200618,2.78,2.8,2.71,2.78,7043818
QUB,20200619,2.8,2.84,2.78,2.79,8336284
QUB,20200622,2.74,2.78,2.69,2.7,5166567
QUB,20200623,2.79,2.925,2.78,2.91,6827378
QUB,20200624,2.91,2.92,2.825,2.85,7744659
QUB,20200625,2.78,2.81,2.74,2.75,3420027
QUB,20200626,2.78,2.85,2.745,2.83,4980834
QUB,20200629,2.79,2.805,2.74,2.77,4907768
QUB,20200630,2.83,2.98,2.82,2.91,13656101
QUB,20200701,2.93,2.94,2.84,2.87,4590262
QUB,20200702,2.91,2.91,2.79,2.81,7624782
QUB,20200703,2.82,2.82,2.77,2.8,5144011
QUB,20200706,2.79,2.82,2.74,2.74,3873525
QUB,20200707,2.74,2.84,2.74,2.79,5845498
QUB,20200708,2.77,2.79,2.72,2.73,4218964
QUB,20200709,2.75,2.81,2.74,2.76,4025883
QUB,20200710,2.76,2.8,2.73,2.76,3210073
QUB,20200713,2.81,2.81,2.7,2.75,3497079
QUB,20200714,2.74,2.75,2.67,2.72,8072558
QUB,20200715,2.78,2.84,2.775,2.82,5387914
QUB,20200716,2.86,2.86,2.78,2.82,5099408
QUB,20200717,2.89,2.89,2.78,2.8,5386249
QUB,20200720,2.79,2.83,2.75,2.78,3117802
QUB,20200721,2.8,2.84,2.78,2.83,8264520
QUB,20200722,2.82,2.83,2.74,2.76,3687212
QUB,20200723,2.76,2.805,2.75,2.8,4214488
QUB,20200724,2.77,2.8,2.75,2.79,4381234
QUB,20200727,2.76,2.81,2.74,2.77,3709359
QUB,20200728,2.78,2.81,2.76,2.78,3667337
QUB,20200729,2.74,2.77,2.71,2.74,4239890
QUB,20200730,2.76,2.79,2.75,2.78,3561484
QUB,20200731,2.78,2.79,2.7,2.73,4541390
QUB,20200803,2.7,2.72,2.67,2.72,5562870
QUB,20200804,2.82,2.865,2.8,2.83,3867489
QUB,20200805,2.77,2.8,2.71,2.76,4273726
QUB,20200806,2.74,2.78,2.73,2.77,3909603
QUB,20200807,2.76,2.78,2.73,2.78,2684193
QUB,20200810,2.81,2.85,2.8,2.84,2793395
QUB,20200811,2.83,2.875,2.8,2.86,3343755
QUB,20200812,2.88,2.89,2.82,2.86,3111641
QUB,20200813,2.89,2.91,2.81,2.84,2944179
QUB,20200814,2.85,2.92,2.84,2.86,3088141
QUB,20200817,2.81,2.84,2.78,2.81,3661419
QUB,20200818,2.8,2.84,2.79,2.82,4695362
QUB,20200819,2.8,2.85,2.8,2.84,2311396
QUB,20200820,2.8,2.86,2.78,2.83,4318644
QUB,20200821,2.84,2.89,2.83,2.88,3474156
QUB,20200824,2.88,2.94,2.87,2.92,6205832
QUB,20200825,2.89,2.92,2.83,2.85,5562417
QUB,20200826,2.84,2.845,2.75,2.77,6424212
QUB,20200827,2.77,2.79,2.74,2.77,8612801
QUB,20200828,2.75,2.785,2.725,2.76,4800800
QUB,20200831,2.73,2.8,2.73,2.74,5331531
QUB,20200901,2.71,2.75,2.675,2.73,5545073
QUB,20200902,2.78,2.81,2.74,2.76,7821634
QUB,20200903,2.77,2.79,2.72,2.79,9110729
QUB,20200904,2.73,2.74,2.68,2.7,5679868
QUB,20200907,2.65,2.7,2.62,2.67,6529159
QUB,20200908,2.69,2.71,2.66,2.71,5507356
QUB,20200909,2.66,2.68,2.605,2.64,6702243
QUB,20200910,2.65,2.68,2.625,2.64,5062174
QUB,20200911,2.61,2.65,2.59,2.61,3954208
QUB,20200914,2.64,2.67,2.61,2.64,5017933
QUB,20200915,2.66,2.73,2.66,2.68,16037290
QUB,20200916,2.69,2.705,2.66,2.68,9223788
QUB,20200917,2.68,2.7,2.61,2.63,5557344
QUB,20200918,2.6,2.62,2.54,2.54,7780950
QUB,20200921,2.53,2.57,2.52,2.55,5874743
QUB,20200922,2.55,2.61,2.53,2.55,3885710
QUB,20200923,2.62,2.63,2.57,2.6,6395262
QUB,20200924,2.56,2.59,2.53,2.56,3928388
QUB,20200925,2.57,2.58,2.51,2.56,3659663
QUB,20200928,2.57,2.59,2.54,2.55,4017229
QUB,20200929,2.57,2.59,2.55,2.56,3895172
QUB,20200930,2.54,2.55,2.485,2.51,9582979
QUB,20201001,2.51,2.59,2.5,2.56,6056110
QUB,20201002,2.59,2.63,2.55,2.56,9917800
QUB,20201005,2.63,2.63,2.58,2.59,5067918
QUB,20201006,2.61,2.62,2.565,2.6,5673703
QUB,20201007,2.6,2.62,2.58,2.6,5375204
QUB,20201008,2.62,2.645,2.6,2.62,7952529
QUB,20201009,2.64,2.77,2.625,2.75,7468926
QUB,20201012,2.74,2.78,2.7,2.76,5531965
QUB,20201013,2.79,2.79,2.75,2.77,3006615
QUB,20201014,2.75,2.79,2.73,2.76,4421544
QUB,20201015,2.78,2.82,2.77,2.8,4113902
QUB,20201016,2.8,2.8,2.75,2.76,3162885
QUB,20201019,2.79,2.84,2.77,2.82,2517236
QUB,20201020,2.8,2.83,2.775,2.79,3069048
QUB,20201021,2.81,2.82,2.78,2.79,2765418
QUB,20201022,2.74,2.88,2.725,2.85,5483391
QUB,20201023,2.86,2.87,2.75,2.81,4562230
QUB,20201026,2.85,2.85,2.76,2.76,6604181
QUB,20201027,2.74,2.75,2.7,2.7,2503457
QUB,20201028,2.69,2.75,2.66,2.72,2981145
QUB,20201029,2.69,2.7,2.66,2.68,1953091
QUB,20201030,2.68,2.69,2.62,2.65,3337835
QUB,20201102,2.64,2.65,2.58,2.62,3747095
QUB,20201103,2.64,2.73,2.64,2.71,2040144
QUB,20201104,2.68,2.83,2.68,2.8,4863417
QUB,20201105,2.82,2.84,2.79,2.83,4867477
QUB,20201106,2.83,2.89,2.82,2.87,2749576
QUB,20201109,2.88,2.93,2.86,2.93,1913800
QUB,20201110,3.1,3.13,2.93,2.96,7854275
QUB,20201111,3.01,3.04,2.95,2.97,4039187
QUB,20201112,2.97,2.98,2.94,2.98,3217786
QUB,20201113,2.95,3.03,2.94,3,3665218
QUB,20201116,3.04,3.05,2.99,2.99,87326
QUB,20201117,3.03,3.04,2.97,3.01,3458112
QUB,20201118,3.03,3.04,2.92,2.98,5806132
QUB,20201120,2.91,2.96,2.9,2.95,2010414
QUB,20201123,2.96,2.98,2.92,2.95,3929716
QUB,20201124,2.98,2.995,2.935,2.99,4605982
QUB,20201125,3.01,3.065,3.01,3.04,6494326
QUB,20201126,3.05,3.08,2.97,2.98,4623200
QUB,20201127,2.99,3,2.94,2.96,2286226
QUB,20201130,2.98,3,2.86,2.86,6058402
QUB,20201201,2.88,2.98,2.88,2.91,5415167
QUB,20201202,2.93,2.95,2.89,2.92,3553161
QUB,20201203,2.93,2.97,2.91,2.95,4709307
QUB,20201204,2.94,2.97,2.88,2.88,4019129
QUB,20201207,2.92,2.98,2.92,2.97,4640801
QUB,20201208,2.97,2.97,2.9,2.92,5793231
QUB,20201209,2.93,2.96,2.92,2.93,2491038
QUB,20201210,2.92,2.935,2.9,2.9,2304939
QUB,20201211,2.88,2.91,2.875,2.89,4364857
QUB,20201214,2.89,2.93,2.82,2.85,3943234
QUB,20201215,2.84,2.92,2.84,2.9,3885628
QUB,20201216,2.93,2.94,2.88,2.89,3078416
QUB,20201217,2.9,2.94,2.89,2.93,3878014
QUB,20201218,2.96,2.96,2.9,2.92,5841249
QUB,20201221,2.88,2.96,2.88,2.95,2421260
QUB,20201222,2.92,2.95,2.9,2.92,2319604
QUB,20201224,2.99,2.99,2.99,2.99,0
QUB,20201229,2.98,3,2.98,2.99,1379701
QUB,20201230,2.97,2.98,2.94,2.98,2849531
QUB,20201231,2.96,2.99,2.94,2.94,2126041
QUB,20210104,2.95,2.99,2.95,2.99,2442165
QUB,20210105,2.93,2.97,2.93,2.97,2261760
QUB,20210106,2.95,2.96,2.895,2.91,3826313
QUB,20210107,2.96,2.97,2.91,2.96,3430068
QUB,20210108,2.98,2.99,2.93,2.98,1927958
QUB,20210111,2.96,3.01,2.95,2.96,2821481
QUB,20210112,2.99,3,2.94,2.94,3873557
QUB,20210113,2.91,2.97,2.9,2.95,2587307
QUB,20210114,2.97,2.97,2.92,2.94,2987112
QUB,20210115,2.95,2.99,2.94,2.95,2912408
QUB,20210118,2.92,2.96,2.91,2.93,1568939
QUB,20210119,2.96,2.975,2.94,2.95,1924981
QUB,20210120,2.89,2.96,2.86,2.95,3839562
QUB,20210121,2.97,2.98,2.95,2.97,2893001
QUB,20210122,2.97,3,2.96,2.96,2864611
QUB,20210125,2.97,2.97,2.91,2.92,1483729
QUB,20210127,2.95,2.95,2.9,2.9,3608392
QUB,20210128,2.85,2.875,2.79,2.82,4809531
QUB,20210129,2.87,2.9,2.83,2.85,2388566
QUB,20210201,2.8,2.87,2.79,2.84,3289889
QUB,20210203,2.99,3.04,2.96,3.02,5900095
QUB,20210204,3.03,3.03,2.99,3.015,2287477
QUB,20210205,3.05,3.09,3.02,3.08,2476105
QUB,20210208,3.07,3.17,3.01,3.14,4117229
QUB,20210209,3.07,3.08,3.04,3.06,3278366
QUB,20210210,3.06,3.095,3.04,3.09,1801682
QUB,20210211,3.08,3.08,3.02,3.04,2835272
QUB,20210212,3.06,3.08,3.02,3.03,2259154
QUB,20210215,3.05,3.095,3.04,3.08,1634744
QUB,20210216,3.1,3.12,3.07,3.1,1683578
QUB,20210217,3.07,3.09,3.04,3.07,2520407
QUB,20210218,3.09,3.13,3.06,3.09,4837534
QUB,20210219,3.08,3.08,3.02,3.06,2485390
QUB,20210222,3.05,3.07,3.01,3.04,2637657
QUB,20210223,3.05,3.12,3.04,3.1,3505452
QUB,20210224,3.13,3.13,3.06,3.09,2418950
QUB,20210225,3.05,3.185,2.94,3.14,6373938
QUB,20210226,3.07,3.08,2.995,3.07,8401291
QUB,20210301,3.1,3.17,3.05,3.09,7642745
QUB,20210302,3.1,3.13,3.06,3.07,3763070
QUB,20210303,3.07,3.105,3.04,3.1,5852374
QUB,20210304,3.05,3.08,3.02,3.05,4912527
QUB,20210305,3.05,3.06,3,3.02,6501786
QUB,20210308,3.05,3.06,2.97,2.99,3498769
QUB,20210309,3.03,3.06,3.01,3.03,6034832
QUB,20210310,3.05,3.07,3.04,3.04,3800697
QUB,20210311,3.05,3.07,3.04,3.04,3800697
QUB,20210312,3,3.03,2.99,3.03,3406251
QUB,20210315,3.06,3.06,3.02,3.05,3563187
QUB,20210316,3.06,3.14,3.04,3.13,9844618
QUB,20210317,3.11,3.11,3.04,3.09,2526520
QUB,20210318,3.09,3.11,3.06,3.06,3886198
QUB,20210319,3.03,3.05,2.98,2.98,7635146
QUB,20210322,3,3.02,2.97,3.02,3120251
QUB,20210323,3.01,3.03,2.98,3,1958199
QUB,20210324,3,3,2.955,2.96,2215331
QUB,20210325,2.95,2.96,2.92,2.95,3719786
QUB,20210329,3,3,2.955,2.98,2738483
QUB,20210330,3.01,3.04,2.92,2.92,2527164
QUB,20210331,2.95,3.02,2.94,2.99,6481259
QUB,20210401,3,3.01,2.95,2.97,3935823
QUB,20210406,3,3,2.95,2.99,3802200
QUB,20210407,3,3.03,2.96,3.02,3093024
QUB,20210408,3.03,3.05,3.02,3.02,3125364
QUB,20210409,3.01,3.03,3.005,3.02,1625576
QUB,20210412,3.02,3.03,2.97,2.99,1968896
QUB,20210413,3,3.01,2.97,3.01,3299400
QUB,20210414,3,3.01,2.94,2.98,6013469
QUB,20210415,2.96,2.995,2.94,2.95,6523513
QUB,20210416,2.96,2.97,2.94,2.95,2508569
QUB,20210419,2.95,2.97,2.93,2.93,1405429
QUB,20210420,2.92,2.935,2.89,2.93,3431209
QUB,20210421,2.94,2.99,2.915,2.98,4142691
QUB,20210422,2.98,3,2.96,2.99,4522916
QUB,20210423,2.99,3,2.97,2.99,1909763
QUB,20210426,2.97,2.99,2.95,2.98,1672192
QUB,20210427,2.99,3,2.93,2.97,2741486
QUB,20210428,2.98,2.99,2.97,2.98,2711915
QUB,20210429,2.99,3.02,2.985,3,2919921
QUB,20210430,3.01,3.015,2.98,3.01,2344082
QUB,20210503,3.01,3.03,2.98,3.01,2272771
QUB,20210504,3.02,3.07,3.02,3.06,7841657
QUB,20210505,3.02,3.08,3.02,3.05,2075583
QUB,20210506,3.05,3.06,3.025,3.04,2695928
QUB,20210507,3.02,3.08,3,3.07,2828386
QUB,20210510,3.06,3.09,3.06,3.09,1913235
QUB,20210511,3.07,3.09,3.03,3.04,1909249
QUB,20210512,3.01,3.04,2.96,2.98,2007261
QUB,20210513,2.98,3.01,2.96,2.97,1996456
QUB,20210514,3.02,3.06,3.005,3.05,1782581
QUB,20210517,3.03,3.06,3.025,3.03,1781697
QUB,20210518,3.02,3.02,2.97,2.99,1786261
QUB,20210519,2.95,2.96,2.89,2.9,4329623
QUB,20210520,2.9,2.93,2.87,2.92,2345855
QUB,20210521,2.96,2.96,2.91,2.95,2036017
QUB,20210524,2.95,3.08,2.92,3.05,4106916
QUB,20210525,3.07,3.08,3,3.02,1867901
QUB,20210526,3,3.04,2.98,3.02,2341257
QUB,20210527,3.02,3.02,2.99,3,3655552
QUB,20210528,3.02,3.05,2.995,3.04,1878614
QUB,20210531,3.07,3.08,3.01,3.01,3072003
QUB,20210601,3.02,3.05,2.99,3.03,2041182
QUB,20210602,3.02,3.06,3,3.05,2704841
QUB,20210603,3.04,3.15,3.04,3.13,4200754
QUB,20210604,3.14,3.19,3.135,3.16,2622660
QUB,20210607,3.15,3.17,3.115,3.15,1266022
QUB,20210609,3.17,3.23,3.15,3.15,53008208
QUB,20210610,3.19,3.26,3.14,3.23,4403319
QUB,20210611,3.24,3.26,3.21,3.25,2612815
QUB,20210615,3.27,3.27,3.19,3.21,2635992
QUB,20210616,3.24,3.24,3.16,3.21,4540891
QUB,20210617,3.18,3.2,3.13,3.17,4074809
QUB,20210618,3.18,3.24,3.17,3.19,8036276
QUB,20210621,3.15,3.17,3.11,3.15,3818657
QUB,20210622,3.19,3.22,3.16,3.18,3883187
QUB,20210623,3.17,3.19,3.14,3.16,2894017
QUB,20210625,3.1,3.14,3.08,3.1,4832501
QUB,20210628,3.08,3.11,3.07,3.1,4173661
QUB,20210629,3.06,3.08,3.01,3.08,4968887
QUB,20210630,3.12,3.17,3.11,3.17,5143949
QUB,20210701,3.19,3.19,3.13,3.14,2349926
QUB,20210705,3.2,3.22,3.14,3.15,4096922
QUB,20210706,3.17,3.17,3.06,3.07,5979689
QUB,20210707,3.03,3.06,2.96,2.98,8398520
QUB,20210708,3.01,3.02,2.96,2.97,4918988
QUB,20210709,2.93,2.96,2.89,2.92,6242158
QUB,20210712,2.96,2.96,2.91,2.94,3168273
QUB,20210714,2.94,3,2.94,2.99,5956461
QUB,20210715,2.98,3.02,2.97,2.98,6828739
QUB,20210716,2.97,3,2.94,2.99,8232281
QUB,20210719,2.96,3,2.94,2.99,3939524
QUB,20210720,2.98,3.015,2.96,2.96,3015542
QUB,20210723,2.95,2.96,2.92,2.93,2019858
QUB,20210726,2.94,2.97,2.92,2.94,3299746
QUB,20210727,2.95,2.96,2.92,2.93,2587705
QUB,20210728,2.95,2.95,2.9,2.9,3643087
QUB,20210729,2.92,2.95,2.91,2.94,2468468
QUB,20210730,2.95,2.95,2.91,2.92,2715963
QUB,20210802,2.94,2.97,2.93,2.94,2167840
QUB,20210803,2.94,2.96,2.92,2.94,3889685
QUB,20210804,2.93,2.96,2.93,2.94,2443531
QUB,20210805,2.94,2.96,2.92,2.92,7272615
QUB,20210806,2.93,2.96,2.93,2.96,3487329
QUB,20210809,2.97,2.99,2.93,2.97,2781670
QUB,20210810,2.98,2.995,2.93,2.98,3464247
QUB,20210811,2.96,3.005,2.96,2.97,3453329
QUB,20210812,2.98,2.99,2.95,2.96,4779280
QUB,20210813,2.98,3.09,2.96,3.07,6396067
QUB,20210819,2.97,3.08,2.97,3.04,4609534
QUB,20210820,3.04,3.05,3.01,3.02,4153983
QUB,20210823,3.02,3.03,2.99,3,3364846
QUB,20210824,3.01,3.06,2.99,3.02,4830434
QUB,20210825,3.04,3.07,3.03,3.05,3749038
QUB,20210826,3.05,3.07,2.97,3.04,10172008
QUB,20210827,3.1,3.2,3.1,3.12,9963345
QUB,20210830,3.17,3.19,3.1,3.12,6988211
QUB,20210831,3.15,3.18,3.1,3.16,5345719
QUB,20210901,3.13,3.16,3.13,3.15,4374160
QUB,20210902,3.18,3.21,3.14,3.18,6072335
QUB,20210903,3.2,3.24,3.19,3.21,4984480
QUB,20210906,3.22,3.25,3.18,3.25,4078832
QUB,20210907,3.25,3.27,3.22,3.27,2806727
QUB,20210908,3.24,3.46,3.24,3.42,12651040
QUB,20210909,3.35,3.42,3.26,3.27,7243880
QUB,20210910,3.3,3.31,3.275,3.31,2946373
QUB,20210913,3.31,3.37,3.3,3.35,4394641
QUB,20210914,3.36,3.395,3.32,3.39,8008144
QUB,20210915,3.37,3.38,3.33,3.37,4096545
QUB,20210916,3.38,3.39,3.355,3.38,3264053
QUB,20210917,3.39,3.39,3.34,3.38,6639899
QUB,20210920,3.33,3.36,3.29,3.31,4538191
QUB,20210922,3.28,3.33,3.28,3.28,4677613
QUB,20210923,3.28,3.31,3.25,3.26,5718733
QUB,20210924,3.26,3.29,3.23,3.26,4324804
QUB,20210927,3.27,3.32,3.26,3.29,3531848
QUB,20210928,3.24,3.33,3.235,3.25,4671054
QUB,20210929,3.24,3.3,3.22,3.27,4436828
QUB,20210930,3.27,3.32,3.26,3.3,5789872
QUB,20211001,3.27,3.3,3.25,3.27,4121107
QUB,20211004,3.3,3.31,3.24,3.28,2007272
QUB,20211005,3.24,3.33,3.24,3.32,5392776
QUB,20211006,3.31,3.315,3.26,3.29,4197096
QUB,20211007,3.3,3.31,3.25,3.27,3970891
QUB,20211008,3.27,3.3,3.24,3.27,3031803
QUB,20211011,3.24,3.26,3.17,3.18,3224539
QUB,20211012,3.24,3.26,3.17,3.18,4442638
QUB,20211013,3.2,3.21,3.15,3.17,4199327
QUB,20211014,3.21,3.26,3.18,3.2,2942183
QUB,20211019,3.16,3.24,3.15,3.18,4337664
QUB,20211020,3.21,3.27,3.16,3.23,6328326
QUB,20211021,3.22,3.24,3.19,3.19,3014051
QUB,20211022,3.17,3.2,3.15,3.18,4442504
QUB,20211025,3.2,3.24,3.18,3.21,2829796
QUB,20211026,3.21,3.215,3.17,3.2,2904458
QUB,20211028,3.22,3.23,3.195,3.21,3502405
QUB,20211029,3.21,3.22,3.16,3.18,4463193
QUB,20211101,3.21,3.29,3.18,3.27,4796193
QUB,20211102,3.28,3.3,3.24,3.25,1739644
QUB,20211103,3.27,3.3,3.25,3.3,2699157
QUB,20211104,3.3,3.335,3.29,3.31,3987803
QUB,20211105,3.3,3.33,3.27,3.28,2340755
QUB,20211109,3.27,3.31,3.26,3.27,4641737
QUB,20211110,3.26,3.27,3.22,3.23,3600233
QUB,20211112,3.26,3.28,3.2,3.27,11001011
QUB,20211115,3.28,3.285,3.21,3.23,3236721
QUB,20211116,3.24,3.27,3.21,3.26,4805475
QUB,20211117,3.26,3.3,3.23,3.25,4693642
QUB,20211118,3.21,3.32,3.2,3.29,5756044
QUB,20211119,3.25,3.31,3.25,3.29,2699784
QUB,20211122,3.25,3.3,3.25,3.29,1982101
QUB,20211123,3.28,3.32,3.25,3.31,2221848
QUB,20211124,3.28,3.3,3.22,3.22,3789933
QUB,20211125,3.16,3.245,3.13,3.23,4418723
QUB,20211126,3.23,3.24,3.2,3.2,2396166
QUB,20211129,3.2,3.2,3.15,3.17,3111719
QUB,20211130,3.16,3.21,3.15,3.18,3985203
QUB,20211201,3.17,3.2,3.13,3.14,3206340
QUB,20211202,3.1,3.18,3.1,3.16,3075284
QUB,20211203,3.2,3.205,3.16,3.19,3290725
QUB,20211206,3.22,3.26,3.2,3.22,4386716
QUB,20211207,3.23,3.27,3.22,3.26,3246073
QUB,20211208,3.28,3.32,3.24,3.29,3587864
QUB,20211209,3.29,3.315,3.27,3.29,2826001
QUB,20211210,3.31,3.345,3.28,3.33,2893166
QUB,20211213,3.33,3.34,3.295,3.31,2809463
QUB,20211214,3.31,3.32,3.27,3.28,3637285
QUB,20211216,3.19,3.2,3.15,3.16,7034351
QUB,20211217,3.22,3.22,3.14,3.16,6024179
QUB,20211220,3.15,3.18,3.11,3.12,5386169
QUB,20211221,3.15,3.16,3.115,3.15,4262285
QUB,20211222,3.14,3.175,3.135,3.17,2635006
QUB,20211223,3.2,3.2,3.15,3.17,15920456
QUB,20211224,3.21,3.21,3.16,3.19,2259674
QUB,20211229,3.18,3.2,3.16,3.2,2781478
QUB,20211230,3.21,3.22,3.18,3.19,2565990
QUB,20211231,3.22,3.22,3.17,3.17,1744261
QUB,20220104,3.19,3.2,3.17,3.19,2213961
QUB,20220105,3.22,3.22,3.15,3.17,2314493
QUB,20220106,3.14,3.15,3.05,3.06,3339803
QUB,20220107,3.1,3.1,3.01,3.02,4869149
QUB,20220110,3.02,3.03,2.98,2.99,3278897
QUB,20220111,2.95,2.98,2.95,2.95,4904910
QUB,20220112,2.98,2.98,2.94,2.96,5203318
QUB,20220113,2.96,2.98,2.945,2.96,4122596
QUB,20220114,2.93,2.955,2.91,2.93,3728725
QUB,20220117,2.91,2.97,2.91,2.97,3393244
QUB,20220118,2.93,2.98,2.92,2.97,3698835
QUB,20220119,2.95,3.03,2.95,3.01,7006363
QUB,20220120,2.95,2.99,2.95,2.97,3879816
QUB,20220121,2.94,2.955,2.92,2.93,3456635
QUB,20220124,2.91,2.97,2.91,2.96,5877445
QUB,20220125,2.93,2.95,2.85,2.88,7142585
QUB,20220127,2.99,2.99,2.785,2.82,6692313
QUB,20220128,2.93,2.94,2.82,2.91,13074661
QUB,20220131,2.9,2.95,2.88,2.91,4870997
QUB,20220201,2.95,2.975,2.88,2.9,9023892
QUB,20220202,2.93,2.95,2.9,2.93,5470339
QUB,20220203,2.93,2.93,2.85,2.86,3043111
QUB,20220204,2.87,2.89,2.81,2.89,6426444
QUB,20220207,2.83,2.88,2.82,2.86,6229388
QUB,20220208,2.81,2.93,2.81,2.91,9656366
QUB,20220209,2.91,2.96,2.9,2.96,7830792
QUB,20220210,2.97,2.97,2.88,2.9,9253536
QUB,20220211,2.83,2.87,2.82,2.82,5963865
QUB,20220214,2.83,2.855,2.81,2.84,4380887
QUB,20220215,2.81,2.815,2.78,2.79,10454136
QUB,20220216,2.82,2.83,2.8,2.83,6385200
QUB,20220217,2.82,2.85,2.795,2.81,6812314
QUB,20220218,2.8,2.82,2.77,2.78,3084697
QUB,20220221,2.76,2.81,2.72,2.79,6077573
QUB,20220222,2.75,2.785,2.725,2.77,5929297
QUB,20220223,2.75,2.82,2.75,2.81,4340849
QUB,20220224,2.89,2.96,2.82,2.82,24656484
QUB,20220225,2.96,3.025,2.93,2.97,10520114
QUB,20220228,3,3,2.93,2.97,6715360
QUB,20220301,3.03,3.05,2.99,3.03,7097285
QUB,20220302,3,3.03,2.96,3.01,6520247
QUB,20220303,3.06,3.11,3.03,3.09,9019689
QUB,20220304,3.03,3.09,3.03,3.08,6282982
QUB,20220307,3.06,3.1,2.99,3.01,7048599
QUB,20220308,3,3,2.93,2.95,5558695
QUB,20220309,2.92,2.96,2.88,2.94,4695882
QUB,20220310,3,3.035,2.98,3.01,5082849
QUB,20220311,2.97,3,2.96,2.98,3820505
QUB,20220314,3.01,3.05,3.01,3.03,2880788
QUB,20220315,3.04,3.06,3.01,3.06,5086129
QUB,20220316,0,0,0,0,0
QUB,20220317,3.05,3.07,2.99,3.01,9221111
QUB,20220318,3.01,3.02,2.98,3.01,8511521
QUB,20220321,3.12,3.12,3.04,3.05,7828558
QUB,20220322,3.1,3.1,3.02,3.04,4733008
QUB,20220323,3.06,3.09,3.05,3.09,3586263
QUB,20220324,3.07,3.08,3.04,3.06,2184480
QUB,20220325,3.08,3.1,3.06,3.09,7504141
QUB,20220328,3.12,3.125,3.075,3.1,3616749
QUB,20220329,3.09,3.14,3.08,3.11,3241383
QUB,20220330,3.13,3.15,3.11,3.12,2940827
QUB,20220331,3.11,3.16,3.11,3.13,10261782
QUB,20220401,3.11,3.145,3.09,3.12,1970308
QUB,20220404,3.08,3.12,3.08,3.09,4157297
QUB,20220405,3.1,3.12,3.04,3.05,4469255
QUB,20220406,3,3.03,2.97,3.03,9047029
QUB,20220407,3.01,3.01,2.97,2.97,6257646
QUB,20220408,2.98,3.01,2.95,2.98,5761876
QUB,20220411,2.95,2.97,2.93,2.94,5702757
QUB,20220412,2.96,2.98,2.94,2.97,4471409
QUB,20220413,2.97,2.99,2.95,2.95,7805999
QUB,20220414,2.95,3,2.95,2.99,6249283
QUB,20220419,2.97,2.99,2.96,2.98,5390543
QUB,20220420,2.99,3.02,2.985,3,7877371
QUB,20220421,2.99,3.02,2.985,3,7877371
QUB,20220422,3.01,3.02,2.98,2.99,7570209
QUB,20220426,2.96,2.99,2.94,2.97,5105418
QUB,20220427,2.96,2.97,2.93,2.94,4398012
QUB,20220428,2.95,2.975,2.94,2.96,2533969
QUB,20220429,2.96,3,2.95,2.96,5036204
QUB,20220502,2.94,2.96,2.89,2.9,3939404
QUB,20220503,2.88,2.92,2.865,2.88,3895774
QUB,20220504,2.9,2.91,2.84,2.84,4731076
QUB,20220505,2.84,2.89,2.84,2.86,4418495
QUB,20220506,2.83,2.86,2.79,2.79,4162052
QUB,20220509,2.74,2.79,2.69,2.71,6676240
QUB,20220510,2.67,2.73,2.64,2.72,9480280
QUB,20220511,2.73,2.76,2.68,2.76,7438416
QUB,20220512,2.74,2.76,2.71,2.72,6465745
QUB,20220513,2.74,2.79,2.72,2.78,5958418
QUB,20220516,2.86,2.96,2.83,2.94,22007226
QUB,20220517,2.91,2.935,2.9,2.92,10646760
QUB,20220518,2.95,3.01,2.93,3.01,19947587
QUB,20220519,2.97,3.02,2.96,2.98,15969737
QUB,20220520,2.98,2.985,2.92,2.95,5214713
QUB,20220523,2.97,2.99,2.95,2.98,3262635
QUB,20220524,2.98,2.98,2.93,2.94,6183472
QUB,20220525,2.95,2.97,2.93,2.96,5664032
QUB,20220526,2.95,2.975,2.935,2.94,5228665
QUB,20220527,3,3,2.97,2.98,4222610
QUB,20220530,3,3,2.97,3,4234986
QUB,20220531,3.02,3.08,3.02,3.06,9574575
QUB,20220601,3.06,3.1,3.04,3.06,5499995
QUB,20220602,3.03,3.07,3.03,3.04,3805669
QUB,20220603,3.06,3.07,3.01,3.04,5781953
QUB,20220606,3.04,3.05,3.03,3.04,3428820
QUB,20220607,3,3.025,2.985,3.01,5059736
QUB,20220608,3.01,3.06,3.01,3.06,3650662
QUB,20220609,3.02,3.04,3,3,2914181
QUB,20220610,3,3.01,2.98,2.98,3933958
QUB,20220614,2.89,2.91,2.85,2.89,11853774
QUB,20220615,2.87,2.89,2.82,2.82,5437536
QUB,20220616,2.85,2.88,2.81,2.82,7878519
QUB,20220617,2.79,2.81,2.72,2.81,15892428
QUB,20220620,2.83,2.88,2.78,2.79,7439945
QUB,20220621,2.81,2.83,2.775,2.8,6117997
QUB,20220622,2.79,2.81,2.76,2.76,4119412
QUB,20220623,2.78,2.805,2.74,2.74,4334987
QUB,20220624,2.8,2.8,2.74,2.76,4035623
QUB,20220627,2.79,2.85,2.78,2.84,2991378
QUB,20220628,2.84,2.84,2.79,2.8,3582941
QUB,20220629,2.79,2.8,2.75,2.77,3715778
QUB,20220630,2.8,2.8,2.73,2.73,4101815
QUB,20220701,2.79,2.87,2.75,2.83,5205819
QUB,20220704,2.86,2.86,2.8,2.82,3650756
QUB,20220705,2.84,2.84,2.8,2.8,3774660
QUB,20220706,2.78,2.86,2.78,2.85,4624783
QUB,20220707,2.85,2.87,2.8,2.84,5720768
QUB,20220708,2.8,2.84,2.8,2.83,2809720
QUB,20220711,2.83,2.83,2.78,2.8,4529745
QUB,20220712,2.79,2.8,2.73,2.74,2903798
QUB,20220713,2.73,2.77,2.72,2.77,5291655
QUB,20220714,2.76,2.81,2.74,2.8,3502198
QUB,20220715,2.72,2.76,2.7,2.71,5921848
QUB,20220718,2.8,2.8,2.75,2.77,3070320
QUB,20220719,2.74,2.74,2.66,2.66,7148743
QUB,20220720,2.72,2.73,2.67,2.72,5766145
QUB,20220721,2.61,2.71,2.61,2.68,7338855
QUB,20220722,2.68,2.72,2.68,2.69,4851676
QUB,20220725,2.69,2.74,2.68,2.74,5070102
QUB,20220726,2.74,2.78,2.72,2.74,5437151
QUB,20220727,2.71,2.74,2.7,2.72,1803939
QUB,20220728,2.76,2.79,2.73,2.77,2792713
QUB,20220729,2.78,2.79,2.755,2.76,4458338
QUB,20220801,2.76,2.79,2.74,2.75,4193978
QUB,20220802,2.79,2.79,2.73,2.75,3583208
QUB,20220803,2.74,2.75,2.71,2.74,2535876
QUB,20220805,2.74,2.755,2.72,2.74,1722807
QUB,20220808,2.71,2.78,2.7,2.76,3358498
QUB,20220809,2.77,2.8,2.76,2.78,2167977
QUB,20220810,2.78,2.82,2.73,2.73,3998303
QUB,20220811,2.77,2.8,2.76,2.8,3483928
QUB,20220812,2.77,2.77,2.7,2.72,4376324
QUB,20220815,2.71,2.74,2.7,2.74,1930254
QUB,20220816,2.76,2.77,2.74,2.75,2473086
QUB,20220817,2.78,2.78,2.74,2.76,1950456
QUB,20220818,2.76,2.77,2.72,2.75,2928832
QUB,20220819,2.76,2.78,2.73,2.78,2971819
QUB,20220822,2.77,2.83,2.75,2.77,5041090
QUB,20220823,2.72,2.74,2.7,2.71,5290210
QUB,20220824,2.71,2.75,2.7,2.71,4111598
QUB,20220825,2.82,2.94,2.8,2.94,7181772
QUB,20220826,2.97,2.98,2.92,2.94,5674651
QUB,20220829,2.88,2.955,2.88,2.9,7602228
QUB,20220830,2.89,2.92,2.85,2.87,5964287
QUB,20220831,2.85,2.92,2.85,2.89,11508433
QUB,20220901,2.84,2.92,2.82,2.9,6731531
QUB,20220902,2.89,2.95,2.88,2.92,5618291
QUB,20220905,2.9,2.93,2.88,2.91,3922697
QUB,20220906,2.91,2.925,2.88,2.89,4461128
QUB,20220907,2.88,2.89,2.835,2.84,5299201
QUB,20220909,2.82,2.87,2.82,2.85,4389268
QUB,20220912,2.89,2.91,2.87,2.89,2913703
QUB,20220913,2.92,2.92,2.88,2.89,10417290
QUB,20220914,2.82,2.86,2.81,2.82,5306076
QUB,20220915,2.82,2.85,2.82,2.83,7860687
QUB,20220916,2.78,2.83,2.78,2.83,19474440
