RXP,20160212,0.6,0.62,0.59,0.605,1384690
RXP,20160215,0.6,0.605,0.585,0.6,502749
RXP,20160216,0.655,0.675,0.61,0.62,1661357
RXP,20160217,0.62,0.62,0.575,0.59,314059
RXP,20160218,0.6,0.63,0.6,0.63,207348
RXP,20160219,0.63,0.63,0.63,0.63,230204
RXP,20160222,0.64,0.64,0.62,0.625,245149
RXP,20160223,0.625,0.64,0.615,0.63,1168947
RXP,20160224,0.63,0.63,0.62,0.62,78355
RXP,20160225,0.62,0.64,0.62,0.62,190351
RXP,20160226,0.62,0.63,0.62,0.62,36952
RXP,20160229,0.6,0.63,0.6,0.625,140764
RXP,20160301,0.625,0.625,0.6,0.625,38618
RXP,20160302,0.625,0.625,0.6,0.615,38736
RXP,20160303,0.615,0.615,0.615,0.615,6159
RXP,20160304,0.6,0.605,0.59,0.59,132265
RXP,20160307,0.605,0.61,0.59,0.61,82828
RXP,20160308,0.61,0.61,0.595,0.6,151377
RXP,20160309,0.595,0.6,0.595,0.6,40066
RXP,20160310,0.6,0.615,0.6,0.6,36607
RXP,20160311,0.605,0.615,0.605,0.615,54465
RXP,20160314,0.61,0.61,0.59,0.6,93704
RXP,20160315,0.6,0.61,0.595,0.595,174556
RXP,20160316,0.6,0.6,0.595,0.595,13708
RXP,20160317,0.595,0.6,0.595,0.595,141583
RXP,20160318,0.595,0.6,0.595,0.6,46530
RXP,20160321,0.6,0.6,0.58,0.59,189419
RXP,20160322,0.58,0.59,0.58,0.59,40462
RXP,20160323,0.595,0.595,0.58,0.58,55281
RXP,20160324,0.585,0.59,0.585,0.585,137998
RXP,20160329,0.58,0.585,0.575,0.575,114816
RXP,20160330,0.575,0.59,0.575,0.58,102050
RXP,20160331,0.585,0.6,0.58,0.585,117900
RXP,20160401,0.585,0.6,0.585,0.6,46952
RXP,20160404,0.6,0.6,0.58,0.58,31058
RXP,20160405,0.585,0.59,0.585,0.59,13695
RXP,20160406,0.59,0.59,0.58,0.58,114680
RXP,20160407,0.58,0.58,0.57,0.57,141788
RXP,20160408,0.57,0.575,0.57,0.57,61992
RXP,20160411,0.57,0.58,0.55,0.57,251619
RXP,20160412,0.555,0.57,0.55,0.56,385327
RXP,20160413,0.56,0.57,0.55,0.56,2252290
RXP,20160414,0.545,0.56,0.54,0.54,382647
RXP,20160415,0.54,0.545,0.535,0.545,58337
RXP,20160418,0.545,0.55,0.54,0.54,152768
RXP,20160419,0.54,0.55,0.54,0.545,80719
RXP,20160420,0.55,0.56,0.55,0.56,59649
RXP,20160421,0.55,0.565,0.545,0.545,153813
RXP,20160422,0.545,0.545,0.54,0.54,32327
RXP,20160426,0.54,0.54,0.51,0.51,278412
RXP,20160427,0.52,0.52,0.51,0.51,137686
RXP,20160428,0.52,0.55,0.52,0.54,607771
RXP,20160429,0.55,0.55,0.55,0.55,53700
RXP,20160502,0.555,0.555,0.55,0.55,204174
RXP,20160503,0.54,0.55,0.52,0.535,81845
RXP,20160504,0.535,0.545,0.525,0.525,81383
RXP,20160505,0.545,0.55,0.54,0.54,31695
RXP,20160506,0.54,0.55,0.54,0.55,106040
RXP,20160509,0.55,0.56,0.55,0.555,1072951
RXP,20160510,0.56,0.56,0.56,0.56,89100
RXP,20160511,0.565,0.565,0.535,0.545,83387
RXP,20160512,0.545,0.55,0.545,0.55,25572
RXP,20160513,0.55,0.55,0.545,0.55,193063
RXP,20160516,0.55,0.55,0.55,0.55,391593
RXP,20160517,0.55,0.55,0.54,0.55,129555
RXP,20160518,0.55,0.55,0.545,0.545,11600
RXP,20160519,0.55,0.55,0.54,0.545,88590
RXP,20160520,0.54,0.555,0.54,0.555,102594
RXP,20160523,0.555,0.56,0.545,0.55,124264
RXP,20160524,0.55,0.55,0.55,0.55,79629
RXP,20160525,0.55,0.56,0.55,0.55,54405
RXP,20160526,0.55,0.55,0.545,0.55,169399
RXP,20160527,0.55,0.555,0.55,0.55,279619
RXP,20160530,0.555,0.555,0.555,0.555,34814
RXP,20160531,0.555,0.555,0.545,0.55,143422
RXP,20160601,0.55,0.55,0.545,0.55,533073
RXP,20160602,0.55,0.55,0.54,0.54,264097
RXP,20160603,0.54,0.54,0.54,0.54,0
RXP,20160606,0.54,0.54,0.51,0.525,42761
RXP,20160607,0.545,0.55,0.545,0.55,160000
RXP,20160608,0.545,0.55,0.54,0.54,312124
RXP,20160609,0.54,0.545,0.52,0.545,37900
RXP,20160610,0.545,0.55,0.545,0.545,416221
RXP,20160614,0.545,0.545,0.54,0.54,1624202
RXP,20160615,0.53,0.545,0.515,0.525,99249
RXP,20160616,0.53,0.54,0.53,0.53,38900
RXP,20160617,0.53,0.55,0.53,0.55,108132
RXP,20160620,0.54,0.55,0.54,0.55,561010
RXP,20160621,0.56,0.58,0.56,0.575,148333
RXP,20160622,0.58,0.59,0.57,0.59,207355
RXP,20160623,0.58,0.585,0.58,0.585,40100
RXP,20160624,0.585,0.585,0.545,0.545,228454
RXP,20160627,0.555,0.555,0.545,0.545,5000
RXP,20160628,0.54,0.545,0.53,0.545,45633
RXP,20160629,0.545,0.545,0.545,0.545,0
RXP,20160630,0.555,0.585,0.555,0.585,707180
RXP,20160701,0.585,0.585,0.555,0.572,318731
RXP,20160704,0.56,0.585,0.56,0.585,55000
RXP,20160705,0.56,0.595,0.56,0.59,90654
RXP,20160706,0.58,0.58,0.58,0.58,71776
RXP,20160707,0.58,0.59,0.58,0.59,189540
RXP,20160708,0.595,0.595,0.59,0.595,524288
RXP,20160711,0.59,0.59,0.56,0.57,20550
RXP,20160712,0.58,0.58,0.58,0.58,1800
RXP,20160713,0.56,0.56,0.56,0.56,33327
RXP,20160714,0.56,0.6,0.56,0.6,73616
RXP,20160715,0.62,0.635,0.61,0.625,177902
RXP,20160718,0.62,0.64,0.62,0.64,20257
RXP,20160719,0.65,0.66,0.645,0.66,273004
RXP,20160720,0.66,0.67,0.64,0.67,75808
RXP,20160721,0.67,0.67,0.65,0.67,64211
RXP,20160722,0.66,0.66,0.615,0.64,136549
RXP,20160725,0.65,0.66,0.64,0.65,134763
RXP,20160726,0.655,0.72,0.655,0.71,517987
RXP,20160727,0.71,0.71,0.67,0.67,158655
RXP,20160728,0.68,0.69,0.67,0.68,615133
RXP,20160729,0.68,0.68,0.65,0.67,163712
RXP,20160801,0.66,0.66,0.65,0.66,99545
RXP,20160802,0.66,0.67,0.66,0.67,163837
RXP,20160803,0.67,0.67,0.65,0.65,115701
RXP,20160804,0.675,0.7,0.675,0.7,622809
RXP,20160805,0.7,0.7,0.69,0.69,52193
RXP,20160808,0.69,0.7,0.685,0.69,148491
RXP,20160809,0.7,0.7,0.69,0.7,104872
RXP,20160810,0.69,0.7,0.68,0.69,74753
RXP,20160811,0.7,0.7,0.7,0.7,85654
RXP,20160812,0.7,0.7,0.69,0.7,86935
RXP,20160815,0.69,0.7,0.685,0.695,288312
RXP,20160816,0.695,0.74,0.695,0.72,900809
RXP,20160817,0.8,0.82,0.76,0.77,4177813
RXP,20160818,0.78,0.81,0.765,0.785,1625053
RXP,20160822,0.88,0.92,0.805,0.81,1095335
RXP,20160823,0.82,0.835,0.785,0.795,826772
RXP,20160824,0.8,0.84,0.8,0.81,739967
RXP,20160825,0.805,0.815,0.795,0.805,339860
RXP,20160826,0.795,0.795,0.775,0.775,155256
RXP,20160829,0.78,0.795,0.77,0.775,187062
RXP,20160830,0.77,0.795,0.77,0.775,235575
RXP,20160831,0.78,0.81,0.78,0.79,180632
RXP,20160901,0.8,0.815,0.78,0.81,123266
RXP,20160902,0.81,0.81,0.78,0.78,164624
RXP,20160905,0.79,0.812,0.785,0.8,121006
RXP,20160906,0.81,0.832,0.795,0.8,446224
RXP,20160907,0.8,0.82,0.79,0.8,235288
RXP,20160908,0.81,0.81,0.79,0.795,374431
RXP,20160909,0.8,0.815,0.8,0.81,211643
RXP,20160912,0.79,0.8,0.785,0.79,215427
RXP,20160913,0.795,0.812,0.795,0.81,169099
RXP,20160914,0.805,0.805,0.795,0.8,94330
RXP,20160915,0.775,0.797,0.772,0.785,312522
RXP,20160916,0.787,0.79,0.775,0.775,289914
RXP,20160919,0.785,0.795,0.785,0.795,33513
RXP,20160920,0.785,0.795,0.78,0.795,59813
RXP,20160921,0.795,0.87,0.795,0.795,384530
RXP,20160922,0.795,0.795,0.78,0.785,210607
RXP,20160923,0.795,0.81,0.78,0.79,309772
RXP,20160926,0.79,0.795,0.775,0.78,120029
RXP,20160927,0.78,0.79,0.775,0.775,38851
RXP,20160928,0.78,0.81,0.78,0.8,194559
RXP,20160929,0.795,0.8,0.77,0.775,292064
RXP,20160930,0.777,0.79,0.77,0.79,91938
RXP,20161003,0.79,0.8,0.775,0.8,486221
RXP,20161004,0.79,0.8,0.775,0.775,528715
RXP,20161005,0.79,0.795,0.78,0.79,111665
RXP,20161006,0.79,0.82,0.79,0.805,375034
RXP,20161007,0.81,0.82,0.8,0.8,181030
RXP,20161010,0.82,0.86,0.81,0.85,770438
RXP,20161011,0.855,0.885,0.855,0.87,776833
RXP,20161012,0.865,0.88,0.855,0.88,423546
RXP,20161013,0.895,0.92,0.885,0.9,1339071
RXP,20161014,0.91,0.94,0.88,0.88,753120
RXP,20161017,0.885,0.895,0.85,0.85,331211
RXP,20161018,0.85,0.875,0.83,0.87,232458
RXP,20161019,0.86,0.985,0.86,0.95,858897
RXP,20161020,0.95,0.95,0.925,0.95,628483
RXP,20161021,0.955,0.98,0.955,0.965,540053
RXP,20161024,0.99,1.035,0.97,0.97,797522
RXP,20161025,0.99,1.015,0.955,0.955,541191
RXP,20161026,0.955,0.98,0.95,0.95,190683
RXP,20161027,0.965,0.965,0.88,0.915,637975
RXP,20161028,0.915,0.935,0.91,0.925,87612
RXP,20161031,0.925,0.97,0.915,0.97,319736
RXP,20161101,0.96,0.99,0.95,0.97,447599
RXP,20161102,0.962,0.975,0.91,0.91,353059
RXP,20161103,0.9,0.92,0.895,0.9,333494
RXP,20161104,0.91,0.92,0.9,0.91,173434
RXP,20161107,0.91,0.935,0.91,0.91,281568
RXP,20161108,0.915,0.935,0.915,0.935,139311
RXP,20161109,0.93,0.98,0.85,0.91,905887
RXP,20161110,0.94,0.97,0.93,0.955,127898
RXP,20161111,0.955,1,0.955,0.99,667165
RXP,20161114,0.99,0.99,0.965,0.99,309142
RXP,20161115,0.99,1,0.977,0.99,227145
RXP,20161116,0.99,1.065,0.98,1.06,686125
RXP,20161117,1.06,1.06,1.015,1.03,423424
RXP,20161118,1.03,1.04,0.98,0.98,180908
RXP,20161121,1,1,0.98,1,49006
RXP,20161122,1,1.05,1,1.02,192424
RXP,20161123,1.03,1.045,1,1.015,263337
RXP,20161124,1.025,1.045,1.015,1.02,354532
RXP,20161125,1.025,1.055,1.017,1.03,300687
RXP,20161128,1.035,1.055,0.965,1.01,804534
RXP,20161129,1,1.02,0.98,0.98,71189
RXP,20161130,1,1.085,0.98,1.035,718884
RXP,20161201,1.035,1.04,0.99,1,221923
RXP,20161202,0.985,1.01,0.97,0.97,307882
RXP,20161205,0.98,0.985,0.94,0.94,207803
RXP,20161206,0.93,0.94,0.89,0.915,705931
RXP,20161207,0.925,0.975,0.905,0.975,331926
RXP,20161208,0.98,1.01,0.955,0.97,289349
RXP,20161209,0.97,1,0.96,0.995,42564
RXP,20161212,0.995,1.02,0.99,0.99,234351
RXP,20161213,1,1,0.98,0.985,16667
RXP,20161214,0.98,1.01,0.975,0.995,163315
RXP,20161215,0.98,0.98,0.955,0.97,76927
RXP,20161216,0.96,0.98,0.955,0.955,90911
RXP,20161219,0.97,0.975,0.92,0.94,149431
RXP,20161220,0.93,0.94,0.92,0.925,85845
RXP,20161221,0.925,0.955,0.915,0.935,943027
RXP,20161222,0.935,0.97,0.935,0.965,119146
RXP,20161223,0.97,0.97,0.93,0.93,39243
RXP,20161228,0.95,0.96,0.95,0.96,40394
RXP,20161229,0.955,0.975,0.955,0.97,145328
RXP,20161230,0.97,0.985,0.97,0.98,159197
RXP,20170103,0.97,0.98,0.97,0.975,101207
RXP,20170104,0.965,0.965,0.93,0.935,146514
RXP,20170105,0.94,0.95,0.94,0.94,47207
RXP,20170106,0.94,0.975,0.94,0.975,258305
RXP,20170109,0.975,0.99,0.97,0.98,107996
RXP,20170110,0.985,1.01,0.97,0.98,260362
RXP,20170111,0.975,1,0.955,0.96,118630
RXP,20170112,0.98,0.985,0.97,0.975,81768
RXP,20170113,0.97,0.985,0.96,0.975,42098
RXP,20170116,0.98,0.99,0.96,0.99,99937
RXP,20170117,0.985,0.985,0.95,0.95,187274
RXP,20170118,0.967,0.967,0.955,0.955,107908
RXP,20170119,0.96,0.975,0.95,0.97,72542
RXP,20170120,0.98,0.985,0.955,0.96,85404
RXP,20170123,0.97,0.97,0.94,0.945,94190
RXP,20170124,0.94,0.94,0.915,0.93,466246
RXP,20170125,0.93,0.945,0.93,0.935,113563
RXP,20170127,0.94,0.95,0.935,0.935,113660
RXP,20170130,0.935,0.95,0.915,0.92,167067
RXP,20170131,0.915,0.945,0.91,0.91,44437
RXP,20170201,0.91,0.93,0.87,0.87,351561
RXP,20170202,0.88,0.88,0.842,0.865,355724
RXP,20170203,0.87,0.92,0.86,0.905,393382
RXP,20170206,0.9,0.905,0.865,0.875,277579
RXP,20170207,0.88,0.9,0.875,0.88,245585
RXP,20170208,0.88,0.88,0.865,0.875,174617
RXP,20170209,0.875,0.88,0.875,0.88,248716
RXP,20170210,0.89,0.905,0.89,0.9,67080
RXP,20170213,0.9,0.94,0.9,0.94,272352
RXP,20170214,0.94,0.945,0.92,0.945,333823
RXP,20170215,0.945,0.962,0.935,0.94,199826
RXP,20170216,0.975,1.03,0.91,0.92,1487025
RXP,20170217,0.935,0.935,0.85,0.88,726260
RXP,20170220,0.89,0.895,0.87,0.87,214116
RXP,20170221,0.87,0.89,0.855,0.87,602423
RXP,20170222,0.87,0.875,0.825,0.825,1380681
RXP,20170223,0.835,0.86,0.81,0.835,822780
RXP,20170224,0.845,0.85,0.82,0.82,387429
RXP,20170227,0.825,0.84,0.82,0.825,390307
RXP,20170228,0.825,0.825,0.79,0.815,308691
RXP,20170301,0.805,0.84,0.797,0.8,182963
RXP,20170302,0.805,0.825,0.805,0.825,189857
RXP,20170303,0.825,0.825,0.815,0.815,61784
RXP,20170306,0.815,0.835,0.8,0.82,84959
RXP,20170307,0.81,0.81,0.8,0.8,91265
RXP,20170308,0.8,0.8,0.74,0.8,1533849
RXP,20170309,0.79,0.82,0.785,0.81,351439
RXP,20170310,0.815,0.825,0.8,0.8,284061
RXP,20170313,0.8,0.82,0.795,0.8,164184
RXP,20170314,0.8,0.805,0.78,0.78,266432
RXP,20170315,0.79,0.81,0.785,0.805,529461
RXP,20170316,0.82,0.84,0.805,0.815,437381
RXP,20170317,0.805,0.82,0.795,0.815,411308
RXP,20170320,0.815,0.82,0.795,0.8,81050
RXP,20170321,0.805,0.81,0.79,0.805,287482
RXP,20170322,0.795,0.795,0.78,0.785,119475
RXP,20170323,0.81,0.81,0.775,0.8,263530
RXP,20170324,0.8,0.815,0.795,0.8,214751
RXP,20170327,0.81,0.81,0.775,0.775,190371
RXP,20170328,0.78,0.785,0.76,0.765,358163
RXP,20170329,0.775,0.78,0.775,0.775,86320
RXP,20170330,0.78,0.82,0.775,0.815,873576
RXP,20170331,0.815,0.825,0.81,0.815,264643
RXP,20170403,0.815,0.815,0.8,0.81,206752
RXP,20170404,0.81,0.81,0.8,0.805,100568
RXP,20170405,0.8,0.81,0.8,0.81,61388
RXP,20170406,0.8,0.805,0.79,0.8,399185
RXP,20170407,0.8,0.8,0.77,0.78,230535
RXP,20170410,0.775,0.78,0.76,0.76,188159
RXP,20170411,0.77,0.79,0.765,0.78,330304
RXP,20170412,0.78,0.79,0.775,0.79,68286
RXP,20170413,0.785,0.795,0.78,0.795,266987
RXP,20170418,0.79,0.8,0.785,0.8,171465
RXP,20170419,0.8,0.815,0.785,0.815,174764
RXP,20170420,0.81,0.82,0.8,0.82,110915
RXP,20170421,0.84,0.855,0.835,0.845,466026
RXP,20170424,0.855,0.87,0.85,0.85,303072
RXP,20170426,0.86,0.865,0.845,0.85,218080
RXP,20170427,0.85,0.855,0.835,0.855,272021
RXP,20170428,0.85,0.855,0.84,0.85,53027
RXP,20170501,0.855,0.865,0.84,0.845,160244
RXP,20170502,0.85,0.85,0.83,0.83,108171
RXP,20170503,0.85,0.85,0.775,0.775,461094
RXP,20170504,0.785,0.805,0.765,0.795,216029
RXP,20170505,0.8,0.82,0.785,0.785,137029
RXP,20170508,0.785,0.82,0.78,0.795,107981
RXP,20170509,0.81,0.83,0.79,0.825,65561
RXP,20170510,0.825,0.825,0.81,0.81,110436
RXP,20170511,0.815,0.815,0.787,0.81,292399
RXP,20170512,0.795,0.795,0.79,0.79,175845
RXP,20170515,0.79,0.795,0.78,0.78,141260
RXP,20170516,0.785,0.8,0.775,0.785,338567
RXP,20170517,0.78,0.8,0.78,0.79,198951
RXP,20170518,0.78,0.78,0.77,0.77,95813
RXP,20170519,0.785,0.8,0.775,0.8,205255
RXP,20170522,0.78,0.795,0.78,0.79,10061
RXP,20170523,0.79,0.79,0.785,0.785,41249
RXP,20170524,0.79,0.79,0.78,0.79,126378
RXP,20170525,0.785,0.795,0.78,0.78,79505
RXP,20170526,0.78,0.8,0.78,0.8,112667
RXP,20170529,0.795,0.8,0.79,0.79,170148
RXP,20170530,0.795,0.795,0.785,0.79,37850
RXP,20170531,0.795,0.795,0.77,0.775,260711
RXP,20170601,0.775,0.785,0.77,0.78,186845
RXP,20170602,0.785,0.79,0.76,0.765,555866
RXP,20170605,0.77,0.79,0.77,0.77,120524
RXP,20170606,0.775,0.78,0.765,0.765,73629
RXP,20170607,0.765,0.78,0.76,0.78,280833
RXP,20170608,0.78,0.78,0.755,0.755,356598
RXP,20170609,0.755,0.78,0.755,0.78,91847
RXP,20170613,0.775,0.775,0.755,0.755,215729
RXP,20170614,0.76,0.77,0.76,0.77,51958
RXP,20170615,0.765,0.765,0.745,0.75,423337
RXP,20170616,0.75,0.75,0.73,0.73,4329018
RXP,20170619,0.75,0.78,0.74,0.745,178677
RXP,20170620,0.76,0.76,0.745,0.745,103488
RXP,20170621,0.75,0.76,0.735,0.74,321152
RXP,20170622,0.75,0.75,0.74,0.745,111340
RXP,20170623,0.745,0.745,0.735,0.74,245668
RXP,20170626,0.74,0.74,0.73,0.73,275987
RXP,20170627,0.735,0.75,0.725,0.725,768046
RXP,20170628,0.735,0.75,0.73,0.73,191797
RXP,20170629,0.735,0.765,0.73,0.755,284742
RXP,20170630,0.747,0.76,0.74,0.755,108535
RXP,20170703,0.76,0.77,0.755,0.765,151060
RXP,20170704,0.77,0.805,0.77,0.775,437816
RXP,20170705,0.795,0.835,0.79,0.815,529381
RXP,20170706,0.81,0.815,0.79,0.795,385809
RXP,20170707,0.8,0.815,0.795,0.8,254331
RXP,20170710,0.8,0.825,0.795,0.8,340544
RXP,20170711,0.81,0.83,0.81,0.815,131512
RXP,20170712,0.815,0.825,0.795,0.8,275312
RXP,20170713,0.8,0.815,0.8,0.815,26090
RXP,20170714,0.815,0.85,0.815,0.84,312917
RXP,20170717,0.85,0.89,0.85,0.89,241192
RXP,20170718,0.89,0.92,0.885,0.905,727887
RXP,20170719,0.92,0.92,0.84,0.89,323507
RXP,20170720,0.885,0.9,0.875,0.895,47688
RXP,20170721,0.88,0.895,0.875,0.885,73618
RXP,20170724,0.89,0.92,0.885,0.9,372688
RXP,20170725,0.895,0.92,0.89,0.92,627061
RXP,20170726,0.92,0.92,0.905,0.905,35348
RXP,20170727,0.915,0.93,0.905,0.905,142091
RXP,20170728,0.905,0.905,0.89,0.9,238358
RXP,20170731,0.89,0.9,0.89,0.89,220180
RXP,20170801,0.89,0.89,0.89,0.89,0
RXP,20170802,0.89,0.89,0.89,0.89,0
RXP,20170803,0.89,0.91,0.865,0.91,3824528
RXP,20170804,0.9,0.9,0.85,0.89,1197719
RXP,20170807,0.88,0.88,0.83,0.85,741992
RXP,20170808,0.84,0.86,0.83,0.85,363785
RXP,20170809,0.835,0.845,0.815,0.815,264437
RXP,20170810,0.83,0.855,0.825,0.85,3098748
RXP,20170811,0.86,0.87,0.835,0.86,497722
RXP,20170815,0.87,0.875,0.86,0.87,783930
RXP,20170816,0.855,0.875,0.85,0.855,696953
RXP,20170817,0.86,0.865,0.85,0.855,2183756
RXP,20170818,0.855,0.87,0.845,0.86,2158508
RXP,20170821,0.86,0.87,0.845,0.85,1389233
RXP,20170822,0.845,0.865,0.84,0.84,452523
RXP,20170823,0.85,0.865,0.84,0.845,215726
RXP,20170824,0.845,0.87,0.84,0.86,603869
RXP,20170825,0.86,0.87,0.835,0.84,494101
RXP,20170828,0.85,0.875,0.84,0.875,345466
RXP,20170829,0.87,0.87,0.85,0.85,325038
RXP,20170830,0.86,0.87,0.85,0.87,273880
RXP,20170831,0.87,0.88,0.86,0.87,213487
RXP,20170901,0.875,0.895,0.87,0.88,625862
RXP,20170904,0.885,0.885,0.845,0.85,366899
RXP,20170905,0.855,0.865,0.845,0.85,247895
RXP,20170906,0.85,0.855,0.84,0.845,184197
RXP,20170907,0.845,0.865,0.84,0.865,577524
RXP,20170908,0.86,0.86,0.845,0.85,300898
RXP,20170911,0.855,0.87,0.842,0.845,218801
RXP,20170912,0.855,0.865,0.855,0.865,93334
RXP,20170913,0.86,0.86,0.845,0.855,684363
RXP,20170914,0.825,0.835,0.82,0.825,178126
RXP,20170915,0.83,0.85,0.83,0.84,36384
RXP,20170918,0.835,0.855,0.83,0.85,3116230
RXP,20170919,0.845,0.855,0.845,0.845,243394
RXP,20170920,0.85,0.85,0.845,0.845,77172
RXP,20170921,0.85,0.86,0.845,0.85,122569
RXP,20170922,0.86,0.86,0.85,0.85,51829
RXP,20170925,0.86,0.875,0.85,0.85,270101
RXP,20170926,0.855,0.86,0.845,0.86,186124
RXP,20170927,0.855,0.855,0.845,0.85,41037
RXP,20170928,0.85,0.85,0.835,0.835,186361
RXP,20170929,0.845,0.85,0.835,0.84,261368
RXP,20171002,0.845,0.855,0.845,0.855,72406
RXP,20171003,0.855,0.86,0.84,0.845,123733
RXP,20171004,0.845,0.86,0.845,0.86,221687
RXP,20171005,0.855,0.86,0.85,0.86,199090
RXP,20171006,0.85,0.865,0.84,0.865,337139
RXP,20171009,0.86,0.88,0.86,0.87,167943
RXP,20171010,0.87,0.88,0.86,0.88,224104
RXP,20171011,0.88,0.895,0.88,0.89,252154
RXP,20171012,0.895,0.895,0.87,0.885,130965
RXP,20171013,0.89,0.89,0.865,0.88,1148121
RXP,20171016,0.88,0.88,0.865,0.875,449239
RXP,20171017,0.88,0.885,0.77,0.77,1512233
RXP,20171018,0.795,0.805,0.765,0.785,1814714
RXP,20171019,0.79,0.79,0.78,0.785,100425
RXP,20171020,0.79,0.81,0.79,0.8,183437
RXP,20171023,0.79,0.8,0.785,0.8,342396
RXP,20171024,0.8,0.825,0.795,0.81,227400
RXP,20171025,0.795,0.8,0.785,0.785,171329
RXP,20171026,0.785,0.79,0.775,0.785,242937
RXP,20171027,0.785,0.79,0.775,0.775,261672
RXP,20171030,0.785,0.79,0.78,0.79,82337
RXP,20171031,0.79,0.79,0.785,0.79,140684
RXP,20171101,0.78,0.79,0.78,0.785,132167
RXP,20171102,0.785,0.79,0.78,0.78,4688914
RXP,20171103,0.775,0.8,0.765,0.77,789766
RXP,20171106,0.77,0.775,0.765,0.77,278784
RXP,20171107,0.765,0.77,0.765,0.765,278478
RXP,20171108,0.765,0.77,0.75,0.76,372331
RXP,20171109,0.76,0.765,0.755,0.755,174592
RXP,20171110,0.76,0.765,0.755,0.755,174592
RXP,20171113,0.75,0.755,0.75,0.75,179966
RXP,20171114,0.75,0.762,0.75,0.76,199997
RXP,20171115,0.76,0.765,0.745,0.745,189830
RXP,20171116,0.75,0.76,0.74,0.74,72871
RXP,20171117,0.745,0.76,0.742,0.76,55207
RXP,20171120,0.76,0.76,0.745,0.755,149884
RXP,20171121,0.76,0.77,0.755,0.76,159082
RXP,20171122,0.76,0.77,0.755,0.77,166858
RXP,20171123,0.77,0.77,0.76,0.765,66422
RXP,20171124,0.77,0.77,0.755,0.765,254208
RXP,20171127,0.77,0.77,0.765,0.77,76844
RXP,20171128,0.765,0.77,0.765,0.77,22949
RXP,20171129,0.765,0.77,0.755,0.755,230655
RXP,20171130,0.745,0.745,0.725,0.73,465502
RXP,20171201,0.73,0.735,0.715,0.72,528284
RXP,20171204,0.72,0.72,0.7,0.705,444497
RXP,20171205,0.705,0.71,0.68,0.69,401210
RXP,20171206,0.69,0.695,0.68,0.69,198909
RXP,20171207,0.685,0.69,0.67,0.675,968498
RXP,20171208,0.67,0.7,0.67,0.7,224002
RXP,20171211,0.7,0.71,0.68,0.69,270324
RXP,20171212,0.64,0.66,0.595,0.635,2915130
RXP,20171213,0.645,0.665,0.645,0.65,867712
RXP,20171214,0.65,0.65,0.635,0.635,440138
RXP,20171215,0.64,0.64,0.635,0.64,349451
RXP,20171218,0.63,0.64,0.63,0.63,169247
RXP,20171219,0.63,0.635,0.625,0.635,296976
RXP,20171220,0.635,0.675,0.635,0.66,286184
RXP,20171221,0.66,0.67,0.66,0.665,75869
RXP,20171222,0.665,0.67,0.655,0.67,88172
RXP,20171227,0.66,0.665,0.65,0.655,46818
RXP,20171228,0.655,0.67,0.655,0.67,122644
RXP,20171229,0.67,0.7,0.66,0.675,255873
RXP,20180102,0.68,0.68,0.667,0.67,117667
RXP,20180103,0.69,0.69,0.675,0.68,69903
RXP,20180104,0.69,0.73,0.68,0.73,374427
RXP,20180105,0.745,0.745,0.705,0.71,184776
RXP,20180108,0.73,0.745,0.715,0.715,519243
RXP,20180109,0.725,0.725,0.7,0.7,1430403
RXP,20180110,0.7,0.705,0.68,0.69,146044
RXP,20180111,0.685,0.71,0.68,0.68,214615
RXP,20180112,0.685,0.7,0.685,0.69,112141
RXP,20180115,0.69,0.7,0.685,0.685,89390
RXP,20180116,0.69,0.695,0.68,0.69,225358
RXP,20180117,0.695,0.7,0.68,0.68,196149
RXP,20180118,0.68,0.7,0.675,0.68,286022
RXP,20180119,0.69,0.695,0.675,0.675,386515
RXP,20180122,0.68,0.7,0.68,0.685,100881
RXP,20180123,0.7,0.7,0.68,0.68,107345
RXP,20180124,0.69,0.69,0.68,0.68,238829
RXP,20180125,0.69,0.69,0.675,0.675,119276
RXP,20180129,0.69,0.69,0.675,0.675,198389
RXP,20180130,0.68,0.69,0.675,0.68,227254
RXP,20180131,0.68,0.69,0.675,0.69,29129
RXP,20180201,0.68,0.7,0.67,0.67,190421
RXP,20180202,0.67,0.68,0.67,0.68,56882
RXP,20180205,0.68,0.68,0.655,0.655,369604
RXP,20180207,0.635,0.66,0.635,0.64,342419
RXP,20180208,0.645,0.665,0.64,0.64,134543
RXP,20180209,0.635,0.64,0.62,0.625,254340
RXP,20180212,0.63,0.63,0.62,0.625,264171
RXP,20180213,0.63,0.645,0.63,0.635,31586
RXP,20180214,0.64,0.64,0.625,0.63,185669
RXP,20180215,0.63,0.665,0.63,0.66,173467
RXP,20180216,0.66,0.66,0.64,0.66,96994
RXP,20180219,0.665,0.68,0.65,0.68,104980
RXP,20180220,0.68,0.69,0.675,0.68,78317
RXP,20180221,0.68,0.7,0.665,0.7,216230
RXP,20180222,0.585,0.59,0.49,0.495,3840773
RXP,20180223,0.505,0.54,0.505,0.54,1147320
RXP,20180226,0.545,0.545,0.5,0.5,839328
RXP,20180227,0.505,0.51,0.475,0.505,777886
RXP,20180228,0.5,0.505,0.48,0.495,3426959
RXP,20180301,0.5,0.51,0.465,0.48,683146
RXP,20180302,0.475,0.48,0.475,0.48,301677
RXP,20180305,0.49,0.5,0.48,0.485,217636
RXP,20180306,0.485,0.485,0.47,0.48,356518
RXP,20180307,0.49,0.49,0.475,0.49,409453
RXP,20180308,0.49,0.49,0.48,0.49,85666
RXP,20180309,0.49,0.51,0.485,0.49,301344
RXP,20180312,0.5,0.5,0.49,0.495,139622
RXP,20180313,0.5,0.53,0.5,0.53,404295
RXP,20180314,0.515,0.53,0.51,0.51,114936
RXP,20180315,0.51,0.525,0.51,0.515,85871
RXP,20180316,0.515,0.52,0.515,0.515,159627
RXP,20180319,0.52,0.525,0.51,0.52,137834
RXP,20180320,0.515,0.515,0.495,0.515,882661
RXP,20180321,0.49,0.505,0.49,0.5,166731
RXP,20180322,0.5,0.5,0.485,0.485,51871
RXP,20180323,0.485,0.485,0.47,0.485,178640
RXP,20180326,0.48,0.485,0.47,0.47,39505
RXP,20180327,0.48,0.49,0.48,0.49,27945
RXP,20180328,0.5,0.5,0.475,0.49,171861
RXP,20180329,0.475,0.49,0.475,0.49,66967
RXP,20180403,0.5,0.5,0.475,0.475,90995
RXP,20180404,0.485,0.485,0.47,0.48,107586
RXP,20180405,0.48,0.485,0.47,0.485,51980
RXP,20180406,0.475,0.48,0.472,0.475,74203
RXP,20180409,0.48,0.5,0.475,0.49,115747
RXP,20180410,0.5,0.5,0.48,0.48,18244
RXP,20180411,0.49,0.5,0.49,0.495,73669
RXP,20180412,0.495,0.515,0.495,0.51,169218
RXP,20180413,0.51,0.53,0.51,0.52,121918
RXP,20180416,0.53,0.53,0.51,0.525,82933
RXP,20180417,0.525,0.54,0.52,0.535,307281
RXP,20180418,0.535,0.545,0.525,0.535,149852
RXP,20180419,0.54,0.54,0.535,0.535,51644
RXP,20180420,0.535,0.545,0.535,0.535,177460
RXP,20180423,0.545,0.55,0.53,0.53,93479
RXP,20180424,0.54,0.54,0.53,0.53,69206
RXP,20180426,0.54,0.56,0.53,0.555,204548
RXP,20180427,0.555,0.555,0.545,0.55,362719
RXP,20180430,0.555,0.59,0.555,0.57,221233
RXP,20180501,0.575,0.585,0.56,0.585,203411
RXP,20180502,0.575,0.585,0.565,0.585,12426
RXP,20180503,0.575,0.59,0.56,0.58,71353
RXP,20180504,0.585,0.59,0.575,0.59,392028
RXP,20180507,0.59,0.59,0.57,0.58,349136
RXP,20180508,0.58,0.585,0.57,0.58,220137
RXP,20180509,0.58,0.59,0.58,0.59,174685
RXP,20180510,0.59,0.6,0.585,0.6,361350
RXP,20180511,0.595,0.595,0.575,0.58,603703
RXP,20180514,0.56,0.57,0.55,0.57,300857
RXP,20180515,0.57,0.585,0.57,0.585,139397
RXP,20180516,0.575,0.585,0.57,0.57,98550
RXP,20180517,0.495,0.525,0.48,0.495,1432956
RXP,20180518,0.495,0.525,0.495,0.525,187918
RXP,20180521,0.51,0.53,0.502,0.52,152298
RXP,20180522,0.525,0.53,0.517,0.525,227726
RXP,20180523,0.53,0.54,0.53,0.54,386743
RXP,20180524,0.54,0.54,0.53,0.53,46490
RXP,20180525,0.53,0.54,0.525,0.53,105148
RXP,20180528,0.535,0.54,0.53,0.535,75817
RXP,20180529,0.54,0.565,0.54,0.555,217448
RXP,20180530,0.555,0.56,0.545,0.545,108000
RXP,20180531,0.54,0.545,0.53,0.54,246529
RXP,20180601,0.545,0.545,0.53,0.54,68940
RXP,20180604,0.53,0.54,0.53,0.54,119699
RXP,20180605,0.535,0.535,0.52,0.53,323458
RXP,20180606,0.525,0.53,0.525,0.525,56318
RXP,20180607,0.525,0.535,0.52,0.52,266428
RXP,20180608,0.52,0.527,0.52,0.52,129715
RXP,20180612,0.525,0.525,0.52,0.525,202035
RXP,20180613,0.525,0.535,0.525,0.535,70797
RXP,20180614,0.53,0.535,0.53,0.535,49838
RXP,20180615,0.53,0.53,0.525,0.53,109286
RXP,20180618,0.53,0.53,0.52,0.525,178175
RXP,20180619,0.525,0.53,0.522,0.525,129972
RXP,20180620,0.525,0.525,0.49,0.51,653774
RXP,20180621,0.51,0.52,0.5,0.505,88539
RXP,20180622,0.5,0.505,0.495,0.5,161939
RXP,20180625,0.5,0.505,0.49,0.49,189414
RXP,20180626,0.48,0.49,0.475,0.485,73836
RXP,20180627,0.48,0.485,0.48,0.48,150452
RXP,20180628,0.48,0.485,0.48,0.485,58582
RXP,20180629,0.48,0.485,0.48,0.485,113436
RXP,20180702,0.49,0.49,0.485,0.485,28787
RXP,20180703,0.52,0.52,0.5,0.5,307857
RXP,20180704,0.5,0.52,0.5,0.5,182552
RXP,20180705,0.515,0.52,0.495,0.5,186679
RXP,20180706,0.505,0.505,0.505,0.505,20000
RXP,20180710,0.5,0.5,0.485,0.49,90654
RXP,20180711,0.5,0.5,0.49,0.495,83316
RXP,20180712,0.495,0.495,0.495,0.495,20635
RXP,20180713,0.5,0.5,0.495,0.495,129369
RXP,20180716,0.49,0.5,0.49,0.5,194447
RXP,20180717,0.505,0.505,0.495,0.495,98221
RXP,20180718,0.495,0.495,0.49,0.49,198305
RXP,20180719,0.495,0.505,0.495,0.505,70696
RXP,20180720,0.5,0.5,0.495,0.495,51507
RXP,20180723,0.495,0.495,0.495,0.495,43987
RXP,20180724,0.5,0.505,0.49,0.505,125111
RXP,20180725,0.5,0.5,0.497,0.5,69612
RXP,20180726,0.495,0.495,0.49,0.49,436316
RXP,20180727,0.485,0.49,0.482,0.49,362334
RXP,20180730,0.485,0.49,0.485,0.49,119567
RXP,20180731,0.49,0.505,0.485,0.485,93133
RXP,20180801,0.495,0.5,0.495,0.5,324915
RXP,20180802,0.5,0.515,0.5,0.505,385913
RXP,20180803,0.51,0.53,0.507,0.51,338036
RXP,20180806,0.51,0.515,0.505,0.505,377059
RXP,20180807,0.52,0.52,0.505,0.505,182298
RXP,20180808,0.51,0.51,0.505,0.505,123204
RXP,20180809,0.505,0.51,0.5,0.5,179801
RXP,20180810,0.5,0.5,0.485,0.49,117053
RXP,20180813,0.49,0.495,0.482,0.495,185343
RXP,20180814,0.5,0.5,0.49,0.495,443653
RXP,20180816,0.505,0.55,0.5,0.54,1315623
RXP,20180817,0.54,0.545,0.522,0.54,402167
RXP,20180820,0.54,0.545,0.535,0.545,239024
RXP,20180821,0.545,0.575,0.542,0.55,477375
RXP,20180822,0.547,0.555,0.535,0.54,376025
RXP,20180823,0.53,0.535,0.51,0.515,383943
RXP,20180824,0.515,0.54,0.515,0.535,160070
RXP,20180827,0.54,0.54,0.515,0.525,186384
RXP,20180828,0.54,0.54,0.52,0.52,70769
RXP,20180829,0.525,0.53,0.515,0.52,27222
RXP,20180830,0.53,0.53,0.52,0.53,354259
RXP,20180831,0.52,0.53,0.515,0.525,356441
RXP,20180903,0.52,0.522,0.52,0.52,303792
RXP,20180904,0.52,0.52,0.505,0.52,267826
RXP,20180905,0.52,0.52,0.51,0.51,20636
RXP,20180906,0.52,0.52,0.51,0.515,20538
RXP,20180907,0.52,0.52,0.515,0.515,18112
RXP,20180910,0.52,0.52,0.512,0.515,37977
RXP,20180913,0.465,0.495,0.46,0.48,321843
RXP,20180914,0.485,0.49,0.485,0.485,20822
RXP,20180917,0.48,0.48,0.48,0.48,44462
RXP,20180918,0.48,0.48,0.48,0.48,85169
RXP,20180919,0.48,0.48,0.465,0.465,217217
RXP,20180920,0.46,0.46,0.45,0.45,226736
RXP,20180921,0.45,0.47,0.45,0.46,209198
RXP,20180924,0.46,0.47,0.46,0.47,37508
RXP,20180925,0.47,0.47,0.46,0.46,42508
RXP,20180926,0.46,0.47,0.452,0.47,137194
RXP,20180927,0.47,0.47,0.46,0.46,64326
RXP,20180928,0.46,0.465,0.455,0.465,302879
RXP,20181001,0.465,0.472,0.455,0.47,105178
RXP,20181002,0.46,0.465,0.46,0.465,15557
RXP,20181003,0.46,0.465,0.46,0.465,42132
RXP,20181004,0.47,0.47,0.46,0.47,41784
RXP,20181005,0.47,0.47,0.462,0.47,74573
RXP,20181008,0.465,0.465,0.46,0.46,19343
RXP,20181009,0.46,0.465,0.46,0.46,8716
RXP,20181010,0.465,0.475,0.46,0.475,287220
RXP,20181011,0.46,0.46,0.455,0.46,69476
RXP,20181012,0.46,0.46,0.46,0.46,61617
RXP,20181015,0.46,0.46,0.45,0.46,199859
RXP,20181016,0.46,0.475,0.46,0.475,66899
RXP,20181017,0.472,0.5,0.472,0.48,445991
RXP,20181018,0.485,0.485,0.475,0.475,36088
RXP,20181019,0.48,0.48,0.475,0.48,33932
RXP,20181022,0.48,0.48,0.46,0.46,88484
RXP,20181023,0.46,0.465,0.455,0.465,34338
RXP,20181024,0.47,0.47,0.46,0.46,48046
RXP,20181025,0.46,0.46,0.455,0.455,77379
RXP,20181026,0.455,0.455,0.455,0.455,76798
RXP,20181030,0.45,0.455,0.45,0.45,31521
RXP,20181031,0.46,0.46,0.445,0.46,297728
RXP,20181101,0.46,0.48,0.455,0.47,64903
RXP,20181102,0.455,0.47,0.45,0.47,23999
RXP,20181105,0.465,0.475,0.46,0.46,56851
RXP,20181106,0.475,0.475,0.475,0.475,4000
RXP,20181107,0.465,0.47,0.465,0.47,14526
RXP,20181108,0.475,0.475,0.475,0.475,27500
RXP,20181109,0.47,0.475,0.47,0.47,61151
RXP,20181112,0.47,0.47,0.46,0.47,52739
RXP,20181113,0.475,0.48,0.475,0.48,52810
RXP,20181114,0.48,0.48,0.465,0.475,64654
RXP,20181115,0.47,0.475,0.465,0.475,28525
RXP,20181116,0.47,0.48,0.46,0.48,37099
RXP,20181119,0.48,0.495,0.465,0.495,43806
RXP,20181120,0.485,0.485,0.48,0.48,11680
RXP,20181121,0.475,0.475,0.47,0.47,50189
RXP,20181122,0.47,0.485,0.465,0.485,47472
RXP,20181123,0.485,0.485,0.485,0.485,4659
RXP,20181126,0.48,0.485,0.48,0.485,15737
RXP,20181127,0.485,0.495,0.48,0.495,40573
RXP,20181128,0.48,0.495,0.48,0.48,5795
RXP,20181129,0.48,0.495,0.48,0.49,11971
RXP,20181130,0.49,0.49,0.465,0.49,16985
RXP,20181203,0.47,0.49,0.47,0.485,150357
RXP,20181204,0.475,0.475,0.47,0.475,13573
RXP,20181205,0.475,0.485,0.47,0.485,76849
RXP,20181206,0.48,0.485,0.47,0.47,308269
RXP,20181207,0.48,0.48,0.47,0.47,4765
RXP,20181210,0.47,0.475,0.465,0.465,141937
RXP,20181211,0.465,0.485,0.465,0.465,23241
RXP,20181212,0.47,0.48,0.465,0.47,518215
RXP,20181213,0.47,0.48,0.465,0.465,352638
RXP,20181214,0.47,0.48,0.46,0.465,40513
RXP,20181217,0.46,0.48,0.46,0.46,25579
RXP,20181218,0.465,0.48,0.465,0.48,13174
RXP,20181219,0.46,0.48,0.46,0.46,509379
RXP,20181220,0.47,0.48,0.46,0.46,41921
RXP,20181221,0.465,0.465,0.455,0.465,1633497
RXP,20181224,0.465,0.475,0.46,0.46,5577
RXP,20181227,0.46,0.46,0.455,0.455,71925
RXP,20181228,0.455,0.46,0.455,0.46,85647
RXP,20181231,0.475,0.475,0.46,0.47,16396
RXP,20190102,0.46,0.46,0.455,0.46,95176
RXP,20190103,0.46,0.46,0.455,0.46,59175
RXP,20190104,0.455,0.46,0.455,0.46,116866
RXP,20190107,0.46,0.465,0.46,0.465,6844
RXP,20190108,0.465,0.465,0.46,0.465,21582
RXP,20190109,0.47,0.47,0.46,0.47,42913
RXP,20190110,0.46,0.48,0.46,0.475,30649
RXP,20190111,0.472,0.475,0.47,0.47,25212
RXP,20190114,0.48,0.48,0.48,0.48,74978
RXP,20190115,0.49,0.52,0.49,0.52,63246
RXP,20190116,0.51,0.51,0.485,0.49,44865
RXP,20190117,0.49,0.49,0.49,0.49,0
RXP,20190118,0.49,0.495,0.485,0.485,7161
RXP,20190121,0.485,0.51,0.485,0.51,30444
RXP,20190122,0.51,0.51,0.505,0.51,110299
RXP,20190123,0.51,0.51,0.505,0.505,22000
RXP,20190124,0.51,0.515,0.51,0.51,12810
RXP,20190125,0.505,0.51,0.495,0.495,65720
RXP,20190129,0.5,0.505,0.5,0.505,25391
RXP,20190130,0.5,0.505,0.5,0.5,31981
RXP,20190131,0.505,0.51,0.5,0.5,86837
RXP,20190201,0.5,0.51,0.5,0.51,24757
RXP,20190204,0.505,0.51,0.495,0.505,33208
RXP,20190205,0.505,0.56,0.5,0.525,465476
RXP,20190206,0.545,0.545,0.53,0.53,58324
RXP,20190207,0.53,0.54,0.515,0.535,84526
RXP,20190208,0.535,0.54,0.525,0.525,54431
RXP,20190211,0.525,0.535,0.52,0.535,34888
RXP,20190212,0.52,0.53,0.52,0.53,24955
RXP,20190213,0.525,0.535,0.52,0.52,213679
RXP,20190214,0.52,0.525,0.52,0.525,27274
RXP,20190215,0.525,0.525,0.525,0.525,8079
RXP,20190218,0.52,0.52,0.515,0.515,64698
RXP,20190219,0.505,0.505,0.5,0.505,16969
RXP,20190220,0.52,0.52,0.5,0.5,89177
RXP,20190221,0.5,0.545,0.5,0.545,219414
RXP,20190222,0.545,0.545,0.51,0.54,481052
RXP,20190225,0.535,0.535,0.51,0.525,263794
RXP,20190226,0.52,0.525,0.52,0.525,41805
RXP,20190227,0.52,0.525,0.51,0.51,34261
RXP,20190228,0.51,0.51,0.49,0.495,198223
RXP,20190301,0.5,0.51,0.495,0.51,48423
RXP,20190304,0.51,0.51,0.51,0.51,94507
RXP,20190305,0.51,0.515,0.49,0.515,228764
RXP,20190306,0.51,0.515,0.5,0.515,42682
RXP,20190307,0.515,0.515,0.5,0.515,246881
RXP,20190308,0.51,0.515,0.495,0.495,166447
RXP,20190311,0.495,0.495,0.49,0.49,140760
RXP,20190312,0.49,0.492,0.49,0.49,387176
RXP,20190313,0.49,0.49,0.49,0.49,495345
RXP,20190314,0.49,0.49,0.485,0.49,355483
RXP,20190315,0.49,0.495,0.485,0.49,165249
RXP,20190318,0.49,0.492,0.49,0.49,235533
RXP,20190319,0.49,0.495,0.485,0.495,109311
RXP,20190320,0.48,0.48,0.46,0.475,130928
RXP,20190321,0.46,0.467,0.46,0.46,52517
RXP,20190322,0.46,0.465,0.46,0.465,23228
RXP,20190325,0.465,0.467,0.455,0.455,214195
RXP,20190326,0.46,0.46,0.46,0.46,21000
RXP,20190327,0.455,0.462,0.455,0.46,285569
RXP,20190328,0.46,0.465,0.46,0.465,306955
RXP,20190329,0.465,0.465,0.46,0.46,81955
RXP,20190401,0.46,0.47,0.46,0.465,234512
RXP,20190402,0.465,0.465,0.455,0.455,719199
RXP,20190403,0.455,0.465,0.455,0.46,241668
RXP,20190404,0.46,0.46,0.455,0.46,136160
RXP,20190405,0.455,0.46,0.445,0.457,78001
RXP,20190408,0.45,0.45,0.445,0.445,46892
RXP,20190409,0.445,0.445,0.435,0.44,228630
RXP,20190410,0.44,0.45,0.43,0.45,123548
RXP,20190411,0.445,0.445,0.44,0.44,190320
RXP,20190412,0.44,0.455,0.44,0.445,226202
RXP,20190415,0.435,0.445,0.435,0.445,26969
RXP,20190416,0.445,0.445,0.435,0.435,15808
RXP,20190417,0.435,0.44,0.435,0.44,13919
RXP,20190418,0.435,0.435,0.43,0.435,148721
RXP,20190423,0.43,0.435,0.43,0.435,51370
RXP,20190424,0.43,0.435,0.425,0.435,68936
RXP,20190426,0.435,0.435,0.425,0.435,94901
RXP,20190429,0.43,0.435,0.43,0.435,85015
RXP,20190430,0.43,0.435,0.43,0.435,42796
RXP,20190501,0.43,0.43,0.43,0.43,59665
RXP,20190502,0.435,0.435,0.435,0.435,48733
RXP,20190503,0.435,0.435,0.43,0.43,48246
RXP,20190506,0.43,0.43,0.425,0.425,93301
RXP,20190507,0.42,0.425,0.42,0.42,494710
RXP,20190508,0.42,0.42,0.41,0.42,1549726
RXP,20190509,0.42,0.425,0.41,0.425,200518
RXP,20190510,0.425,0.425,0.42,0.42,137209
RXP,20190513,0.42,0.42,0.415,0.415,22969
RXP,20190514,0.415,0.42,0.41,0.42,10671
RXP,20190515,0.415,0.415,0.41,0.415,72013
RXP,20190516,0.415,0.415,0.41,0.415,70628
RXP,20190517,0.415,0.425,0.415,0.425,137719
RXP,20190520,0.425,0.425,0.42,0.42,16974
RXP,20190521,0.42,0.425,0.415,0.425,155774
RXP,20190522,0.425,0.445,0.425,0.44,176347
RXP,20190523,0.44,0.445,0.44,0.445,38599
RXP,20190524,0.435,0.435,0.435,0.435,15300
RXP,20190527,0.425,0.43,0.425,0.43,106228
RXP,20190528,0.43,0.46,0.43,0.455,339914
RXP,20190529,0.455,0.455,0.45,0.45,206169
RXP,20190530,0.45,0.455,0.45,0.455,38739
RXP,20190531,0.44,0.455,0.44,0.455,301599
RXP,20190603,0.445,0.455,0.445,0.455,81338
RXP,20190604,0.44,0.44,0.44,0.44,32980
RXP,20190605,0.44,0.44,0.43,0.44,33025
RXP,20190606,0.43,0.43,0.43,0.43,150926
RXP,20190607,0.43,0.43,0.42,0.42,198598
RXP,20190611,0.43,0.43,0.425,0.425,58083
RXP,20190612,0.43,0.43,0.42,0.42,19268
RXP,20190613,0.425,0.43,0.425,0.43,237822
RXP,20190614,0.43,0.44,0.43,0.44,244238
RXP,20190617,0.445,0.452,0.442,0.445,143782
RXP,20190618,0.45,0.47,0.445,0.47,117158
RXP,20190619,0.47,0.47,0.46,0.47,98854
RXP,20190620,0.46,0.46,0.45,0.45,132256
RXP,20190621,0.445,0.46,0.445,0.46,115159
RXP,20190624,0.46,0.46,0.445,0.445,165955
RXP,20190625,0.445,0.445,0.42,0.43,419753
RXP,20190626,0.43,0.435,0.42,0.435,336393
RXP,20190627,0.425,0.425,0.41,0.415,1190930
RXP,20190628,0.42,0.43,0.41,0.43,379062
RXP,20190701,0.44,0.45,0.43,0.435,328364
RXP,20190702,0.445,0.47,0.44,0.47,364117
RXP,20190703,0.465,0.475,0.45,0.45,141514
RXP,20190704,0.46,0.46,0.447,0.46,169439
RXP,20190705,0.46,0.46,0.455,0.46,56413
RXP,20190708,0.465,0.465,0.43,0.43,203644
RXP,20190709,0.45,0.45,0.44,0.445,92787
RXP,20190710,0.45,0.45,0.435,0.435,166622
RXP,20190711,0.44,0.44,0.437,0.44,395658
RXP,20190712,0.445,0.445,0.44,0.44,276629
RXP,20190715,0.44,0.44,0.435,0.435,71944
RXP,20190716,0.44,0.44,0.44,0.44,100868
RXP,20190717,0.44,0.44,0.44,0.44,29485
RXP,20190718,0.435,0.45,0.435,0.44,329638
RXP,20190719,0.44,0.44,0.44,0.44,0
RXP,20190722,0.44,0.445,0.44,0.44,39292
RXP,20190723,0.455,0.455,0.445,0.445,111402
RXP,20190724,0.445,0.46,0.445,0.46,75817
RXP,20190725,0.455,0.46,0.455,0.46,475492
RXP,20190726,0.465,0.465,0.455,0.455,76057
RXP,20190729,0.455,0.475,0.455,0.475,158619
RXP,20190730,0.475,0.485,0.475,0.48,57686
RXP,20190731,0.485,0.485,0.48,0.48,234340
RXP,20190801,0.48,0.485,0.465,0.465,76696
RXP,20190802,0.47,0.48,0.47,0.48,18788
RXP,20190805,0.48,0.48,0.47,0.47,72747
RXP,20190806,0.465,0.465,0.455,0.455,64906
RXP,20190807,0.47,0.47,0.46,0.46,25581
RXP,20190808,0.465,0.48,0.465,0.475,338604
RXP,20190809,0.485,0.51,0.485,0.5,303292
RXP,20190812,0.53,0.55,0.52,0.53,363480
RXP,20190813,0.55,0.56,0.54,0.555,278559
RXP,20190814,0.55,0.565,0.55,0.565,234172
RXP,20190815,0.55,0.575,0.53,0.555,1613721
RXP,20190816,0.565,0.565,0.52,0.525,294300
RXP,20190819,0.525,0.547,0.525,0.545,134175
RXP,20190820,0.54,0.55,0.54,0.55,137394
RXP,20190821,0.545,0.55,0.545,0.55,229538
RXP,20190822,0.545,0.55,0.545,0.55,271766
RXP,20190823,0.545,0.55,0.545,0.545,86207
RXP,20190826,0.545,0.55,0.54,0.55,193196
RXP,20190827,0.545,0.545,0.535,0.535,64873
RXP,20190828,0.53,0.535,0.525,0.53,641784
RXP,20190829,0.535,0.535,0.53,0.535,352050
RXP,20190830,0.535,0.535,0.52,0.52,451015
RXP,20190902,0.52,0.522,0.515,0.515,105630
RXP,20190903,0.52,0.545,0.52,0.545,270049
RXP,20190904,0.54,0.545,0.535,0.54,186329
RXP,20190905,0.54,0.545,0.535,0.54,237818
RXP,20190906,0.545,0.57,0.542,0.57,457674
RXP,20190909,0.57,0.585,0.57,0.58,398407
RXP,20190910,0.58,0.6,0.575,0.6,823816
RXP,20190911,0.605,0.605,0.59,0.6,292620
RXP,20190912,0.56,0.56,0.55,0.56,104857
RXP,20190913,0.56,0.56,0.52,0.545,211392
RXP,20190916,0.53,0.55,0.52,0.545,150595
RXP,20190917,0.525,0.54,0.525,0.54,12727
RXP,20190918,0.53,0.545,0.53,0.545,91452
RXP,20190919,0.545,0.56,0.54,0.56,71691
RXP,20190920,0.56,0.56,0.55,0.56,19917
RXP,20190923,0.55,0.56,0.54,0.555,91725
RXP,20190924,0.54,0.54,0.52,0.53,178702
RXP,20190925,0.53,0.53,0.51,0.51,143635
RXP,20190926,0.51,0.51,0.505,0.51,24995
RXP,20190927,0.51,0.51,0.51,0.51,12802
RXP,20190930,0.51,0.51,0.48,0.49,427120
RXP,20191001,0.49,0.49,0.48,0.48,284640
RXP,20191002,0.48,0.49,0.48,0.49,39630
RXP,20191003,0.49,0.49,0.48,0.485,54227
RXP,20191004,0.48,0.485,0.48,0.485,32784
RXP,20191007,0.48,0.48,0.48,0.48,107105
RXP,20191008,0.49,0.5,0.49,0.495,91652
RXP,20191009,0.49,0.49,0.485,0.485,9700
RXP,20191010,0.485,0.485,0.485,0.485,0
RXP,20191011,0.5,0.5,0.495,0.495,3015793
RXP,20191014,0.49,0.515,0.49,0.515,114090
RXP,20191015,0.52,0.525,0.515,0.52,70165
RXP,20191016,0.525,0.53,0.52,0.53,166000
RXP,20191017,0.52,0.525,0.51,0.51,91589
RXP,20191018,0.52,0.525,0.52,0.525,4314
RXP,20191021,0.515,0.525,0.51,0.515,63207
RXP,20191022,0.51,0.52,0.51,0.52,15696
RXP,20191023,0.515,0.52,0.48,0.5,348000
RXP,20191024,0.515,0.525,0.505,0.505,127853
RXP,20191025,0.505,0.525,0.505,0.51,23018
RXP,20191028,0.525,0.525,0.52,0.52,43686
RXP,20191029,0.53,0.53,0.515,0.52,34686
RXP,20191030,0.515,0.515,0.505,0.505,71720
RXP,20191031,0.505,0.51,0.5,0.51,50568
RXP,20191101,0.51,0.515,0.51,0.515,3541
RXP,20191104,0.51,0.52,0.5,0.515,200425
RXP,20191105,0.515,0.52,0.505,0.505,5978
RXP,20191106,0.505,0.505,0.505,0.505,0
RXP,20191107,0.505,0.505,0.495,0.5,2084478
RXP,20191108,0.5,0.505,0.495,0.505,38422
RXP,20191111,0.5,0.505,0.495,0.5,145619
RXP,20191112,0.5,0.505,0.5,0.5,26860
RXP,20191113,0.495,0.505,0.48,0.48,310898
RXP,20191114,0.49,0.49,0.49,0.49,4397
RXP,20191115,0.505,0.52,0.5,0.52,125298
RXP,20191118,0.515,0.515,0.5,0.5,36046
RXP,20191119,0.505,0.51,0.5,0.5,91229
RXP,20191120,0.5,0.51,0.49,0.5,42614
RXP,20191121,0.49,0.49,0.48,0.48,73404
RXP,20191122,0.48,0.48,0.48,0.48,0
RXP,20191125,0.495,0.51,0.495,0.51,65102
RXP,20191126,0.51,0.51,0.49,0.495,63150
RXP,20191127,0.495,0.5,0.495,0.495,3354
RXP,20191128,0.49,0.5,0.49,0.495,47633
RXP,20191129,0.495,0.495,0.495,0.495,0
RXP,20191202,0.495,0.495,0.49,0.49,33517
RXP,20191203,0.495,0.5,0.495,0.5,51540
RXP,20191204,0.5,0.5,0.495,0.5,82681
RXP,20191205,0.5,0.515,0.5,0.515,97776
RXP,20191206,0.515,0.515,0.51,0.51,7816
RXP,20191209,0.505,0.505,0.49,0.5,310305
RXP,20191210,0.515,0.515,0.5,0.515,97788
RXP,20191211,0.515,0.52,0.515,0.52,112403
RXP,20191212,0.52,0.53,0.52,0.53,61647
RXP,20191213,0.53,0.53,0.515,0.53,1160965
RXP,20191216,0.52,0.55,0.52,0.54,245209
RXP,20191217,0.54,0.54,0.5,0.5,123511
RXP,20191218,0.51,0.51,0.51,0.51,493
RXP,20191219,0.525,0.525,0.51,0.515,27288
RXP,20191220,0.52,0.525,0.515,0.525,59166
RXP,20191223,0.53,0.53,0.515,0.53,34886
RXP,20191224,0.525,0.525,0.507,0.507,172157
RXP,20191227,0.507,0.507,0.507,0.507,0
RXP,20191230,0.515,0.525,0.515,0.52,39670
RXP,20191231,0.53,0.53,0.52,0.53,66823
RXP,20200102,0.53,0.535,0.525,0.535,45787
RXP,20200103,0.525,0.53,0.52,0.52,25746
RXP,20200106,0.52,0.53,0.515,0.52,130078
RXP,20200107,0.52,0.525,0.515,0.515,123489
RXP,20200108,0.52,0.525,0.515,0.515,85109
RXP,20200109,0.52,0.525,0.52,0.52,42171
RXP,20200113,0.52,0.53,0.52,0.525,162863
RXP,20200114,0.525,0.535,0.525,0.535,158985
RXP,20200115,0.535,0.54,0.53,0.54,35411
RXP,20200116,0.54,0.55,0.535,0.55,49595
RXP,20200117,0.54,0.56,0.54,0.55,406983
RXP,20200120,0.55,0.55,0.545,0.55,84796
RXP,20200121,0.545,0.55,0.54,0.54,63470
RXP,20200122,0.545,0.56,0.545,0.56,121824
RXP,20200123,0.56,0.56,0.55,0.555,36911
RXP,20200124,0.555,0.56,0.555,0.56,12970
RXP,20200128,0.55,0.555,0.54,0.555,53694
RXP,20200129,0.5,0.5,0.45,0.47,1591820
RXP,20200130,0.475,0.475,0.465,0.47,237377
RXP,20200203,0.47,0.485,0.465,0.485,110055
RXP,20200204,0.485,0.485,0.475,0.485,93842
RXP,20200205,0.49,0.49,0.475,0.48,106674
RXP,20200210,0.475,0.49,0.465,0.465,204573
RXP,20200211,0.465,0.465,0.455,0.46,269236
RXP,20200212,0.455,0.46,0.44,0.445,308587
RXP,20200213,0.45,0.46,0.445,0.445,239240
RXP,20200214,0.445,0.45,0.44,0.445,200339
RXP,20200217,0.445,0.45,0.44,0.445,465292
RXP,20200218,0.45,0.46,0.45,0.45,81590
RXP,20200219,0.455,0.455,0.44,0.44,174209
RXP,20200220,0.44,0.455,0.44,0.455,35433
RXP,20200221,0.455,0.455,0.445,0.45,271090
RXP,20200224,0.45,0.45,0.437,0.437,219976
RXP,20200225,0.43,0.44,0.42,0.425,4242831
RXP,20200226,0.415,0.42,0.41,0.415,172768
RXP,20200227,0.41,0.41,0.375,0.39,175178
RXP,20200228,0.39,0.4,0.38,0.385,266221
RXP,20200302,0.38,0.38,0.37,0.38,166524
RXP,20200303,0.385,0.405,0.382,0.405,154395
RXP,20200304,0.39,0.39,0.375,0.375,75887
RXP,20200305,0.385,0.395,0.38,0.395,74319
RXP,20200306,0.4,0.4,0.37,0.38,148716
RXP,20200309,0.38,0.38,0.33,0.35,447721
RXP,20200310,0.33,0.35,0.33,0.345,367578
RXP,20200311,0.35,0.35,0.335,0.335,127402
RXP,20200312,0.33,0.33,0.28,0.285,296067
RXP,20200313,0.26,0.285,0.23,0.265,379789
RXP,20200316,0.27,0.29,0.265,0.27,254408
RXP,20200317,0.27,0.27,0.25,0.26,283146
RXP,20200318,0.25,0.25,0.23,0.24,454126
RXP,20200319,0.225,0.225,0.215,0.22,241328
RXP,20200320,0.21,0.22,0.205,0.205,172087
RXP,20200323,0.205,0.21,0.19,0.2,221862
RXP,20200324,0.2,0.21,0.2,0.21,202106
RXP,20200325,0.25,0.255,0.205,0.21,265023
RXP,20200326,0.225,0.225,0.225,0.225,81448
RXP,20200327,0.235,0.25,0.215,0.215,351119
RXP,20200330,0.22,0.22,0.2,0.22,269587
RXP,20200331,0.235,0.25,0.22,0.22,116451
RXP,20200401,0.23,0.24,0.225,0.24,171309
RXP,20200402,0.235,0.242,0.235,0.235,221833
RXP,20200403,0.235,0.24,0.23,0.23,175627
RXP,20200406,0.235,0.235,0.23,0.23,86080
RXP,20200407,0.23,0.25,0.23,0.25,102903
RXP,20200408,0.25,0.25,0.23,0.23,88046
RXP,20200409,0.23,0.23,0.23,0.23,164596
RXP,20200414,0.225,0.235,0.225,0.235,504583
RXP,20200415,0.25,0.25,0.23,0.23,176935
RXP,20200416,0.245,0.245,0.22,0.23,258352
RXP,20200417,0.24,0.25,0.24,0.24,199291
RXP,20200420,0.25,0.25,0.225,0.23,516051
RXP,20200421,0.23,0.245,0.22,0.245,156424
RXP,20200422,0.23,0.24,0.225,0.24,61491
RXP,20200423,0.235,0.24,0.22,0.225,222104
RXP,20200424,0.225,0.235,0.225,0.23,81563
RXP,20200427,0.23,0.25,0.23,0.25,308624
RXP,20200428,0.25,0.27,0.25,0.26,184785
RXP,20200429,0.255,0.285,0.255,0.285,57689
RXP,20200430,0.3,0.315,0.295,0.3,69872
RXP,20200501,0.3,0.3,0.275,0.29,241208
RXP,20200504,0.285,0.285,0.27,0.27,73868
RXP,20200505,0.27,0.27,0.26,0.27,69534
RXP,20200506,0.28,0.28,0.265,0.275,42858
RXP,20200507,0.265,0.275,0.26,0.275,37258
RXP,20200508,0.27,0.275,0.27,0.275,11100
RXP,20200511,0.28,0.285,0.277,0.28,150593
RXP,20200512,0.275,0.285,0.275,0.28,155125
RXP,20200513,0.282,0.29,0.282,0.29,69949
RXP,20200514,0.285,0.285,0.28,0.28,34680
RXP,20200515,0.275,0.275,0.27,0.27,22272
RXP,20200518,0.27,0.275,0.26,0.26,489514
RXP,20200519,0.27,0.28,0.27,0.28,360255
RXP,20200520,0.28,0.28,0.28,0.28,0
RXP,20200521,0.27,0.27,0.27,0.27,53948
RXP,20200522,0.27,0.27,0.27,0.27,1002209
RXP,20200525,0.27,0.275,0.27,0.27,67930
RXP,20200526,0.27,0.27,0.27,0.27,61463
RXP,20200527,0.27,0.27,0.27,0.27,142509
RXP,20200528,0.28,0.285,0.275,0.275,327361
RXP,20200529,0.29,0.3,0.282,0.282,337114
RXP,20200601,0.285,0.285,0.28,0.285,313280
RXP,20200602,0.285,0.285,0.28,0.28,140432
RXP,20200603,0.28,0.285,0.28,0.285,116188
RXP,20200604,0.29,0.29,0.285,0.285,40739
RXP,20200605,0.285,0.285,0.275,0.275,124905
RXP,20200609,0.285,0.285,0.282,0.285,166167
RXP,20200610,0.285,0.305,0.285,0.295,990839
RXP,20200611,0.3,0.335,0.3,0.31,492302
RXP,20200612,0.285,0.295,0.26,0.285,507490
RXP,20200615,0.29,0.295,0.275,0.275,281452
RXP,20200616,0.28,0.285,0.275,0.28,143595
RXP,20200617,0.28,0.28,0.265,0.265,153108
RXP,20200618,0.275,0.275,0.265,0.265,37626
RXP,20200619,0.265,0.27,0.265,0.27,59443
RXP,20200622,0.27,0.27,0.265,0.27,102443
RXP,20200623,0.27,0.27,0.27,0.27,0
RXP,20200624,0.26,0.265,0.26,0.265,312115
RXP,20200625,0.26,0.26,0.255,0.26,155421
RXP,20200626,0.26,0.265,0.26,0.265,94929
RXP,20200629,0.255,0.255,0.25,0.25,226025
RXP,20200630,0.25,0.26,0.245,0.25,259755
RXP,20200701,0.25,0.25,0.245,0.245,44449
RXP,20200702,0.25,0.255,0.25,0.255,8550
RXP,20200703,0.265,0.275,0.257,0.27,230152
RXP,20200706,0.265,0.27,0.26,0.265,143819
RXP,20200707,0.27,0.285,0.27,0.285,123700
RXP,20200708,0.285,0.3,0.28,0.285,71322
RXP,20200709,0.29,0.295,0.29,0.29,30484
RXP,20200710,0.295,0.295,0.295,0.295,11000
RXP,20200713,0.29,0.31,0.285,0.305,187443
RXP,20200714,0.3,0.3,0.3,0.3,10000
RXP,20200715,0.3,0.3,0.28,0.285,74694
RXP,20200716,0.285,0.3,0.285,0.29,151292
RXP,20200717,0.29,0.3,0.275,0.295,257952
RXP,20200720,0.3,0.31,0.3,0.305,89247
RXP,20200721,0.305,0.305,0.305,0.305,33885
RXP,20200722,0.305,0.305,0.3,0.305,31588
RXP,20200723,0.31,0.34,0.31,0.325,289194
RXP,20200724,0.325,0.325,0.31,0.325,167126
RXP,20200727,0.325,0.345,0.32,0.32,272999
RXP,20200728,0.34,0.365,0.33,0.34,244263
RXP,20200729,0.34,0.345,0.32,0.32,241001
RXP,20200730,0.325,0.35,0.325,0.35,114045
RXP,20200731,0.345,0.35,0.34,0.35,35727
RXP,20200803,0.335,0.34,0.335,0.34,7710
RXP,20200804,0.34,0.35,0.335,0.35,96364
RXP,20200805,0.35,0.37,0.35,0.365,112911
RXP,20200806,0.365,0.365,0.35,0.35,30865
RXP,20200807,0.355,0.36,0.355,0.355,67716
RXP,20200810,0.36,0.365,0.36,0.36,518932
RXP,20200811,0.36,0.365,0.36,0.365,130651
RXP,20200812,0.365,0.365,0.35,0.35,77135
RXP,20200813,0.36,0.365,0.355,0.355,56675
RXP,20200814,0.36,0.36,0.36,0.36,23000
RXP,20200817,0.365,0.38,0.365,0.38,134607
RXP,20200818,0.385,0.4,0.385,0.395,130034
RXP,20200819,0.395,0.395,0.365,0.37,180415
RXP,20200820,0.395,0.42,0.375,0.385,1382156
RXP,20200821,0.385,0.41,0.38,0.395,403075
RXP,20200824,0.4,0.405,0.4,0.4,308012
RXP,20200825,0.4,0.41,0.4,0.41,647521
RXP,20200826,0.41,0.425,0.41,0.42,778358
RXP,20200827,0.425,0.425,0.415,0.42,217108
RXP,20200828,0.42,0.42,0.41,0.42,193790
RXP,20200831,0.42,0.42,0.415,0.415,200909
RXP,20200901,0.41,0.415,0.4,0.41,288165
RXP,20200902,0.415,0.42,0.41,0.41,174502
RXP,20200903,0.415,0.42,0.405,0.42,450600
RXP,20200904,0.41,0.415,0.41,0.41,423803
RXP,20200907,0.42,0.42,0.405,0.405,92723
RXP,20200908,0.41,0.42,0.41,0.42,304403
RXP,20200909,0.41,0.41,0.405,0.41,310525
RXP,20200910,0.41,0.43,0.41,0.41,516956
RXP,20200911,0.41,0.415,0.405,0.405,148387
RXP,20200914,0.41,0.42,0.41,0.42,316302
RXP,20200915,0.415,0.42,0.415,0.42,249441
RXP,20200916,0.42,0.425,0.41,0.425,509019
RXP,20200917,0.39,0.39,0.38,0.385,179152
RXP,20200918,0.38,0.385,0.37,0.385,138997
RXP,20200921,0.385,0.385,0.375,0.38,70130
RXP,20200922,0.38,0.385,0.38,0.385,59200
RXP,20200923,0.385,0.385,0.38,0.38,82548
RXP,20200924,0.38,0.38,0.375,0.38,19532
RXP,20200925,0.38,0.38,0.37,0.37,54634
RXP,20200928,0.38,0.38,0.375,0.375,101606
RXP,20200929,0.38,0.385,0.38,0.38,132761
RXP,20200930,0.38,0.38,0.375,0.38,35333
RXP,20201001,0.38,0.39,0.38,0.385,117434
RXP,20201002,0.385,0.39,0.385,0.385,70510
RXP,20201005,0.39,0.39,0.385,0.39,87211
RXP,20201006,0.39,0.39,0.36,0.37,621991
RXP,20201007,0.375,0.385,0.375,0.385,78171
RXP,20201008,0.38,0.38,0.375,0.375,16175
RXP,20201009,0.38,0.38,0.36,0.36,587747
RXP,20201012,0.36,0.375,0.355,0.355,299354
RXP,20201013,0.375,0.375,0.36,0.37,81124
RXP,20201014,0.375,0.38,0.36,0.37,396044
RXP,20201015,0.36,0.37,0.36,0.365,174853
RXP,20201016,0.37,0.375,0.36,0.36,253974
RXP,20201019,0.36,0.36,0.345,0.345,642938
RXP,20201020,0.35,0.365,0.34,0.345,407339
RXP,20201021,0.35,0.36,0.35,0.36,143533
RXP,20201022,0.35,0.365,0.35,0.36,223497
RXP,20201023,0.365,0.365,0.365,0.365,2500
RXP,20201026,0.365,0.365,0.365,0.365,94410
RXP,20201027,0.365,0.37,0.355,0.365,73805
RXP,20201028,0.365,0.365,0.355,0.365,66760
RXP,20201029,0.35,0.365,0.35,0.35,297214
RXP,20201030,0.36,0.36,0.355,0.355,22486
RXP,20201102,0.35,0.355,0.34,0.34,317169
RXP,20201103,0.345,0.35,0.345,0.345,148698
RXP,20201104,0.34,0.35,0.34,0.35,77695
RXP,20201105,0.35,0.35,0.34,0.34,287791
RXP,20201106,0.35,0.35,0.345,0.35,121789
RXP,20201109,0.335,0.345,0.335,0.345,308291
RXP,20201110,0.345,0.35,0.34,0.34,187001
RXP,20201111,0.53,0.54,0.505,0.515,8857806
RXP,20201112,0.515,0.53,0.515,0.52,2763116
RXP,20201113,0.525,0.53,0.522,0.527,1164212
RXP,20201116,0.53,0.535,0.53,0.535,725951
RXP,20201117,0.53,0.535,0.53,0.535,496616
RXP,20201118,0.535,0.535,0.535,0.535,1653332
RXP,20201120,0.53,0.535,0.53,0.53,174387
RXP,20201123,0.535,0.535,0.53,0.535,104024
RXP,20201124,0.53,0.535,0.53,0.535,42888
RXP,20201125,0.535,0.535,0.532,0.532,413406
RXP,20201126,0.535,0.535,0.53,0.535,704697
RXP,20201127,0.535,0.535,0.53,0.53,184064
RXP,20201130,0.535,0.535,0.53,0.535,80044
RXP,20201201,0.532,0.535,0.53,0.53,961625
RXP,20201202,0.53,0.535,0.53,0.532,1142543
RXP,20201203,0.532,0.535,0.532,0.535,285065
RXP,20201204,0.53,0.535,0.53,0.535,71950
RXP,20201207,0.535,0.535,0.532,0.532,141587
RXP,20201208,0.532,0.54,0.532,0.535,679757
RXP,20201209,0.535,0.54,0.535,0.535,84420
RXP,20201210,0.535,0.54,0.535,0.54,197059
RXP,20201211,0.54,0.54,0.537,0.54,162658
RXP,20201214,0.537,0.54,0.535,0.535,35770
RXP,20201215,0.535,0.54,0.535,0.535,56534
RXP,20201216,0.535,0.54,0.535,0.535,29602
RXP,20201217,0.535,0.54,0.535,0.54,24734
RXP,20201218,0.535,0.54,0.535,0.535,1217936
RXP,20201221,0.535,0.54,0.535,0.535,319976
RXP,20201222,0.535,0.54,0.535,0.535,674330
RXP,20201224,0.535,0.535,0.535,0.535,0
RXP,20201229,0.535,0.54,0.535,0.54,22995
RXP,20201230,0.535,0.54,0.535,0.54,275275
RXP,20201231,0.535,0.54,0.535,0.535,60904
RXP,20210104,0.535,0.54,0.535,0.54,303247
RXP,20210105,0.54,0.54,0.535,0.535,329534
RXP,20210106,0.535,0.54,0.535,0.54,97139
RXP,20210107,0.54,0.54,0.54,0.54,0
RXP,20210108,0.535,0.54,0.535,0.535,198449
RXP,20210111,0.535,0.54,0.535,0.535,267914
RXP,20210112,0.54,0.54,0.535,0.535,239553
RXP,20210113,0.535,0.54,0.535,0.54,83133
RXP,20210114,0.535,0.54,0.535,0.535,81341
RXP,20210115,0.535,0.54,0.535,0.54,136353
RXP,20210118,0.54,0.54,0.535,0.535,88652
RXP,20210119,0.535,0.54,0.535,0.535,65968
RXP,20210120,0.535,0.54,0.535,0.54,209172
RXP,20210121,0.54,0.545,0.54,0.545,614762
RXP,20210122,0.54,0.545,0.54,0.54,221011
RXP,20210125,0.54,0.545,0.54,0.54,326138
RXP,20210127,0.54,0.545,0.54,0.54,57603
RXP,20210128,0.54,0.545,0.54,0.54,51018
RXP,20210129,0.54,0.545,0.54,0.545,263622
RXP,20210201,0.545,0.545,0.535,0.54,2567318
RXP,20210203,0.542,0.542,0.54,0.542,124995
RXP,20210204,0.545,0.545,0.54,0.54,523925
RXP,20210205,0.54,0.54,0.54,0.54,0
RXP,20210208,0.545,0.545,0.54,0.54,40560
RXP,20210209,0.545,0.545,0.54,0.54,104265
RXP,20210210,0.54,0.545,0.54,0.54,765490
RXP,20210211,0.54,0.545,0.54,0.545,1106881
RXP,20210212,0.545,0.545,0.54,0.54,56065
RXP,20210215,0.54,0.542,0.54,0.54,7382
RXP,20210216,0.542,0.542,0.54,0.54,177638
RXP,20210217,0.54,0.542,0.54,0.54,291577
RXP,20210218,0.54,0.54,0.54,0.54,0
RXP,20210219,0.54,0.54,0.54,0.54,33394
RXP,20210222,0.54,0.542,0.54,0.54,140253
RXP,20210223,0.545,0.545,0.54,0.54,10472
RXP,20210224,0.545,0.545,0.54,0.545,901132
RXP,20210225,0.54,0.545,0.535,0.535,3492544
RXP,20210226,0.54,0.545,0.54,0.542,385073
RXP,20210301,0.54,0.54,0.535,0.54,2582949
RXP,20210302,0.54,0.55,0.54,0.545,2041767
RXP,20210303,0.55,0.55,0.545,0.55,733027
RXP,20210304,0.545,0.55,0.545,0.547,138293
RXP,20210305,0.55,0.55,0.545,0.545,885044
RXP,20210308,0.545,0.545,0.545,0.545,0
RXP,20210309,0.545,0.545,0.545,0.545,0
RXP,20210310,0.545,0.545,0.545,0.545,0
RXP,20210311,0.545,0.545,0.545,0.545,0
RXP,20210312,0.545,0.545,0.545,0.545,0
RXP,20210315,0.545,0.545,0.545,0.545,0
RXP,20210316,0.545,0.545,0.545,0.545,0
RXP,20210317,0.545,0.545,0.545,0.545,0
RXP,20210318,0.545,0.545,0.545,0.545,0
RXP,20210319,0.545,0.545,0.545,0.545,0
RXP,20210322,0.545,0.545,0.545,0.545,0
RXP,20210323,0.545,0.545,0.545,0.545,0
RXP,20210324,0.545,0.545,0.545,0.545,0
RXP,20210325,0.545,0.545,0.545,0.545,0
RXP,20210329,0.545,0.545,0.545,0.545,0
