S32,20160212,1.08,1.107,1.065,1.075,18273394
S32,20160215,1.14,1.16,1.12,1.16,15245124
S32,20160216,1.2,1.225,1.195,1.215,31265673
S32,20160217,1.215,1.22,1.185,1.205,21972822
S32,20160218,1.255,1.275,1.24,1.27,49026131
S32,20160219,1.25,1.255,1.19,1.195,28891383
S32,20160222,1.205,1.235,1.177,1.2,25442632
S32,20160223,1.205,1.237,1.19,1.2,13715577
S32,20160224,1.15,1.17,1.12,1.13,19640708
S32,20160225,1.155,1.21,1.085,1.17,36431824
S32,20160226,1.185,1.23,1.185,1.21,28529082
S32,20160229,1.24,1.262,1.235,1.25,47778301
S32,20160301,1.25,1.3,1.24,1.3,38305537
S32,20160302,1.325,1.332,1.305,1.325,25133222
S32,20160303,1.34,1.362,1.33,1.35,35723512
S32,20160304,1.35,1.365,1.34,1.36,32998674
S32,20160307,1.41,1.457,1.405,1.445,59918376
S32,20160308,1.525,1.537,1.495,1.52,120711186
S32,20160309,1.475,1.63,1.475,1.595,63116247
S32,20160310,1.6,1.605,1.555,1.57,26550331
S32,20160311,1.54,1.63,1.525,1.625,31563264
S32,20160314,1.64,1.66,1.635,1.65,22002477
S32,20160315,1.63,1.63,1.575,1.575,34910689
S32,20160316,1.535,1.6,1.53,1.57,22712382
S32,20160317,1.585,1.59,1.57,1.58,30488315
S32,20160318,1.59,1.605,1.57,1.57,28524575
S32,20160321,1.55,1.567,1.54,1.55,19293463
S32,20160322,1.56,1.58,1.555,1.565,11736368
S32,20160323,1.53,1.55,1.51,1.515,32470479
S32,20160324,1.5,1.55,1.485,1.545,26616721
S32,20160329,1.53,1.545,1.46,1.465,17766961
S32,20160330,1.46,1.477,1.41,1.435,21162541
S32,20160331,1.46,1.485,1.455,1.465,20038827
S32,20160401,1.44,1.47,1.435,1.445,14431203
S32,20160404,1.435,1.46,1.425,1.425,9907150
S32,20160405,1.405,1.445,1.375,1.375,26634918
S32,20160406,1.38,1.457,1.375,1.435,22589468
S32,20160407,1.475,1.49,1.42,1.435,13476500
S32,20160408,1.39,1.47,1.39,1.46,14129209
S32,20160411,1.485,1.485,1.44,1.45,8081451
S32,20160412,1.43,1.49,1.43,1.48,15155703
S32,20160413,1.52,1.56,1.515,1.545,14992906
S32,20160414,1.59,1.595,1.535,1.545,26560474
S32,20160415,1.555,1.575,1.52,1.55,20869981
S32,20160418,1.525,1.525,1.485,1.495,15266036
S32,20160419,1.515,1.57,1.515,1.55,18686237
S32,20160420,1.59,1.635,1.585,1.62,38793599
S32,20160421,1.685,1.757,1.662,1.75,39307024
S32,20160422,1.71,1.717,1.66,1.67,24785671
S32,20160426,1.6,1.645,1.595,1.61,24960164
S32,20160427,1.64,1.675,1.615,1.625,22146549
S32,20160428,1.655,1.667,1.635,1.65,13106969
S32,20160429,1.635,1.667,1.63,1.66,13635076
S32,20160502,1.63,1.645,1.6,1.64,14831224
S32,20160503,1.625,1.68,1.615,1.68,14395726
S32,20160504,1.615,1.635,1.535,1.54,23405647
S32,20160505,1.54,1.575,1.525,1.565,19872436
S32,20160506,1.545,1.607,1.54,1.575,17274882
S32,20160509,1.61,1.655,1.595,1.64,22452650
S32,20160510,1.58,1.58,1.525,1.56,24535356
S32,20160511,1.6,1.625,1.595,1.62,22992449
S32,20160512,1.63,1.705,1.63,1.68,19257037
S32,20160513,1.68,1.72,1.67,1.69,14216321
S32,20160516,1.65,1.687,1.64,1.665,13893872
S32,20160517,1.685,1.697,1.64,1.655,18457526
S32,20160518,1.64,1.65,1.615,1.63,17103488
S32,20160519,1.625,1.625,1.55,1.57,18813374
S32,20160520,1.56,1.595,1.56,1.575,16752372
S32,20160523,1.595,1.627,1.575,1.605,13527715
S32,20160524,1.575,1.59,1.56,1.565,13705288
S32,20160525,1.6,1.615,1.585,1.59,11166279
S32,20160526,1.6,1.625,1.595,1.625,17673833
S32,20160527,1.645,1.645,1.59,1.61,16713213
S32,20160530,1.61,1.615,1.59,1.6,7944773
S32,20160531,1.58,1.587,1.55,1.56,20143590
S32,20160601,1.535,1.54,1.49,1.49,21582895
S32,20160602,1.5,1.505,1.442,1.45,19366015
S32,20160603,1.49,1.505,1.455,1.475,20457430
S32,20160606,1.515,1.575,1.515,1.555,15592982
S32,20160607,1.59,1.605,1.575,1.585,12296861
S32,20160608,1.565,1.61,1.56,1.6,12525004
S32,20160609,1.635,1.69,1.63,1.675,24702615
S32,20160610,1.61,1.645,1.605,1.63,14169225
S32,20160614,1.57,1.635,1.57,1.605,18607580
S32,20160615,1.56,1.595,1.555,1.57,22353626
S32,20160616,1.625,1.63,1.575,1.58,17449270
S32,20160617,1.61,1.61,1.56,1.56,17031639
S32,20160620,1.595,1.607,1.56,1.585,15286676
S32,20160621,1.61,1.67,1.595,1.65,21648988
S32,20160622,1.67,1.732,1.66,1.715,31527553
S32,20160623,1.715,1.735,1.7,1.72,10012942
S32,20160624,1.74,1.745,1.585,1.585,37033557
S32,20160627,1.58,1.642,1.58,1.61,10721251
S32,20160628,1.55,1.58,1.54,1.56,15576791
S32,20160629,1.6,1.6,1.55,1.55,17479463
S32,20160630,1.585,1.59,1.535,1.54,29099322
S32,20160701,1.565,1.59,1.55,1.56,35188035
S32,20160704,1.58,1.6,1.572,1.595,37674109
S32,20160705,1.605,1.635,1.602,1.615,21572253
S32,20160706,1.595,1.6,1.585,1.595,22929533
S32,20160707,1.61,1.65,1.607,1.645,15418657
S32,20160708,1.665,1.735,1.66,1.73,22758988
S32,20160711,1.78,1.85,1.78,1.85,27443191
S32,20160712,1.88,1.995,1.872,1.95,49713776
S32,20160713,1.945,1.95,1.885,1.915,22048329
S32,20160714,1.89,1.92,1.86,1.865,20444742
S32,20160715,1.865,1.935,1.86,1.93,14549263
S32,20160718,1.915,1.972,1.915,1.97,13578203
S32,20160719,1.94,1.955,1.875,1.88,22614468
S32,20160720,1.83,1.855,1.825,1.85,24103510
S32,20160721,1.84,1.845,1.812,1.83,16724691
S32,20160722,1.83,1.855,1.81,1.825,28630567
S32,20160725,1.83,1.845,1.82,1.84,11505806
S32,20160726,1.82,1.837,1.805,1.835,13489351
S32,20160727,1.84,1.877,1.83,1.83,18737558
S32,20160728,1.87,1.9,1.865,1.865,16319469
S32,20160729,1.865,1.875,1.825,1.835,34329862
S32,20160801,1.835,1.885,1.835,1.86,18010242
S32,20160802,1.87,1.895,1.855,1.87,20789898
S32,20160803,1.88,1.93,1.875,1.92,17884682
S32,20160804,1.94,2.01,1.92,1.935,22693061
S32,20160805,1.935,1.955,1.895,1.91,14428920
S32,20160808,1.94,1.98,1.925,1.96,13042916
S32,20160809,1.96,1.962,1.93,1.945,13685050
S32,20160810,1.915,1.925,1.88,1.925,18244444
S32,20160811,1.93,1.97,1.925,1.97,16684620
S32,20160812,1.975,1.99,1.965,1.99,19541448
S32,20160815,1.97,1.99,1.955,1.97,13899153
S32,20160816,1.995,2.02,1.985,2.02,11975462
S32,20160817,2.03,2.08,2.03,2.08,12124275
S32,20160818,2.06,2.1,2.04,2.08,11639271
S32,20160822,2.03,2.04,1.995,2.02,7126590
S32,20160823,2.03,2.04,2.02,2.03,8486303
S32,20160824,2.03,2.05,2.02,2.05,8708001
S32,20160825,2.04,2.085,1.935,2.01,22233749
S32,20160826,1.95,2.02,1.95,1.995,15972676
S32,20160829,1.965,1.98,1.935,1.98,10032343
S32,20160830,1.985,2.02,1.98,1.995,12942855
S32,20160831,1.96,1.967,1.92,1.92,20517651
S32,20160901,1.905,1.92,1.89,1.905,7877144
S32,20160902,1.92,1.98,1.917,1.97,14959612
S32,20160905,2,2.03,1.97,2.03,8487949
S32,20160906,2.03,2.11,2.02,2.11,16005574
S32,20160907,2.14,2.18,2.12,2.14,28556653
S32,20160908,2.1,2.12,2.08,2.1,10851144
S32,20160909,2.14,2.22,2.12,2.21,19872739
S32,20160912,2.14,2.14,2.1,2.12,15006056
S32,20160913,2.15,2.155,2.11,2.12,27512430
S32,20160914,2.17,2.2,2.14,2.17,22485734
S32,20160915,2.19,2.24,2.19,2.24,26849587
S32,20160916,2.26,2.31,2.25,2.28,20758981
S32,20160919,2.28,2.345,2.27,2.31,6137671
S32,20160920,2.34,2.39,2.32,2.33,31332883
S32,20160921,2.37,2.39,2.33,2.38,16879726
S32,20160922,2.35,2.43,2.345,2.41,15041197
S32,20160923,2.37,2.42,2.31,2.4,24772415
S32,20160926,2.37,2.45,2.36,2.43,16509955
S32,20160927,2.39,2.4,2.365,2.39,32029286
S32,20160928,2.38,2.4,2.37,2.38,12321872
S32,20160929,2.39,2.45,2.38,2.44,20061082
S32,20160930,2.4,2.46,2.4,2.41,16975690
S32,20161003,2.47,2.49,2.45,2.47,10624093
S32,20161004,2.5,2.52,2.46,2.47,14907846
S32,20161005,2.49,2.49,2.43,2.48,19222475
S32,20161006,2.49,2.54,2.48,2.54,25685960
S32,20161007,2.54,2.54,2.42,2.43,20498912
S32,20161010,2.49,2.51,2.405,2.42,22435977
S32,20161011,2.49,2.56,2.46,2.53,27852205
S32,20161012,2.46,2.49,2.435,2.49,19610896
S32,20161013,2.45,2.515,2.4,2.42,22799729
S32,20161014,2.45,2.49,2.44,2.48,16880162
S32,20161017,2.47,2.52,2.465,2.49,23106005
S32,20161018,2.48,2.5,2.46,2.47,15348396
S32,20161019,2.52,2.59,2.475,2.59,32661908
S32,20161020,2.57,2.635,2.51,2.58,18647408
S32,20161021,2.64,2.65,2.585,2.61,20147487
S32,20161024,2.61,2.68,2.57,2.6,14576548
S32,20161025,2.63,2.67,2.57,2.64,22571568
S32,20161026,2.62,2.65,2.59,2.61,24586723
S32,20161027,2.6,2.625,2.4,2.4,32002183
S32,20161028,2.44,2.55,2.44,2.53,27314393
S32,20161031,2.49,2.6,2.49,2.57,19632384
S32,20161101,2.53,2.645,2.51,2.63,26896769
S32,20161102,2.61,2.675,2.6,2.62,22070000
S32,20161103,2.62,2.65,2.56,2.58,23324678
S32,20161104,2.56,2.59,2.52,2.53,15132598
S32,20161107,2.52,2.54,2.49,2.52,27066443
S32,20161108,2.58,2.62,2.55,2.59,30345736
S32,20161109,2.61,2.62,2.39,2.48,40820724
S32,20161110,2.66,2.715,2.64,2.68,35410641
S32,20161111,2.76,2.84,2.76,2.82,27097939
S32,20161114,2.77,2.815,2.73,2.77,19362810
S32,20161115,2.7,2.725,2.6,2.62,29172760
S32,20161116,2.61,2.64,2.57,2.6,20169113
S32,20161117,2.55,2.64,2.54,2.62,20327447
S32,20161118,2.65,2.65,2.58,2.58,14109883
S32,20161121,2.55,2.61,2.54,2.58,11856678
S32,20161122,2.65,2.73,2.65,2.72,19130398
S32,20161123,2.76,2.89,2.75,2.88,26147782
S32,20161124,2.84,2.86,2.81,2.85,19282461
S32,20161125,2.85,2.86,2.83,2.85,26335927
S32,20161128,2.85,2.87,2.82,2.84,11747413
S32,20161129,2.84,2.855,2.8,2.8,19136936
S32,20161130,2.74,2.78,2.69,2.71,30086143
S32,20161201,2.78,2.9,2.77,2.88,31545276
S32,20161202,2.87,2.91,2.81,2.83,21484457
S32,20161205,2.83,2.925,2.81,2.9,26317526
S32,20161206,2.95,3.05,2.95,2.99,38696965
S32,20161207,3,3.02,2.96,2.97,21634837
S32,20161208,3.04,3.065,2.985,3,22489034
S32,20161209,2.98,2.98,2.92,2.93,23292221
S32,20161212,2.93,2.99,2.91,2.95,19251461
S32,20161213,2.95,3,2.89,2.89,22865190
S32,20161214,2.85,2.89,2.83,2.84,23144540
S32,20161215,2.8,2.85,2.72,2.74,33340398
S32,20161216,2.72,2.79,2.6,2.61,48029926
S32,20161219,2.62,2.72,2.61,2.66,23531864
S32,20161220,2.64,2.655,2.58,2.62,20282279
S32,20161221,2.67,2.72,2.64,2.67,22033545
S32,20161222,2.67,2.71,2.65,2.7,14678961
S32,20161223,2.65,2.74,2.64,2.73,19134354
S32,20161228,2.81,2.86,2.79,2.81,13727444
S32,20161229,2.8,2.805,2.75,2.79,8168974
S32,20161230,2.73,2.79,2.72,2.75,7432314
S32,20170103,2.75,2.88,2.745,2.86,11962757
S32,20170104,2.85,2.875,2.82,2.84,13023951
S32,20170105,2.85,2.89,2.84,2.87,10620333
S32,20170106,2.84,2.86,2.81,2.81,9382872
S32,20170109,2.79,2.815,2.74,2.77,12793818
S32,20170110,2.73,2.84,2.73,2.82,18071634
S32,20170111,2.9,2.915,2.86,2.87,27374472
S32,20170112,2.87,2.88,2.8,2.84,32389695
S32,20170113,2.85,2.895,2.81,2.82,18057179
S32,20170116,2.84,2.89,2.84,2.86,10469826
S32,20170117,2.83,2.86,2.755,2.77,22437090
S32,20170118,2.75,2.825,2.735,2.81,18945183
S32,20170119,2.83,2.86,2.77,2.78,14215680
S32,20170120,2.7,2.775,2.65,2.66,32235137
S32,20170123,2.65,2.66,2.55,2.56,25302705
S32,20170124,2.59,2.725,2.57,2.72,33179625
S32,20170125,2.77,2.85,2.715,2.85,34672389
S32,20170127,2.85,2.87,2.79,2.85,16435926
S32,20170130,2.79,2.835,2.77,2.8,18337282
S32,20170131,2.81,2.81,2.74,2.75,12858263
S32,20170201,2.78,2.815,2.755,2.78,17835382
S32,20170202,2.83,2.86,2.78,2.8,22589530
S32,20170203,2.77,2.81,2.71,2.72,12671290
S32,20170206,2.73,2.75,2.585,2.6,46292881
S32,20170207,2.6,2.65,2.58,2.62,30566744
S32,20170208,2.61,2.67,2.6,2.64,22368334
S32,20170209,2.62,2.63,2.56,2.57,30891343
S32,20170210,2.57,2.6,2.54,2.54,27497762
S32,20170213,2.59,2.635,2.54,2.56,35062959
S32,20170214,2.62,2.705,2.615,2.67,43270492
S32,20170215,2.67,2.715,2.65,2.67,31477083
S32,20170216,2.67,2.715,2.58,2.62,54518911
S32,20170217,2.64,2.71,2.61,2.69,49748986
S32,20170220,2.68,2.69,2.61,2.64,26953605
S32,20170221,2.61,2.625,2.55,2.57,45718139
S32,20170222,2.6,2.61,2.54,2.6,38448872
S32,20170223,2.54,2.55,2.46,2.5,32622870
S32,20170224,2.48,2.51,2.435,2.46,41113440
S32,20170227,2.46,2.505,2.395,2.48,36353003
S32,20170228,2.49,2.545,2.47,2.49,38062900
S32,20170301,2.48,2.53,2.47,2.49,25154083
S32,20170302,2.7,2.77,2.63,2.72,54645550
S32,20170303,2.67,2.745,2.65,2.7,44128044
S32,20170306,2.73,2.8,2.72,2.78,40236440
S32,20170307,2.78,2.86,2.76,2.82,38195920
S32,20170308,2.78,2.815,2.75,2.8,32140257
S32,20170309,2.7,2.74,2.64,2.67,43251487
S32,20170310,2.67,2.71,2.63,2.66,19820249
S32,20170313,2.62,2.63,2.57,2.59,21483083
S32,20170314,2.66,2.7,2.64,2.7,34213984
S32,20170315,2.68,2.74,2.66,2.7,22153260
S32,20170316,2.74,2.76,2.71,2.75,38659529
S32,20170317,2.78,2.8,2.76,2.8,25433831
S32,20170320,2.78,2.78,2.75,2.78,11818381
S32,20170321,2.77,2.77,2.7,2.72,16732934
S32,20170322,2.65,2.66,2.62,2.65,16649683
S32,20170323,2.69,2.75,2.69,2.75,20590002
S32,20170324,2.77,2.78,2.67,2.72,26697047
S32,20170327,2.7,2.71,2.63,2.67,18178795
S32,20170328,2.7,2.72,2.69,2.7,16302278
S32,20170329,2.73,2.75,2.71,2.74,22681402
S32,20170330,2.77,2.8,2.75,2.79,17524652
S32,20170331,2.8,2.8,2.74,2.76,22935971
S32,20170403,2.74,2.8,2.71,2.79,19421770
S32,20170404,2.82,2.91,2.815,2.86,32882734
S32,20170405,2.95,2.975,2.92,2.96,37344553
S32,20170406,2.98,3,2.89,2.95,34666894
S32,20170407,2.93,2.935,2.82,2.91,23671247
S32,20170410,2.96,2.995,2.94,2.98,23819518
S32,20170411,2.99,2.99,2.94,2.98,18300517
S32,20170412,2.98,2.98,2.925,2.96,14384277
S32,20170413,2.83,2.85,2.79,2.83,19772594
S32,20170418,2.81,2.84,2.76,2.79,15529930
S32,20170419,2.73,2.755,2.69,2.74,31258529
S32,20170420,2.74,2.75,2.69,2.72,18956464
S32,20170421,2.77,2.82,2.75,2.78,13813512
S32,20170424,2.82,2.84,2.75,2.78,11691293
S32,20170426,2.83,2.845,2.77,2.78,23320683
S32,20170427,2.76,2.83,2.74,2.81,16527704
S32,20170428,2.77,2.81,2.75,2.78,15854359
S32,20170501,2.79,2.81,2.695,2.72,21719749
S32,20170502,2.72,2.77,2.72,2.75,22265933
S32,20170503,2.73,2.76,2.71,2.72,22709178
S32,20170504,2.71,2.71,2.65,2.68,21817509
S32,20170505,2.64,2.65,2.595,2.62,29454318
S32,20170508,2.71,2.735,2.68,2.69,33417412
S32,20170509,2.69,2.73,2.68,2.73,18717554
S32,20170510,2.69,2.705,2.58,2.66,60646581
S32,20170511,2.71,2.71,2.62,2.65,35598905
S32,20170512,2.64,2.69,2.61,2.64,24972920
S32,20170515,2.63,2.69,2.63,2.68,16942820
S32,20170516,2.74,2.75,2.71,2.72,21628013
S32,20170517,2.68,2.7,2.65,2.67,25431632
S32,20170518,2.68,2.69,2.595,2.62,37948745
S32,20170519,2.6,2.64,2.59,2.62,19795673
S32,20170522,2.67,2.72,2.66,2.69,27840733
S32,20170523,2.71,2.72,2.67,2.69,42861013
S32,20170524,2.7,2.7,2.61,2.64,22981523
S32,20170525,2.67,2.73,2.655,2.73,16478160
S32,20170526,2.72,2.72,2.66,2.7,18109211
S32,20170529,2.7,2.72,2.68,2.71,16476648
S32,20170530,2.71,2.72,2.68,2.71,6001038
S32,20170531,2.69,2.71,2.62,2.64,32093081
S32,20170601,2.62,2.63,2.58,2.59,22714295
S32,20170602,2.61,2.64,2.6,2.62,17039791
S32,20170605,2.61,2.63,2.59,2.62,16298461
S32,20170606,2.6,2.63,2.59,2.62,19225188
S32,20170607,2.63,2.67,2.625,2.66,16393324
S32,20170608,2.63,2.67,2.62,2.67,17319200
S32,20170609,2.63,2.705,2.63,2.67,16497805
S32,20170613,2.7,2.74,2.68,2.73,25203783
S32,20170614,2.72,2.775,2.705,2.77,26952464
S32,20170615,2.75,2.75,2.65,2.66,61744701
S32,20170616,2.61,2.635,2.6,2.61,28684081
S32,20170619,2.6,2.63,2.59,2.6,13360235
S32,20170620,2.61,2.615,2.545,2.57,27190352
S32,20170621,2.55,2.56,2.5,2.51,30979905
S32,20170622,2.54,2.55,2.51,2.52,20097048
S32,20170623,2.54,2.58,2.52,2.57,20387668
S32,20170626,2.6,2.62,2.57,2.59,14268654
S32,20170627,2.59,2.645,2.575,2.63,23646509
S32,20170628,2.7,2.7,2.665,2.69,33484551
S32,20170629,2.7,2.77,2.7,2.76,16620644
S32,20170630,2.69,2.73,2.68,2.68,30483688
S32,20170703,2.66,2.71,2.66,2.68,7162844
S32,20170704,2.73,2.745,2.7,2.73,12944203
S32,20170705,2.73,2.78,2.72,2.76,14396012
S32,20170706,2.79,2.82,2.77,2.8,22591558
S32,20170707,2.78,2.82,2.77,2.81,18996272
S32,20170710,2.77,2.77,2.705,2.72,19430422
S32,20170711,2.73,2.78,2.71,2.77,15353923
S32,20170712,2.79,2.8,2.76,2.76,13728993
S32,20170713,2.79,2.805,2.765,2.79,13385315
S32,20170714,2.8,2.805,2.75,2.76,13723985
S32,20170717,2.78,2.9,2.78,2.89,23857485
S32,20170718,2.92,2.96,2.88,2.89,19424001
S32,20170719,2.86,2.86,2.765,2.84,19087176
S32,20170720,2.79,2.84,2.75,2.79,19999961
S32,20170721,2.75,2.76,2.7,2.72,15103841
S32,20170724,2.72,2.785,2.7,2.76,27079471
S32,20170725,2.76,2.77,2.71,2.73,22866681
S32,20170726,2.81,2.875,2.81,2.85,35366118
S32,20170727,2.89,2.93,2.88,2.91,15929754
S32,20170728,2.88,2.89,2.84,2.85,16221263
S32,20170731,2.88,2.925,2.87,2.91,13043254
S32,20170801,2.92,2.97,2.91,2.96,24903347
S32,20170802,2.93,2.955,2.89,2.94,21106214
S32,20170803,2.89,2.925,2.89,2.92,11113199
S32,20170804,2.91,2.94,2.9,2.91,14795826
S32,20170807,2.93,3.015,2.93,3.01,18330295
S32,20170808,3.04,3.04,2.99,3.01,16411163
S32,20170809,3.03,3.06,2.99,3.04,22422155
S32,20170810,3.05,3.09,3.04,3.05,12709952
S32,20170811,2.99,3.02,2.97,2.98,16479223
S32,20170815,3.06,3.085,3.01,3.02,11017111
S32,20170816,3.01,3.01,2.955,2.98,13748117
S32,20170817,3.07,3.075,3.01,3.02,19400526
S32,20170818,2.97,3.005,2.935,2.95,14163052
S32,20170821,2.94,2.96,2.93,2.94,12355972
S32,20170822,2.94,2.965,2.91,2.93,19025240
S32,20170823,2.92,2.94,2.88,2.89,17617945
S32,20170824,2.96,3.02,2.93,2.94,25386482
S32,20170825,2.91,2.915,2.83,2.85,28786816
S32,20170828,2.86,2.88,2.82,2.88,22980574
S32,20170829,2.85,2.935,2.84,2.88,20938632
S32,20170830,2.85,2.92,2.84,2.9,19907188
S32,20170831,2.93,2.94,2.9,2.92,21847446
S32,20170901,2.94,2.96,2.9,2.94,12874302
S32,20170904,2.94,2.99,2.92,2.98,13363457
S32,20170905,3,3.03,3,3.02,11312607
S32,20170906,3.02,3.09,3.015,3.08,18733818
S32,20170907,3.09,3.12,3.08,3.09,17656356
S32,20170908,3.1,3.14,3.08,3.12,19917443
S32,20170911,3.1,3.11,3.065,3.09,13336940
S32,20170912,3.13,3.22,3.12,3.21,19552911
S32,20170913,3.25,3.27,3.22,3.23,25974039
S32,20170914,3.13,3.205,3.11,3.2,28509164
S32,20170915,3.13,3.13,3.06,3.11,31802854
S32,20170918,3.11,3.2,3.08,3.19,22126634
S32,20170919,3.19,3.19,3.125,3.14,14584689
S32,20170920,3.15,3.17,3.12,3.14,26047388
S32,20170921,3.2,3.22,3.17,3.17,23576138
S32,20170922,3.21,3.235,3.185,3.22,11975568
S32,20170925,3.22,3.255,3.2,3.23,11753298
S32,20170926,3.24,3.24,3.18,3.19,15256116
S32,20170927,3.2,3.28,3.185,3.26,19931745
S32,20170928,3.24,3.28,3.21,3.23,11388274
S32,20170929,3.24,3.3,3.235,3.27,38643757
S32,20171002,3.3,3.44,3.3,3.43,21040067
S32,20171003,3.43,3.44,3.34,3.35,20405375
S32,20171004,3.32,3.34,3.3,3.31,13842600
S32,20171005,3.34,3.375,3.28,3.28,16456798
S32,20171006,3.31,3.34,3.28,3.33,13836278
S32,20171009,3.33,3.335,3.26,3.27,15196775
S32,20171010,3.25,3.325,3.25,3.28,17318409
S32,20171011,3.3,3.32,3.25,3.26,15020046
S32,20171012,3.23,3.235,3.19,3.23,15898872
S32,20171013,3.24,3.25,3.21,3.23,13095185
S32,20171016,3.24,3.255,3.195,3.24,15330778
S32,20171017,3.25,3.27,3.195,3.21,14656430
S32,20171018,3.2,3.24,3.19,3.23,12302770
S32,20171019,3.16,3.2,3.1,3.15,25236967
S32,20171020,3.13,3.19,3.11,3.19,14423696
S32,20171023,3.16,3.165,3.105,3.11,15045818
S32,20171024,3.12,3.17,3.11,3.15,15954424
S32,20171025,3.18,3.265,3.17,3.25,21106612
S32,20171026,3.25,3.315,3.25,3.3,18687346
S32,20171027,3.38,3.46,3.38,3.46,36510319
S32,20171030,3.43,3.44,3.38,3.43,13535265
S32,20171031,3.4,3.41,3.355,3.37,16489529
S32,20171101,3.43,3.52,3.42,3.5,19756813
S32,20171102,3.64,3.68,3.59,3.61,23360746
S32,20171103,3.59,3.625,3.56,3.61,14243947
S32,20171106,3.57,3.625,3.53,3.55,16023623
S32,20171107,3.52,3.53,3.47,3.51,16955226
S32,20171108,3.47,3.48,3.44,3.47,16551499
S32,20171109,3.43,3.52,3.41,3.47,32491073
S32,20171110,3.43,3.52,3.41,3.47,32491073
S32,20171113,3.36,3.37,3.34,3.36,19415355
S32,20171114,3.31,3.33,3.28,3.32,29766002
S32,20171115,3.24,3.285,3.22,3.25,27550197
S32,20171116,3.2,3.33,3.18,3.3,33390155
S32,20171117,3.29,3.315,3.28,3.3,17868642
S32,20171120,3.3,3.34,3.29,3.29,13368779
S32,20171121,3.3,3.33,3.29,3.33,31428683
S32,20171122,3.31,3.34,3.31,3.32,24571309
S32,20171123,3.37,3.44,3.34,3.39,15380153
S32,20171124,3.36,3.43,3.36,3.42,8882039
S32,20171127,3.38,3.38,3.31,3.33,19483787
S32,20171128,3.32,3.385,3.31,3.32,41086990
S32,20171129,3.32,3.365,3.32,3.35,16832952
S32,20171130,3.33,3.37,3.26,3.26,29815740
S32,20171201,3.22,3.26,3.2,3.21,21700599
S32,20171204,3.25,3.305,3.23,3.26,15094372
S32,20171205,3.29,3.45,3.28,3.38,30136369
S32,20171206,3.29,3.3,3.23,3.24,28362875
S32,20171207,3.2,3.22,3.19,3.22,15296383
S32,20171208,3.2,3.23,3.18,3.22,12372677
S32,20171211,3.23,3.265,3.21,3.25,13822493
S32,20171212,3.25,3.265,3.21,3.23,16956838
S32,20171213,3.19,3.205,3.15,3.16,16335492
S32,20171214,3.22,3.31,3.21,3.26,31558645
S32,20171215,3.25,3.27,3.2,3.22,17195216
S32,20171218,3.26,3.29,3.25,3.27,10244885
S32,20171219,3.31,3.38,3.3,3.37,19708222
S32,20171220,3.37,3.43,3.37,3.41,20287496
S32,20171221,3.36,3.42,3.36,3.39,29660661
S32,20171222,3.41,3.455,3.35,3.36,18085925
S32,20171227,3.38,3.42,3.355,3.41,6631511
S32,20171228,3.43,3.47,3.4,3.47,5897006
S32,20171229,3.48,3.515,3.435,3.49,9364669
S32,20180102,3.5,3.51,3.46,3.51,7417141
S32,20180103,3.55,3.62,3.545,3.58,16078064
S32,20180104,3.62,3.62,3.53,3.56,13415019
S32,20180105,3.6,3.68,3.58,3.65,15378660
S32,20180108,3.66,3.69,3.63,3.65,14372107
S32,20180109,3.7,3.75,3.67,3.73,25629689
S32,20180110,3.72,3.72,3.67,3.69,17111950
S32,20180111,3.67,3.75,3.665,3.72,21356073
S32,20180112,3.72,3.87,3.72,3.87,37174285
S32,20180115,3.91,4.01,3.9,3.97,33893865
S32,20180116,3.93,4.025,3.91,3.98,16300120
S32,20180117,3.87,3.93,3.87,3.92,17377405
S32,20180118,3.8,3.87,3.79,3.82,22775513
S32,20180119,3.81,3.86,3.81,3.85,14320153
S32,20180122,3.84,3.84,3.74,3.75,20974026
S32,20180123,3.76,3.81,3.76,3.81,11704193
S32,20180124,3.76,3.83,3.74,3.82,22944101
S32,20180125,3.82,3.855,3.79,3.83,15427633
S32,20180129,3.84,4,3.82,3.97,26295020
S32,20180130,3.9,3.93,3.8,3.83,20165659
S32,20180131,3.8,3.825,3.76,3.82,18637625
S32,20180201,3.87,3.91,3.86,3.89,8234915
S32,20180202,3.85,3.86,3.815,3.83,12131454
S32,20180205,3.7,3.78,3.69,3.73,17464169
S32,20180207,3.7,3.75,3.68,3.7,21780438
S32,20180208,3.63,3.715,3.62,3.71,13831226
S32,20180209,3.62,3.68,3.62,3.66,15155730
S32,20180212,3.64,3.81,3.64,3.76,18022123
S32,20180213,3.8,3.84,3.675,3.71,17519413
S32,20180214,3.7,3.74,3.66,3.7,12846393
S32,20180215,3.77,3.78,3.48,3.5,40816853
S32,20180216,3.24,3.385,3.15,3.32,43206160
S32,20180219,3.28,3.315,3.19,3.28,46413937
S32,20180220,3.24,3.265,3.18,3.21,42912056
S32,20180221,3.15,3.19,3.11,3.13,35243002
S32,20180222,3.15,3.18,3.09,3.14,42920991
S32,20180223,3.26,3.365,3.25,3.35,36834275
S32,20180226,3.37,3.37,3.29,3.35,21673223
S32,20180227,3.39,3.455,3.345,3.38,40537669
S32,20180228,3.34,3.415,3.315,3.32,42909836
S32,20180301,3.31,3.375,3.29,3.34,17572499
S32,20180302,3.34,3.355,3.29,3.3,19160754
S32,20180305,3.27,3.34,3.25,3.29,27378202
S32,20180306,3.35,3.44,3.35,3.43,39090117
S32,20180307,3.37,3.41,3.31,3.34,23081723
S32,20180308,3.28,3.3,3.245,3.25,29979500
S32,20180309,3.21,3.28,3.18,3.2,21129557
S32,20180312,3.28,3.305,3.235,3.24,25557713
S32,20180313,3.24,3.25,3.155,3.18,20341957
S32,20180314,3.17,3.18,3.14,3.18,21931336
S32,20180315,3.18,3.21,3.145,3.2,24943718
S32,20180316,3.22,3.4,3.22,3.38,66149432
S32,20180319,3.41,3.445,3.39,3.41,22262210
S32,20180320,3.34,3.35,3.28,3.31,34226253
S32,20180321,3.33,3.345,3.28,3.29,13322979
S32,20180322,3.29,3.405,3.28,3.38,18081503
S32,20180323,3.28,3.28,3.17,3.2,42975275
S32,20180326,3.19,3.205,3.15,3.17,14224457
S32,20180327,3.25,3.3,3.22,3.28,25333533
S32,20180328,3.24,3.25,3.205,3.24,16985977
S32,20180329,3.23,3.29,3.2,3.22,29319943
S32,20180403,3.2,3.3,3.195,3.28,19670777
S32,20180404,3.27,3.33,3.26,3.32,18286995
S32,20180405,3.28,3.32,3.245,3.26,17501206
S32,20180406,3.27,3.28,3.22,3.27,11982897
S32,20180409,3.26,3.335,3.255,3.31,11689309
S32,20180410,3.37,3.5,3.36,3.48,27264113
S32,20180411,3.45,3.46,3.39,3.4,21050696
S32,20180412,3.34,3.48,3.34,3.46,21092224
S32,20180413,3.51,3.55,3.47,3.48,31399213
S32,20180416,3.59,3.67,3.575,3.59,32941566
S32,20180417,3.64,3.68,3.62,3.62,25791544
S32,20180418,3.66,3.74,3.64,3.71,28403633
S32,20180419,3.94,3.99,3.855,3.88,41107779
S32,20180420,3.83,3.95,3.83,3.93,22291057
S32,20180423,3.93,3.975,3.92,3.96,14103540
S32,20180424,3.6,3.65,3.53,3.58,55591288
S32,20180426,3.64,3.71,3.635,3.66,30575549
S32,20180427,3.71,3.75,3.685,3.73,30331871
S32,20180430,3.71,3.73,3.67,3.72,14829583
S32,20180501,3.69,3.73,3.66,3.69,23141269
S32,20180502,3.72,3.78,3.715,3.73,21086371
S32,20180503,3.82,3.905,3.81,3.88,27546446
S32,20180504,3.83,3.83,3.73,3.76,45513226
S32,20180507,3.8,3.86,3.78,3.85,22978090
S32,20180508,3.85,3.87,3.79,3.8,20393361
S32,20180509,3.82,3.87,3.81,3.85,19989926
S32,20180510,3.88,3.92,3.87,3.9,16606940
S32,20180511,3.91,3.96,3.89,3.94,10700871
S32,20180514,3.99,4.06,3.985,4.01,29239133
S32,20180515,4,4.02,3.95,3.96,13806529
S32,20180516,3.94,4.015,3.9,3.97,21757281
S32,20180517,3.97,4.07,3.96,4.03,20539163
S32,20180518,4.02,4.035,3.94,4.01,17483521
S32,20180521,3.95,3.96,3.88,3.89,18619328
S32,20180522,3.85,3.905,3.835,3.85,13368053
S32,20180523,3.84,3.89,3.795,3.81,20428977
S32,20180524,3.8,3.81,3.745,3.77,15681824
S32,20180525,3.75,3.825,3.75,3.75,20430937
S32,20180528,3.7,3.73,3.675,3.69,10914164
S32,20180529,3.65,3.73,3.64,3.69,11273207
S32,20180530,3.62,3.66,3.61,3.65,21929211
S32,20180531,3.71,3.755,3.69,3.72,29413963
S32,20180601,3.73,3.81,3.725,3.79,18255124
S32,20180604,3.86,3.88,3.85,3.88,11524919
S32,20180605,3.85,3.86,3.79,3.81,20743786
S32,20180606,3.86,3.885,3.81,3.83,19616926
S32,20180607,3.88,3.94,3.87,3.88,12201854
S32,20180608,3.87,3.89,3.81,3.85,10081390
S32,20180612,3.85,3.87,3.745,3.79,22577056
S32,20180613,3.78,3.795,3.74,3.76,12137962
S32,20180614,3.76,3.825,3.75,3.81,10166970
S32,20180615,3.84,3.9,3.83,3.9,23851787
S32,20180618,3.8,3.86,3.735,3.85,31801144
S32,20180619,3.87,3.87,3.725,3.74,23683285
S32,20180620,3.75,3.76,3.69,3.73,32493589
S32,20180621,3.8,3.8,3.75,3.76,26453966
S32,20180622,3.73,3.74,3.61,3.63,25285743
S32,20180625,3.62,3.65,3.59,3.61,20392764
S32,20180626,3.55,3.58,3.525,3.56,19188637
S32,20180627,3.58,3.63,3.57,3.57,16159653
S32,20180628,3.6,3.63,3.57,3.58,15261925
S32,20180629,3.6,3.65,3.58,3.61,26864092
S32,20180702,3.62,3.705,3.6,3.64,15233399
S32,20180703,3.62,3.63,3.53,3.57,28024437
S32,20180704,3.59,3.59,3.53,3.56,11757272
S32,20180705,3.53,3.57,3.5,3.53,14755131
S32,20180706,3.58,3.64,3.57,3.62,13314592
S32,20180710,3.68,3.705,3.66,3.69,14598457
S32,20180711,3.65,3.665,3.62,3.64,17934841
S32,20180712,3.63,3.64,3.57,3.6,19086647
S32,20180713,3.66,3.66,3.615,3.63,21354068
S32,20180716,3.63,3.65,3.61,3.63,8566581
S32,20180717,3.58,3.595,3.545,3.55,11287491
S32,20180718,3.6,3.625,3.57,3.58,14773705
S32,20180719,3.61,3.675,3.6,3.65,26008328
S32,20180720,3.6,3.6,3.52,3.54,19231905
S32,20180723,3.5,3.505,3.45,3.49,10239889
S32,20180724,3.51,3.58,3.51,3.57,13184944
S32,20180725,3.64,3.67,3.615,3.63,13705636
S32,20180726,3.63,3.67,3.6,3.62,14864157
S32,20180727,3.65,3.66,3.62,3.63,8575577
S32,20180730,3.6,3.6,3.55,3.58,8463284
S32,20180731,3.62,3.62,3.55,3.57,13755233
S32,20180801,3.61,3.64,3.59,3.61,9294779
S32,20180802,3.58,3.58,3.52,3.52,16097508
S32,20180803,3.51,3.52,3.4,3.43,19352472
S32,20180806,3.49,3.51,3.45,3.48,11046749
S32,20180807,3.47,3.515,3.455,3.48,14224123
S32,20180808,3.51,3.55,3.51,3.52,11730666
S32,20180809,3.6,3.68,3.6,3.63,24622219
S32,20180810,3.66,3.68,3.62,3.63,10686102
S32,20180813,3.58,3.59,3.5,3.55,16626720
S32,20180814,3.6,3.6,3.515,3.53,22193264
S32,20180816,3.29,3.4,3.28,3.38,14263237
S32,20180817,3.39,3.4,3.33,3.36,14627969
S32,20180820,3.36,3.425,3.36,3.37,15018728
S32,20180821,3.33,3.35,3.27,3.29,15160384
S32,20180822,3.28,3.28,3.225,3.26,18357935
S32,20180823,3.45,3.52,3.42,3.42,28770257
S32,20180824,3.5,3.52,3.38,3.39,30308551
S32,20180827,3.43,3.45,3.34,3.38,23861997
S32,20180828,3.42,3.51,3.39,3.5,25928176
S32,20180829,3.54,3.58,3.525,3.57,30042802
S32,20180830,3.58,3.615,3.52,3.58,22330086
S32,20180831,3.53,3.54,3.48,3.48,29536661
S32,20180903,3.48,3.51,3.46,3.5,12158749
S32,20180904,3.49,3.51,3.45,3.47,11452128
S32,20180905,3.45,3.46,3.37,3.39,20904678
S32,20180906,3.43,3.47,3.4,3.47,26502985
S32,20180907,3.44,3.5,3.43,3.49,14624706
S32,20180910,3.49,3.585,3.455,3.55,17488647
S32,20180913,3.6,3.735,3.6,3.69,51916143
S32,20180914,3.72,3.775,3.7,3.75,21621967
S32,20180917,3.81,3.85,3.79,3.81,31122800
S32,20180918,3.79,3.82,3.75,3.81,25057231
S32,20180919,3.86,3.91,3.855,3.89,36285786
S32,20180920,3.86,3.88,3.84,3.85,24675781
S32,20180921,3.86,3.94,3.85,3.9,34551711
S32,20180924,3.87,3.88,3.8,3.85,19597722
S32,20180925,3.85,3.95,3.84,3.9,18103649
S32,20180926,3.92,3.96,3.91,3.92,13727988
S32,20180927,3.91,3.96,3.88,3.89,16056646
S32,20180928,3.93,3.98,3.915,3.92,20273248
S32,20181001,3.86,3.9,3.84,3.88,12605541
S32,20181002,3.93,3.965,3.88,3.91,20563405
S32,20181003,3.94,3.975,3.92,3.96,15930249
S32,20181004,4.17,4.28,4.14,4.25,52604975
S32,20181005,4.22,4.28,4.19,4.23,23250137
S32,20181008,4.05,4.06,3.98,4,23604804
S32,20181009,3.96,4.05,3.96,4.02,21363895
S32,20181010,4.02,4.04,3.92,3.93,24110433
S32,20181011,3.76,3.84,3.75,3.81,29115574
S32,20181012,3.84,3.91,3.835,3.88,15374546
S32,20181015,3.8,3.83,3.75,3.82,21267444
S32,20181016,3.85,3.91,3.83,3.85,19638438
S32,20181017,3.87,3.87,3.81,3.82,10138017
S32,20181018,3.85,3.855,3.74,3.85,21127026
S32,20181019,3.76,3.79,3.74,3.76,23599027
S32,20181022,3.74,3.8,3.7,3.78,22648803
S32,20181023,3.8,3.81,3.71,3.73,21273373
S32,20181024,3.68,3.69,3.615,3.65,13798237
S32,20181025,3.55,3.58,3.505,3.52,23311615
S32,20181026,3.56,3.57,3.475,3.51,17544797
S32,20181030,3.5,3.62,3.495,3.61,16942380
S32,20181031,3.59,3.62,3.54,3.62,15072140
S32,20181101,3.66,3.66,3.565,3.59,16203166
S32,20181102,3.68,3.7,3.585,3.66,18711814
S32,20181105,3.61,3.69,3.59,3.64,21383565
S32,20181106,3.67,3.71,3.67,3.69,13678560
S32,20181107,3.65,3.68,3.63,3.66,12727292
S32,20181108,3.68,3.71,3.63,3.64,15603970
S32,20181109,3.6,3.61,3.5,3.54,14092998
S32,20181112,3.49,3.54,3.44,3.53,30993286
S32,20181113,3.46,3.5,3.42,3.44,13957226
S32,20181114,3.38,3.41,3.31,3.35,19084269
S32,20181115,3.33,3.38,3.3,3.33,17584654
S32,20181116,3.35,3.42,3.35,3.38,15734274
S32,20181119,3.37,3.37,3.3,3.31,12808023
S32,20181120,3.3,3.32,3.24,3.27,15801269
S32,20181121,3.17,3.18,3.09,3.13,25664666
S32,20181122,3.16,3.18,3.13,3.15,26902346
S32,20181123,3.16,3.18,3.13,3.16,7673478
S32,20181126,3.11,3.13,3.08,3.1,13884021
S32,20181127,3.08,3.14,3.07,3.11,15282414
S32,20181128,3.07,3.09,3.03,3.09,15739353
S32,20181129,3.15,3.195,3.12,3.14,23918662
S32,20181130,3.12,3.16,3.1,3.1,30389236
S32,20181203,3.23,3.33,3.21,3.32,47812395
S32,20181204,3.26,3.28,3.21,3.21,25981968
S32,20181205,3.18,3.23,3.13,3.23,37401438
S32,20181206,3.19,3.19,3.1,3.12,18163729
S32,20181207,3.12,3.16,3.07,3.09,16998744
S32,20181210,3.06,3.07,3,3.04,21541052
S32,20181211,3.07,3.09,3.04,3.09,12074419
S32,20181212,3.17,3.195,3.135,3.18,21110434
S32,20181213,3.22,3.285,3.22,3.25,15888020
S32,20181214,3.3,3.3,3.24,3.28,19843980
S32,20181217,3.25,3.37,3.24,3.36,15728558
S32,20181218,3.32,3.385,3.31,3.33,17206904
S32,20181219,3.32,3.34,3.28,3.31,10877377
S32,20181220,3.22,3.28,3.15,3.15,31261277
S32,20181221,3.24,3.27,3.14,3.18,37587858
S32,20181224,3.15,3.26,3.13,3.24,6024402
S32,20181227,3.3,3.37,3.29,3.35,15531472
S32,20181228,3.3,3.39,3.3,3.39,8025824
S32,20181231,3.38,3.41,3.35,3.35,4091699
S32,20190102,3.36,3.37,3.27,3.27,8242221
S32,20190103,3.32,3.34,3.25,3.25,10623803
S32,20190104,3.24,3.28,3.19,3.28,9902856
S32,20190107,3.36,3.39,3.34,3.37,10326244
S32,20190108,3.37,3.43,3.35,3.39,14337789
S32,20190109,3.36,3.44,3.32,3.4,26287314
S32,20190110,3.43,3.49,3.38,3.43,15805370
S32,20190111,3.38,3.415,3.37,3.4,9591960
S32,20190114,3.43,3.48,3.385,3.4,10369601
S32,20190115,3.38,3.4,3.34,3.4,11904796
S32,20190116,3.39,3.425,3.3,3.33,22081774
S32,20190117,3.33,3.495,3.33,3.45,18978244
S32,20190118,3.45,3.455,3.4,3.41,10219338
S32,20190121,3.46,3.46,3.37,3.39,10146570
S32,20190122,3.38,3.4,3.34,3.36,9039111
S32,20190123,3.35,3.37,3.325,3.34,12005901
S32,20190124,3.34,3.34,3.3,3.31,16811595
S32,20190125,3.28,3.32,3.25,3.29,25566924
S32,20190129,3.32,3.39,3.31,3.37,17197499
S32,20190130,3.41,3.475,3.4,3.44,19104434
S32,20190131,3.48,3.55,3.46,3.53,28070813
S32,20190201,3.51,3.53,3.47,3.5,13040305
S32,20190204,3.46,3.48,3.42,3.45,12090113
S32,20190205,3.45,3.54,3.45,3.51,15994660
S32,20190206,3.48,3.56,3.46,3.53,16395515
S32,20190207,3.61,3.75,3.61,3.7,31474628
S32,20190208,3.66,3.7,3.62,3.64,30841756
S32,20190211,3.68,3.74,3.66,3.7,16870651
S32,20190212,3.65,3.7,3.62,3.69,20292606
S32,20190213,3.72,3.77,3.65,3.67,14147091
S32,20190214,3.77,3.86,3.76,3.8,52968183
S32,20190215,3.78,3.82,3.76,3.81,21883971
S32,20190218,3.85,3.86,3.8,3.85,21038551
S32,20190219,3.86,3.93,3.82,3.89,24120846
S32,20190220,3.93,3.99,3.9,3.91,19219332
S32,20190221,3.87,3.91,3.835,3.87,26555478
S32,20190222,3.84,3.92,3.82,3.83,33996390
S32,20190225,3.86,3.96,3.86,3.93,30321775
S32,20190226,3.86,3.89,3.83,3.89,18864356
S32,20190227,3.93,3.975,3.92,3.95,15118829
S32,20190228,3.98,3.99,3.89,3.91,22988358
S32,20190301,3.96,3.96,3.89,3.91,14441345
S32,20190304,3.87,3.92,3.85,3.91,15309671
S32,20190305,3.88,3.9,3.86,3.9,17896351
S32,20190306,3.88,3.89,3.86,3.89,16008355
S32,20190307,3.84,3.88,3.81,3.82,19355260
S32,20190308,3.77,3.84,3.73,3.78,13654481
S32,20190311,3.74,3.795,3.72,3.77,10730761
S32,20190312,3.84,3.87,3.8,3.8,11796522
S32,20190313,3.76,3.84,3.75,3.82,14650677
S32,20190314,3.84,3.9,3.84,3.85,10929606
S32,20190315,3.8,3.88,3.795,3.81,26240991
S32,20190318,3.81,3.87,3.8,3.86,10039822
S32,20190319,3.85,3.895,3.84,3.88,11929302
S32,20190320,3.85,3.895,3.82,3.84,11581491
S32,20190321,3.84,3.86,3.815,3.84,18150068
S32,20190322,3.86,3.91,3.85,3.87,14127438
S32,20190325,3.8,3.81,3.735,3.76,18146097
S32,20190326,3.79,3.79,3.695,3.73,27107068
S32,20190327,3.68,3.7,3.64,3.68,16088253
S32,20190328,3.7,3.76,3.695,3.74,12398659
S32,20190329,3.7,3.77,3.68,3.73,21359714
S32,20190401,3.71,3.8,3.67,3.75,20160828
S32,20190402,3.78,3.86,3.78,3.81,18911953
S32,20190403,3.83,3.91,3.82,3.91,23544589
S32,20190404,3.89,3.92,3.86,3.88,14965293
S32,20190405,3.84,3.88,3.805,3.82,12478479
S32,20190408,3.83,3.9,3.82,3.88,12727053
S32,20190409,3.83,3.84,3.755,3.77,23119150
S32,20190410,3.72,3.735,3.68,3.7,18050733
S32,20190411,3.63,3.65,3.56,3.58,26457767
S32,20190412,3.57,3.59,3.53,3.54,12799023
S32,20190415,3.53,3.56,3.48,3.5,12050317
S32,20190416,3.43,3.54,3.42,3.52,21654371
S32,20190417,3.47,3.53,3.42,3.51,15135513
S32,20190418,3.46,3.53,3.44,3.49,16710037
S32,20190423,3.49,3.49,3.45,3.47,18947875
S32,20190424,3.46,3.47,3.39,3.4,22696579
S32,20190426,3.41,3.44,3.39,3.41,17058877
S32,20190429,3.36,3.38,3.33,3.33,16195558
S32,20190430,3.34,3.37,3.31,3.34,16784601
S32,20190501,3.36,3.37,3.32,3.33,8656621
S32,20190502,3.3,3.35,3.26,3.34,15869946
S32,20190503,3.32,3.35,3.3,3.31,7305325
S32,20190506,3.32,3.34,3.26,3.3,19019424
S32,20190507,3.35,3.39,3.33,3.36,12639385
S32,20190508,3.32,3.345,3.27,3.3,19833226
S32,20190509,3.3,3.32,3.27,3.28,12831364
S32,20190510,3.26,3.32,3.26,3.29,15842643
S32,20190513,3.26,3.37,3.255,3.34,16768286
S32,20190514,3.32,3.41,3.3,3.4,23171933
S32,20190515,3.4,3.48,3.4,3.46,22000149
S32,20190516,3.5,3.53,3.49,3.52,27861928
S32,20190517,3.51,3.545,3.48,3.52,17006452
S32,20190520,3.49,3.51,3.46,3.51,19146222
S32,20190521,3.42,3.46,3.4,3.46,23114800
S32,20190522,3.49,3.51,3.45,3.48,17173940
S32,20190523,3.49,3.49,3.425,3.45,16163284
S32,20190524,3.4,3.44,3.37,3.44,16326902
S32,20190527,3.45,3.5,3.445,3.46,5644861
S32,20190528,3.48,3.495,3.44,3.44,19250973
S32,20190529,3.39,3.41,3.335,3.36,24227670
S32,20190530,3.31,3.34,3.28,3.29,21308385
S32,20190531,3.29,3.355,3.29,3.32,15065632
S32,20190603,3.32,3.33,3.27,3.27,11084277
S32,20190604,3.26,3.27,3.22,3.24,23150834
S32,20190605,3.23,3.24,3.21,3.23,12984075
S32,20190606,3.22,3.23,3.19,3.2,15416017
S32,20190607,3.2,3.25,3.19,3.24,20984163
S32,20190611,3.22,3.235,3.21,3.22,23483473
S32,20190612,3.23,3.26,3.22,3.25,16842579
S32,20190613,3.24,3.25,3.2,3.22,22559525
S32,20190614,3.22,3.34,3.21,3.31,22127354
S32,20190617,3.25,3.25,3.17,3.17,21713318
S32,20190618,3.17,3.19,3.13,3.17,32172347
S32,20190619,3.18,3.26,3.18,3.22,24898465
S32,20190620,3.17,3.21,3.13,3.19,44174118
S32,20190621,3.15,3.275,3.15,3.22,34561734
S32,20190624,3.22,3.27,3.21,3.24,15135088
S32,20190625,3.2,3.26,3.2,3.22,19944305
S32,20190626,3.19,3.22,3.18,3.2,27047636
S32,20190627,3.21,3.26,3.2,3.25,15634948
S32,20190628,3.22,3.23,3.165,3.18,18587441
S32,20190701,3.21,3.22,3.18,3.2,13965645
S32,20190702,3.23,3.32,3.225,3.29,24683873
S32,20190703,3.28,3.305,3.26,3.28,16232327
S32,20190704,3.28,3.29,3.2,3.23,18463870
S32,20190705,3.2,3.2,3.15,3.16,26448741
S32,20190708,3.15,3.17,3.13,3.16,15426211
S32,20190709,3.16,3.18,3.13,3.14,18327073
S32,20190710,3.14,3.14,3.05,3.06,25442525
S32,20190711,3.06,3.165,3.06,3.15,28786325
S32,20190712,3.1,3.165,3.08,3.13,20977747
S32,20190715,3.11,3.15,3.1,3.11,16610521
S32,20190716,3.09,3.09,3.03,3.04,17498660
S32,20190717,3.01,3.06,3,3.03,17424152
S32,20190718,3.02,3.06,2.97,2.98,24629598
S32,20190719,2.97,3.04,2.95,3.01,16768707
S32,20190722,3,3.1,2.99,3.09,16421921
S32,20190723,3.09,3.14,3.07,3.12,25687324
S32,20190724,3.14,3.185,3.12,3.13,22357107
S32,20190725,3.13,3.17,3.1,3.16,31173924
S32,20190726,3.15,3.19,3.12,3.16,15278963
S32,20190729,3.17,3.18,3.14,3.17,12763217
S32,20190730,3.17,3.19,3.15,3.16,11010241
S32,20190731,3.16,3.18,3.13,3.14,14568465
S32,20190801,3.1,3.14,3.08,3.1,12279405
S32,20190802,3.03,3.05,2.97,2.98,18881618
S32,20190805,2.96,2.965,2.83,2.86,26059895
S32,20190806,2.79,2.81,2.73,2.79,26424676
S32,20190807,2.79,2.81,2.76,2.77,18848603
S32,20190808,2.77,2.86,2.76,2.83,25066690
S32,20190809,2.86,2.92,2.855,2.88,18598107
S32,20190812,2.89,2.89,2.8,2.82,13049281
S32,20190813,2.78,2.86,2.78,2.85,18362933
S32,20190814,2.92,2.94,2.88,2.93,19878344
S32,20190815,2.84,2.85,2.77,2.8,17452478
S32,20190816,2.78,2.82,2.74,2.76,19160820
S32,20190819,2.76,2.85,2.76,2.82,14567737
S32,20190820,2.8,2.83,2.77,2.83,13725292
S32,20190821,2.81,2.81,2.725,2.75,16919049
S32,20190822,2.73,2.75,2.59,2.63,18499398
S32,20190823,2.54,2.56,2.44,2.46,27053239
S32,20190826,2.39,2.47,2.36,2.47,27237762
S32,20190827,2.48,2.5,2.43,2.45,24485302
S32,20190828,2.47,2.54,2.44,2.54,27020747
S32,20190829,2.6,2.62,2.55,2.57,29169282
S32,20190830,2.61,2.645,2.59,2.64,21082371
S32,20190902,2.65,2.675,2.61,2.64,15181243
S32,20190903,2.63,2.73,2.63,2.7,15621856
S32,20190904,2.63,2.69,2.61,2.68,24128456
S32,20190905,2.69,2.75,2.69,2.71,20215905
S32,20190906,2.75,2.81,2.74,2.79,25202495
S32,20190909,2.8,2.8,2.725,2.74,13051001
S32,20190910,2.75,2.75,2.65,2.69,30032559
S32,20190911,2.75,2.81,2.73,2.78,29895888
S32,20190912,2.76,2.78,2.73,2.76,12315871
S32,20190913,2.76,2.835,2.75,2.81,28810532
S32,20190916,2.8,2.84,2.78,2.81,21169871
S32,20190917,2.78,2.78,2.71,2.73,26902072
S32,20190918,2.72,2.74,2.68,2.72,19930284
S32,20190919,2.75,2.76,2.725,2.73,24281550
S32,20190920,2.74,2.8,2.72,2.77,24617283
S32,20190923,2.76,2.765,2.71,2.74,14688856
S32,20190924,2.69,2.69,2.64,2.65,28544737
S32,20190925,2.6,2.62,2.55,2.61,26742867
S32,20190926,2.59,2.62,2.57,2.57,22043934
S32,20190927,2.55,2.65,2.55,2.63,23112960
S32,20190930,2.63,2.68,2.62,2.62,16706485
S32,20191001,2.6,2.66,2.59,2.65,14154657
S32,20191002,2.6,2.61,2.55,2.55,19125956
S32,20191003,2.5,2.51,2.46,2.46,18131563
S32,20191004,2.46,2.48,2.43,2.43,13126662
S32,20191007,2.44,2.44,2.4,2.44,9654993
S32,20191008,2.47,2.49,2.45,2.47,12979499
S32,20191009,2.43,2.44,2.39,2.41,14632362
S32,20191010,2.4,2.43,2.38,2.42,17087560
S32,20191011,2.49,2.505,2.45,2.45,20322925
S32,20191014,2.49,2.575,2.485,2.5,19070372
S32,20191015,2.45,2.48,2.44,2.47,12415288
S32,20191016,2.49,2.495,2.44,2.46,11796903
S32,20191017,2.47,2.515,2.44,2.5,21780682
S32,20191018,2.48,2.52,2.44,2.46,17985575
S32,20191021,2.46,2.49,2.42,2.44,16938859
S32,20191022,2.49,2.6,2.49,2.6,23923316
S32,20191023,2.58,2.62,2.54,2.57,24759058
S32,20191024,2.61,2.625,2.55,2.58,11588558
S32,20191025,2.6,2.61,2.56,2.6,15702842
S32,20191028,2.6,2.65,2.58,2.59,24491987
S32,20191029,2.62,2.66,2.61,2.64,22992230
S32,20191030,2.63,2.64,2.59,2.63,16357237
S32,20191031,2.62,2.62,2.55,2.55,15934025
S32,20191101,2.54,2.54,2.49,2.53,14855545
S32,20191104,2.58,2.62,2.555,2.61,12833752
S32,20191105,2.6,2.62,2.57,2.58,12659890
S32,20191106,2.61,2.655,2.595,2.65,20530128
S32,20191107,2.68,2.74,2.65,2.72,27823268
S32,20191108,2.77,2.78,2.73,2.74,17199727
S32,20191111,2.76,2.765,2.72,2.75,12842945
S32,20191112,2.72,2.74,2.68,2.74,15432434
S32,20191113,2.73,2.74,2.69,2.71,12628191
S32,20191114,2.68,2.7,2.65,2.7,10059916
S32,20191115,2.72,2.72,2.67,2.69,8804582
S32,20191118,2.68,2.7,2.66,2.69,7594314
S32,20191119,2.66,2.69,2.63,2.69,16376500
S32,20191120,2.65,2.67,2.6,2.64,22096405
S32,20191121,2.57,2.66,2.56,2.6,26422223
S32,20191122,2.62,2.67,2.62,2.64,12692087
S32,20191125,2.62,2.67,2.62,2.64,14495125
S32,20191126,2.67,2.685,2.605,2.64,31211483
S32,20191127,2.65,2.69,2.65,2.67,11241813
S32,20191128,2.66,2.7,2.65,2.68,11938919
S32,20191129,2.7,2.73,2.68,2.7,14953441
S32,20191202,2.7,2.705,2.655,2.67,16038803
S32,20191203,2.61,2.62,2.575,2.59,20605208
S32,20191204,2.55,2.63,2.52,2.61,27216308
S32,20191205,2.62,2.66,2.59,2.6,17669927
S32,20191206,2.61,2.62,2.535,2.54,10788369
S32,20191209,2.57,2.68,2.565,2.66,21845922
S32,20191210,2.64,2.73,2.64,2.71,16304476
S32,20191211,2.73,2.795,2.72,2.79,26822580
S32,20191212,2.81,2.835,2.79,2.8,21892621
S32,20191213,2.87,2.89,2.84,2.88,32267837
S32,20191216,2.9,2.93,2.88,2.92,18847125
S32,20191217,2.94,2.94,2.86,2.88,20708549
S32,20191218,2.85,2.88,2.83,2.86,21604087
S32,20191219,2.87,2.91,2.85,2.86,37037227
S32,20191220,2.83,2.87,2.78,2.78,47069987
S32,20191223,2.75,2.76,2.705,2.71,12921161
S32,20191224,2.7,2.725,2.69,2.69,4752964
S32,20191227,2.71,2.75,2.71,2.74,8784967
S32,20191230,2.72,2.73,2.68,2.7,7196396
S32,20191231,2.68,2.74,2.67,2.7,8303916
S32,20200102,2.68,2.71,2.68,2.68,7321854
S32,20200103,2.72,2.73,2.66,2.67,8960368
S32,20200106,2.67,2.73,2.63,2.72,18149843
S32,20200107,2.75,2.81,2.74,2.8,21921673
S32,20200108,2.8,2.81,2.73,2.75,14615482
S32,20200109,2.78,2.8,2.765,2.79,10808701
S32,20200113,2.78,2.8,2.75,2.79,10168806
S32,20200114,2.82,2.89,2.81,2.89,27406252
S32,20200115,2.89,2.9,2.83,2.85,15052738
S32,20200116,2.89,2.9,2.84,2.85,13486792
S32,20200117,2.88,2.905,2.87,2.88,13029364
S32,20200120,2.9,2.93,2.89,2.92,10202725
S32,20200121,2.9,2.9,2.82,2.85,19560919
S32,20200122,2.81,2.86,2.79,2.84,10938317
S32,20200123,2.85,2.85,2.765,2.78,16711613
S32,20200124,2.75,2.78,2.73,2.73,16588955
S32,20200128,2.65,2.69,2.64,2.68,15436521
S32,20200129,2.69,2.72,2.67,2.7,12783462
S32,20200130,2.7,2.7,2.62,2.62,16344374
S32,20200203,2.58,2.6,2.52,2.53,18925044
S32,20200204,2.54,2.55,2.52,2.54,8553925
S32,20200205,2.56,2.59,2.56,2.59,14756846
S32,20200210,2.59,2.6,2.52,2.54,20989730
S32,20200211,2.54,2.55,2.52,2.55,10020488
S32,20200212,2.6,2.62,2.54,2.55,17718561
S32,20200213,2.6,2.62,2.54,2.59,20284796
S32,20200214,2.57,2.65,2.55,2.63,20637341
S32,20200217,2.62,2.68,2.61,2.61,15721716
S32,20200218,2.62,2.665,2.595,2.6,25184512
S32,20200219,2.57,2.61,2.525,2.6,24415747
S32,20200220,2.59,2.64,2.58,2.61,22508941
S32,20200221,2.62,2.65,2.56,2.56,22391431
S32,20200224,2.53,2.54,2.46,2.47,22505976
S32,20200225,2.39,2.44,2.375,2.41,25889985
S32,20200226,2.33,2.36,2.23,2.25,50070490
S32,20200227,2.24,2.3,2.21,2.23,32820830
S32,20200228,2.18,2.27,2.165,2.22,47212409
S32,20200302,2.19,2.3,2.165,2.29,47598252
S32,20200303,2.29,2.39,2.26,2.3,40411399
S32,20200304,2.28,2.34,2.23,2.29,26298029
S32,20200305,2.36,2.41,2.28,2.32,55241001
S32,20200306,2.23,2.27,2.15,2.15,38554815
S32,20200309,2,2.01,1.795,1.795,43657686
S32,20200310,1.75,2.02,1.735,2.02,66718004
S32,20200311,1.95,1.98,1.91,1.91,35195484
S32,20200312,1.83,1.895,1.735,1.76,48805140
S32,20200313,1.66,1.935,1.62,1.935,44377141
S32,20200316,1.775,1.875,1.745,1.77,37828864
S32,20200317,1.84,1.99,1.835,1.965,34349672
S32,20200318,1.905,1.93,1.735,1.76,33098737
S32,20200319,1.77,1.865,1.655,1.75,36865086
S32,20200320,1.855,1.92,1.75,1.77,35147737
S32,20200323,1.65,1.7,1.585,1.665,25020913
S32,20200324,1.705,1.83,1.66,1.75,31746523
S32,20200325,1.86,1.925,1.8,1.87,24621936
S32,20200326,1.905,1.945,1.82,1.88,20189200
S32,20200327,1.9,1.94,1.76,1.77,24299528
S32,20200330,1.78,1.86,1.73,1.86,20887367
S32,20200331,1.84,1.91,1.75,1.765,20353099
S32,20200401,1.81,1.915,1.81,1.895,18857566
S32,20200402,1.825,1.885,1.81,1.85,19645402
S32,20200403,1.9,1.92,1.805,1.83,17529897
S32,20200406,1.85,1.93,1.84,1.915,14089948
S32,20200407,1.95,1.96,1.83,1.845,19862034
S32,20200408,1.855,1.99,1.847,1.94,28350602
S32,20200409,1.98,2.06,1.945,2.03,17602885
S32,20200414,2.04,2.09,2.02,2.06,16631065
S32,20200415,2.08,2.15,2.06,2.08,22289254
S32,20200416,2.02,2.03,1.94,1.99,23086703
S32,20200417,2,2.12,2,2.06,21080827
S32,20200420,2.02,2.06,1.985,1.99,15935059
S32,20200421,1.95,1.955,1.87,1.87,18275132
S32,20200422,1.82,1.83,1.775,1.81,14972379
S32,20200423,1.85,1.88,1.815,1.845,12201185
S32,20200424,1.845,1.865,1.83,1.845,14638710
S32,20200427,1.85,1.93,1.85,1.9,11947679
S32,20200428,1.845,1.89,1.83,1.855,11886922
S32,20200429,1.87,1.91,1.855,1.87,10216958
S32,20200430,1.915,2.02,1.91,1.985,18430905
S32,20200501,1.92,1.96,1.885,1.885,16712162
S32,20200504,1.87,1.895,1.83,1.83,19048761
S32,20200505,1.865,1.91,1.86,1.89,20186504
S32,20200506,1.87,1.885,1.84,1.86,9849169
S32,20200507,1.855,1.875,1.83,1.865,8788136
S32,20200508,1.85,1.875,1.83,1.85,14772597
S32,20200511,1.86,1.935,1.86,1.925,13764201
S32,20200512,1.9,1.9,1.83,1.845,14602160
S32,20200513,1.82,1.85,1.775,1.85,18116226
S32,20200514,1.825,1.83,1.785,1.785,16488664
S32,20200515,1.82,1.875,1.81,1.865,15573153
S32,20200518,1.88,1.91,1.865,1.88,23408149
S32,20200519,1.95,1.995,1.95,1.99,19373536
S32,20200520,1.95,2.01,1.945,1.98,15949692
S32,20200521,2,2.02,1.94,1.95,16890661
S32,20200522,1.965,1.975,1.885,1.905,20727208
S32,20200525,1.945,1.96,1.875,1.895,17423033
S32,20200526,1.91,1.92,1.88,1.915,20866204
S32,20200527,1.895,1.975,1.885,1.975,28564862
S32,20200528,1.99,2.02,1.93,1.95,21979780
S32,20200529,1.955,1.97,1.91,1.91,24095023
S32,20200601,1.895,1.95,1.89,1.95,13232284
S32,20200602,1.95,2.03,1.93,2.02,17601708
S32,20200603,2.07,2.19,2.04,2.16,31517782
S32,20200604,2.2,2.26,2.17,2.21,31339301
S32,20200605,2.16,2.21,2.13,2.19,16448937
S32,20200609,2.25,2.35,2.24,2.34,28905220
S32,20200610,2.26,2.34,2.25,2.29,18782758
S32,20200611,2.32,2.34,2.18,2.19,46610142
S32,20200612,2.1,2.13,2.05,2.1,22144162
S32,20200615,2.07,2.1,1.992,1.995,16685508
S32,20200616,2.07,2.09,2.01,2.06,39173103
S32,20200617,2.09,2.09,1.995,2.05,20395757
S32,20200618,2.03,2.08,2,2.06,27738956
S32,20200619,2.05,2.08,1.975,1.995,64821349
S32,20200622,1.99,2.07,1.99,2.06,15633496
S32,20200623,2.09,2.11,2.01,2.07,12422822
S32,20200624,2.07,2.08,2.04,2.05,8321375
S32,20200625,2.01,2.03,1.97,1.97,16433186
S32,20200626,2,2.03,1.995,2,13727110
S32,20200629,1.97,2.01,1.96,1.975,10236870
S32,20200630,2.02,2.07,1.995,2.04,13397154
S32,20200701,2.04,2.08,2.01,2.04,6484895
S32,20200702,2.06,2.08,2.02,2.07,8048036
S32,20200703,2.08,2.15,2.08,2.13,11477931
S32,20200706,2.12,2.13,2.08,2.08,10825094
S32,20200707,2.13,2.13,2.05,2.06,17096741
S32,20200708,2.02,2.09,2.02,2.06,10220867
S32,20200709,2.07,2.13,2.06,2.09,13489075
S32,20200710,2.07,2.1,2.03,2.04,8732186
S32,20200713,2.09,2.15,2.07,2.12,20298034
S32,20200714,2.11,2.12,2.055,2.07,11949056
S32,20200715,2.11,2.15,2.11,2.14,19104834
S32,20200716,2.14,2.15,2.11,2.13,13249080
S32,20200717,2.15,2.22,2.14,2.22,21347181
S32,20200720,2.2,2.21,2.14,2.17,18004133
S32,20200721,2.18,2.215,2.14,2.2,13912660
S32,20200722,2.2,2.21,2.16,2.17,12965328
S32,20200723,2.15,2.22,2.15,2.21,9407187
S32,20200724,2.19,2.21,2.18,2.19,16408688
S32,20200727,2.2,2.23,2.19,2.23,11497043
S32,20200728,2.24,2.28,2.2,2.2,15446499
S32,20200729,2.19,2.21,2.12,2.14,14979020
S32,20200730,2.16,2.18,2.14,2.17,8412369
S32,20200731,2.1,2.12,2.03,2.06,21630703
S32,20200803,2.03,2.08,2.03,2.04,13700976
S32,20200804,2.09,2.13,2.09,2.1,15421011
S32,20200805,2.11,2.14,2.08,2.13,11880679
S32,20200806,2.18,2.22,2.17,2.21,21461194
S32,20200807,2.21,2.23,2.19,2.21,12197496
S32,20200810,2.21,2.23,2.18,2.22,9882538
S32,20200811,2.23,2.27,2.22,2.24,14285203
S32,20200812,2.23,2.24,2.21,2.23,9364854
S32,20200813,2.25,2.25,2.19,2.2,11590738
S32,20200814,2.19,2.21,2.14,2.19,13652634
S32,20200817,2.16,2.19,2.14,2.14,10815415
S32,20200818,2.17,2.19,2.13,2.14,16134376
S32,20200819,2.15,2.18,2.14,2.15,7947606
S32,20200820,2.13,2.15,2.105,2.14,12593330
S32,20200821,2.17,2.28,2.16,2.23,28350605
S32,20200824,2.19,2.19,2.15,2.18,16469357
S32,20200825,2.22,2.24,2.165,2.18,19244992
S32,20200826,2.17,2.17,2.12,2.13,18309050
S32,20200827,2.14,2.15,2.11,2.12,12233088
S32,20200828,2.1,2.125,2.085,2.1,12006192
S32,20200831,2.09,2.12,2.09,2.1,17301255
S32,20200901,2.09,2.12,2.075,2.1,12828946
S32,20200902,2.14,2.19,2.14,2.17,17007648
S32,20200903,2.18,2.25,2.17,2.24,17190314
S32,20200904,2.15,2.16,2.13,2.15,19024258
S32,20200907,2.13,2.18,2.13,2.17,8916688
S32,20200908,2.18,2.21,2.18,2.2,7951562
S32,20200909,2.14,2.16,2.13,2.15,9415407
S32,20200910,2.16,2.175,2.11,2.14,12631206
S32,20200911,2.11,2.145,2.1,2.13,15154176
S32,20200914,2.18,2.2,2.15,2.17,15075027
S32,20200915,2.16,2.18,2.15,2.18,14197107
S32,20200916,2.18,2.2,2.16,2.19,19800119
S32,20200917,2.17,2.18,2.15,2.16,16435031
S32,20200918,2.18,2.25,2.16,2.24,42298008
S32,20200921,2.2,2.28,2.2,2.27,45668771
S32,20200922,2.21,2.22,2.135,2.17,30981873
S32,20200923,2.2,2.22,2.17,2.22,13247112
S32,20200924,2.16,2.205,2.16,2.17,16057968
S32,20200925,2.17,2.19,2.15,2.16,9302962
S32,20200928,2.18,2.19,2.16,2.17,11361796
S32,20200929,2.2,2.2,2.15,2.16,10646296
S32,20200930,2.12,2.13,2.03,2.04,28450506
S32,20201001,2.09,2.12,2.08,2.09,12434616
S32,20201002,2.04,2.09,2.03,2.05,15337635
S32,20201005,2.1,2.12,2.08,2.12,7024917
S32,20201006,2.13,2.14,2.12,2.14,6885942
S32,20201007,2.12,2.16,2.105,2.15,8001335
S32,20201008,2.17,2.21,2.15,2.18,9798337
S32,20201009,2.18,2.2,2.17,2.19,8993014
S32,20201012,2.17,2.2,2.16,2.19,9231517
S32,20201013,2.15,2.17,2.13,2.16,11543731
S32,20201014,2.13,2.14,2.09,2.09,15818047
S32,20201015,2.11,2.17,2.11,2.13,25031644
S32,20201016,2.1,2.13,2.09,2.11,14602783
S32,20201019,2.15,2.22,2.14,2.2,19605175
S32,20201020,2.17,2.21,2.16,2.19,20198609
S32,20201021,2.19,2.23,2.18,2.22,11682745
S32,20201022,2.19,2.23,2.18,2.22,19490528
S32,20201023,2.2,2.24,2.19,2.22,13152821
S32,20201026,2.22,2.23,2.19,2.21,16954217
S32,20201027,2.19,2.19,2.15,2.16,13831495
S32,20201028,2.14,2.16,2.11,2.12,8909942
S32,20201029,2.08,2.09,2.04,2.05,16557306
S32,20201030,2.07,2.09,2.01,2.03,21903333
S32,20201102,2.04,2.07,2.03,2.05,17290682
S32,20201103,2.06,2.13,2.05,2.13,12996265
S32,20201104,2.1,2.13,2.08,2.1,12616186
S32,20201105,2.07,2.09,2.05,2.08,16948700
S32,20201106,2.11,2.145,2.105,2.13,10139395
S32,20201109,2.15,2.21,2.15,2.2,12933820
S32,20201110,2.22,2.26,2.22,2.22,23191226
S32,20201111,2.24,2.27,2.23,2.26,15175009
S32,20201112,2.28,2.33,2.21,2.23,20240047
S32,20201113,2.22,2.23,2.18,2.21,19686491
S32,20201116,2.23,2.25,2.22,2.24,690326
S32,20201117,2.26,2.31,2.26,2.29,50710679
S32,20201118,2.29,2.32,2.26,2.29,21225904
S32,20201120,2.3,2.35,2.29,2.32,27469277
S32,20201123,2.37,2.38,2.33,2.36,15281428
S32,20201124,2.39,2.43,2.375,2.43,25127952
S32,20201125,2.45,2.49,2.44,2.46,26335111
S32,20201126,2.45,2.46,2.42,2.44,33468030
S32,20201127,2.42,2.47,2.41,2.46,14752059
S32,20201130,2.46,2.465,2.4,2.4,34953985
S32,20201201,2.39,2.445,2.36,2.43,12587520
S32,20201202,2.45,2.46,2.42,2.45,21918186
S32,20201203,2.51,2.555,2.47,2.54,25920052
S32,20201204,2.52,2.62,2.52,2.61,23202815
S32,20201207,2.66,2.67,2.57,2.6,17573617
S32,20201208,2.6,2.61,2.56,2.59,14143572
S32,20201209,2.6,2.64,2.6,2.62,13422961
S32,20201210,2.61,2.64,2.59,2.61,18140054
S32,20201211,2.57,2.6,2.54,2.57,17875218
S32,20201214,2.58,2.64,2.55,2.6,19806093
S32,20201215,2.58,2.58,2.54,2.56,12387404
S32,20201216,2.6,2.61,2.575,2.6,14957106
S32,20201217,2.61,2.635,2.58,2.63,19638553
S32,20201218,2.58,2.61,2.55,2.57,32803958
S32,20201221,2.55,2.58,2.53,2.56,12304604
S32,20201222,2.53,2.545,2.5,2.51,8296492
S32,20201224,2.49,2.49,2.49,2.49,0
S32,20201229,2.56,2.56,2.49,2.51,5310712
S32,20201230,2.48,2.51,2.44,2.5,10202779
S32,20201231,2.49,2.52,2.47,2.47,9462932
S32,20210104,2.49,2.51,2.45,2.5,10693614
S32,20210105,2.53,2.54,2.48,2.5,13243463
S32,20210106,2.5,2.52,2.455,2.48,11782350
S32,20210107,2.5,2.64,2.49,2.62,24096199
S32,20210108,2.62,2.62,2.55,2.57,13998313
S32,20210111,2.6,2.63,2.57,2.6,16461547
S32,20210112,2.58,2.63,2.57,2.61,13844632
S32,20210113,2.62,2.71,2.61,2.71,16647703
S32,20210114,2.67,2.72,2.63,2.71,30075393
S32,20210115,2.72,2.75,2.68,2.68,17690809
S32,20210118,2.63,2.64,2.57,2.59,11524348
S32,20210119,2.59,2.66,2.58,2.63,9288459
S32,20210120,2.63,2.68,2.62,2.67,11111538
S32,20210121,2.67,2.68,2.61,2.66,17124119
S32,20210122,2.67,2.79,2.66,2.77,30114350
S32,20210125,2.78,2.78,2.71,2.75,14852965
S32,20210127,2.71,2.72,2.63,2.65,26033152
S32,20210128,2.54,2.61,2.52,2.58,16665790
S32,20210129,2.62,2.63,2.51,2.54,15434890
S32,20210201,2.54,2.67,2.47,2.64,24508021
S32,20210203,2.73,2.74,2.64,2.71,32785872
S32,20210204,2.73,2.76,2.68,2.74,12423740
S32,20210205,2.74,2.74,2.62,2.65,17398627
S32,20210208,2.66,2.67,2.61,2.62,11694318
S32,20210209,2.62,2.65,2.56,2.57,15230558
S32,20210210,2.58,2.63,2.565,2.6,9343545
S32,20210211,2.6,2.67,2.6,2.62,6757247
S32,20210212,2.61,2.63,2.57,2.59,4678971
S32,20210215,2.61,2.64,2.59,2.6,6415200
S32,20210216,2.64,2.67,2.62,2.64,9421881
S32,20210217,2.63,2.72,2.63,2.71,10852763
S32,20210218,2.74,2.74,2.65,2.7,14585256
S32,20210219,2.7,2.71,2.65,2.68,15635873
S32,20210222,2.72,2.8,2.72,2.76,20747920
S32,20210223,2.79,2.86,2.75,2.85,27506296
S32,20210224,2.85,2.86,2.78,2.8,11880004
S32,20210225,2.87,2.88,2.82,2.86,14541090
S32,20210226,2.78,2.84,2.76,2.77,37864413
S32,20210301,2.76,2.79,2.73,2.79,11268080
S32,20210302,2.8,2.83,2.73,2.74,24658591
S32,20210303,2.82,2.89,2.8,2.87,24023300
S32,20210304,2.86,2.93,2.85,2.89,22152838
S32,20210305,2.84,2.895,2.8,2.85,24473893
S32,20210308,2.95,2.95,2.86,2.86,15475637
S32,20210309,2.88,2.92,2.85,2.86,22739286
S32,20210310,2.85,2.86,2.76,2.76,15928554
S32,20210311,2.85,2.86,2.76,2.76,15928554
S32,20210312,2.85,2.87,2.81,2.83,10288155
S32,20210315,2.79,2.835,2.76,2.82,10033385
S32,20210316,2.82,2.83,2.77,2.79,11382907
S32,20210317,2.77,2.77,2.68,2.71,26203521
S32,20210318,2.7,2.75,2.69,2.73,12309486
S32,20210319,2.68,2.74,2.67,2.7,26753114
S32,20210322,2.72,2.76,2.695,2.74,9953889
S32,20210323,2.73,2.79,2.7,2.71,12827776
S32,20210324,2.66,2.73,2.66,2.7,9863706
S32,20210325,2.76,2.76,2.7,2.72,9530912
S32,20210329,2.8,2.86,2.8,2.84,9648147
S32,20210330,2.86,2.875,2.8,2.8,12810112
S32,20210331,2.82,2.86,2.81,2.81,11094066
S32,20210401,2.83,2.86,2.81,2.85,7177651
S32,20210406,2.89,2.89,2.81,2.82,10305723
S32,20210407,2.83,2.9,2.81,2.89,14456514
S32,20210408,2.93,2.94,2.89,2.94,12444962
S32,20210409,2.92,2.935,2.89,2.92,8195434
S32,20210412,2.9,2.94,2.87,2.89,8967971
S32,20210413,2.89,2.92,2.85,2.87,9688570
S32,20210414,2.89,2.9,2.84,2.86,12715773
S32,20210415,2.92,2.97,2.9,2.94,14609757
S32,20210416,2.95,2.95,2.84,2.88,15605757
S32,20210419,2.9,2.92,2.88,2.89,9207454
S32,20210420,2.85,2.88,2.83,2.85,12300150
S32,20210421,2.8,2.85,2.77,2.85,12119615
S32,20210422,2.85,2.88,2.81,2.84,13231476
S32,20210423,2.84,2.91,2.835,2.9,7786467
S32,20210426,2.88,2.91,2.84,2.87,7689775
S32,20210427,2.9,2.905,2.84,2.89,8246702
S32,20210428,2.91,2.95,2.89,2.93,14107983
S32,20210429,2.94,2.94,2.89,2.91,9512159
S32,20210430,2.88,2.91,2.86,2.88,9976956
S32,20210503,2.86,2.88,2.83,2.85,6421250
S32,20210504,2.91,2.93,2.88,2.93,11796491
S32,20210505,2.93,2.97,2.91,2.94,8120889
S32,20210506,2.98,3.05,2.95,2.98,13571278
S32,20210507,3,3.02,2.98,3,7495189
S32,20210510,3,3.08,3,3.08,11924378
S32,20210511,3.06,3.09,3.04,3.08,8158018
S32,20210512,3.07,3.07,2.96,3.01,10990820
S32,20210513,2.99,3.03,2.93,2.95,12761996
S32,20210514,2.97,2.98,2.93,2.93,7618723
S32,20210517,2.97,3.01,2.95,2.96,8170960
S32,20210518,2.99,3.04,2.98,3.03,13384152
S32,20210519,2.96,2.97,2.9,2.92,15621627
S32,20210520,2.87,2.89,2.8,2.84,26066618
S32,20210521,2.84,2.87,2.81,2.87,13349482
S32,20210524,2.87,2.89,2.8,2.82,8725281
S32,20210525,2.85,2.9,2.84,2.89,10442930
S32,20210526,2.88,2.9,2.86,2.86,10853023
S32,20210527,2.91,2.92,2.84,2.84,32742664
S32,20210528,2.93,3.02,2.93,3,23663541
S32,20210531,3.01,3.02,2.97,2.98,11551159
S32,20210601,2.99,3.06,2.985,3.01,9014285
S32,20210602,3.02,3.1,3.02,3.07,12501970
S32,20210603,3.06,3.08,3.03,3.06,8063177
S32,20210604,3.03,3.075,3.01,3.04,13194662
S32,20210607,3.02,3.035,2.99,2.995,6818377
S32,20210609,3.01,3.03,2.98,2.99,9275467
S32,20210610,2.98,3,2.96,2.98,8083061
S32,20210611,2.99,2.99,2.93,2.95,14839907
S32,20210615,2.95,2.97,2.91,2.92,21315706
S32,20210616,2.9,2.91,2.85,2.86,15423541
S32,20210617,2.92,2.92,2.8,2.8,20868199
S32,20210618,2.77,2.82,2.74,2.78,31482414
S32,20210621,2.77,2.82,2.76,2.8,11972599
S32,20210622,2.86,2.9,2.83,2.85,9984270
S32,20210623,2.83,2.88,2.82,2.87,13552831
S32,20210625,2.95,2.99,2.92,2.93,10322544
S32,20210628,2.93,3,2.93,2.96,11637249
S32,20210629,2.94,2.95,2.89,2.9,7775114
S32,20210630,3,3.02,2.92,2.93,11145365
S32,20210701,2.97,2.97,2.93,2.95,7605213
S32,20210705,2.95,2.96,2.93,2.95,5131676
S32,20210706,2.95,2.97,2.92,2.92,6790036
S32,20210707,2.89,2.93,2.88,2.91,9667387
S32,20210708,2.95,2.99,2.94,2.94,10007134
S32,20210709,2.9,2.935,2.9,2.93,7900920
S32,20210712,2.97,3.01,2.96,2.97,7572044
S32,20210714,2.98,2.99,2.91,2.91,11503196
S32,20210715,2.91,2.96,2.9,2.96,12695848
S32,20210716,2.94,2.98,2.93,2.97,13122853
S32,20210719,2.91,2.92,2.86,2.87,10574635
S32,20210720,2.84,2.84,2.79,2.81,9927285
S32,20210723,2.89,2.97,2.87,2.95,14141026
S32,20210726,2.95,3,2.94,2.99,12141741
S32,20210727,3.02,3.06,3,3.02,13068175
S32,20210728,2.98,2.99,2.92,2.93,13446170
S32,20210729,2.96,2.99,2.94,2.97,11122608
S32,20210730,3.02,3.03,2.965,2.97,11017165
S32,20210802,3,3.02,2.96,2.99,12033669
S32,20210803,2.97,3,2.95,3,10359744
S32,20210804,2.99,3.01,2.98,3,8310606
S32,20210805,2.96,2.98,2.94,2.96,9575747
S32,20210806,2.94,2.97,2.93,2.97,9769041
S32,20210809,2.95,2.96,2.925,2.96,10314876
S32,20210810,2.95,2.96,2.91,2.93,10743739
S32,20210811,2.95,2.98,2.92,2.94,13401977
S32,20210812,2.95,3,2.93,3,15724944
S32,20210813,2.99,3.02,2.98,3.01,19211928
S32,20210819,2.84,2.9,2.82,2.87,18878486
S32,20210820,2.86,2.87,2.73,2.78,26121634
S32,20210823,2.85,2.88,2.82,2.84,17166220
S32,20210824,2.91,2.98,2.88,2.88,23594335
S32,20210825,2.94,2.96,2.905,2.94,20964509
S32,20210826,2.96,2.97,2.88,2.89,19265505
S32,20210827,2.91,2.93,2.86,2.9,36125836
S32,20210830,2.99,3.09,2.97,3.08,32598198
S32,20210831,3.09,3.17,3.08,3.14,28288081
S32,20210901,3.16,3.21,3.14,3.19,18825955
S32,20210902,3.2,3.215,3.16,3.2,17280124
S32,20210903,3.26,3.3,3.25,3.28,23763415
S32,20210906,3.35,3.37,3.28,3.35,20831399
S32,20210907,3.36,3.37,3.275,3.29,15550861
S32,20210908,3.3,3.37,3.28,3.36,24925809
S32,20210909,3.24,3.27,3.17,3.23,23059315
S32,20210910,3.33,3.45,3.32,3.42,34482928
S32,20210913,3.49,3.515,3.415,3.44,17300770
S32,20210914,3.41,3.44,3.37,3.41,14571257
S32,20210915,3.41,3.41,3.32,3.37,22461403
S32,20210916,3.48,3.52,3.46,3.51,25275410
S32,20210917,3.38,3.405,3.33,3.39,36796270
S32,20210920,3.32,3.35,3.28,3.32,20910701
S32,20210922,3.31,3.42,3.29,3.34,21612170
S32,20210923,3.45,3.48,3.41,3.42,25321405
S32,20210924,3.44,3.46,3.38,3.39,12895922
S32,20210927,3.44,3.45,3.35,3.36,10646716
S32,20210928,3.37,3.41,3.35,3.4,21361371
S32,20210929,3.41,3.42,3.34,3.39,20184224
S32,20210930,3.45,3.53,3.41,3.53,28116225
S32,20211001,3.49,3.53,3.48,3.51,22149216
S32,20211004,3.57,3.58,3.52,3.58,12038337
S32,20211005,3.61,3.63,3.55,3.62,24383181
S32,20211006,3.65,3.67,3.56,3.6,20157865
S32,20211007,3.56,3.58,3.51,3.56,18335744
S32,20211008,3.64,3.64,3.56,3.58,12969647
S32,20211011,3.54,3.66,3.53,3.65,12802178
S32,20211012,3.54,3.66,3.53,3.65,16840895
S32,20211013,3.69,3.71,3.61,3.65,11815816
S32,20211014,4.01,4.07,3.71,3.83,28671088
S32,20211019,3.95,3.97,3.85,3.88,22641373
S32,20211020,3.89,3.92,3.82,3.83,27939594
S32,20211021,3.88,3.885,3.81,3.84,14180100
S32,20211022,3.78,3.82,3.76,3.8,18948797
S32,20211025,3.79,3.81,3.74,3.8,9924027
S32,20211026,3.79,3.8,3.7,3.72,16057156
S32,20211028,3.52,3.64,3.49,3.58,22909070
S32,20211029,3.62,3.68,3.57,3.57,17318773
S32,20211101,3.59,3.62,3.54,3.59,13657345
S32,20211102,3.6,3.62,3.47,3.5,14704363
S32,20211103,3.54,3.57,3.51,3.54,12316786
S32,20211104,3.57,3.6,3.53,3.53,11523452
S32,20211105,3.53,3.55,3.495,3.5,14230674
S32,20211109,3.62,3.63,3.53,3.54,12842906
S32,20211110,3.5,3.53,3.44,3.46,16725831
S32,20211112,3.6,3.61,3.53,3.55,20409873
S32,20211115,3.55,3.56,3.48,3.5,5673204
S32,20211116,3.49,3.49,3.42,3.44,18264496
S32,20211117,3.45,3.51,3.42,3.49,22108111
S32,20211118,3.43,3.49,3.43,3.49,22928765
S32,20211119,3.51,3.53,3.45,3.51,19582681
S32,20211122,3.48,3.6,3.48,3.58,16278660
S32,20211123,3.61,3.63,3.58,3.58,15888070
S32,20211124,3.54,3.6,3.51,3.56,16215124
S32,20211125,3.55,3.64,3.54,3.62,16147523
S32,20211126,3.62,3.62,3.52,3.56,15261641
S32,20211129,3.48,3.6,3.44,3.57,10320551
S32,20211130,3.57,3.61,3.53,3.53,35084330
S32,20211201,3.53,3.69,3.52,3.67,19881446
S32,20211202,3.63,3.75,3.63,3.71,21661490
S32,20211203,3.77,3.8,3.73,3.75,16599203
S32,20211206,3.75,3.78,3.68,3.7,11437071
S32,20211207,3.76,3.77,3.62,3.67,20113048
S32,20211208,3.73,3.81,3.72,3.79,17989759
S32,20211209,3.8,3.84,3.8,3.8,10800368
S32,20211210,3.83,3.87,3.81,3.82,15921725
S32,20211213,3.87,3.88,3.8,3.83,8514804
S32,20211214,3.8,3.83,3.77,3.81,10680465
S32,20211216,3.88,3.88,3.81,3.83,21645088
S32,20211217,3.86,3.93,3.86,3.9,34881150
S32,20211220,3.91,3.955,3.83,3.94,15265011
S32,20211221,3.9,3.98,3.9,3.96,10652843
S32,20211222,3.99,4,3.94,3.97,9291269
S32,20211223,3.99,4.01,3.965,4,8056604
S32,20211224,4,4.03,3.98,4.01,4674066
S32,20211229,4.04,4.08,4.01,4.02,8819688
S32,20211230,4.04,4.06,4.02,4.04,5202295
S32,20211231,4.05,4.06,3.99,4.01,4177741
S32,20220104,4.07,4.13,4.05,4.07,12099005
S32,20220105,4.12,4.12,4,4.02,14804813
S32,20220106,3.99,4.05,3.97,3.97,14828682
S32,20220107,3.96,3.99,3.895,3.92,19989938
S32,20220110,4.02,4.1,4,4.06,11476876
S32,20220111,4.04,4.08,4.02,4.05,8620955
S32,20220112,4.18,4.19,4.08,4.09,10056589
S32,20220113,4.17,4.28,4.16,4.24,18428923
S32,20220114,4.27,4.27,4.16,4.18,10972510
S32,20220117,4.19,4.21,4.02,4.05,14770562
S32,20220118,4.18,4.21,4.11,4.14,12422539
S32,20220119,4.11,4.16,4.09,4.1,13662769
S32,20220120,4.12,4.205,4.09,4.18,19747625
S32,20220121,4.19,4.2,4.07,4.1,18162315
S32,20220124,3.84,3.955,3.76,3.93,27601245
S32,20220125,3.86,3.92,3.71,3.74,29564180
S32,20220127,4.02,4.07,3.73,3.82,33408001
S32,20220128,3.98,3.98,3.77,3.86,46829420
S32,20220131,3.82,3.89,3.8,3.85,13022879
S32,20220201,3.88,3.9,3.8,3.83,16871763
S32,20220202,3.96,3.99,3.92,3.93,14034273
S32,20220203,3.98,4.005,3.93,3.99,7873844
S32,20220204,4,4.125,3.995,4.11,19651886
S32,20220207,4.11,4.17,4.08,4.15,12483166
S32,20220208,4.27,4.28,4.18,4.19,16016452
S32,20220209,4.35,4.44,4.3,4.42,22335863
S32,20220210,4.51,4.52,4.38,4.4,24769510
S32,20220211,4.34,4.465,4.33,4.42,21291336
S32,20220214,4.45,4.57,4.43,4.53,17636281
S32,20220215,4.55,4.58,4.41,4.44,17337130
S32,20220216,4.5,4.5,4.37,4.45,20698839
S32,20220217,4.64,4.65,4.46,4.5,22436800
S32,20220218,4.52,4.6,4.48,4.57,23283222
S32,20220221,4.57,4.6,4.52,4.56,14188997
S32,20220222,4.42,4.49,4.38,4.41,32494693
S32,20220223,4.4,4.59,4.4,4.56,21811747
S32,20220224,4.52,4.61,4.49,4.54,25642165
S32,20220225,4.59,4.65,4.56,4.62,22975090
S32,20220228,4.7,4.81,4.7,4.81,26673785
S32,20220301,4.82,4.83,4.72,4.75,18948919
S32,20220302,4.9,5.06,4.9,5.03,43391546
S32,20220303,5.15,5.17,5.055,5.12,26542585
S32,20220304,5.07,5.17,5.06,5.17,21112083
S32,20220307,5.35,5.44,5.26,5.36,28338813
S32,20220308,5.27,5.29,4.99,5.01,33325086
S32,20220309,4.9,5.02,4.88,4.93,33717063
S32,20220310,4.73,4.82,4.705,4.75,26581889
S32,20220311,4.88,4.92,4.82,4.89,18071625
S32,20220314,5.02,5.02,4.83,4.86,12991524
S32,20220315,4.63,4.71,4.59,4.64,21678985
S32,20220316,0,0,0,0,0
S32,20220317,4.83,4.84,4.69,4.75,21144826
S32,20220318,4.81,4.86,4.75,4.82,26099722
S32,20220321,4.9,4.96,4.865,4.88,13581406
S32,20220322,5.01,5.11,5,5.03,17788688
S32,20220323,5.02,5.065,4.98,5.03,8547164
S32,20220324,5.15,5.15,5.03,5.08,13131330
S32,20220325,5.11,5.14,5.07,5.13,7042874
S32,20220328,5.15,5.23,5.13,5.2,9421388
S32,20220329,5.1,5.18,5.095,5.16,13030419
S32,20220330,5.06,5.08,4.945,4.98,21384783
S32,20220331,5.1,5.19,5.02,5.02,20524435
S32,20220401,5.11,5.33,5.1,5.3,32138912
S32,20220404,5.36,5.39,5.23,5.26,15478203
S32,20220405,5.22,5.25,5.1,5.12,13555435
S32,20220406,5.06,5.09,5,5.02,28374971
S32,20220407,4.99,5.04,4.94,4.97,16638347
S32,20220408,5.05,5.08,4.97,5.02,20421660
S32,20220411,5.08,5.14,5.03,5.06,12937323
S32,20220412,5.05,5.06,4.96,5.05,15757224
S32,20220413,5.13,5.19,5.09,5.12,12986190
S32,20220414,5.15,5.19,5.13,5.17,11196517
S32,20220419,5.25,5.31,5.21,5.24,16296001
S32,20220420,5.3,5.3,5.17,5.17,17746121
S32,20220421,5.3,5.3,5.17,5.17,17746121
S32,20220422,4.96,4.99,4.82,4.84,26199894
S32,20220426,4.43,4.54,4.3,4.46,36656540
S32,20220427,4.42,4.63,4.385,4.6,27872200
S32,20220428,4.69,4.77,4.61,4.75,23241262
S32,20220429,4.8,4.845,4.73,4.77,23678915
S32,20220502,4.74,4.78,4.69,4.77,7767050
S32,20220503,4.75,4.83,4.73,4.77,11809786
S32,20220504,4.82,4.83,4.63,4.64,14279072
S32,20220505,4.71,4.76,4.69,4.76,9416072
S32,20220506,4.62,4.67,4.57,4.63,15419242
S32,20220509,4.55,4.7,4.53,4.63,17728786
S32,20220510,4.51,4.54,4.4,4.47,30222591
S32,20220511,4.45,4.45,4.35,4.41,20293448
S32,20220512,4.44,4.51,4.37,4.37,17091705
S32,20220513,4.35,4.46,4.35,4.41,20274307
S32,20220516,4.46,4.47,4.37,4.4,12779690
S32,20220517,4.47,4.5,4.44,4.47,14713665
S32,20220518,4.63,4.73,4.6,4.71,17050941
S32,20220519,4.59,4.67,4.54,4.65,13938542
S32,20220520,4.75,4.78,4.7,4.72,24883837
S32,20220523,4.78,4.8,4.67,4.67,16245344
S32,20220524,4.72,4.79,4.65,4.68,15082122
S32,20220525,4.75,4.76,4.69,4.71,10770629
S32,20220526,4.64,4.68,4.55,4.65,19552287
S32,20220527,4.71,4.75,4.69,4.71,8951667
S32,20220530,4.8,4.88,4.76,4.88,19258363
S32,20220531,4.88,5,4.88,5,34806208
S32,20220601,4.94,4.96,4.87,4.96,21208283
S32,20220602,4.89,4.98,4.87,4.98,26353262
S32,20220603,5.08,5.11,5.05,5.08,19342392
S32,20220606,5.05,5.1,5.01,5.04,13901404
S32,20220607,5.03,5.135,5.01,5.09,14994340
S32,20220608,5.16,5.18,5.12,5.17,13215364
S32,20220609,5.15,5.16,5,5.01,11833788
S32,20220610,4.88,4.92,4.74,4.8,24859129
S32,20220614,4.54,4.58,4.43,4.49,30994792
S32,20220615,4.42,4.42,4.33,4.33,28892722
S32,20220616,4.46,4.49,4.41,4.42,20919322
S32,20220617,4.25,4.29,4.14,4.16,40657271
S32,20220620,4.11,4.11,3.99,4.06,21146159
S32,20220621,4.16,4.21,4.11,4.16,12762123
S32,20220622,4.23,4.23,4.07,4.09,20987480
S32,20220623,4.06,4.07,3.97,4.05,15020642
S32,20220624,3.91,4.02,3.88,3.99,16728352
S32,20220627,4.02,4.07,4,4.04,17165286
S32,20220628,4.14,4.22,4.11,4.19,17978562
S32,20220629,4.13,4.16,4.06,4.07,13675361
S32,20220630,4.01,4.05,3.94,3.94,22816635
S32,20220701,3.89,3.945,3.87,3.87,15689277
S32,20220704,3.93,3.95,3.86,3.89,13694589
S32,20220705,3.9,3.94,3.85,3.85,12419023
S32,20220706,3.6,3.66,3.53,3.53,31239596
S32,20220707,3.58,3.71,3.58,3.7,26938674
S32,20220708,3.83,3.86,3.72,3.73,15179607
S32,20220711,3.73,3.75,3.63,3.63,12174410
S32,20220712,3.62,3.66,3.55,3.55,18956334
S32,20220713,3.51,3.54,3.44,3.5,25861766
S32,20220714,3.52,3.62,3.51,3.54,23611599
S32,20220715,3.43,3.47,3.4,3.41,20536050
S32,20220718,3.47,3.5,3.44,3.48,14342500
S32,20220719,3.48,3.56,3.4,3.4,19732989
S32,20220720,3.5,3.56,3.49,3.51,21569563
S32,20220721,3.54,3.57,3.51,3.57,21163822
S32,20220722,3.55,3.58,3.51,3.53,16908456
S32,20220725,3.61,3.64,3.55,3.56,22706703
S32,20220726,3.63,3.73,3.61,3.67,17941805
S32,20220727,3.68,3.715,3.63,3.68,17325330
S32,20220728,3.76,3.78,3.68,3.78,20336894
S32,20220729,3.82,3.83,3.765,3.81,22980053
S32,20220801,3.88,3.91,3.83,3.86,14820144
S32,20220802,3.78,3.81,3.71,3.74,15729541
S32,20220803,3.69,3.81,3.67,3.77,15623475
S32,20220805,3.74,3.85,3.72,3.83,13203688
S32,20220808,3.88,3.97,3.87,3.92,17656062
S32,20220809,3.95,3.97,3.89,3.9,15955004
S32,20220810,3.88,3.945,3.87,3.88,10087262
S32,20220811,3.95,4.04,3.95,4.04,16375428
S32,20220812,4.04,4.06,4,4.05,17223879
S32,20220815,4.08,4.14,4.045,4.08,18145107
S32,20220816,4.07,4.1,4.01,4.08,17651555
S32,20220817,4.13,4.17,4.08,4.13,16389718
S32,20220818,4.09,4.14,4.08,4.12,13085068
S32,20220819,4.17,4.235,4.16,4.19,17079171
S32,20220822,4.12,4.19,4.11,4.18,19258171
S32,20220823,4.18,4.2,4.12,4.12,14504411
S32,20220824,4.21,4.25,4.165,4.23,17770165
S32,20220825,4.43,4.44,4.25,4.27,24772717
S32,20220826,4.35,4.37,4.23,4.23,18318621
S32,20220829,4.11,4.16,4.06,4.09,20044057
S32,20220830,4.13,4.185,4.12,4.15,19597250
S32,20220831,4.04,4.165,4.02,4.15,26480545
S32,20220901,4.06,4.14,4.06,4.06,15669549
S32,20220902,3.99,4.06,3.96,4,21703760
S32,20220905,4.07,4.17,4.05,4.15,13394337
S32,20220906,4.16,4.23,4.12,4.14,15816589
S32,20220907,4.09,4.1,4.01,4.05,21680709
S32,20220909,4.15,4.28,4.13,4.25,23853722
S32,20220912,4.36,4.36,4.24,4.25,14751234
S32,20220913,4.31,4.36,4.26,4.31,46327156
S32,20220914,4.18,4.32,4.165,4.32,22596169
S32,20220915,4.02,4.065,3.88,4,41761539
S32,20220916,3.95,3.99,3.86,3.88,39452907
S32,20220919,3.97,3.99,3.91,3.91,18546599
S32,20220920,3.99,4.05,3.93,4.02,17436584
S32,20220921,3.93,3.96,3.86,3.9,17719709
