SBM,20160212,1.79,1.805,1.765,1.775,8678688
SBM,20160215,1.785,1.82,1.737,1.74,3361046
SBM,20160216,1.7,1.735,1.66,1.735,4439993
SBM,20160217,1.7,1.845,1.69,1.785,4314989
SBM,20160218,1.79,1.815,1.74,1.775,1696728
SBM,20160219,1.82,1.825,1.675,1.7,4126998
SBM,20160222,1.665,1.78,1.665,1.74,3915846
SBM,20160223,1.7,1.715,1.665,1.69,2930374
SBM,20160224,1.7,1.852,1.69,1.845,4312027
SBM,20160225,1.825,1.88,1.805,1.855,2941960
SBM,20160226,1.875,1.96,1.87,1.89,3097566
SBM,20160229,1.9,1.9,1.83,1.875,2790705
SBM,20160301,1.895,1.935,1.85,1.87,3342699
SBM,20160302,1.82,1.85,1.777,1.8,4626556
SBM,20160303,1.815,1.86,1.785,1.86,4342325
SBM,20160304,1.92,2.07,1.92,2.02,4310452
SBM,20160307,2.05,2.09,1.955,2.08,4167936
SBM,20160308,2.07,2.23,2.07,2.2,4563865
SBM,20160309,2.21,2.21,2.105,2.14,4870024
SBM,20160310,2.12,2.2,2.06,2.2,3431384
SBM,20160311,2.23,2.34,2.21,2.32,5950283
SBM,20160314,2.34,2.535,2.33,2.52,10722330
SBM,20160315,2.4,2.44,2.3,2.42,8966907
SBM,20160316,2.4,2.43,2.37,2.37,7963912
SBM,20160317,2.49,2.5,2.405,2.46,7685615
SBM,20160318,2.45,2.56,2.41,2.48,54065187
SBM,20160321,2.45,2.46,2.43,2.45,3145658
SBM,20160322,2.43,2.68,2.42,2.59,7318030
SBM,20160323,2.5,2.51,2.17,2.19,10381904
SBM,20160324,2.15,2.16,1.982,2.01,7497596
SBM,20160329,2,2.07,1.855,1.915,7858654
SBM,20160330,2,2.07,1.95,2.07,6729298
SBM,20160331,2.03,2.04,1.97,2,4475138
SBM,20160401,1.98,2.03,1.955,1.985,3384064
SBM,20160404,1.97,2.08,1.96,2.07,2977037
SBM,20160405,2.05,2.14,2.02,2.13,3050069
SBM,20160406,2.16,2.19,2.07,2.18,3424388
SBM,20160407,2.21,2.28,2.17,2.23,3355883
SBM,20160408,2.3,2.38,2.28,2.28,5472804
SBM,20160411,2.36,2.48,2.34,2.46,4293639
SBM,20160412,2.48,2.53,2.31,2.34,4890681
SBM,20160413,2.33,2.36,2.23,2.26,3005418
SBM,20160414,2.2,2.31,2.2,2.29,2374712
SBM,20160415,2.26,2.32,2.26,2.31,2198611
SBM,20160418,2.34,2.38,2.32,2.35,2439738
SBM,20160419,2.35,2.36,2.24,2.29,2037623
SBM,20160420,2.35,2.38,2.27,2.35,3056126
SBM,20160421,2.39,2.39,2.24,2.28,2134015
SBM,20160422,2.24,2.33,2.24,2.29,1878654
SBM,20160426,2.24,2.26,2.15,2.15,3528325
SBM,20160427,2.15,2.28,2.13,2.23,2743161
SBM,20160428,2.2,2.29,2.16,2.25,3160133
SBM,20160429,2.31,2.37,2.25,2.32,4557227
SBM,20160502,2.39,2.46,2.39,2.45,3943068
SBM,20160503,2.39,2.51,2.38,2.48,2772234
SBM,20160504,2.45,2.52,2.385,2.39,3324232
SBM,20160505,2.36,2.41,2.28,2.33,3898418
SBM,20160506,2.28,2.415,2.28,2.4,5160036
SBM,20160509,2.41,2.45,2.4,2.43,3822760
SBM,20160510,2.33,2.38,2.28,2.37,2437438
SBM,20160511,2.4,2.51,2.36,2.51,4072788
SBM,20160512,2.51,2.67,2.5,2.64,4567783
SBM,20160513,2.62,2.63,2.53,2.6,3154785
SBM,20160516,2.62,2.75,2.61,2.72,4444660
SBM,20160517,2.71,2.74,2.67,2.69,3533423
SBM,20160518,2.7,2.72,2.65,2.67,3474531
SBM,20160519,2.59,2.62,2.38,2.39,5455246
SBM,20160520,2.45,2.505,2.4,2.45,3266303
SBM,20160523,2.49,2.57,2.48,2.52,1837140
SBM,20160524,2.51,2.625,2.49,2.6,3419511
SBM,20160525,2.47,2.535,2.39,2.5,3163320
SBM,20160526,2.5,2.6,2.49,2.57,2720850
SBM,20160527,2.57,2.67,2.56,2.66,4173848
SBM,20160530,2.6,2.63,2.48,2.58,4984507
SBM,20160531,2.57,2.64,2.57,2.63,4959966
SBM,20160601,2.61,2.68,2.61,2.62,3492824
SBM,20160602,2.6,2.66,2.6,2.63,2548361
SBM,20160603,2.61,2.655,2.56,2.62,5723723
SBM,20160606,2.75,3.09,2.74,3.02,13199555
SBM,20160607,3.03,3.04,2.92,3.01,4567787
SBM,20160608,2.95,3.1,2.95,3.07,6333143
SBM,20160609,3.16,3.36,3.15,3.3,8226443
SBM,20160610,3.3,3.32,3.18,3.23,8626263
SBM,20160614,3.26,3.26,3.06,3.11,8443758
SBM,20160615,3.13,3.21,3.07,3.08,4817813
SBM,20160616,3.14,3.19,3.095,3.12,5902055
SBM,20160617,3.02,3.02,2.72,2.87,82325827
SBM,20160620,2.94,2.99,2.84,2.89,5392451
SBM,20160621,2.89,2.99,2.89,2.95,5430028
SBM,20160622,2.87,2.92,2.81,2.85,3521762
SBM,20160623,2.85,2.93,2.84,2.85,4180985
SBM,20160624,2.85,3.17,2.82,3.07,8646966
SBM,20160627,3.2,3.35,3.17,3.28,7475306
SBM,20160628,3.3,3.31,3,3,4699822
SBM,20160629,3.08,3.13,3.03,3.07,3405972
SBM,20160630,3.07,3.1,2.94,2.95,3377889
SBM,20160701,3.05,3.24,3.03,3.23,4163925
SBM,20160704,3.3,3.42,3.265,3.42,6931746
SBM,20160705,3.4,3.42,3.25,3.34,5382485
SBM,20160706,3.46,3.62,3.45,3.49,8282714
SBM,20160707,3.51,3.645,3.5,3.6,4717718
SBM,20160708,3.55,3.63,3.485,3.55,5210546
SBM,20160711,3.65,3.77,3.65,3.69,6138420
SBM,20160712,3.65,3.71,3.61,3.62,4321991
SBM,20160713,3.5,3.65,3.4,3.62,5304025
SBM,20160714,3.65,3.69,3.57,3.59,3884230
SBM,20160715,3.58,3.59,3.46,3.54,3418981
SBM,20160718,3.54,3.61,3.48,3.53,2316958
SBM,20160719,3.5,3.55,3.43,3.43,2660019
SBM,20160720,3.41,3.415,3.3,3.31,4710397
SBM,20160721,3.2,3.2,2.96,3,8163490
SBM,20160722,3.1,3.2,3.07,3.18,6634940
SBM,20160725,3.2,3.21,3.03,3.05,3741003
SBM,20160726,2.98,3,2.87,2.9,7255992
SBM,20160727,2.93,2.94,2.8,2.85,6400074
SBM,20160728,3.03,3.08,2.97,3.05,4838241
SBM,20160729,3.05,3.1,3,3.01,4971337
SBM,20160801,3.1,3.29,3.09,3.22,4177758
SBM,20160802,3.35,3.35,3.07,3.07,5780332
SBM,20160803,3.17,3.27,3.145,3.25,3945849
SBM,20160804,3.21,3.21,3.12,3.16,2556930
SBM,20160805,3.22,3.29,3.2,3.28,2686228
SBM,20160808,3.14,3.14,3.01,3.13,4115128
SBM,20160809,3.1,3.14,3.06,3.08,2954934
SBM,20160810,3.1,3.245,3.095,3.23,4759047
SBM,20160811,3.25,3.25,2.99,3.03,4299678
SBM,20160812,2.99,3.16,2.97,3.11,3616971
SBM,20160815,3.1,3.1,2.98,3.04,2915699
SBM,20160816,3.04,3.145,3.03,3.12,2485024
SBM,20160817,3.1,3.11,2.97,3.01,4108852
SBM,20160818,3.08,3.15,3.07,3.13,3892703
SBM,20160822,3.17,3.21,3.1,3.17,2979277
SBM,20160823,3.16,3.28,3.115,3.13,4224953
SBM,20160824,3.11,3.19,3.1,3.12,3018609
SBM,20160825,2.98,3.02,2.9,2.93,5426531
SBM,20160826,3,3.17,2.99,3.08,5699367
SBM,20160829,3.08,3.09,2.91,2.98,4364928
SBM,20160830,3.03,3.05,2.96,3.04,2702178
SBM,20160831,2.92,2.94,2.8,2.83,6126722
SBM,20160901,2.74,2.86,2.72,2.78,3743422
SBM,20160902,2.91,3,2.85,2.89,4143328
SBM,20160905,3,3.03,2.89,2.94,4933643
SBM,20160906,2.93,2.94,2.85,2.93,2183093
SBM,20160907,2.99,3.12,2.99,3.08,10075790
SBM,20160908,3.03,3.03,2.87,2.88,3948275
SBM,20160909,2.8,2.9,2.75,2.85,3118357
SBM,20160912,2.75,2.85,2.74,2.83,6572014
SBM,20160913,2.91,2.92,2.76,2.8,5622461
SBM,20160914,2.78,2.845,2.715,2.83,5777128
SBM,20160915,2.85,2.95,2.835,2.86,5529293
SBM,20160916,2.89,2.93,2.765,2.83,24398061
SBM,20160919,2.83,2.98,2.8,2.925,2428203
SBM,20160920,2.99,3.06,2.92,2.93,5464411
SBM,20160921,2.99,3.06,2.94,2.99,3970794
SBM,20160922,3.08,3.16,3.055,3.09,8988315
SBM,20160923,3.03,3.05,2.93,2.96,3732677
SBM,20160926,2.95,3.01,2.92,2.98,1884027
SBM,20160927,2.99,3.135,2.96,3.1,4503864
SBM,20160928,3.02,3.11,3.01,3.07,3158521
SBM,20160929,3.12,3.25,3.07,3.24,5331593
SBM,20160930,3.2,3.24,3.14,3.19,2319145
SBM,20161003,3.21,3.21,3.115,3.13,1228868
SBM,20161004,3.12,3.18,3.07,3.14,3945620
SBM,20161005,2.94,2.96,2.81,2.9,7185486
SBM,20161006,2.89,2.9,2.75,2.77,6248142
SBM,20161007,2.7,2.74,2.64,2.72,4123667
SBM,20161010,2.75,2.79,2.72,2.75,2483145
SBM,20161011,2.73,2.74,2.575,2.6,5049179
SBM,20161012,2.55,2.63,2.53,2.61,3038427
SBM,20161013,2.62,2.685,2.57,2.68,3487879
SBM,20161014,2.67,2.68,2.56,2.57,2852508
SBM,20161017,2.55,2.59,2.48,2.48,2855552
SBM,20161018,2.51,2.61,2.51,2.56,3422334
SBM,20161019,2.63,2.71,2.62,2.68,3168669
SBM,20161020,2.75,2.82,2.69,2.79,6226440
SBM,20161021,2.75,2.77,2.72,2.75,1607029
SBM,20161024,2.76,2.78,2.705,2.76,1933914
SBM,20161025,2.74,2.76,2.665,2.72,2203211
SBM,20161026,2.74,2.78,2.71,2.73,1167141
SBM,20161027,2.66,2.69,2.6,2.6,1860004
SBM,20161028,2.55,2.65,2.54,2.64,1302258
SBM,20161031,2.64,2.68,2.61,2.63,1761329
SBM,20161101,2.62,2.63,2.57,2.61,1180817
SBM,20161102,2.69,2.76,2.67,2.73,3049980
SBM,20161103,2.7,2.85,2.675,2.83,3356149
SBM,20161104,2.8,2.83,2.76,2.8,2513126
SBM,20161107,2.72,2.76,2.63,2.66,2999765
SBM,20161108,2.58,2.74,2.56,2.71,3069740
SBM,20161109,2.65,2.975,2.61,2.95,8254020
SBM,20161110,2.74,2.775,2.605,2.69,5055212
SBM,20161111,2.6,2.62,2.5,2.53,4490183
SBM,20161114,2.43,2.46,2.27,2.28,5144791
SBM,20161115,2.32,2.34,2.25,2.26,3453937
SBM,20161116,2.33,2.41,2.28,2.36,3534524
SBM,20161117,2.32,2.33,2.27,2.27,3337255
SBM,20161118,2.2,2.235,2.14,2.21,5013437
SBM,20161121,2.24,2.4,2.24,2.37,4333072
SBM,20161122,2.37,2.385,2.29,2.37,2713832
SBM,20161123,2.33,2.4,2.32,2.38,1993258
SBM,20161124,2.25,2.31,2.24,2.25,2011370
SBM,20161125,2.25,2.27,2.165,2.22,2290086
SBM,20161128,2.24,2.28,2.215,2.23,2141727
SBM,20161129,2.27,2.315,2.165,2.2,3031052
SBM,20161130,2.21,2.28,2.18,2.21,4159818
SBM,20161201,2.17,2.19,2.1,2.15,3328316
SBM,20161202,2.14,2.25,2.14,2.2,3174550
SBM,20161205,2.27,2.27,2.11,2.16,3425856
SBM,20161206,2.15,2.23,2.13,2.18,2586024
SBM,20161207,2.23,2.23,2.13,2.15,3025680
SBM,20161208,2.18,2.2,2.15,2.19,2252838
SBM,20161209,2.18,2.25,2.16,2.18,2441629
SBM,20161212,2.15,2.15,2.06,2.11,3793543
SBM,20161213,2.11,2.14,2.02,2.04,5236580
SBM,20161214,2.03,2.1,2.02,2.07,3993064
SBM,20161215,2.01,2.02,1.93,1.95,6038046
SBM,20161216,1.86,1.9,1.79,1.79,22836431
SBM,20161219,1.79,1.8,1.725,1.765,7241540
SBM,20161220,1.78,1.85,1.76,1.835,4600874
SBM,20161221,1.8,1.835,1.765,1.815,6684026
SBM,20161222,1.82,1.825,1.745,1.78,5297165
SBM,20161223,1.775,1.807,1.745,1.775,4950652
SBM,20161228,1.795,1.852,1.775,1.78,7683235
SBM,20161229,1.8,1.885,1.8,1.845,9005741
SBM,20161230,1.965,2.12,1.965,2.04,5358639
SBM,20170103,1.99,2.1,1.94,2.06,4873257
SBM,20170104,2.11,2.17,2.1,2.1,3806870
SBM,20170105,2.15,2.21,2.14,2.2,3886525
SBM,20170106,2.32,2.34,2.23,2.25,5789808
SBM,20170109,2.22,2.32,2.21,2.27,5791230
SBM,20170110,2.33,2.35,2.24,2.25,4836277
SBM,20170111,2.3,2.32,2.23,2.23,5699979
SBM,20170112,2.24,2.26,2.19,2.21,3529128
SBM,20170113,2.2,2.23,2.105,2.15,4648500
SBM,20170116,2.16,2.215,2.15,2.19,3777506
SBM,20170117,2.19,2.22,2.17,2.21,3786759
SBM,20170118,2.28,2.43,2.275,2.35,8812173
SBM,20170119,2.32,2.41,2.3,2.4,5823262
SBM,20170120,2.42,2.42,2.315,2.37,7252675
SBM,20170123,2.4,2.445,2.37,2.41,3015190
SBM,20170124,2.44,2.45,2.395,2.42,3989905
SBM,20170125,2.39,2.43,2.37,2.38,3606972
SBM,20170127,2.27,2.345,2.24,2.33,3505313
SBM,20170130,2.36,2.39,2.335,2.35,3325696
SBM,20170131,2.35,2.37,2.31,2.32,3933571
SBM,20170201,2.38,2.4,2.35,2.37,4864675
SBM,20170202,2.37,2.47,2.37,2.46,6054842
SBM,20170203,2.48,2.52,2.46,2.5,4683954
SBM,20170206,2.53,2.67,2.525,2.64,6039204
SBM,20170207,2.76,2.875,2.73,2.77,6503934
SBM,20170208,2.79,2.79,2.66,2.68,3738934
SBM,20170209,2.75,2.76,2.7,2.73,3953741
SBM,20170210,2.65,2.68,2.61,2.68,3003375
SBM,20170213,2.71,2.81,2.69,2.7,5510091
SBM,20170214,2.7,2.78,2.67,2.77,2983767
SBM,20170215,2.77,2.81,2.7,2.72,2616258
SBM,20170216,2.78,2.78,2.73,2.74,2106039
SBM,20170217,2.78,2.84,2.77,2.8,5282332
SBM,20170220,2.8,2.84,2.765,2.78,3202518
SBM,20170221,2.82,2.845,2.77,2.83,3425107
SBM,20170222,2.85,2.865,2.81,2.86,2892602
SBM,20170223,2.82,2.86,2.76,2.78,3116968
SBM,20170224,2.86,2.915,2.825,2.83,4207788
SBM,20170227,2.9,2.9,2.835,2.86,2920205
SBM,20170228,2.79,2.79,2.505,2.54,7606000
SBM,20170301,2.55,2.56,2.485,2.54,4276730
SBM,20170302,2.63,2.67,2.585,2.62,3452132
SBM,20170303,2.46,2.47,2.365,2.38,4822687
SBM,20170306,2.38,2.405,2.29,2.31,6899872
SBM,20170307,2.24,2.28,2.2,2.27,7117456
SBM,20170308,2.23,2.36,2.22,2.32,4647132
SBM,20170309,2.3,2.33,2.25,2.31,3693519
SBM,20170310,2.31,2.31,2.24,2.28,3445582
SBM,20170313,2.37,2.5,2.37,2.47,5678920
SBM,20170314,2.52,2.6,2.49,2.6,5752633
SBM,20170315,2.54,2.55,2.46,2.48,6024569
SBM,20170316,2.6,2.67,2.59,2.63,5372291
SBM,20170317,2.65,2.65,2.53,2.53,7457714
SBM,20170320,2.52,2.53,2.41,2.48,4301472
SBM,20170321,2.51,2.6,2.5,2.54,9102794
SBM,20170322,2.61,2.64,2.58,2.61,5725437
SBM,20170323,2.6,2.6,2.52,2.59,2657788
SBM,20170324,2.55,2.58,2.48,2.5,5770575
SBM,20170327,2.58,2.58,2.52,2.55,3338916
SBM,20170328,2.54,2.54,2.45,2.5,3369695
SBM,20170329,2.45,2.49,2.42,2.46,3752885
SBM,20170330,2.52,2.53,2.4,2.41,3655429
SBM,20170331,2.41,2.43,2.37,2.38,3286952
SBM,20170403,2.4,2.43,2.37,2.4,2478292
SBM,20170404,2.47,2.565,2.46,2.53,3579122
SBM,20170405,2.6,2.64,2.58,2.62,4706595
SBM,20170406,2.67,2.715,2.66,2.7,3259832
SBM,20170407,2.68,2.835,2.67,2.78,4220219
SBM,20170410,2.74,2.85,2.69,2.84,4092961
SBM,20170411,2.85,2.88,2.775,2.86,4035423
SBM,20170412,2.96,2.99,2.865,2.9,4619096
SBM,20170413,2.94,2.94,2.765,2.83,10805484
SBM,20170418,2.8,2.85,2.75,2.79,7289752
SBM,20170419,2.78,2.89,2.78,2.83,5469745
SBM,20170420,2.75,2.78,2.68,2.77,6836376
SBM,20170421,2.77,2.855,2.76,2.84,3889839
SBM,20170424,2.8,2.89,2.8,2.87,3244451
SBM,20170426,2.77,2.78,2.52,2.55,10379725
SBM,20170427,2.64,2.735,2.62,2.69,5763009
SBM,20170428,2.67,2.73,2.64,2.7,4247631
SBM,20170501,2.73,2.77,2.68,2.73,3418313
SBM,20170502,2.65,2.72,2.65,2.7,4895925
SBM,20170503,2.72,2.82,2.705,2.76,3161188
SBM,20170504,2.65,2.72,2.6,2.72,4268802
SBM,20170505,2.65,2.72,2.65,2.68,3115943
SBM,20170508,2.7,2.71,2.62,2.64,3331283
SBM,20170509,2.68,2.78,2.64,2.77,3921765
SBM,20170510,2.78,2.885,2.77,2.86,4217107
SBM,20170511,2.87,2.87,2.77,2.78,3898891
SBM,20170512,2.83,2.87,2.81,2.83,2962397
SBM,20170515,2.84,2.86,2.76,2.78,2215899
SBM,20170516,2.81,2.88,2.795,2.86,4604127
SBM,20170517,2.91,3.015,2.91,2.99,6140597
SBM,20170518,3.08,3.1,2.92,2.94,5254252
SBM,20170519,2.9,2.91,2.845,2.89,1756465
SBM,20170522,2.91,2.94,2.83,2.94,3849136
SBM,20170523,3.03,3.08,3,3.05,4646717
SBM,20170524,2.99,3,2.83,2.86,7060013
SBM,20170525,2.93,2.93,2.79,2.86,5809030
SBM,20170526,2.85,2.85,2.74,2.84,3840821
SBM,20170529,2.88,2.89,2.795,2.8,2573746
SBM,20170530,2.78,2.91,2.77,2.9,3042926
SBM,20170531,2.87,2.89,2.86,2.88,2803312
SBM,20170601,2.9,2.97,2.88,2.93,2786252
SBM,20170602,2.92,2.92,2.8,2.8,3644086
SBM,20170605,2.86,2.92,2.81,2.87,4955688
SBM,20170606,2.85,2.96,2.85,2.96,5322941
SBM,20170607,2.99,3.005,2.87,2.93,6161637
SBM,20170608,2.88,2.99,2.87,2.9,5722136
SBM,20170609,2.88,2.95,2.83,2.87,5576288
SBM,20170613,2.89,2.91,2.84,2.9,5483095
SBM,20170614,2.93,3.06,2.9,2.97,8071807
SBM,20170615,2.95,3.025,2.91,2.96,7760988
SBM,20170616,2.94,2.98,2.81,2.83,33791261
SBM,20170619,2.84,2.88,2.8,2.84,3032669
SBM,20170620,2.78,2.85,2.745,2.77,3467416
SBM,20170621,2.75,2.83,2.745,2.78,3376725
SBM,20170622,2.81,2.93,2.81,2.91,5130888
SBM,20170623,2.94,2.98,2.905,2.97,2671308
SBM,20170626,2.99,3.005,2.95,2.97,1568492
SBM,20170627,2.91,2.97,2.87,2.97,2690519
SBM,20170628,2.96,2.97,2.895,2.93,3168748
SBM,20170629,2.93,2.975,2.91,2.95,2996858
SBM,20170630,2.91,2.945,2.9,2.91,1796779
SBM,20170703,2.89,2.925,2.83,2.84,2114398
SBM,20170704,2.78,2.83,2.74,2.77,2792941
SBM,20170705,2.8,2.815,2.72,2.75,2973212
SBM,20170706,2.79,2.825,2.77,2.81,2321473
SBM,20170707,2.8,2.8,2.71,2.73,2686560
SBM,20170710,2.69,2.75,2.67,2.75,2204411
SBM,20170711,2.77,2.79,2.73,2.77,2723994
SBM,20170712,2.82,2.855,2.805,2.81,2638169
SBM,20170713,2.84,2.85,2.77,2.84,3142919
SBM,20170714,2.81,2.82,2.64,2.67,4421103
SBM,20170717,2.71,2.74,2.62,2.64,3001077
SBM,20170718,2.65,2.72,2.65,2.68,3350629
SBM,20170719,2.67,2.68,2.43,2.52,11323827
SBM,20170720,2.52,2.52,2.46,2.47,3125647
SBM,20170721,2.5,2.56,2.5,2.51,3266749
SBM,20170724,2.54,2.585,2.51,2.56,2915950
SBM,20170725,2.57,2.63,2.56,2.62,5637125
SBM,20170726,2.57,2.655,2.54,2.62,3600507
SBM,20170727,2.68,2.8,2.68,2.79,4538634
SBM,20170728,2.78,2.78,2.66,2.7,2509691
SBM,20170731,2.76,2.78,2.71,2.71,2238009
SBM,20170801,2.7,2.8,2.7,2.79,1950170
SBM,20170802,2.8,2.81,2.75,2.79,1299933
SBM,20170803,2.75,2.81,2.75,2.79,1743330
SBM,20170804,2.78,2.84,2.78,2.81,1780580
SBM,20170807,2.75,2.8,2.715,2.78,1983133
SBM,20170808,2.78,2.8,2.735,2.75,1792168
SBM,20170809,2.74,2.83,2.73,2.79,4065941
SBM,20170810,2.85,2.87,2.81,2.84,2632481
SBM,20170811,2.89,2.91,2.84,2.86,2677529
SBM,20170815,2.87,2.88,2.82,2.84,2553030
SBM,20170816,2.84,2.84,2.79,2.84,2016153
SBM,20170817,2.86,2.95,2.86,2.91,2977570
SBM,20170818,2.94,2.94,2.875,2.89,1681157
SBM,20170821,2.89,2.92,2.875,2.9,2015393
SBM,20170822,2.94,2.94,2.88,2.91,1444661
SBM,20170823,2.94,2.97,2.87,2.88,2391619
SBM,20170824,2.92,2.95,2.87,2.89,2070207
SBM,20170825,2.85,2.88,2.82,2.83,4064892
SBM,20170828,2.83,2.84,2.73,2.74,3532986
SBM,20170829,2.84,2.85,2.785,2.8,5402771
SBM,20170830,2.8,2.85,2.79,2.84,5642926
SBM,20170831,2.84,2.84,2.765,2.82,3138520
SBM,20170901,2.84,2.9,2.835,2.9,6697840
SBM,20170904,2.95,2.97,2.905,2.93,2359843
SBM,20170905,2.89,2.92,2.86,2.89,3052539
SBM,20170906,2.89,2.93,2.88,2.93,3342156
SBM,20170907,2.91,2.92,2.88,2.88,2577475
SBM,20170908,2.89,2.91,2.86,2.9,2984503
SBM,20170911,2.86,2.875,2.81,2.84,3696392
SBM,20170912,2.81,2.815,2.735,2.77,10114012
SBM,20170913,2.8,2.9,2.8,2.9,4077308
SBM,20170914,2.86,2.91,2.84,2.91,2735106
SBM,20170915,2.91,3.01,2.89,3.01,12028923
SBM,20170918,2.93,2.97,2.88,2.91,2969722
SBM,20170919,2.89,2.92,2.84,2.92,3048283
SBM,20170920,2.92,2.95,2.89,2.93,1916951
SBM,20170921,2.83,2.84,2.765,2.78,4201592
SBM,20170922,2.76,2.78,2.67,2.68,5097089
SBM,20170925,2.68,2.69,2.63,2.68,2473485
SBM,20170926,2.74,2.745,2.62,2.67,4363219
SBM,20170927,2.64,2.71,2.63,2.68,4005755
SBM,20170928,2.63,2.69,2.605,2.61,3575881
SBM,20170929,2.63,2.7,2.63,2.63,2929639
SBM,20171002,2.64,2.64,2.59,2.61,2064985
SBM,20171003,2.6,2.61,2.53,2.59,2978364
SBM,20171004,2.58,2.6,2.56,2.57,1714888
SBM,20171005,2.56,2.65,2.54,2.62,2013571
SBM,20171006,2.6,2.63,2.57,2.6,2337042
SBM,20171009,2.62,2.7,2.62,2.68,2328599
SBM,20171010,2.67,2.74,2.67,2.71,1889008
SBM,20171011,2.73,2.73,2.69,2.71,1286367
SBM,20171012,2.73,2.73,2.68,2.71,1317674
SBM,20171013,2.7,2.7,2.66,2.69,1951624
SBM,20171016,2.69,2.71,2.645,2.65,3007478
SBM,20171017,2.62,2.71,2.585,2.68,3570258
SBM,20171018,2.69,2.99,2.69,2.98,8296604
SBM,20171019,2.94,2.98,2.86,2.88,3655200
SBM,20171020,2.89,2.97,2.88,2.9,1930661
SBM,20171023,2.92,2.94,2.87,2.88,1605010
SBM,20171024,2.92,3.05,2.91,3.05,4015240
SBM,20171025,3.04,3.065,2.98,2.99,3263346
SBM,20171026,3.01,3.02,2.97,3,2077523
SBM,20171027,2.93,2.96,2.85,2.88,3122453
SBM,20171030,2.92,2.975,2.905,2.96,1906663
SBM,20171031,2.96,2.96,2.9,2.9,1599795
SBM,20171101,2.93,3,2.92,2.98,3195386
SBM,20171102,3.01,3.01,2.96,2.99,1298401
SBM,20171103,2.99,3.07,2.98,3.03,2151475
SBM,20171106,3.02,3.04,2.98,2.99,1179538
SBM,20171107,3.01,3.04,2.96,2.98,1724217
SBM,20171108,2.96,3.045,2.96,3.03,2148276
SBM,20171109,3.03,3.04,2.98,2.99,2007330
SBM,20171110,3.03,3.04,2.98,2.99,2007330
SBM,20171113,3.02,3.05,2.99,3,1287102
SBM,20171114,2.99,3.03,2.975,3.02,1128426
SBM,20171115,3.02,3.165,3.02,3.13,3903702
SBM,20171116,3.12,3.12,3.025,3.03,2252853
SBM,20171117,3.09,3.145,3.05,3.13,1910050
SBM,20171120,3.15,3.16,3.015,3.03,2001060
SBM,20171121,3,3.11,2.96,3.1,2368301
SBM,20171122,3.11,3.11,3.015,3.04,1518151
SBM,20171123,3.06,3.1,3.03,3.07,1491116
SBM,20171124,3.07,3.15,3.06,3.13,1844213
SBM,20171127,3.14,3.28,3.14,3.18,2348021
SBM,20171128,3.2,3.23,3.16,3.22,2287173
SBM,20171129,3.26,3.28,3.18,3.22,2043008
SBM,20171130,3.22,3.25,3.13,3.2,2584132
SBM,20171201,3.24,3.29,3.2,3.27,2598569
SBM,20171204,3.29,3.29,3.205,3.26,2472544
SBM,20171205,3.24,3.3,3.23,3.24,1817675
SBM,20171206,3.2,3.31,3.17,3.29,2096284
SBM,20171207,3.28,3.4,3.25,3.39,3203643
SBM,20171208,3.37,3.37,3.24,3.25,2611037
SBM,20171211,3.26,3.34,3.25,3.26,2513826
SBM,20171212,3.26,3.3,3.24,3.28,3088215
SBM,20171213,3.3,3.34,3.25,3.32,2970428
SBM,20171214,3.37,3.48,3.35,3.44,4392667
SBM,20171215,3.44,3.48,3.385,3.41,7201663
SBM,20171218,3.4,3.445,3.4,3.44,1814839
SBM,20171219,3.44,3.515,3.43,3.48,2835561
SBM,20171220,3.6,3.72,3.54,3.65,8989070
SBM,20171221,3.73,3.75,3.68,3.72,4288835
SBM,20171222,3.7,3.76,3.64,3.69,2580666
SBM,20171227,3.74,3.88,3.74,3.87,2557123
SBM,20171228,3.9,3.95,3.805,3.87,2483896
SBM,20171229,3.9,3.9,3.8,3.82,2009527
SBM,20180102,3.82,3.875,3.81,3.84,1896374
SBM,20180103,3.87,3.945,3.85,3.92,2734414
SBM,20180104,3.89,3.91,3.715,3.73,2971650
SBM,20180105,3.79,3.85,3.75,3.77,3304288
SBM,20180108,3.73,3.785,3.7,3.75,2182818
SBM,20180109,3.8,3.8,3.62,3.62,2787590
SBM,20180110,3.62,3.7,3.58,3.63,3052169
SBM,20180111,3.58,3.69,3.53,3.64,3445425
SBM,20180112,3.64,3.745,3.64,3.72,2811062
SBM,20180115,3.79,3.9,3.79,3.88,2108735
SBM,20180116,3.8,3.87,3.78,3.84,2875220
SBM,20180117,3.78,3.83,3.73,3.73,2537716
SBM,20180118,3.72,3.72,3.62,3.7,2206682
SBM,20180119,3.66,3.79,3.66,3.77,3411330
SBM,20180122,3.78,3.85,3.77,3.83,2121118
SBM,20180123,3.81,3.86,3.79,3.85,2048379
SBM,20180124,3.78,3.82,3.65,3.7,4077877
SBM,20180125,3.77,3.86,3.75,3.85,1934536
SBM,20180129,3.82,3.82,3.715,3.78,2978020
SBM,20180130,3.73,3.82,3.71,3.76,3427071
SBM,20180131,3.76,3.79,3.72,3.78,2898390
SBM,20180201,3.8,3.8,3.7,3.71,2555095
SBM,20180202,3.7,3.77,3.66,3.77,2299957
SBM,20180205,3.72,3.81,3.68,3.74,3204820
SBM,20180207,3.67,3.72,3.58,3.6,3275520
SBM,20180208,3.55,3.65,3.53,3.64,2520059
SBM,20180209,3.61,3.79,3.61,3.66,4913726
SBM,20180212,3.63,3.71,3.58,3.66,4262737
SBM,20180213,3.65,3.88,3.65,3.84,5298725
SBM,20180214,3.85,3.87,3.735,3.75,3410021
SBM,20180215,3.83,3.9,3.81,3.9,2333091
SBM,20180216,3.91,3.91,3.78,3.87,1984464
SBM,20180219,3.85,3.89,3.83,3.86,958256
SBM,20180220,3.84,3.85,3.81,3.83,1407835
SBM,20180221,3.8,3.86,3.79,3.82,2050294
SBM,20180222,3.9,4.14,3.9,4.02,7672565
SBM,20180223,4.08,4.17,4.06,4.11,4067695
SBM,20180226,4.12,4.21,4.12,4.19,2065905
SBM,20180227,4.22,4.23,4.11,4.14,2508241
SBM,20180228,4.12,4.13,4.07,4.1,1987706
SBM,20180301,4.12,4.15,4.04,4.05,2828644
SBM,20180302,4.04,4.15,4.04,4.12,1873207
SBM,20180305,4.14,4.14,4.04,4.09,1117113
SBM,20180306,4.07,4.115,3.99,4.11,1165320
SBM,20180307,4.11,4.17,4.08,4.1,2690931
SBM,20180308,4.08,4.17,4.04,4.14,2298335
SBM,20180309,4.1,4.13,4.01,4.02,1566777
SBM,20180312,4.05,4.07,3.97,4.02,2215318
SBM,20180313,3.99,3.995,3.945,3.96,1744012
SBM,20180314,3.94,4.18,3.94,4.18,4031493
SBM,20180315,4.15,4.15,4.03,4.06,2838489
SBM,20180316,4.02,4.05,3.97,3.98,6837327
SBM,20180319,4.01,4.09,3.96,4.07,1957617
SBM,20180320,4.08,4.13,4.025,4.06,1888714
SBM,20180321,4.07,4.12,4.07,4.1,1383928
SBM,20180322,4.13,4.18,4.09,4.13,1581281
SBM,20180323,4.1,4.12,4.04,4.07,2229532
SBM,20180326,4.13,4.18,4.11,4.14,2085395
SBM,20180327,4.15,4.23,4.12,4.21,2066767
SBM,20180328,4.19,4.19,4.08,4.1,1800804
SBM,20180329,4.04,4.07,3.98,3.99,1397918
SBM,20180403,4.07,4.11,4.05,4.1,2248305
SBM,20180404,4.1,4.1,4.02,4.08,1566446
SBM,20180405,4.07,4.09,4.01,4.03,1771676
SBM,20180406,4.06,4.1,4.02,4.1,1201649
SBM,20180409,4.1,4.15,4.06,4.14,2046254
SBM,20180410,4.14,4.235,4.12,4.22,2041264
SBM,20180411,4.2,4.29,4.15,4.27,2263283
SBM,20180412,4.3,4.31,4.165,4.28,2942897
SBM,20180413,4.26,4.325,4.2,4.31,1640730
SBM,20180416,4.32,4.35,4.25,4.33,1392207
SBM,20180417,4.33,4.4,4.325,4.35,1132886
SBM,20180418,4.36,4.385,4.285,4.3,1565063
SBM,20180419,4.28,4.32,4.225,4.26,1855973
SBM,20180420,4.24,4.27,4.16,4.24,2534681
SBM,20180423,4.24,4.25,4.17,4.23,1805956
SBM,20180424,4.28,4.28,4.195,4.21,3208169
SBM,20180426,4.2,4.345,4.2,4.31,2347639
SBM,20180427,4.31,4.34,4.28,4.32,2063584
SBM,20180430,4.3,4.37,4.25,4.27,2258675
SBM,20180501,4.25,4.28,4.215,4.24,1999660
SBM,20180502,4.25,4.33,4.24,4.32,2034951
SBM,20180503,4.35,4.51,4.33,4.5,2679493
SBM,20180504,4.45,4.61,4.45,4.55,1744276
SBM,20180507,4.6,4.65,4.58,4.64,1404788
SBM,20180508,4.68,4.79,4.63,4.63,3011393
SBM,20180509,4.69,4.78,4.66,4.75,2102976
SBM,20180510,4.75,4.78,4.685,4.74,1660251
SBM,20180511,4.75,4.77,4.71,4.75,1048476
SBM,20180514,4.77,4.77,4.655,4.7,1765455
SBM,20180515,4.61,4.7,4.515,4.7,2092850
SBM,20180516,4.64,4.72,4.63,4.68,2044612
SBM,20180517,4.7,4.73,4.65,4.66,2458347
SBM,20180518,4.67,4.68,4.53,4.57,2247197
SBM,20180521,4.54,4.61,4.53,4.58,1487371
SBM,20180522,4.55,4.63,4.44,4.47,1429008
SBM,20180523,4.49,4.58,4.48,4.49,1512223
SBM,20180524,4.5,4.61,4.415,4.59,2213473
SBM,20180525,4.64,4.7,4.62,4.67,1924091
SBM,20180528,4.65,4.67,4.61,4.65,1191900
SBM,20180529,4.63,4.64,4.58,4.62,1262733
SBM,20180530,4.6,4.7,4.6,4.69,1510408
SBM,20180531,4.69,4.81,4.64,4.78,2290978
SBM,20180601,4.77,4.81,4.71,4.72,2313378
SBM,20180604,4.72,4.875,4.705,4.82,1592062
SBM,20180605,4.77,4.88,4.77,4.82,1714694
SBM,20180606,4.84,4.92,4.84,4.91,3315972
SBM,20180607,4.88,4.92,4.83,4.88,1233511
SBM,20180608,4.87,4.87,4.785,4.81,1218781
SBM,20180612,4.8,4.83,4.69,4.74,2430892
SBM,20180613,4.65,4.78,4.64,4.72,1696482
SBM,20180614,4.7,4.84,4.69,4.82,1998896
SBM,20180615,4.88,4.955,4.86,4.89,7622611
SBM,20180618,4.91,5.03,4.91,4.97,2499333
SBM,20180619,4.98,5.02,4.85,4.89,1945980
SBM,20180620,4.97,4.97,4.82,4.88,2190181
SBM,20180621,4.96,5.08,4.88,4.95,3505156
SBM,20180622,4.96,5,4.86,4.88,1998490
SBM,20180625,4.87,4.995,4.86,4.97,1601066
SBM,20180626,4.91,4.98,4.86,4.94,2100444
SBM,20180627,4.92,5,4.86,4.87,1919610
SBM,20180628,4.85,4.92,4.84,4.89,2552253
SBM,20180629,4.85,4.88,4.79,4.83,2610301
SBM,20180702,4.83,4.85,4.73,4.74,1519931
SBM,20180703,4.72,4.75,4.6,4.61,1539351
SBM,20180704,4.73,4.815,4.695,4.78,2186389
SBM,20180705,4.8,4.83,4.73,4.78,1229229
SBM,20180706,4.85,5.19,4.83,5.14,4881761
SBM,20180710,5.24,5.28,5.17,5.18,1951223
SBM,20180711,5.17,5.24,5.14,5.18,1632115
SBM,20180712,5.19,5.24,5.14,5.19,1869778
SBM,20180713,5.17,5.26,5.15,5.16,1307265
SBM,20180716,5.17,5.18,4.995,5.01,1527901
SBM,20180717,4.95,4.96,4.84,4.87,2750670
SBM,20180718,4.82,4.87,4.79,4.8,3732270
SBM,20180719,4.78,4.94,4.77,4.86,2810924
SBM,20180720,4.85,4.87,4.77,4.79,2229149
SBM,20180723,4.8,4.9,4.79,4.8,1317085
SBM,20180724,4.82,4.87,4.815,4.85,1249368
SBM,20180725,4.86,4.89,4.81,4.85,1091251
SBM,20180726,4.9,5.045,4.9,4.98,2263919
SBM,20180727,4.82,4.83,4.325,4.37,12951544
SBM,20180730,4.25,4.35,4.09,4.29,11259539
SBM,20180731,4.22,4.29,4.1,4.12,4741689
SBM,20180801,4.08,4.16,4.03,4.05,3369989
SBM,20180802,3.99,4.2,3.95,4.17,4015865
SBM,20180803,4.18,4.2,4.04,4.07,3517700
SBM,20180806,4.07,4.18,4.02,4.15,1993983
SBM,20180807,4.14,4.25,4.12,4.24,2395076
SBM,20180808,4.18,4.23,4.115,4.17,2549913
SBM,20180809,4.16,4.21,4.095,4.18,3053982
SBM,20180810,4.19,4.26,4.16,4.17,1472786
SBM,20180813,4.15,4.27,4.15,4.25,1620640
SBM,20180814,4.2,4.44,4.16,4.38,3397414
SBM,20180816,4.08,4.08,3.97,4.02,2724248
SBM,20180817,3.96,4,3.89,3.91,2248837
SBM,20180820,3.99,4.055,3.93,4.01,2112540
SBM,20180821,4.02,4.04,3.95,3.99,1758300
SBM,20180822,4.03,4.24,4.01,4.1,2346391
SBM,20180823,4.3,4.355,4.065,4.1,1960564
SBM,20180824,4.05,4.05,3.935,4,4650778
SBM,20180827,4.1,4.23,4.07,4.14,3041021
SBM,20180828,4.15,4.18,4.05,4.17,2745483
SBM,20180829,4.12,4.15,4.02,4.05,2488456
SBM,20180830,4.04,4.07,3.99,4.03,1762586
SBM,20180831,4.01,4.025,3.93,3.94,2117494
SBM,20180903,3.97,4.1,3.94,4.05,2040776
SBM,20180904,3.94,3.98,3.915,3.95,1010086
SBM,20180905,3.9,3.93,3.735,3.77,3754571
SBM,20180906,3.7,3.72,3.625,3.66,3590832
SBM,20180907,3.67,3.76,3.655,3.72,2473982
SBM,20180910,3.69,3.69,3.605,3.65,1881336
SBM,20180913,3.66,3.68,3.58,3.6,1945924
SBM,20180914,3.58,3.63,3.47,3.62,3428889
SBM,20180917,3.6,3.755,3.59,3.75,7935455
SBM,20180918,3.75,3.75,3.63,3.67,3320239
SBM,20180919,3.64,3.745,3.63,3.67,3391050
SBM,20180920,3.64,3.83,3.63,3.8,4429311
SBM,20180921,3.85,3.945,3.81,3.89,14345846
SBM,20180924,3.76,3.83,3.46,3.48,10229361
SBM,20180925,3.49,3.57,3.27,3.3,11243154
SBM,20180926,3.34,3.57,3.335,3.42,9719960
SBM,20180927,3.47,3.5,3.4,3.44,4277138
SBM,20180928,3.4,3.545,3.4,3.49,3433773
SBM,20181001,3.5,3.5,3.41,3.46,1347620
SBM,20181002,3.45,3.46,3.36,3.37,2527733
SBM,20181003,3.47,3.67,3.465,3.62,4345951
SBM,20181004,3.6,3.635,3.41,3.48,3442407
SBM,20181005,3.55,3.71,3.55,3.7,4361285
SBM,20181008,3.73,3.76,3.59,3.63,3131628
SBM,20181009,3.54,3.66,3.54,3.59,2487211
SBM,20181010,3.63,3.67,3.5,3.51,3067605
SBM,20181011,3.57,3.795,3.55,3.73,5253823
SBM,20181012,3.93,4.08,3.895,4.03,9121086
SBM,20181015,3.99,4.075,3.905,4.05,3797570
SBM,20181016,4.12,4.12,3.955,3.99,3625167
SBM,20181017,3.97,3.97,3.84,3.88,2826585
SBM,20181018,3.84,3.94,3.83,3.92,1991756
SBM,20181019,3.95,4.145,3.94,4.11,3162759
SBM,20181022,4.18,4.27,4.11,4.16,3067294
SBM,20181023,4.19,4.2,4.1,4.11,2187651
SBM,20181024,4.2,4.26,4.16,4.21,3175360
SBM,20181025,4.29,4.415,4.26,4.29,3527376
SBM,20181026,4.35,4.36,4.21,4.35,4799083
SBM,20181030,4.25,4.32,4.17,4.27,2280234
SBM,20181031,4.2,4.27,4.14,4.16,3092299
SBM,20181101,4.11,4.25,4.11,4.2,2008823
SBM,20181102,4.25,4.28,4.12,4.23,2379910
SBM,20181105,4.18,4.2,4.12,4.13,2220263
SBM,20181106,4.15,4.29,4.1,4.24,1732750
SBM,20181107,4.22,4.34,4.18,4.3,2685244
SBM,20181108,4.29,4.31,4.1,4.12,2296604
SBM,20181109,4.18,4.27,4.15,4.18,2409839
SBM,20181112,4.14,4.27,4.14,4.24,1802986
SBM,20181113,4.16,4.24,4.07,4.17,2194415
SBM,20181114,4.15,4.24,4.08,4.08,2325376
SBM,20181115,4.17,4.2,4.13,4.16,1435255
SBM,20181116,4.17,4.195,4.08,4.12,1674253
SBM,20181119,4.11,4.295,4.11,4.23,1597043
SBM,20181120,4.29,4.33,4.25,4.31,1994630
SBM,20181121,4.28,4.34,4.24,4.27,1703228
SBM,20181122,4.24,4.3,4.17,4.23,1438337
SBM,20181123,4.29,4.29,4.165,4.17,887519
SBM,20181126,4.14,4.175,4.095,4.12,1354567
SBM,20181127,4.13,4.21,4.065,4.19,2265123
SBM,20181128,4.26,4.28,4.04,4.12,3621785
SBM,20181129,4.19,4.28,4.18,4.26,2837840
SBM,20181130,4.22,4.46,4.16,4.44,5482199
SBM,20181203,4.47,4.47,4.03,4.09,5266905
SBM,20181204,4.16,4.29,4.145,4.25,2875105
SBM,20181205,4.2,4.355,4.18,4.3,2385546
SBM,20181206,4.28,4.4,4.255,4.39,3605019
SBM,20181207,4.43,4.545,4.32,4.52,2723033
SBM,20181210,4.55,4.67,4.505,4.55,4069432
SBM,20181211,4.53,4.69,4.51,4.64,2216981
SBM,20181212,4.59,4.6,4.42,4.47,3155502
SBM,20181213,4.4,4.4,4.19,4.25,3436571
SBM,20181214,4.21,4.3,4.12,4.23,4247123
SBM,20181217,4.26,4.42,4.25,4.33,4156820
SBM,20181218,4.4,4.575,4.4,4.45,3422774
SBM,20181219,4.56,4.75,4.525,4.68,5697521
SBM,20181220,4.48,4.55,4.425,4.46,3479954
SBM,20181221,4.56,4.63,4.49,4.54,8476242
SBM,20181224,4.49,4.59,4.455,4.54,1033537
SBM,20181227,4.58,4.74,4.57,4.7,2910811
SBM,20181228,4.72,4.745,4.67,4.7,1194995
SBM,20181231,4.68,4.73,4.6,4.7,1892163
SBM,20190102,4.72,4.75,4.65,4.66,1651721
SBM,20190103,4.71,4.78,4.66,4.77,2210845
SBM,20190104,4.82,5,4.78,4.99,4783561
SBM,20190107,4.85,4.9,4.73,4.83,4284517
SBM,20190108,4.77,4.78,4.565,4.59,3858772
SBM,20190109,4.62,4.755,4.59,4.67,3970945
SBM,20190110,4.72,4.88,4.7,4.85,4793287
SBM,20190111,4.8,4.8,4.64,4.74,2995005
SBM,20190114,4.74,4.79,4.62,4.69,2863263
SBM,20190115,4.69,4.83,4.66,4.78,2937279
SBM,20190116,4.74,4.75,4.63,4.65,2033175
SBM,20190117,4.67,4.76,4.54,4.72,3603116
SBM,20190118,4.71,4.855,4.7,4.8,2505944
SBM,20190121,4.7,4.72,4.57,4.66,2690073
SBM,20190122,4.65,4.695,4.6,4.63,1270852
SBM,20190123,4.68,4.765,4.635,4.69,3083570
SBM,20190124,4.65,4.71,4.38,4.47,4386596
SBM,20190125,4.51,4.53,4.42,4.48,2681020
SBM,20190129,4.57,4.84,4.57,4.8,4137918
SBM,20190130,4.85,4.95,4.83,4.86,3957103
SBM,20190131,4.92,5.01,4.87,5.01,5310024
SBM,20190201,4.97,5.05,4.94,4.97,2158729
SBM,20190204,4.99,5.04,4.96,5.02,1478475
SBM,20190205,4.96,5.09,4.9,5.01,2827575
SBM,20190206,5.04,5.2,5.03,5.06,2532929
SBM,20190207,5.05,5.11,4.92,4.93,2022451
SBM,20190208,4.97,5,4.875,4.92,3165995
SBM,20190211,4.97,5.09,4.96,5.03,1738537
SBM,20190212,5.15,5.2,5.02,5.03,3440326
SBM,20190213,5.06,5.13,5.02,5.08,2403707
SBM,20190214,4.96,5.025,4.87,5.01,2424986
SBM,20190215,5.05,5.1,4.98,5.07,1872746
SBM,20190218,5.15,5.19,5.09,5.13,2090323
SBM,20190219,5.18,5.18,5.075,5.09,2064222
SBM,20190220,5.19,5.32,5.17,5.24,4072943
SBM,20190221,5.12,5.12,4.755,4.82,5386609
SBM,20190222,4.77,4.78,4.655,4.7,3131725
SBM,20190225,4.67,4.71,4.56,4.58,4185086
SBM,20190226,4.56,4.58,4.5,4.58,2615564
SBM,20190227,4.6,4.65,4.55,4.56,3133113
SBM,20190228,4.51,4.515,4.43,4.47,4162963
SBM,20190301,4.42,4.47,4.38,4.38,3330965
SBM,20190304,4.34,4.35,4.15,4.2,4931866
SBM,20190305,4.17,4.24,4.12,4.16,3386763
SBM,20190306,4.21,4.25,4.155,4.19,3775343
SBM,20190307,4.22,4.22,4.15,4.17,2677979
SBM,20190308,4.2,4.22,4.15,4.17,2748181
SBM,20190311,4.25,4.495,4.22,4.48,7548761
SBM,20190312,4.47,4.47,4.34,4.44,4913098
SBM,20190313,4.51,4.53,4.44,4.48,7031800
SBM,20190314,4.54,4.59,4.52,4.54,3067162
SBM,20190315,4.45,4.525,4.41,4.5,9215988
SBM,20190318,4.51,4.59,4.51,4.53,2549111
SBM,20190319,4.54,4.66,4.49,4.61,2856874
SBM,20190320,4.64,4.71,4.58,4.63,4683919
SBM,20190321,4.62,4.67,4.61,4.65,2919578
SBM,20190322,3.83,3.86,3.15,3.29,35060070
SBM,20190325,3.34,3.43,3.28,3.32,10935249
SBM,20190326,3.39,3.53,3.33,3.52,7016462
SBM,20190327,3.52,3.53,3.34,3.37,6500806
SBM,20190328,3.37,3.45,3.37,3.44,3862043
SBM,20190329,3.35,3.39,3.33,3.37,4504562
SBM,20190401,3.37,3.41,3.315,3.35,3296531
SBM,20190402,3.35,3.35,3.26,3.27,5791865
SBM,20190403,3.3,3.33,3.265,3.29,3472067
SBM,20190404,3.3,3.33,3.22,3.22,3738850
SBM,20190405,3.26,3.33,3.25,3.29,4784561
SBM,20190408,3.32,3.36,3.28,3.33,3367283
SBM,20190409,3.33,3.34,3.26,3.3,2731346
SBM,20190410,3.33,3.43,3.32,3.36,5126500
SBM,20190411,3.35,3.38,3.255,3.28,3764339
SBM,20190412,3.25,3.3,3.24,3.29,3203597
SBM,20190415,3.26,3.305,3.21,3.25,3399017
SBM,20190416,3.25,3.31,3.24,3.25,2957204
SBM,20190417,3.24,3.25,3.12,3.12,4157363
SBM,20190418,3.19,3.21,3.13,3.13,2811889
SBM,20190423,3.14,3.21,3.13,3.21,4146236
SBM,20190424,3.18,3.2,3.115,3.16,3292024
SBM,20190426,3.17,3.25,3.16,3.22,3557315
SBM,20190429,3.27,3.35,3.25,3.25,3564852
SBM,20190430,3.27,3.32,3.195,3.2,3144529
SBM,20190501,3.2,3.21,3.13,3.17,3001669
SBM,20190502,3.14,3.16,3.1,3.11,4120650
SBM,20190503,3.1,3.11,3.02,3.06,2267550
SBM,20190506,3.11,3.13,3.06,3.1,3406228
SBM,20190507,3.09,3.16,3.08,3.14,2964404
SBM,20190508,3.17,3.23,3.17,3.18,4200956
SBM,20190509,3.16,3.16,3.1,3.15,2727782
SBM,20190510,3.15,3.195,3.08,3.18,3752937
SBM,20190513,3.18,3.26,3.16,3.21,3098828
SBM,20190514,3.33,3.395,3.29,3.32,5054503
SBM,20190515,3.32,3.32,3.32,3.32,0
SBM,20190516,3.32,3.32,3.32,3.32,0
SBM,20190517,2.85,3.01,2.57,2.91,24296652
SBM,20190520,2.93,2.97,2.9,2.9,9742664
SBM,20190521,2.9,2.94,2.85,2.87,5182038
SBM,20190522,2.87,2.87,2.8,2.82,6196827
SBM,20190523,2.8,2.83,2.76,2.8,6966202
SBM,20190524,2.83,2.89,2.83,2.84,4696150
SBM,20190527,2.85,2.89,2.82,2.86,2768154
SBM,20190528,2.84,2.86,2.81,2.83,5210887
SBM,20190529,2.83,2.85,2.8,2.81,2867683
SBM,20190530,2.84,2.84,2.72,2.72,5623239
SBM,20190531,2.55,2.6,2.48,2.56,12182086
SBM,20190603,2.63,2.7,2.57,2.58,9889547
SBM,20190604,2.64,2.64,2.53,2.59,9176113
SBM,20190605,2.6,2.63,2.51,2.51,7624252
SBM,20190606,2.52,2.615,2.5,2.6,6566259
SBM,20190607,2.59,2.61,2.51,2.55,7634342
SBM,20190611,2.54,2.54,2.48,2.51,7123776
SBM,20190612,2.51,2.62,2.495,2.59,8986623
SBM,20190613,2.59,2.63,2.555,2.6,8489501
SBM,20190614,2.64,2.67,2.605,2.67,7542061
SBM,20190617,2.7,2.72,2.58,2.67,9113808
SBM,20190618,2.7,2.72,2.645,2.71,8365178
SBM,20190619,2.68,2.7,2.615,2.67,6593946
SBM,20190620,2.74,2.94,2.72,2.94,10915698
SBM,20190621,3,3.01,2.91,2.96,16196464
SBM,20190624,2.96,2.96,2.89,2.92,5739624
SBM,20190625,3.01,3.14,2.99,3.08,15379603
SBM,20190626,3.09,3.1,3.005,3.04,9522540
SBM,20190627,3.04,3.04,2.96,3,5071237
SBM,20190628,2.99,3,2.93,2.94,7813014
SBM,20190701,2.9,2.97,2.86,2.88,5373749
SBM,20190702,2.88,3,2.88,2.99,6277284
SBM,20190703,3.1,3.155,3.06,3.12,10301791
SBM,20190704,3.15,3.15,3.075,3.12,4417108
SBM,20190705,3.13,3.17,3.095,3.15,5631998
SBM,20190708,3.13,3.15,3.09,3.14,3813684
SBM,20190709,3.14,3.17,3.1,3.14,4715681
SBM,20190710,3.15,3.19,3.12,3.13,5911391
SBM,20190711,3.19,3.25,3.18,3.22,7679375
SBM,20190712,3.17,3.17,3.08,3.13,16841890
SBM,20190715,3.17,3.29,3.16,3.29,5994158
SBM,20190716,3.29,3.33,3.26,3.28,4633832
SBM,20190717,3.25,3.3,3.215,3.28,2648629
SBM,20190718,3.37,3.425,3.36,3.37,4773366
SBM,20190719,3.5,3.56,3.48,3.55,5019351
SBM,20190722,3.54,3.59,3.51,3.54,5060508
SBM,20190723,3.54,3.605,3.5,3.56,5386888
SBM,20190724,3.5,3.53,3.37,3.46,6783771
SBM,20190725,3.47,3.565,3.44,3.53,6914530
SBM,20190726,3.48,3.54,3.43,3.47,5464487
SBM,20190729,3.51,3.53,3.47,3.48,2400660
SBM,20190730,3.51,3.585,3.48,3.56,5357887
SBM,20190731,3.59,3.705,3.58,3.7,6148304
SBM,20190801,3.6,3.6,3.5,3.53,5495705
SBM,20190802,3.73,3.83,3.63,3.65,6655005
SBM,20190805,3.7,3.73,3.6,3.69,6625554
SBM,20190806,3.84,3.94,3.69,3.69,7977938
SBM,20190807,3.76,3.96,3.75,3.89,7379754
SBM,20190808,4.02,4.055,3.92,3.95,7679285
SBM,20190809,3.98,4.02,3.94,3.96,5594599
SBM,20190812,3.96,3.97,3.87,3.87,4978671
SBM,20190813,3.96,4,3.92,3.95,6794128
SBM,20190814,3.76,3.76,3.61,3.67,8766959
SBM,20190815,3.77,3.84,3.7,3.73,8269587
SBM,20190816,3.76,3.8,3.72,3.76,5136313
SBM,20190819,3.7,3.71,3.63,3.67,5691143
SBM,20190820,3.59,3.63,3.52,3.59,9127712
SBM,20190821,3.6,3.685,3.495,3.53,8807173
SBM,20190822,3.4,3.42,3.24,3.27,10687087
SBM,20190823,3.2,3.26,3.155,3.19,8328588
SBM,20190826,3.47,3.54,3.4,3.41,9721598
SBM,20190827,3.33,3.34,3.21,3.21,9641991
SBM,20190828,3.29,3.33,3.25,3.25,6798238
SBM,20190829,3.23,3.27,3.2,3.23,8199869
SBM,20190830,3.18,3.24,3.12,3.22,4692332
SBM,20190902,3.28,3.315,3.16,3.19,5676518
SBM,20190903,3.14,3.28,3.11,3.24,7491198
SBM,20190904,3.28,3.29,3.15,3.16,7342469
SBM,20190905,3.18,3.21,3.085,3.09,9126882
SBM,20190906,3.01,3.1,2.98,3.06,10154914
SBM,20190909,3.02,3.03,2.91,2.91,8752854
SBM,20190910,2.84,2.88,2.77,2.79,10719840
SBM,20190911,2.8,2.86,2.76,2.78,9840489
SBM,20190912,2.83,2.88,2.8,2.85,7797966
SBM,20190913,2.88,2.925,2.81,2.91,7499864
SBM,20190916,2.94,3.06,2.92,3.04,9777687
SBM,20190917,3.03,3.055,2.98,3.01,6037089
SBM,20190918,3.01,3.07,2.97,3.03,4464640
SBM,20190919,2.99,3.02,2.93,3,5817834
SBM,20190920,3.03,3.1,3.01,3.1,7742546
SBM,20190923,3.15,3.18,3.06,3.07,4109268
SBM,20190924,3.1,3.15,3.06,3.08,4110927
SBM,20190925,3.14,3.17,3.06,3.09,3795610
SBM,20190926,3.02,3.045,2.98,3.02,4178096
SBM,20190927,3,3.015,2.92,2.93,4653047
SBM,20190930,2.91,2.97,2.89,2.9,2701237
SBM,20191001,2.84,2.9,2.8,2.88,5432406
SBM,20191002,2.89,2.935,2.84,2.84,3511207
SBM,20191003,2.89,2.915,2.83,2.84,5347980
SBM,20191004,2.69,2.805,2.66,2.75,10277837
SBM,20191007,2.77,2.87,2.77,2.84,3517323
SBM,20191008,2.83,2.88,2.75,2.77,5152058
SBM,20191009,2.84,2.88,2.775,2.78,4503984
SBM,20191010,2.8,2.82,2.75,2.76,3497675
SBM,20191011,2.77,2.78,2.69,2.72,4464045
SBM,20191014,2.71,2.775,2.675,2.72,6304373
SBM,20191015,2.78,2.8,2.71,2.75,4842389
SBM,20191016,2.71,2.765,2.69,2.74,4391271
SBM,20191017,2.79,2.81,2.74,2.78,5074194
SBM,20191018,2.69,2.7,2.52,2.53,14594736
SBM,20191021,2.53,2.605,2.53,2.53,5126144
SBM,20191022,2.55,2.56,2.47,2.52,7670563
SBM,20191023,2.53,2.57,2.49,2.53,5201749
SBM,20191024,2.55,2.57,2.5,2.56,4496948
SBM,20191025,2.6,2.69,2.585,2.66,5482075
SBM,20191028,2.69,2.735,2.64,2.7,5173693
SBM,20191029,2.68,2.74,2.65,2.69,4778012
SBM,20191030,2.7,2.73,2.67,2.71,4856248
SBM,20191031,2.75,2.81,2.72,2.79,6784778
SBM,20191101,2.87,2.88,2.81,2.84,5023704
SBM,20191104,2.85,2.87,2.81,2.86,4037544
SBM,20191105,2.85,2.86,2.75,2.78,5870959
SBM,20191106,2.73,2.75,2.68,2.74,6294991
SBM,20191107,2.76,2.79,2.71,2.72,3602350
SBM,20191108,2.64,2.655,2.58,2.59,5734219
SBM,20191111,2.6,2.61,2.52,2.52,12690414
SBM,20191112,2.51,2.58,2.505,2.57,3873333
SBM,20191113,2.58,2.615,2.53,2.53,4757742
SBM,20191114,2.55,2.57,2.515,2.56,3100278
SBM,20191115,2.59,2.63,2.58,2.6,3277730
SBM,20191118,2.59,2.59,2.53,2.54,2459852
SBM,20191119,2.56,2.57,2.51,2.53,3324573
SBM,20191120,2.53,2.56,2.52,2.54,4855004
SBM,20191121,2.54,2.6,2.53,2.55,5979082
SBM,20191122,2.53,2.55,2.5,2.52,3657173
SBM,20191125,2.53,2.54,2.44,2.44,5525304
SBM,20191126,2.44,2.515,2.43,2.5,8394604
SBM,20191127,2.54,2.61,2.525,2.61,5597328
SBM,20191128,2.6,2.66,2.58,2.65,3575512
SBM,20191129,2.65,2.65,2.59,2.62,2097519
SBM,20191202,2.61,2.62,2.57,2.6,2043003
SBM,20191203,2.59,2.59,2.54,2.57,3590307
SBM,20191204,2.61,2.65,2.58,2.6,6678882
SBM,20191205,2.58,2.595,2.54,2.58,4089742
SBM,20191206,2.57,2.59,2.52,2.52,3605585
SBM,20191209,2.51,2.51,2.45,2.47,5594441
SBM,20191210,2.46,2.51,2.45,2.48,2795183
SBM,20191211,2.51,2.57,2.495,2.56,5336560
SBM,20191212,2.56,2.59,2.53,2.57,5396987
SBM,20191213,2.53,2.55,2.51,2.52,3477216
SBM,20191216,2.54,2.545,2.47,2.51,7877688
SBM,20191217,2.52,2.52,2.45,2.47,6156475
SBM,20191218,2.47,2.51,2.47,2.5,3623838
SBM,20191219,2.52,2.56,2.49,2.56,5435666
SBM,20191220,2.55,2.605,2.52,2.56,11492526
SBM,20191223,2.57,2.57,2.485,2.52,4666051
SBM,20191224,2.54,2.63,2.53,2.63,2994952
SBM,20191227,2.69,2.72,2.65,2.72,4920163
SBM,20191230,2.71,2.74,2.67,2.71,3943458
SBM,20191231,2.73,2.79,2.72,2.72,4422621
SBM,20200102,2.71,2.755,2.66,2.73,3937721
SBM,20200103,2.76,2.775,2.71,2.76,4454761
SBM,20200106,2.81,2.86,2.765,2.84,6687954
SBM,20200107,2.83,2.83,2.77,2.81,5557447
SBM,20200108,2.84,3.01,2.83,2.87,11385329
SBM,20200109,2.78,2.82,2.76,2.77,5261473
SBM,20200113,2.74,2.76,2.695,2.72,4116155
SBM,20200114,2.68,2.715,2.645,2.71,8346175
SBM,20200115,2.74,2.94,2.74,2.93,9379910
SBM,20200116,2.92,2.99,2.91,2.92,5048207
SBM,20200117,2.95,2.99,2.93,2.97,4274613
SBM,20200120,2.99,3.035,2.985,3.01,4694060
SBM,20200121,3.02,3.04,2.99,3.01,2737239
SBM,20200122,2.9,2.965,2.85,2.88,7524136
SBM,20200123,2.86,2.86,2.78,2.82,8102517
SBM,20200124,2.89,2.89,2.82,2.83,4557941
SBM,20200128,2.85,2.88,2.8,2.82,5559025
SBM,20200129,2.8,2.8,2.73,2.74,6300529
SBM,20200130,2.77,2.77,2.695,2.76,5518471
SBM,20200203,2.76,2.785,2.7,2.7,3893419
SBM,20200204,2.72,2.76,2.7,2.73,3416896
SBM,20200205,2.68,2.68,2.63,2.67,2656320
SBM,20200210,2.73,2.79,2.705,2.77,3689672
SBM,20200211,2.8,2.84,2.765,2.77,4022386
SBM,20200212,2.76,2.77,2.72,2.75,2512496
SBM,20200213,2.75,2.78,2.72,2.75,4672934
SBM,20200214,2.76,2.79,2.72,2.73,4995176
SBM,20200217,2.76,2.795,2.74,2.76,2850545
SBM,20200218,2.77,2.77,2.72,2.72,2385714
SBM,20200219,2.77,2.82,2.76,2.76,5585601
SBM,20200220,2.79,2.96,2.77,2.96,9301979
SBM,20200221,2.95,3.01,2.86,2.86,9868096
SBM,20200224,2.95,3.06,2.9,3,13705761
SBM,20200225,3.02,3.02,2.71,2.71,18874058
SBM,20200226,2.63,2.66,2.51,2.51,13402389
SBM,20200227,2.54,2.56,2.47,2.52,15516037
SBM,20200228,2.43,2.43,2.32,2.35,17641004
SBM,20200302,2.23,2.42,2.21,2.42,12155686
SBM,20200303,2.43,2.535,2.41,2.49,10135170
SBM,20200304,2.63,2.69,2.475,2.49,11376656
SBM,20200305,2.49,2.52,2.45,2.46,7011235
SBM,20200306,2.55,2.56,2.47,2.51,10563239
SBM,20200309,2.45,2.52,2.23,2.23,15229522
SBM,20200310,2.18,2.37,2.15,2.36,12442943
SBM,20200311,2.36,2.36,2.28,2.3,10099762
SBM,20200312,2.2,2.2,1.965,2,17941554
SBM,20200313,1.78,1.85,1.615,1.85,23351562
SBM,20200316,1.79,1.79,1.65,1.665,11731105
SBM,20200317,1.71,1.955,1.71,1.955,15121197
SBM,20200318,2.17,2.26,2.06,2.13,9889556
SBM,20200319,2,2.15,1.965,2.01,10102206
SBM,20200320,2.07,2.15,1.935,1.935,13009681
SBM,20200323,1.885,1.955,1.825,1.85,5398928
SBM,20200324,1.995,2.16,1.975,2.06,7879131
SBM,20200325,2.26,2.3,2.13,2.23,6027940
SBM,20200326,2.23,2.29,2.16,2.18,12043743
SBM,20200327,2.24,2.32,2.09,2.12,9364604
SBM,20200330,2.1,2.27,2.02,2.27,5773984
SBM,20200331,2.22,2.27,2.09,2.13,8482324
SBM,20200401,2.08,2.15,2.06,2.09,5359207
SBM,20200402,2.12,2.22,2.11,2.14,5949082
SBM,20200403,2.23,2.28,2.06,2.09,6182188
SBM,20200406,2.14,2.2,2.11,2.2,3789096
SBM,20200407,2.28,2.37,2.25,2.36,7226036
SBM,20200408,2.26,2.34,2.24,2.29,6130876
SBM,20200409,2.26,2.3,2.23,2.28,5098138
SBM,20200414,2.42,2.55,2.42,2.51,8582173
SBM,20200415,2.5,2.55,2.47,2.52,6106137
SBM,20200416,2.52,2.59,2.47,2.53,7543333
SBM,20200417,2.52,2.53,2.43,2.46,9621528
SBM,20200420,2.42,2.47,2.37,2.42,3888376
SBM,20200421,2.42,2.48,2.395,2.44,4238302
SBM,20200422,2.36,2.44,2.36,2.4,6144849
SBM,20200423,2.49,2.54,2.43,2.47,7115265
SBM,20200424,2.49,2.6,2.48,2.58,6309041
SBM,20200427,2.6,2.62,2.51,2.57,6744401
SBM,20200428,2.54,2.56,2.44,2.47,7319860
SBM,20200429,2.45,2.53,2.4,2.52,7945939
SBM,20200430,2.5,2.63,2.47,2.59,7950662
SBM,20200501,2.5,2.52,2.41,2.41,7155061
SBM,20200504,2.46,2.52,2.45,2.52,4974362
SBM,20200505,2.5,2.56,2.5,2.53,3716716
SBM,20200506,2.55,2.57,2.49,2.53,4711678
SBM,20200507,2.5,2.55,2.47,2.54,4577100
SBM,20200508,2.6,2.62,2.565,2.61,3454628
SBM,20200511,2.63,2.66,2.59,2.65,3275197
SBM,20200512,2.62,2.65,2.58,2.6,2693302
SBM,20200513,2.6,2.65,2.57,2.65,4354434
SBM,20200514,2.67,2.77,2.65,2.74,6357513
SBM,20200515,2.82,2.92,2.79,2.92,7745203
SBM,20200518,3.05,3.19,3.05,3.14,9097598
SBM,20200519,3.08,3.17,2.98,3.13,6794668
SBM,20200520,3.12,3.22,3.08,3.19,4879952
SBM,20200521,3.21,3.24,3.16,3.16,5285420
SBM,20200522,3.14,3.18,3.12,3.16,4067062
SBM,20200525,3.19,3.225,3.13,3.19,3180989
SBM,20200526,3.2,3.24,3.16,3.2,4449539
SBM,20200527,3.04,3.06,2.93,2.95,10315216
SBM,20200528,3,3.01,2.93,2.99,7527006
SBM,20200529,3.03,3.17,3.03,3.12,7469262
SBM,20200601,3.15,3.25,3.13,3.25,4846077
SBM,20200602,3.24,3.27,3.17,3.22,4353056
SBM,20200603,3.15,3.15,3.055,3.1,4770294
SBM,20200604,2.97,3.03,2.93,3,5774180
SBM,20200605,3.05,3.08,2.97,3,2959321
SBM,20200609,3,3.04,2.88,2.89,5660452
SBM,20200610,2.96,3.05,2.96,3,4682658
SBM,20200611,3.12,3.2,3.09,3.16,8843960
SBM,20200612,3.12,3.13,3.04,3.08,5749540
SBM,20200615,3.01,3.06,2.96,3,6357978
SBM,20200616,3.04,3.11,3.02,3.07,4772976
SBM,20200617,3.05,3.06,2.99,3.03,4500900
SBM,20200618,3,3.04,2.96,2.99,4580101
SBM,20200619,3,3.06,3,3.02,5420012
SBM,20200622,3.1,3.21,3.09,3.2,6810509
SBM,20200623,3.21,3.22,3.15,3.19,5063269
SBM,20200624,3.25,3.31,3.2,3.31,8237350
SBM,20200625,3.23,3.26,3.15,3.19,4588957
SBM,20200626,3.25,3.28,3.175,3.2,3591913
SBM,20200629,3.22,3.28,3.15,3.16,3884906
SBM,20200630,3.2,3.2,3.125,3.15,4597042
SBM,20200701,3.21,3.3,3.2,3.28,4785770
SBM,20200702,3.28,3.31,3.22,3.28,4267233
SBM,20200703,3.3,3.34,3.24,3.29,3601366
SBM,20200706,3.3,3.39,3.28,3.29,3276945
SBM,20200707,3.41,3.66,3.41,3.63,7459130
SBM,20200708,3.7,3.74,3.61,3.62,5518011
SBM,20200709,3.72,3.77,3.65,3.69,4644388
SBM,20200710,3.65,3.68,3.6,3.63,2992361
SBM,20200713,3.66,3.67,3.53,3.59,4271981
SBM,20200714,3.49,3.55,3.44,3.54,2798831
SBM,20200715,3.57,3.64,3.56,3.63,4146213
SBM,20200716,3.63,3.64,3.57,3.59,3350796
SBM,20200717,3.6,3.64,3.55,3.6,4081692
SBM,20200720,3.65,3.72,3.61,3.68,3257649
SBM,20200721,3.72,3.77,3.68,3.76,3626749
SBM,20200722,3.8,3.85,3.74,3.79,3665052
SBM,20200723,3.83,3.85,3.74,3.79,3519914
SBM,20200724,3.69,3.77,3.66,3.76,5002558
SBM,20200727,3.83,3.87,3.8,3.83,6017573
SBM,20200728,3.93,3.98,3.77,3.8,6674786
SBM,20200729,3.75,3.78,3.46,3.51,11819721
SBM,20200730,3.51,3.53,3.38,3.45,7809093
SBM,20200731,3.39,3.39,3.27,3.35,7359670
SBM,20200803,3.38,3.5,3.31,3.47,5223091
SBM,20200804,3.48,3.5,3.42,3.44,3145002
SBM,20200805,3.6,3.67,3.57,3.62,5724518
SBM,20200806,3.62,3.69,3.6,3.63,4204343
SBM,20200807,3.6,3.62,3.52,3.55,2747490
SBM,20200810,3.5,3.625,3.49,3.59,3297621
SBM,20200811,3.58,3.58,3.4,3.42,4532647
SBM,20200812,3.24,3.3,3.15,3.29,9623810
SBM,20200813,3.32,3.39,3.3,3.32,4809904
SBM,20200814,3.39,3.43,3.35,3.38,3359026
SBM,20200817,3.39,3.48,3.37,3.44,3400642
SBM,20200818,3.53,3.6,3.5,3.55,5463107
SBM,20200819,3.55,3.56,3.42,3.43,5183725
SBM,20200820,3.35,3.43,3.32,3.39,3636913
SBM,20200821,3.43,3.46,3.36,3.39,2299708
SBM,20200824,3.35,3.42,3.285,3.41,4046426
SBM,20200825,3.42,3.46,3.315,3.35,4253474
SBM,20200826,3.34,3.38,3.3,3.31,2821650
SBM,20200827,3.38,3.48,3.38,3.44,4671056
SBM,20200828,3.4,3.4,3.285,3.37,3341172
SBM,20200831,3.42,3.47,3.39,3.45,3501690
SBM,20200901,3.41,3.53,3.37,3.49,3356084
SBM,20200902,3.45,3.47,3.38,3.47,2724725
SBM,20200903,3.43,3.46,3.38,3.44,2775786
SBM,20200904,3.38,3.47,3.35,3.38,4367861
SBM,20200907,3.31,3.42,3.31,3.39,3249942
SBM,20200908,3.36,3.36,3.27,3.31,4321791
SBM,20200909,3.28,3.33,3.21,3.27,4123519
SBM,20200910,3.33,3.36,3.3,3.34,5062129
SBM,20200911,3.29,3.3,3.195,3.22,3939307
SBM,20200914,3.23,3.35,3.23,3.34,5275042
SBM,20200915,3.37,3.49,3.37,3.48,5643257
SBM,20200916,3.44,3.47,3.4,3.44,4581800
SBM,20200917,3.38,3.415,3.3,3.32,4803089
SBM,20200918,3.32,3.41,3.32,3.37,8366759
SBM,20200921,3.34,3.35,3.12,3.13,8579994
SBM,20200922,3.05,3.1,3.03,3.08,5504870
SBM,20200923,3.09,3.12,3.01,3.04,6392250
SBM,20200924,2.95,2.97,2.9,2.94,5759684
SBM,20200925,2.98,3.02,2.92,2.94,5924531
SBM,20200928,2.9,3,2.88,2.98,5804924
SBM,20200929,3.02,3.05,2.98,2.99,3735903
SBM,20200930,2.99,3.05,2.97,2.98,3472468
SBM,20201001,2.96,3.03,2.96,3,3213160
SBM,20201002,3.02,3.08,2.98,3.03,6556620
SBM,20201005,3.09,3.1,3.01,3.02,1996446
SBM,20201006,3.01,3.09,3.01,3.06,4509071
SBM,20201007,3.01,3.09,2.99,3.07,4016468
SBM,20201008,3.04,3.11,2.98,3.02,5533672
SBM,20201009,3.07,3.13,3.06,3.1,2575785
SBM,20201012,3.14,3.17,3.08,3.08,4865137
SBM,20201013,3.06,3.08,3.01,3.04,2908960
SBM,20201014,3.02,3.07,3.005,3.05,3165445
SBM,20201015,3.09,3.1,3,3.01,2996411
SBM,20201016,3.01,3.07,3.01,3.03,3271117
SBM,20201019,3.01,3.06,2.99,2.99,2704024
SBM,20201020,2.97,2.99,2.93,2.94,3020268
SBM,20201021,2.93,2.95,2.88,2.92,3861754
SBM,20201022,2.91,2.95,2.89,2.9,4358017
SBM,20201023,2.89,2.89,2.82,2.84,2585222
SBM,20201026,2.82,2.83,2.73,2.75,4103712
SBM,20201027,2.72,2.73,2.64,2.66,3856013
SBM,20201028,2.67,2.74,2.67,2.73,2669443
SBM,20201029,2.62,2.65,2.59,2.62,2537056
SBM,20201030,2.6,2.695,2.59,2.65,4910229
SBM,20201102,2.66,2.7,2.63,2.66,3207201
SBM,20201103,2.71,2.76,2.71,2.74,3172363
SBM,20201104,2.73,2.75,2.635,2.65,4880277
SBM,20201105,2.65,2.66,2.6,2.65,3020938
SBM,20201106,2.76,2.87,2.76,2.85,5413580
SBM,20201109,2.9,2.97,2.9,2.95,6058030
SBM,20201110,2.77,2.8,2.72,2.75,6470151
SBM,20201111,2.78,2.79,2.69,2.71,5632386
SBM,20201112,2.7,2.7,2.63,2.65,5918973
SBM,20201113,2.68,2.76,2.68,2.73,5633449
SBM,20201116,2.74,2.75,2.73,2.73,198482
SBM,20201117,2.73,2.73,2.6,2.61,8633048
SBM,20201118,2.61,2.64,2.59,2.6,6183380
SBM,20201120,2.55,2.61,2.53,2.59,5144031
SBM,20201123,2.62,2.62,2.54,2.55,4377527
SBM,20201124,2.49,2.49,2.415,2.44,7371856
SBM,20201125,2.41,2.53,2.4,2.49,7181560
SBM,20201126,2.52,2.54,2.5,2.53,6777759
SBM,20201127,2.54,2.54,2.49,2.53,1977558
SBM,20201130,2.51,2.51,2.45,2.45,6276723
SBM,20201201,2.48,2.53,2.48,2.51,3349245
SBM,20201202,2.57,2.61,2.55,2.59,6933881
SBM,20201203,2.59,2.65,2.57,2.6,5154080
SBM,20201204,2.59,2.61,2.51,2.52,4045580
SBM,20201207,2.52,2.57,2.52,2.56,3751031
SBM,20201208,2.65,2.66,2.58,2.61,4979232
SBM,20201209,2.61,2.61,2.53,2.54,2277601
SBM,20201210,2.5,2.5,2.45,2.46,3579707
SBM,20201211,2.46,2.5,2.46,2.5,4363323
SBM,20201214,2.49,2.52,2.47,2.47,2274921
SBM,20201215,2.46,2.49,2.43,2.45,2953584
SBM,20201216,2.51,2.54,2.47,2.48,5905548
SBM,20201217,2.48,2.5,2.46,2.48,5606046
SBM,20201218,2.5,2.51,2.44,2.44,7887565
SBM,20201221,2.44,2.48,2.42,2.47,5673453
SBM,20201222,2.45,2.45,2.335,2.34,6460240
SBM,20201224,2.34,2.34,2.34,2.34,0
SBM,20201229,2.36,2.39,2.33,2.36,2837362
SBM,20201230,2.35,2.36,2.31,2.35,3117286
SBM,20201231,2.38,2.415,2.36,2.36,2938091
SBM,20210104,2.39,2.48,2.38,2.47,3636787
SBM,20210105,2.52,2.56,2.5,2.51,5119038
SBM,20210106,2.51,2.52,2.44,2.46,2844354
SBM,20210107,2.42,2.46,2.4,2.44,3471310
SBM,20210108,2.44,2.46,2.39,2.39,2661563
SBM,20210111,2.32,2.34,2.28,2.32,5267535
SBM,20210112,2.32,2.34,2.28,2.31,5037235
SBM,20210113,2.3,2.32,2.27,2.3,5142969
SBM,20210114,2.27,2.29,2.215,2.24,9064515
SBM,20210115,2.24,2.25,2.215,2.23,2919690
SBM,20210118,2.23,2.24,2.2,2.22,4305907
SBM,20210119,2.21,2.28,2.2,2.25,3222011
SBM,20210120,2.28,2.32,2.24,2.32,3573135
SBM,20210121,2.36,2.39,2.34,2.36,4368479
SBM,20210122,2.36,2.36,2.27,2.28,3314015
SBM,20210125,2.29,2.3,2.24,2.27,3482652
SBM,20210127,2.3,2.31,2.24,2.27,3476682
SBM,20210128,2.25,2.25,2.17,2.18,5140008
SBM,20210129,2.22,2.23,2.17,2.21,5013353
SBM,20210201,2.21,2.24,2.165,2.24,3922288
SBM,20210203,2.24,2.31,2.22,2.29,4098106
SBM,20210204,2.27,2.27,2.19,2.19,4596597
SBM,20210205,2.19,2.26,2.18,2.24,4140225
SBM,20210208,2.26,2.28,2.22,2.23,3644444
SBM,20210209,2.25,2.3,2.24,2.27,2989221
SBM,20210210,2.29,2.33,2.27,2.3,2253944
SBM,20210211,2.32,2.36,2.29,2.3,2425065
SBM,20210212,2.29,2.29,2.23,2.24,2107661
SBM,20210215,2.24,2.25,2.22,2.25,1133491
SBM,20210216,2.24,2.31,2.23,2.3,1843611
SBM,20210217,2.28,2.28,2.18,2.19,7851821
SBM,20210218,2.16,2.17,2.06,2.09,7583594
SBM,20210219,2.07,2.09,2,2.02,7132483
SBM,20210222,2.02,2.095,2,2.09,8780299
SBM,20210223,2.12,2.16,2.1,2.15,5287139
SBM,20210224,2.13,2.13,2.08,2.11,2159639
SBM,20210225,2.09,2.105,2.03,2.03,4742059
SBM,20210226,2,2.11,1.99,2.08,6281611
SBM,20210301,2.06,2.08,2.01,2.03,6488105
SBM,20210302,2,2.02,1.97,1.98,5520426
SBM,20210303,2.01,2.05,1.99,2,6565523
SBM,20210304,1.985,1.99,1.94,1.97,8008147
SBM,20210305,1.97,2.01,1.91,1.935,6942547
SBM,20210308,1.96,2.02,1.947,1.97,4210900
SBM,20210309,1.97,1.98,1.942,1.96,3437964
SBM,20210310,1.995,2.03,1.98,1.98,4301978
SBM,20210311,1.995,2.03,1.98,1.98,4301978
SBM,20210312,2.02,2.04,1.99,2,3922011
SBM,20210315,2.02,2.03,1.98,2.01,3338160
SBM,20210316,2.02,2.04,2.01,2.02,3448953
SBM,20210317,2.02,2.025,1.97,1.98,5496345
SBM,20210318,1.995,2.045,1.98,2.01,6296879
SBM,20210319,1.995,2.04,1.99,1.995,9847948
SBM,20210322,2.01,2.04,1.995,2.04,2714970
SBM,20210323,2.04,2.06,2.02,2.02,2025166
SBM,20210324,2,2.05,1.98,2.05,3033126
SBM,20210325,2.03,2.07,2.01,2.06,3204555
SBM,20210329,2.07,2.105,2.03,2.04,4002019
SBM,20210330,2.06,2.07,1.972,1.98,5325791
SBM,20210331,1.975,2.01,1.957,1.965,7800806
SBM,20210401,1.99,2.04,1.99,2.02,2560328
SBM,20210406,2.05,2.08,2.02,2.07,2714230
SBM,20210407,2.08,2.1,2.05,2.08,2648917
SBM,20210408,2.07,2.11,2.05,2.11,3964578
SBM,20210409,2.14,2.15,2.12,2.15,2303105
SBM,20210412,2.13,2.16,2.1,2.1,3651356
SBM,20210413,2.13,2.14,2.09,2.1,2546475
SBM,20210414,2.13,2.155,2.13,2.14,4731376
SBM,20210415,2.12,2.13,2.06,2.07,5798780
SBM,20210416,2.12,2.15,2.09,2.11,7220385
SBM,20210419,2.14,2.155,2.11,2.14,4302875
SBM,20210420,2.1,2.115,2.08,2.09,3114106
SBM,20210421,2.11,2.13,2.09,2.09,3161295
SBM,20210422,2.11,2.15,2.1,2.15,3147022
SBM,20210423,2.13,2.13,2.075,2.08,3115279
SBM,20210426,2.08,2.08,2.05,2.05,1857141
SBM,20210427,2.05,2.05,2.01,2.03,2869810
SBM,20210428,1.92,1.94,1.815,1.87,12091028
SBM,20210429,1.895,1.93,1.89,1.89,5840366
SBM,20210430,1.885,1.89,1.84,1.845,4812540
SBM,20210503,1.845,1.86,1.81,1.81,2936797
SBM,20210504,1.86,1.887,1.85,1.885,3428114
SBM,20210505,1.86,1.905,1.84,1.875,2161382
SBM,20210506,1.885,1.92,1.857,1.905,5216537
SBM,20210507,1.98,2.01,1.965,1.98,4711094
SBM,20210510,2,2.07,1.99,2.07,3687084
SBM,20210511,2.05,2.05,1.995,2,2729710
SBM,20210512,2,2,1.95,1.965,2843908
SBM,20210513,1.95,2.01,1.92,1.995,4391696
SBM,20210514,1.995,2.04,1.99,1.995,1908061
SBM,20210517,2.03,2.08,2.03,2.05,2037831
SBM,20210518,1.89,1.9,1.825,1.865,13719533
SBM,20210519,1.8,1.805,1.73,1.735,11990802
SBM,20210520,1.73,1.805,1.705,1.805,9108417
SBM,20210521,1.82,1.84,1.78,1.825,7310622
SBM,20210524,1.815,1.865,1.785,1.865,4113639
SBM,20210525,1.86,1.882,1.845,1.875,4177143
SBM,20210526,1.87,1.935,1.865,1.915,4010705
SBM,20210527,1.905,1.925,1.88,1.89,4142763
SBM,20210528,1.91,1.93,1.875,1.895,4013461
SBM,20210531,1.91,1.935,1.892,1.905,4502812
SBM,20210601,1.9,1.915,1.867,1.91,3589764
SBM,20210602,1.885,1.91,1.86,1.89,5166994
SBM,20210603,1.91,1.935,1.85,1.88,8872020
SBM,20210604,1.81,1.86,1.8,1.825,10400114
SBM,20210607,1.82,1.87,1.82,1.85,4113024
SBM,20210609,1.86,1.86,1.805,1.805,4169539
SBM,20210610,1.815,1.82,1.79,1.805,3885426
SBM,20210611,1.83,1.865,1.83,1.865,3925744
SBM,20210615,1.85,1.86,1.83,1.85,3615640
SBM,20210616,1.84,1.86,1.82,1.835,5220698
SBM,20210617,1.81,1.812,1.785,1.785,4626404
SBM,20210618,1.765,1.795,1.76,1.775,6867716
SBM,20210621,1.77,1.77,1.742,1.75,3779983
SBM,20210622,1.795,1.82,1.76,1.775,5497742
SBM,20210623,1.765,1.775,1.745,1.76,3121329
SBM,20210625,1.79,1.82,1.775,1.795,2809797
SBM,20210628,1.795,1.805,1.76,1.765,3959125
SBM,20210629,1.765,1.78,1.72,1.735,4104072
SBM,20210630,1.745,1.75,1.695,1.705,4605466
SBM,20210701,1.72,1.825,1.715,1.8,6201973
SBM,20210705,1.87,1.915,1.86,1.86,3785250
SBM,20210706,1.87,1.875,1.842,1.85,1222603
SBM,20210707,1.865,1.915,1.855,1.905,3393384
SBM,20210708,1.935,1.94,1.877,1.89,2966702
SBM,20210709,1.875,1.885,1.86,1.885,1872794
SBM,20210712,1.91,1.91,1.857,1.87,1701744
SBM,20210714,1.85,1.85,1.825,1.85,3825460
SBM,20210715,1.855,1.98,1.855,1.98,6260953
SBM,20210716,1.985,1.985,1.925,1.95,2577209
SBM,20210719,1.905,1.92,1.875,1.88,3436148
SBM,20210720,1.87,1.9,1.84,1.89,3836174
SBM,20210723,1.855,1.855,1.805,1.84,3809513
SBM,20210726,1.82,1.825,1.77,1.785,4801583
SBM,20210727,1.79,1.795,1.76,1.775,4117843
SBM,20210728,1.755,1.782,1.68,1.745,7349681
SBM,20210729,1.725,1.745,1.71,1.725,4004282
SBM,20210730,1.725,1.795,1.715,1.77,5611814
SBM,20210802,1.78,1.87,1.777,1.86,4661138
SBM,20210803,1.83,1.84,1.805,1.81,2986992
SBM,20210804,1.81,1.817,1.775,1.78,4231609
SBM,20210805,1.77,1.785,1.755,1.78,2917111
SBM,20210806,1.765,1.765,1.727,1.735,3870100
SBM,20210809,1.7,1.755,1.69,1.715,7858422
SBM,20210810,1.71,1.715,1.62,1.63,11576774
SBM,20210811,1.63,1.635,1.595,1.605,5212055
SBM,20210812,1.63,1.635,1.605,1.615,3990714
SBM,20210813,1.625,1.635,1.61,1.615,2928384
SBM,20210819,1.605,1.63,1.59,1.6,4130191
SBM,20210820,1.585,1.59,1.527,1.55,4783916
SBM,20210823,1.53,1.555,1.525,1.55,4584506
SBM,20210824,1.58,1.625,1.58,1.61,3611587
SBM,20210825,1.61,1.615,1.57,1.58,3026124
SBM,20210826,1.555,1.56,1.522,1.535,4755719
SBM,20210827,1.54,1.595,1.525,1.58,4878058
SBM,20210830,1.6,1.625,1.595,1.62,3864529
SBM,20210831,1.62,1.63,1.57,1.58,2643420
SBM,20210901,1.585,1.63,1.57,1.615,3101750
SBM,20210902,1.6,1.605,1.56,1.56,3580766
SBM,20210903,1.56,1.58,1.55,1.56,3070334
SBM,20210906,1.575,1.595,1.547,1.57,4300065
SBM,20210907,1.575,1.6,1.555,1.56,3843568
SBM,20210908,1.515,1.525,1.455,1.465,7440775
SBM,20210909,1.46,1.475,1.43,1.43,4913957
SBM,20210910,1.44,1.455,1.42,1.445,3522759
SBM,20210913,1.43,1.46,1.405,1.455,5489891
SBM,20210914,1.465,1.52,1.46,1.49,6173200
SBM,20210915,1.495,1.515,1.475,1.505,2548374
SBM,20210916,1.48,1.515,1.475,1.505,2265435
SBM,20210917,1.46,1.46,1.397,1.41,12875502
SBM,20210920,1.375,1.39,1.34,1.35,6370117
SBM,20210922,1.35,1.385,1.325,1.375,4467990
SBM,20210923,1.38,1.38,1.345,1.36,4419260
SBM,20210924,1.35,1.35,1.31,1.31,4032552
SBM,20210927,1.31,1.33,1.29,1.3,2786944
SBM,20210928,1.3,1.3,1.265,1.27,4788384
SBM,20210929,1.26,1.37,1.255,1.355,7848174
SBM,20210930,1.35,1.365,1.33,1.34,4470803
SBM,20211001,1.36,1.405,1.355,1.36,4793707
SBM,20211004,1.37,1.375,1.342,1.35,3629197
SBM,20211005,1.36,1.425,1.36,1.42,6807704
SBM,20211006,1.41,1.425,1.382,1.41,3169554
SBM,20211007,1.435,1.47,1.43,1.465,3265430
SBM,20211008,1.46,1.465,1.43,1.44,2193464
SBM,20211011,1.44,1.47,1.43,1.47,1719205
SBM,20211012,1.44,1.47,1.43,1.47,2303932
SBM,20211013,1.49,1.495,1.465,1.495,1737193
SBM,20211014,1.54,1.545,1.52,1.535,3630887
SBM,20211019,1.515,1.56,1.51,1.545,3868501
SBM,20211020,1.55,1.56,1.515,1.53,3240812
SBM,20211021,1.535,1.56,1.525,1.53,2728570
SBM,20211022,1.525,1.545,1.505,1.54,2163344
SBM,20211025,1.515,1.565,1.5,1.56,4070513
SBM,20211026,1.57,1.58,1.525,1.525,3557381
SBM,20211028,1.43,1.475,1.405,1.465,5462289
SBM,20211029,1.44,1.472,1.437,1.465,3651023
SBM,20211101,1.43,1.455,1.405,1.405,4457994
SBM,20211102,1.42,1.435,1.4,1.4,2243812
SBM,20211103,1.4,1.425,1.38,1.39,3545127
SBM,20211104,1.385,1.407,1.38,1.385,3162092
SBM,20211105,1.4,1.455,1.4,1.435,2613955
SBM,20211109,1.51,1.57,1.5,1.555,4159380
SBM,20211110,1.58,1.615,1.57,1.6,4604417
SBM,20211112,1.66,1.67,1.61,1.61,4848734
SBM,20211115,1.635,1.65,1.605,1.61,2370002
SBM,20211116,1.61,1.61,1.58,1.6,3791457
SBM,20211117,1.58,1.582,1.56,1.57,3857835
SBM,20211118,1.58,1.605,1.575,1.585,2652453
SBM,20211119,1.57,1.57,1.525,1.555,2665854
SBM,20211122,1.535,1.54,1.5,1.5,2724081
SBM,20211123,1.46,1.465,1.44,1.45,3124414
SBM,20211124,1.42,1.42,1.4,1.42,2832977
SBM,20211125,1.41,1.415,1.377,1.385,4786375
SBM,20211126,1.395,1.415,1.37,1.415,3865670
SBM,20211129,1.405,1.422,1.38,1.415,1876189
SBM,20211130,1.405,1.415,1.35,1.35,5270253
SBM,20211201,1.35,1.37,1.325,1.34,4648212
SBM,20211202,1.32,1.33,1.295,1.295,3550200
SBM,20211203,1.29,1.297,1.255,1.28,5380456
SBM,20211206,1.305,1.33,1.295,1.325,7062762
SBM,20211207,1.31,1.34,1.3,1.335,3595460
SBM,20211208,1.35,1.372,1.335,1.365,2371176
SBM,20211209,1.36,1.387,1.345,1.37,2711728
SBM,20211210,1.36,1.407,1.36,1.405,5500338
SBM,20211213,1.425,1.495,1.415,1.485,5714279
SBM,20211214,1.49,1.54,1.485,1.535,5545734
SBM,20211216,1.465,1.475,1.43,1.43,5416327
SBM,20211217,1.475,1.525,1.47,1.47,14089864
SBM,20211220,1.41,1.42,1.345,1.375,10443511
SBM,20211221,1.355,1.42,1.355,1.41,9194314
SBM,20211222,1.395,1.405,1.38,1.385,5415910
SBM,20211223,1.405,1.445,1.4,1.445,4940562
SBM,20211224,1.47,1.47,1.41,1.41,2197020
SBM,20211229,1.425,1.435,1.41,1.43,3383909
SBM,20211230,1.425,1.43,1.41,1.41,1853565
SBM,20211231,1.425,1.465,1.42,1.465,3656269
SBM,20220104,1.44,1.44,1.4,1.41,5949736
SBM,20220105,1.42,1.425,1.405,1.405,2653156
SBM,20220106,1.4,1.41,1.355,1.355,3676581
SBM,20220107,1.315,1.34,1.305,1.33,5203224
SBM,20220110,1.315,1.32,1.295,1.31,3753162
SBM,20220111,1.31,1.345,1.31,1.335,4925632
SBM,20220112,1.37,1.395,1.36,1.39,6554682
SBM,20220113,1.385,1.39,1.355,1.37,5669192
SBM,20220114,1.35,1.38,1.335,1.375,6358148
SBM,20220117,1.37,1.385,1.357,1.385,5623943
SBM,20220118,1.37,1.402,1.365,1.38,4430383
SBM,20220119,1.37,1.38,1.345,1.345,5703556
SBM,20220120,1.395,1.435,1.375,1.42,11515870
SBM,20220121,1.405,1.405,1.37,1.39,4161063
SBM,20220124,1.38,1.385,1.36,1.37,4763551
SBM,20220125,1.37,1.38,1.29,1.3,9016158
SBM,20220127,1.285,1.295,1.225,1.235,10636413
SBM,20220128,1.26,1.26,1.207,1.23,10101090
SBM,20220131,1.25,1.25,1.21,1.225,4152863
SBM,20220201,1.24,1.32,1.225,1.3,6638570
SBM,20220202,1.28,1.345,1.275,1.33,4547554
SBM,20220203,1.32,1.34,1.315,1.325,1799191
SBM,20220204,1.31,1.345,1.305,1.345,3568235
SBM,20220207,1.325,1.34,1.305,1.325,2507423
SBM,20220208,1.35,1.385,1.34,1.355,5306234
SBM,20220209,1.365,1.41,1.36,1.41,4635009
SBM,20220210,1.415,1.42,1.382,1.39,2722718
SBM,20220211,1.37,1.395,1.355,1.38,2803237
SBM,20220214,1.44,1.49,1.44,1.475,7201194
SBM,20220215,1.48,1.495,1.43,1.445,4398760
SBM,20220216,1.43,1.445,1.41,1.435,2950207
SBM,20220217,1.46,1.475,1.437,1.465,3271017
SBM,20220218,1.48,1.527,1.417,1.44,12788805
SBM,20220221,1.45,1.49,1.425,1.47,6839438
SBM,20220222,1.48,1.48,1.43,1.44,3751893
SBM,20220223,1.425,1.425,1.345,1.41,6451618
SBM,20220224,1.41,1.435,1.38,1.41,9195158
SBM,20220225,1.355,1.365,1.28,1.285,6835371
SBM,20220228,1.315,1.335,1.292,1.33,5981263
SBM,20220301,1.345,1.357,1.305,1.35,4031763
SBM,20220302,1.39,1.4,1.36,1.365,4587210
SBM,20220303,1.395,1.395,1.35,1.35,3047771
SBM,20220304,1.39,1.39,1.325,1.36,5266163
SBM,20220307,1.39,1.43,1.39,1.42,7024950
SBM,20220308,1.5,1.6,1.49,1.6,16947510
SBM,20220309,1.575,1.602,1.535,1.595,7654427
SBM,20220310,1.55,1.595,1.535,1.59,7096649
SBM,20220311,1.595,1.615,1.565,1.58,4502332
SBM,20220314,1.605,1.64,1.56,1.575,5022227
SBM,20220315,1.505,1.527,1.49,1.505,4808385
SBM,20220316,0,0,0,0,0
SBM,20220317,1.53,1.55,1.525,1.53,3078022
SBM,20220318,1.54,1.555,1.52,1.535,11144442
SBM,20220321,1.545,1.55,1.49,1.51,2980700
SBM,20220322,1.525,1.55,1.52,1.535,2374468
SBM,20220323,1.525,1.545,1.505,1.515,3228954
SBM,20220324,1.54,1.555,1.5,1.5,4434289
SBM,20220325,1.51,1.532,1.495,1.515,5077264
SBM,20220328,1.5,1.51,1.455,1.47,3939562
SBM,20220329,1.45,1.455,1.43,1.44,2738615
SBM,20220330,1.44,1.45,1.425,1.435,2143587
SBM,20220331,1.425,1.447,1.41,1.41,3342973
SBM,20220401,1.41,1.435,1.395,1.405,3921621
SBM,20220404,1.43,1.455,1.42,1.43,7113553
SBM,20220405,1.41,1.42,1.38,1.405,3184908
SBM,20220406,1.385,1.385,1.355,1.36,3203013
SBM,20220407,1.365,1.385,1.355,1.375,3111309
SBM,20220408,1.385,1.392,1.365,1.38,3033535
SBM,20220411,1.4,1.44,1.4,1.425,3190455
SBM,20220412,1.43,1.47,1.43,1.465,3026136
SBM,20220413,1.47,1.5,1.445,1.46,7537124
SBM,20220414,1.48,1.53,1.46,1.53,7211264
SBM,20220419,1.54,1.54,1.48,1.495,5612007
SBM,20220420,1.47,1.49,1.455,1.465,5131471
SBM,20220421,1.47,1.49,1.455,1.465,5131471
SBM,20220422,1.43,1.455,1.43,1.44,3309136
SBM,20220426,1.385,1.4,1.36,1.37,5736821
SBM,20220427,1.375,1.385,1.33,1.34,4870503
SBM,20220428,1.3,1.342,1.295,1.305,6000757
SBM,20220429,1.33,1.352,1.32,1.335,3541522
SBM,20220502,1.315,1.33,1.305,1.325,2345671
SBM,20220503,1.3,1.32,1.29,1.29,2475258
SBM,20220504,1.295,1.317,1.27,1.27,3008772
SBM,20220505,1.295,1.34,1.285,1.33,3278378
SBM,20220506,1.28,1.295,1.27,1.27,4644375
SBM,20220509,1.27,1.275,1.18,1.185,5581029
SBM,20220510,1.14,1.165,1.09,1.16,10539440
SBM,20220511,1.14,1.18,1.12,1.17,5247021
SBM,20220512,1.15,1.15,1.11,1.11,6756570
SBM,20220513,1.1,1.147,1.095,1.145,4913477
SBM,20220516,1.155,1.175,1.145,1.155,4159056
SBM,20220517,1.165,1.18,1.15,1.155,2311738
SBM,20220518,1.17,1.185,1.165,1.17,1530574
SBM,20220519,1.15,1.2,1.14,1.19,2846363
SBM,20220520,1.235,1.245,1.215,1.24,3713694
SBM,20220523,1.225,1.265,1.225,1.26,2899953
SBM,20220524,1.25,1.26,1.22,1.22,2304456
SBM,20220525,1.26,1.29,1.25,1.25,2772724
SBM,20220526,1.225,1.255,1.22,1.22,2064370
SBM,20220527,1.235,1.24,1.187,1.19,4912439
SBM,20220530,1.185,1.245,1.185,1.245,5205118
SBM,20220531,1.23,1.285,1.22,1.27,5408567
SBM,20220601,1.26,1.26,1.187,1.195,3563308
SBM,20220602,1.185,1.205,1.175,1.18,1858351
SBM,20220603,1.215,1.235,1.212,1.215,2131839
SBM,20220606,1.21,1.22,1.197,1.21,2279614
SBM,20220607,1.195,1.195,1.165,1.175,2278870
SBM,20220608,1.2,1.22,1.19,1.215,3518674
SBM,20220609,1.205,1.23,1.17,1.175,2406844
SBM,20220610,1.145,1.16,1.125,1.15,5077870
SBM,20220614,1.09,1.135,1.077,1.135,6536913
SBM,20220615,1.115,1.135,1.09,1.095,3808012
SBM,20220616,1.11,1.145,1.105,1.14,4399996
SBM,20220617,1.16,1.21,1.155,1.21,19870700
SBM,20220620,1.19,1.195,1.132,1.16,3886798
SBM,20220621,1.17,1.17,1.127,1.13,2732610
SBM,20220622,1.1,1.112,0.922,0.925,13638963
SBM,20220623,0.855,0.86,0.77,0.8,16639800
SBM,20220624,0.795,0.855,0.795,0.855,9213520
SBM,20220627,0.85,0.86,0.825,0.86,7355037
SBM,20220628,0.85,0.85,0.81,0.83,8784173
SBM,20220629,0.81,0.81,0.77,0.775,5610730
SBM,20220630,0.77,0.785,0.75,0.75,4658804
SBM,20220701,0.76,0.81,0.752,0.795,6012204
SBM,20220704,0.81,0.83,0.77,0.825,7847810
SBM,20220705,0.82,0.895,0.82,0.895,9862178
SBM,20220706,0.845,0.85,0.81,0.81,5986633
SBM,20220707,0.82,0.835,0.8,0.83,5191940
SBM,20220708,0.85,0.91,0.845,0.91,5712796
SBM,20220711,0.93,0.93,0.895,0.9,6613622
SBM,20220712,0.905,0.925,0.9,0.9,2686250
SBM,20220713,0.9,0.95,0.895,0.94,3985127
SBM,20220714,0.935,0.935,0.89,0.895,4071898
SBM,20220715,0.86,0.875,0.85,0.855,3411178
SBM,20220718,0.855,0.88,0.84,0.88,3738075
SBM,20220719,0.87,0.89,0.86,0.88,1941133
SBM,20220720,0.88,0.9,0.88,0.895,2928553
SBM,20220721,0.865,0.9,0.865,0.9,2047139
SBM,20220722,0.92,0.92,0.895,0.895,3745266
SBM,20220725,0.91,0.92,0.89,0.91,3373760
SBM,20220726,0.915,0.915,0.885,0.9,2751566
SBM,20220727,0.92,0.93,0.905,0.93,5055529
SBM,20220728,0.95,1.035,0.95,1.025,5538394
SBM,20220729,1.05,1.135,1.035,1.125,7885279
SBM,20220801,1.15,1.17,1.12,1.16,7962019
SBM,20220802,1.17,1.22,1.16,1.22,5007921
SBM,20220803,1.21,1.24,1.19,1.24,3722987
SBM,20220805,1.25,1.27,1.23,1.245,2875468
SBM,20220808,1.22,1.235,1.21,1.22,3859391
SBM,20220809,1.225,1.24,1.2,1.21,3407404
SBM,20220810,1.14,1.158,1.06,1.07,9256936
SBM,20220811,1.07,1.075,1.043,1.065,5107525
SBM,20220812,1.055,1.075,1.045,1.06,4078309
SBM,20220815,1.07,1.085,1.05,1.06,2471462
SBM,20220816,1.04,1.055,1.03,1.045,2158849
SBM,20220817,1.025,1.04,0.995,1.04,3733826
SBM,20220818,1,1.005,0.985,0.99,4383582
SBM,20220819,1,1.005,0.98,0.985,4427288
SBM,20220822,0.955,0.985,0.945,0.965,3807267
SBM,20220823,0.94,0.97,0.935,0.95,2869249
SBM,20220824,0.955,0.965,0.93,0.96,4123859
SBM,20220825,0.95,0.99,0.95,0.975,3152494
SBM,20220826,0.975,0.995,0.935,0.945,3445190
SBM,20220829,0.895,0.915,0.885,0.905,4720645
SBM,20220830,0.91,0.93,0.905,0.915,4635373
SBM,20220831,0.88,0.92,0.88,0.92,6232526
SBM,20220901,0.92,0.92,0.888,0.89,6271151
SBM,20220902,0.87,0.88,0.855,0.875,7317023
SBM,20220905,0.905,0.915,0.885,0.895,3110377
SBM,20220906,0.895,0.92,0.89,0.905,3356901
SBM,20220907,0.89,0.91,0.875,0.9,3562167
SBM,20220909,0.915,0.96,0.915,0.95,2264691
SBM,20220912,0.955,0.968,0.925,0.93,2649741
SBM,20220913,0.925,0.95,0.925,0.935,3063483
SBM,20220914,0.885,0.9,0.875,0.885,4495271
SBM,20220915,0.895,0.895,0.875,0.875,5117611
SBM,20220916,0.86,0.86,0.8,0.8,16524872
SBM,20220919,0.83,0.83,0.81,0.82,4119453
SBM,20220920,0.825,0.835,0.803,0.81,5322009
SBM,20220921,0.79,0.8,0.77,0.79,5508235
