SOM,20160212,2.57,2.57,2.57,2.57,0
SOM,20160215,2.57,2.57,2.57,2.57,0
SOM,20160216,2.58,2.6,2.55,2.55,14322
SOM,20160217,2.6,2.6,2.55,2.55,6550
SOM,20160218,2.58,2.62,2.58,2.62,23940
SOM,20160219,2.65,2.72,2.62,2.62,23674
SOM,20160222,2.65,2.65,2.65,2.65,500
SOM,20160223,2.62,2.62,2.6,2.6,10794
SOM,20160224,2.6,2.64,2.6,2.6,8093
SOM,20160225,2.62,2.65,2.62,2.65,5146
SOM,20160226,2.65,2.66,2.65,2.655,41522
SOM,20160229,2.66,2.66,2.64,2.66,50055
SOM,20160301,2.66,2.66,2.59,2.66,57214
SOM,20160302,2.66,2.66,2.65,2.65,4608
SOM,20160303,2.65,2.65,2.63,2.65,12856
SOM,20160304,2.58,2.58,2.5,2.5,15738
SOM,20160307,2.52,2.55,2.52,2.55,13500
SOM,20160308,2.6,2.62,2.51,2.54,31983
SOM,20160309,2.54,2.54,2.52,2.52,8413
SOM,20160310,2.52,2.52,2.52,2.52,0
SOM,20160311,2.52,2.52,2.52,2.52,0
SOM,20160314,2.52,2.52,2.5,2.5,5897
SOM,20160315,2.53,2.56,2.5,2.56,9633
SOM,20160316,2.53,2.6,2.53,2.58,3902
SOM,20160317,2.53,2.53,2.51,2.53,11717
SOM,20160318,2.53,2.55,2.51,2.53,11574
SOM,20160321,2.53,2.58,2.53,2.58,7573
SOM,20160322,2.58,2.58,2.55,2.55,13134
SOM,20160323,2.53,2.53,2.5,2.5,7500
SOM,20160324,2.52,2.52,2.52,2.52,2860
SOM,20160329,2.5,2.5,2.5,2.5,15920
SOM,20160330,2.535,2.535,2.52,2.53,111000
SOM,20160331,2.53,2.55,2.45,2.55,5303
SOM,20160401,2.5,2.55,2.5,2.5,2705
SOM,20160404,2.47,2.55,2.47,2.47,3687
SOM,20160405,2.47,2.47,2.47,2.47,9970
SOM,20160406,2.5,2.55,2.5,2.53,9585
SOM,20160407,2.52,2.53,2.52,2.53,5482
SOM,20160408,2.52,2.56,2.51,2.56,19206
SOM,20160411,2.55,2.55,2.515,2.52,11494
SOM,20160412,2.53,2.53,2.53,2.53,1090
SOM,20160413,2.58,2.61,2.51,2.53,47575
SOM,20160414,2.51,2.55,2.5,2.55,56231
SOM,20160415,2.55,2.59,2.55,2.57,9501
SOM,20160418,2.57,2.57,2.57,2.57,2381
SOM,20160419,2.59,2.59,2.57,2.57,21357
SOM,20160420,2.57,2.65,2.54,2.59,93111
SOM,20160421,2.65,2.68,2.65,2.68,7121
SOM,20160422,2.68,2.72,2.68,2.72,76828
SOM,20160426,2.76,2.82,2.76,2.8,29635
SOM,20160427,2.81,2.83,2.8,2.82,54365
SOM,20160428,2.84,2.9,2.84,2.87,71144
SOM,20160429,2.86,2.86,2.84,2.84,16382
SOM,20160502,2.86,2.86,2.8,2.8,7937
SOM,20160503,2.8,2.8,2.8,2.8,0
SOM,20160504,2.8,2.8,2.8,2.8,0
SOM,20160505,2.75,2.92,2.73,2.9,113720
SOM,20160506,2.9,2.975,2.9,2.96,47041
SOM,20160509,2.98,3.1,2.96,3.03,144858
SOM,20160510,3.03,3.03,3,3,526279
SOM,20160511,3.01,3.05,3,3.01,98946
SOM,20160512,3.02,3.02,3.01,3.01,133035
SOM,20160513,3.01,3.05,3.01,3.05,19046
SOM,20160516,3.1,3.1,3.01,3.01,41397
SOM,20160517,3.01,3.02,3,3.02,31700
SOM,20160518,3.1,3.1,3.02,3.04,18609
SOM,20160519,3.1,3.1,3.04,3.04,21854
SOM,20160520,3.05,3.1,3.04,3.1,20278
SOM,20160523,3.06,3.11,3.05,3.1,64238
SOM,20160524,3.09,3.09,3.09,3.09,55639
SOM,20160525,3.1,3.2,3.1,3.16,128486
SOM,20160526,3.2,3.39,3.2,3.38,28591
SOM,20160527,3.32,3.38,3.32,3.35,33948
SOM,20160530,3.33,3.33,3.27,3.3,24743
SOM,20160531,3.3,3.31,3.23,3.28,10780
SOM,20160601,3.28,3.31,3.25,3.31,16558
SOM,20160602,3.27,3.29,3.2,3.21,14989
SOM,20160603,3.23,3.23,3.23,3.23,378
SOM,20160606,3.2,3.35,3.2,3.35,37931
SOM,20160607,3.34,3.34,3.3,3.3,13224
SOM,20160608,3.27,3.27,3.21,3.21,7589
SOM,20160609,3.24,3.28,3.24,3.28,6742
SOM,20160610,3.28,3.28,3.2,3.25,17377
SOM,20160614,3.22,3.28,3.22,3.28,4303
SOM,20160615,3.25,3.3,3.25,3.3,7572
SOM,20160616,3.3,3.3,3.2,3.3,19568
SOM,20160617,3.25,3.29,3.2,3.2,12542
SOM,20160620,3.19,3.19,3.1,3.18,30656
SOM,20160621,3.18,3.19,3.11,3.15,22817
SOM,20160622,3.15,3.33,3.15,3.26,22707
SOM,20160623,3.26,3.26,3.26,3.26,504900
SOM,20160624,3.2,3.25,3.2,3.22,31040
SOM,20160627,3.25,3.33,3.2,3.33,20306
SOM,20160628,3.32,3.55,3.31,3.55,13071
SOM,20160629,3.55,3.65,3.45,3.5,25393
SOM,20160630,3.6,3.67,3.45,3.59,40828
SOM,20160701,3.51,3.6,3.51,3.6,6800
SOM,20160704,3.6,3.6,3.52,3.55,18239
SOM,20160705,3.55,3.59,3.45,3.55,59577
SOM,20160706,3.4,3.4,3.15,3.3,312547
SOM,20160707,3.35,3.35,3.21,3.25,310754
SOM,20160708,3.25,3.25,3.2,3.22,321131
SOM,20160711,3.22,3.22,3.22,3.22,0
SOM,20160712,3.35,3.35,3.22,3.34,24982
SOM,20160713,3.26,3.28,3.21,3.26,48231
SOM,20160714,3.26,3.34,3.26,3.28,307402
SOM,20160715,3.25,3.32,3.25,3.3,621217
SOM,20160718,3.3,3.35,3.3,3.33,4120
SOM,20160719,3.33,3.35,3.28,3.33,27697
SOM,20160720,3.28,3.32,3.21,3.32,11419
SOM,20160721,3.32,3.45,3.32,3.45,29838
SOM,20160722,3.44,3.44,3.36,3.44,6615
SOM,20160725,3.5,3.5,3.45,3.48,23255
SOM,20160726,3.47,3.49,3.45,3.46,17868
SOM,20160727,3.45,3.49,3.45,3.47,19283
SOM,20160728,3.47,3.48,3.44,3.44,22445
SOM,20160729,3.45,3.48,3.4,3.45,209325
SOM,20160801,3.45,3.45,3.43,3.44,15451
SOM,20160802,3.44,3.44,3.4,3.44,2113
SOM,20160803,3.45,3.46,3.43,3.46,85410
SOM,20160804,3.49,3.49,3.49,3.49,6650
SOM,20160805,3.41,3.45,3.4,3.45,17633
SOM,20160808,3.45,3.45,3.4,3.45,1017
SOM,20160809,3.45,3.45,3.4,3.4,45595
SOM,20160810,3.4,3.45,3.4,3.45,21116
SOM,20160811,3.45,3.45,3.38,3.43,13257
SOM,20160812,3.45,3.5,3.43,3.5,12515
SOM,20160815,3.45,3.5,3.45,3.46,13202
SOM,20160816,3.46,3.49,3.46,3.48,5869
SOM,20160817,3.4,3.4,3.38,3.38,104846
SOM,20160818,3.38,3.38,3.2,3.3,385178
SOM,20160822,3.38,3.38,3.35,3.36,24150
SOM,20160823,3.36,3.37,3.36,3.37,17432
SOM,20160824,3.36,3.37,3.36,3.37,53090
SOM,20160825,3.35,3.45,3.35,3.45,2122211
SOM,20160826,3.45,3.48,3.38,3.48,240090
SOM,20160829,3.42,3.44,3.42,3.42,14085
SOM,20160830,3.45,3.51,3.45,3.51,23515
SOM,20160831,3.51,3.51,3.48,3.49,3742
SOM,20160901,3.49,3.6,3.49,3.5,81068
SOM,20160902,3.49,3.49,3.45,3.45,11343
SOM,20160905,3.45,3.48,3.45,3.45,40777
SOM,20160906,3.38,3.5,3.38,3.5,10548
SOM,20160907,3.5,3.5,3.38,3.4,22591
SOM,20160908,3.39,3.39,3.38,3.38,17404
SOM,20160909,3.4,3.46,3.39,3.39,5559
SOM,20160912,3.38,3.39,3.36,3.38,45038
SOM,20160913,3.38,3.45,3.38,3.45,3488
SOM,20160914,3.46,3.46,3.38,3.38,86
SOM,20160915,3.38,3.45,3.32,3.45,14850
SOM,20160916,3.46,3.46,3.35,3.46,2054
SOM,20160919,3.46,3.46,3.46,3.46,0
SOM,20160920,3.45,3.45,3.35,3.36,11030
SOM,20160921,3.36,3.46,3.36,3.46,27066
SOM,20160922,3.44,3.44,3.44,3.44,555
SOM,20160923,3.37,3.44,3.37,3.44,5423
SOM,20160926,3.48,3.48,3.38,3.45,9884
SOM,20160927,3.39,3.44,3.38,3.42,3666
SOM,20160928,3.42,3.47,3.42,3.47,11869
SOM,20160929,3.47,3.48,3.44,3.48,16520
SOM,20160930,3.48,3.48,3.47,3.47,402
SOM,20161003,3.48,3.55,3.48,3.55,9222
SOM,20161004,3.53,3.54,3.5,3.5,13308
SOM,20161005,3.5,3.5,3.5,3.5,0
SOM,20161006,3.47,3.5,3.47,3.48,53037
SOM,20161007,3.46,3.52,3.4,3.49,37620
SOM,20161010,3.48,3.51,3.48,3.5,1706
SOM,20161011,3.48,3.5,3.4,3.41,24003
SOM,20161012,3.4,3.4,3.38,3.39,7168
SOM,20161013,3.39,3.45,3.39,3.45,3838
SOM,20161014,3.47,3.5,3.46,3.5,4555
SOM,20161017,3.53,3.54,3.52,3.52,18801
SOM,20161018,3.53,3.85,3.53,3.85,72622
SOM,20161019,4.05,4.08,3.94,3.98,68209
SOM,20161020,4,4,3.92,3.94,33783
SOM,20161021,3.97,3.99,3.92,3.95,4450
SOM,20161024,4,4,3.94,4,160380
SOM,20161025,4.01,4.01,3.96,3.96,15838
SOM,20161026,3.95,3.99,3.92,3.95,34403
SOM,20161027,3.93,4,3.93,3.96,49437
SOM,20161028,3.97,3.97,3.92,3.96,2328
SOM,20161031,3.96,4,3.92,4,7836
SOM,20161101,4,4,4,4,0
SOM,20161102,3.97,3.97,3.9,3.9,5001
SOM,20161103,3.9,3.9,3.7,3.71,27068
SOM,20161104,3.71,3.85,3.71,3.85,11290
SOM,20161107,3.8,3.84,3.77,3.84,4555
SOM,20161108,3.8,3.82,3.69,3.7,7601
SOM,20161109,3.74,3.83,3.65,3.73,31463
SOM,20161110,3.65,3.73,3.6,3.65,39208
SOM,20161111,3.65,3.7,3.65,3.7,28819
SOM,20161114,3.67,3.7,3.65,3.7,25775
SOM,20161115,3.65,3.7,3.65,3.65,5831
SOM,20161116,3.62,3.68,3.62,3.66,9117
SOM,20161117,3.65,3.66,3.61,3.66,16613
SOM,20161118,3.66,3.66,3.64,3.65,20247
SOM,20161121,3.65,3.7,3.6,3.61,9392
SOM,20161122,3.61,3.65,3.56,3.56,17412
SOM,20161123,3.61,3.68,3.61,3.68,3122
SOM,20161124,3.68,3.68,3.55,3.59,16922
SOM,20161125,3.58,3.58,3.51,3.52,26544
SOM,20161128,3.58,3.58,3.55,3.55,2958
SOM,20161129,3.55,3.55,3.51,3.53,53806
SOM,20161130,3.55,3.57,3.51,3.51,7748
SOM,20161201,3.55,3.55,3.5,3.5,40307
SOM,20161202,3.51,3.6,3.51,3.6,13848
SOM,20161205,3.55,3.62,3.55,3.6,509420
SOM,20161206,3.6,3.68,3.55,3.6,38133
SOM,20161207,3.6,3.6,3.56,3.56,6254
SOM,20161208,3.6,3.62,3.56,3.58,2139978
SOM,20161209,3.58,3.7,3.58,3.61,4785
SOM,20161212,3.63,3.7,3.61,3.7,35481
SOM,20161213,3.62,3.85,3.61,3.8,5893
SOM,20161214,3.85,3.85,3.74,3.8,23201
SOM,20161215,3.8,3.9,3.79,3.8,14034
SOM,20161216,3.89,3.9,3.88,3.88,7484
SOM,20161219,3.8,3.86,3.78,3.85,11525
SOM,20161220,3.85,3.95,3.85,3.9,50058
SOM,20161221,3.9,3.92,3.89,3.9,12869
SOM,20161222,3.9,3.91,3.88,3.89,154372
SOM,20161223,3.89,3.9,3.88,3.89,11455
SOM,20161228,3.89,3.89,3.89,3.89,0
SOM,20161229,3.8,3.89,3.8,3.84,9701
SOM,20161230,3.81,3.89,3.81,3.89,1459
SOM,20170103,3.85,3.85,3.8,3.8,1205
SOM,20170104,3.83,3.89,3.83,3.89,73970
SOM,20170105,3.89,3.89,3.81,3.84,2079
SOM,20170106,3.81,3.87,3.81,3.84,3326
SOM,20170109,3.84,3.84,3.84,3.84,0
SOM,20170110,3.87,3.87,3.75,3.75,25472
SOM,20170111,3.75,3.87,3.75,3.87,7117
SOM,20170112,3.86,3.86,3.82,3.84,538
SOM,20170113,3.84,3.84,3.84,3.84,0
SOM,20170116,3.8,3.81,3.75,3.79,5792
SOM,20170117,3.79,3.8,3.61,3.61,4236
SOM,20170118,3.61,3.61,3.61,3.61,0
SOM,20170119,3.61,3.7,3.61,3.63,4758
SOM,20170120,3.62,3.67,3.61,3.61,12607
SOM,20170123,3.74,3.77,3.66,3.77,29702
SOM,20170124,3.76,3.76,3.7,3.74,1271
SOM,20170125,3.74,3.74,3.63,3.65,22195
SOM,20170127,3.64,3.7,3.63,3.65,1903
SOM,20170130,3.65,3.7,3.63,3.63,16806
SOM,20170131,3.63,3.63,3.5,3.58,46286
SOM,20170201,3.52,3.58,3.44,3.44,24752
SOM,20170202,3.44,3.44,3.1,3.27,99612
SOM,20170203,3.25,3.33,3.25,3.33,23679
SOM,20170206,3.32,3.39,3.32,3.38,134727
SOM,20170207,3.36,3.46,3.36,3.43,12946
SOM,20170208,3.4,3.44,3.4,3.44,7318
SOM,20170209,3.42,3.42,3.4,3.42,19984
SOM,20170210,3.38,3.42,3.35,3.4,21648
SOM,20170213,3.43,3.43,3.42,3.42,5911
SOM,20170214,3.42,3.44,3.42,3.44,667
SOM,20170215,3.44,3.47,3.44,3.44,3248
SOM,20170216,3.41,3.44,3.4,3.4,15940
SOM,20170217,3.3,3.39,3.3,3.39,630
SOM,20170220,3.3,3.36,3.25,3.25,9600
SOM,20170221,3.2,3.2,3.11,3.18,32778
SOM,20170222,3.15,3.19,3.14,3.19,5688
SOM,20170223,3.11,3.19,3.06,3.19,43130
SOM,20170224,3.22,3.235,3.2,3.235,9795
SOM,20170227,3.24,3.25,3.22,3.22,10379
SOM,20170228,3.22,3.3,3.14,3.3,38890
SOM,20170301,3.25,3.4,3.2,3.4,3339
SOM,20170302,3.4,3.4,3.25,3.4,11838
SOM,20170303,3.37,3.5,3.3,3.5,44167
SOM,20170306,3.43,3.46,3.41,3.46,33658
SOM,20170307,3.44,3.55,3.44,3.55,21666
SOM,20170308,3.5,3.54,3.5,3.54,3212
SOM,20170309,3.54,3.7,3.54,3.67,33309
SOM,20170310,3.65,3.67,3.62,3.66,45318
SOM,20170313,3.65,3.65,3.53,3.55,20274
SOM,20170314,3.53,3.54,3.5,3.5,8047
SOM,20170315,3.5,3.54,3.5,3.54,973
SOM,20170316,3.54,3.54,3.54,3.54,884
SOM,20170317,3.55,3.55,3.42,3.43,8544
SOM,20170320,3.42,3.43,3.42,3.43,1498
SOM,20170321,3.43,3.43,3.43,3.43,0
SOM,20170322,3.45,3.45,3.25,3.25,7268
SOM,20170323,3.3,3.3,3.25,3.25,9093
SOM,20170324,3.21,3.24,3.21,3.21,2188
SOM,20170327,3.2,3.21,3.15,3.2,10246
SOM,20170328,3.2,3.2,3.15,3.15,1759
SOM,20170329,3.19,3.2,3.17,3.17,28207
SOM,20170330,3.2,3.21,3.2,3.2,27085
SOM,20170331,3.24,3.3,3.22,3.3,40909
SOM,20170403,3.35,3.38,3.3,3.35,10822
SOM,20170404,3.35,3.38,3.35,3.38,799
SOM,20170405,3.38,3.38,3.33,3.35,5862
SOM,20170406,3.38,3.42,3.37,3.42,8298
SOM,20170407,3.42,3.45,3.4,3.41,12117
SOM,20170410,3.42,3.42,3.37,3.42,21811
SOM,20170411,3.42,3.42,3.4,3.4,17174
SOM,20170412,3.4,3.4,3.4,3.4,0
SOM,20170413,3.39,3.43,3.365,3.43,22449
SOM,20170418,3.4,3.4,3.31,3.36,34914
SOM,20170419,3.36,3.41,3.36,3.36,10935
SOM,20170420,3.36,3.38,3.36,3.38,41680
SOM,20170421,3.41,3.43,3.41,3.43,2284
SOM,20170424,3.4,3.45,3.4,3.45,1211
SOM,20170426,3.38,3.38,3.22,3.22,55821
SOM,20170427,3.15,3.15,2.85,2.97,140148
SOM,20170428,2.94,2.98,2.94,2.96,17690
SOM,20170501,2.97,2.98,2.9,2.96,34857
SOM,20170502,2.98,3.09,2.95,3,25747
SOM,20170503,3.05,3.15,3.05,3.15,42999
SOM,20170504,3.15,3.15,2.95,2.95,22867
SOM,20170505,2.95,3.04,2.95,2.97,342602
SOM,20170508,3,3.02,2.97,2.97,11943
SOM,20170509,3,3.08,3,3.08,60007
SOM,20170510,3.06,3.14,3.01,3.14,30959
SOM,20170511,3.13,3.13,3.05,3.13,47836
SOM,20170512,3.08,3.14,3.08,3.14,5397
SOM,20170515,3.09,3.15,3.09,3.1,44672
SOM,20170516,3.1,3.12,3.07,3.1,45522
SOM,20170517,3.1,3.14,3.1,3.13,20691
SOM,20170518,3.05,3.14,3.04,3.13,67595
SOM,20170519,3.13,3.17,3.13,3.17,25258
SOM,20170522,3.17,3.23,3.17,3.23,20996
SOM,20170523,3.23,3.35,3.23,3.35,9666
SOM,20170524,3.3,3.38,3.3,3.38,11409
SOM,20170525,3.5,3.54,3.47,3.5,43628
SOM,20170526,3.5,3.52,3.5,3.51,1212
SOM,20170529,3.55,3.55,3.25,3.27,3101
SOM,20170530,3.27,3.27,3.27,3.27,0
SOM,20170531,3.27,3.27,3.27,3.27,500
SOM,20170601,3.1,3.15,3.1,3.15,16658
SOM,20170602,3.2,3.21,3.12,3.2,23038
SOM,20170605,3.2,3.23,3.2,3.23,3054
SOM,20170606,3.23,3.23,3.23,3.23,0
SOM,20170607,3.2,3.2,3.2,3.2,8207
SOM,20170608,3.2,3.38,3.2,3.33,21050
SOM,20170609,3.32,3.33,3.32,3.33,833
SOM,20170613,3.2,3.2,3.1,3.1,64121
SOM,20170614,3.1,3.1,3.1,3.1,0
SOM,20170615,3.2,3.29,3.16,3.2,5135
SOM,20170616,3.2,3.21,3.2,3.21,20027
SOM,20170619,3.29,3.3,3.29,3.3,2173
SOM,20170620,3.3,3.3,3.3,3.3,127
SOM,20170621,3.2,3.2,3.15,3.18,9737
SOM,20170622,3.18,3.18,3.15,3.15,140200
SOM,20170623,3.15,3.15,3.02,3.02,197250
SOM,20170626,3.04,3.04,3.04,3.04,2000
SOM,20170627,3.06,3.06,3.06,3.06,906
SOM,20170628,3.07,3.07,3.07,3.07,12450
SOM,20170629,3.06,3.06,3.06,3.06,2005
SOM,20170630,3.06,3.06,3.06,3.06,0
SOM,20170703,3.08,3.1,3.08,3.1,575460
SOM,20170704,3.11,3.11,3.11,3.11,224000
SOM,20170705,3.11,3.11,3.11,3.11,0
SOM,20170706,3.29,3.29,3.29,3.29,861
SOM,20170707,3.29,3.29,3.29,3.29,0
SOM,20170710,3.27,3.27,3.27,3.27,511
SOM,20170711,3.18,3.18,3.15,3.15,18277
SOM,20170712,3.15,3.15,3.15,3.15,0
SOM,20170713,3.11,3.11,3.08,3.08,13773
SOM,20170714,3.1,3.1,3.07,3.07,8611
SOM,20170717,3.07,3.07,3.07,3.07,0
SOM,20170718,3.06,3.06,3.06,3.06,6709
SOM,20170719,3.05,3.05,3.02,3.02,6863
SOM,20170720,3.02,3.02,2.99,3,48100
SOM,20170721,2.99,2.99,2.84,2.84,13252
SOM,20170724,3.03,3.15,3.03,3.15,960789
SOM,20170725,3.16,3.29,3.13,3.21,36809
SOM,20170726,3.29,3.29,3.25,3.25,4776
SOM,20170727,3.25,3.25,3.24,3.25,10393
SOM,20170728,3.21,3.25,3.21,3.25,6046
SOM,20170731,3.26,3.26,3.12,3.12,4031
SOM,20170801,3.2,3.2,3.2,3.2,230093
SOM,20170802,3.19,3.3,3.19,3.27,190446
SOM,20170803,3.26,3.27,3.26,3.27,1816
SOM,20170804,3.21,3.3,3.21,3.27,16271
SOM,20170807,3.27,3.27,3.27,3.27,0
SOM,20170808,3.2,3.2,3.2,3.2,422
SOM,20170809,3.2,3.2,3.2,3.2,0
SOM,20170810,3.2,3.2,3.2,3.2,0
SOM,20170811,3.16,3.2,3.06,3.06,6728
SOM,20170815,3.125,3.125,3.09,3.09,6419
SOM,20170816,3.07,3.07,3.04,3.04,76317
SOM,20170817,3.05,3.1,3.05,3.1,44276
SOM,20170818,3.19,3.19,3.19,3.19,1088
SOM,20170821,3.19,3.29,3.19,3.29,1845
SOM,20170822,3.29,3.29,3.29,3.29,0
SOM,20170823,3.2,3.25,3.2,3.25,6838
SOM,20170824,3.29,3.55,3.29,3.55,467652
SOM,20170825,3.55,3.72,3.55,3.55,16626
SOM,20170828,3.55,3.55,3.51,3.51,13937
SOM,20170829,3.56,3.7,3.51,3.51,58758
SOM,20170830,3.51,3.6,3.51,3.55,37567
SOM,20170831,3.53,3.56,3.5,3.5,8798
SOM,20170901,3.5,3.5,3.5,3.5,0
SOM,20170904,3.55,3.55,3.5,3.52,16609
SOM,20170905,3.51,3.51,3.5,3.5,26381
SOM,20170906,3.45,3.5,3.45,3.5,367729
SOM,20170907,3.5,3.61,3.5,3.55,7019
SOM,20170908,3.5,3.65,3.5,3.65,5937
SOM,20170911,3.65,3.65,3.65,3.65,0
SOM,20170912,3.51,3.62,3.51,3.57,4913
SOM,20170913,3.59,3.59,3.58,3.58,114850
SOM,20170914,3.59,3.59,3.55,3.55,540
SOM,20170915,3.5,3.59,3.5,3.59,28335
SOM,20170918,3.5,3.58,3.5,3.5,100909
SOM,20170919,3.5,3.59,3.5,3.58,15705
SOM,20170920,3.57,3.62,3.57,3.62,10673
SOM,20170921,3.61,3.7,3.61,3.61,21453
SOM,20170922,3.61,3.69,3.61,3.69,5157
SOM,20170925,3.61,3.72,3.61,3.7,34067
SOM,20170926,3.7,3.78,3.7,3.75,20626
SOM,20170927,3.77,3.88,3.77,3.86,206105
SOM,20170928,3.83,3.85,3.8,3.85,5281
SOM,20170929,3.85,3.88,3.85,3.85,35408
SOM,20171002,3.84,3.85,3.79,3.84,8226
SOM,20171003,3.84,3.85,3.83,3.85,2713
SOM,20171004,0,0,0,3.85,100000
SOM,20171005,3.78,3.84,3.71,3.72,14215
SOM,20171006,3.71,3.84,3.71,3.75,21415
SOM,20171009,3.72,3.8,3.71,3.8,13130
SOM,20171010,3.7,3.77,3.65,3.77,11218
SOM,20171011,3.67,3.75,3.67,3.75,2591
SOM,20171012,3.75,3.75,3.75,3.75,0
SOM,20171013,3.75,3.75,3.75,3.75,0
SOM,20171016,3.75,3.75,3.75,3.75,0
SOM,20171017,3.74,3.74,3.67,3.67,11934
SOM,20171018,3.66,3.7,3.65,3.66,17815
SOM,20171019,3.665,3.69,3.665,3.685,6976
SOM,20171020,3.67,3.7,3.67,3.68,20807
SOM,20171023,3.68,3.8,3.68,3.77,37951
SOM,20171024,3.77,3.82,3.77,3.82,10325
SOM,20171025,3.82,3.82,3.78,3.8,11118
SOM,20171026,3.7,3.81,3.65,3.81,5803
SOM,20171027,3.7,3.75,3.53,3.65,10235
SOM,20171030,3.65,3.69,3.65,3.69,23575
SOM,20171031,3.69,3.69,3.53,3.63,307755
SOM,20171101,3.585,3.6,3.55,3.55,2615
SOM,20171102,3.55,3.6,3.55,3.6,2031
SOM,20171103,3.61,3.61,3.6,3.6,201379
SOM,20171106,3.56,3.65,3.56,3.595,2269
SOM,20171107,3.59,3.64,3.55,3.64,13371
SOM,20171108,3.56,3.63,3.56,3.63,799
SOM,20171109,3.63,3.63,3.6,3.6,101429
SOM,20171110,3.63,3.63,3.6,3.6,101429
SOM,20171113,3.6,3.6,3.6,3.6,7855
SOM,20171114,3.56,3.6,3.55,3.56,9641
SOM,20171115,3.575,3.575,3.52,3.52,11232
SOM,20171116,3.54,3.56,3.54,3.56,1934
SOM,20171117,3.56,3.57,3.56,3.56,47546
SOM,20171120,3.53,3.58,3.52,3.58,4378
SOM,20171121,3.58,3.64,3.58,3.6,4900
SOM,20171122,3.6,3.6,3.6,3.6,1037
SOM,20171123,3.6,3.6,3.52,3.55,7269
SOM,20171124,3.54,3.63,3.5,3.63,10187
SOM,20171127,3.63,3.63,3.63,3.63,0
SOM,20171128,3.53,3.63,3.53,3.63,531
SOM,20171129,3.61,3.61,3.5,3.6,2035
SOM,20171130,3.6,3.6,3.6,3.6,0
SOM,20171201,3.5,3.51,3.5,3.51,12828
SOM,20171204,3.5,3.59,3.47,3.59,48790
SOM,20171205,3.44,3.6,3.32,3.6,176829
SOM,20171206,3.36,3.6,3.33,3.6,17082
SOM,20171207,3.44,3.45,3.41,3.41,101545
SOM,20171208,3.41,3.5,3.41,3.5,42812
SOM,20171211,3.5,3.5,3.5,3.5,250458
SOM,20171212,3.5,3.5,3.41,3.41,1321
SOM,20171213,3.41,3.48,3.41,3.45,6375
SOM,20171214,3.45,3.5,3.45,3.45,22584
SOM,20171215,3.42,3.5,3.42,3.5,27074
SOM,20171218,3.49,3.5,3.44,3.44,5615
SOM,20171219,3.45,3.49,3.45,3.49,2648
SOM,20171220,3.47,3.5,3.46,3.5,21760
SOM,20171221,3.48,3.6,3.48,3.6,51471
SOM,20171222,3.61,3.64,3.61,3.64,25489
SOM,20171227,3.69,3.69,3.62,3.66,5597
SOM,20171228,3.66,3.69,3.66,3.69,17676
SOM,20171229,3.66,3.66,3.64,3.64,1568
SOM,20180102,3.63,3.7,3.63,3.7,4450
SOM,20180103,3.7,3.7,3.68,3.68,1430
SOM,20180104,3.63,3.68,3.63,3.68,7174
SOM,20180105,3.67,3.67,3.64,3.67,36722
SOM,20180108,3.69,3.7,3.645,3.7,33622
SOM,20180109,3.7,3.85,3.66,3.75,69434
SOM,20180110,3.76,3.8,3.75,3.79,75452
SOM,20180111,3.78,3.9,3.78,3.88,238584
SOM,20180112,3.8,3.93,3.8,3.93,21600
SOM,20180115,3.93,3.93,3.71,3.71,17080
SOM,20180116,3.72,3.91,3.72,3.91,7049
SOM,20180117,3.8,3.89,3.8,3.89,10862
SOM,20180118,3.81,3.89,3.81,3.89,76322
SOM,20180119,3.8,3.89,3.8,3.88,19520
SOM,20180122,3.88,3.89,3.83,3.83,75192
SOM,20180123,3.88,3.91,3.85,3.91,131364
SOM,20180124,3.85,3.85,3.3,3.37,180162
SOM,20180125,3.34,3.49,3.34,3.34,37505
SOM,20180129,3.33,3.33,3.18,3.2,197910
SOM,20180130,3.21,3.28,3.2,3.22,48855
SOM,20180131,3.13,3.13,3.05,3.08,411961
SOM,20180201,3.09,3.09,3.06,3.08,10880
SOM,20180202,3.06,3.1,3.06,3.1,4178
SOM,20180205,3.06,3.06,2.91,2.91,30768
SOM,20180207,2.98,3,2.96,2.97,21656
SOM,20180208,3.01,3.1,3.01,3.1,19606
SOM,20180209,3.05,3.14,3.05,3.08,10246
SOM,20180212,3.01,3.08,3,3,16354
SOM,20180213,3.09,3.09,3.03,3.03,3856
SOM,20180214,3.03,3.03,3.03,3.03,0
SOM,20180215,3.05,3.06,3.04,3.04,110276
SOM,20180216,3.05,3.09,3,3.03,31315
SOM,20180219,3.03,3.03,3.03,3.03,0
SOM,20180220,3.03,3.03,3.03,3.03,0
SOM,20180221,3.01,3.05,2.97,3,90859
SOM,20180222,2.99,3,2.9,2.95,15516
SOM,20180223,2.9,3.05,2.9,3.01,757017
SOM,20180226,3,3.05,2.99,3.01,47153
SOM,20180227,3,3.01,2.95,3,26192
SOM,20180228,3.11,3.12,3.11,3.12,2601
SOM,20180301,3.1,3.12,3.01,3.01,45128
SOM,20180302,3.06,3.06,2.98,3,26007
SOM,20180305,3,3,2.99,3,79515
SOM,20180306,3.06,3.15,3.06,3.09,59239
SOM,20180307,3.1,3.12,3.09,3.09,35089
SOM,20180308,3.09,3.1,3.09,3.09,22445
SOM,20180309,3.09,3.1,3.09,3.1,6771
SOM,20180312,3.09,3.1,3.09,3.09,11417
SOM,20180313,3.12,3.12,3.06,3.09,16122
SOM,20180314,3.13,3.18,3.13,3.13,4789
SOM,20180315,3.1,3.13,3.1,3.13,3391
SOM,20180316,3.14,3.15,3.03,3.15,14963
SOM,20180319,3.15,3.2,3.15,3.2,24831
SOM,20180320,3.2,3.3,3.2,3.23,9645
SOM,20180321,3.2,3.25,3.2,3.25,26560
SOM,20180322,3.23,3.23,3.16,3.2,86253
SOM,20180323,3.2,3.2,3.2,3.2,0
SOM,20180326,3.2,3.21,3.2,3.2,94991
SOM,20180327,3.17,3.17,3.16,3.16,5522
SOM,20180328,3.03,3.1,3.03,3.1,3955
SOM,20180329,3.12,3.14,3.04,3.04,8849
SOM,20180403,3.04,3.16,3.04,3.15,2632
SOM,20180404,3.16,3.16,3.02,3.02,20689
SOM,20180405,3.02,3.07,3.02,3.07,4552
SOM,20180406,3.05,3.05,3.05,3.05,4215
SOM,20180409,3.06,3.06,3.01,3.01,4831
SOM,20180410,3.01,3.04,3.01,3.04,2619
SOM,20180411,3.04,3.06,3.04,3.06,7814
SOM,20180412,3.05,3.07,3.05,3.05,19814
SOM,20180413,3,3.01,3,3,35307
SOM,20180416,3.01,3.05,3.01,3.03,3013
SOM,20180417,3.05,3.09,3.05,3.07,5306
SOM,20180418,3.05,3.1,3,3.1,251284
SOM,20180419,3.1,3.1,3.1,3.1,0
SOM,20180420,3,3,2.99,2.99,10283
SOM,20180423,2.99,3.005,2.99,3,30861
SOM,20180424,3,3,2.96,2.99,8340
SOM,20180426,3.01,3.01,2.96,2.97,4803
SOM,20180427,2.97,2.97,2.88,2.88,3577
SOM,20180430,2.89,2.9,2.89,2.9,873
SOM,20180501,2.89,2.91,2.83,2.91,9871
SOM,20180502,2.96,2.96,2.81,2.81,5608
SOM,20180503,2.92,2.95,2.88,2.9,6711
SOM,20180504,2.9,2.9,2.9,2.9,511
SOM,20180507,2.92,2.94,2.92,2.94,8078
SOM,20180508,2.94,2.96,2.93,2.96,2833
SOM,20180509,2.94,2.94,2.9,2.94,7202
SOM,20180510,2.9,2.94,2.9,2.93,3177
SOM,20180511,2.9,2.91,2.9,2.9,2926
SOM,20180514,2.9,2.9,2.8,2.8,12924
SOM,20180515,2.89,2.9,2.89,2.9,4674
SOM,20180516,2.9,2.9,2.75,2.86,2761
SOM,20180517,2.81,2.81,2.76,2.79,23181
SOM,20180518,2.76,2.79,2.74,2.74,9332
SOM,20180521,2.73,2.73,2.45,2.6,61342
SOM,20180522,2.61,2.7,2.61,2.69,23130
SOM,20180523,2.69,2.69,2.69,2.69,0
SOM,20180524,2.65,2.65,2.4,2.43,30642
SOM,20180525,2.41,2.48,2.4,2.48,9645
SOM,20180528,2.41,2.48,2.41,2.48,8264
SOM,20180529,2.47,2.47,2.42,2.47,16017
SOM,20180530,2.4,2.42,2.4,2.4,31394
SOM,20180531,2.36,2.4,2.36,2.4,6182
SOM,20180601,2.38,2.39,2.35,2.35,40683
SOM,20180604,2.31,2.31,2.21,2.29,59070
SOM,20180605,2.3,2.32,2.29,2.31,25814
SOM,20180606,2.31,2.37,2.29,2.37,1343318
SOM,20180607,2.37,2.38,2.37,2.37,46210
SOM,20180608,2.36,2.37,2.35,2.37,28136
SOM,20180612,2.3,2.35,2.25,2.25,53673
SOM,20180613,2.3,2.37,2.3,2.35,25271
SOM,20180614,2.3,2.37,2.3,2.36,8476
SOM,20180615,2.35,2.35,2.25,2.25,55353
SOM,20180618,2.27,2.27,2.19,2.19,120376
SOM,20180619,2.25,2.26,2.2,2.2,430201
SOM,20180620,2.2,2.2,2.1,2.19,54385
SOM,20180621,2.2,2.22,2.08,2.12,554791
SOM,20180622,2.14,2.18,2.14,2.18,1267184
SOM,20180625,2.16,2.21,2.16,2.16,21406
SOM,20180626,2.16,2.19,2.16,2.16,22871
SOM,20180627,2.15,2.16,2.13,2.16,6767
SOM,20180628,2.17,2.17,2.17,2.17,2000
SOM,20180629,2.19,2.22,2.19,2.2,32743
SOM,20180702,2.2,2.23,2.2,2.22,172363
SOM,20180703,2.2,2.22,2.2,2.2,141390
SOM,20180704,2.22,2.22,2.21,2.21,3218
SOM,20180705,2.22,2.3,2.22,2.25,6566
SOM,20180706,2.25,2.25,2.25,2.25,0
SOM,20180710,2.3,2.3,2.24,2.24,132166
SOM,20180711,2.22,2.27,2.2,2.2,12266
SOM,20180712,2.16,2.2,2.14,2.2,9801
SOM,20180713,2.16,2.18,2.13,2.13,15961
SOM,20180716,2.12,2.13,2.1,2.13,15000
SOM,20180717,2.13,2.13,2.07,2.07,24071
SOM,20180718,2.02,2.02,2.01,2.02,44686
SOM,20180719,2.02,2.02,2.01,2.02,8439
SOM,20180720,2.08,2.08,2.06,2.06,5923
SOM,20180723,2.09,2.09,2.09,2.09,4000
SOM,20180724,2.13,2.13,2.13,2.13,73960
SOM,20180725,2.2,2.45,2.2,2.42,37998
SOM,20180726,2.45,2.45,2.29,2.29,73594
SOM,20180727,2.29,2.29,2.22,2.22,14558
SOM,20180730,2.1,2.1,2.04,2.1,84829
SOM,20180731,2.05,2.05,2,2,80985
SOM,20180801,2,2,2,2,0
SOM,20180802,1.94,1.98,1.93,1.98,13224
SOM,20180803,1.98,2.09,1.94,1.94,27471
SOM,20180806,1.955,1.97,1.93,1.93,19752
SOM,20180807,1.91,1.91,1.895,1.905,5657
SOM,20180808,1.91,1.99,1.865,1.865,8546
SOM,20180809,1.85,1.92,1.85,1.92,11640
SOM,20180810,1.985,1.985,1.985,1.985,4000
SOM,20180813,1.94,1.965,1.94,1.945,5012
SOM,20180814,1.96,1.96,1.94,1.94,5334
SOM,20180816,1.97,2.08,1.97,2,10846
SOM,20180817,2.05,2.06,1.935,1.99,20946
SOM,20180820,1.99,2.06,1.99,2.05,18618
SOM,20180821,2.04,2.08,1.99,2.05,19516
SOM,20180822,1.99,2.065,1.9,1.97,49980
SOM,20180823,1.97,2,1.88,1.975,51315
SOM,20180824,1.975,1.975,1.8,1.96,17344
SOM,20180827,1.915,1.915,1.88,1.9,24443
SOM,20180828,1.86,1.86,1.83,1.83,46439
SOM,20180829,1.81,1.89,1.8,1.89,41498
SOM,20180830,1.82,1.82,1.81,1.81,13932
SOM,20180831,1.8,1.825,1.8,1.825,1578
SOM,20180903,1.82,1.85,1.82,1.85,19607
SOM,20180904,1.835,1.975,1.825,1.975,27236
SOM,20180905,1.85,1.85,1.85,1.85,7800
SOM,20180906,1.85,1.85,1.85,1.85,0
SOM,20180907,1.97,1.97,1.97,1.97,5600
SOM,20180910,1.88,1.88,1.88,1.88,2000
SOM,20180913,1.915,1.915,1.835,1.88,4145
SOM,20180914,1.89,1.945,1.89,1.945,8485
SOM,20180917,1.94,1.95,1.85,1.85,1908
SOM,20180918,1.845,1.845,1.845,1.845,900
SOM,20180919,1.82,1.82,1.8,1.8,4000
SOM,20180920,1.8,1.8,1.8,1.8,0
SOM,20180921,1.815,1.85,1.815,1.85,2350
SOM,20180924,1.85,1.85,1.85,1.85,0
SOM,20180925,1.825,1.825,1.82,1.82,5109
SOM,20180926,1.88,1.88,1.86,1.86,1117
SOM,20180927,1.885,1.885,1.885,1.885,2160
SOM,20180928,1.9,1.9,1.885,1.885,5155
SOM,20181001,1.835,1.835,1.835,1.835,500
SOM,20181002,1.835,1.835,1.8,1.8,12753
SOM,20181003,1.805,1.815,1.805,1.815,1384
SOM,20181004,1.815,1.815,1.81,1.81,1741
SOM,20181005,1.82,1.82,1.8,1.8,2650
SOM,20181008,1.775,1.805,1.775,1.805,6973
SOM,20181009,1.8,1.8,1.8,1.8,633
SOM,20181010,1.8,1.8,1.8,1.8,1500
SOM,20181011,1.7,1.79,1.7,1.71,36619
SOM,20181012,1.71,1.71,1.71,1.71,0
SOM,20181015,1.71,1.71,1.71,1.71,0
SOM,20181016,1.735,1.735,1.73,1.73,502
SOM,20181017,1.75,1.76,1.75,1.76,2800
SOM,20181018,1.752,1.752,1.72,1.73,27445
SOM,20181019,1.73,1.73,1.73,1.73,0
SOM,20181022,1.725,1.725,1.725,1.725,138
SOM,20181023,1.745,1.745,1.745,1.745,11717
SOM,20181024,1.745,1.745,1.745,1.745,0
SOM,20181025,1.7,1.7,1.68,1.7,17639
SOM,20181026,1.55,1.585,1.55,1.58,45129
SOM,20181030,1.69,1.69,1.69,1.69,0
SOM,20181031,1.61,1.61,1.58,1.58,46351
SOM,20181101,1.61,1.61,1.61,1.61,1114
SOM,20181102,1.69,1.69,1.605,1.675,3488
SOM,20181105,1.625,1.64,1.625,1.64,1070
SOM,20181106,1.625,1.625,1.62,1.62,12038
SOM,20181107,1.6,1.62,1.6,1.62,35669
SOM,20181108,1.62,1.62,1.62,1.62,0
SOM,20181109,1.61,1.61,1.61,1.61,1000
SOM,20181112,1.61,1.61,1.61,1.61,0
SOM,20181113,1.59,1.59,1.59,1.59,315
SOM,20181114,1.58,1.595,1.58,1.595,13294
SOM,20181115,1.57,1.57,1.57,1.57,1797
SOM,20181116,1.55,1.55,1.55,1.55,36810
SOM,20181119,1.6,1.6,1.6,1.6,5517
SOM,20181120,1.7,1.7,1.655,1.655,72317
SOM,20181121,1.65,1.655,1.55,1.55,21587
SOM,20181122,1.455,1.5,1.455,1.5,4953
SOM,20181123,1.5,1.5,1.5,1.5,161
SOM,20181126,1.54,1.6,1.54,1.6,4240
SOM,20181127,1.6,2.05,1.6,2,98374
SOM,20181128,1.99,1.99,1.9,1.95,27297
SOM,20181129,1.96,1.96,1.96,1.96,600
SOM,20181130,1.96,1.96,1.96,1.96,0
SOM,20181203,1.93,1.96,1.92,1.92,1525
SOM,20181204,1.855,1.855,1.85,1.85,14180
SOM,20181205,1.85,1.85,1.85,1.85,1639
SOM,20181206,1.85,1.85,1.85,1.85,0
SOM,20181207,1.85,1.85,1.85,1.85,0
SOM,20181210,1.85,1.85,1.85,1.85,0
SOM,20181211,1.915,1.92,1.915,1.92,3246
SOM,20181212,2,2,1.92,1.92,6900
SOM,20181213,1.92,1.92,1.92,1.92,0
SOM,20181214,1.96,1.96,1.96,1.96,11
SOM,20181217,1.94,1.94,1.94,1.94,780
SOM,20181218,1.94,1.94,1.94,1.94,0
SOM,20181219,1.875,1.875,1.83,1.83,25471
SOM,20181220,1.805,1.805,1.8,1.8,10989
SOM,20181221,1.8,1.8,1.8,1.8,0
SOM,20181224,1.75,1.755,1.75,1.75,2520
SOM,20181227,1.755,1.755,1.75,1.75,744
SOM,20181228,1.75,1.75,1.75,1.75,7
SOM,20181231,1.83,1.83,1.83,1.83,5146
SOM,20190102,1.83,1.83,1.83,1.83,0
SOM,20190103,1.85,1.85,1.84,1.84,3500
SOM,20190104,1.84,1.84,1.84,1.84,0
SOM,20190107,1.84,1.84,1.84,1.84,0
SOM,20190108,1.84,1.84,1.84,1.84,0
SOM,20190109,1.835,1.835,1.835,1.835,708
SOM,20190110,1.78,1.78,1.78,1.78,95
SOM,20190111,1.835,1.84,1.835,1.84,6470
SOM,20190114,1.84,1.84,1.84,1.84,0
SOM,20190115,1.84,1.84,1.84,1.84,0
SOM,20190116,1.89,1.9,1.8,1.89,16438
SOM,20190117,1.8,1.805,1.8,1.8,2551
SOM,20190118,1.83,1.83,1.81,1.81,1925
SOM,20190121,1.81,1.81,1.81,1.81,197
SOM,20190122,1.81,1.81,1.8,1.8,1499
SOM,20190123,1.78,1.785,1.78,1.78,2182
SOM,20190124,1.78,1.78,1.7,1.7,14326
SOM,20190125,1.7,1.7,1.7,1.7,0
SOM,20190129,1.65,1.7,1.63,1.7,37173
SOM,20190130,1.7,1.7,1.68,1.68,2264
SOM,20190131,1.68,1.685,1.68,1.68,6689
SOM,20190201,1.685,1.685,1.68,1.68,2903
SOM,20190204,1.68,1.68,1.68,1.68,0
SOM,20190205,1.68,1.68,1.68,1.68,0
SOM,20190206,1.68,1.68,1.68,1.68,0
SOM,20190207,1.745,1.75,1.745,1.75,3518
SOM,20190208,1.75,1.75,1.75,1.75,0
SOM,20190211,1.75,1.75,1.75,1.75,0
SOM,20190212,1.75,1.75,1.75,1.75,0
SOM,20190213,1.75,1.75,1.73,1.75,6445
SOM,20190214,1.62,1.63,1.62,1.63,177766
SOM,20190215,1.63,1.635,1.63,1.635,3973
SOM,20190218,1.63,1.63,1.625,1.63,38794
SOM,20190219,1.63,1.63,1.63,1.63,5295
SOM,20190220,1.63,1.63,1.63,1.63,3353
SOM,20190221,1.63,1.735,1.63,1.735,380096
SOM,20190222,1.74,1.74,1.73,1.74,510994
SOM,20190225,1.74,1.745,1.715,1.745,35268
SOM,20190226,1.745,1.75,1.745,1.75,5226
SOM,20190227,1.71,1.75,1.71,1.75,5000
SOM,20190228,1.75,1.75,1.75,1.75,0
SOM,20190301,1.75,1.75,1.7,1.7,2682
SOM,20190304,1.75,1.75,1.75,1.75,5000
SOM,20190305,1.75,1.75,1.75,1.75,2370
SOM,20190306,1.75,1.75,1.75,1.75,1250
SOM,20190307,1.75,1.75,1.75,1.75,465
SOM,20190308,1.75,1.755,1.705,1.75,559876
SOM,20190311,1.75,1.75,1.75,1.75,0
SOM,20190312,1.75,1.755,1.75,1.75,52348
SOM,20190313,1.75,1.775,1.75,1.775,7387
SOM,20190314,1.77,1.785,1.77,1.785,17756
SOM,20190315,1.78,1.8,1.78,1.8,12122
SOM,20190318,1.8,1.85,1.8,1.85,3265
SOM,20190319,1.85,1.85,1.85,1.85,7489
SOM,20190320,1.865,1.87,1.85,1.87,8370
SOM,20190321,1.87,1.87,1.85,1.87,36710
SOM,20190322,1.85,1.85,1.85,1.85,257492
SOM,20190325,1.85,1.85,1.76,1.78,14952
SOM,20190326,1.79,1.795,1.78,1.79,31859
SOM,20190327,1.77,1.77,1.75,1.76,25812
SOM,20190328,1.73,1.73,1.73,1.73,6874
SOM,20190329,1.73,1.73,1.73,1.73,0
SOM,20190401,1.76,1.79,1.76,1.79,28637
SOM,20190402,1.79,1.79,1.79,1.79,0
SOM,20190403,1.79,1.79,1.79,1.79,0
SOM,20190404,1.79,1.79,1.75,1.75,207533
SOM,20190405,1.75,1.75,1.75,1.75,0
SOM,20190408,1.75,1.75,1.735,1.75,5029
SOM,20190409,1.75,1.8,1.75,1.8,4834
SOM,20190410,1.8,1.8,1.8,1.8,0
SOM,20190411,1.85,1.85,1.85,1.85,1486
SOM,20190412,1.85,1.85,1.85,1.85,0
SOM,20190415,1.75,1.75,1.75,1.75,731
SOM,20190416,1.65,1.65,1.65,1.65,600
SOM,20190417,1.65,1.65,1.65,1.65,0
SOM,20190418,1.825,1.825,1.825,1.825,2500
SOM,20190423,1.85,1.85,1.84,1.85,12313
SOM,20190424,1.85,1.85,1.85,1.85,0
SOM,20190426,1.85,1.85,1.727,1.85,19732
SOM,20190429,1.85,1.85,1.85,1.85,0
SOM,20190430,1.85,1.85,1.85,1.85,0
SOM,20190501,1.842,1.842,1.795,1.795,13450
SOM,20190502,1.822,1.822,1.755,1.755,7500
SOM,20190503,1.832,1.832,1.78,1.8,9977
SOM,20190506,1.787,1.805,1.787,1.805,2487
SOM,20190507,1.785,1.785,1.785,1.785,3000
SOM,20190508,1.775,1.785,1.775,1.785,5806
SOM,20190509,1.777,1.8,1.755,1.8,18729
SOM,20190510,1.792,1.792,1.755,1.755,12960
SOM,20190513,1.755,1.755,1.755,1.755,0
SOM,20190514,1.795,1.795,1.79,1.79,20410
SOM,20190515,1.795,1.8,1.795,1.8,3829
SOM,20190516,1.81,1.825,1.8,1.825,5748
SOM,20190517,1.815,1.815,1.815,1.815,5000
SOM,20190520,1.825,1.83,1.825,1.83,1595
SOM,20190521,1.81,1.815,1.81,1.815,28324
SOM,20190522,1.8,1.83,1.8,1.8,37087
SOM,20190523,1.8,1.8,1.76,1.76,496
SOM,20190524,1.76,1.76,1.76,1.76,0
SOM,20190527,1.75,1.75,1.75,1.75,1443
SOM,20190528,1.675,1.675,1.675,1.675,1557
SOM,20190529,1.675,1.675,1.67,1.67,11567
SOM,20190530,1.67,1.67,1.67,1.67,0
SOM,20190531,1.705,1.75,1.7,1.75,13827
SOM,20190603,1.685,1.685,1.685,1.685,500
SOM,20190604,1.685,1.685,1.685,1.685,17
SOM,20190605,1.685,1.695,1.685,1.695,3266
SOM,20190606,1.69,1.69,1.69,1.69,16394
SOM,20190607,1.687,1.687,1.68,1.68,3726
SOM,20190611,1.68,1.695,1.68,1.68,30071
SOM,20190612,1.68,1.68,1.68,1.68,0
SOM,20190613,1.68,1.69,1.68,1.69,3000
SOM,20190614,1.685,1.69,1.685,1.69,3956
SOM,20190617,1.687,1.687,1.68,1.682,4483
SOM,20190618,1.69,1.69,1.69,1.69,11225
SOM,20190619,1.695,1.7,1.695,1.7,4124
SOM,20190620,1.695,1.7,1.69,1.69,137748
SOM,20190621,1.69,1.7,1.66,1.66,15999
SOM,20190624,1.65,1.65,1.595,1.6,152192
SOM,20190625,1.585,1.61,1.585,1.6,31660
SOM,20190626,1.6,1.6,1.575,1.58,24856
SOM,20190627,1.55,1.55,1.45,1.45,18457
SOM,20190628,1.45,1.45,1.4,1.45,5572
SOM,20190701,1.5,1.52,1.5,1.52,21566
SOM,20190702,1.535,1.535,1.535,1.535,210
SOM,20190703,1.6,1.6,1.595,1.6,53510
SOM,20190704,1.545,1.545,1.54,1.54,5976
SOM,20190705,1.525,1.55,1.52,1.54,11219
SOM,20190708,1.55,1.55,1.55,1.55,4318
SOM,20190709,1.56,1.56,1.56,1.56,374
SOM,20190710,1.565,1.565,1.55,1.55,11141
SOM,20190711,1.555,1.555,1.55,1.55,16557
SOM,20190712,1.525,1.53,1.52,1.53,21624
SOM,20190715,1.515,1.55,1.515,1.55,31359
SOM,20190716,1.55,1.55,1.55,1.55,11000
SOM,20190717,1.55,1.55,1.55,1.55,0
SOM,20190718,1.55,1.55,1.55,1.55,0
SOM,20190719,1.55,1.55,1.55,1.55,0
SOM,20190722,1.48,1.5,1.465,1.5,2000
SOM,20190723,1.54,1.74,1.54,1.74,47933
SOM,20190724,1.785,1.85,1.785,1.85,31465
SOM,20190725,1.8,1.87,1.8,1.87,12897
SOM,20190726,1.9,2.02,1.9,2.02,31001
SOM,20190729,2.05,2.35,2.05,2.1,33822
SOM,20190730,2.14,2.31,2.14,2.31,43959
SOM,20190731,2.34,2.34,2.34,2.34,300
SOM,20190801,2.16,2.16,2.06,2.06,36394
SOM,20190802,2.34,2.34,2.27,2.27,1127
SOM,20190805,2.13,2.13,2.13,2.13,1325
SOM,20190806,2.09,2.09,2.09,2.09,1000
SOM,20190807,2.1,2.1,2.1,2.1,1475
SOM,20190808,2.1,2.1,2.1,2.1,0
SOM,20190809,2.1,2.1,2.1,2.1,0
SOM,20190812,2.15,2.15,2.15,2.15,7137
SOM,20190813,2.11,2.11,2.1,2.1,732
SOM,20190814,2.1,2.1,2.1,2.1,0
SOM,20190815,2.11,2.11,2.1,2.1,2881
SOM,20190816,2.05,2.05,1.99,1.99,5281
SOM,20190819,1.99,1.99,1.99,1.99,0
SOM,20190820,1.985,2,1.985,2,4693
SOM,20190821,2.05,2.05,1.85,1.85,9245
SOM,20190822,2.05,2.11,2.01,2.1,18826
SOM,20190823,2.1,2.11,2,2,2521
SOM,20190826,2,2,2,2,0
SOM,20190827,2.11,2.11,2.05,2.05,4374
SOM,20190828,2.05,2.05,2.05,2.05,0
SOM,20190829,2.05,2.05,2.05,2.05,0
SOM,20190830,2.1,2.1,2.1,2.1,3500
SOM,20190902,2.07,2.07,2.05,2.05,6309
SOM,20190903,2.05,2.11,2.05,2.11,592270
SOM,20190904,2.11,2.11,2.11,2.11,0
SOM,20190905,2.06,2.06,2.05,2.05,6256
SOM,20190906,2.05,2.05,2.05,2.05,0
SOM,20190909,2,2,1.97,1.97,9137
SOM,20190910,1.97,2.12,1.97,2.12,6672
SOM,20190911,2.06,2.1,2.06,2.1,2861
SOM,20190912,2.14,2.15,2.14,2.15,8818
SOM,20190913,2.11,2.11,2.08,2.11,22185
SOM,20190916,2.09,2.1,2.09,2.1,4015
SOM,20190917,2.15,2.15,2.15,2.15,422
SOM,20190918,2.15,2.15,2.15,2.15,18000
SOM,20190919,2.15,2.15,2.15,2.15,115
SOM,20190920,2.15,2.15,2.15,2.15,28144
SOM,20190923,2.19,2.25,2.19,2.25,23245
SOM,20190924,2.25,2.3,2.25,2.3,10636
SOM,20190925,2.22,2.22,2.22,2.22,157
SOM,20190926,2.26,2.26,2.26,2.26,13369
SOM,20190927,2.28,2.3,2.28,2.3,19831
SOM,20190930,2.32,2.38,2.32,2.38,5975
SOM,20191001,2.47,2.6,2.47,2.6,37598
SOM,20191002,2.58,2.6,2.5,2.5,12363
SOM,20191003,2.5,2.5,2.4,2.49,7620
SOM,20191004,2.49,2.5,2.49,2.5,21903
SOM,20191007,2.5,2.5,2.5,2.5,2050
SOM,20191008,2.5,2.5,2.5,2.5,9638
SOM,20191009,2.45,2.45,2.41,2.44,1901
SOM,20191010,2.44,2.44,2.44,2.44,0
SOM,20191011,2.4,2.4,2.37,2.37,12671
SOM,20191014,2.4,2.42,2.4,2.42,1325
SOM,20191015,2.42,2.48,2.42,2.48,15644
SOM,20191016,2.48,2.48,2.48,2.48,5220
SOM,20191017,2.47,2.47,2.47,2.47,1813
SOM,20191018,2.48,2.48,2.46,2.48,30346
SOM,20191021,2.47,2.48,2.45,2.45,6042
SOM,20191022,2.45,2.45,2.45,2.45,23333
SOM,20191023,2.44,2.48,2.44,2.48,13050
SOM,20191024,2.45,2.45,2.45,2.45,2355
SOM,20191025,2.45,2.5,2.45,2.49,17954
SOM,20191028,2.5,2.53,2.42,2.51,19247
SOM,20191029,2.53,2.53,2.52,2.52,3247
SOM,20191030,2.6,2.71,2.6,2.71,6109
SOM,20191031,2.73,2.85,2.73,2.82,25495
SOM,20191101,2.9,2.99,2.83,2.99,18155
SOM,20191104,2.99,3.03,2.97,3,34561
SOM,20191105,2.99,2.99,2.93,2.94,3233
SOM,20191106,2.88,2.9,2.84,2.87,11740
SOM,20191107,2.86,2.86,2.79,2.79,32656
SOM,20191108,2.79,2.85,2.78,2.84,10351
SOM,20191111,2.84,2.88,2.84,2.88,9333
SOM,20191112,2.85,2.88,2.85,2.88,28263
SOM,20191113,2.94,2.95,2.81,2.81,12291
SOM,20191114,2.88,2.89,2.88,2.89,5622
SOM,20191115,2.81,2.85,2.8,2.8,4655
SOM,20191118,2.8,2.89,2.8,2.89,8648
SOM,20191119,2.82,2.86,2.7,2.86,10907
SOM,20191120,2.8,2.8,2.7,2.79,9504
SOM,20191121,2.72,2.8,2.72,2.8,980
SOM,20191122,2.8,2.86,2.78,2.85,7677
SOM,20191125,2.81,2.81,2.81,2.81,500
SOM,20191126,2.82,2.92,2.82,2.87,21622
SOM,20191127,2.88,2.9,2.87,2.9,12293
SOM,20191128,2.95,2.95,2.88,2.93,16750
SOM,20191129,2.93,2.95,2.86,2.89,31820
SOM,20191202,2.9,2.93,2.9,2.93,4926
SOM,20191203,2.92,2.92,2.92,2.92,3788
SOM,20191204,2.86,2.91,2.86,2.89,60413
SOM,20191205,2.89,2.9,2.885,2.885,36854
SOM,20191206,2.86,2.88,2.85,2.85,163764
SOM,20191209,2.82,2.84,2.8,2.8,12963
SOM,20191210,2.8,2.8,2.75,2.75,14795
SOM,20191211,2.74,2.79,2.74,2.79,7719
SOM,20191212,2.73,2.73,2.73,2.73,500
SOM,20191213,2.74,2.76,2.74,2.76,1850
SOM,20191216,2.8,2.8,2.8,2.8,1800
SOM,20191217,2.8,2.86,2.73,2.86,10937
SOM,20191218,2.86,2.86,2.86,2.86,0
SOM,20191219,2.78,2.78,2.78,2.78,4500
SOM,20191220,2.82,2.9,2.82,2.87,4976
SOM,20191223,2.87,2.87,2.87,2.87,0
SOM,20191224,2.87,2.87,2.87,2.87,0
SOM,20191227,2.85,2.85,2.85,2.85,3225
SOM,20191230,2.86,2.86,2.86,2.86,1000
SOM,20191231,2.92,2.93,2.91,2.93,11335
SOM,20200102,2.86,2.86,2.86,2.86,1322
SOM,20200103,2.86,2.86,2.84,2.86,2350
SOM,20200106,2.84,2.85,2.84,2.85,1580
SOM,20200107,2.85,2.85,2.85,2.85,149
SOM,20200108,2.85,2.85,2.78,2.78,11593
SOM,20200109,2.8,2.8,2.8,2.8,6400
SOM,20200113,2.78,2.78,2.78,2.78,2350
SOM,20200114,2.83,2.85,2.83,2.85,3880
SOM,20200115,2.85,2.85,2.83,2.83,7144
SOM,20200116,2.83,2.83,2.83,2.83,0
SOM,20200117,2.815,2.815,2.75,2.75,13970
SOM,20200120,2.73,2.77,2.72,2.77,1768
SOM,20200121,2.77,2.77,2.77,2.77,0
SOM,20200122,2.76,2.77,2.75,2.76,5091
SOM,20200123,2.82,2.84,2.82,2.84,5088
SOM,20200124,2.85,2.91,2.85,2.91,8890
SOM,20200128,2.91,3,2.91,3,27568
SOM,20200129,3,3.05,2.98,3.05,255930
SOM,20200130,3.05,3.23,3.05,3.23,69815
SOM,20200203,3.23,3.25,3.19,3.23,16604
SOM,20200204,3.25,3.31,3.24,3.28,18808
SOM,20200205,3.25,3.25,3.24,3.25,32772
SOM,20200210,3.25,3.27,3.25,3.25,64315
SOM,20200211,3.26,3.3,3.25,3.3,12515
SOM,20200212,3.26,3.3,3.26,3.3,201049
SOM,20200213,3.3,3.35,3.28,3.3,47907
SOM,20200214,3.28,3.29,3.25,3.25,41214
SOM,20200217,3.29,3.31,3.29,3.29,27766
SOM,20200218,3.33,3.37,3.32,3.32,43328
SOM,20200219,3.33,3.33,3.22,3.28,45562
SOM,20200220,3.3,3.44,3.28,3.44,37566
SOM,20200221,3.38,3.4,3.38,3.4,4725
SOM,20200224,3.37,3.37,3.26,3.27,13579
SOM,20200225,3.17,3.27,3.15,3.27,51132
SOM,20200226,3.15,3.27,3.11,3.12,16261
SOM,20200227,3.07,3.24,3.01,3.1,34919
SOM,20200228,2.9,3,2.73,3,67460
SOM,20200302,2.9,3.1,2.9,3.1,9801
SOM,20200303,3.1,3.1,2.91,3,5463
SOM,20200304,2.92,3.06,2.92,3.04,18050
SOM,20200305,3,3,2.9,2.91,7171
SOM,20200306,2.9,2.9,2.8,2.84,24986
SOM,20200309,2.71,2.72,2.47,2.53,34383
SOM,20200310,2.45,2.57,2.45,2.51,41189
SOM,20200311,2.51,2.51,2.51,2.51,0
SOM,20200312,2.5,2.5,2.45,2.45,6239
SOM,20200313,2.45,2.45,2.38,2.38,19800
SOM,20200316,2.31,2.31,2.3,2.3,3132
SOM,20200317,2.1,2.1,2,2,2750
SOM,20200318,2,2,2,2,0
SOM,20200319,2,2,2,2,0
SOM,20200320,2,2,2,2,0
SOM,20200323,2,2,2,2,0
SOM,20200324,2,2,2,2,0
SOM,20200325,2,2,2,2,0
SOM,20200326,1,1.25,1,1.25,24798
SOM,20200327,1.33,1.33,1.135,1.15,187904
SOM,20200330,1.15,1.15,1.04,1.09,53856
SOM,20200331,1.12,1.125,1.07,1.12,35069
SOM,20200401,1.12,1.12,1.04,1.04,19573
SOM,20200402,1.05,1.05,1.01,1.05,136996
SOM,20200403,1.05,1.12,1.05,1.1,84011
SOM,20200406,1.1,1.1,0.9,0.91,136690
SOM,20200407,1.05,1.07,1.02,1.02,82369
SOM,20200408,1.02,1.03,1.015,1.03,73368
SOM,20200409,1.025,1.03,1.005,1.02,90940
SOM,20200414,1.02,1.15,1.02,1.15,158763
SOM,20200415,1.21,1.4,1.21,1.25,115131
SOM,20200416,1.25,1.25,1.135,1.135,82798
SOM,20200417,1.105,1.39,1.1,1.32,65313
SOM,20200420,1.39,1.39,1.265,1.265,63443
SOM,20200421,1.25,1.26,1.12,1.12,89994
SOM,20200422,1.12,1.12,1.02,1.02,148879
SOM,20200423,1.035,1.125,1.02,1.12,61712
SOM,20200424,1.13,1.15,1.13,1.15,19450
SOM,20200427,1.195,1.2,1.165,1.17,34512
SOM,20200428,1.17,1.18,1.155,1.155,30264
SOM,20200429,1.155,1.17,1.13,1.15,25726
SOM,20200430,1.17,1.195,1.1,1.195,66174
SOM,20200501,1.17,1.17,1.1,1.15,27625
SOM,20200504,1.17,1.17,1.07,1.07,42816
SOM,20200505,1.1,1.12,1.1,1.11,9153
SOM,20200506,1.13,1.16,1.12,1.12,55782
SOM,20200507,1.12,1.12,1.09,1.115,24547
SOM,20200508,1.12,1.13,1.09,1.09,57453
SOM,20200511,1.1,1.1,1.09,1.09,70238
SOM,20200512,1.09,1.09,1.08,1.09,24996
SOM,20200513,1.08,1.095,1.06,1.08,95124
SOM,20200514,1.08,1.1,1.07,1.07,30506
SOM,20200515,1.08,1.08,1.02,1.03,39639
SOM,20200518,1.03,1.03,0.99,1.02,53809
SOM,20200519,1.05,1.05,1.05,1.05,22099
SOM,20200520,1.025,1.05,1.025,1.05,14875
SOM,20200521,1.025,1.04,1.025,1.03,10578
SOM,20200522,1.025,1.03,1.005,1.01,32233
SOM,20200525,1.01,1.01,0.95,0.98,109192
SOM,20200526,0.98,1.05,0.98,1.02,271649
SOM,20200527,1.05,1.145,1.05,1.14,227872
SOM,20200528,1.155,1.465,1.155,1.44,432279
SOM,20200529,1.48,1.535,1.43,1.5,178192
SOM,20200601,1.5,1.582,1.43,1.43,100977
SOM,20200602,1.5,1.6,1.41,1.55,142208
SOM,20200603,1.55,1.575,1.525,1.525,87534
SOM,20200604,1.53,1.53,1.515,1.515,14275
SOM,20200605,1.52,1.545,1.515,1.52,29049
SOM,20200609,1.54,1.54,1.5,1.515,68961
SOM,20200610,1.5,1.5,1.45,1.495,46238
SOM,20200611,1.475,1.475,1.325,1.37,111206
SOM,20200612,1.32,1.32,1.22,1.285,69211
SOM,20200615,1.305,1.335,1.275,1.275,58735
SOM,20200616,1.29,1.345,1.29,1.305,29133
SOM,20200617,1.345,1.35,1.325,1.345,8211
SOM,20200618,1.34,1.37,1.315,1.335,15864
SOM,20200619,1.35,1.42,1.35,1.4,6979
SOM,20200622,1.41,1.42,1.355,1.395,10011
SOM,20200623,1.395,1.4,1.31,1.33,15762
SOM,20200624,1.4,1.41,1.315,1.315,7620
SOM,20200625,1.31,1.31,1.25,1.265,36819
SOM,20200626,1.26,1.28,1.2,1.2,40561
SOM,20200629,1.21,1.21,1.155,1.18,56497
SOM,20200630,1.16,1.2,1.16,1.2,29670
SOM,20200701,1.21,1.24,1.21,1.24,14625
SOM,20200702,1.255,1.255,1.255,1.255,1000
SOM,20200703,1.315,1.485,1.315,1.34,17387
SOM,20200706,1.34,1.34,1.34,1.34,0
SOM,20200707,1.355,1.36,1.24,1.24,21468
SOM,20200708,1.355,1.355,1.3,1.3,5015
SOM,20200709,1.275,1.3,1.275,1.28,6360
SOM,20200710,1.29,1.29,1.24,1.24,23938
SOM,20200713,1.24,1.26,1.24,1.25,19617
SOM,20200714,1.26,1.26,1.25,1.25,47080
SOM,20200715,1.25,1.26,1.24,1.255,14367
SOM,20200716,1.245,1.3,1.24,1.3,23917
SOM,20200717,1.295,1.295,1.28,1.295,10799
SOM,20200720,1.31,1.36,1.31,1.36,2611
SOM,20200721,1.3,1.425,1.3,1.39,3963
SOM,20200722,1.41,1.44,1.305,1.305,21988
SOM,20200723,1.31,1.31,1.31,1.31,1300
SOM,20200724,1.35,1.43,1.35,1.42,1555
SOM,20200727,1.35,1.37,1.305,1.35,15109
SOM,20200728,1.33,1.33,1.305,1.305,18364
SOM,20200729,1.32,1.33,1.28,1.28,48483
SOM,20200730,1.3,1.33,1.3,1.315,16663
SOM,20200731,1.3,1.33,1.28,1.33,12303
SOM,20200803,1.3,1.31,1.295,1.295,23797
SOM,20200804,1.3,1.33,1.28,1.31,28637
SOM,20200805,1.33,1.33,1.285,1.285,3690
SOM,20200806,1.3,1.3,1.28,1.3,2200
SOM,20200807,1.29,1.29,1.28,1.28,14422
SOM,20200810,1.28,1.28,1.28,1.28,0
SOM,20200811,1.3,1.3,1.28,1.285,18927
SOM,20200812,1.325,1.34,1.275,1.34,35932
SOM,20200813,1.285,1.39,1.285,1.325,74871
SOM,20200814,1.36,1.39,1.29,1.29,167973
SOM,20200817,1.3,1.42,1.3,1.41,34488
SOM,20200818,1.42,1.43,1.39,1.43,46771
SOM,20200819,1.4,1.4,1.4,1.4,1000
SOM,20200820,1.4,1.4,1.4,1.4,0
SOM,20200821,1.43,1.49,1.43,1.46,74020
SOM,20200824,1.485,1.645,1.485,1.54,235296
SOM,20200825,1.585,1.605,1.55,1.575,353789
SOM,20200826,1.58,1.6,1.53,1.53,78354
SOM,20200827,1.56,1.565,1.53,1.56,12766
SOM,20200828,1.595,1.6,1.54,1.565,72893
SOM,20200831,1.54,1.595,1.54,1.59,78345
SOM,20200901,1.59,1.595,1.58,1.59,141217
SOM,20200902,1.59,1.66,1.59,1.66,68853
SOM,20200903,1.68,2,1.68,1.96,95847
SOM,20200904,1.85,1.895,1.75,1.86,40177
SOM,20200907,1.855,1.89,1.85,1.88,54919
SOM,20200908,1.88,1.88,1.83,1.86,26840
SOM,20200909,1.88,1.88,1.8,1.8,95618
SOM,20200910,1.84,1.85,1.815,1.815,9504
SOM,20200911,1.815,1.815,1.775,1.8,81793
SOM,20200914,1.8,1.8,1.775,1.775,9478
SOM,20200915,1.775,1.955,1.775,1.955,80437
SOM,20200916,2.01,2.32,2.01,2.14,103436
SOM,20200917,1.97,2.04,1.865,2.03,96379
SOM,20200918,2.05,2.15,2,2.1,135525
SOM,20200921,2.1,2.15,2.1,2.1,103113
SOM,20200922,2.11,2.14,2.07,2.07,28878
SOM,20200923,2.1,2.17,2.1,2.17,35179
SOM,20200924,2.12,2.19,2.12,2.15,21081
SOM,20200925,2.2,2.39,2.2,2.33,641262
SOM,20200928,2.39,2.39,2.35,2.35,88787
SOM,20200929,2.35,2.43,2.34,2.34,72630
SOM,20200930,2.34,2.4,2.28,2.28,59747
SOM,20201001,2.39,2.41,2.33,2.38,35068
SOM,20201002,2.35,2.38,2.35,2.35,45769
SOM,20201005,2.35,2.38,2.33,2.35,44420
SOM,20201006,2.35,2.45,2.35,2.45,37375
SOM,20201007,2.51,2.58,2.5,2.51,55709
SOM,20201008,2.51,2.51,2.45,2.46,10162
SOM,20201009,2.46,2.47,2.45,2.46,40027
SOM,20201012,2.47,2.47,2.45,2.45,56883
SOM,20201013,2.47,2.48,2.4,2.4,84673
SOM,20201014,2.4,2.46,2.4,2.43,34229
SOM,20201015,2.41,2.41,2.3,2.3,86692
SOM,20201016,2.3,2.3,2.23,2.23,111417
SOM,20201019,2.25,2.26,2.08,2.09,117380
SOM,20201020,2.09,2.23,2.09,2.23,42832
SOM,20201021,2.17,2.36,2.17,2.36,15785
SOM,20201022,2.34,2.34,2.1,2.2,50468
SOM,20201023,2.25,2.3,2.2,2.29,50739
SOM,20201026,2.16,2.2,2.15,2.18,6149
SOM,20201027,2.16,2.17,2.05,2.05,34920
SOM,20201028,2.05,2.05,1.86,1.9,124525
SOM,20201029,1.85,1.9,1.83,1.9,31696
SOM,20201030,1.835,1.9,1.81,1.81,23537
SOM,20201102,1.81,1.815,1.8,1.805,10738
SOM,20201103,1.805,1.94,1.802,1.805,11869
SOM,20201104,1.805,1.805,1.805,1.805,0
SOM,20201105,1.91,1.91,1.91,1.91,5000
SOM,20201106,1.9,1.9,1.89,1.89,5508
SOM,20201109,1.89,2.08,1.89,2.08,14250
SOM,20201110,2.15,2.2,2.15,2.19,18790
SOM,20201111,2.22,2.3,2.21,2.3,35095
SOM,20201112,2.3,2.3,2.05,2.17,41280
SOM,20201113,2.12,2.24,2.11,2.16,5231
SOM,20201116,2.21,2.21,2.2,2.2,436
SOM,20201117,2.2,2.25,2.2,2.25,15874
SOM,20201118,2.28,2.28,2.16,2.2,7909
SOM,20201120,0,0,0,2.18,160550
SOM,20201123,2.17,2.17,2.07,2.11,8141
SOM,20201124,2.12,2.12,2.07,2.07,10037
SOM,20201125,2.12,2.17,2.12,2.17,18873
SOM,20201126,2.17,2.18,2.13,2.18,11728
SOM,20201127,2.18,2.18,2.06,2.16,8363
SOM,20201130,2.07,2.09,2.04,2.06,22208
SOM,20201201,2.06,2.16,2.06,2.16,12116
SOM,20201202,2.16,2.18,2.16,2.18,12082
SOM,20201203,2.18,2.19,2.175,2.19,17540
SOM,20201204,2.19,2.25,2.19,2.25,16956
SOM,20201207,2.2,2.25,2.12,2.25,20037
SOM,20201208,2.28,2.34,2.25,2.25,17076
SOM,20201209,2.21,2.29,2.21,2.22,31597
SOM,20201210,2.2,2.27,2.2,2.24,30121
SOM,20201211,2.2,2.22,2.15,2.16,15058
SOM,20201214,2.16,2.17,2.13,2.15,16285
SOM,20201215,2.15,2.15,2.12,2.14,9954
SOM,20201216,2.14,2.14,2.1,2.1,18403
SOM,20201217,2.1,2.13,2.03,2.13,9507
SOM,20201218,2.14,2.14,1.99,2,76112
SOM,20201221,2,2.08,1.89,2.08,14574
SOM,20201222,2.1,2.1,2,2.02,73897
SOM,20201224,2,2,2,2,0
SOM,20201229,2.02,2.02,1.955,2,12117
SOM,20201230,2,2.08,1.96,2.08,245967
SOM,20201231,2.1,2.1,2.01,2.1,1801
SOM,20210104,2.1,2.15,2.03,2.15,14632
SOM,20210105,2.15,2.2,2.1,2.2,4972
SOM,20210106,2.2,2.22,2.18,2.22,8731
SOM,20210107,2.22,2.3,2.22,2.3,7870
SOM,20210108,2.29,2.29,2.255,2.29,12343
SOM,20210111,2.3,2.3,2.25,2.28,78233
SOM,20210112,2.28,2.28,2.2,2.2,55146
SOM,20210113,2.2,2.2,2.1,2.17,10812
SOM,20210114,2.17,2.17,2.05,2.17,13998
SOM,20210115,2.1,2.14,1.995,2.14,23281
SOM,20210118,2,2.08,2,2.01,9006
SOM,20210119,2,2.01,1.94,1.97,21443
SOM,20210120,1.97,2.06,1.94,1.95,21801
SOM,20210121,1.95,1.97,1.93,1.97,25273
SOM,20210122,1.97,1.97,1.87,1.87,17788
SOM,20210125,1.87,1.91,1.87,1.87,25963
SOM,20210127,1.9,1.99,1.9,1.99,3849
SOM,20210128,1.99,1.99,1.905,1.95,44560
SOM,20210129,1.95,1.985,1.88,1.97,12974
SOM,20210201,1.98,1.98,1.85,1.92,41563
SOM,20210203,1.84,1.9,1.84,1.9,3727
SOM,20210204,1.9,1.9,1.83,1.83,45105
SOM,20210205,1.83,1.92,1.83,1.9,132385
SOM,20210208,1.9,1.9,1.855,1.855,2074
SOM,20210209,1.855,1.935,1.855,1.935,70860
SOM,20210210,1.875,1.885,1.86,1.86,9141
SOM,20210211,1.86,1.88,1.86,1.86,8823
SOM,20210212,1.99,1.99,1.86,1.86,11621
SOM,20210215,1.875,1.895,1.875,1.88,14487
SOM,20210216,1.88,1.91,1.88,1.91,4309
SOM,20210217,1.88,1.88,1.86,1.86,10713
SOM,20210218,1.87,1.87,1.86,1.86,2786
SOM,20210219,1.865,1.895,1.86,1.895,6843
SOM,20210222,1.86,1.9,1.8,1.9,15065
SOM,20210223,1.92,1.92,1.8,1.83,38485
SOM,20210224,1.835,1.895,1.8,1.8,7263
SOM,20210225,1.835,1.87,1.8,1.87,24770
SOM,20210226,1.87,1.9,1.87,1.88,7113
SOM,20210301,1.875,1.875,1.875,1.875,1000
SOM,20210302,1.8,1.8,1.75,1.8,16758
SOM,20210303,1.795,1.795,1.772,1.772,5325
SOM,20210304,1.772,1.772,1.772,1.772,0
SOM,20210305,1.75,1.8,1.75,1.75,21201
SOM,20210308,1.725,1.8,1.725,1.8,78015
SOM,20210309,1.8,1.8,1.8,1.8,3478
SOM,20210310,1.8,1.83,1.8,1.83,1341
SOM,20210311,1.8,1.83,1.8,1.83,1341
SOM,20210312,1.83,1.83,1.83,1.83,184
SOM,20210315,1.83,1.87,1.83,1.85,11154
SOM,20210316,1.85,1.85,1.85,1.85,0
SOM,20210317,1.845,1.9,1.845,1.875,1085955
SOM,20210318,1.915,1.92,1.91,1.91,7080
SOM,20210319,1.89,1.95,1.89,1.95,3382
SOM,20210322,1.95,1.95,1.93,1.93,5229
SOM,20210323,1.94,1.94,1.94,1.94,1800
SOM,20210324,1.96,2.08,1.96,2.08,35446
SOM,20210325,2.06,2.06,2.01,2.01,5970
SOM,20210329,1.99,2.05,1.98,2.02,17702
SOM,20210330,2.02,2.02,1.98,1.992,52828
SOM,20210331,2.02,2.06,2,2,12019
SOM,20210401,1.97,2.02,1.97,2.02,7792
SOM,20210406,1.985,2,1.975,2,16199
SOM,20210407,2,2,1.995,1.995,1319
SOM,20210408,2,2.02,1.985,1.995,11531
SOM,20210409,2,2.01,1.99,2.01,24393
SOM,20210412,1.99,2,1.985,1.985,1145
SOM,20210413,1.985,2.005,1.985,2,6247
SOM,20210414,1.985,1.985,1.965,1.985,6716
SOM,20210415,1.985,1.985,1.88,1.88,9064
SOM,20210416,1.88,1.88,1.88,1.88,0
SOM,20210419,1.88,1.88,1.88,1.88,0
SOM,20210420,1.88,1.98,1.88,1.9,7468
SOM,20210421,1.895,1.9,1.895,1.9,3270
SOM,20210422,2,2,2,2,19
SOM,20210423,2,2,2,2,506
SOM,20210426,1.92,1.94,1.915,1.94,7607
SOM,20210427,1.915,1.965,1.915,1.96,29094
SOM,20210428,2.01,2.01,2.01,2.01,3750
SOM,20210429,2.01,2.01,2.01,2.01,0
SOM,20210430,1.925,1.955,1.925,1.955,426
SOM,20210503,1.9,2.02,1.9,2,38113
SOM,20210504,1.98,2,1.98,2,7708
SOM,20210505,2,2.1,2,2.1,89675
SOM,20210506,2.1,2.11,2.1,2.1,16988
SOM,20210507,2.11,2.15,2.11,2.15,4650
SOM,20210510,2.17,2.19,2.15,2.19,23259
SOM,20210511,2.19,2.23,2.16,2.2,3310
SOM,20210512,2.05,2.15,2.05,2.05,6001
SOM,20210513,2.05,2.1,2.01,2.08,7986
SOM,20210514,2.08,2.08,2.08,2.08,0
SOM,20210517,2.04,2.09,1.975,2.06,14157
SOM,20210518,2.04,2.17,2.04,2.12,11632
SOM,20210519,2.18,2.18,2.1,2.16,12567
SOM,20210520,2.15,2.2,2.15,2.15,32545
SOM,20210521,2.2,2.21,2.18,2.21,9877
SOM,20210524,2.2,2.21,2.12,2.12,15546
SOM,20210525,2.12,2.2,2.12,2.2,275732
SOM,20210526,2.2,2.25,2.19,2.25,244358
SOM,20210527,2.3,2.32,2.25,2.3,128045
SOM,20210528,2.29,2.3,2.22,2.3,35708
SOM,20210531,2.3,2.31,2.3,2.31,9049
SOM,20210601,2.31,2.31,2.31,2.31,0
SOM,20210602,2.3,2.35,2.3,2.35,20922
SOM,20210603,2.35,2.45,2.34,2.45,31511
SOM,20210604,2.41,2.45,2.39,2.45,16716
SOM,20210607,2.5,2.5,2.39,2.48,7812
SOM,20210609,2.48,2.48,2.48,2.48,0
SOM,20210610,2.43,2.47,2.4,2.4,20707
SOM,20210611,2.4,2.41,2.38,2.41,15945
SOM,20210615,2.4,2.42,2.38,2.42,7176
SOM,20210616,2.43,2.43,2.36,2.385,8201
SOM,20210617,2.35,2.38,2.35,2.35,14404
SOM,20210618,2.43,2.43,2.36,2.42,22957
SOM,20210621,2.43,2.43,2.35,2.38,16408
SOM,20210622,2.38,2.42,2.33,2.37,7476
SOM,20210623,2.33,2.33,2.3,2.3,10763
SOM,20210625,2.25,2.26,2.25,2.26,202164
SOM,20210628,2.26,2.26,2.2,2.2,2140
SOM,20210629,2.21,2.3,2.2,2.29,16896
SOM,20210630,2.26,2.26,2.21,2.21,9154
SOM,20210701,2.26,2.3,2.23,2.3,43179
SOM,20210705,2.4,2.47,2.4,2.43,8635
SOM,20210706,2.43,2.43,2.43,2.43,0
SOM,20210707,2.36,2.47,2.3,2.4,13166
SOM,20210708,2.37,2.4,2.36,2.4,3376
SOM,20210709,2.3,2.44,2.25,2.44,724
SOM,20210712,2.46,2.48,2.45,2.48,29503
SOM,20210714,2.4,2.4,2.4,2.4,722
SOM,20210715,2.42,2.42,2.38,2.41,2913
SOM,20210716,2.41,2.41,2.38,2.38,262
SOM,20210719,2.38,2.38,2.32,2.32,3065
SOM,20210720,2.25,2.3,2.25,2.25,62605
SOM,20210723,2.26,2.3,2.26,2.3,7406
SOM,20210726,2.28,2.28,2.19,2.24,7545
SOM,20210727,2.24,2.39,2.24,2.39,5642
SOM,20210728,2.33,2.39,2.32,2.33,1534
SOM,20210729,2.33,2.33,2.33,2.33,2300
SOM,20210730,2.33,2.33,2.33,2.33,921
SOM,20210802,2.345,2.345,2.3,2.3,3492
SOM,20210803,2.31,2.325,2.31,2.325,4195
SOM,20210804,2.3,2.35,2.3,2.35,9153
SOM,20210805,2.39,2.39,2.37,2.39,3456
SOM,20210806,2.365,2.365,2.35,2.35,1544
SOM,20210809,2.39,2.39,2.35,2.35,19583
SOM,20210810,2.35,2.39,2.35,2.38,381
SOM,20210811,2.37,2.39,2.35,2.39,11244
SOM,20210812,2.35,2.38,2.35,2.38,15594
SOM,20210813,2.35,2.38,2.34,2.34,3719
SOM,20210819,2.34,2.38,2.34,2.38,1808
SOM,20210820,2.32,2.39,2.32,2.39,2130
SOM,20210823,2.38,2.39,2.38,2.39,3101
SOM,20210824,2.39,2.39,2.39,2.39,0
SOM,20210825,2.33,2.33,2.25,2.32,23491
SOM,20210826,2.25,2.35,2.21,2.35,84995
SOM,20210827,2.3,2.3,2.21,2.3,109367
SOM,20210830,2.26,2.3,2.21,2.3,10020
SOM,20210831,2.21,2.24,2.21,2.21,10452
SOM,20210901,2.18,2.2,2.14,2.19,10369
SOM,20210902,2.19,2.22,2.19,2.22,2386
SOM,20210903,2.25,2.26,2.22,2.26,5045
SOM,20210906,2.26,2.27,2.23,2.27,7144
SOM,20210907,2.27,2.3,2.225,2.3,7131
SOM,20210908,2.3,2.32,2.24,2.3,10378
SOM,20210909,2.24,2.3,2.23,2.25,2761
SOM,20210910,2.24,2.24,2.24,2.24,1352
SOM,20210913,2.3,2.3,2.25,2.3,5506
SOM,20210914,2.3,2.31,2.28,2.31,15160
SOM,20210915,2.31,2.31,2.31,2.31,398
SOM,20210916,2.31,2.31,2.31,2.31,0
SOM,20210917,2.15,2.15,2.15,2.15,11
SOM,20210920,2.11,2.25,2.08,2.2,99985
SOM,20210922,2.31,2.31,2.3,2.3,26934
SOM,20210923,2.32,2.32,2.3,2.32,517989
SOM,20210924,2.3,2.39,2.3,2.35,24885
SOM,20210927,2.38,2.4,2.38,2.4,33455
SOM,20210928,2.4,2.42,2.4,2.42,8440
SOM,20210929,2.4,2.41,2.4,2.4,34808
SOM,20210930,2.3,2.35,2.21,2.35,34063
SOM,20211001,2.35,2.35,2.35,2.35,0
SOM,20211004,2.37,2.4,2.36,2.4,12716
SOM,20211005,2.4,2.4,2.4,2.4,0
SOM,20211006,2.4,2.4,2.4,2.4,0
SOM,20211007,2.3,2.37,2.3,2.3,2857
SOM,20211008,2.35,2.35,2.35,2.35,3442
SOM,20211011,2.35,2.35,2.35,2.35,0
SOM,20211012,2.35,2.35,2.35,2.35,0
SOM,20211013,2.18,2.25,2.18,2.18,29843
SOM,20211014,2.18,2.18,2.18,2.18,0
SOM,20211019,2.19,2.22,2.19,2.22,3486
SOM,20211020,2.21,2.35,2.21,2.35,2605
SOM,20211021,2.35,2.35,2.35,2.35,1265
SOM,20211022,2.34,2.43,2.27,2.43,79038
SOM,20211025,2.43,2.55,2.43,2.45,223065
SOM,20211026,2.52,2.65,2.49,2.62,68742
SOM,20211028,2.58,2.58,2.52,2.55,17921
SOM,20211029,2.55,2.58,2.55,2.58,2656
SOM,20211101,2.58,2.58,2.55,2.55,7929
SOM,20211102,2.5,2.54,2.5,2.53,6710
SOM,20211103,2.5,2.51,2.45,2.49,7889
SOM,20211104,2.455,2.455,2.45,2.45,1484
SOM,20211105,2.5,2.52,2.45,2.46,18859
SOM,20211109,2.42,2.45,2.42,2.42,10123
SOM,20211110,2.45,2.45,2.39,2.4,13800
SOM,20211112,2.4,2.4,2.4,2.4,0
SOM,20211115,2.36,2.47,2.35,2.35,2703
SOM,20211116,2.35,2.35,2.31,2.31,2923
SOM,20211117,2.35,2.35,2.35,2.35,1601
SOM,20211118,2.31,2.31,2.3,2.3,4443
SOM,20211119,2.31,2.32,2.31,2.31,6979
SOM,20211122,2.31,2.31,2.15,2.15,8512
SOM,20211123,2.37,2.37,2.33,2.36,5668
SOM,20211124,2.36,2.37,2.36,2.36,4841
SOM,20211125,2.36,2.36,2.36,2.36,0
SOM,20211126,2.36,2.36,2.36,2.36,0
SOM,20211129,2.21,2.25,2.2,2.25,972506
SOM,20211130,2.22,2.22,2.19,2.19,6022
SOM,20211201,2.33,2.33,2.21,2.21,1875
SOM,20211202,2.18,2.22,2.18,2.22,300
SOM,20211203,2.22,2.36,2.22,2.33,6711
SOM,20211206,2.23,2.32,2.23,2.32,4182
SOM,20211207,2.32,2.32,2.32,2.32,0
SOM,20211208,2.32,2.32,2.32,2.32,0
SOM,20211209,2.21,2.21,2.2,2.2,31543
SOM,20211210,2.26,2.26,2.2,2.2,4376
SOM,20211213,2.14,2.2,2.14,2.2,45011
SOM,20211214,2.14,2.2,2.14,2.2,73698
SOM,20211216,2.31,2.31,2.31,2.31,4760
SOM,20211217,2.25,2.25,2.2,2.225,13342
SOM,20211220,2.13,2.13,2.13,2.13,455
SOM,20211221,2.13,2.13,2.13,2.13,0
SOM,20211222,2.13,2.13,2.13,2.13,0
SOM,20211223,2.22,2.22,2.22,2.22,1800
SOM,20211224,2.22,2.22,2.22,2.22,0
SOM,20211229,2.28,2.3,2.28,2.3,8796
SOM,20211230,2.33,2.35,2.33,2.35,16950
SOM,20211231,2.35,2.35,2.35,2.35,2051
SOM,20220104,2.35,2.35,2.35,2.35,0
SOM,20220105,2.35,2.35,2.35,2.35,0
SOM,20220106,2.2,2.2,2.2,2.2,164575
SOM,20220107,2.135,2.14,2.05,2.09,2335
SOM,20220110,2.1,2.15,2.1,2.15,106175
SOM,20220111,2.1,2.1,2.08,2.08,5280
SOM,20220112,2.15,2.15,2.14,2.14,1320
SOM,20220113,2.08,2.09,2.07,2.09,2246
SOM,20220114,2.15,2.15,2.08,2.08,6140
SOM,20220117,2.08,2.08,2.08,2.08,0
SOM,20220118,2.07,2.08,2.07,2.08,2663
SOM,20220119,2.13,2.25,2.13,2.24,938
SOM,20220120,2.24,2.24,2.24,2.24,0
SOM,20220121,2.2,2.3,2.14,2.14,4369
SOM,20220124,2.2,2.2,2.2,2.2,7591
SOM,20220125,2.29,2.29,2,2.01,28498
SOM,20220127,2.02,2.05,2.02,2.05,848
SOM,20220128,2.05,2.05,2.05,2.05,0
SOM,20220131,2.1,2.11,2.09,2.1,32747
SOM,20220201,2.2,2.2,2.11,2.11,15005
SOM,20220202,2.11,2.11,2.11,2.11,6481
SOM,20220203,2.11,2.11,2.11,2.11,0
SOM,20220204,2.11,2.11,2.11,2.11,0
SOM,20220207,2.11,2.11,2.06,2.06,11100
SOM,20220208,2.06,2.06,2.05,2.05,13294
SOM,20220209,2.05,2.05,1.89,1.89,16588
SOM,20220210,1.915,1.93,1.89,1.92,9959
SOM,20220211,1.9,1.955,1.89,1.955,5614
SOM,20220214,1.9,1.9,1.89,1.89,931
SOM,20220215,1.9,1.9,1.89,1.89,1894
SOM,20220216,1.89,1.92,1.89,1.89,2634
SOM,20220217,1.89,1.89,1.89,1.89,0
SOM,20220218,1.895,1.895,1.89,1.89,421
SOM,20220221,1.89,1.89,1.89,1.89,7225
SOM,20220222,1.88,1.88,1.85,1.85,15116
SOM,20220223,1.85,1.85,1.85,1.85,1000
SOM,20220224,1.85,1.85,1.8,1.8,12408
SOM,20220225,1.8,1.8,1.745,1.76,14019
SOM,20220228,1.76,1.76,1.76,1.76,0
SOM,20220301,1.76,1.81,1.76,1.81,21553
SOM,20220302,1.8,1.81,1.795,1.81,7658
SOM,20220303,1.81,1.81,1.81,1.81,4800
SOM,20220304,1.85,1.85,1.85,1.85,5401
SOM,20220307,1.85,1.85,1.85,1.85,0
SOM,20220308,1.9,1.9,1.9,1.9,730
SOM,20220309,1.9,1.9,1.9,1.9,70
SOM,20220310,1.86,1.86,1.85,1.85,3028
SOM,20220311,1.85,1.85,1.85,1.85,0
SOM,20220314,1.75,1.8,1.75,1.8,5337
SOM,20220315,1.75,1.75,1.75,1.75,4359
SOM,20220316,0,0,0,0,0
SOM,20220317,1.7,1.7,1.6,1.6,34817
SOM,20220318,1.695,1.7,1.615,1.7,26283
SOM,20220321,1.8,1.9,1.755,1.755,2358
SOM,20220322,1.755,1.755,1.755,1.755,0
SOM,20220323,1.8,1.835,1.8,1.835,22
SOM,20220324,1.9,1.9,1.9,1.9,0
SOM,20220325,1.9,1.9,1.9,1.9,0
SOM,20220328,1.94,1.94,1.94,1.94,1940
SOM,20220329,1.94,1.94,1.94,1.94,0
SOM,20220330,1.9,1.94,1.9,1.94,118944
SOM,20220331,1.905,1.94,1.9,1.94,5238
SOM,20220401,1.94,1.94,1.94,1.94,0
SOM,20220404,1.962,1.962,1.962,1.962,427
SOM,20220405,1.96,1.96,1.94,1.94,4701
SOM,20220406,1.96,1.96,1.96,1.96,2750
SOM,20220407,1.985,1.99,1.94,1.94,10387
SOM,20220408,1.94,2,1.94,1.94,1949
SOM,20220411,2,2.05,2,2.01,8328
SOM,20220412,1.94,1.94,1.94,1.94,684
SOM,20220413,1.94,1.94,1.94,1.94,0
SOM,20220414,1.955,1.96,1.955,1.96,449
SOM,20220419,2,2.02,1.99,1.99,19516
SOM,20220420,1.99,1.99,1.99,1.99,0
SOM,20220421,1.99,1.99,1.99,1.99,0
SOM,20220422,2.025,2.05,1.94,1.94,52338
SOM,20220426,2,2.05,1.965,1.99,17594
SOM,20220427,2.02,2.02,1.94,1.94,5608
SOM,20220428,1.94,1.94,1.86,1.86,5498
SOM,20220429,1.9,1.9,1.86,1.86,2413
SOM,20220502,1.9,1.9,1.85,1.85,11423
SOM,20220503,1.85,1.85,1.8,1.8,10716
SOM,20220504,1.797,1.797,1.75,1.75,692
SOM,20220505,1.79,1.79,1.665,1.665,14605
SOM,20220506,1.7,1.7,1.7,1.7,0
SOM,20220509,1.7,1.7,1.65,1.65,7313
SOM,20220510,1.625,1.625,1.55,1.55,33141
SOM,20220511,1.5,1.55,1.5,1.55,18781
SOM,20220512,1.55,1.55,1.55,1.55,1200
SOM,20220513,1.56,1.56,1.5,1.515,7813
SOM,20220516,1.515,1.515,1.515,1.515,0
SOM,20220517,1.52,1.52,1.48,1.48,18134
SOM,20220518,1.585,1.585,1.45,1.505,4881
SOM,20220519,1.49,1.49,1.48,1.48,4352
SOM,20220520,1.48,1.51,1.45,1.51,2234
SOM,20220523,1.51,1.51,1.51,1.51,0
SOM,20220524,1.51,1.54,1.465,1.47,8368
SOM,20220525,1.47,1.47,1.47,1.47,0
SOM,20220526,1.535,1.535,1.475,1.475,105
SOM,20220527,1.515,1.52,1.515,1.52,1003350
SOM,20220530,1.52,1.52,1.52,1.52,0
SOM,20220531,1.5,1.5,1.5,1.5,6306
SOM,20220601,1.5,1.5,1.5,1.5,2024
SOM,20220602,1.5,1.5,1.445,1.445,18764
SOM,20220603,1.445,1.445,1.445,1.445,0
SOM,20220606,1.445,1.445,1.41,1.41,3225
SOM,20220607,1.41,1.44,1.41,1.43,7483
SOM,20220608,1.445,1.45,1.445,1.45,1826
SOM,20220609,1.495,1.495,1.24,1.245,19406
SOM,20220610,1.23,1.28,1.19,1.28,16898
SOM,20220614,1.31,1.31,1.245,1.27,10000
SOM,20220615,1.22,1.27,1.175,1.175,11567
SOM,20220616,1.19,1.22,1.19,1.22,8878
SOM,20220617,1.24,1.24,1.23,1.23,12013
SOM,20220620,1.25,1.25,1.25,1.25,7000
SOM,20220621,1.25,1.25,1.25,1.25,0
SOM,20220622,1.25,1.25,1.25,1.25,0
SOM,20220623,1.25,1.25,1.25,1.25,0
SOM,20220624,1.24,1.24,1.14,1.14,9352
SOM,20220627,1.17,1.22,1.14,1.2,30780
SOM,20220628,1.16,1.21,1.16,1.21,4959
SOM,20220629,1.21,1.25,1.21,1.25,3482
SOM,20220630,1.25,1.25,1.21,1.21,6600
SOM,20220701,1.21,1.21,1.21,1.21,0
SOM,20220704,1.205,1.205,1.2,1.2,4960
SOM,20220705,1.2,1.2,1.2,1.2,251
SOM,20220706,1.15,1.2,1.15,1.2,1999
SOM,20220707,1.2,1.2,1.2,1.2,0
SOM,20220708,1.2,1.2,1.2,1.2,0
SOM,20220711,1.2,1.2,1.2,1.2,0
SOM,20220712,1.2,1.2,1.2,1.2,0
SOM,20220713,1.2,1.2,1.2,1.2,10000
SOM,20220714,1.2,1.2,1.2,1.2,2640
SOM,20220715,1.185,1.185,1.18,1.18,2905
SOM,20220718,1.18,1.18,1.18,1.18,0
SOM,20220719,1.18,1.18,1.18,1.18,0
SOM,20220720,1.18,1.18,1.18,1.18,0
SOM,20220721,1.2,1.2,1.2,1.2,20000
SOM,20220722,1.28,1.28,1.2,1.2,5702
SOM,20220725,1.2,1.2,1.2,1.2,0
SOM,20220726,1.29,1.35,1.255,1.35,22860
SOM,20220727,1.35,1.35,1.35,1.35,0
SOM,20220728,1.31,1.345,1.31,1.315,69660
SOM,20220729,1.315,1.315,1.275,1.275,60800
SOM,20220801,1.27,1.278,1.27,1.277,2560
SOM,20220802,1.27,1.27,1.25,1.25,47095
SOM,20220803,1.235,1.24,1.23,1.23,33000
SOM,20220805,1.245,1.255,1.245,1.255,18390
SOM,20220808,1.24,1.25,1.21,1.24,59908
SOM,20220809,1.23,1.23,1.23,1.23,1373821
SOM,20220810,1.24,1.24,1.24,1.24,4000
SOM,20220811,1.29,1.32,1.29,1.31,22070
SOM,20220812,1.3,1.3,1.28,1.28,5330
SOM,20220815,1.26,1.26,1.235,1.235,8333
SOM,20220816,1.24,1.27,1.24,1.25,34769
SOM,20220817,1.26,1.31,1.245,1.26,92556
SOM,20220818,1.26,1.26,1.26,1.26,1170
SOM,20220819,1.26,1.26,1.26,1.26,0
SOM,20220822,1.28,1.31,1.28,1.31,10115
SOM,20220823,1.3,1.31,1.245,1.3,96661
SOM,20220824,1.35,1.355,1.318,1.35,22553
SOM,20220825,1.35,1.35,1.35,1.35,3159
SOM,20220826,1.33,1.365,1.33,1.35,11860
SOM,20220829,1.312,1.325,1.313,1.32,17665
SOM,20220830,1.31,1.33,1.3,1.3,9873
SOM,20220831,1.3,1.3,1.295,1.3,85269
SOM,20220901,1.3,1.3,1.3,1.3,0
SOM,20220902,1.305,1.305,1.3,1.3,1000
SOM,20220905,1.3,1.305,1.3,1.3,0
SOM,20220906,1.3,1.305,1.3,1.3,0
SOM,20220907,1.31,1.31,1.31,1.31,4032
SOM,20220909,1.31,1.31,1.31,1.31,0
SOM,20220912,1.35,1.35,1.35,1.35,17407
SOM,20220913,1.315,1.35,1.315,1.35,2172
SOM,20220914,1.35,1.35,1.315,1.35,0
SOM,20220915,1.32,1.32,1.32,1.32,8000
SOM,20220916,1.32,1.32,1.3,1.31,8741
SOM,20220919,1.31,1.31,1.31,1.31,1000
SOM,20220920,1.31,1.31,1.31,1.31,0
SOM,20220921,1.2,1.2,1.115,1.2,1945
