SVS,20160212,0.24,0.24,0.24,0.24,0
SVS,20160215,0.24,0.24,0.24,0.24,0
SVS,20160216,0.24,0.24,0.24,0.24,0
SVS,20160217,0.24,0.24,0.24,0.24,0
SVS,20160218,0.24,0.24,0.24,0.24,0
SVS,20160219,0.24,0.24,0.24,0.24,0
SVS,20160222,0.24,0.24,0.24,0.24,0
SVS,20160223,0.24,0.24,0.24,0.24,0
SVS,20160224,0.24,0.24,0.24,0.24,0
SVS,20160225,0.24,0.24,0.24,0.24,0
SVS,20160226,0.24,0.24,0.24,0.24,0
SVS,20160229,0.24,0.24,0.24,0.24,0
SVS,20160301,0.24,0.24,0.24,0.24,0
SVS,20160302,0.24,0.24,0.24,0.24,0
SVS,20160303,0.24,0.24,0.24,0.24,0
SVS,20160304,0.24,0.24,0.24,0.24,0
SVS,20160307,0.24,0.24,0.24,0.24,0
SVS,20160308,0.24,0.24,0.24,0.24,0
SVS,20160309,0.24,0.24,0.24,0.24,0
SVS,20160310,0.24,0.24,0.24,0.24,0
SVS,20160311,0.24,0.24,0.24,0.24,0
SVS,20160314,0.24,0.24,0.24,0.24,0
SVS,20160315,0.24,0.24,0.24,0.24,0
SVS,20160316,0.24,0.24,0.24,0.24,0
SVS,20160317,0.24,0.24,0.24,0.24,0
SVS,20160318,0.24,0.24,0.24,0.24,0
SVS,20160321,0.24,0.24,0.24,0.24,0
SVS,20160322,0.24,0.24,0.24,0.24,0
SVS,20160323,0.24,0.24,0.24,0.24,0
SVS,20160324,0.24,0.24,0.24,0.24,0
SVS,20160329,0.24,0.24,0.24,0.24,0
SVS,20160330,0.24,0.24,0.24,0.24,0
SVS,20160331,0.24,0.24,0.24,0.24,0
SVS,20160401,0.24,0.24,0.24,0.24,0
SVS,20160404,0.24,0.24,0.24,0.24,0
SVS,20160405,0.24,0.24,0.24,0.24,0
SVS,20160406,0.24,0.24,0.24,0.24,0
SVS,20160407,0.24,0.24,0.24,0.24,0
SVS,20160408,0.24,0.24,0.24,0.24,0
SVS,20160411,0.24,0.24,0.24,0.24,0
SVS,20160412,0.24,0.24,0.24,0.24,0
SVS,20160413,0.24,0.24,0.24,0.24,0
SVS,20160414,0.24,0.24,0.24,0.24,0
SVS,20160415,0.24,0.24,0.24,0.24,0
SVS,20160418,0.24,0.24,0.24,0.24,0
SVS,20160419,0.24,0.24,0.24,0.24,0
SVS,20160420,0.24,0.24,0.24,0.24,0
SVS,20160421,0.24,0.24,0.24,0.24,0
SVS,20160422,0.24,0.24,0.24,0.24,0
SVS,20160426,0.24,0.24,0.24,0.24,0
SVS,20160427,0.24,0.24,0.24,0.24,0
SVS,20160428,0.24,0.24,0.24,0.24,0
SVS,20160429,0.24,0.24,0.24,0.24,0
SVS,20160502,0.24,0.24,0.24,0.24,0
SVS,20160503,0.24,0.24,0.24,0.24,0
SVS,20160504,0.24,0.24,0.24,0.24,0
SVS,20160505,0.24,0.24,0.24,0.24,0
SVS,20160506,0.24,0.24,0.24,0.24,0
SVS,20160509,0.24,0.24,0.24,0.24,0
SVS,20160510,0.24,0.24,0.24,0.24,0
SVS,20160511,0.24,0.24,0.24,0.24,0
SVS,20160512,0.24,0.24,0.24,0.24,0
SVS,20160513,0.24,0.24,0.24,0.24,0
SVS,20160516,0.24,0.24,0.24,0.24,0
SVS,20160517,0.24,0.24,0.24,0.24,0
SVS,20160518,0.24,0.24,0.24,0.24,0
SVS,20160519,0.24,0.24,0.24,0.24,0
SVS,20160520,0.24,0.24,0.24,0.24,0
SVS,20160523,0.24,0.24,0.24,0.24,0
SVS,20160524,0.24,0.24,0.24,0.24,0
SVS,20160525,0.24,0.24,0.24,0.24,0
SVS,20160526,0.24,0.24,0.24,0.24,0
SVS,20160527,0.24,0.24,0.24,0.24,0
SVS,20160530,0.24,0.24,0.24,0.24,0
SVS,20160531,0.24,0.24,0.24,0.24,0
SVS,20160601,0.24,0.24,0.24,0.24,0
SVS,20160602,0.24,0.24,0.24,0.24,0
SVS,20160603,0.24,0.24,0.24,0.24,0
SVS,20160606,0.24,0.24,0.24,0.24,0
SVS,20160607,0.24,0.24,0.24,0.24,0
SVS,20160608,0.24,0.24,0.24,0.24,0
SVS,20160609,0.24,0.24,0.24,0.24,0
SVS,20160610,0.24,0.24,0.24,0.24,0
SVS,20160614,0.24,0.24,0.24,0.24,0
SVS,20160615,0.24,0.24,0.24,0.24,0
SVS,20160616,0.24,0.24,0.24,0.24,0
SVS,20160617,0.24,0.24,0.24,0.24,0
SVS,20160620,0.24,0.24,0.24,0.24,0
SVS,20160621,0.24,0.24,0.24,0.24,0
SVS,20160622,0.24,0.24,0.24,0.24,0
SVS,20160623,0.24,0.24,0.24,0.24,0
SVS,20160624,0.24,0.24,0.24,0.24,0
SVS,20160627,0.24,0.24,0.24,0.24,0
SVS,20160628,0.24,0.24,0.24,0.24,0
SVS,20160629,0.24,0.24,0.24,0.24,0
SVS,20160630,0.24,0.24,0.24,0.24,0
SVS,20160701,0.24,0.24,0.24,0.24,0
SVS,20160704,0.24,0.24,0.24,0.24,0
SVS,20160705,0.24,0.24,0.24,0.24,0
SVS,20160706,0.24,0.24,0.24,0.24,0
SVS,20160707,0.24,0.24,0.24,0.24,0
SVS,20160708,0.24,0.24,0.24,0.24,0
SVS,20160711,0.23,0.23,0.23,0.23,11
SVS,20160712,0.23,0.23,0.23,0.23,0
SVS,20160713,0.23,0.23,0.23,0.23,0
SVS,20160714,0.23,0.23,0.23,0.23,0
SVS,20160715,0.23,0.23,0.23,0.23,0
SVS,20160718,0.23,0.23,0.23,0.23,0
SVS,20160719,0.23,0.23,0.23,0.23,0
SVS,20160720,0.23,0.23,0.23,0.23,0
SVS,20160721,0.23,0.23,0.23,0.23,0
SVS,20160722,0.23,0.23,0.23,0.23,0
SVS,20160725,0.23,0.23,0.23,0.23,0
SVS,20160726,0.23,0.23,0.23,0.23,0
SVS,20160727,0.23,0.23,0.23,0.23,0
SVS,20160728,0.23,0.23,0.23,0.23,0
SVS,20160729,0.23,0.23,0.23,0.23,0
SVS,20160801,0.23,0.23,0.23,0.23,0
SVS,20160802,0.23,0.23,0.23,0.23,0
SVS,20160803,0.23,0.23,0.23,0.23,0
SVS,20160804,0.23,0.23,0.23,0.23,0
SVS,20160805,0.23,0.23,0.23,0.23,0
SVS,20160808,0.24,0.24,0.24,0.24,5000
SVS,20160809,0.24,0.24,0.24,0.24,0
SVS,20160810,0.24,0.24,0.24,0.24,0
SVS,20160811,0.24,0.24,0.24,0.24,0
SVS,20160812,0.24,0.24,0.24,0.24,0
SVS,20160815,0.24,0.24,0.24,0.24,0
SVS,20160816,0.24,0.24,0.24,0.24,0
SVS,20160817,0.24,0.24,0.24,0.24,0
SVS,20160818,0.24,0.24,0.24,0.24,0
SVS,20160822,0.24,0.24,0.24,0.24,0
SVS,20160823,0.24,0.24,0.24,0.24,0
SVS,20160824,0.26,0.26,0.26,0.26,5500
SVS,20160825,0.26,0.26,0.26,0.26,0
SVS,20160826,0.26,0.26,0.26,0.26,0
SVS,20160829,0.26,0.26,0.26,0.26,0
SVS,20160830,0.26,0.26,0.26,0.26,0
SVS,20160831,0.26,0.26,0.26,0.26,0
SVS,20160901,0.26,0.26,0.26,0.26,0
SVS,20160902,0.26,0.26,0.26,0.26,0
SVS,20160905,0.26,0.26,0.26,0.26,0
SVS,20160906,0.26,0.26,0.26,0.26,0
SVS,20160907,0.26,0.26,0.26,0.26,0
SVS,20160908,0.26,0.26,0.26,0.26,0
SVS,20160909,0.26,0.26,0.26,0.26,0
SVS,20160912,0.26,0.26,0.26,0.26,0
SVS,20160913,0.26,0.26,0.26,0.26,0
SVS,20160914,0.26,0.26,0.26,0.26,0
SVS,20160915,0.26,0.26,0.26,0.26,0
SVS,20160916,0.26,0.26,0.26,0.26,0
SVS,20160919,0.26,0.26,0.26,0.26,0
SVS,20160920,0,0,0,0,0
SVS,20160921,0,0,0,0,0
SVS,20160922,0,0,0,0,0
SVS,20160923,0,0,0,0,0
SVS,20160926,0,0,0,0,0
SVS,20160927,0,0,0,0,0
SVS,20160928,0,0,0,0,0
SVS,20160929,0,0,0,0,0
SVS,20160930,0,0,0,0,0
SVS,20161003,0,0,0,0,0
SVS,20161004,0,0,0,0,0
SVS,20161005,0,0,0,0,0
SVS,20161006,0,0,0,0,0
SVS,20161007,0,0,0,0,0
SVS,20161010,0,0,0,0,0
SVS,20161011,0,0,0,0,0
SVS,20161012,0,0,0,0,0
SVS,20161013,0,0,0,0,0
SVS,20161014,0,0,0,0,0
SVS,20161017,0,0,0,0,0
SVS,20161018,0,0,0,0,0
SVS,20161019,0,0,0,0,0
SVS,20161020,0.25,0.25,0.25,0.25,2100
SVS,20161021,0.25,0.25,0.25,0.25,0
SVS,20161024,0.25,0.25,0.25,0.25,0
SVS,20161025,0.25,0.25,0.25,0.25,0
SVS,20161026,0.25,0.25,0.25,0.25,0
SVS,20161027,0.25,0.25,0.25,0.25,0
SVS,20161028,0.25,0.25,0.25,0.25,0
SVS,20161031,0.25,0.25,0.25,0.25,0
SVS,20161101,0.25,0.25,0.25,0.25,0
SVS,20161102,0.25,0.25,0.25,0.25,0
SVS,20161103,0.25,0.25,0.25,0.25,0
SVS,20161104,0.25,0.25,0.25,0.25,0
SVS,20161107,0.25,0.25,0.25,0.25,0
SVS,20161108,0.25,0.25,0.25,0.25,0
SVS,20161109,0.25,0.25,0.25,0.25,0
SVS,20161110,0.25,0.25,0.25,0.25,0
SVS,20161111,0.25,0.25,0.25,0.25,0
SVS,20161114,0.25,0.25,0.25,0.25,0
SVS,20161115,0.25,0.25,0.25,0.25,0
SVS,20161116,0.25,0.25,0.25,0.25,0
SVS,20161117,0.25,0.25,0.25,0.25,0
SVS,20161118,0.25,0.25,0.25,0.25,0
SVS,20161121,0.25,0.25,0.25,0.25,0
SVS,20161122,0.25,0.25,0.25,0.25,0
SVS,20161123,0.25,0.25,0.25,0.25,0
SVS,20161124,0.25,0.25,0.25,0.25,0
SVS,20161125,0.25,0.25,0.25,0.25,0
SVS,20161128,0.25,0.25,0.25,0.25,0
SVS,20161129,0.25,0.25,0.25,0.25,0
SVS,20161130,0.25,0.25,0.25,0.25,0
SVS,20161201,0.25,0.25,0.25,0.25,0
SVS,20161202,0.25,0.25,0.25,0.25,0
SVS,20161205,0.25,0.25,0.25,0.25,0
SVS,20161206,0.25,0.25,0.25,0.25,0
SVS,20161207,0.25,0.25,0.25,0.25,0
SVS,20161208,0.25,0.25,0.25,0.25,0
SVS,20161209,0.25,0.25,0.25,0.25,0
SVS,20161212,0.25,0.25,0.25,0.25,0
SVS,20161213,0.25,0.25,0.25,0.25,0
SVS,20161214,0.25,0.25,0.25,0.25,0
SVS,20161215,0.25,0.25,0.25,0.25,0
SVS,20161216,0.25,0.25,0.25,0.25,0
SVS,20161219,0.25,0.25,0.25,0.25,0
SVS,20161220,0.25,0.25,0.25,0.25,0
SVS,20161221,0.25,0.25,0.25,0.25,0
SVS,20161222,0.25,0.25,0.25,0.25,0
SVS,20161223,0.25,0.25,0.25,0.25,0
SVS,20161228,0.25,0.25,0.25,0.25,0
SVS,20161229,0.25,0.25,0.25,0.25,0
SVS,20161230,0.25,0.25,0.25,0.25,0
SVS,20170103,0.25,0.25,0.25,0.25,0
SVS,20170104,0.25,0.25,0.25,0.25,0
SVS,20170105,0.25,0.25,0.25,0.25,0
SVS,20170106,0.25,0.25,0.25,0.25,0
SVS,20170109,0.25,0.25,0.25,0.25,0
SVS,20170110,0.25,0.25,0.25,0.25,0
SVS,20170111,0.25,0.25,0.25,0.25,0
SVS,20170112,0.25,0.25,0.25,0.25,0
SVS,20170113,0.25,0.25,0.25,0.25,0
SVS,20170116,0.25,0.25,0.25,0.25,0
SVS,20170117,0.25,0.25,0.25,0.25,0
SVS,20170118,0.25,0.25,0.25,0.25,0
SVS,20170119,0.25,0.25,0.25,0.25,0
SVS,20170120,0.25,0.25,0.25,0.25,0
SVS,20170123,0.25,0.25,0.25,0.25,0
SVS,20170124,0.25,0.25,0.25,0.25,0
SVS,20170125,0.25,0.25,0.25,0.25,0
SVS,20170127,0.25,0.25,0.25,0.25,0
SVS,20170130,0.25,0.25,0.25,0.25,0
SVS,20170131,0.25,0.25,0.25,0.25,0
SVS,20170201,0.25,0.25,0.25,0.25,0
SVS,20170202,0.25,0.25,0.25,0.25,0
SVS,20170203,0.25,0.25,0.25,0.25,0
SVS,20170206,0.25,0.25,0.25,0.25,0
SVS,20170207,0.25,0.25,0.25,0.25,0
SVS,20170208,0.25,0.25,0.25,0.25,0
SVS,20170209,0.25,0.25,0.25,0.25,0
SVS,20170210,0.25,0.25,0.25,0.25,0
SVS,20170213,0.25,0.25,0.25,0.25,0
SVS,20170214,0.25,0.25,0.25,0.25,0
SVS,20170215,0.25,0.25,0.25,0.25,0
SVS,20170216,0.25,0.25,0.25,0.25,0
SVS,20170217,0.25,0.25,0.25,0.25,0
SVS,20170220,0.25,0.25,0.25,0.25,0
SVS,20170221,0.25,0.25,0.25,0.25,0
SVS,20170222,0.25,0.25,0.25,0.25,0
SVS,20170223,0.25,0.25,0.25,0.25,0
SVS,20170224,0.25,0.25,0.25,0.25,0
SVS,20170227,0.25,0.25,0.25,0.25,0
SVS,20170228,0.25,0.25,0.25,0.25,0
SVS,20170301,0.25,0.25,0.25,0.25,0
SVS,20170302,0.25,0.25,0.25,0.25,0
SVS,20170303,0.25,0.25,0.25,0.25,0
SVS,20170306,0.25,0.25,0.25,0.25,0
SVS,20170307,0.25,0.25,0.25,0.25,0
SVS,20170308,0.25,0.25,0.25,0.25,0
SVS,20170309,0.25,0.25,0.25,0.25,0
SVS,20170310,0.25,0.25,0.25,0.25,0
SVS,20170313,0.27,0.27,0.27,0.27,4000
SVS,20170314,0.27,0.27,0.27,0.27,1000
SVS,20170315,0.27,0.27,0.27,0.27,0
SVS,20170316,0.27,0.27,0.27,0.27,0
SVS,20170317,0.27,0.27,0.27,0.27,0
SVS,20170320,0.27,0.27,0.27,0.27,1
SVS,20170321,0.27,0.27,0.27,0.27,0
SVS,20170322,0.27,0.27,0.27,0.27,0
SVS,20170323,0.27,0.27,0.27,0.27,0
SVS,20170324,0.27,0.27,0.27,0.27,0
SVS,20170327,0.27,0.27,0.27,0.27,0
SVS,20170328,0.27,0.27,0.27,0.27,0
SVS,20170329,0.27,0.27,0.27,0.27,0
SVS,20170330,0.27,0.27,0.27,0.27,0
SVS,20170331,0.27,0.27,0.27,0.27,0
SVS,20170403,0.27,0.27,0.27,0.27,0
SVS,20170404,0.27,0.27,0.27,0.27,0
SVS,20170405,0.27,0.27,0.27,0.27,0
SVS,20170406,0.27,0.27,0.27,0.27,0
SVS,20170407,0.27,0.27,0.27,0.27,0
SVS,20170410,0.27,0.27,0.27,0.27,0
SVS,20170411,0.27,0.27,0.27,0.27,0
SVS,20170412,0.27,0.27,0.27,0.27,0
SVS,20170413,0.27,0.27,0.27,0.27,0
SVS,20170418,0.27,0.27,0.27,0.27,0
SVS,20170419,0.27,0.27,0.27,0.27,0
SVS,20170420,0.27,0.27,0.27,0.27,0
SVS,20170421,0.27,0.27,0.27,0.27,0
SVS,20170424,0.27,0.27,0.27,0.27,0
SVS,20170426,0.27,0.27,0.27,0.27,0
SVS,20170427,0.27,0.27,0.27,0.27,0
SVS,20170428,0.27,0.27,0.27,0.27,0
SVS,20170501,0.27,0.27,0.27,0.27,0
SVS,20170502,0.27,0.27,0.27,0.27,0
SVS,20170503,0.27,0.27,0.27,0.27,0
SVS,20170504,0.27,0.27,0.27,0.27,0
SVS,20170505,0.27,0.27,0.27,0.27,0
SVS,20170508,0.27,0.27,0.27,0.27,0
SVS,20170509,0.27,0.27,0.27,0.27,0
SVS,20170510,0.27,0.27,0.27,0.27,0
SVS,20170511,0.27,0.27,0.27,0.27,0
SVS,20170512,0.27,0.27,0.27,0.27,0
SVS,20170515,0.27,0.27,0.27,0.27,0
SVS,20170516,0.27,0.27,0.27,0.27,0
SVS,20170517,0.27,0.27,0.27,0.27,0
SVS,20170518,0.27,0.27,0.27,0.27,0
SVS,20170519,0.27,0.27,0.27,0.27,0
SVS,20170522,0.27,0.27,0.27,0.27,0
SVS,20170523,0.27,0.27,0.27,0.27,0
SVS,20170524,0.27,0.27,0.27,0.27,0
SVS,20170525,0.27,0.27,0.27,0.27,0
SVS,20170526,0.27,0.27,0.27,0.27,0
SVS,20170529,0.27,0.27,0.27,0.27,0
SVS,20170530,0.27,0.27,0.27,0.27,0
SVS,20170531,0.27,0.27,0.27,0.27,0
SVS,20170601,0.27,0.27,0.27,0.27,0
SVS,20170602,0.27,0.27,0.27,0.27,0
SVS,20170605,0.27,0.27,0.27,0.27,0
SVS,20170606,0.27,0.27,0.27,0.27,0
SVS,20170607,0.27,0.27,0.27,0.27,0
SVS,20170608,0.27,0.27,0.27,0.27,0
SVS,20170609,0.27,0.27,0.27,0.27,0
SVS,20170613,0.27,0.27,0.27,0.27,0
SVS,20170614,0.27,0.27,0.27,0.27,0
SVS,20170615,0.27,0.27,0.27,0.27,0
SVS,20170616,0.27,0.27,0.27,0.27,0
SVS,20170619,0.27,0.27,0.27,0.27,0
SVS,20170620,0.27,0.27,0.27,0.27,0
SVS,20170621,0.27,0.27,0.27,0.27,0
SVS,20170622,0.27,0.27,0.27,0.27,0
SVS,20170623,0.27,0.27,0.27,0.27,0
SVS,20170626,0.27,0.27,0.27,0.27,0
SVS,20170627,0.27,0.27,0.27,0.27,0
SVS,20170628,0.27,0.27,0.27,0.27,0
SVS,20170629,0.27,0.27,0.27,0.27,0
SVS,20170630,0.27,0.27,0.27,0.27,0
SVS,20170703,0.27,0.27,0.27,0.27,0
SVS,20170704,0.27,0.27,0.27,0.27,0
SVS,20170705,0.27,0.27,0.27,0.27,0
SVS,20170706,0.27,0.27,0.27,0.27,0
SVS,20170707,0.27,0.27,0.27,0.27,0
SVS,20170710,0.27,0.27,0.27,0.27,0
SVS,20170711,0.27,0.27,0.27,0.27,0
SVS,20170712,0.27,0.27,0.27,0.27,0
SVS,20170713,0.27,0.27,0.27,0.27,0
SVS,20170714,0.27,0.27,0.27,0.27,0
SVS,20170717,0.27,0.27,0.27,0.27,0
SVS,20170718,0.27,0.27,0.27,0.27,0
SVS,20170719,0.27,0.27,0.27,0.27,0
SVS,20170720,0.27,0.27,0.27,0.27,0
SVS,20170721,0.27,0.27,0.27,0.27,0
SVS,20170724,0.27,0.27,0.27,0.27,0
SVS,20170725,0.27,0.27,0.27,0.27,0
SVS,20170726,0.27,0.27,0.27,0.27,0
SVS,20170727,0.27,0.27,0.27,0.27,0
SVS,20170728,0.27,0.27,0.27,0.27,0
SVS,20170731,0.27,0.27,0.27,0.27,0
SVS,20170801,0.27,0.27,0.27,0.27,0
SVS,20170802,0.27,0.27,0.27,0.27,0
SVS,20170803,0.27,0.27,0.27,0.27,0
SVS,20170804,0.27,0.27,0.27,0.27,0
SVS,20170807,0.27,0.27,0.27,0.27,0
SVS,20170808,0.27,0.27,0.27,0.27,0
SVS,20170809,0.27,0.27,0.27,0.27,0
SVS,20170810,0.27,0.27,0.27,0.27,0
SVS,20170811,0.27,0.27,0.27,0.27,0
SVS,20170815,0.275,0.275,0.275,0.275,2000
SVS,20170816,0.275,0.275,0.275,0.275,0
SVS,20170817,0.275,0.275,0.275,0.275,3000
SVS,20170818,0.275,0.275,0.275,0.275,0
SVS,20170821,0.275,0.275,0.275,0.275,0
SVS,20170822,0.27,0.27,0.27,0.27,5000
SVS,20170823,0.27,0.27,0.27,0.27,0
SVS,20170824,0.27,0.27,0.27,0.27,0
SVS,20170825,0.27,0.27,0.27,0.27,0
SVS,20170828,0.27,0.27,0.27,0.27,0
SVS,20170829,0.27,0.27,0.27,0.27,0
SVS,20170830,0.27,0.27,0.27,0.27,0
SVS,20170831,0.27,0.27,0.27,0.27,0
SVS,20170901,0.27,0.27,0.27,0.27,0
SVS,20170904,0.27,0.27,0.27,0.27,0
SVS,20170905,0.27,0.27,0.27,0.27,0
SVS,20170906,0.27,0.27,0.27,0.27,0
SVS,20170907,0.27,0.27,0.27,0.27,0
SVS,20170908,0.27,0.27,0.27,0.27,0
SVS,20170911,0.27,0.27,0.27,0.27,0
SVS,20170912,0.27,0.27,0.27,0.27,0
SVS,20170913,0.27,0.27,0.27,0.27,0
SVS,20170914,0.27,0.27,0.27,0.27,0
SVS,20170915,0.27,0.27,0.27,0.27,0
SVS,20170918,0.27,0.27,0.27,0.27,0
SVS,20170919,0.27,0.27,0.27,0.27,0
SVS,20170920,0.27,0.27,0.27,0.27,0
SVS,20170921,0.27,0.27,0.27,0.27,0
SVS,20170922,0.27,0.27,0.27,0.27,0
SVS,20170925,0.27,0.27,0.27,0.27,0
SVS,20170926,0.27,0.27,0.27,0.27,0
SVS,20170927,0.27,0.27,0.27,0.27,0
SVS,20170928,0.27,0.27,0.27,0.27,0
SVS,20170929,0.27,0.27,0.27,0.27,0
SVS,20171002,0.27,0.27,0.27,0.27,0
SVS,20171003,0.27,0.27,0.27,0.27,0
SVS,20171004,0.27,0.27,0.27,0.27,0
SVS,20171005,0.27,0.27,0.27,0.27,0
SVS,20171006,0.27,0.27,0.27,0.27,0
SVS,20171009,0.27,0.27,0.27,0.27,0
SVS,20171010,0.27,0.27,0.27,0.27,0
SVS,20171011,0.27,0.27,0.27,0.27,0
SVS,20171012,0.27,0.27,0.27,0.27,0
SVS,20171013,0.27,0.27,0.27,0.27,0
SVS,20171016,0.27,0.27,0.27,0.27,0
SVS,20171017,0.27,0.27,0.27,0.27,0
SVS,20171018,0.27,0.27,0.27,0.27,0
SVS,20171019,0.27,0.27,0.27,0.27,0
SVS,20171020,0.27,0.27,0.27,0.27,0
SVS,20171023,0.275,0.275,0.27,0.27,8000
SVS,20171024,0.27,0.27,0.27,0.27,0
SVS,20171025,0.27,0.27,0.27,0.27,0
SVS,20171026,0.27,0.27,0.27,0.27,0
SVS,20171027,0.27,0.27,0.27,0.27,0
SVS,20171030,0.27,0.27,0.27,0.27,0
SVS,20171031,0.27,0.27,0.27,0.27,0
SVS,20171101,0.27,0.27,0.27,0.27,0
SVS,20171102,0.27,0.27,0.27,0.27,0
SVS,20171103,0.28,0.28,0.28,0.28,8000
SVS,20171106,0.28,0.28,0.28,0.28,0
SVS,20171107,0.28,0.28,0.28,0.28,0
SVS,20171108,0.28,0.28,0.28,0.28,0
SVS,20171109,0.28,0.28,0.28,0.28,0
SVS,20171110,0.28,0.28,0.28,0.28,0
SVS,20171113,0.28,0.28,0.28,0.28,0
SVS,20171114,0.28,0.28,0.28,0.28,0
SVS,20171115,0.28,0.28,0.28,0.28,0
SVS,20171116,0.28,0.28,0.28,0.28,0
SVS,20171117,0.28,0.28,0.28,0.28,0
SVS,20171120,0.28,0.28,0.28,0.28,0
SVS,20171121,0.28,0.28,0.28,0.28,0
SVS,20171122,0.28,0.28,0.28,0.28,0
SVS,20171123,0.28,0.28,0.28,0.28,0
SVS,20171124,0.28,0.28,0.28,0.28,0
SVS,20171127,0.28,0.28,0.28,0.28,0
SVS,20171128,0.28,0.28,0.28,0.28,0
SVS,20171129,0.28,0.28,0.28,0.28,0
SVS,20171130,0.28,0.28,0.28,0.28,0
SVS,20171201,0.28,0.28,0.28,0.28,0
SVS,20171204,0.28,0.28,0.28,0.28,5000
SVS,20171205,0.28,0.28,0.28,0.28,0
SVS,20171206,0.28,0.28,0.28,0.28,0
SVS,20171207,0.28,0.28,0.28,0.28,0
SVS,20171208,0.28,0.28,0.28,0.28,9000
SVS,20171211,0.28,0.28,0.28,0.28,0
SVS,20171212,0.28,0.28,0.28,0.28,0
SVS,20171213,0.28,0.28,0.28,0.28,0
SVS,20171214,0.28,0.28,0.28,0.28,0
SVS,20171215,0.28,0.28,0.28,0.28,0
SVS,20171218,0.28,0.28,0.28,0.28,0
SVS,20171219,0.28,0.28,0.28,0.28,0
SVS,20171220,0.28,0.28,0.28,0.28,0
SVS,20171221,0.28,0.28,0.28,0.28,0
SVS,20171222,0.28,0.28,0.28,0.28,0
SVS,20171227,0.28,0.28,0.28,0.28,0
SVS,20171228,0.28,0.28,0.28,0.28,0
SVS,20171229,0.28,0.28,0.28,0.28,0
SVS,20180102,0.28,0.28,0.28,0.28,0
SVS,20180103,0.28,0.28,0.28,0.28,0
SVS,20180104,0.28,0.28,0.28,0.28,0
SVS,20180105,0.28,0.28,0.28,0.28,0
SVS,20180108,0.28,0.28,0.28,0.28,0
SVS,20180109,0.28,0.28,0.28,0.28,0
SVS,20180110,0.28,0.28,0.28,0.28,0
SVS,20180111,0.28,0.28,0.28,0.28,0
SVS,20180112,0.29,0.29,0.29,0.29,11800
SVS,20180115,0.29,0.29,0.29,0.29,8200
SVS,20180116,0.29,0.29,0.29,0.29,0
SVS,20180117,0.29,0.29,0.29,0.29,0
SVS,20180118,0.29,0.29,0.29,0.29,0
SVS,20180119,0.29,0.29,0.29,0.29,0
SVS,20180122,0.29,0.29,0.29,0.29,0
SVS,20180123,0.29,0.29,0.29,0.29,0
SVS,20180124,0.29,0.29,0.29,0.29,0
SVS,20180125,0.29,0.29,0.29,0.29,0
SVS,20180129,0.29,0.29,0.29,0.29,0
SVS,20180130,0.29,0.29,0.29,0.29,0
SVS,20180131,0.29,0.29,0.29,0.29,0
SVS,20180201,0.29,0.29,0.29,0.29,0
SVS,20180202,0.29,0.29,0.29,0.29,0
SVS,20180205,0.29,0.29,0.29,0.29,0
SVS,20180207,0.29,0.29,0.29,0.29,0
SVS,20180208,0.29,0.29,0.29,0.29,0
SVS,20180209,0.29,0.29,0.29,0.29,0
SVS,20180212,0.29,0.29,0.29,0.29,0
SVS,20180213,0.29,0.29,0.29,0.29,0
SVS,20180214,0.29,0.29,0.29,0.29,0
SVS,20180215,0.29,0.29,0.29,0.29,0
SVS,20180216,0.29,0.29,0.29,0.29,0
SVS,20180219,0.29,0.29,0.29,0.29,0
SVS,20180220,0.29,0.29,0.29,0.29,0
SVS,20180221,0.29,0.29,0.29,0.29,0
SVS,20180222,0.29,0.29,0.29,0.29,0
SVS,20180223,0.29,0.29,0.29,0.29,0
SVS,20180226,0.29,0.29,0.29,0.29,0
SVS,20180227,0.29,0.29,0.29,0.29,0
SVS,20180228,0.29,0.29,0.29,0.29,0
SVS,20180301,0.29,0.29,0.29,0.29,0
SVS,20180302,0.29,0.29,0.29,0.29,0
SVS,20180305,0.29,0.29,0.29,0.29,0
SVS,20180306,0.29,0.29,0.29,0.29,0
SVS,20180307,0.29,0.29,0.29,0.29,0
SVS,20180308,0.29,0.29,0.29,0.29,0
SVS,20180309,0.29,0.29,0.29,0.29,0
SVS,20180312,0.29,0.29,0.29,0.29,0
SVS,20180313,0.29,0.29,0.29,0.29,0
SVS,20180314,0.29,0.29,0.29,0.29,0
SVS,20180315,0.29,0.29,0.29,0.29,0
SVS,20180316,0.29,0.29,0.29,0.29,0
SVS,20180319,0.29,0.29,0.29,0.29,0
SVS,20180320,0.29,0.29,0.29,0.29,0
SVS,20180321,0.29,0.29,0.29,0.29,0
SVS,20180322,0.29,0.29,0.29,0.29,0
SVS,20180323,0.29,0.29,0.29,0.29,0
SVS,20180326,0.29,0.29,0.29,0.29,0
SVS,20180327,0.29,0.29,0.29,0.29,0
SVS,20180328,0.29,0.29,0.29,0.29,0
SVS,20180329,0.29,0.29,0.29,0.29,0
SVS,20180403,0.29,0.29,0.29,0.29,0
SVS,20180404,0.29,0.29,0.29,0.29,0
SVS,20180405,0.29,0.29,0.29,0.29,0
SVS,20180406,0.29,0.29,0.29,0.29,0
SVS,20180409,0.29,0.29,0.29,0.29,0
SVS,20180410,0.29,0.29,0.29,0.29,0
SVS,20180411,0.29,0.29,0.29,0.29,0
SVS,20180412,0.29,0.29,0.29,0.29,0
SVS,20180413,0.29,0.29,0.29,0.29,0
SVS,20180416,0.29,0.29,0.29,0.29,0
SVS,20180417,0.29,0.29,0.29,0.29,0
SVS,20180418,0.29,0.29,0.29,0.29,0
SVS,20180419,0.29,0.29,0.29,0.29,0
SVS,20180420,0.29,0.29,0.29,0.29,0
SVS,20180423,0.29,0.29,0.29,0.29,0
SVS,20180424,0.29,0.29,0.29,0.29,0
SVS,20180426,0.29,0.29,0.29,0.29,0
SVS,20180427,0.29,0.29,0.29,0.29,0
SVS,20180430,0.29,0.29,0.29,0.29,0
SVS,20180501,0.29,0.29,0.29,0.29,0
SVS,20180502,0.285,0.285,0.285,0.285,1667
SVS,20180503,0.285,0.285,0.285,0.285,0
SVS,20180504,0.285,0.285,0.285,0.285,0
SVS,20180507,0.285,0.285,0.285,0.285,0
SVS,20180508,0.285,0.285,0.285,0.285,0
SVS,20180509,0.285,0.285,0.285,0.285,0
SVS,20180510,0.285,0.285,0.285,0.285,0
SVS,20180511,0.285,0.285,0.285,0.285,0
SVS,20180514,0.285,0.285,0.285,0.285,0
SVS,20180515,0.285,0.285,0.285,0.285,0
SVS,20180516,0.285,0.285,0.285,0.285,0
SVS,20180517,0.285,0.285,0.285,0.285,0
SVS,20180518,0.285,0.285,0.285,0.285,0
SVS,20180521,0.285,0.285,0.285,0.285,0
SVS,20180522,0.285,0.285,0.285,0.285,0
SVS,20180523,0.285,0.285,0.285,0.285,0
SVS,20180524,0.285,0.285,0.285,0.285,0
SVS,20180525,0.285,0.285,0.285,0.285,0
SVS,20180528,0.285,0.285,0.285,0.285,0
SVS,20180529,0.285,0.285,0.285,0.285,0
SVS,20180530,0.285,0.285,0.285,0.285,0
SVS,20180531,0.285,0.285,0.285,0.285,0
SVS,20180601,0.285,0.285,0.285,0.285,0
SVS,20180604,0.285,0.285,0.285,0.285,0
SVS,20180605,0.285,0.285,0.285,0.285,0
SVS,20180606,0.285,0.285,0.285,0.285,0
SVS,20180607,0.285,0.285,0.285,0.285,0
SVS,20180608,0.285,0.285,0.285,0.285,0
SVS,20180612,0.285,0.285,0.285,0.285,0
SVS,20180613,0.285,0.285,0.285,0.285,0
SVS,20180614,0.285,0.285,0.285,0.285,0
SVS,20180615,0.285,0.285,0.285,0.285,0
SVS,20180618,0.285,0.285,0.285,0.285,0
SVS,20180619,0.285,0.285,0.285,0.285,0
SVS,20180620,0.285,0.285,0.285,0.285,0
SVS,20180621,0.285,0.285,0.285,0.285,0
SVS,20180622,0.285,0.285,0.285,0.285,0
SVS,20180625,0.285,0.285,0.285,0.285,0
SVS,20180626,0.285,0.285,0.285,0.285,0
SVS,20180627,0.285,0.285,0.285,0.285,0
SVS,20180628,0.285,0.285,0.285,0.285,0
SVS,20180629,0.285,0.285,0.285,0.285,0
SVS,20180702,0.285,0.285,0.285,0.285,0
SVS,20180703,0.285,0.285,0.285,0.285,0
SVS,20180704,0.285,0.285,0.285,0.285,0
SVS,20180705,0.285,0.285,0.285,0.285,0
SVS,20180706,0.285,0.285,0.285,0.285,0
SVS,20180710,0.285,0.285,0.285,0.285,0
SVS,20180711,0.285,0.285,0.285,0.285,0
SVS,20180712,0.285,0.285,0.285,0.285,0
SVS,20180713,0.285,0.285,0.285,0.285,0
SVS,20180716,0.285,0.285,0.285,0.285,0
SVS,20180717,0.285,0.285,0.285,0.285,0
SVS,20180718,0.285,0.285,0.285,0.285,0
SVS,20180719,0.285,0.285,0.285,0.285,0
SVS,20180720,0.285,0.285,0.285,0.285,0
SVS,20180723,0.285,0.285,0.285,0.285,0
SVS,20180724,0.285,0.285,0.285,0.285,0
SVS,20180725,0.285,0.285,0.285,0.285,0
SVS,20180726,0.285,0.285,0.285,0.285,0
SVS,20180727,0.285,0.285,0.285,0.285,0
SVS,20180730,0.285,0.285,0.285,0.285,0
SVS,20180731,0.285,0.285,0.285,0.285,0
SVS,20180801,0.285,0.285,0.285,0.285,0
SVS,20180802,0.285,0.285,0.285,0.285,0
SVS,20180803,0.285,0.285,0.285,0.285,0
SVS,20180806,0.285,0.285,0.285,0.285,0
SVS,20180807,0.285,0.285,0.285,0.285,0
SVS,20180808,0.285,0.285,0.285,0.285,0
SVS,20180809,0.285,0.285,0.285,0.285,0
SVS,20180810,0.285,0.285,0.285,0.285,0
SVS,20180813,0.285,0.285,0.285,0.285,0
SVS,20180814,0.285,0.285,0.285,0.285,0
SVS,20180816,0.285,0.285,0.285,0.285,0
SVS,20180817,0.285,0.285,0.285,0.285,0
SVS,20180820,0.285,0.285,0.285,0.285,0
SVS,20180821,0.285,0.285,0.285,0.285,0
SVS,20180822,0.285,0.285,0.285,0.285,0
SVS,20180823,0.27,0.27,0.27,0.27,1333
SVS,20180824,0.27,0.27,0.27,0.27,0
SVS,20180827,0.25,0.25,0.25,0.25,10656
SVS,20180828,0.25,0.25,0.25,0.25,0
SVS,20180829,0.25,0.25,0.25,0.25,0
SVS,20180830,0.25,0.25,0.25,0.25,0
SVS,20180831,0.25,0.25,0.25,0.25,0
SVS,20180903,0.25,0.25,0.25,0.25,0
SVS,20180904,0.25,0.25,0.25,0.25,0
SVS,20180905,0.25,0.25,0.25,0.25,0
SVS,20180906,0.26,0.26,0.26,0.26,4000
SVS,20180907,0.26,0.26,0.26,0.26,0
SVS,20180910,0.26,0.26,0.26,0.26,0
SVS,20180913,0.26,0.26,0.26,0.26,0
SVS,20180914,0.26,0.26,0.26,0.26,0
SVS,20180917,0.26,0.26,0.26,0.26,1000
SVS,20180918,0.26,0.26,0.26,0.26,0
SVS,20180919,0.26,0.26,0.26,0.26,0
SVS,20180920,0.26,0.26,0.26,0.26,0
SVS,20180921,0.26,0.26,0.26,0.26,0
SVS,20180924,0.26,0.26,0.26,0.26,0
SVS,20180925,0.245,0.245,0.24,0.24,4000
SVS,20180926,0.24,0.24,0.24,0.24,0
SVS,20180927,0.24,0.24,0.24,0.24,0
SVS,20180928,0.24,0.24,0.24,0.24,0
SVS,20181001,0.24,0.24,0.24,0.24,0
SVS,20181002,0.24,0.24,0.24,0.24,0
SVS,20181003,0.24,0.24,0.24,0.24,0
SVS,20181004,0.24,0.24,0.24,0.24,0
SVS,20181005,0.24,0.24,0.24,0.24,0
SVS,20181008,0.24,0.24,0.24,0.24,0
SVS,20181009,0.24,0.24,0.24,0.24,0
SVS,20181010,0.24,0.24,0.24,0.24,0
SVS,20181011,0.24,0.24,0.24,0.24,0
SVS,20181012,0.24,0.24,0.24,0.24,0
SVS,20181015,0.24,0.24,0.24,0.24,0
SVS,20181016,0.24,0.24,0.24,0.24,0
SVS,20181017,0.24,0.24,0.24,0.24,0
SVS,20181018,0.24,0.24,0.24,0.24,0
SVS,20181019,0.24,0.24,0.24,0.24,0
SVS,20181022,0.24,0.24,0.24,0.24,0
SVS,20181023,0.24,0.24,0.24,0.24,0
SVS,20181024,0.24,0.24,0.24,0.24,0
SVS,20181025,0.24,0.24,0.24,0.24,0
SVS,20181026,0.24,0.24,0.24,0.24,0
SVS,20181030,0.28,0.28,0.28,0.28,0
SVS,20181031,0.28,0.28,0.28,0.28,0
SVS,20181101,0.28,0.28,0.28,0.28,0
SVS,20181102,0.28,0.28,0.28,0.28,0
SVS,20181105,0.28,0.28,0.28,0.28,5000
SVS,20181106,0.28,0.28,0.28,0.28,1000
SVS,20181107,0.26,0.26,0.26,0.26,1450
SVS,20181108,0.26,0.26,0.26,0.26,0
SVS,20181109,0.26,0.26,0.26,0.26,0
SVS,20181112,0.28,0.28,0.28,0.28,2000
SVS,20181113,0.28,0.28,0.28,0.28,0
SVS,20181114,0.28,0.28,0.28,0.28,2000
SVS,20181115,0.28,0.28,0.28,0.28,0
SVS,20181116,0.28,0.28,0.28,0.28,0
SVS,20181119,0.28,0.28,0.28,0.28,0
SVS,20181120,0.28,0.28,0.28,0.28,0
SVS,20181121,0.28,0.28,0.28,0.28,0
SVS,20181122,0.28,0.28,0.28,0.28,0
SVS,20181123,0.28,0.28,0.28,0.28,3000
SVS,20181126,0.265,0.265,0.26,0.26,2175
SVS,20181127,0.25,0.25,0.25,0.25,825
SVS,20181128,0.25,0.25,0.25,0.25,0
SVS,20181129,0.25,0.25,0.25,0.25,1175
SVS,20181130,0.25,0.25,0.25,0.25,4325
SVS,20181203,0.25,0.25,0.25,0.25,0
SVS,20181204,0.25,0.25,0.25,0.25,0
SVS,20181205,0.25,0.25,0.25,0.25,0
SVS,20181206,0.25,0.25,0.25,0.25,0
SVS,20181207,0.25,0.25,0.25,0.25,0
SVS,20181210,0.25,0.25,0.25,0.25,0
SVS,20181211,0.25,0.25,0.25,0.25,0
SVS,20181212,0.25,0.25,0.25,0.25,0
SVS,20181213,0.25,0.25,0.25,0.25,0
SVS,20181214,0.25,0.25,0.25,0.25,0
SVS,20181217,0.25,0.25,0.25,0.25,0
SVS,20181218,0.25,0.25,0.25,0.25,0
SVS,20181219,0.25,0.25,0.25,0.25,0
SVS,20181220,0.25,0.25,0.25,0.25,0
SVS,20181221,0.25,0.25,0.25,0.25,0
SVS,20181224,0.25,0.25,0.25,0.25,0
SVS,20181227,0.25,0.25,0.25,0.25,0
SVS,20181228,0.25,0.25,0.25,0.25,0
SVS,20181231,0.25,0.25,0.25,0.25,0
SVS,20190102,0.25,0.25,0.25,0.25,0
SVS,20190103,0.25,0.25,0.25,0.25,0
SVS,20190104,0.25,0.25,0.25,0.25,0
SVS,20190107,0.25,0.25,0.25,0.25,0
SVS,20190108,0.25,0.25,0.25,0.25,0
SVS,20190109,0.25,0.25,0.25,0.25,0
SVS,20190110,0.25,0.25,0.25,0.25,0
SVS,20190111,0.25,0.25,0.25,0.25,794
SVS,20190114,0.25,0.25,0.25,0.25,0
SVS,20190115,0.25,0.25,0.25,0.25,0
SVS,20190116,0.25,0.25,0.25,0.25,0
SVS,20190117,0.25,0.25,0.25,0.25,0
SVS,20190118,0.25,0.25,0.25,0.25,0
SVS,20190121,0.25,0.25,0.25,0.25,0
SVS,20190122,0.25,0.25,0.25,0.25,0
SVS,20190123,0.25,0.25,0.25,0.25,0
SVS,20190124,0.25,0.25,0.25,0.25,0
SVS,20190125,0.25,0.25,0.25,0.25,0
SVS,20190129,0.25,0.25,0.25,0.25,0
SVS,20190130,0.25,0.25,0.25,0.25,0
SVS,20190131,0.25,0.25,0.25,0.25,0
SVS,20190201,0.25,0.25,0.25,0.25,0
SVS,20190204,0.25,0.25,0.25,0.25,0
SVS,20190205,0.25,0.25,0.25,0.25,0
SVS,20190206,0.25,0.25,0.25,0.25,0
SVS,20190207,0.25,0.25,0.25,0.25,0
SVS,20190208,0.25,0.25,0.25,0.25,0
SVS,20190211,0.25,0.25,0.25,0.25,0
SVS,20190212,0.25,0.25,0.25,0.25,0
SVS,20190213,0.25,0.25,0.25,0.25,0
SVS,20190214,0.25,0.25,0.25,0.25,0
SVS,20190215,0.25,0.25,0.25,0.25,0
SVS,20190218,0.25,0.25,0.25,0.25,0
SVS,20190219,0.25,0.25,0.25,0.25,0
SVS,20190220,0.25,0.25,0.25,0.25,0
SVS,20190221,0.25,0.25,0.25,0.25,0
SVS,20190222,0.25,0.25,0.25,0.25,0
SVS,20190225,0.25,0.25,0.25,0.25,0
SVS,20190226,0.25,0.25,0.25,0.25,0
SVS,20190227,0.25,0.25,0.25,0.25,0
SVS,20190228,0.25,0.25,0.25,0.25,0
SVS,20190301,0.25,0.25,0.25,0.25,0
SVS,20190304,0.25,0.25,0.25,0.25,0
SVS,20190305,0.25,0.25,0.25,0.25,2000
SVS,20190306,0.25,0.25,0.25,0.25,0
SVS,20190307,0.25,0.25,0.25,0.25,0
SVS,20190308,0.25,0.25,0.25,0.25,0
SVS,20190311,0.25,0.25,0.25,0.25,0
SVS,20190312,0.25,0.25,0.25,0.25,0
SVS,20190313,0.25,0.25,0.25,0.25,0
SVS,20190314,0.25,0.25,0.25,0.25,0
SVS,20190315,0.25,0.25,0.25,0.25,0
SVS,20190318,0.25,0.25,0.25,0.25,0
SVS,20190319,0.26,0.26,0.26,0.26,2000
SVS,20190320,0.25,0.25,0.25,0.25,1500
SVS,20190321,0.25,0.25,0.25,0.25,0
SVS,20190322,0.25,0.25,0.25,0.25,1500
SVS,20190325,0.25,0.25,0.25,0.25,0
SVS,20190326,0.25,0.25,0.25,0.25,0
SVS,20190327,0.25,0.25,0.25,0.25,0
SVS,20190328,0.25,0.25,0.25,0.25,0
SVS,20190329,0.25,0.25,0.25,0.25,0
SVS,20190401,0.25,0.25,0.25,0.25,1000
SVS,20190402,0.25,0.25,0.25,0.25,2000
SVS,20190403,0.25,0.25,0.25,0.25,0
SVS,20190404,0.25,0.25,0.25,0.25,0
SVS,20190405,0.25,0.25,0.25,0.25,0
SVS,20190408,0.25,0.25,0.25,0.25,0
SVS,20190409,0.25,0.25,0.25,0.25,0
SVS,20190410,0.25,0.25,0.25,0.25,0
SVS,20190411,0.25,0.25,0.25,0.25,0
SVS,20190412,0.25,0.25,0.25,0.25,0
SVS,20190415,0.25,0.25,0.25,0.25,0
SVS,20190416,0.25,0.25,0.25,0.25,0
SVS,20190417,0.25,0.25,0.25,0.25,0
SVS,20190418,0.25,0.25,0.25,0.25,0
SVS,20190423,0.25,0.25,0.25,0.25,0
SVS,20190424,0.25,0.25,0.25,0.25,0
SVS,20190426,0.25,0.25,0.25,0.25,0
SVS,20190429,0.25,0.25,0.25,0.25,0
SVS,20190430,0.25,0.25,0.25,0.25,0
SVS,20190501,0.25,0.25,0.25,0.25,0
SVS,20190502,0.25,0.25,0.25,0.25,0
SVS,20190503,0.25,0.25,0.25,0.25,0
SVS,20190506,0.25,0.25,0.25,0.25,0
SVS,20190507,0.25,0.25,0.25,0.25,0
SVS,20190508,0.25,0.25,0.25,0.25,0
SVS,20190509,0.25,0.25,0.25,0.25,0
SVS,20190510,0.25,0.25,0.25,0.25,0
SVS,20190513,0.25,0.25,0.25,0.25,0
SVS,20190514,0.25,0.25,0.25,0.25,0
SVS,20190515,0.25,0.25,0.25,0.25,0
SVS,20190516,0.25,0.25,0.25,0.25,0
SVS,20190517,0.25,0.25,0.25,0.25,0
SVS,20190520,0.25,0.25,0.25,0.25,0
SVS,20190521,0.25,0.25,0.25,0.25,0
SVS,20190522,0.25,0.25,0.25,0.25,0
SVS,20190523,0.21,0.21,0.21,0.21,2725
SVS,20190524,0.21,0.21,0.21,0.21,0
SVS,20190527,0.21,0.21,0.21,0.21,0
SVS,20190528,0.21,0.21,0.21,0.21,0
SVS,20190529,0.21,0.21,0.21,0.21,0
SVS,20190530,0.21,0.21,0.21,0.21,0
SVS,20190531,0.21,0.21,0.21,0.21,0
SVS,20190603,0.21,0.21,0.21,0.21,0
SVS,20190604,0.21,0.21,0.21,0.21,0
SVS,20190605,0.21,0.21,0.21,0.21,0
SVS,20190606,0.21,0.21,0.21,0.21,0
SVS,20190607,0.21,0.21,0.21,0.21,0
SVS,20190611,0.21,0.21,0.21,0.21,0
SVS,20190612,0.21,0.21,0.21,0.21,0
SVS,20190613,0.21,0.21,0.21,0.21,0
SVS,20190614,0.21,0.21,0.21,0.21,0
SVS,20190617,0.21,0.21,0.21,0.21,0
SVS,20190618,0.21,0.21,0.21,0.21,0
SVS,20190619,0.21,0.21,0.21,0.21,0
SVS,20190620,0.21,0.21,0.21,0.21,0
SVS,20190621,0.21,0.21,0.21,0.21,0
SVS,20190624,0.21,0.21,0.21,0.21,0
SVS,20190625,0.21,0.21,0.21,0.21,0
SVS,20190626,0.21,0.21,0.21,0.21,0
SVS,20190627,0.21,0.21,0.21,0.21,0
SVS,20190628,0.21,0.21,0.21,0.21,0
SVS,20190701,0.21,0.21,0.21,0.21,0
SVS,20190702,0.21,0.21,0.21,0.21,0
SVS,20190703,0.21,0.21,0.21,0.21,0
SVS,20190704,0.21,0.21,0.21,0.21,0
SVS,20190705,0.21,0.21,0.21,0.21,0
SVS,20190708,0.21,0.21,0.21,0.21,0
SVS,20190709,0.21,0.21,0.21,0.21,0
SVS,20190710,0.21,0.21,0.21,0.21,0
SVS,20190711,0.21,0.21,0.21,0.21,0
SVS,20190712,0.21,0.21,0.21,0.21,0
SVS,20190715,0.21,0.21,0.21,0.21,0
SVS,20190716,0.21,0.21,0.21,0.21,0
SVS,20190717,0.21,0.21,0.21,0.21,0
SVS,20190718,0.21,0.21,0.21,0.21,0
SVS,20190719,0.21,0.21,0.21,0.21,0
SVS,20190722,0.21,0.21,0.21,0.21,0
SVS,20190723,0.21,0.21,0.21,0.21,0
SVS,20190724,0.21,0.21,0.21,0.21,0
SVS,20190725,0.21,0.21,0.21,0.21,0
SVS,20190726,0.21,0.21,0.21,0.21,0
SVS,20190729,0.21,0.21,0.21,0.21,0
SVS,20190730,0.21,0.21,0.21,0.21,0
SVS,20190731,0.21,0.21,0.21,0.21,0
SVS,20190801,0.21,0.21,0.21,0.21,0
SVS,20190802,0.21,0.21,0.21,0.21,0
SVS,20190805,0.21,0.21,0.21,0.21,0
SVS,20190806,0.21,0.21,0.21,0.21,0
SVS,20190807,0.21,0.21,0.21,0.21,0
SVS,20190808,0.21,0.21,0.21,0.21,0
SVS,20190809,0.21,0.21,0.21,0.21,0
SVS,20190812,0.21,0.21,0.21,0.21,0
SVS,20190813,0.21,0.21,0.21,0.21,1000
SVS,20190814,0.21,0.21,0.21,0.21,0
SVS,20190815,0.21,0.21,0.21,0.21,0
SVS,20190816,0.21,0.21,0.21,0.21,0
SVS,20190819,0.21,0.21,0.21,0.21,0
SVS,20190820,0.21,0.21,0.21,0.21,1275
SVS,20190821,0.21,0.21,0.21,0.21,148000
SVS,20190822,0.21,0.21,0.21,0.21,0
SVS,20190823,0.2,0.2,0.2,0.2,37857
SVS,20190826,0.2,0.2,0.2,0.2,0
SVS,20190827,0.2,0.2,0.2,0.2,0
SVS,20190828,0.2,0.2,0.2,0.2,12043
SVS,20190829,0.2,0.2,0.2,0.2,0
SVS,20190830,0.2,0.2,0.2,0.2,0
SVS,20190902,0.195,0.195,0.195,0.195,381
SVS,20190903,0.195,0.195,0.195,0.195,0
SVS,20190904,0.195,0.195,0.195,0.195,0
SVS,20190905,0.195,0.195,0.195,0.195,0
SVS,20190906,0.195,0.195,0.195,0.195,0
SVS,20190909,0.195,0.195,0.195,0.195,0
SVS,20190910,0.195,0.195,0.195,0.195,0
SVS,20190911,0.195,0.195,0.195,0.195,0
SVS,20190912,0.195,0.195,0.195,0.195,0
SVS,20190913,0.185,0.19,0.185,0.19,154742
SVS,20190916,0.19,0.19,0.19,0.19,0
SVS,20190917,0.19,0.19,0.19,0.19,0
SVS,20190918,0.19,0.19,0.19,0.19,0
SVS,20190919,0.19,0.19,0.19,0.19,0
SVS,20190920,0.19,0.19,0.19,0.19,0
SVS,20190923,0.19,0.19,0.19,0.19,0
SVS,20190924,0.19,0.19,0.19,0.19,0
SVS,20190925,0.225,0.225,0.225,0.225,5000
SVS,20190926,0.225,0.225,0.225,0.225,0
SVS,20190927,0.225,0.225,0.225,0.225,0
SVS,20190930,0.225,0.225,0.225,0.225,70252
SVS,20191001,0.225,0.225,0.225,0.225,0
SVS,20191002,0.225,0.225,0.225,0.225,0
SVS,20191003,0.225,0.225,0.225,0.225,0
SVS,20191004,0.225,0.225,0.225,0.225,0
SVS,20191007,0.225,0.225,0.225,0.225,0
SVS,20191008,0.225,0.225,0.225,0.225,0
SVS,20191009,0.225,0.225,0.225,0.225,0
SVS,20191010,0.225,0.225,0.225,0.225,0
SVS,20191011,0.225,0.225,0.225,0.225,0
SVS,20191014,0.225,0.225,0.225,0.225,0
SVS,20191015,0.225,0.225,0.225,0.225,0
SVS,20191016,0.225,0.225,0.225,0.225,0
SVS,20191017,0.225,0.225,0.225,0.225,0
SVS,20191018,0.225,0.225,0.225,0.225,0
SVS,20191021,0.225,0.225,0.225,0.225,0
SVS,20191022,0.225,0.225,0.225,0.225,0
SVS,20191023,0.225,0.225,0.225,0.225,0
SVS,20191024,0.225,0.225,0.225,0.225,0
SVS,20191025,0.225,0.225,0.225,0.225,0
SVS,20191028,0.225,0.225,0.225,0.225,0
SVS,20191029,0.225,0.225,0.225,0.225,0
SVS,20191030,0.225,0.225,0.225,0.225,0
SVS,20191031,0.225,0.225,0.225,0.225,3000
SVS,20191101,0.225,0.225,0.225,0.225,0
SVS,20191104,0.225,0.225,0.225,0.225,0
SVS,20191105,0.225,0.225,0.225,0.225,0
SVS,20191106,0.225,0.225,0.225,0.225,0
SVS,20191107,0.225,0.225,0.225,0.225,0
SVS,20191108,0.225,0.225,0.225,0.225,0
SVS,20191111,0.225,0.225,0.225,0.225,0
SVS,20191112,0.225,0.225,0.225,0.225,0
SVS,20191113,0.225,0.225,0.225,0.225,0
SVS,20191114,0.225,0.225,0.225,0.225,0
SVS,20191115,0.225,0.225,0.225,0.225,0
SVS,20191118,0.225,0.225,0.225,0.225,0
SVS,20191119,0.225,0.225,0.225,0.225,0
SVS,20191120,0.225,0.225,0.225,0.225,0
SVS,20191121,0.225,0.225,0.225,0.225,0
SVS,20191122,0.225,0.225,0.225,0.225,0
SVS,20191125,0.225,0.225,0.225,0.225,0
SVS,20191126,0.225,0.225,0.225,0.225,0
SVS,20191127,0.225,0.225,0.225,0.225,0
SVS,20191128,0.225,0.225,0.225,0.225,0
SVS,20191129,0.225,0.225,0.225,0.225,0
SVS,20191202,0.225,0.225,0.225,0.225,0
SVS,20191203,0.225,0.225,0.225,0.225,0
SVS,20191204,0.225,0.225,0.225,0.225,0
SVS,20191205,0.225,0.225,0.225,0.225,0
SVS,20191206,0.225,0.225,0.225,0.225,0
SVS,20191209,0.225,0.225,0.225,0.225,0
SVS,20191210,0.225,0.225,0.225,0.225,0
SVS,20191211,0.225,0.225,0.225,0.225,0
SVS,20191212,0.225,0.225,0.225,0.225,0
SVS,20191213,0.225,0.225,0.225,0.225,0
SVS,20191216,0.225,0.225,0.225,0.225,0
SVS,20191217,0.225,0.225,0.225,0.225,0
SVS,20191218,0.225,0.225,0.225,0.225,0
SVS,20191219,0.225,0.225,0.225,0.225,0
SVS,20191220,0.225,0.225,0.225,0.225,0
SVS,20191223,0.225,0.225,0.225,0.225,0
SVS,20191224,0.225,0.225,0.225,0.225,0
SVS,20191227,0.225,0.225,0.225,0.225,0
SVS,20191230,0.225,0.225,0.225,0.225,0
SVS,20191231,0.225,0.225,0.225,0.225,0
SVS,20200102,0.225,0.225,0.225,0.225,0
SVS,20200103,0.225,0.225,0.225,0.225,0
SVS,20200106,0.225,0.225,0.225,0.225,0
SVS,20200107,0.225,0.225,0.225,0.225,0
SVS,20200108,0.225,0.225,0.225,0.225,0
SVS,20200109,0.225,0.225,0.225,0.225,0
SVS,20200113,0.225,0.225,0.225,0.225,0
SVS,20200114,0.225,0.225,0.225,0.225,0
SVS,20200115,0.225,0.225,0.225,0.225,0
SVS,20200116,0.225,0.225,0.225,0.225,0
SVS,20200117,0.225,0.225,0.225,0.225,0
SVS,20200120,0.225,0.225,0.225,0.225,0
SVS,20200121,0.225,0.225,0.225,0.225,0
SVS,20200122,0.225,0.225,0.225,0.225,0
SVS,20200123,0.225,0.225,0.225,0.225,0
SVS,20200124,0.225,0.225,0.225,0.225,0
SVS,20200128,0.225,0.225,0.225,0.225,0
SVS,20200129,0.225,0.225,0.225,0.225,0
SVS,20200130,0.225,0.225,0.225,0.225,0
SVS,20200203,0.225,0.225,0.225,0.225,0
SVS,20200204,0.225,0.225,0.225,0.225,0
SVS,20200205,0.225,0.225,0.225,0.225,0
SVS,20200210,0.23,0.23,0.23,0.23,1543
SVS,20200211,0.23,0.23,0.23,0.23,0
SVS,20200212,0.23,0.23,0.23,0.23,0
SVS,20200213,0.23,0.23,0.23,0.23,0
SVS,20200214,0.21,0.21,0.21,0.21,2000
SVS,20200217,0.21,0.21,0.21,0.21,0
SVS,20200218,0.21,0.21,0.21,0.21,0
SVS,20200219,0.21,0.21,0.21,0.21,0
SVS,20200220,0.21,0.21,0.21,0.21,0
SVS,20200221,0.21,0.21,0.21,0.21,0
SVS,20200224,0.21,0.21,0.21,0.21,0
SVS,20200225,0.21,0.21,0.21,0.21,0
SVS,20200226,0.21,0.21,0.21,0.21,0
SVS,20200227,0.21,0.21,0.21,0.21,0
SVS,20200228,0.21,0.21,0.21,0.21,0
SVS,20200302,0.21,0.21,0.21,0.21,0
SVS,20200303,0.21,0.21,0.21,0.21,0
SVS,20200304,0.21,0.21,0.21,0.21,0
SVS,20200305,0.21,0.21,0.21,0.21,0
SVS,20200306,0.21,0.21,0.21,0.21,0
SVS,20200309,0.21,0.21,0.21,0.21,0
SVS,20200310,0.21,0.21,0.21,0.21,0
SVS,20200311,0.21,0.21,0.21,0.21,0
SVS,20200312,0.21,0.21,0.21,0.21,0
SVS,20200313,0.21,0.21,0.21,0.21,0
SVS,20200316,0.21,0.21,0.21,0.21,0
SVS,20200317,0.21,0.21,0.21,0.21,0
SVS,20200318,0.21,0.21,0.21,0.21,0
SVS,20200319,0.21,0.21,0.21,0.21,0
SVS,20200320,0.21,0.21,0.21,0.21,0
SVS,20200323,0.21,0.21,0.21,0.21,0
SVS,20200324,0.21,0.21,0.21,0.21,0
SVS,20200325,0.2,0.2,0.19,0.19,7500
SVS,20200326,0.19,0.19,0.19,0.19,0
SVS,20200327,0.18,0.18,0.16,0.16,6786
SVS,20200330,0.16,0.16,0.16,0.16,0
SVS,20200331,0.16,0.16,0.16,0.16,0
SVS,20200401,0.16,0.16,0.16,0.16,0
SVS,20200402,0.16,0.16,0.16,0.16,0
SVS,20200403,0.16,0.16,0.16,0.16,0
SVS,20200406,0.16,0.16,0.16,0.16,0
SVS,20200407,0.16,0.16,0.16,0.16,0
SVS,20200408,0.16,0.16,0.16,0.16,0
SVS,20200409,0.16,0.16,0.16,0.16,0
SVS,20200414,0.16,0.16,0.16,0.16,0
SVS,20200415,0.16,0.16,0.16,0.16,0
SVS,20200416,0.16,0.16,0.16,0.16,0
SVS,20200417,0.16,0.16,0.16,0.16,0
SVS,20200420,0.16,0.16,0.16,0.16,0
SVS,20200421,0.2,0.2,0.2,0.2,5000
SVS,20200422,0.2,0.2,0.2,0.2,0
SVS,20200423,0.2,0.2,0.2,0.2,0
SVS,20200424,0.2,0.2,0.2,0.2,0
SVS,20200427,0.2,0.2,0.2,0.2,0
SVS,20200428,0.2,0.2,0.2,0.2,0
SVS,20200429,0.2,0.2,0.2,0.2,0
SVS,20200430,0.18,0.18,0.18,0.18,940
SVS,20200501,0.18,0.18,0.18,0.18,0
SVS,20200504,0.18,0.18,0.18,0.18,0
SVS,20200505,0.18,0.18,0.18,0.18,0
SVS,20200506,0.18,0.18,0.18,0.18,0
SVS,20200507,0.18,0.18,0.18,0.18,0
SVS,20200508,0.18,0.18,0.18,0.18,0
SVS,20200511,0.18,0.18,0.18,0.18,0
SVS,20200512,0.18,0.18,0.18,0.18,0
SVS,20200513,0.18,0.18,0.18,0.18,0
SVS,20200514,0.18,0.18,0.18,0.18,0
SVS,20200515,0.18,0.18,0.18,0.18,0
SVS,20200518,0.18,0.18,0.18,0.18,0
SVS,20200519,0.18,0.18,0.18,0.18,0
SVS,20200520,0.23,0.23,0.23,0.23,657
SVS,20200521,0.23,0.23,0.23,0.23,0
SVS,20200522,0.23,0.23,0.23,0.23,0
SVS,20200525,0.23,0.23,0.23,0.23,0
SVS,20200526,0.23,0.23,0.23,0.23,0
SVS,20200527,0.23,0.23,0.23,0.23,0
SVS,20200528,0.23,0.23,0.23,0.23,0
SVS,20200529,0.23,0.23,0.23,0.23,0
SVS,20200601,0.23,0.23,0.23,0.23,0
SVS,20200602,0.23,0.23,0.23,0.23,0
SVS,20200603,0.23,0.23,0.23,0.23,0
SVS,20200604,0.23,0.23,0.23,0.23,0
SVS,20200605,0.23,0.23,0.23,0.23,0
SVS,20200609,0.23,0.23,0.23,0.23,0
SVS,20200610,0.23,0.23,0.23,0.23,0
SVS,20200611,0.23,0.23,0.23,0.23,0
SVS,20200612,0.23,0.23,0.23,0.23,0
SVS,20200615,0.23,0.23,0.23,0.23,0
SVS,20200616,0.23,0.23,0.23,0.23,0
SVS,20200617,0.23,0.23,0.23,0.23,0
SVS,20200618,0.23,0.23,0.23,0.23,0
SVS,20200619,0.23,0.23,0.23,0.23,0
SVS,20200622,0.23,0.23,0.23,0.23,0
SVS,20200623,0.23,0.23,0.23,0.23,0
SVS,20200624,0.23,0.23,0.23,0.23,0
SVS,20200625,0.23,0.23,0.23,0.23,0
SVS,20200626,0.23,0.23,0.23,0.23,0
SVS,20200629,0.23,0.23,0.23,0.23,0
SVS,20200630,0.23,0.23,0.23,0.23,0
SVS,20200701,0.23,0.23,0.23,0.23,0
SVS,20200702,0.23,0.23,0.23,0.23,0
SVS,20200703,0.23,0.23,0.23,0.23,0
SVS,20200706,0.23,0.23,0.23,0.23,0
SVS,20200707,0.23,0.23,0.23,0.23,0
SVS,20200708,0.23,0.23,0.23,0.23,0
SVS,20200709,0.23,0.23,0.23,0.23,0
SVS,20200710,0.23,0.23,0.23,0.23,0
SVS,20200713,0.23,0.23,0.23,0.23,0
SVS,20200714,0.23,0.23,0.23,0.23,0
SVS,20200715,0.23,0.23,0.23,0.23,0
SVS,20200716,0.23,0.23,0.23,0.23,0
SVS,20200717,0.23,0.23,0.23,0.23,0
SVS,20200720,0.23,0.23,0.23,0.23,0
SVS,20200721,0.23,0.23,0.23,0.23,0
SVS,20200722,0.23,0.23,0.23,0.23,0
SVS,20200723,0.23,0.23,0.23,0.23,0
SVS,20200724,0.23,0.23,0.23,0.23,0
SVS,20200727,0.23,0.23,0.23,0.23,0
SVS,20200728,0.23,0.23,0.23,0.23,0
SVS,20200729,0.23,0.23,0.23,0.23,0
SVS,20200730,0.23,0.23,0.23,0.23,0
SVS,20200731,0.23,0.23,0.23,0.23,0
SVS,20200803,0.23,0.23,0.23,0.23,0
SVS,20200804,0.23,0.23,0.23,0.23,0
SVS,20200805,0.23,0.23,0.23,0.23,0
SVS,20200806,0.23,0.23,0.23,0.23,0
SVS,20200807,0.23,0.23,0.23,0.23,0
SVS,20200810,0.23,0.23,0.23,0.23,0
SVS,20200811,0.23,0.23,0.23,0.23,0
SVS,20200812,0.23,0.23,0.23,0.23,0
SVS,20200813,0.23,0.23,0.23,0.23,0
SVS,20200814,0.23,0.23,0.23,0.23,0
SVS,20200817,0.23,0.23,0.23,0.23,0
SVS,20200818,0.23,0.23,0.23,0.23,0
SVS,20200819,0.24,0.24,0.24,0.24,55
SVS,20200820,0.24,0.24,0.24,0.24,0
SVS,20200821,0.24,0.24,0.24,0.24,0
SVS,20200824,0.24,0.24,0.24,0.24,0
SVS,20200825,0.24,0.24,0.24,0.24,0
SVS,20200826,0.24,0.24,0.24,0.24,0
SVS,20200827,0.24,0.24,0.24,0.24,0
SVS,20200828,0.24,0.24,0.24,0.24,0
SVS,20200831,0.24,0.24,0.24,0.24,0
SVS,20200901,0.24,0.24,0.24,0.24,0
SVS,20200902,0.24,0.24,0.24,0.24,0
SVS,20200903,0.24,0.24,0.24,0.24,0
SVS,20200904,0.24,0.24,0.24,0.24,0
SVS,20200907,0.24,0.24,0.24,0.24,0
SVS,20200908,0.24,0.24,0.24,0.24,0
SVS,20200909,0.24,0.24,0.24,0.24,0
SVS,20200910,0.24,0.24,0.24,0.24,0
SVS,20200911,0.24,0.24,0.24,0.24,0
SVS,20200914,0.24,0.24,0.24,0.24,0
SVS,20200915,0.24,0.24,0.24,0.24,0
SVS,20200916,0.24,0.24,0.24,0.24,0
SVS,20200917,0.28,0.28,0.28,0.28,1000
SVS,20200918,0.28,0.28,0.28,0.28,0
SVS,20200921,0.28,0.28,0.28,0.28,0
SVS,20200922,0.28,0.28,0.28,0.28,0
SVS,20200923,0.28,0.28,0.28,0.28,0
SVS,20200924,0.28,0.28,0.28,0.28,0
SVS,20200925,0.28,0.28,0.28,0.28,0
SVS,20200928,0.28,0.28,0.28,0.28,0
SVS,20200929,0.28,0.28,0.28,0.28,0
SVS,20200930,0.28,0.28,0.28,0.28,0
SVS,20201001,0.28,0.28,0.28,0.28,0
SVS,20201002,0.28,0.28,0.28,0.28,0
SVS,20201005,0.28,0.28,0.28,0.28,0
SVS,20201006,0.28,0.28,0.28,0.28,0
SVS,20201007,0.28,0.28,0.28,0.28,0
SVS,20201008,0.28,0.28,0.28,0.28,0
SVS,20201009,0.28,0.28,0.28,0.28,0
SVS,20201012,0.28,0.28,0.28,0.28,0
SVS,20201013,0.28,0.28,0.28,0.28,0
SVS,20201014,0.28,0.28,0.28,0.28,0
SVS,20201015,0.28,0.28,0.28,0.28,0
SVS,20201016,0.28,0.28,0.28,0.28,0
SVS,20201019,0.28,0.28,0.28,0.28,0
SVS,20201020,0.28,0.28,0.28,0.28,0
SVS,20201021,0.28,0.28,0.28,0.28,0
SVS,20201022,0.28,0.28,0.28,0.28,0
SVS,20201023,0.28,0.28,0.28,0.28,0
SVS,20201026,0.28,0.28,0.28,0.28,0
SVS,20201027,0.28,0.28,0.28,0.28,0
SVS,20201028,0.28,0.28,0.28,0.28,0
SVS,20201029,0.28,0.28,0.28,0.28,0
SVS,20201030,0.28,0.28,0.28,0.28,0
SVS,20201102,0.28,0.28,0.28,0.28,0
SVS,20201103,0.28,0.28,0.28,0.28,0
SVS,20201104,0.28,0.28,0.28,0.28,0
SVS,20201105,0.28,0.28,0.28,0.28,0
SVS,20201106,0.28,0.28,0.28,0.28,0
SVS,20201109,0.28,0.28,0.28,0.28,0
SVS,20201110,0.28,0.28,0.28,0.28,0
SVS,20201111,0.28,0.28,0.28,0.28,0
SVS,20201112,0.28,0.28,0.28,0.28,0
SVS,20201113,0.28,0.28,0.28,0.28,0
SVS,20201116,0.28,0.28,0.28,0.28,0
SVS,20201117,0.28,0.28,0.28,0.28,0
SVS,20201118,0.28,0.28,0.28,0.28,0
SVS,20201120,0.28,0.28,0.28,0.28,0
SVS,20201123,0.28,0.28,0.28,0.28,0
SVS,20201124,0.28,0.28,0.28,0.28,0
SVS,20201125,0.28,0.28,0.28,0.28,0
SVS,20201126,0.28,0.28,0.28,0.28,0
SVS,20201127,0.28,0.28,0.28,0.28,0
SVS,20201130,0.28,0.28,0.28,0.28,0
SVS,20201201,0.28,0.28,0.28,0.28,0
SVS,20201202,0.28,0.28,0.28,0.28,0
SVS,20201203,0.28,0.28,0.28,0.28,0
SVS,20201204,0.28,0.28,0.28,0.28,0
SVS,20201207,0.28,0.28,0.28,0.28,0
SVS,20201208,0.28,0.28,0.28,0.28,0
SVS,20201209,0.28,0.28,0.28,0.28,0
SVS,20201210,0.28,0.28,0.28,0.28,0
SVS,20201211,0.28,0.28,0.28,0.28,0
SVS,20201214,0.28,0.28,0.28,0.28,0
SVS,20201215,0.28,0.28,0.28,0.28,0
SVS,20201216,0.28,0.28,0.28,0.28,0
SVS,20201217,0.28,0.28,0.28,0.28,0
SVS,20201218,0.42,0.42,0.42,0.42,5940
SVS,20201221,0.42,0.42,0.42,0.42,1000
SVS,20201222,0.42,0.42,0.42,0.42,0
SVS,20201224,0.42,0.42,0.42,0.42,0
SVS,20201229,0.42,0.42,0.42,0.42,0
SVS,20201230,0.42,0.42,0.42,0.42,0
SVS,20201231,0.42,0.42,0.42,0.42,0
SVS,20210104,0.42,0.42,0.42,0.42,0
SVS,20210105,0.42,0.42,0.42,0.42,0
SVS,20210106,0.42,0.42,0.42,0.42,0
SVS,20210107,0.42,0.42,0.42,0.42,0
SVS,20210108,0.42,0.42,0.42,0.42,0
SVS,20210111,0.42,0.42,0.42,0.42,0
SVS,20210112,0.42,0.42,0.42,0.42,0
SVS,20210113,0.42,0.42,0.42,0.42,0
SVS,20210114,0.42,0.42,0.42,0.42,0
SVS,20210115,0.42,0.42,0.42,0.42,0
SVS,20210118,0.42,0.42,0.42,0.42,0
SVS,20210119,0.42,0.42,0.42,0.42,0
SVS,20210120,0.42,0.42,0.42,0.42,0
SVS,20210121,0.42,0.42,0.42,0.42,0
SVS,20210122,0.425,0.425,0.425,0.425,2100
SVS,20210125,0.425,0.425,0.425,0.425,0
SVS,20210127,0.425,0.425,0.425,0.425,0
SVS,20210128,0.425,0.425,0.425,0.425,0
SVS,20210129,0.425,0.425,0.425,0.425,0
SVS,20210201,0.425,0.425,0.425,0.425,0
SVS,20210203,0.425,0.425,0.425,0.425,0
SVS,20210204,0.425,0.425,0.425,0.425,0
SVS,20210205,0.425,0.425,0.425,0.425,0
SVS,20210208,0.425,0.425,0.425,0.425,0
SVS,20210209,0.425,0.425,0.425,0.425,0
SVS,20210210,0.425,0.425,0.425,0.425,0
SVS,20210211,0.425,0.425,0.425,0.425,0
SVS,20210212,0.425,0.425,0.425,0.425,0
SVS,20210215,0.425,0.425,0.425,0.425,0
SVS,20210216,0.425,0.425,0.425,0.425,0
SVS,20210217,0.425,0.425,0.425,0.425,0
SVS,20210218,0.425,0.425,0.425,0.425,0
SVS,20210219,0.425,0.425,0.425,0.425,0
SVS,20210222,0.425,0.425,0.425,0.425,0
SVS,20210223,0.425,0.425,0.425,0.425,0
SVS,20210224,0.425,0.425,0.425,0.425,0
SVS,20210225,0.425,0.425,0.425,0.425,0
SVS,20210226,0.425,0.425,0.425,0.425,0
SVS,20210301,0.425,0.425,0.425,0.425,0
SVS,20210302,0.425,0.425,0.425,0.425,0
SVS,20210303,0.425,0.425,0.425,0.425,0
SVS,20210304,0.425,0.425,0.425,0.425,0
SVS,20210305,0.425,0.425,0.425,0.425,0
SVS,20210308,0.425,0.425,0.425,0.425,0
SVS,20210309,0.425,0.425,0.425,0.425,0
SVS,20210310,0.425,0.425,0.425,0.425,0
SVS,20210311,0.425,0.425,0.425,0.425,0
SVS,20210312,0.36,0.36,0.36,0.36,334
SVS,20210315,0.36,0.36,0.36,0.36,0
SVS,20210316,0.36,0.36,0.36,0.36,0
SVS,20210317,0.36,0.36,0.36,0.36,0
SVS,20210318,0.36,0.36,0.36,0.36,0
SVS,20210319,0.36,0.36,0.36,0.36,0
SVS,20210322,0.36,0.36,0.36,0.36,0
SVS,20210323,0.36,0.36,0.36,0.36,0
SVS,20210324,0.36,0.36,0.36,0.36,0
SVS,20210325,0.36,0.36,0.36,0.36,0
SVS,20210329,0.36,0.36,0.36,0.36,0
SVS,20210330,0.36,0.36,0.36,0.36,0
SVS,20210331,0.36,0.36,0.36,0.36,0
SVS,20210401,0.36,0.36,0.36,0.36,0
SVS,20210406,0.445,0.45,0.445,0.45,22346
SVS,20210407,0.45,0.45,0.45,0.45,73820
SVS,20210408,0.45,0.45,0.45,0.45,0
SVS,20210409,0.45,0.45,0.45,0.45,0
SVS,20210412,0.45,0.45,0.45,0.45,0
SVS,20210413,0.45,0.45,0.45,0.45,0
SVS,20210414,0.45,0.45,0.45,0.45,985
SVS,20210415,0.45,0.45,0.45,0.45,0
SVS,20210416,0.45,0.45,0.45,0.45,0
SVS,20210419,0.45,0.45,0.45,0.45,0
SVS,20210420,0.45,0.45,0.45,0.45,0
SVS,20210421,0.45,0.45,0.45,0.45,0
SVS,20210422,0.45,0.45,0.45,0.45,0
SVS,20210423,0.45,0.45,0.45,0.45,0
SVS,20210426,0.45,0.45,0.45,0.45,0
SVS,20210427,0.45,0.45,0.45,0.45,0
SVS,20210428,0.45,0.45,0.45,0.45,0
SVS,20210429,0.45,0.45,0.45,0.45,0
SVS,20210430,0.45,0.45,0.45,0.45,0
SVS,20210503,0.45,0.45,0.45,0.45,0
SVS,20210504,0.45,0.45,0.45,0.45,0
SVS,20210505,0.45,0.45,0.45,0.45,0
SVS,20210506,0.45,0.45,0.45,0.45,0
SVS,20210507,0.45,0.45,0.45,0.45,0
SVS,20210510,0.45,0.45,0.45,0.45,0
SVS,20210511,0.45,0.45,0.45,0.45,0
SVS,20210512,0.45,0.45,0.45,0.45,0
SVS,20210513,0.45,0.45,0.45,0.45,0
SVS,20210514,0.45,0.45,0.45,0.45,0
SVS,20210517,0.45,0.45,0.45,0.45,0
SVS,20210518,0.45,0.45,0.45,0.45,0
SVS,20210519,0.45,0.45,0.45,0.45,0
SVS,20210520,0.45,0.45,0.45,0.45,0
SVS,20210521,0.45,0.45,0.45,0.45,0
SVS,20210524,0.45,0.45,0.45,0.45,0
SVS,20210525,0.45,0.45,0.45,0.45,0
SVS,20210526,0.45,0.45,0.45,0.45,0
SVS,20210527,0.45,0.45,0.45,0.45,0
SVS,20210528,0.45,0.45,0.45,0.45,0
SVS,20210531,0.45,0.45,0.45,0.45,0
SVS,20210601,0.45,0.45,0.45,0.45,0
SVS,20210602,0.45,0.45,0.45,0.45,0
SVS,20210603,0.45,0.45,0.45,0.45,0
SVS,20210604,0.45,0.45,0.45,0.45,0
SVS,20210607,0.45,0.45,0.45,0.45,0
SVS,20210609,0.45,0.45,0.45,0.45,0
SVS,20210610,0.45,0.45,0.45,0.45,0
SVS,20210611,0.45,0.45,0.45,0.45,0
SVS,20210615,0.45,0.45,0.45,0.45,0
SVS,20210616,0.5,0.5,0.5,0.5,6240
SVS,20210617,0.5,0.5,0.5,0.5,7000
SVS,20210618,0.5,0.5,0.5,0.5,10000
SVS,20210621,0.5,0.5,0.5,0.5,10000
SVS,20210622,0.5,0.5,0.5,0.5,0
SVS,20210623,0.5,0.5,0.5,0.5,0
SVS,20210625,0.5,0.5,0.5,0.5,0
SVS,20210628,0.5,0.5,0.5,0.5,0
SVS,20210629,0.51,0.51,0.51,0.51,2000
SVS,20210630,0.51,0.51,0.51,0.51,0
SVS,20210701,0.51,0.51,0.51,0.51,0
SVS,20210705,0.55,0.55,0.55,0.55,1800
SVS,20210706,0.55,0.55,0.55,0.55,0
SVS,20210707,0.55,0.55,0.55,0.55,0
SVS,20210708,0.55,0.55,0.55,0.55,0
SVS,20210709,0.55,0.55,0.55,0.55,0
SVS,20210712,0.55,0.55,0.55,0.55,0
SVS,20210714,0.57,0.57,0.57,0.57,6000
SVS,20210715,0.57,0.57,0.57,0.57,0
SVS,20210716,0.57,0.57,0.57,0.57,0
SVS,20210719,0.57,0.57,0.57,0.57,0
SVS,20210720,0.57,0.57,0.57,0.57,0
SVS,20210723,0.57,0.57,0.57,0.57,0
SVS,20210726,0.57,0.57,0.57,0.57,0
SVS,20210727,0.57,0.57,0.57,0.57,0
SVS,20210728,0.59,0.59,0.59,0.59,29940
SVS,20210729,0.59,0.59,0.59,0.59,0
SVS,20210730,0.59,0.59,0.59,0.59,0
SVS,20210802,0.59,0.59,0.59,0.59,0
SVS,20210803,0.59,0.59,0.59,0.59,0
SVS,20210804,0.59,0.59,0.59,0.59,0
SVS,20210805,0.59,0.59,0.59,0.59,0
SVS,20210806,0.59,0.59,0.59,0.59,0
SVS,20210809,0.59,0.59,0.59,0.59,0
SVS,20210810,0.59,0.59,0.59,0.59,0
SVS,20210811,0.59,0.59,0.59,0.59,0
SVS,20210812,0.59,0.59,0.59,0.59,0
SVS,20210813,0.59,0.59,0.59,0.59,0
SVS,20210819,0.595,0.595,0.595,0.595,0
SVS,20210820,0.595,0.595,0.595,0.595,10000
SVS,20210823,0.595,0.595,0.595,0.595,0
SVS,20210824,0.595,0.595,0.595,0.595,0
SVS,20210825,0.595,0.595,0.595,0.595,0
SVS,20210826,0.595,0.595,0.595,0.595,0
SVS,20210827,0.595,0.595,0.595,0.595,20000
SVS,20210830,0.585,0.585,0.585,0.585,830
SVS,20210831,0.595,0.595,0.595,0.595,20000
SVS,20210901,0.595,0.595,0.595,0.595,0
SVS,20210902,0.595,0.595,0.595,0.595,0
SVS,20210903,0.595,0.595,0.595,0.595,0
SVS,20210906,0.595,0.595,0.595,0.595,0
SVS,20210907,0.595,0.595,0.595,0.595,0
SVS,20210908,0.595,0.595,0.595,0.595,0
SVS,20210909,0.595,0.595,0.595,0.595,0
SVS,20210910,0.595,0.595,0.595,0.595,0
SVS,20210913,0.595,0.595,0.595,0.595,0
SVS,20210914,0.5,0.5,0.5,0.5,1000
SVS,20210915,0.52,0.52,0.52,0.52,1000
SVS,20210916,0.52,0.52,0.52,0.52,0
SVS,20210917,0.52,0.52,0.52,0.52,0
SVS,20210920,0.52,0.52,0.52,0.52,0
SVS,20210922,0.5,0.5,0.5,0.5,0
SVS,20210923,0.5,0.5,0.5,0.5,0
SVS,20210924,0.5,0.5,0.5,0.5,0
SVS,20210927,0.5,0.5,0.5,0.5,0
SVS,20210928,0.5,0.5,0.5,0.5,0
SVS,20210929,0.5,0.5,0.5,0.5,0
SVS,20210930,0.5,0.5,0.5,0.5,0
SVS,20211001,0.5,0.5,0.5,0.5,0
SVS,20211004,0.5,0.5,0.5,0.5,0
SVS,20211005,0.5,0.5,0.5,0.5,0
SVS,20211006,0.5,0.5,0.5,0.5,0
SVS,20211007,0.5,0.5,0.5,0.5,0
SVS,20211008,0.5,0.5,0.5,0.5,0
SVS,20211011,0.5,0.5,0.5,0.5,0
SVS,20211012,0.5,0.5,0.5,0.5,0
SVS,20211013,0.5,0.5,0.5,0.5,0
SVS,20211014,0.5,0.5,0.5,0.5,0
SVS,20211019,0.5,0.5,0.5,0.5,0
SVS,20211020,0.5,0.5,0.5,0.5,0
SVS,20211021,0.5,0.5,0.5,0.5,0
SVS,20211022,0.5,0.5,0.5,0.5,0
SVS,20211025,0.5,0.5,0.5,0.5,0
SVS,20211026,0.5,0.5,0.5,0.5,0
SVS,20211028,0.5,0.5,0.5,0.5,0
SVS,20211029,0.5,0.5,0.5,0.5,0
SVS,20211101,0.5,0.5,0.5,0.5,0
SVS,20211102,0.5,0.5,0.5,0.5,0
SVS,20211103,0.5,0.5,0.5,0.5,0
SVS,20211104,0.5,0.5,0.5,0.5,0
SVS,20211105,0.5,0.5,0.5,0.5,0
SVS,20211109,0.505,0.505,0.505,0.505,0
SVS,20211110,0.505,0.505,0.505,0.505,0
SVS,20211112,0.505,0.505,0.505,0.505,0
SVS,20211115,0.505,0.505,0.505,0.505,0
SVS,20211116,0.505,0.505,0.505,0.505,0
SVS,20211117,0.505,0.505,0.505,0.505,0
SVS,20211118,0.505,0.505,0.505,0.505,0
SVS,20211119,0.505,0.505,0.505,0.505,0
SVS,20211122,0.505,0.505,0.505,0.505,0
SVS,20211123,0.505,0.505,0.505,0.505,0
SVS,20211124,0.5,0.5,0.5,0.5,10000
SVS,20211125,0.5,0.5,0.5,0.5,0
SVS,20211126,0.5,0.5,0.5,0.5,0
SVS,20211129,0.5,0.5,0.5,0.5,0
SVS,20211130,0.5,0.5,0.5,0.5,0
SVS,20211201,0.5,0.5,0.5,0.5,0
SVS,20211202,0.5,0.5,0.5,0.5,0
SVS,20211203,0.5,0.5,0.5,0.5,0
SVS,20211206,0.5,0.5,0.5,0.5,0
SVS,20211207,0.5,0.5,0.5,0.5,0
SVS,20211208,0.5,0.5,0.5,0.5,0
SVS,20211209,0.5,0.5,0.5,0.5,0
SVS,20211210,0.5,0.5,0.5,0.5,0
SVS,20211213,0.5,0.5,0.5,0.5,0
SVS,20211214,0.5,0.5,0.5,0.5,0
SVS,20211216,0.5,0.5,0.5,0.5,0
SVS,20211217,0.52,0.52,0.52,0.52,1200
SVS,20211220,0.52,0.52,0.52,0.52,0
SVS,20211221,0.52,0.52,0.52,0.52,0
SVS,20211222,0.52,0.52,0.52,0.52,0
SVS,20211223,0.52,0.52,0.52,0.52,0
SVS,20211224,0.52,0.52,0.52,0.52,0
SVS,20211229,0.52,0.52,0.52,0.52,0
SVS,20211230,0.52,0.52,0.52,0.52,0
SVS,20211231,0.52,0.52,0.52,0.52,0
SVS,20220104,0.52,0.52,0.52,0.52,0
SVS,20220105,0.52,0.52,0.52,0.52,0
SVS,20220106,0.52,0.52,0.52,0.52,0
SVS,20220107,0.52,0.52,0.52,0.52,0
SVS,20220110,0.52,0.52,0.52,0.52,0
SVS,20220111,0.52,0.52,0.52,0.52,0
SVS,20220112,0.52,0.52,0.52,0.52,0
SVS,20220113,0.52,0.52,0.52,0.52,0
SVS,20220114,0.52,0.52,0.52,0.52,0
SVS,20220117,0.545,0.545,0.545,0.545,220000
SVS,20220118,0.545,0.545,0.545,0.545,0
SVS,20220119,0.545,0.545,0.545,0.545,0
SVS,20220120,0.545,0.545,0.545,0.545,0
SVS,20220121,0.545,0.545,0.545,0.545,0
SVS,20220124,0.545,0.545,0.545,0.545,0
SVS,20220125,0.545,0.545,0.545,0.545,0
SVS,20220127,0.545,0.545,0.545,0.545,0
SVS,20220128,0.545,0.545,0.545,0.545,0
SVS,20220131,0.545,0.545,0.545,0.545,0
SVS,20220201,0.545,0.545,0.545,0.545,0
SVS,20220202,0.545,0.545,0.545,0.545,0
SVS,20220203,0.545,0.545,0.545,0.545,0
SVS,20220204,0.545,0.545,0.545,0.545,0
SVS,20220207,0.545,0.545,0.545,0.545,0
SVS,20220208,0.545,0.545,0.545,0.545,0
SVS,20220209,0.545,0.545,0.545,0.545,0
SVS,20220210,0.545,0.545,0.545,0.545,0
SVS,20220211,0.545,0.545,0.545,0.545,0
SVS,20220214,0.545,0.545,0.545,0.545,0
SVS,20220215,0.545,0.545,0.545,0.545,0
SVS,20220216,0.545,0.545,0.545,0.545,0
SVS,20220217,0.545,0.545,0.545,0.545,0
SVS,20220218,0.545,0.545,0.545,0.545,0
SVS,20220221,0.545,0.545,0.545,0.545,0
SVS,20220222,0.545,0.545,0.545,0.545,0
SVS,20220223,0.545,0.545,0.545,0.545,0
SVS,20220224,0.545,0.545,0.545,0.545,0
SVS,20220225,0.545,0.545,0.545,0.545,0
SVS,20220228,0.545,0.545,0.545,0.545,0
SVS,20220301,0.545,0.545,0.545,0.545,0
SVS,20220302,0.545,0.545,0.545,0.545,0
SVS,20220303,0.545,0.545,0.545,0.545,0
SVS,20220304,0.545,0.545,0.545,0.545,0
SVS,20220307,0.545,0.545,0.545,0.545,0
SVS,20220308,0.545,0.545,0.545,0.545,0
SVS,20220309,0.545,0.545,0.545,0.545,0
SVS,20220310,0.545,0.545,0.545,0.545,0
SVS,20220311,0.545,0.545,0.545,0.545,0
SVS,20220314,0.545,0.545,0.545,0.545,0
SVS,20220315,0.545,0.545,0.545,0.545,0
SVS,20220316,0,0,0,0,0
SVS,20220317,0.545,0.545,0.545,0.545,0
SVS,20220318,0.545,0.545,0.545,0.545,0
SVS,20220321,0.545,0.545,0.545,0.545,0
SVS,20220322,0.545,0.545,0.545,0.545,0
SVS,20220323,0.545,0.545,0.545,0.545,0
SVS,20220324,0.545,0.545,0.545,0.545,0
SVS,20220325,0.545,0.545,0.545,0.545,0
SVS,20220328,0.545,0.545,0.545,0.545,0
SVS,20220329,0.545,0.545,0.545,0.545,0
SVS,20220330,0.545,0.545,0.545,0.545,0
SVS,20220331,0.545,0.545,0.545,0.545,0
SVS,20220401,0.545,0.545,0.545,0.545,0
SVS,20220404,0.545,0.545,0.545,0.545,0
SVS,20220405,0.545,0.545,0.545,0.545,0
SVS,20220406,0.545,0.545,0.545,0.545,0
SVS,20220407,0.545,0.545,0.545,0.545,0
SVS,20220408,0.545,0.545,0.545,0.545,0
SVS,20220411,0.545,0.545,0.545,0.545,0
SVS,20220412,0.545,0.545,0.545,0.545,0
SVS,20220413,0.545,0.545,0.545,0.545,0
SVS,20220414,0.545,0.545,0.545,0.545,0
SVS,20220419,0.545,0.545,0.545,0.545,0
SVS,20220420,0.545,0.545,0.545,0.545,0
SVS,20220421,0.545,0.545,0.545,0.545,0
SVS,20220422,0.545,0.545,0.545,0.545,0
SVS,20220426,0.545,0.545,0.545,0.545,0
SVS,20220427,0.545,0.545,0.545,0.545,0
SVS,20220428,0.545,0.545,0.545,0.545,0
SVS,20220429,0.545,0.545,0.545,0.545,0
SVS,20220502,0.545,0.545,0.545,0.545,0
SVS,20220503,0.545,0.545,0.545,0.545,0
SVS,20220504,0.545,0.545,0.545,0.545,0
SVS,20220505,0.545,0.545,0.545,0.545,0
SVS,20220506,0.545,0.545,0.545,0.545,0
SVS,20220509,0.545,0.545,0.545,0.545,0
SVS,20220510,0.545,0.545,0.545,0.545,0
SVS,20220511,0.545,0.545,0.545,0.545,0
SVS,20220512,0.545,0.545,0.545,0.545,0
SVS,20220513,0.545,0.545,0.545,0.545,0
SVS,20220516,0.545,0.545,0.545,0.545,0
SVS,20220517,0.545,0.545,0.545,0.545,0
SVS,20220518,0.545,0.545,0.545,0.545,0
SVS,20220519,0.545,0.545,0.545,0.545,0
SVS,20220520,0.545,0.545,0.545,0.545,0
SVS,20220523,0.545,0.545,0.545,0.545,0
SVS,20220524,0.545,0.545,0.545,0.545,0
SVS,20220525,0.545,0.545,0.545,0.545,0
SVS,20220526,0.545,0.545,0.545,0.545,0
SVS,20220527,0.545,0.545,0.545,0.545,0
SVS,20220530,0.545,0.545,0.545,0.545,0
SVS,20220531,0.545,0.545,0.545,0.545,0
SVS,20220601,0.545,0.545,0.545,0.545,0
SVS,20220602,0.545,0.545,0.545,0.545,0
SVS,20220603,0.545,0.545,0.545,0.545,0
SVS,20220606,0.545,0.545,0.545,0.545,0
SVS,20220607,0.545,0.545,0.545,0.545,0
SVS,20220608,0.545,0.545,0.545,0.545,0
SVS,20220609,0.545,0.545,0.545,0.545,0
SVS,20220610,0.545,0.545,0.545,0.545,0
SVS,20220614,0.545,0.545,0.545,0.545,0
SVS,20220615,0.545,0.545,0.545,0.545,0
SVS,20220616,0.545,0.545,0.545,0.545,0
SVS,20220617,0.545,0.545,0.545,0.545,0
SVS,20220620,0.545,0.545,0.545,0.545,0
SVS,20220621,0.545,0.545,0.545,0.545,0
SVS,20220622,0.545,0.545,0.545,0.545,0
SVS,20220623,0.545,0.545,0.545,0.545,0
SVS,20220624,0.545,0.545,0.545,0.545,0
SVS,20220627,0.545,0.545,0.545,0.545,0
SVS,20220628,0.545,0.545,0.545,0.545,0
SVS,20220629,0.545,0.545,0.545,0.545,0
SVS,20220630,0.545,0.545,0.545,0.545,0
SVS,20220701,0.555,0.57,0.555,0.57,234483
SVS,20220704,0.57,0.57,0.57,0.57,100000
SVS,20220705,0.57,0.57,0.57,0.57,0
SVS,20220706,0.57,0.57,0.57,0.57,0
SVS,20220707,0.57,0.57,0.57,0.57,0
SVS,20220708,0.57,0.57,0.57,0.57,0
SVS,20220711,0.57,0.57,0.57,0.57,0
SVS,20220712,0.57,0.57,0.57,0.57,0
SVS,20220713,0.57,0.57,0.57,0.57,0
SVS,20220714,0.61,0.63,0.61,0.63,2000
SVS,20220715,0.62,0.62,0.62,0.62,3200
SVS,20220718,0.62,0.62,0.62,0.62,0
SVS,20220719,0.62,0.62,0.62,0.62,0
SVS,20220720,0.62,0.62,0.62,0.62,0
SVS,20220721,0.62,0.62,0.62,0.62,0
SVS,20220722,0.565,0.565,0.565,0.565,2193
SVS,20220725,0.565,0.565,0.565,0.565,0
SVS,20220726,0.565,0.565,0.565,0.565,0
SVS,20220727,0.565,0.565,0.565,0.565,0
SVS,20220728,0.565,0.565,0.565,0.565,0
SVS,20220729,0.565,0.565,0.565,0.565,0
SVS,20220801,0.565,0.565,0.565,0.565,0
SVS,20220802,0.565,0.565,0.565,0.565,0
SVS,20220803,0.565,0.565,0.565,0.565,0
SVS,20220805,0.565,0.565,0.565,0.565,0
SVS,20220808,0.565,0.565,0.565,0.565,0
SVS,20220809,0.565,0.565,0.565,0.565,0
SVS,20220810,0.565,0.565,0.565,0.565,0
SVS,20220811,0.595,0.595,0.595,0.595,50000
SVS,20220812,0.595,0.595,0.595,0.595,0
SVS,20220815,0.595,0.6,0.595,0.6,168132
SVS,20220816,0.6,0.6,0.595,0.6,0
SVS,20220817,0.6,0.6,0.595,0.6,0
SVS,20220818,0.6,0.6,0.595,0.6,0
SVS,20220819,0.6,0.6,0.6,0.6,500
SVS,20220822,0.6,0.6,0.6,0.6,0
SVS,20220823,0.6,0.6,0.6,0.6,0
SVS,20220824,0.6,0.6,0.6,0.6,34500
SVS,20220825,0.6,0.6,0.6,0.6,0
SVS,20220826,0.6,0.6,0.6,0.6,0
SVS,20220829,0.6,0.6,0.6,0.6,0
SVS,20220830,0.6,0.6,0.6,0.6,0
SVS,20220831,0.6,0.6,0.6,0.6,0
SVS,20220901,0.6,0.6,0.6,0.6,0
SVS,20220902,0.6,0.6,0.6,0.6,0
SVS,20220905,0.6,0.6,0.6,0.6,0
SVS,20220906,0.6,0.6,0.6,0.6,0
SVS,20220907,0.6,0.6,0.6,0.6,0
SVS,20220909,0.6,0.6,0.6,0.6,0
SVS,20220912,0.6,0.6,0.6,0.6,0
SVS,20220913,0.6,0.6,0.6,0.6,0
SVS,20220914,0.6,0.6,0.6,0.6,0
SVS,20220915,0.6,0.6,0.6,0.6,0
SVS,20220916,0.6,0.6,0.6,0.6,0
SVS,20220919,0.6,0.6,0.6,0.6,0
SVS,20220920,0.6,0.6,0.6,0.6,0
SVS,20220921,0.6,0.6,0.6,0.6,0
