SYA,20160212,0.016,0.016,0.016,0.016,0
SYA,20160215,0.016,0.016,0.016,0.016,0
SYA,20160216,0.017,0.017,0.017,0.017,1130000
SYA,20160217,0.017,0.017,0.015,0.015,1760119
SYA,20160218,0.015,0.015,0.015,0.015,343881
SYA,20160219,0.015,0.015,0.014,0.014,627001
SYA,20160222,0.015,0.015,0.013,0.013,906800
SYA,20160223,0.014,0.015,0.014,0.015,1836299
SYA,20160224,0.015,0.015,0.015,0.015,2325
SYA,20160225,0.015,0.015,0.015,0.015,293651
SYA,20160226,0.015,0.015,0.015,0.015,300000
SYA,20160229,0.014,0.016,0.014,0.016,654500
SYA,20160301,0.016,0.016,0.016,0.016,0
SYA,20160302,0.015,0.015,0.014,0.014,1250000
SYA,20160303,0.015,0.015,0.015,0.015,40000
SYA,20160304,0.014,0.014,0.014,0.014,35801
SYA,20160307,0.014,0.015,0.014,0.015,744406
SYA,20160308,0.015,0.02,0.015,0.015,2605621
SYA,20160309,0.016,0.016,0.016,0.016,337906
SYA,20160310,0.016,0.016,0.016,0.016,0
SYA,20160311,0.018,0.018,0.018,0.018,2906
SYA,20160314,0.018,0.018,0.018,0.018,0
SYA,20160315,0.016,0.016,0.016,0.016,60000
SYA,20160316,0.016,0.016,0.016,0.016,0
SYA,20160317,0.02,0.022,0.019,0.019,9367261
SYA,20160318,0.02,0.02,0.017,0.017,3197538
SYA,20160321,0.019,0.02,0.018,0.02,728089
SYA,20160322,0.02,0.02,0.018,0.018,1540250
SYA,20160323,0.018,0.018,0.018,0.018,0
SYA,20160324,0.019,0.019,0.016,0.016,608433
SYA,20160329,0.016,0.016,0.014,0.016,2115000
SYA,20160330,0.018,0.019,0.018,0.019,488803
SYA,20160331,0.019,0.019,0.019,0.019,815082
SYA,20160401,0.019,0.019,0.019,0.019,288000
SYA,20160404,0.019,0.019,0.017,0.018,1206475
SYA,20160405,0.019,0.019,0.019,0.019,710000
SYA,20160406,0.019,0.02,0.019,0.019,781184
SYA,20160407,0.019,0.02,0.019,0.02,1093323
SYA,20160408,0.023,0.035,0.023,0.031,52681627
SYA,20160411,0.029,0.032,0.026,0.028,8445474
SYA,20160412,0.031,0.032,0.029,0.029,14472652
SYA,20160413,0.03,0.034,0.029,0.032,14526574
SYA,20160414,0.033,0.041,0.033,0.041,31383418
SYA,20160415,0.043,0.043,0.038,0.04,11813391
SYA,20160418,0.04,0.055,0.04,0.055,26296520
SYA,20160419,0.06,0.076,0.055,0.06,37862731
SYA,20160420,0.061,0.064,0.048,0.048,15768245
SYA,20160421,0.049,0.062,0.049,0.061,10431025
SYA,20160422,0.064,0.067,0.056,0.06,8260663
SYA,20160426,0.059,0.059,0.052,0.052,5078642
SYA,20160427,0.054,0.056,0.046,0.047,6151065
SYA,20160428,0.046,0.049,0.042,0.048,4516444
SYA,20160429,0.047,0.047,0.042,0.043,6120663
SYA,20160502,0.044,0.045,0.043,0.044,3283227
SYA,20160503,0.056,0.06,0.048,0.048,18226578
SYA,20160504,0.053,0.053,0.045,0.045,8710207
SYA,20160505,0.05,0.05,0.047,0.047,5615757
SYA,20160506,0.048,0.05,0.048,0.049,3547076
SYA,20160509,0.05,0.052,0.049,0.049,3299220
SYA,20160510,0.049,0.05,0.048,0.048,1879950
SYA,20160511,0.049,0.051,0.049,0.05,3132637
SYA,20160512,0.05,0.054,0.05,0.054,4357194
SYA,20160513,0.054,0.054,0.05,0.051,2552920
SYA,20160516,0.053,0.053,0.047,0.047,4749063
SYA,20160517,0.054,0.054,0.046,0.046,9069635
SYA,20160518,0.046,0.047,0.042,0.044,5634410
SYA,20160519,0.043,0.043,0.039,0.04,3356010
SYA,20160520,0.04,0.041,0.039,0.039,1588886
SYA,20160523,0.04,0.042,0.039,0.042,972359
SYA,20160524,0.04,0.04,0.036,0.038,3136157
SYA,20160525,0.038,0.038,0.035,0.036,3944305
SYA,20160526,0.036,0.036,0.035,0.035,1692580
SYA,20160527,0.035,0.035,0.031,0.033,3045382
SYA,20160530,0.035,0.037,0.034,0.035,2418932
SYA,20160531,0.035,0.036,0.034,0.034,818315
SYA,20160601,0.034,0.034,0.032,0.034,1345889
SYA,20160602,0.035,0.036,0.033,0.034,1423025
SYA,20160603,0.034,0.036,0.033,0.034,1137647
SYA,20160606,0.034,0.035,0.034,0.034,916355
SYA,20160607,0.034,0.034,0.032,0.032,835231
SYA,20160608,0.032,0.032,0.03,0.031,1984415
SYA,20160609,0.03,0.03,0.028,0.03,1939713
SYA,20160610,0.03,0.031,0.03,0.031,675813
SYA,20160614,0.035,0.036,0.033,0.034,3129516
SYA,20160615,0.035,0.035,0.032,0.032,2256754
SYA,20160616,0.035,0.035,0.034,0.035,1521701
SYA,20160617,0.035,0.035,0.033,0.033,777277
SYA,20160620,0.033,0.034,0.032,0.033,300550
SYA,20160621,0.034,0.036,0.034,0.035,1596705
SYA,20160622,0.035,0.035,0.034,0.034,714756
SYA,20160623,0.034,0.034,0.033,0.034,1513533
SYA,20160624,0.035,0.035,0.029,0.03,4368068
SYA,20160627,0.031,0.031,0.03,0.03,540295
SYA,20160628,0.03,0.03,0.028,0.029,686932
SYA,20160629,0.03,0.031,0.03,0.031,196245
SYA,20160630,0.031,0.031,0.03,0.03,926199
SYA,20160701,0.03,0.034,0.03,0.034,1184634
SYA,20160704,0.034,0.035,0.032,0.035,1476983
SYA,20160705,0.036,0.038,0.036,0.036,1843988
SYA,20160706,0.036,0.036,0.034,0.035,976549
SYA,20160707,0.036,0.037,0.035,0.035,891846
SYA,20160708,0.037,0.039,0.036,0.036,1622929
SYA,20160711,0.036,0.037,0.035,0.036,1366716
SYA,20160712,0.038,0.038,0.036,0.037,1114844
SYA,20160713,0.037,0.037,0.037,0.037,0
SYA,20160714,0.037,0.037,0.037,0.037,0
SYA,20160715,0.037,0.037,0.037,0.037,0
SYA,20160718,0.037,0.037,0.037,0.037,0
SYA,20160719,0.036,0.036,0.03,0.031,2699078
SYA,20160720,0.031,0.031,0.028,0.03,6079756
SYA,20160721,0.031,0.032,0.031,0.032,2288283
SYA,20160722,0.031,0.031,0.03,0.03,492868
SYA,20160725,0.03,0.03,0.027,0.028,6968003
SYA,20160726,0.028,0.028,0.027,0.027,1120077
SYA,20160727,0.027,0.031,0.027,0.027,5190855
SYA,20160728,0.027,0.027,0.027,0.027,2017518
SYA,20160729,0.027,0.028,0.027,0.027,1078006
SYA,20160801,0.028,0.028,0.027,0.027,3074037
SYA,20160802,0.027,0.028,0.026,0.027,3291123
SYA,20160803,0.026,0.027,0.026,0.027,103662
SYA,20160804,0.027,0.027,0.026,0.027,1233084
SYA,20160805,0.027,0.027,0.024,0.026,10457399
SYA,20160808,0.026,0.03,0.026,0.028,8724016
SYA,20160809,0.028,0.028,0.027,0.028,2105396
SYA,20160810,0.028,0.031,0.028,0.029,12857710
SYA,20160811,0.03,0.03,0.027,0.027,1117850
SYA,20160812,0.027,0.029,0.027,0.029,1916147
SYA,20160815,0.029,0.029,0.026,0.026,1007409
SYA,20160816,0.027,0.027,0.024,0.025,5880126
SYA,20160817,0.025,0.025,0.024,0.025,3048951
SYA,20160818,0.024,0.025,0.024,0.024,1055952
SYA,20160822,0.025,0.025,0.024,0.024,467859
SYA,20160823,0.024,0.025,0.024,0.024,1692040
SYA,20160824,0.024,0.024,0.023,0.023,1439854
SYA,20160825,0.023,0.024,0.021,0.022,2323717
SYA,20160826,0.023,0.024,0.023,0.024,1792082
SYA,20160829,0.024,0.025,0.024,0.025,880108
SYA,20160830,0.025,0.025,0.024,0.024,469255
SYA,20160831,0.024,0.024,0.021,0.021,1899352
SYA,20160901,0.022,0.027,0.022,0.025,1384750
SYA,20160902,0.025,0.026,0.025,0.026,131392
SYA,20160905,0.025,0.026,0.025,0.026,637347
SYA,20160906,0.026,0.027,0.025,0.025,1230367
SYA,20160907,0.024,0.027,0.024,0.026,523849
SYA,20160908,0.026,0.029,0.025,0.026,1511043
SYA,20160909,0.027,0.029,0.027,0.029,273243
SYA,20160912,0.027,0.029,0.027,0.029,317943
SYA,20160913,0.029,0.03,0.029,0.029,1528921
SYA,20160914,0.029,0.029,0.028,0.028,770000
SYA,20160915,0.028,0.028,0.028,0.028,620367
SYA,20160916,0.027,0.028,0.026,0.026,836698
SYA,20160919,0.026,0.026,0.024,0.024,991197
SYA,20160920,0.024,0.025,0.024,0.025,65658
SYA,20160921,0.025,0.028,0.025,0.027,2896654
SYA,20160922,0.026,0.027,0.025,0.026,891301
SYA,20160923,0.026,0.026,0.025,0.025,808261
SYA,20160926,0.025,0.025,0.025,0.025,350000
SYA,20160927,0.025,0.025,0.024,0.024,357955
SYA,20160928,0.025,0.025,0.024,0.024,1440956
SYA,20160929,0.024,0.025,0.024,0.024,352338
SYA,20160930,0.024,0.024,0.024,0.024,314826
SYA,20161003,0.024,0.024,0.024,0.024,62255
SYA,20161004,0.023,0.023,0.022,0.022,2084514
SYA,20161005,0.023,0.023,0.022,0.023,556495
SYA,20161006,0.022,0.023,0.022,0.023,1396117
SYA,20161007,0.024,0.024,0.023,0.023,937000
SYA,20161010,0.022,0.024,0.022,0.022,833170
SYA,20161011,0.025,0.026,0.023,0.025,3553850
SYA,20161012,0.024,0.025,0.023,0.023,1148516
SYA,20161013,0.025,0.025,0.023,0.023,1132043
SYA,20161014,0.024,0.025,0.024,0.024,319689
SYA,20161017,0.026,0.026,0.025,0.025,420000
SYA,20161018,0.025,0.025,0.025,0.025,1518567
SYA,20161019,0.024,0.024,0.024,0.024,510828
SYA,20161020,0.025,0.025,0.023,0.023,1384414
SYA,20161021,0.024,0.024,0.023,0.023,548753
SYA,20161024,0.026,0.03,0.024,0.025,23308874
SYA,20161025,0.03,0.03,0.027,0.027,18147628
SYA,20161026,0.027,0.028,0.026,0.026,3361795
SYA,20161027,0.026,0.027,0.025,0.027,3124080
SYA,20161028,0.026,0.027,0.025,0.025,1351628
SYA,20161031,0.026,0.026,0.024,0.024,574786
SYA,20161101,0.025,0.025,0.025,0.025,572190
SYA,20161102,0.024,0.024,0.024,0.024,428446
SYA,20161103,0.026,0.026,0.025,0.026,1580050
SYA,20161104,0.026,0.026,0.024,0.024,1826986
SYA,20161107,0.025,0.025,0.025,0.025,420000
SYA,20161108,0.025,0.025,0.024,0.024,1717252
SYA,20161109,0.025,0.026,0.023,0.023,1781044
SYA,20161110,0.023,0.024,0.023,0.023,202700
SYA,20161111,0.024,0.025,0.024,0.025,370414
SYA,20161114,0.024,0.024,0.023,0.024,834433
SYA,20161115,0.024,0.026,0.024,0.026,890837
SYA,20161116,0.026,0.027,0.026,0.026,2759284
SYA,20161117,0.027,0.027,0.026,0.026,694345
SYA,20161118,0.027,0.028,0.026,0.028,4547510
SYA,20161121,0.028,0.029,0.028,0.028,2380102
SYA,20161122,0.028,0.028,0.028,0.028,2133017
SYA,20161123,0.029,0.029,0.026,0.026,3716521
SYA,20161124,0.026,0.028,0.026,0.027,2412067
SYA,20161125,0.028,0.028,0.026,0.028,964242
SYA,20161128,0.028,0.028,0.024,0.025,3283008
SYA,20161129,0.025,0.025,0.025,0.025,1156382
SYA,20161130,0.024,0.025,0.024,0.024,2354392
SYA,20161201,0.025,0.028,0.024,0.028,1704863
SYA,20161202,0.027,0.027,0.026,0.026,1078205
SYA,20161205,0.026,0.026,0.025,0.025,1019269
SYA,20161206,0.026,0.028,0.026,0.028,4415224
SYA,20161207,0.029,0.034,0.028,0.033,28288619
SYA,20161208,0.035,0.035,0.032,0.033,19886524
SYA,20161209,0.033,0.033,0.03,0.03,8596876
SYA,20161212,0.031,0.031,0.029,0.029,9640907
SYA,20161213,0.03,0.033,0.03,0.031,3489747
SYA,20161214,0.031,0.031,0.028,0.029,4738831
SYA,20161215,0.03,0.03,0.03,0.03,431670
SYA,20161216,0.031,0.031,0.029,0.03,1886474
SYA,20161219,0.03,0.03,0.026,0.028,3706310
SYA,20161220,0.028,0.028,0.026,0.026,3425688
SYA,20161221,0.026,0.028,0.026,0.026,3150318
SYA,20161222,0.027,0.03,0.027,0.03,2283954
SYA,20161223,0.03,0.03,0.03,0.03,721440
SYA,20161228,0.029,0.031,0.029,0.031,2156125
SYA,20161229,0.031,0.032,0.031,0.031,562062
SYA,20161230,0.032,0.032,0.031,0.031,928506
SYA,20170103,0.032,0.033,0.032,0.032,3101065
SYA,20170104,0.032,0.037,0.032,0.035,9047459
SYA,20170105,0.035,0.035,0.033,0.034,2185680
SYA,20170106,0.034,0.034,0.034,0.034,4112493
SYA,20170109,0.034,0.034,0.033,0.034,792079
SYA,20170110,0.034,0.034,0.03,0.032,5988498
SYA,20170111,0.032,0.032,0.03,0.03,642229
SYA,20170112,0.032,0.032,0.031,0.032,2092952
SYA,20170113,0.032,0.034,0.032,0.033,3502802
SYA,20170116,0.033,0.033,0.032,0.032,912538
SYA,20170117,0.033,0.033,0.032,0.032,1536645
SYA,20170118,0.032,0.033,0.031,0.031,2178549
SYA,20170119,0.032,0.032,0.03,0.03,2374887
SYA,20170120,0.03,0.031,0.03,0.031,1091887
SYA,20170123,0.031,0.031,0.031,0.031,390316
SYA,20170124,0.031,0.031,0.03,0.03,2089724
SYA,20170125,0.029,0.032,0.029,0.032,1295332
SYA,20170127,0.032,0.032,0.03,0.031,1471985
SYA,20170130,0.031,0.033,0.031,0.032,1081271
SYA,20170131,0.032,0.032,0.031,0.031,863111
SYA,20170201,0.031,0.031,0.031,0.031,48017
SYA,20170202,0.03,0.031,0.03,0.031,270803
SYA,20170203,0.031,0.031,0.029,0.031,2803778
SYA,20170206,0.031,0.031,0.03,0.031,1136373
SYA,20170207,0.031,0.031,0.03,0.031,2204112
SYA,20170208,0.032,0.034,0.031,0.032,3587530
SYA,20170209,0.031,0.032,0.031,0.032,426536
SYA,20170210,0.032,0.033,0.031,0.033,1554127
SYA,20170213,0.033,0.033,0.031,0.032,317520
SYA,20170214,0.033,0.036,0.032,0.036,7306794
SYA,20170215,0.036,0.036,0.034,0.034,2858378
SYA,20170216,0.036,0.038,0.033,0.033,11098226
SYA,20170217,0.035,0.035,0.032,0.035,2725137
SYA,20170220,0.035,0.036,0.032,0.032,3286996
SYA,20170221,0.033,0.033,0.032,0.032,2693825
SYA,20170222,0.032,0.032,0.031,0.031,1045321
SYA,20170223,0.031,0.031,0.03,0.03,1019134
SYA,20170224,0.03,0.03,0.027,0.027,5603994
SYA,20170227,0.029,0.03,0.026,0.027,6079748
SYA,20170228,0.027,0.027,0.027,0.027,268148
SYA,20170301,0.027,0.027,0.026,0.026,2028109
SYA,20170302,0.026,0.027,0.026,0.027,423552
SYA,20170303,0.026,0.027,0.025,0.026,3878080
SYA,20170306,0.026,0.027,0.026,0.027,417748
SYA,20170307,0.027,0.027,0.026,0.027,1660108
SYA,20170308,0.025,0.026,0.025,0.026,525139
SYA,20170309,0.026,0.026,0.025,0.026,526736
SYA,20170310,0.026,0.027,0.026,0.026,996082
SYA,20170313,0.025,0.025,0.025,0.025,1297537
SYA,20170314,0.025,0.025,0.025,0.025,154064
SYA,20170315,0.025,0.025,0.025,0.025,71492
SYA,20170316,0.025,0.025,0.024,0.025,624260
SYA,20170317,0.025,0.026,0.025,0.026,780187
SYA,20170320,0.026,0.026,0.025,0.025,288501
SYA,20170321,0.025,0.026,0.024,0.025,776250
SYA,20170322,0.026,0.026,0.024,0.025,209434
SYA,20170323,0.025,0.025,0.025,0.025,0
SYA,20170324,0.025,0.027,0.025,0.027,4060354
SYA,20170327,0.027,0.027,0.027,0.027,0
SYA,20170328,0.025,0.025,0.024,0.025,614445
SYA,20170329,0.024,0.024,0.024,0.024,666560
SYA,20170330,0.024,0.025,0.024,0.024,189315
SYA,20170331,0.024,0.024,0.024,0.024,575000
SYA,20170403,0.024,0.024,0.024,0.024,215000
SYA,20170404,0.024,0.025,0.024,0.024,253789
SYA,20170405,0.024,0.024,0.024,0.024,1329738
SYA,20170406,0.024,0.024,0.024,0.024,59639
SYA,20170407,0.025,0.027,0.025,0.027,596122
SYA,20170410,0.026,0.026,0.024,0.024,802688
SYA,20170411,0.025,0.028,0.025,0.028,509361
SYA,20170412,0.028,0.028,0.028,0.028,0
SYA,20170413,0.025,0.025,0.022,0.024,3313978
SYA,20170418,0.022,0.022,0.021,0.022,1032931
SYA,20170419,0.022,0.023,0.022,0.022,282885
SYA,20170420,0.022,0.022,0.022,0.022,0
SYA,20170421,0.021,0.023,0.021,0.023,446629
SYA,20170424,0.023,0.023,0.023,0.023,0
SYA,20170426,0.021,0.021,0.019,0.02,1997491
SYA,20170427,0.02,0.02,0.02,0.02,219584
SYA,20170428,0.02,0.02,0.02,0.02,192518
SYA,20170501,0.02,0.02,0.02,0.02,450288
SYA,20170502,0.02,0.02,0.02,0.02,1000000
SYA,20170503,0.02,0.024,0.02,0.021,2509785
SYA,20170504,0.021,0.021,0.02,0.02,914350
SYA,20170505,0.02,0.021,0.02,0.021,310930
SYA,20170508,0.022,0.022,0.022,0.022,578568
SYA,20170509,0.021,0.021,0.021,0.021,779735
SYA,20170510,0.02,0.021,0.02,0.021,230211
SYA,20170511,0.019,0.019,0.019,0.019,460774
SYA,20170512,0.02,0.02,0.02,0.02,705000
SYA,20170515,0.02,0.021,0.02,0.021,1286495
SYA,20170516,0.02,0.02,0.019,0.019,1034809
SYA,20170517,0.019,0.02,0.019,0.02,2267122
SYA,20170518,0.02,0.02,0.02,0.02,50000
SYA,20170519,0.02,0.021,0.02,0.021,881304
SYA,20170522,0.021,0.021,0.021,0.021,190478
SYA,20170523,0.017,0.018,0.017,0.018,3589340
SYA,20170524,0.018,0.02,0.018,0.018,2368928
SYA,20170525,0.02,0.02,0.017,0.017,6497663
SYA,20170526,0.017,0.017,0.017,0.017,3705080
SYA,20170529,0.017,0.017,0.017,0.017,403176
SYA,20170530,0.017,0.017,0.017,0.017,550080
SYA,20170531,0.017,0.017,0.017,0.017,175591
SYA,20170601,0.017,0.017,0.017,0.017,0
SYA,20170602,0.017,0.017,0.017,0.017,0
SYA,20170605,0.016,0.016,0.015,0.015,1202068
SYA,20170606,0.016,0.016,0.015,0.016,419976
SYA,20170607,0.016,0.016,0.016,0.016,0
SYA,20170608,0.016,0.016,0.016,0.016,0
SYA,20170609,0.015,0.016,0.015,0.016,868701
SYA,20170613,0.015,0.015,0.015,0.015,1121826
SYA,20170614,0.015,0.015,0.015,0.015,40684
SYA,20170615,0.015,0.015,0.015,0.015,319515
SYA,20170616,0.015,0.015,0.015,0.015,10438
SYA,20170619,0.015,0.015,0.015,0.015,1549260
SYA,20170620,0.015,0.015,0.015,0.015,1223168
SYA,20170621,0.015,0.015,0.014,0.014,1855369
SYA,20170622,0.014,0.014,0.014,0.014,139412
SYA,20170623,0.014,0.014,0.013,0.014,1656967
SYA,20170626,0.013,0.013,0.013,0.013,1618734
SYA,20170627,0.013,0.013,0.013,0.013,1321691
SYA,20170628,0.014,0.015,0.014,0.014,883345
SYA,20170629,0.015,0.016,0.015,0.015,2384562
SYA,20170630,0.016,0.016,0.015,0.015,702178
SYA,20170703,0.016,0.016,0.016,0.016,967846
SYA,20170704,0.017,0.017,0.016,0.016,569115
SYA,20170705,0.016,0.016,0.016,0.016,200000
SYA,20170706,0.015,0.015,0.015,0.015,50000
SYA,20170707,0.016,0.016,0.015,0.015,1037281
SYA,20170710,0.016,0.016,0.016,0.016,87733
SYA,20170711,0.016,0.016,0.016,0.016,114647
SYA,20170712,0.016,0.016,0.016,0.016,200000
SYA,20170713,0.016,0.016,0.016,0.016,1022000
SYA,20170714,0.016,0.018,0.016,0.018,3807371
SYA,20170717,0.018,0.018,0.017,0.017,2271716
SYA,20170718,0.018,0.018,0.017,0.017,161640
SYA,20170719,0.018,0.018,0.017,0.017,547469
SYA,20170720,0.017,0.017,0.017,0.017,647562
SYA,20170721,0.018,0.018,0.017,0.018,90584
SYA,20170724,0.018,0.018,0.016,0.016,1391485
SYA,20170725,0.017,0.017,0.016,0.016,1902842
SYA,20170726,0.016,0.017,0.016,0.017,739710
SYA,20170727,0.017,0.018,0.017,0.017,353391
SYA,20170728,0.017,0.017,0.016,0.016,1460986
SYA,20170731,0.016,0.016,0.016,0.016,446702
SYA,20170801,0.015,0.016,0.015,0.016,1993219
SYA,20170802,0.016,0.016,0.016,0.016,182963
SYA,20170803,0.015,0.016,0.015,0.016,419766
SYA,20170804,0.016,0.016,0.016,0.016,70000
SYA,20170807,0.015,0.015,0.012,0.014,5917944
SYA,20170808,0.014,0.015,0.014,0.014,552147
SYA,20170809,0.014,0.015,0.014,0.015,2649033
SYA,20170810,0.015,0.015,0.015,0.015,61887
SYA,20170811,0.015,0.015,0.015,0.015,0
SYA,20170815,0.014,0.014,0.014,0.014,854672
SYA,20170816,0.014,0.014,0.014,0.014,748264
SYA,20170817,0.014,0.014,0.014,0.014,0
SYA,20170818,0.013,0.015,0.013,0.015,597675
SYA,20170821,0.015,0.015,0.015,0.015,167158
SYA,20170822,0.015,0.015,0.013,0.013,1334151
SYA,20170823,0.014,0.014,0.013,0.013,195495
SYA,20170824,0.014,0.014,0.014,0.014,106075
SYA,20170825,0.014,0.014,0.014,0.014,0
SYA,20170828,0.013,0.013,0.013,0.013,260933
SYA,20170829,0.013,0.013,0.013,0.013,2223442
SYA,20170830,0.014,0.015,0.012,0.015,2832862
SYA,20170831,0.015,0.015,0.015,0.015,34000
SYA,20170901,0.014,0.015,0.014,0.015,92967
SYA,20170904,0.014,0.014,0.013,0.014,73585
SYA,20170905,0.014,0.014,0.014,0.014,70000
SYA,20170906,0.014,0.014,0.013,0.013,904618
SYA,20170907,0.014,0.014,0.013,0.013,271429
SYA,20170908,0.013,0.013,0.013,0.013,100000
SYA,20170911,0.013,0.013,0.013,0.013,0
SYA,20170912,0.014,0.014,0.013,0.013,100001
SYA,20170913,0.014,0.015,0.014,0.015,4451785
SYA,20170914,0.015,0.015,0.015,0.015,2252817
SYA,20170915,0.016,0.016,0.016,0.016,629815
SYA,20170918,0.016,0.016,0.015,0.015,1815242
SYA,20170919,0.015,0.016,0.015,0.016,1564537
SYA,20170920,0.016,0.016,0.016,0.016,0
SYA,20170921,0.016,0.016,0.015,0.015,594889
SYA,20170922,0.015,0.015,0.015,0.015,286337
SYA,20170925,0.015,0.015,0.015,0.015,0
SYA,20170926,0.015,0.015,0.015,0.015,0
SYA,20170927,0.015,0.015,0.015,0.015,0
SYA,20170928,0.013,0.013,0.012,0.012,18864647
SYA,20170929,0.013,0.013,0.011,0.011,8341529
SYA,20171002,0.012,0.012,0.011,0.011,1094556
SYA,20171003,0.012,0.012,0.011,0.011,268357
SYA,20171004,0.012,0.012,0.011,0.011,964650
SYA,20171005,0.012,0.012,0.012,0.012,1961476
SYA,20171006,0.012,0.013,0.011,0.012,3259841
SYA,20171009,0.012,0.013,0.012,0.012,9295160
SYA,20171010,0.012,0.013,0.012,0.013,7187860
SYA,20171011,0.013,0.014,0.013,0.013,16806048
SYA,20171012,0.013,0.013,0.012,0.012,8922407
SYA,20171013,0.012,0.012,0.012,0.012,5449862
SYA,20171016,0.012,0.012,0.011,0.012,6692234
SYA,20171017,0.012,0.013,0.012,0.012,6437135
SYA,20171018,0.013,0.013,0.012,0.013,10117486
SYA,20171019,0.013,0.022,0.013,0.017,152352005
SYA,20171020,0.019,0.019,0.015,0.016,35724624
SYA,20171023,0.016,0.016,0.014,0.014,17505671
SYA,20171024,0.015,0.016,0.015,0.016,9753229
SYA,20171025,0.016,0.018,0.016,0.016,19441428
SYA,20171026,0.017,0.019,0.016,0.018,29739852
SYA,20171027,0.019,0.024,0.019,0.02,80879626
SYA,20171030,0.022,0.026,0.021,0.025,48188717
SYA,20171031,0.026,0.034,0.026,0.029,96890951
SYA,20171101,0.03,0.031,0.025,0.026,37028568
SYA,20171102,0.026,0.027,0.024,0.025,18289925
SYA,20171103,0.025,0.03,0.025,0.027,19789886
SYA,20171106,0.027,0.03,0.027,0.028,19539128
SYA,20171107,0.029,0.029,0.026,0.027,10285382
SYA,20171108,0.027,0.029,0.026,0.028,11078976
SYA,20171109,0.029,0.042,0.028,0.037,127145712
SYA,20171110,0.029,0.042,0.028,0.037,127145712
SYA,20171113,0.032,0.039,0.031,0.038,83027399
SYA,20171114,0.041,0.047,0.04,0.043,155554253
SYA,20171115,0.046,0.047,0.039,0.041,49114809
SYA,20171116,0.039,0.041,0.036,0.038,30507443
SYA,20171117,0.041,0.043,0.039,0.04,29012269
SYA,20171120,0.041,0.045,0.04,0.044,37715479
SYA,20171121,0.045,0.05,0.044,0.049,56072501
SYA,20171122,0.051,0.057,0.046,0.055,78612880
SYA,20171123,0.056,0.06,0.053,0.055,54107534
SYA,20171124,0.054,0.056,0.05,0.052,23373163
SYA,20171127,0.052,0.052,0.048,0.05,14614134
SYA,20171128,0.051,0.056,0.05,0.056,19423486
SYA,20171129,0.056,0.06,0.052,0.052,31858832
SYA,20171130,0.054,0.058,0.052,0.052,20351247
SYA,20171201,0.053,0.055,0.052,0.052,9323606
SYA,20171204,0.053,0.055,0.053,0.054,15279220
SYA,20171205,0.055,0.056,0.052,0.052,20222869
SYA,20171206,0.053,0.054,0.048,0.051,19608754
SYA,20171207,0.05,0.052,0.048,0.048,13391577
SYA,20171208,0.049,0.05,0.045,0.046,16791662
SYA,20171211,0.045,0.051,0.043,0.043,31417001
SYA,20171212,0.043,0.043,0.038,0.039,24309014
SYA,20171213,0.04,0.043,0.039,0.04,20372302
SYA,20171214,0.041,0.046,0.041,0.044,15996267
SYA,20171215,0.046,0.047,0.044,0.044,10333380
SYA,20171218,0.045,0.045,0.043,0.043,7500813
SYA,20171219,0.044,0.046,0.043,0.045,6140607
SYA,20171220,0.046,0.05,0.045,0.049,14508560
SYA,20171221,0.048,0.05,0.046,0.049,10475254
SYA,20171222,0.05,0.053,0.05,0.05,8314013
SYA,20171227,0.051,0.055,0.051,0.055,11080711
SYA,20171228,0.055,0.069,0.055,0.068,34618642
SYA,20171229,0.07,0.074,0.065,0.07,42555160
SYA,20180102,0.071,0.076,0.071,0.076,19071110
SYA,20180103,0.084,0.097,0.082,0.087,62865607
SYA,20180104,0.09,0.093,0.083,0.088,25752040
SYA,20180105,0.089,0.089,0.077,0.083,23284673
SYA,20180108,0.083,0.088,0.083,0.086,13092536
SYA,20180109,0.088,0.092,0.087,0.092,16156556
SYA,20180110,0.093,0.102,0.092,0.1,27781695
SYA,20180111,0.105,0.12,0.1,0.115,40140764
SYA,20180112,0.105,0.115,0.093,0.099,51137306
SYA,20180115,0.105,0.12,0.1,0.105,20464517
SYA,20180116,0.11,0.115,0.105,0.105,9909726
SYA,20180117,0.11,0.115,0.105,0.11,9425332
SYA,20180118,0.11,0.115,0.097,0.099,19514665
SYA,20180119,0.094,0.097,0.081,0.092,27429379
SYA,20180122,0.09,0.09,0.079,0.079,29414610
SYA,20180123,0.081,0.088,0.081,0.085,16016224
SYA,20180124,0.087,0.092,0.083,0.084,16274482
SYA,20180125,0.082,0.084,0.08,0.082,9741744
SYA,20180129,0.082,0.083,0.079,0.081,6011041
SYA,20180130,0.08,0.081,0.076,0.077,8833828
SYA,20180131,0.075,0.075,0.067,0.069,35400610
SYA,20180201,0.072,0.079,0.072,0.074,25395798
SYA,20180202,0.072,0.073,0.069,0.069,18410622
SYA,20180205,0.064,0.064,0.06,0.06,21644073
SYA,20180207,0.056,0.059,0.056,0.058,31457803
SYA,20180208,0.063,0.067,0.059,0.066,28623766
SYA,20180209,0.054,0.063,0.054,0.063,36126168
SYA,20180212,0.066,0.067,0.064,0.064,25656698
SYA,20180213,0.068,0.07,0.067,0.068,22584136
SYA,20180214,0.069,0.069,0.064,0.064,15510922
SYA,20180215,0.071,0.072,0.068,0.069,22603720
SYA,20180216,0.069,0.07,0.064,0.065,12733385
SYA,20180219,0.066,0.066,0.064,0.065,5183751
SYA,20180220,0.066,0.066,0.064,0.064,3392428
SYA,20180221,0.064,0.064,0.061,0.061,4058521
SYA,20180222,0.061,0.067,0.061,0.067,5719806
SYA,20180223,0.067,0.068,0.063,0.063,5665504
SYA,20180226,0.065,0.066,0.064,0.064,6763763
SYA,20180227,0.064,0.065,0.061,0.062,8345045
SYA,20180228,0.062,0.064,0.062,0.063,2729643
SYA,20180301,0.062,0.063,0.061,0.061,2698113
SYA,20180302,0.06,0.06,0.059,0.059,5129318
SYA,20180305,0.059,0.06,0.053,0.056,13423487
SYA,20180306,0.056,0.057,0.055,0.056,4060668
SYA,20180307,0.056,0.056,0.054,0.054,3537207
SYA,20180308,0.054,0.054,0.05,0.051,12287372
SYA,20180309,0.051,0.056,0.051,0.055,9724091
SYA,20180312,0.059,0.06,0.058,0.06,9971074
SYA,20180313,0.063,0.065,0.06,0.062,10428274
SYA,20180314,0.062,0.062,0.059,0.061,5135980
SYA,20180315,0.061,0.062,0.059,0.061,9201842
SYA,20180316,0.062,0.063,0.061,0.062,8602063
SYA,20180319,0.062,0.07,0.062,0.066,19073119
SYA,20180320,0.063,0.065,0.062,0.063,7883419
SYA,20180321,0.064,0.068,0.063,0.066,11885670
SYA,20180322,0.067,0.067,0.063,0.063,8165688
SYA,20180323,0.061,0.062,0.059,0.061,10817754
SYA,20180326,0.061,0.061,0.058,0.059,4335162
SYA,20180327,0.061,0.062,0.058,0.059,6912407
SYA,20180328,0.059,0.059,0.057,0.057,2698364
SYA,20180329,0.057,0.058,0.057,0.058,2589424
SYA,20180403,0.058,0.059,0.056,0.057,4169898
SYA,20180404,0.058,0.06,0.058,0.058,3359233
SYA,20180405,0.058,0.06,0.056,0.058,3931860
SYA,20180406,0.059,0.059,0.056,0.056,2586615
SYA,20180409,0.056,0.056,0.052,0.052,7629029
SYA,20180410,0.054,0.056,0.052,0.053,6627617
SYA,20180411,0.054,0.057,0.054,0.056,5271059
SYA,20180412,0.058,0.062,0.057,0.061,12822547
SYA,20180413,0.062,0.066,0.061,0.065,20614095
SYA,20180416,0.065,0.065,0.065,0.065,0
SYA,20180417,0.065,0.065,0.065,0.065,0
SYA,20180418,0.057,0.063,0.055,0.058,10628092
SYA,20180419,0.056,0.056,0.052,0.053,18777167
SYA,20180420,0.055,0.055,0.053,0.053,8190238
SYA,20180423,0.054,0.056,0.054,0.055,4739550
SYA,20180424,0.053,0.053,0.051,0.052,46705022
SYA,20180426,0.052,0.052,0.051,0.051,8657991
SYA,20180427,0.052,0.053,0.051,0.052,8399840
SYA,20180430,0.053,0.053,0.052,0.052,8544575
SYA,20180501,0.052,0.052,0.051,0.051,17461418
SYA,20180502,0.051,0.051,0.049,0.049,16234224
SYA,20180503,0.049,0.049,0.046,0.047,16893573
SYA,20180504,0.048,0.049,0.047,0.048,7799007
SYA,20180507,0.049,0.05,0.047,0.047,8570180
SYA,20180508,0.049,0.049,0.047,0.047,1802473
SYA,20180509,0.049,0.049,0.047,0.047,2035615
SYA,20180510,0.048,0.049,0.047,0.048,7048184
SYA,20180511,0.048,0.048,0.047,0.048,1945803
SYA,20180514,0.048,0.048,0.045,0.045,6527766
SYA,20180515,0.046,0.047,0.046,0.046,3529307
SYA,20180516,0.048,0.048,0.045,0.045,4790171
SYA,20180517,0.046,0.047,0.041,0.047,14750677
SYA,20180518,0.048,0.05,0.047,0.047,10505958
SYA,20180521,0.048,0.049,0.045,0.046,6316722
SYA,20180522,0.047,0.048,0.046,0.046,4539858
SYA,20180523,0.046,0.046,0.045,0.045,4782311
SYA,20180524,0.046,0.046,0.045,0.045,3390564
SYA,20180525,0.044,0.045,0.043,0.044,6082067
SYA,20180528,0.045,0.045,0.043,0.043,3006451
SYA,20180529,0.044,0.044,0.042,0.042,3634491
SYA,20180530,0.043,0.049,0.043,0.048,23021146
SYA,20180531,0.049,0.049,0.047,0.048,8757957
SYA,20180601,0.048,0.048,0.047,0.047,1684480
SYA,20180604,0.047,0.048,0.046,0.046,5200114
SYA,20180605,0.046,0.046,0.042,0.043,11230482
SYA,20180606,0.043,0.045,0.043,0.044,3175168
SYA,20180607,0.045,0.046,0.044,0.044,2987076
SYA,20180608,0.045,0.046,0.044,0.044,1314638
SYA,20180612,0.045,0.045,0.043,0.044,1564957
SYA,20180613,0.044,0.045,0.043,0.043,2788450
SYA,20180614,0.043,0.044,0.043,0.043,541558
SYA,20180615,0.044,0.044,0.043,0.043,1423082
SYA,20180618,0.042,0.043,0.042,0.042,2533079
SYA,20180619,0.042,0.043,0.04,0.04,7913129
SYA,20180620,0.04,0.041,0.039,0.039,2946054
SYA,20180621,0.04,0.04,0.039,0.039,7060091
SYA,20180622,0.039,0.04,0.037,0.037,5119982
SYA,20180625,0.039,0.04,0.037,0.038,5707587
SYA,20180626,0.038,0.039,0.036,0.037,10580074
SYA,20180627,0.038,0.04,0.038,0.038,2880806
SYA,20180628,0.039,0.039,0.038,0.038,2905079
SYA,20180629,0.039,0.04,0.038,0.04,3159518
SYA,20180702,0.037,0.037,0.031,0.033,26529016
SYA,20180703,0.032,0.032,0.024,0.027,34824494
SYA,20180704,0.027,0.027,0.023,0.024,33497386
SYA,20180705,0.028,0.036,0.028,0.032,65046111
SYA,20180706,0.034,0.035,0.032,0.033,20826497
SYA,20180710,0.034,0.034,0.032,0.032,3490705
SYA,20180711,0.034,0.038,0.034,0.037,24682817
SYA,20180712,0.038,0.049,0.038,0.049,41433561
SYA,20180713,0.05,0.053,0.046,0.047,32056868
SYA,20180716,0.047,0.047,0.042,0.043,14734069
SYA,20180717,0.042,0.053,0.042,0.052,25439474
SYA,20180718,0.051,0.052,0.047,0.048,14138463
SYA,20180719,0.048,0.049,0.047,0.047,6223417
SYA,20180720,0.047,0.049,0.046,0.047,5256080
SYA,20180723,0.047,0.047,0.043,0.044,10459155
SYA,20180724,0.044,0.045,0.043,0.044,4933319
SYA,20180725,0.043,0.044,0.042,0.043,3915192
SYA,20180726,0.044,0.047,0.044,0.044,5617635
SYA,20180727,0.044,0.046,0.042,0.042,5099703
SYA,20180730,0.042,0.043,0.041,0.041,7702612
SYA,20180731,0.042,0.042,0.04,0.041,5132371
SYA,20180801,0.042,0.044,0.042,0.043,6665293
SYA,20180802,0.045,0.047,0.044,0.045,9241482
SYA,20180803,0.045,0.045,0.042,0.042,6781963
SYA,20180806,0.043,0.043,0.042,0.043,2877993
SYA,20180807,0.042,0.043,0.042,0.042,3268797
SYA,20180808,0.042,0.043,0.041,0.043,2662315
SYA,20180809,0.042,0.043,0.04,0.04,3516824
SYA,20180810,0.04,0.041,0.04,0.04,1671402
SYA,20180813,0.04,0.04,0.038,0.038,2125672
SYA,20180814,0.038,0.038,0.036,0.036,4875146
SYA,20180816,0.034,0.035,0.032,0.034,6466779
SYA,20180817,0.033,0.034,0.033,0.033,2176192
SYA,20180820,0.037,0.039,0.036,0.037,5785029
SYA,20180821,0.038,0.038,0.035,0.035,3778444
SYA,20180822,0.035,0.035,0.034,0.034,1256992
SYA,20180823,0.034,0.036,0.034,0.034,1478927
SYA,20180824,0.034,0.036,0.034,0.036,2195053
SYA,20180827,0.035,0.035,0.034,0.034,1887454
SYA,20180828,0.034,0.034,0.032,0.033,3766481
SYA,20180829,0.033,0.033,0.032,0.032,4058032
SYA,20180830,0.033,0.034,0.032,0.033,2712955
SYA,20180831,0.033,0.035,0.033,0.034,1653475
SYA,20180903,0.035,0.035,0.033,0.033,1175548
SYA,20180904,0.034,0.034,0.032,0.033,1812792
SYA,20180905,0.033,0.033,0.031,0.032,2245734
SYA,20180906,0.032,0.032,0.029,0.029,6279997
SYA,20180907,0.03,0.03,0.029,0.029,2157522
SYA,20180910,0.03,0.033,0.03,0.032,2650781
SYA,20180913,0.034,0.034,0.033,0.033,2304783
SYA,20180914,0.034,0.034,0.032,0.032,2871712
SYA,20180917,0.032,0.033,0.032,0.032,1778015
SYA,20180918,0.032,0.034,0.031,0.033,2329405
SYA,20180919,0.033,0.036,0.032,0.034,3102343
SYA,20180920,0.034,0.035,0.034,0.035,2949080
SYA,20180921,0.035,0.036,0.035,0.035,1921485
SYA,20180924,0.038,0.038,0.035,0.037,4736099
SYA,20180925,0.037,0.037,0.033,0.033,4471026
SYA,20180926,0.033,0.034,0.032,0.032,1961075
SYA,20180927,0.032,0.034,0.032,0.033,1457953
SYA,20180928,0.034,0.034,0.034,0.034,788279
SYA,20181001,0.035,0.035,0.033,0.034,490177
SYA,20181002,0.034,0.034,0.032,0.032,3222761
SYA,20181003,0.033,0.033,0.032,0.032,4665901
SYA,20181004,0.033,0.033,0.032,0.032,1823417
SYA,20181005,0.032,0.033,0.032,0.033,1562636
SYA,20181008,0.032,0.033,0.032,0.033,782602
SYA,20181009,0.032,0.033,0.032,0.033,955750
SYA,20181010,0.033,0.033,0.031,0.031,2596770
SYA,20181011,0.029,0.03,0.027,0.028,5603530
SYA,20181012,0.029,0.031,0.029,0.029,2780689
SYA,20181015,0.03,0.03,0.03,0.03,1039077
SYA,20181016,0.03,0.03,0.028,0.029,2039518
SYA,20181017,0.03,0.03,0.028,0.028,1869138
SYA,20181018,0.029,0.03,0.029,0.029,1178798
SYA,20181019,0.029,0.03,0.028,0.029,834324
SYA,20181022,0.029,0.029,0.028,0.028,577873
SYA,20181023,0.028,0.03,0.028,0.029,825810
SYA,20181024,0.028,0.029,0.027,0.027,3818663
SYA,20181025,0.028,0.028,0.025,0.025,2894881
SYA,20181026,0.027,0.027,0.026,0.026,1972822
SYA,20181030,0.026,0.032,0.026,0.031,6762466
SYA,20181031,0.03,0.03,0.026,0.026,3582465
SYA,20181101,0.027,0.027,0.026,0.026,1342504
SYA,20181102,0.026,0.028,0.026,0.027,1863936
SYA,20181105,0.028,0.028,0.026,0.027,401000
SYA,20181106,0.027,0.027,0.027,0.027,248272
SYA,20181107,0.027,0.029,0.027,0.029,4673741
SYA,20181108,0.03,0.03,0.028,0.028,2150724
SYA,20181109,0.028,0.028,0.027,0.028,1888007
SYA,20181112,0.027,0.028,0.026,0.027,411686
SYA,20181113,0.026,0.026,0.025,0.025,3275037
SYA,20181114,0.026,0.026,0.025,0.025,768491
SYA,20181115,0.026,0.027,0.025,0.026,2368594
SYA,20181116,0.026,0.026,0.025,0.026,2193744
SYA,20181119,0.027,0.027,0.025,0.026,1263994
SYA,20181120,0.026,0.026,0.025,0.025,1519639
SYA,20181121,0.025,0.025,0.024,0.024,3019179
SYA,20181122,0.025,0.025,0.025,0.025,986429
SYA,20181123,0.026,0.026,0.024,0.025,390973
SYA,20181126,0.024,0.025,0.022,0.023,6876880
SYA,20181127,0.024,0.024,0.023,0.024,1681835
SYA,20181128,0.023,0.023,0.022,0.022,967381
SYA,20181129,0.023,0.023,0.022,0.022,1501214
SYA,20181130,0.023,0.023,0.023,0.023,747567
SYA,20181203,0.023,0.024,0.023,0.024,853800
SYA,20181204,0.024,0.024,0.023,0.023,475897
SYA,20181205,0.023,0.023,0.023,0.023,357938
SYA,20181206,0.022,0.022,0.022,0.022,836573
SYA,20181207,0.022,0.022,0.022,0.022,1061409
SYA,20181210,0.022,0.022,0.022,0.022,507998
SYA,20181211,0.021,0.021,0.021,0.021,3505910
SYA,20181212,0.021,0.021,0.016,0.018,7961921
SYA,20181213,0.019,0.019,0.019,0.019,3137464
SYA,20181214,0.019,0.019,0.018,0.018,764049
SYA,20181217,0.019,0.019,0.018,0.018,453689
SYA,20181218,0.018,0.018,0.018,0.018,1309557
SYA,20181219,0.018,0.018,0.017,0.017,1081957
SYA,20181220,0.017,0.02,0.017,0.02,3392678
SYA,20181221,0.019,0.019,0.018,0.018,613100
SYA,20181224,0.018,0.021,0.018,0.019,1359955
SYA,20181227,0.02,0.021,0.019,0.019,1402000
SYA,20181228,0.019,0.019,0.018,0.018,169530
SYA,20181231,0.019,0.02,0.019,0.02,84979
SYA,20190102,0.02,0.02,0.018,0.018,1173064
SYA,20190103,0.018,0.019,0.018,0.018,1018599
SYA,20190104,0.019,0.019,0.019,0.019,51590
SYA,20190107,0.019,0.019,0.018,0.018,893410
SYA,20190108,0.018,0.019,0.018,0.018,963475
SYA,20190109,0.018,0.018,0.018,0.018,236189
SYA,20190110,0.02,0.021,0.019,0.02,2285181
SYA,20190111,0.021,0.021,0.02,0.02,419636
SYA,20190114,0.02,0.02,0.02,0.02,372500
SYA,20190115,0.021,0.021,0.02,0.02,124000
SYA,20190116,0.02,0.02,0.02,0.02,0
SYA,20190117,0.019,0.02,0.019,0.019,1446585
SYA,20190118,0.019,0.02,0.019,0.02,462947
SYA,20190121,0.02,0.02,0.019,0.02,868666
SYA,20190122,0.02,0.02,0.018,0.018,1696507
SYA,20190123,0.019,0.019,0.018,0.018,337073
SYA,20190124,0.019,0.019,0.018,0.018,494494
SYA,20190125,0.018,0.019,0.018,0.018,94695
SYA,20190129,0.019,0.021,0.019,0.019,4605533
SYA,20190130,0.02,0.021,0.02,0.021,1051037
SYA,20190131,0.022,0.022,0.02,0.02,730671
SYA,20190201,0.021,0.021,0.021,0.021,158348
SYA,20190204,0.021,0.022,0.021,0.021,173099
SYA,20190205,0.022,0.025,0.021,0.023,3367616
SYA,20190206,0.024,0.027,0.024,0.027,5535169
SYA,20190207,0.027,0.028,0.025,0.025,6174570
SYA,20190208,0.025,0.025,0.023,0.023,3535388
SYA,20190211,0.023,0.023,0.02,0.02,6007754
SYA,20190212,0.02,0.024,0.02,0.023,1583602
SYA,20190213,0.024,0.024,0.023,0.023,838403
SYA,20190214,0.023,0.023,0.022,0.022,1479410
SYA,20190215,0.022,0.023,0.022,0.022,768791
SYA,20190218,0.022,0.023,0.022,0.023,502687
SYA,20190219,0.022,0.022,0.021,0.021,502413
SYA,20190220,0.021,0.021,0.021,0.021,1001387
SYA,20190221,0.022,0.022,0.021,0.021,513144
SYA,20190222,0.021,0.024,0.021,0.022,2079495
SYA,20190225,0.022,0.023,0.022,0.023,1238434
SYA,20190226,0.023,0.025,0.023,0.024,3521650
SYA,20190227,0.024,0.024,0.024,0.024,311449
SYA,20190228,0.023,0.024,0.023,0.024,894306
SYA,20190301,0.024,0.024,0.024,0.024,10000
SYA,20190304,0.024,0.024,0.023,0.023,1422177
SYA,20190305,0.023,0.023,0.022,0.022,378729
SYA,20190306,0.02,0.02,0.016,0.018,24640252
SYA,20190307,0.019,0.019,0.017,0.017,1572683
SYA,20190308,0.018,0.018,0.018,0.018,1945992
SYA,20190311,0.018,0.018,0.017,0.017,1620459
SYA,20190312,0.017,0.018,0.017,0.017,3224739
SYA,20190313,0.018,0.018,0.017,0.017,1220409
SYA,20190314,0.018,0.018,0.016,0.016,2369399
SYA,20190315,0.016,0.017,0.014,0.015,9233992
SYA,20190318,0.015,0.015,0.014,0.014,1907641
SYA,20190319,0.015,0.016,0.015,0.016,3099117
SYA,20190320,0.017,0.017,0.016,0.016,1005000
SYA,20190321,0.016,0.016,0.015,0.015,1861228
SYA,20190322,0.015,0.016,0.015,0.016,324850
SYA,20190325,0.016,0.016,0.015,0.015,312030
SYA,20190326,0.016,0.017,0.016,0.016,1042579
SYA,20190327,0.015,0.017,0.015,0.015,1082603
SYA,20190328,0.016,0.018,0.015,0.018,3664277
SYA,20190329,0.018,0.018,0.017,0.018,1184928
SYA,20190401,0.017,0.017,0.016,0.016,660405
SYA,20190402,0.019,0.019,0.017,0.017,980766
SYA,20190403,0.017,0.017,0.017,0.017,256511
SYA,20190404,0.017,0.019,0.017,0.018,1003729
SYA,20190405,0.018,0.019,0.018,0.019,1182588
SYA,20190408,0.018,0.018,0.017,0.017,766886
SYA,20190409,0.018,0.018,0.017,0.018,1913856
SYA,20190410,0.017,0.017,0.017,0.017,73621
SYA,20190411,0.018,0.018,0.017,0.017,766528
SYA,20190412,0.018,0.018,0.017,0.017,441831
SYA,20190415,0.018,0.019,0.017,0.018,4631796
SYA,20190416,0.018,0.018,0.017,0.018,1000522
SYA,20190417,0.018,0.018,0.017,0.017,368388
SYA,20190418,0.017,0.017,0.016,0.016,2523127
SYA,20190423,0.016,0.016,0.016,0.016,0
SYA,20190424,0.016,0.016,0.014,0.015,3263924
SYA,20190426,0.015,0.015,0.015,0.015,1008183
SYA,20190429,0.015,0.015,0.014,0.015,791595
SYA,20190430,0.014,0.014,0.014,0.014,3370003
SYA,20190501,0.013,0.014,0.013,0.014,2425971
SYA,20190502,0.014,0.014,0.013,0.014,2536646
SYA,20190503,0.014,0.016,0.014,0.015,2239643
SYA,20190506,0.016,0.016,0.014,0.015,796740
SYA,20190507,0.016,0.016,0.014,0.014,1250889
SYA,20190508,0.014,0.014,0.014,0.014,1887468
SYA,20190509,0.014,0.014,0.013,0.014,756697
SYA,20190510,0.014,0.015,0.014,0.014,720407
SYA,20190513,0.015,0.015,0.014,0.014,1779566
SYA,20190514,0.014,0.014,0.013,0.013,2602277
SYA,20190515,0.013,0.013,0.013,0.013,2663838
SYA,20190516,0.014,0.014,0.014,0.014,285000
SYA,20190517,0.014,0.014,0.011,0.012,3938241
SYA,20190520,0.012,0.013,0.011,0.011,2441932
SYA,20190521,0.011,0.011,0.01,0.011,7586548
SYA,20190522,0.012,0.012,0.011,0.011,5950050
SYA,20190523,0.011,0.011,0.01,0.011,6784243
SYA,20190524,0.012,0.012,0.01,0.01,2089092
SYA,20190527,0.01,0.012,0.01,0.01,8176453
SYA,20190528,0.01,0.01,0.01,0.01,4485561
SYA,20190529,0.01,0.011,0.01,0.01,1378209
SYA,20190530,0.01,0.011,0.01,0.01,944038
SYA,20190531,0.011,0.011,0.01,0.01,2688240
SYA,20190603,0.011,0.011,0.01,0.01,442402
SYA,20190604,0.011,0.013,0.011,0.012,9631993
SYA,20190605,0.012,0.012,0.011,0.011,1406466
SYA,20190606,0.012,0.012,0.011,0.011,1520535
SYA,20190607,0.011,0.011,0.011,0.011,3652847
SYA,20190611,0.011,0.011,0.011,0.011,2031027
SYA,20190612,0.011,0.012,0.011,0.012,361316
SYA,20190613,0.011,0.011,0.01,0.01,1528194
SYA,20190614,0.01,0.01,0.01,0.01,0
SYA,20190617,0.011,0.011,0.01,0.011,3382448
SYA,20190618,0.011,0.012,0.01,0.01,9585783
SYA,20190619,0.01,0.01,0.01,0.01,120000
SYA,20190620,0.011,0.011,0.01,0.01,230000
SYA,20190621,0.01,0.011,0.01,0.01,7750006
SYA,20190624,0.01,0.01,0.008,0.008,14834521
SYA,20190625,0.009,0.009,0.008,0.008,4784193
SYA,20190626,0.008,0.008,0.008,0.008,457974
SYA,20190627,0.008,0.008,0.008,0.008,7985931
SYA,20190628,0.009,0.009,0.008,0.008,3865290
SYA,20190701,0.008,0.008,0.008,0.008,1916710
SYA,20190702,0.008,0.008,0.008,0.008,862015
SYA,20190703,0.009,0.009,0.008,0.008,230494
SYA,20190704,0.008,0.008,0.008,0.008,1675821
SYA,20190705,0.008,0.008,0.008,0.008,3745536
SYA,20190708,0.009,0.009,0.008,0.008,1807777
SYA,20190709,0.008,0.008,0.008,0.008,230000
SYA,20190710,0.009,0.009,0.008,0.008,2424800
SYA,20190711,0.009,0.009,0.008,0.008,1333629
SYA,20190712,0.008,0.008,0.008,0.008,1000000
SYA,20190715,0.008,0.008,0.008,0.008,3507194
SYA,20190716,0.007,0.007,0.007,0.007,8322184
SYA,20190717,0.007,0.007,0.007,0.007,4064707
SYA,20190718,0.008,0.008,0.006,0.007,2819428
SYA,20190719,0.007,0.007,0.007,0.007,2282955
SYA,20190722,0.007,0.007,0.007,0.007,1410138
SYA,20190723,0.007,0.007,0.007,0.007,469530
SYA,20190724,0.007,0.007,0.007,0.007,26500
SYA,20190725,0.008,0.008,0.007,0.007,6308460
SYA,20190726,0.007,0.008,0.007,0.008,569981
SYA,20190729,0.008,0.008,0.007,0.007,665690
SYA,20190730,0.007,0.008,0.007,0.007,299091
SYA,20190731,0.007,0.008,0.007,0.008,1065000
SYA,20190801,0.007,0.008,0.007,0.008,161222
SYA,20190802,0.008,0.008,0.008,0.008,1250000
SYA,20190805,0.008,0.008,0.007,0.008,167664
SYA,20190806,0.007,0.008,0.007,0.008,142488
SYA,20190807,0.007,0.007,0.007,0.007,196588
SYA,20190808,0.008,0.009,0.008,0.009,12059540
SYA,20190809,0.009,0.01,0.009,0.01,1505651
SYA,20190812,0.01,0.01,0.009,0.009,2112080
SYA,20190813,0.009,0.009,0.009,0.009,100000
SYA,20190814,0.01,0.01,0.009,0.009,832000
SYA,20190815,0.009,0.009,0.008,0.008,722738
SYA,20190816,0.009,0.009,0.009,0.009,1370000
SYA,20190819,0.009,0.009,0.009,0.009,250000
SYA,20190820,0.009,0.009,0.009,0.009,250000
SYA,20190821,0.008,0.008,0.008,0.008,110000
SYA,20190822,0.008,0.008,0.008,0.008,37500
SYA,20190823,0.008,0.009,0.008,0.009,2988058
SYA,20190826,0.009,0.009,0.008,0.008,1661414
SYA,20190827,0.008,0.008,0.008,0.008,385000
SYA,20190828,0.008,0.008,0.008,0.008,515000
SYA,20190829,0.008,0.009,0.008,0.008,1348502
SYA,20190830,0.008,0.008,0.008,0.008,1343125
SYA,20190902,0.008,0.008,0.008,0.008,5741196
SYA,20190903,0.008,0.009,0.008,0.009,1040875
SYA,20190904,0.009,0.009,0.008,0.008,300000
SYA,20190905,0.008,0.008,0.008,0.008,400000
SYA,20190906,0.009,0.009,0.009,0.009,6303730
SYA,20190909,0.01,0.011,0.01,0.01,4390872
SYA,20190910,0.01,0.01,0.01,0.01,1185000
SYA,20190911,0.01,0.01,0.01,0.01,409200
SYA,20190912,0.01,0.01,0.01,0.01,133035
SYA,20190913,0.01,0.01,0.01,0.01,0
SYA,20190916,0.009,0.009,0.009,0.009,375646
SYA,20190917,0.009,0.009,0.009,0.009,0
SYA,20190918,0.009,0.009,0.009,0.009,0
SYA,20190919,0.009,0.01,0.009,0.01,350004
SYA,20190920,0.01,0.01,0.01,0.01,413551
SYA,20190923,0.01,0.011,0.01,0.01,3334585
SYA,20190924,0.01,0.01,0.01,0.01,487572
SYA,20190925,0.01,0.01,0.01,0.01,55000
SYA,20190926,0.009,0.009,0.009,0.009,209375
SYA,20190927,0.01,0.011,0.01,0.01,1116888
SYA,20190930,0.01,0.01,0.01,0.01,279116
SYA,20191001,0.009,0.009,0.009,0.009,229650
SYA,20191002,0.009,0.009,0.009,0.009,614994
SYA,20191003,0.01,0.01,0.009,0.009,3985485
SYA,20191004,0.009,0.01,0.009,0.009,3240563
SYA,20191007,0.009,0.009,0.009,0.009,495633
SYA,20191008,0.009,0.009,0.009,0.009,352474
SYA,20191009,0.01,0.01,0.008,0.008,1061363
SYA,20191010,0.01,0.01,0.01,0.01,1248386
SYA,20191011,0.01,0.01,0.009,0.01,3807727
SYA,20191014,0.009,0.01,0.009,0.01,708999
SYA,20191015,0.009,0.009,0.009,0.009,2021465
SYA,20191016,0.009,0.009,0.009,0.009,68600
SYA,20191017,0.009,0.009,0.009,0.009,558951
SYA,20191018,0.009,0.009,0.009,0.009,199320
SYA,20191021,0.01,0.01,0.01,0.01,450000
SYA,20191022,0.01,0.01,0.01,0.01,444150
SYA,20191023,0.01,0.01,0.01,0.01,0
SYA,20191024,0.01,0.01,0.01,0.01,2912113
SYA,20191025,0.01,0.01,0.01,0.01,1731996
SYA,20191028,0.009,0.01,0.009,0.009,540949
SYA,20191029,0.009,0.009,0.009,0.009,0
SYA,20191030,0.01,0.011,0.01,0.011,2070000
SYA,20191031,0.011,0.011,0.01,0.01,723571
SYA,20191101,0.011,0.011,0.009,0.009,2944569
SYA,20191104,0.009,0.01,0.009,0.01,1087249
SYA,20191105,0.01,0.01,0.01,0.01,251505
SYA,20191106,0.009,0.009,0.009,0.009,70223
SYA,20191107,0.01,0.011,0.01,0.011,4623064
SYA,20191108,0.011,0.011,0.01,0.01,994303
SYA,20191111,0.01,0.011,0.01,0.011,1285608
SYA,20191112,0.011,0.011,0.01,0.01,2447319
SYA,20191113,0.01,0.01,0.01,0.01,1853072
SYA,20191114,0.01,0.01,0.01,0.01,1723453
SYA,20191115,0.01,0.01,0.01,0.01,258888
SYA,20191118,0.01,0.01,0.009,0.01,375505
SYA,20191119,0.01,0.01,0.009,0.01,1365853
SYA,20191120,0.01,0.01,0.01,0.01,427213
SYA,20191121,0.009,0.01,0.009,0.01,208000
SYA,20191122,0.01,0.01,0.01,0.01,1608416
SYA,20191125,0.011,0.011,0.011,0.011,1295913
SYA,20191126,0.01,0.01,0.01,0.01,146178
SYA,20191127,0.011,0.011,0.01,0.01,5182577
SYA,20191128,0.01,0.01,0.01,0.01,3433292
SYA,20191129,0.01,0.01,0.01,0.01,591983
SYA,20191202,0.01,0.01,0.01,0.01,1054335
SYA,20191203,0.011,0.011,0.01,0.01,1568810
SYA,20191204,0.01,0.011,0.01,0.011,2344618
SYA,20191205,0.011,0.011,0.011,0.011,113331
SYA,20191206,0.01,0.011,0.01,0.011,2126390
SYA,20191209,0.012,0.012,0.011,0.011,3844005
SYA,20191210,0.011,0.011,0.011,0.011,632951
SYA,20191211,0.011,0.011,0.01,0.01,2220856
SYA,20191212,0.01,0.01,0.01,0.01,1200000
SYA,20191213,0.011,0.011,0.01,0.01,2826080
SYA,20191216,0.01,0.011,0.01,0.01,310000
SYA,20191217,0.01,0.01,0.01,0.01,0
SYA,20191218,0.011,0.011,0.01,0.01,681771
SYA,20191219,0.01,0.01,0.01,0.01,0
SYA,20191220,0.01,0.011,0.01,0.01,1605523
SYA,20191223,0.01,0.01,0.01,0.01,216027
SYA,20191224,0.011,0.011,0.011,0.011,200000
SYA,20191227,0.011,0.011,0.01,0.01,149706
SYA,20191230,0.01,0.01,0.01,0.01,149734
SYA,20191231,0.01,0.011,0.01,0.011,165277
SYA,20200102,0.011,0.014,0.011,0.014,15250959
SYA,20200103,0.014,0.017,0.014,0.016,21096786
SYA,20200106,0.017,0.018,0.017,0.017,12955167
SYA,20200107,0.017,0.017,0.015,0.016,6700743
SYA,20200108,0.016,0.016,0.014,0.015,5348926
SYA,20200109,0.015,0.016,0.014,0.015,5951894
SYA,20200113,0.017,0.017,0.016,0.017,1331476
SYA,20200114,0.017,0.021,0.017,0.021,35203246
SYA,20200115,0.022,0.023,0.019,0.019,17220175
SYA,20200116,0.02,0.02,0.018,0.019,12722186
SYA,20200117,0.019,0.019,0.016,0.017,12552408
SYA,20200120,0.018,0.018,0.017,0.017,5237550
SYA,20200121,0.018,0.018,0.017,0.017,1027861
SYA,20200122,0.018,0.019,0.018,0.019,3018367
SYA,20200123,0.019,0.019,0.018,0.019,2041099
SYA,20200124,0.018,0.019,0.018,0.018,3378343
SYA,20200128,0.018,0.018,0.017,0.017,2687559
SYA,20200129,0.018,0.018,0.017,0.017,1515901
SYA,20200130,0.017,0.017,0.017,0.017,2953594
SYA,20200203,0.016,0.016,0.013,0.013,13053706
SYA,20200204,0.014,0.015,0.014,0.014,4385646
SYA,20200205,0.015,0.015,0.015,0.015,6443021
SYA,20200210,0.014,0.014,0.014,0.014,2080392
SYA,20200211,0.014,0.014,0.013,0.013,3081918
SYA,20200212,0.014,0.014,0.012,0.013,9519823
SYA,20200213,0.012,0.012,0.012,0.012,7937144
SYA,20200214,0.012,0.012,0.011,0.012,4609773
SYA,20200217,0.013,0.013,0.012,0.013,1656016
SYA,20200218,0.013,0.014,0.011,0.011,6041185
SYA,20200219,0.012,0.013,0.011,0.012,10081546
SYA,20200220,0.013,0.013,0.012,0.013,3443601
SYA,20200221,0.014,0.014,0.013,0.013,1175794
SYA,20200224,0.014,0.014,0.013,0.013,3283526
SYA,20200225,0.012,0.013,0.012,0.012,5534802
SYA,20200226,0.012,0.013,0.012,0.012,3594475
SYA,20200227,0.012,0.012,0.012,0.012,1806422
SYA,20200228,0.012,0.012,0.011,0.011,10147701
SYA,20200302,0.011,0.012,0.01,0.012,2956043
SYA,20200303,0.012,0.012,0.012,0.012,3378333
SYA,20200304,0.011,0.011,0.01,0.01,3581399
SYA,20200305,0.011,0.011,0.01,0.01,1529418
SYA,20200306,0.011,0.011,0.01,0.01,1250409
SYA,20200309,0.01,0.01,0.01,0.01,0
SYA,20200310,0.01,0.01,0.01,0.01,0
SYA,20200311,0.01,0.01,0.01,0.01,0
SYA,20200312,0.009,0.009,0.008,0.008,7416837
SYA,20200313,0.008,0.009,0.007,0.009,5082923
SYA,20200316,0.007,0.008,0.006,0.007,1879533
SYA,20200317,0.007,0.008,0.007,0.007,5172041
SYA,20200318,0.009,0.009,0.008,0.008,1455095
SYA,20200319,0.008,0.008,0.008,0.008,793743
SYA,20200320,0.008,0.008,0.007,0.007,1802254
SYA,20200323,0.008,0.008,0.006,0.006,3198245
SYA,20200324,0.007,0.007,0.006,0.006,1278205
SYA,20200325,0.007,0.007,0.007,0.007,3390226
SYA,20200326,0.008,0.008,0.006,0.007,2249983
SYA,20200327,0.007,0.007,0.007,0.007,505500
SYA,20200330,0.007,0.007,0.007,0.007,155490
SYA,20200331,0.007,0.008,0.007,0.008,3311215
SYA,20200401,0.007,0.008,0.007,0.008,1086250
SYA,20200402,0.007,0.008,0.007,0.008,1157930
SYA,20200403,0.008,0.008,0.007,0.007,869827
SYA,20200406,0.007,0.007,0.007,0.007,148640
SYA,20200407,0.007,0.007,0.006,0.006,20739557
SYA,20200408,0.007,0.007,0.006,0.007,3132460
SYA,20200409,0.008,0.009,0.008,0.008,8655006
SYA,20200414,0.009,0.009,0.007,0.007,2116330
SYA,20200415,0.008,0.008,0.007,0.008,1859700
SYA,20200416,0.008,0.008,0.007,0.007,1264079
SYA,20200417,0.008,0.009,0.008,0.009,2880168
SYA,20200420,0.009,0.009,0.008,0.009,6044898
SYA,20200421,0.008,0.008,0.008,0.008,1055000
SYA,20200422,0.009,0.009,0.008,0.008,955465
SYA,20200423,0.008,0.008,0.008,0.008,770124
SYA,20200424,0.008,0.008,0.008,0.008,800000
SYA,20200427,0.009,0.009,0.008,0.009,1697829
SYA,20200428,0.009,0.009,0.008,0.008,957505
SYA,20200429,0.008,0.008,0.007,0.007,2370032
SYA,20200430,0.008,0.008,0.007,0.007,2635000
SYA,20200501,0.007,0.007,0.007,0.007,1443268
SYA,20200504,0.007,0.008,0.006,0.006,16828649
SYA,20200505,0.007,0.007,0.006,0.006,29782142
SYA,20200506,0.007,0.007,0.006,0.007,3533680
SYA,20200507,0.007,0.007,0.007,0.007,8432915
SYA,20200508,0.008,0.008,0.007,0.007,2201917
SYA,20200511,0.008,0.008,0.007,0.007,9471327
SYA,20200512,0.007,0.007,0.007,0.007,4448797
SYA,20200513,0.007,0.007,0.007,0.007,2015400
SYA,20200514,0.007,0.007,0.006,0.007,1206066
SYA,20200515,0.007,0.007,0.007,0.007,838802
SYA,20200518,0.007,0.008,0.007,0.007,1542672
SYA,20200519,0.007,0.007,0.007,0.007,4689677
SYA,20200520,0.007,0.007,0.007,0.007,3353903
SYA,20200521,0.007,0.007,0.006,0.007,3234285
SYA,20200522,0.007,0.007,0.007,0.007,1327142
SYA,20200525,0.007,0.007,0.006,0.007,3743790
SYA,20200526,0.007,0.007,0.006,0.006,957251
SYA,20200527,0.006,0.006,0.006,0.006,2258661
SYA,20200528,0.007,0.007,0.006,0.006,3362300
SYA,20200529,0.007,0.007,0.007,0.007,598965
SYA,20200601,0.007,0.007,0.006,0.007,4876620
SYA,20200602,0.007,0.007,0.007,0.007,295808
SYA,20200603,0.007,0.008,0.007,0.008,4152652
SYA,20200604,0.008,0.008,0.007,0.007,17722815
SYA,20200605,0.007,0.007,0.007,0.007,10097682
SYA,20200609,0.008,0.008,0.007,0.007,10994913
SYA,20200610,0.007,0.008,0.007,0.007,120697
SYA,20200611,0.007,0.007,0.007,0.007,12572436
SYA,20200612,0.007,0.007,0.006,0.007,12314766
SYA,20200615,0.007,0.007,0.006,0.006,1484871
SYA,20200616,0.007,0.007,0.006,0.006,4185890
SYA,20200617,0.007,0.007,0.006,0.006,3442478
SYA,20200618,0.006,0.007,0.006,0.007,1678494
SYA,20200619,0.007,0.007,0.007,0.007,3930941
SYA,20200622,0.008,0.008,0.007,0.007,867440
SYA,20200623,0.008,0.008,0.007,0.007,2048788
SYA,20200624,0.007,0.007,0.007,0.007,1190995
SYA,20200625,0.007,0.007,0.006,0.006,2233888
SYA,20200626,0.007,0.007,0.007,0.007,6079177
SYA,20200629,0.007,0.008,0.006,0.007,3680665
SYA,20200630,0.008,0.008,0.007,0.007,457338
SYA,20200701,0.007,0.007,0.007,0.007,800000
SYA,20200702,0.007,0.008,0.007,0.007,1756627
SYA,20200703,0.007,0.008,0.007,0.008,1423537
SYA,20200706,0.008,0.008,0.008,0.008,15142283
SYA,20200707,0.009,0.01,0.008,0.01,23584202
SYA,20200708,0.011,0.014,0.01,0.012,58609173
SYA,20200709,0.012,0.013,0.011,0.011,13797459
SYA,20200710,0.011,0.011,0.01,0.01,23628285
SYA,20200713,0.011,0.012,0.01,0.011,8670993
SYA,20200714,0.012,0.012,0.011,0.011,5224446
SYA,20200715,0.011,0.012,0.011,0.012,13848747
SYA,20200716,0.012,0.012,0.012,0.012,0
SYA,20200717,0.012,0.012,0.012,0.012,0
SYA,20200720,0.012,0.012,0.012,0.012,0
SYA,20200721,0.012,0.012,0.012,0.012,0
SYA,20200722,0.01,0.011,0.009,0.009,60117954
SYA,20200723,0.009,0.009,0.008,0.008,23912611
SYA,20200724,0.008,0.008,0.008,0.008,6476959
SYA,20200727,0.008,0.008,0.008,0.008,2923549
SYA,20200728,0.009,0.009,0.008,0.009,38975702
SYA,20200729,0.009,0.01,0.009,0.009,13086879
SYA,20200730,0.009,0.009,0.008,0.008,9795143
SYA,20200731,0.009,0.009,0.008,0.008,12530902
SYA,20200803,0.008,0.009,0.008,0.009,31385194
SYA,20200804,0.009,0.009,0.009,0.009,10221447
SYA,20200805,0.009,0.01,0.009,0.009,10296596
SYA,20200806,0.01,0.01,0.009,0.01,2081496
SYA,20200807,0.01,0.01,0.009,0.009,6901934
SYA,20200810,0.009,0.01,0.009,0.01,32299606
SYA,20200811,0.011,0.011,0.01,0.01,9056515
SYA,20200812,0.01,0.01,0.009,0.009,15897265
SYA,20200813,0.01,0.01,0.009,0.01,2908267
SYA,20200814,0.01,0.01,0.009,0.009,2797188
SYA,20200817,0.01,0.01,0.009,0.009,1134130
SYA,20200818,0.01,0.01,0.009,0.009,345000
SYA,20200819,0.01,0.01,0.009,0.009,16003936
SYA,20200820,0.009,0.009,0.008,0.009,6504602
SYA,20200821,0.01,0.01,0.009,0.009,1173403
SYA,20200824,0.01,0.01,0.008,0.009,9274871
SYA,20200825,0.009,0.009,0.008,0.009,10055108
SYA,20200826,0.009,0.009,0.008,0.008,2231799
SYA,20200827,0.009,0.009,0.008,0.008,2923000
SYA,20200828,0.009,0.009,0.009,0.009,4181449
SYA,20200831,0.009,0.009,0.008,0.008,1769044
SYA,20200901,0.009,0.009,0.008,0.009,1766699
SYA,20200902,0.009,0.009,0.009,0.009,20812939
SYA,20200903,0.009,0.009,0.008,0.008,1433909
SYA,20200904,0.009,0.009,0.008,0.009,4003338
SYA,20200907,0.009,0.009,0.009,0.009,4056756
SYA,20200908,0.009,0.009,0.009,0.009,8471523
SYA,20200909,0.009,0.009,0.008,0.008,3295450
SYA,20200910,0.009,0.01,0.008,0.009,13548725
SYA,20200911,0.009,0.009,0.009,0.009,3203717
SYA,20200914,0.009,0.01,0.009,0.009,12384955
SYA,20200915,0.009,0.009,0.008,0.009,7067217
SYA,20200916,0.009,0.009,0.008,0.009,1042197
SYA,20200917,0.009,0.009,0.009,0.009,5335696
SYA,20200918,0.009,0.01,0.009,0.009,7251839
SYA,20200921,0.01,0.011,0.009,0.011,24582028
SYA,20200922,0.01,0.011,0.01,0.011,7812324
SYA,20200923,0.011,0.011,0.011,0.011,33476330
SYA,20200924,0.011,0.011,0.01,0.01,28170620
SYA,20200925,0.011,0.011,0.01,0.01,3286885
SYA,20200928,0.01,0.01,0.01,0.01,8623580
SYA,20200929,0.011,0.012,0.011,0.011,39154348
SYA,20200930,0.011,0.011,0.01,0.01,13949433
SYA,20201001,0.011,0.011,0.01,0.01,34263499
SYA,20201002,0.011,0.011,0.01,0.01,9392056
SYA,20201005,0.01,0.011,0.01,0.01,4738019
SYA,20201006,0.01,0.01,0.01,0.01,2140031
SYA,20201007,0.01,0.01,0.01,0.01,8013833
SYA,20201008,0.011,0.011,0.009,0.009,14058454
SYA,20201009,0.01,0.01,0.009,0.01,10483865
SYA,20201012,0.01,0.01,0.009,0.009,3173432
SYA,20201013,0.01,0.01,0.009,0.01,2555650
SYA,20201014,0.01,0.01,0.009,0.009,1106168
SYA,20201015,0.009,0.01,0.009,0.01,5880838
SYA,20201016,0.009,0.01,0.009,0.009,3905241
SYA,20201019,0.009,0.01,0.009,0.01,9363520
SYA,20201020,0.01,0.01,0.009,0.01,7821805
SYA,20201021,0.009,0.009,0.009,0.009,3249989
SYA,20201022,0.009,0.01,0.009,0.01,3274744
SYA,20201023,0.009,0.009,0.009,0.009,277093
SYA,20201026,0.01,0.01,0.009,0.009,679790
SYA,20201027,0.009,0.009,0.008,0.008,40933167
SYA,20201028,0.009,0.009,0.008,0.009,2413458
SYA,20201029,0.008,0.009,0.008,0.008,6428093
SYA,20201030,0.009,0.009,0.008,0.008,7406719
SYA,20201102,0.008,0.008,0.007,0.007,23600057
SYA,20201103,0.007,0.009,0.007,0.008,11363269
SYA,20201104,0.008,0.008,0.008,0.008,8877742
SYA,20201105,0.008,0.008,0.008,0.008,799631
SYA,20201106,0.008,0.008,0.007,0.008,5317667
SYA,20201109,0.008,0.008,0.008,0.008,4840279
SYA,20201110,0.008,0.008,0.007,0.008,2000262
SYA,20201111,0.008,0.008,0.007,0.007,1319851
SYA,20201112,0.008,0.008,0.008,0.008,1386028
SYA,20201113,0.008,0.008,0.007,0.007,824057
SYA,20201116,0.008,0.008,0.008,0.008,634508
SYA,20201117,0.008,0.008,0.007,0.008,3343192
SYA,20201118,0.008,0.008,0.007,0.007,134381
SYA,20201120,0.008,0.008,0.007,0.007,1980483
SYA,20201123,0.008,0.008,0.007,0.007,2041934
SYA,20201124,0.008,0.01,0.007,0.01,71678205
SYA,20201125,0.01,0.01,0.009,0.009,18440883
SYA,20201126,0.01,0.01,0.008,0.009,23225440
SYA,20201127,0.009,0.009,0.008,0.009,6039590
SYA,20201130,0.009,0.009,0.008,0.008,3464904
SYA,20201201,0.008,0.008,0.008,0.008,7952700
SYA,20201202,0.008,0.009,0.008,0.008,19752672
SYA,20201203,0.008,0.008,0.008,0.008,2649234
SYA,20201204,0.009,0.009,0.008,0.008,4249334
SYA,20201207,0.009,0.01,0.008,0.008,16768183
SYA,20201208,0.009,0.009,0.008,0.009,7277556
SYA,20201209,0.009,0.01,0.009,0.009,2698802
SYA,20201210,0.01,0.01,0.009,0.009,1591784
SYA,20201211,0.01,0.01,0.009,0.01,3891401
SYA,20201214,0.009,0.009,0.009,0.009,9695172
SYA,20201215,0.01,0.01,0.009,0.009,12250258
SYA,20201216,0.009,0.009,0.008,0.008,886971
SYA,20201217,0.008,0.008,0.008,0.008,312250
SYA,20201218,0.008,0.009,0.008,0.009,2270324
SYA,20201221,0.009,0.009,0.008,0.009,2062807
SYA,20201222,0.009,0.009,0.008,0.008,27970133
SYA,20201224,0.008,0.008,0.008,0.008,0
SYA,20201229,0.009,0.009,0.008,0.009,19893684
SYA,20201230,0.009,0.009,0.008,0.008,7310553
SYA,20201231,0.009,0.01,0.009,0.009,2789469
SYA,20210104,0.009,0.011,0.009,0.011,63361914
SYA,20210105,0.011,0.014,0.01,0.014,145896456
SYA,20210106,0.014,0.014,0.014,0.014,0
SYA,20210107,0.014,0.014,0.014,0.014,0
SYA,20210108,0.014,0.014,0.014,0.014,0
SYA,20210111,0.026,0.028,0.02,0.023,295345524
SYA,20210112,0.023,0.023,0.02,0.021,74300667
SYA,20210113,0.021,0.038,0.021,0.036,383008676
SYA,20210114,0.04,0.047,0.038,0.044,313709219
SYA,20210115,0.042,0.049,0.04,0.045,191016075
SYA,20210118,0.049,0.056,0.048,0.055,265285417
SYA,20210119,0.055,0.055,0.045,0.046,183184823
SYA,20210120,0.049,0.05,0.045,0.047,79686498
SYA,20210121,0.046,0.046,0.038,0.042,155739462
SYA,20210122,0.041,0.041,0.036,0.037,98769444
SYA,20210125,0.033,0.038,0.033,0.038,89982222
SYA,20210127,0.044,0.048,0.039,0.048,166211247
SYA,20210128,0.045,0.051,0.043,0.05,146151820
SYA,20210129,0.049,0.052,0.041,0.042,87809097
SYA,20210201,0.04,0.042,0.038,0.041,42203436
SYA,20210203,0.039,0.042,0.037,0.038,59615923
SYA,20210204,0.038,0.04,0.037,0.037,27363705
SYA,20210205,0.038,0.041,0.038,0.041,28107173
SYA,20210208,0.041,0.041,0.039,0.04,19627799
SYA,20210209,0.042,0.043,0.04,0.041,31883961
SYA,20210210,0.042,0.043,0.041,0.042,20723199
SYA,20210211,0.042,0.042,0.039,0.039,19780046
SYA,20210212,0.04,0.04,0.038,0.039,27936295
SYA,20210215,0.039,0.04,0.038,0.04,23065121
SYA,20210216,0.039,0.039,0.036,0.037,34159766
SYA,20210217,0.037,0.037,0.035,0.036,25528407
SYA,20210218,0.035,0.036,0.032,0.035,32345685
SYA,20210219,0.035,0.037,0.034,0.037,17489445
SYA,20210222,0.037,0.037,0.035,0.035,7272396
SYA,20210223,0.036,0.036,0.034,0.035,6018924
SYA,20210224,0.034,0.034,0.031,0.032,36118144
SYA,20210225,0.033,0.034,0.029,0.031,50536320
SYA,20210226,0.031,0.031,0.029,0.031,16576041
SYA,20210301,0.03,0.03,0.029,0.029,10540134
SYA,20210302,0.03,0.034,0.03,0.031,35779899
SYA,20210303,0.033,0.033,0.031,0.032,10563087
SYA,20210304,0.032,0.033,0.03,0.03,14016870
SYA,20210305,0.029,0.03,0.026,0.027,40672175
SYA,20210308,0.029,0.029,0.025,0.025,35968599
SYA,20210309,0.027,0.028,0.025,0.028,14018356
SYA,20210310,0.029,0.029,0.027,0.029,11730408
SYA,20210311,0.029,0.029,0.027,0.029,11730408
SYA,20210312,0.032,0.033,0.031,0.031,14350259
SYA,20210315,0.032,0.032,0.029,0.03,17948562
SYA,20210316,0.03,0.032,0.03,0.031,17166250
SYA,20210317,0.031,0.034,0.031,0.032,20464141
SYA,20210318,0.034,0.044,0.033,0.043,247403187
SYA,20210319,0.038,0.042,0.038,0.04,41569947
SYA,20210322,0.042,0.044,0.038,0.039,39728138
SYA,20210323,0.039,0.039,0.039,0.039,0
SYA,20210324,0.039,0.039,0.039,0.039,0
SYA,20210325,0.038,0.039,0.036,0.037,49879261
SYA,20210329,0.042,0.042,0.037,0.039,23131750
SYA,20210330,0.038,0.038,0.035,0.038,15139734
SYA,20210331,0.038,0.039,0.036,0.036,12348858
SYA,20210401,0.037,0.038,0.036,0.037,10873024
SYA,20210406,0.037,0.038,0.036,0.036,15007684
SYA,20210407,0.037,0.04,0.036,0.039,38606821
SYA,20210408,0.04,0.041,0.037,0.039,22619454
SYA,20210409,0.039,0.04,0.038,0.039,14334750
SYA,20210412,0.04,0.047,0.04,0.043,71787797
SYA,20210413,0.043,0.045,0.041,0.041,28765671
SYA,20210414,0.042,0.043,0.04,0.041,22311929
SYA,20210415,0.041,0.043,0.04,0.04,20073233
SYA,20210416,0.042,0.042,0.04,0.041,11116978
SYA,20210419,0.041,0.042,0.04,0.041,8381495
SYA,20210420,0.041,0.044,0.041,0.043,29974097
SYA,20210421,0.043,0.043,0.041,0.042,15352690
SYA,20210422,0.044,0.044,0.041,0.042,15844093
SYA,20210423,0.042,0.042,0.04,0.04,23038498
SYA,20210426,0.041,0.042,0.036,0.037,52940472
SYA,20210427,0.037,0.038,0.034,0.036,47560753
SYA,20210428,0.034,0.037,0.034,0.036,30439833
SYA,20210429,0.037,0.039,0.036,0.038,28852335
SYA,20210430,0.04,0.04,0.038,0.038,22762872
SYA,20210503,0.04,0.042,0.037,0.038,50834965
SYA,20210504,0.037,0.037,0.036,0.037,15585586
SYA,20210505,0.036,0.038,0.036,0.036,12212250
SYA,20210506,0.036,0.037,0.035,0.037,12399785
SYA,20210507,0.037,0.037,0.035,0.037,7965518
SYA,20210510,0.038,0.038,0.036,0.037,11549205
SYA,20210511,0.038,0.038,0.035,0.035,12155409
SYA,20210512,0.037,0.037,0.035,0.035,13726426
SYA,20210513,0.035,0.035,0.031,0.033,38463055
SYA,20210514,0.032,0.033,0.031,0.032,17088780
SYA,20210517,0.032,0.033,0.031,0.032,11625499
SYA,20210518,0.032,0.033,0.031,0.032,7587733
SYA,20210519,0.033,0.033,0.032,0.032,8582427
SYA,20210520,0.031,0.033,0.031,0.031,5415133
SYA,20210521,0.032,0.032,0.032,0.032,724167
SYA,20210524,0.032,0.032,0.032,0.032,0
SYA,20210525,0.032,0.032,0.032,0.032,0
SYA,20210526,0.032,0.032,0.032,0.032,0
SYA,20210527,0.05,0.052,0.04,0.045,156013089
SYA,20210528,0.046,0.047,0.043,0.044,34057979
SYA,20210531,0.044,0.045,0.042,0.042,28579253
SYA,20210601,0.042,0.044,0.042,0.043,16122870
SYA,20210602,0.044,0.049,0.044,0.048,53387270
SYA,20210603,0.049,0.058,0.049,0.057,124490308
SYA,20210604,0.055,0.062,0.053,0.059,83182709
SYA,20210607,0.064,0.069,0.062,0.068,129921480
SYA,20210609,0.063,0.064,0.06,0.06,37214083
SYA,20210610,0.061,0.068,0.06,0.067,72892886
SYA,20210611,0.067,0.068,0.065,0.066,29888248
SYA,20210615,0.068,0.068,0.063,0.065,36288484
SYA,20210616,0.065,0.068,0.063,0.064,41921393
SYA,20210617,0.063,0.064,0.062,0.063,13304861
SYA,20210618,0.064,0.066,0.064,0.065,14237408
SYA,20210621,0.065,0.065,0.065,0.065,0
SYA,20210622,0.064,0.065,0.054,0.063,131552452
SYA,20210623,0.064,0.064,0.058,0.059,26951318
SYA,20210625,0.066,0.067,0.063,0.065,35702673
SYA,20210628,0.066,0.074,0.066,0.074,51594586
SYA,20210629,0.074,0.074,0.074,0.074,0
SYA,20210630,0.088,0.094,0.083,0.087,145610959
SYA,20210701,0.088,0.088,0.081,0.082,60309162
SYA,20210705,0.085,0.091,0.083,0.09,77523421
SYA,20210706,0.091,0.105,0.09,0.098,117901594
SYA,20210707,0.105,0.11,0.095,0.097,79760171
SYA,20210708,0.097,0.097,0.097,0.097,0
SYA,20210709,0.097,0.097,0.097,0.097,0
SYA,20210712,0.089,0.097,0.084,0.094,92489892
SYA,20210714,0.087,0.088,0.084,0.085,36095393
SYA,20210715,0.082,0.084,0.077,0.078,108656147
SYA,20210716,0.077,0.079,0.076,0.077,52803619
SYA,20210719,0.077,0.081,0.077,0.079,62901647
SYA,20210720,0.077,0.078,0.076,0.077,41133100
SYA,20210723,0.078,0.083,0.077,0.081,60925422
SYA,20210726,0.083,0.086,0.078,0.079,66353807
SYA,20210727,0.081,0.082,0.079,0.079,17322485
SYA,20210728,0.08,0.081,0.077,0.077,23938758
SYA,20210729,0.078,0.08,0.077,0.079,26386643
SYA,20210730,0.08,0.084,0.079,0.082,33727347
SYA,20210802,0.083,0.083,0.08,0.08,14011439
SYA,20210803,0.081,0.083,0.079,0.082,24846391
SYA,20210804,0.084,0.102,0.084,0.099,168335859
SYA,20210805,0.1,0.105,0.091,0.095,112236931
SYA,20210806,0.098,0.105,0.094,0.105,143156079
SYA,20210809,0.105,0.115,0.099,0.11,83503159
SYA,20210810,0.115,0.125,0.11,0.12,79178487
SYA,20210811,0.125,0.127,0.115,0.12,62677530
SYA,20210812,0.125,0.145,0.12,0.14,110098511
SYA,20210813,0.145,0.177,0.14,0.145,221556072
SYA,20210819,0.135,0.14,0.13,0.135,33248009
SYA,20210820,0.13,0.135,0.12,0.125,32139248
SYA,20210823,0.12,0.125,0.112,0.12,52229940
SYA,20210824,0.12,0.135,0.115,0.13,39143827
SYA,20210825,0.135,0.15,0.135,0.15,59482209
SYA,20210826,0.155,0.16,0.14,0.145,54718893
SYA,20210827,0.145,0.15,0.13,0.14,68849223
SYA,20210830,0.155,0.165,0.15,0.16,90517043
SYA,20210831,0.16,0.165,0.15,0.15,41331714
SYA,20210901,0.15,0.155,0.145,0.147,23844132
SYA,20210902,0.145,0.152,0.145,0.145,17519506
SYA,20210903,0.15,0.16,0.15,0.155,38288879
SYA,20210906,0.155,0.162,0.155,0.16,36790205
SYA,20210907,0.16,0.16,0.155,0.155,15843180
SYA,20210908,0.16,0.16,0.15,0.15,26150279
SYA,20210909,0.15,0.155,0.145,0.145,21680547
SYA,20210910,0.15,0.155,0.147,0.155,14961500
SYA,20210913,0.155,0.167,0.155,0.155,38588054
SYA,20210914,0.155,0.16,0.155,0.155,14609732
SYA,20210915,0.165,0.18,0.165,0.175,76772543
SYA,20210916,0.185,0.2,0.18,0.182,52761531
SYA,20210917,0.185,0.195,0.182,0.19,35893133
SYA,20210920,0.195,0.2,0.18,0.18,51991561
SYA,20210922,0.19,0.19,0.175,0.185,33415418
SYA,20210923,0.19,0.19,0.18,0.185,17799178
SYA,20210924,0.185,0.185,0.175,0.175,24973596
SYA,20210927,0.18,0.185,0.17,0.175,25915570
SYA,20210928,0.175,0.18,0.17,0.175,13332436
SYA,20210929,0.17,0.175,0.17,0.175,9212411
SYA,20210930,0.175,0.175,0.175,0.175,0
SYA,20211001,0.175,0.175,0.175,0.175,0
SYA,20211004,0.18,0.19,0.165,0.17,49976513
SYA,20211005,0.17,0.17,0.155,0.155,49582894
SYA,20211006,0.16,0.165,0.155,0.155,24472822
SYA,20211007,0.145,0.155,0.135,0.15,91941622
SYA,20211008,0.155,0.165,0.152,0.155,34811070
SYA,20211011,0.15,0.155,0.15,0.155,23021153
SYA,20211012,0.15,0.155,0.15,0.15,24167826
SYA,20211013,0.15,0.155,0.145,0.15,11540544
SYA,20211014,0.15,0.155,0.15,0.155,58964951
SYA,20211019,0.16,0.16,0.155,0.155,12843298
SYA,20211020,0.16,0.16,0.15,0.155,43311501
SYA,20211021,0.155,0.155,0.15,0.155,14249891
SYA,20211022,0.155,0.165,0.15,0.16,43352550
SYA,20211025,0.165,0.167,0.16,0.165,44822418
SYA,20211026,0.165,0.185,0.165,0.18,61330677
SYA,20211028,0.165,0.165,0.155,0.155,56230457
SYA,20211029,0.16,0.16,0.155,0.16,17089998
SYA,20211101,0.155,0.162,0.155,0.16,24614735
SYA,20211102,0.16,0.162,0.155,0.155,16902283
SYA,20211103,0.16,0.162,0.155,0.16,28931283
SYA,20211104,0.16,0.17,0.155,0.16,64947258
SYA,20211105,0.16,0.16,0.145,0.15,134272260
SYA,20211109,0.15,0.155,0.145,0.155,19758921
SYA,20211110,0.155,0.16,0.15,0.15,20359455
SYA,20211112,0.15,0.165,0.15,0.165,63536228
SYA,20211115,0.165,0.17,0.157,0.162,30984438
SYA,20211116,0.16,0.162,0.155,0.155,18703805
SYA,20211117,0.155,0.16,0.15,0.155,27620613
SYA,20211118,0.155,0.157,0.15,0.15,14376257
SYA,20211119,0.15,0.155,0.15,0.155,17040894
SYA,20211122,0.15,0.155,0.15,0.15,9292450
SYA,20211123,0.155,0.155,0.15,0.155,15360861
SYA,20211124,0.15,0.155,0.15,0.15,16519316
SYA,20211125,0.15,0.15,0.135,0.14,62106163
SYA,20211126,0.14,0.145,0.135,0.14,29522987
SYA,20211129,0.13,0.14,0.12,0.135,48957068
SYA,20211130,0.135,0.155,0.135,0.15,183534533
SYA,20211201,0.145,0.15,0.14,0.145,48100442
SYA,20211202,0.14,0.145,0.132,0.135,39986982
SYA,20211203,0.135,0.14,0.127,0.13,32263862
SYA,20211206,0.125,0.127,0.11,0.11,74849835
SYA,20211207,0.115,0.12,0.11,0.115,35565655
SYA,20211208,0.12,0.125,0.115,0.115,37704803
SYA,20211209,0.115,0.12,0.112,0.115,29455630
SYA,20211210,0.115,0.135,0.112,0.135,58124027
SYA,20211213,0.135,0.137,0.13,0.13,16858313
SYA,20211214,0.13,0.13,0.125,0.125,6361674
SYA,20211216,0.125,0.13,0.12,0.12,22921224
SYA,20211217,0.125,0.125,0.12,0.125,8667138
SYA,20211220,0.12,0.125,0.115,0.115,20641037
SYA,20211221,0.115,0.12,0.107,0.115,36436782
SYA,20211222,0.115,0.115,0.11,0.115,11842337
SYA,20211223,0.115,0.125,0.11,0.12,21196403
SYA,20211224,0.125,0.125,0.117,0.125,6698584
SYA,20211229,0.125,0.132,0.125,0.13,35520486
SYA,20211230,0.13,0.135,0.125,0.13,13115307
SYA,20211231,0.125,0.13,0.125,0.13,8903619
SYA,20220104,0.13,0.145,0.13,0.145,27017184
SYA,20220105,0.145,0.145,0.135,0.14,35323681
SYA,20220106,0.135,0.137,0.13,0.135,17295266
SYA,20220107,0.135,0.135,0.13,0.135,9078525
SYA,20220110,0.135,0.135,0.13,0.13,7734413
SYA,20220111,0.13,0.135,0.125,0.125,14489966
SYA,20220112,0.135,0.14,0.13,0.14,21060297
SYA,20220113,0.14,0.15,0.137,0.145,63621486
SYA,20220114,0.145,0.155,0.14,0.15,60527960
SYA,20220117,0.15,0.157,0.145,0.15,38908596
SYA,20220118,0.15,0.155,0.145,0.147,20036391
SYA,20220119,0.145,0.15,0.14,0.145,15363479
SYA,20220120,0.145,0.15,0.142,0.145,19928292
SYA,20220121,0.145,0.145,0.13,0.132,31145297
SYA,20220124,0.13,0.145,0.12,0.135,48592616
SYA,20220125,0.14,0.145,0.125,0.13,55629795
SYA,20220127,0.135,0.137,0.12,0.125,56955772
SYA,20220128,0.125,0.13,0.11,0.12,89428943
SYA,20220131,0.125,0.125,0.117,0.12,18226047
SYA,20220201,0.125,0.13,0.125,0.13,21312783
SYA,20220202,0.135,0.137,0.12,0.13,48663382
SYA,20220203,0.125,0.127,0.122,0.125,12459058
SYA,20220204,0.125,0.13,0.12,0.125,16721647
SYA,20220207,0.13,0.13,0.12,0.125,13530481
SYA,20220208,0.125,0.13,0.125,0.125,5613355
SYA,20220209,0.125,0.13,0.125,0.13,9328489
SYA,20220210,0.13,0.135,0.127,0.13,25026967
SYA,20220211,0.13,0.132,0.125,0.125,13241339
SYA,20220214,0.13,0.13,0.12,0.12,33709783
SYA,20220215,0.115,0.122,0.115,0.115,23593970
SYA,20220216,0.125,0.125,0.12,0.12,16594139
SYA,20220217,0.125,0.13,0.12,0.13,27543296
SYA,20220218,0.125,0.13,0.12,0.13,10850520
SYA,20220221,0.125,0.127,0.12,0.12,13163524
SYA,20220222,0.12,0.125,0.11,0.11,48528148
SYA,20220223,0.11,0.12,0.11,0.115,18138421
SYA,20220224,0.115,0.115,0.11,0.112,3242760
SYA,20220225,0.112,0.112,0.112,0.112,0
SYA,20220228,0.112,0.112,0.112,0.112,0
SYA,20220301,0.14,0.14,0.125,0.125,53849015
SYA,20220302,0.125,0.13,0.122,0.125,23219146
SYA,20220303,0.125,0.13,0.125,0.13,14285114
SYA,20220304,0.13,0.135,0.125,0.13,33852369
SYA,20220307,0.135,0.135,0.125,0.13,20257360
SYA,20220308,0.13,0.132,0.125,0.13,12239689
SYA,20220309,0.13,0.135,0.127,0.13,14859481
SYA,20220310,0.135,0.15,0.132,0.15,68808087
SYA,20220311,0.15,0.16,0.15,0.16,76186301
SYA,20220314,0.16,0.175,0.16,0.17,67102648
SYA,20220315,0.165,0.167,0.152,0.165,54626622
SYA,20220316,0,0,0,0,0
SYA,20220317,0.17,0.175,0.16,0.165,48460451
SYA,20220318,0.165,0.172,0.16,0.165,145753901
SYA,20220321,0.175,0.18,0.17,0.175,62514113
SYA,20220322,0.18,0.185,0.175,0.185,47158849
SYA,20220323,0.185,0.22,0.185,0.215,131079197
SYA,20220324,0.21,0.235,0.205,0.21,111373926
SYA,20220325,0.215,0.235,0.207,0.23,96574440
SYA,20220328,0.235,0.25,0.22,0.22,93407799
SYA,20220329,0.225,0.245,0.21,0.235,76950483
SYA,20220330,0.245,0.245,0.222,0.227,71893783
SYA,20220331,0.24,0.25,0.232,0.24,66766462
SYA,20220401,0.245,0.265,0.24,0.252,87412674
SYA,20220404,0.28,0.34,0.277,0.33,165837477
SYA,20220405,0.365,0.385,0.3,0.31,178537210
SYA,20220406,0.29,0.345,0.285,0.34,105790414
SYA,20220407,0.335,0.335,0.29,0.295,88605077
SYA,20220408,0.31,0.32,0.305,0.315,49679270
SYA,20220411,0.325,0.33,0.3,0.3,51076860
SYA,20220412,0.3,0.31,0.285,0.305,41813968
SYA,20220413,0.31,0.35,0.305,0.35,59296865
SYA,20220414,0.365,0.37,0.337,0.34,51952907
SYA,20220419,0.34,0.385,0.33,0.38,77987689
SYA,20220420,0.38,0.39,0.35,0.36,74228440
SYA,20220421,0.38,0.39,0.35,0.36,74228440
SYA,20220422,0.34,0.365,0.335,0.36,46709018
SYA,20220426,0.365,0.37,0.34,0.345,60311597
SYA,20220427,0.33,0.34,0.315,0.335,62569520
SYA,20220428,0.34,0.35,0.32,0.325,36516218
SYA,20220429,0.33,0.34,0.32,0.32,36002372
SYA,20220502,0.315,0.325,0.305,0.315,40639880
SYA,20220503,0.305,0.33,0.295,0.31,57148720
SYA,20220504,0.315,0.315,0.262,0.265,76949690
SYA,20220505,0.28,0.3,0.28,0.295,50988312
SYA,20220506,0.27,0.29,0.265,0.285,49385192
SYA,20220509,0.275,0.28,0.25,0.265,58508405
SYA,20220510,0.24,0.255,0.22,0.25,94839641
SYA,20220511,0.245,0.26,0.235,0.25,48822605
SYA,20220512,0.245,0.26,0.22,0.22,61444515
SYA,20220513,0.23,0.245,0.225,0.24,64435290
SYA,20220516,0.265,0.275,0.245,0.255,51378645
SYA,20220517,0.26,0.27,0.252,0.27,31488459
SYA,20220518,0.28,0.3,0.277,0.295,70913872
SYA,20220519,0.27,0.28,0.265,0.27,53144834
SYA,20220520,0.28,0.29,0.27,0.28,48306689
SYA,20220523,0.285,0.285,0.22,0.235,171018040
SYA,20220524,0.245,0.245,0.2,0.205,143657817
SYA,20220525,0.205,0.205,0.205,0.205,0
SYA,20220526,0.205,0.205,0.205,0.205,0
SYA,20220527,0.195,0.222,0.19,0.21,124090924
SYA,20220530,0.22,0.222,0.205,0.205,57288824
SYA,20220531,0.205,0.22,0.2,0.22,60147779
SYA,20220601,0.215,0.215,0.18,0.18,94841685
SYA,20220602,0.175,0.18,0.162,0.165,167809869
SYA,20220603,0.175,0.175,0.165,0.17,81442162
SYA,20220606,0.165,0.185,0.165,0.17,117633642
SYA,20220607,0.175,0.18,0.16,0.165,55756106
SYA,20220608,0.165,0.165,0.14,0.155,120521631
SYA,20220609,0.14,0.15,0.135,0.14,97743292
SYA,20220610,0.135,0.145,0.13,0.14,66151751
SYA,20220614,0.125,0.14,0.122,0.14,107610729
SYA,20220615,0.145,0.145,0.122,0.13,100681227
SYA,20220616,0.135,0.14,0.13,0.135,58140295
SYA,20220617,0.13,0.14,0.125,0.14,49151568
SYA,20220620,0.14,0.145,0.122,0.13,77971844
SYA,20220621,0.13,0.14,0.13,0.14,50259172
SYA,20220622,0.14,0.142,0.125,0.13,54238588
SYA,20220623,0.13,0.13,0.112,0.115,112134945
SYA,20220624,0.115,0.135,0.115,0.125,80784932
SYA,20220627,0.145,0.145,0.132,0.14,88327337
SYA,20220628,0.14,0.175,0.135,0.175,130499132
SYA,20220629,0.17,0.175,0.155,0.16,72903274
SYA,20220630,0.16,0.16,0.145,0.15,67292478
SYA,20220701,0.15,0.16,0.147,0.155,50436637
SYA,20220704,0.16,0.162,0.15,0.15,25620051
SYA,20220705,0.15,0.167,0.15,0.165,45357880
SYA,20220706,0.165,0.17,0.15,0.15,44454388
SYA,20220707,0.15,0.155,0.14,0.145,52359631
SYA,20220708,0.15,0.155,0.14,0.15,64854554
SYA,20220711,0.15,0.15,0.14,0.14,23100511
SYA,20220712,0.14,0.142,0.125,0.13,84216505
SYA,20220713,0.13,0.137,0.127,0.13,38528931
SYA,20220714,0.13,0.142,0.13,0.14,47196539
SYA,20220715,0.135,0.14,0.132,0.135,21584166
SYA,20220718,0.145,0.145,0.135,0.145,27076293
SYA,20220719,0.14,0.15,0.14,0.15,21151746
SYA,20220720,0.155,0.16,0.15,0.16,36407350
SYA,20220721,0.155,0.19,0.155,0.19,102625350
SYA,20220722,0.195,0.2,0.18,0.18,85819575
SYA,20220725,0.185,0.19,0.177,0.19,44966061
SYA,20220726,0.19,0.21,0.182,0.2,70598857
SYA,20220727,0.195,0.205,0.19,0.2,52621961
SYA,20220728,0.205,0.21,0.195,0.2,56831098
SYA,20220729,0.21,0.212,0.19,0.195,77357461
SYA,20220801,0.2,0.205,0.185,0.185,44600561
SYA,20220802,0.19,0.19,0.17,0.18,60266435
SYA,20220803,0.175,0.195,0.175,0.195,52596111
SYA,20220805,0.21,0.22,0.205,0.21,56636999
SYA,20220808,0.215,0.255,0.21,0.245,134947891
SYA,20220809,0.25,0.278,0.245,0.26,158869780
SYA,20220810,0.255,0.27,0.245,0.265,61022082
SYA,20220811,0.29,0.295,0.275,0.285,126954965
SYA,20220812,0.28,0.28,0.265,0.275,58152498
SYA,20220815,0.285,0.29,0.275,0.28,58646981
SYA,20220816,0.285,0.298,0.275,0.275,98358210
SYA,20220817,0.275,0.28,0.24,0.26,105268619
SYA,20220818,0.25,0.258,0.24,0.25,48338913
SYA,20220819,0.255,0.275,0.255,0.27,42105653
SYA,20220822,0.26,0.28,0.255,0.275,59162011
SYA,20220823,0.27,0.288,0.265,0.275,70267184
SYA,20220824,0.285,0.298,0.278,0.29,115036397
SYA,20220825,0.3,0.31,0.285,0.295,89733493
SYA,20220826,0.295,0.3,0.275,0.28,47020233
SYA,20220829,0.265,0.275,0.26,0.265,55207436
SYA,20220830,0.27,0.283,0.265,0.28,36631629
SYA,20220831,0.27,0.295,0.27,0.295,49840935
SYA,20220901,0.29,0.293,0.278,0.28,54192702
SYA,20220902,0.28,0.283,0.255,0.255,67323796
SYA,20220905,0.26,0.268,0.25,0.255,47695657
SYA,20220906,0.255,0.28,0.255,0.27,63378652
SYA,20220907,0.275,0.285,0.265,0.275,59682602
SYA,20220909,0.32,0.335,0.3,0.325,128212072
SYA,20220912,0.34,0.36,0.335,0.355,175159936
SYA,20220913,0.36,0.375,0.355,0.355,148715886
SYA,20220914,0.325,0.355,0.315,0.34,118818571
SYA,20220915,0.36,0.36,0.315,0.32,155450920
SYA,20220916,0.305,0.32,0.29,0.29,686465473
SYA,20220919,0.295,0.3,0.26,0.265,151496228
SYA,20220920,0.28,0.285,0.26,0.265,78016078
SYA,20220921,0.26,0.265,0.245,0.25,121347690
