TECH,20170411,50.2,50.2,50.12,50.12,1907
TECH,20170412,50.12,50.12,50,50,1070
TECH,20170413,49.58,49.58,49.35,49.35,1648
TECH,20170418,49.35,49.35,49.35,49.35,0
TECH,20170419,50.06,50.07,50.06,50.07,404
TECH,20170420,50.31,50.31,50.28,50.28,975
TECH,20170421,50.64,50.65,50.59,50.59,3364
TECH,20170424,50.76,50.76,50.76,50.76,410
TECH,20170426,51.38,51.52,51.38,51.52,2948
TECH,20170427,51.7,51.7,51.6,51.67,4370
TECH,20170428,52.12,52.12,52.04,52.04,1350
TECH,20170501,52.12,52.21,52.12,52.2,2972
TECH,20170502,52.2,52.2,52.11,52.19,2223
TECH,20170503,52,52.38,52,52.38,3544
TECH,20170504,52.81,52.93,52.8,52.93,3305
TECH,20170505,53,53.08,52.98,53.05,3292
TECH,20170508,53.36,53.41,53.3,53.3,2573
TECH,20170509,53.3,53.3,53.3,53.3,0
TECH,20170510,53.88,53.88,53.76,53.76,6264
TECH,20170511,54.33,54.34,54.2,54.22,3690
TECH,20170512,54,54.01,53.75,53.75,2150
TECH,20170515,53.9,53.95,53.89,53.92,1591
TECH,20170516,54.09,54.24,54.09,54.15,18544
TECH,20170517,54.1,54.1,54.1,54.1,370
TECH,20170518,52.91,52.94,52.91,52.91,915
TECH,20170519,53.39,53.39,53.26,53.26,3905
TECH,20170522,53.76,53.76,53.76,53.76,181
TECH,20170523,54.29,54.3,54.11,54.11,881
TECH,20170524,54.43,54.45,54.43,54.45,446
TECH,20170525,54.45,54.45,54.45,54.45,0
TECH,20170526,55.19,55.35,55.19,55.25,2420
TECH,20170529,55.29,55.29,55.18,55.26,2420
TECH,20170530,55.17,55.23,55.17,55.23,938
TECH,20170531,55.05,55.1,55.05,55.05,681
TECH,20170601,55.32,55.38,55.3,55.3,1230
TECH,20170602,56.09,56.09,56,56,476
TECH,20170605,56.22,56.24,55.95,55.98,3998
TECH,20170606,55.82,55.82,55.5,55.5,1617
TECH,20170607,55.56,55.56,55.31,55.33,4749
TECH,20170608,55.45,55.46,55.35,55.35,1505
TECH,20170609,55.39,55.43,55.35,55.43,1711
TECH,20170613,55.2,55.2,53.56,53.7,2358
TECH,20170614,54.18,54.18,53.92,53.98,1015
TECH,20170615,53.44,53.44,53.19,53.19,4548
TECH,20170616,53.5,53.64,53.5,53.55,1061
TECH,20170619,53.31,53.31,53.31,53.31,6
TECH,20170620,54.37,54.37,54.19,54.19,2308
TECH,20170621,53.91,54,53.91,54,1216
TECH,20170622,55.1,55.23,55.1,55.23,3460
TECH,20170623,55.41,55.43,55.29,55.31,838
TECH,20170626,55.54,55.57,55.5,55.54,4996
TECH,20170627,55.2,55.2,55.01,55.01,8038
TECH,20170628,54.5,54.5,54,54.14,3644
TECH,20170629,54.55,54.55,54.49,54.49,541
TECH,20170630,53.13,53.13,52.89,53.07,3262
TECH,20170703,53.05,53.05,52.93,53,2655
TECH,20170704,53,53,52.34,52.61,6335
TECH,20170705,52.62,52.7,52.53,52.7,1436
TECH,20170706,53.54,53.54,53.41,53.41,426
TECH,20170707,53.18,53.18,53.18,53.18,75
TECH,20170710,53.18,53.18,53.18,53.18,0
TECH,20170711,53.91,53.95,53.77,53.77,1853
TECH,20170712,53.77,53.8,53.77,53.77,2604
TECH,20170713,54.5,54.52,54.38,54.38,1932
TECH,20170714,54.01,54.01,53.81,53.81,932
TECH,20170717,53.85,53.85,53.74,53.82,1165
TECH,20170718,53.93,53.93,53.28,53.29,1465
TECH,20170719,53.25,53.37,53.25,53.37,2054
TECH,20170720,53.35,53.6,53.35,53.6,516
TECH,20170721,53.55,53.9,53.55,53.9,1883
TECH,20170724,53.78,53.78,53.44,53.57,3559
TECH,20170725,53.77,53.77,53.77,53.77,194
TECH,20170726,53.96,54.23,53.96,54.21,4513
TECH,20170727,53.89,53.89,53.67,53.67,1488
TECH,20170728,53.07,53.07,52.93,52.93,1274
TECH,20170731,53.23,53.27,53.18,53.23,6475
TECH,20170801,52.85,52.97,52.85,52.97,2622
TECH,20170802,53.65,53.65,53.65,53.65,100
TECH,20170803,53.08,53.26,53.08,53.26,5432
TECH,20170804,53.11,53.11,53.01,53.05,2194
TECH,20170807,53.36,53.61,53.36,53.61,1085
TECH,20170808,53.65,53.71,53.5,53.6,1185
TECH,20170809,53.54,53.64,53.41,53.47,4667
TECH,20170810,53.81,53.81,53.7,53.73,245
TECH,20170811,52.73,52.85,52.72,52.75,3948
TECH,20170815,54.5,54.57,54.37,54.56,5137
TECH,20170816,54.32,54.32,54.06,54.06,682
TECH,20170817,53.97,53.97,53.87,53.87,927
TECH,20170818,53.47,53.47,53.47,53.47,1123
TECH,20170821,53.25,53.25,53,53,799
TECH,20170822,53.45,53.45,53.44,53.44,132
TECH,20170823,54.07,54.15,53.97,54.15,584
TECH,20170824,53.89,53.89,53.89,53.89,30
TECH,20170825,54.01,54.08,53.95,54.07,1352
TECH,20170828,54.07,54.07,54.07,54.07,0
TECH,20170829,53.53,53.59,53.53,53.59,576
TECH,20170830,53.61,53.75,53.55,53.55,1273
TECH,20170831,54.52,54.71,54.52,54.65,861
TECH,20170901,54.95,54.98,54.89,54.98,2820
TECH,20170904,54.48,54.51,54.41,54.51,1290
TECH,20170905,54.66,54.66,54.52,54.52,997
TECH,20170906,54.25,54.27,54.25,54.27,234
TECH,20170907,53.99,54.09,53.99,54.09,1459
TECH,20170908,54.06,54.12,53.7,53.7,1110
TECH,20170911,54.42,54.42,54.4,54.4,2865
TECH,20170912,54.86,54.92,54.86,54.92,572
TECH,20170913,54.77,54.77,54.56,54.56,1202
TECH,20170914,54.97,54.97,54.8,54.88,1188
TECH,20170915,54.62,54.81,54.54,54.81,1093
TECH,20170918,54.77,54.77,54.63,54.75,933
TECH,20170919,55,55.23,55,55.2,4715
TECH,20170920,54.83,54.89,54.72,54.83,1889
TECH,20170921,54.72,54.72,54.5,54.56,5669
TECH,20170922,54.6,54.71,54.6,54.71,1747
TECH,20170925,54.91,54.91,54.83,54.85,1270
TECH,20170926,54.25,54.34,54.25,54.26,3341
TECH,20170927,54.79,54.83,54.79,54.83,430
TECH,20170928,55.55,55.84,55.55,55.84,4652
TECH,20170929,55.79,55.79,55.79,55.79,185
TECH,20171002,56.03,56.35,56.03,56.29,1342
TECH,20171003,56.33,56.54,56.33,56.54,2195
TECH,20171004,56.44,56.44,56.1,56.21,1117
TECH,20171005,56.21,56.53,56.21,56.53,8580
TECH,20171006,57.14,57.29,57.05,57.29,2001
TECH,20171009,57.39,57.53,57.17,57.51,3435
TECH,20171010,57.53,57.53,57.18,57.42,4284
TECH,20171011,57.4,57.48,57.33,57.45,3264
TECH,20171012,57.48,57.5,57.35,57.35,4246
TECH,20171013,57.51,57.75,57.45,57.75,4664
TECH,20171016,57.66,57.77,57.37,57.71,1213
TECH,20171017,57.72,57.95,57.72,57.93,2634
TECH,20171018,58,58,57.85,57.91,4423
TECH,20171019,57.99,58.01,57.76,57.96,4826
TECH,20171020,57.94,58.5,57.94,58.3,7936
TECH,20171023,59.04,59.14,58.75,58.75,2830
TECH,20171024,58.75,58.78,58.52,58.73,1633
TECH,20171025,59.23,59.45,59.07,59.45,4780
TECH,20171026,59.36,59.36,59.09,59.33,5435
TECH,20171027,60.06,60.36,60.06,60.35,2236
TECH,20171030,60.79,60.79,60.65,60.71,4556
TECH,20171031,60.56,60.91,60.5,60.8,3833
TECH,20171101,61.36,61.36,61,61.15,4015
TECH,20171102,60.66,60.66,60.23,60.27,6720
TECH,20171103,60.72,60.96,60.72,60.92,5761
TECH,20171106,61.41,61.41,61.05,61.11,4857
TECH,20171107,61.28,61.34,61.16,61.34,2654
TECH,20171108,61.28,61.46,61.1,61.28,2944
TECH,20171109,61.65,61.88,61.46,61.53,3494
TECH,20171110,61.65,61.88,61.46,61.53,3494
TECH,20171113,61.52,61.52,61.33,61.35,2157
TECH,20171114,61.34,61.34,61.21,61.24,4353
TECH,20171115,61.46,61.7,61.25,61.54,2574
TECH,20171116,61.27,61.31,61,61.31,5616
TECH,20171117,61.91,62.43,61.91,62.25,2713
TECH,20171120,62.55,62.55,62.37,62.45,2920
TECH,20171121,63,63.23,63,63.15,2859
TECH,20171122,63.76,63.76,63.15,63.35,5701
TECH,20171123,62.83,62.88,62.69,62.69,9753
TECH,20171124,62.72,62.74,62.6,62.6,1177
TECH,20171127,63.38,63.44,63.19,63.21,3456
TECH,20171128,63.33,63.35,63.1,63.1,4638
TECH,20171129,63.69,63.7,63.43,63.59,3848
TECH,20171130,62.46,62.5,61.81,61.9,10534
TECH,20171201,62.23,62.23,61.82,62.07,3927
TECH,20171204,61.82,61.82,61.71,61.75,3816
TECH,20171205,59.98,60.05,59.69,59.79,3612
TECH,20171206,60.2,60.4,60,60,9026
TECH,20171207,60.4,60.95,60.4,60.84,6560
TECH,20171208,61.52,61.6,61.5,61.6,3828
TECH,20171211,61.67,61.73,61.5,61.68,4662
TECH,20171212,61.71,62.06,61.6,61.6,5895
TECH,20171213,61.43,61.43,61.1,61.3,1945
TECH,20171214,61,61.18,60.7,60.7,6453
TECH,20171215,60.69,60.78,60.42,60.54,1239
TECH,20171218,61.4,61.73,61.4,61.65,1344
TECH,20171219,61.6,61.61,61.34,61.59,5468
TECH,20171220,61.39,61.55,61.21,61.4,5657
TECH,20171221,61.1,61.1,61.05,61.06,3456
TECH,20171222,60.75,60.88,60.75,60.87,5051
TECH,20171227,60.85,60.85,60,60.13,582
TECH,20171228,62,62,60.15,60.15,1599
TECH,20171229,59.99,60,59.7,59.7,360
TECH,20180102,59.74,59.77,59.3,59.3,1332
TECH,20180103,59.64,59.95,59.64,59.95,18110
TECH,20180104,60.73,60.84,60.65,60.65,4090
TECH,20180105,61.13,61.13,61,61.1,9423
TECH,20180108,61.5,61.5,61.41,61.48,2757
TECH,20180109,61.79,61.79,61.6,61.6,2081
TECH,20180110,61.79,61.79,61.41,61.41,1183
TECH,20180111,61.62,61.62,61.25,61.35,6132
TECH,20180112,61.71,61.8,61.71,61.8,2786
TECH,20180115,61.91,62.18,61.9,62.09,2904
TECH,20180116,62.18,62.18,61.68,61.68,5379
TECH,20180117,61.44,61.45,61.08,61.45,3111
TECH,20180118,61.9,62.36,61.86,62.14,3667
TECH,20180119,61.95,61.96,61.75,61.81,2799
TECH,20180122,62.09,62.25,61.86,61.94,6407
TECH,20180123,62.65,63,62.5,63,4263
TECH,20180124,62.94,62.94,62.75,62.9,1616
TECH,20180125,62.18,62.44,62,62.1,2946
TECH,20180129,62.9,63.11,62.63,62.85,7102
TECH,20180130,62.19,62.27,61.56,61.56,6154
TECH,20180131,61.5,62.06,61.43,62.06,3889
TECH,20180201,62.28,62.46,62.05,62.4,2164
TECH,20180202,62.71,62.81,62.51,62.7,1943
TECH,20180205,61.62,61.65,61.26,61.56,5077
TECH,20180207,61.09,61.09,60.72,60.72,2793
TECH,20180208,60.7,61.07,60.62,60.98,1700
TECH,20180209,59.47,59.58,59.25,59.4,9792
TECH,20180212,60.16,60.16,59.81,60,7228
TECH,20180213,60.68,61.09,60.68,60.85,2011
TECH,20180214,61,61,60.7,60.92,1750
TECH,20180215,61.65,61.99,61.58,61.99,1674
TECH,20180216,62.71,62.75,62.55,62.68,972
TECH,20180219,63,63.03,62.88,62.99,2225
TECH,20180220,63,63,62.52,62.52,8212
TECH,20180221,63.16,63.73,63.16,63.22,1798
TECH,20180222,63.35,63.42,63.21,63.35,850
TECH,20180223,63.44,63.9,63.44,63.9,1574
TECH,20180226,64.45,64.58,64.15,64.15,2122
TECH,20180227,64.92,65.16,64.79,65.1,4283
TECH,20180228,65.2,65.38,64.86,65.12,3510
TECH,20180301,65.19,65.4,64.96,65.26,6029
TECH,20180302,64.39,64.41,64.1,64.31,10237
TECH,20180305,65.3,65.3,65,65.01,1598
TECH,20180306,66,66.02,65.85,66.02,210
TECH,20180307,65.99,65.99,65.3,65.3,4692
TECH,20180308,66.56,66.98,66.48,66.93,8226
TECH,20180309,67.47,67.63,67.39,67.46,1490
TECH,20180312,67.92,68.03,67.66,67.66,2602
TECH,20180313,67.46,67.72,67.46,67.65,1735
TECH,20180314,67.15,67.15,66.63,66.71,8000
TECH,20180315,67.12,67.12,66.79,66.99,2336
TECH,20180316,67.9,67.94,67.5,67.77,3415
TECH,20180319,68.17,68.18,67.7,67.75,8125
TECH,20180320,67,67.38,66.95,67.38,8115
TECH,20180321,67.48,67.5,67.23,67.27,2233
TECH,20180322,66.85,67.04,66.65,66.95,2862
TECH,20180323,65.11,65.29,64.52,64.9,50738
TECH,20180326,64.19,64.62,64.19,64.4,4057
TECH,20180327,65.92,66.23,65.82,66.08,10488
TECH,20180328,65.41,65.41,63.8,63.8,11014
TECH,20180329,63.8,63.8,63.32,63.34,2262
TECH,20180403,63.39,63.67,63.17,63.17,1037
TECH,20180404,63.43,63.51,63.21,63.21,3300
TECH,20180405,64.41,64.9,64.35,64.83,13860
TECH,20180406,64.29,64.33,63.68,64.31,2635
TECH,20180409,64.06,64.15,63.62,63.64,4058
TECH,20180410,63.6,64.21,63.46,63.97,23554
TECH,20180411,63.94,64.05,63.93,64.05,2145
TECH,20180412,64.51,64.52,64.36,64.47,1512
TECH,20180413,64.78,64.8,64.64,64.8,3781
TECH,20180416,64.99,64.99,64.55,64.6,1341
TECH,20180417,64.94,65.06,64.93,65.06,3310
TECH,20180418,66.45,66.45,66.18,66.37,2699
TECH,20180419,66.08,66.25,65.89,65.89,3471
TECH,20180420,65.5,65.66,65.42,65.58,5217
TECH,20180423,66,66,65.29,65.31,3810
TECH,20180424,65.45,65.67,65.45,65.6,1696
TECH,20180426,65.6,65.6,64.44,64.5,3042
TECH,20180427,65.6,66.16,65.55,65.63,11579
TECH,20180430,65.5,65.5,65.3,65.36,3358
TECH,20180501,65.3,65.3,65.16,65.22,11104
TECH,20180502,66.05,66.15,66,66.15,1800
TECH,20180503,66.15,66.15,65.32,65.49,5954
TECH,20180504,65.52,65.65,65.35,65.43,2298
TECH,20180507,67,67.55,67,67.54,11943
TECH,20180508,67.55,67.66,67.5,67.57,4221
TECH,20180509,68.49,68.64,68.49,68.64,3292
TECH,20180510,68.93,69.18,68.93,69.18,3692
TECH,20180511,69.32,69.32,69.08,69.14,2841
TECH,20180514,69.25,69.26,69.11,69.26,1637
TECH,20180515,68.9,68.97,68.59,68.83,3925
TECH,20180516,68.84,68.92,68.82,68.82,2733
TECH,20180517,68.89,68.9,68.42,68.54,1723
TECH,20180518,68.79,68.84,68.77,68.79,1468
TECH,20180521,69,69.09,68.79,68.85,11507
TECH,20180522,68.24,68.24,68,68.14,5160
TECH,20180523,68.13,68.14,67.8,68.02,4265
TECH,20180524,68.27,68.27,68.21,68.22,1357
TECH,20180525,68.58,69.08,68.58,69.02,9438
TECH,20180528,69.17,69.19,68.82,69.13,1339
TECH,20180529,69.12,69.29,69.04,69.04,2159
TECH,20180530,69.04,69.04,68.9,69.01,925
TECH,20180531,68.89,68.93,68.67,68.86,6423
TECH,20180601,68.77,69,68.75,69,2311
TECH,20180604,69.68,69.94,69.45,69.45,1585
TECH,20180605,69.45,69.69,69.45,69.65,8104
TECH,20180606,70.17,70.44,70.03,70.29,8741
TECH,20180607,70.3,70.55,70.22,70.42,4480
TECH,20180608,70.09,70.09,69.61,69.65,10477
TECH,20180612,70.65,70.65,70.17,70.43,2928
TECH,20180613,71.49,71.7,71.32,71.32,3832
TECH,20180614,71.32,71.32,71.1,71.2,8055
TECH,20180615,72.64,72.72,72.49,72.61,10447
TECH,20180618,72.79,72.79,72.25,72.25,8525
TECH,20180619,73.12,73.12,72.43,72.65,8738
TECH,20180620,72.8,73.09,72.51,72.78,8159
TECH,20180621,73.32,73.94,73.32,73.69,8814
TECH,20180622,72.6,72.72,72.27,72.58,7338
TECH,20180625,71.99,71.99,71.33,71.36,6246
TECH,20180626,70.54,70.54,70.1,70.43,2479
TECH,20180627,70.73,71.05,70.73,71.04,7147
TECH,20180628,70.77,70.77,70.05,70.05,5784
TECH,20180629,68.48,68.48,67.85,67.85,8815
TECH,20180702,67.8,67.84,66.44,66.44,39802
TECH,20180703,67.53,67.96,67.49,67.5,7701
TECH,20180704,66.76,66.86,66.39,66.6,3616
TECH,20180705,66.73,67.34,66.67,66.78,5733
TECH,20180706,67.7,68.01,67.66,68.01,6735
TECH,20180710,68.97,68.97,68.78,68.86,4059
TECH,20180711,68.77,68.77,68.5,68.66,2736
TECH,20180712,69.09,69.19,69.09,69.16,12308
TECH,20180713,69.67,70.38,69.67,69.9,7733
TECH,20180716,69.77,69.77,69.54,69.55,6794
TECH,20180717,69.55,69.55,69.1,69.1,8398
TECH,20180718,70.68,70.69,70.29,70.39,10763
TECH,20180719,70.39,70.47,70.22,70.34,9271
TECH,20180720,70.76,71.35,70.67,71.29,3388
TECH,20180723,70.52,70.53,69.75,69.81,12917
TECH,20180724,70.94,70.96,70.81,70.95,8288
TECH,20180725,70.54,70.54,69.6,70.03,4639
TECH,20180726,70.14,70.28,69.85,70.28,5340
TECH,20180727,71.04,71.08,70.96,71.04,6089
TECH,20180730,69.51,69.51,69.15,69.25,5970
TECH,20180731,68.09,68.09,67.67,67.74,12373
TECH,20180801,67.93,67.93,67.75,67.88,8224
TECH,20180802,68.23,69.04,68.2,68.2,4712
TECH,20180803,69.32,69.53,69.32,69.32,3377
TECH,20180806,69.31,69.77,69,69.4,5186
TECH,20180807,69.63,69.63,69.41,69.41,4879
TECH,20180808,69.75,69.75,69.44,69.44,9301
TECH,20180809,69.44,69.52,69.38,69.48,4803
TECH,20180810,69.82,70,69.79,69.95,18008
TECH,20180813,70.58,70.58,69.67,69.75,6181
TECH,20180814,70.17,70.22,70.07,70.21,4047
TECH,20180816,69.83,70.36,69.74,69.84,9907
TECH,20180817,70,70,69.82,69.92,5245
TECH,20180820,69.95,69.95,69.79,69.79,8550
TECH,20180821,69.9,69.9,69.23,69.23,11029
TECH,20180822,69.22,69.61,69.12,69.54,16126
TECH,20180823,69.99,70.68,69.99,70.25,2814
TECH,20180824,71,71.29,70.77,70.91,2276
TECH,20180827,71.55,72.09,71.52,72.09,3687
TECH,20180828,72.08,72.14,71.99,72.1,3800
TECH,20180829,72.2,72.61,72.2,72.43,43561
TECH,20180830,73.26,73.26,72.92,73.14,31466
TECH,20180831,73.31,73.41,73.1,73.4,6119
TECH,20180903,74.15,74.3,74.09,74.09,4019
TECH,20180904,74.03,74.24,73.74,73.83,10523
TECH,20180905,74,74.15,73.44,73.61,8242
TECH,20180906,72.54,72.54,71.96,72.15,34629
TECH,20180907,71.97,71.97,71.43,71.82,13402
TECH,20180910,71.97,72.84,71.97,72.75,6294
TECH,20180913,72.61,72.61,72.14,72.14,3765
TECH,20180914,73.15,73.25,73.09,73.14,4441
TECH,20180917,73.69,73.91,73.5,73.5,3805
TECH,20180918,72.16,72.16,71.89,71.94,4536
TECH,20180919,72.2,72.27,72,72,5913
TECH,20180920,71.82,71.82,71.33,71.33,4730
TECH,20180921,71.88,71.93,71.78,71.93,1739
TECH,20180924,71.65,71.65,71.17,71.36,10480
TECH,20180925,72.43,72.48,72.01,72.42,2412
TECH,20180926,72.19,72.33,71.95,72.33,3710
TECH,20180927,72.17,72.17,71.72,71.74,1056
TECH,20180928,72.32,72.42,72.19,72.19,4260
TECH,20181001,72.8,72.9,72.62,72.9,965
TECH,20181002,72.32,72.32,71.75,71.83,4074
TECH,20181003,71.82,72.05,71.82,71.92,1768
TECH,20181004,72.77,73.01,72.49,72.72,2020
TECH,20181005,71.69,71.98,71.66,71.7,2833
TECH,20181008,71.41,71.41,71,71.03,4523
TECH,20181009,70.02,70.02,69.13,69.13,9589
TECH,20181010,69.13,69.13,68.55,68.6,4266
TECH,20181011,66.24,66.24,65.2,65.35,34638
TECH,20181012,65.6,66.29,65.6,66.29,39543
TECH,20181015,66.7,66.71,66.15,66.21,22498
TECH,20181016,65.96,66.03,65.7,66.01,15658
TECH,20181017,67,68.09,67,67.9,2880
TECH,20181018,68.24,68.24,67.34,67.34,1795
TECH,20181019,66.9,66.93,66.8,66.85,17486
TECH,20181022,65.56,66.14,65.52,66.14,1470
TECH,20181023,66.81,66.81,66.3,66.3,842
TECH,20181024,66.6,66.6,66.28,66.4,2771
TECH,20181025,64.4,64.4,63.54,63.92,11466
TECH,20181026,64.55,64.65,64.04,64.5,24362
TECH,20181030,63.2,63.86,63.17,63.86,18274
TECH,20181031,64.7,65.18,64.67,65.18,22269
TECH,20181101,66.3,66.58,66.2,66.27,8431
TECH,20181102,66,66.39,66,66.39,19769
TECH,20181105,66.15,66.15,65.85,66.05,7972
TECH,20181106,65.84,65.84,65.48,65.6,6939
TECH,20181107,65.86,66.35,65.5,65.91,2725
TECH,20181108,67.01,67.31,66.74,66.83,20085
TECH,20181109,66.77,66.77,66.55,66.64,3188
TECH,20181112,65.29,66.05,65.29,66.04,3030
TECH,20181113,64.53,64.53,63.58,64.04,5586
TECH,20181114,64.4,64.4,63.97,64.04,12110
TECH,20181115,63.5,63.67,62.96,63.06,8875
TECH,20181116,64.02,64.04,63.83,64.02,20794
TECH,20181119,63.7,64.09,63.65,64.09,2913
TECH,20181120,62.08,62.08,61.46,61.8,16202
TECH,20181121,61,62.2,60.9,62.18,12739
TECH,20181122,62.83,62.84,62.43,62.6,1964
TECH,20181123,62.53,62.53,62.5,62.5,2011
TECH,20181126,62.64,63.22,62.64,63.06,3552
TECH,20181127,64,64.51,64,64.51,2710
TECH,20181128,64.66,64.98,64.66,64.98,870
TECH,20181129,66.4,66.41,66.01,66.12,1587
TECH,20181130,66.2,66.31,66.19,66.19,389
TECH,20181203,66.35,67.78,66.35,67.78,2616
TECH,20181204,67.59,67.59,66.75,66.75,1225
TECH,20181205,65.35,65.88,65.12,65.88,13149
TECH,20181206,65.71,65.71,64.78,64.78,1283
TECH,20181207,65.81,66.22,65.81,65.81,8725
TECH,20181210,64.6,64.6,63.67,63.67,3076
TECH,20181211,64.95,64.97,64.56,64.56,1894
TECH,20181212,64.97,65.36,64.89,65.36,5329
TECH,20181213,65.92,65.97,65.79,65.92,3616
TECH,20181214,65.33,65.33,64.78,65.03,998
TECH,20181217,64.76,64.76,64.65,64.72,430
TECH,20181218,63.05,63.05,62.89,62.97,9007
TECH,20181219,63.1,63.3,63.1,63.26,688
TECH,20181220,62.81,63.12,62.7,62.73,1818
TECH,20181221,62.39,62.39,61.98,62.3,16113
TECH,20181224,60.93,60.94,60.43,60.9,535
TECH,20181227,60.9,62.27,60.9,62.27,823
TECH,20181228,63.43,63.5,63.32,63.5,1524
TECH,20181231,63.6,63.6,63.4,63.4,623
TECH,20190102,63.99,63.99,63.5,63.5,14577
TECH,20190103,64,64,63.36,63.4,300
TECH,20190104,61.75,61.75,61.17,61.65,3309
TECH,20190107,62.7,62.98,62.7,62.85,5637
TECH,20190108,63.48,63.78,63.38,63.78,2133
TECH,20190109,63.97,64.28,63.81,64.28,4079
TECH,20190110,64.32,64.33,63.99,63.99,736
TECH,20190111,64.49,64.49,64.19,64.3,2285
TECH,20190114,64.3,64.3,63.71,63.95,2495
TECH,20190115,63.75,64.27,63.75,64.27,4512
TECH,20190116,64.53,64.7,64.53,64.7,358
TECH,20190117,64.81,64.81,64.6,64.78,514
TECH,20190118,65,65.3,65,65.3,6767
TECH,20190121,66.61,66.61,66.2,66.3,3067
TECH,20190122,66.27,66.28,66,66.02,4195
TECH,20190123,65.62,65.86,65.62,65.86,4536
TECH,20190124,65.36,65.85,65.36,65.85,13258
TECH,20190125,66.56,66.94,66.54,66.94,8585
TECH,20190129,66.43,66.43,66.14,66.14,933
TECH,20190130,66.5,66.61,66.19,66.27,3935
TECH,20190131,67.28,67.28,66.9,66.9,18826
TECH,20190201,67.7,68.03,67.61,67.85,7144
TECH,20190204,68.24,68.76,68.24,68.52,4606
TECH,20190205,69.2,69.33,69.08,69.08,2824
TECH,20190206,69.23,70.33,69.23,70.33,7131
TECH,20190207,71.13,71.18,70.92,71.05,2047
TECH,20190208,70.32,70.47,70.13,70.18,1008
TECH,20190211,71.11,71.12,70.49,70.57,1674
TECH,20190212,71.56,71.91,71.3,71.91,2843
TECH,20190213,72.34,72.83,72.34,72.36,3314
TECH,20190214,72.41,72.5,71.94,71.94,3110
TECH,20190215,71.9,72.21,71.9,71.95,1917
TECH,20190218,72.67,72.7,72.22,72.42,1353
TECH,20190219,72.5,72.82,72.4,72.77,1346
TECH,20190220,72.3,72.3,71.95,71.95,1920
TECH,20190221,72.18,72.91,72.1,72.91,1384
TECH,20190222,72.72,72.86,72.61,72.86,1662
TECH,20190225,72,73.57,72,73.54,2148
TECH,20190226,73.58,73.58,73.06,73.2,9301
TECH,20190227,73.03,73.57,73.03,73.21,834
TECH,20190228,73.81,73.89,73.42,73.44,1006
TECH,20190301,73.86,74.52,73.86,74.39,3555
TECH,20190304,74.57,75.2,74.57,75.2,4170
TECH,20190305,73.96,73.96,73.64,73.86,2904
TECH,20190306,73.86,74.29,73.7,74.12,2890
TECH,20190307,74.15,74.18,73.53,73.53,1125
TECH,20190308,73.51,73.51,73.06,73.18,1467
TECH,20190311,72.65,72.9,72.65,72.9,3290
TECH,20190312,73.94,74.21,73.94,74.21,3488
TECH,20190313,74.07,74.07,73.97,73.97,721
TECH,20190314,74.11,74.4,74.1,74.3,2006
TECH,20190315,74.26,74.35,74.26,74.34,1323
TECH,20190318,74.5,74.87,74.35,74.4,2442
TECH,20190319,74.8,75.59,74.33,74.62,3372
TECH,20190320,74.86,74.86,74.62,74.68,3362
TECH,20190321,74.27,74.32,74.05,74.12,954
TECH,20190322,75.74,76,75.66,75.66,5224
TECH,20190325,74.5,74.5,73.85,73.95,1310
TECH,20190326,73.94,73.99,73.58,73.74,2013
TECH,20190327,73.74,74.37,73.74,74.37,1847
TECH,20190328,73.62,73.62,73.29,73.29,878
TECH,20190329,74.12,74.23,74.12,74.17,1155
TECH,20190401,74.91,75.21,74.83,75.12,3797
TECH,20190402,75.42,75.84,75.42,75.75,1950
TECH,20190403,76.04,76.42,75.99,76.25,2554
TECH,20190404,76.4,76.65,76.4,76.5,1474
TECH,20190405,76.5,76.5,76.06,76.28,3810
TECH,20190408,76.78,76.94,76.72,76.72,1886
TECH,20190409,76.82,76.83,76.6,76.6,5042
TECH,20190410,76.7,76.7,76.39,76.42,7495
TECH,20190411,76.94,76.94,76.54,76.68,6421
TECH,20190412,77.12,77.12,76.97,77.03,2758
TECH,20190415,77.13,77.13,76.92,77.08,1698
TECH,20190416,77.06,77.5,77.06,77.5,2688
TECH,20190417,77.51,77.8,77.5,77.61,3132
TECH,20190418,77.65,77.65,77.23,77.23,3195
TECH,20190423,78.12,78.57,78.12,78.38,694
TECH,20190424,79.77,80.27,79.73,80.25,6217
TECH,20190426,80.56,80.78,80.31,80.47,9207
TECH,20190429,80.72,80.92,80.7,80.71,2356
TECH,20190430,80.59,80.7,80.47,80.7,5642
TECH,20190501,80.75,81.05,80.71,81.04,4497
TECH,20190502,80.54,80.63,80.29,80.54,24341
TECH,20190503,80.25,80.32,79.8,80.13,9931
TECH,20190506,80.6,80.6,78.9,79.24,10716
TECH,20190507,79,79.2,78.19,78.38,2481
TECH,20190508,78.02,78.04,77.75,77.78,1647
TECH,20190509,77.8,77.8,77.37,77.41,3188
TECH,20190510,77.41,77.51,76.91,77.11,2643
TECH,20190513,77.11,77.11,76.81,76.84,5254
TECH,20190514,74.85,75.62,74.65,75.3,3496
TECH,20190515,76.33,76.72,76.15,76.64,2171
TECH,20190516,77.14,77.14,76.73,76.75,3549
TECH,20190517,77.77,78.05,77.61,77.76,2664
TECH,20190520,77,77.07,76.42,76.42,5796
TECH,20190521,75.22,75.68,75.06,75.68,1986
TECH,20190522,76.14,76.27,76.08,76.17,2143
TECH,20190523,75.94,75.94,75.45,75.52,1800
TECH,20190524,74.69,74.8,74.5,74.75,2029
TECH,20190527,74.23,74.37,74.14,74.22,2058
TECH,20190528,74.5,74.74,74.35,74.73,545
TECH,20190529,74.19,74.19,73.54,73.8,5221
TECH,20190530,73.71,73.71,73.34,73.55,1467
TECH,20190531,73.4,73.73,73.26,73.42,2945
TECH,20190603,73.07,73.07,72,72.13,5355
TECH,20190604,71.44,71.44,71.08,71.2,3372
TECH,20190605,73.33,73.67,73.22,73.47,1279
TECH,20190606,73.58,74,73.42,73.58,1980
TECH,20190607,73.84,74.25,73.84,74.23,3682
TECH,20190611,76.3,76.59,75.98,76.59,1269
TECH,20190612,75.63,76.11,75.63,75.78,1257
TECH,20190613,75.89,75.9,75.5,75.65,1960
TECH,20190614,75.76,76,75.76,75.96,13447
TECH,20190617,75.66,75.72,75.51,75.72,11252
TECH,20190618,75.86,76.17,75.76,75.76,3929
TECH,20190619,77.33,77.33,76.89,77.2,2102
TECH,20190620,77.95,78.28,77.67,78.22,3273
TECH,20190621,78,78.1,77.68,77.68,2419
TECH,20190624,77.68,77.83,77.68,77.83,972
TECH,20190625,77.51,77.73,77.15,77.22,5939
TECH,20190626,76.34,76.51,76.07,76.26,3500
TECH,20190627,76.3,76.77,76.3,76.6,4528
TECH,20190628,76.3,76.3,70.95,71.06,6517
TECH,20190701,72.01,73.27,72,72.24,5496
TECH,20190702,73,73.2,72.48,72.8,2362
TECH,20190703,72.5,72.5,72.11,72.11,1124
TECH,20190704,72.43,72.43,72.11,72.11,1694
TECH,20190705,72.38,72.64,72.38,72.64,2321
TECH,20190708,72.5,72.57,72.19,72.19,890
TECH,20190709,71.93,71.93,71.59,71.59,2892
TECH,20190710,72.64,72.9,72.64,72.83,1527
TECH,20190711,72.93,72.99,72.84,72.99,977
TECH,20190712,72.9,72.9,72.63,72.63,889
TECH,20190715,72.71,72.88,72.67,72.84,2084
TECH,20190716,72.96,72.96,72.72,72.87,1872
TECH,20190717,72.47,72.63,72.35,72.51,4186
TECH,20190718,72.43,72.43,72.05,72.07,16250
TECH,20190719,72.76,73,72.76,73,975
TECH,20190722,72.71,72.96,72.62,72.91,1585
TECH,20190723,73.71,73.8,73.65,73.65,2813
TECH,20190724,74.14,74.82,73.98,74.4,36362
TECH,20190725,75.27,75.77,75.07,75.55,5981
TECH,20190726,75.55,75.64,75.22,75.61,2896
TECH,20190729,76.5,76.5,75.8,75.87,3846
TECH,20190730,76.17,76.17,75.97,76.17,4101
TECH,20190731,76.17,76.17,75.8,75.81,2735
TECH,20190801,75.23,75.38,75.16,75.16,1544
TECH,20190802,75.31,75.56,75.1,75.22,2009
TECH,20190805,74.37,74.37,73.32,73.66,5682
TECH,20190806,70.93,72.34,70.8,72,11622
TECH,20190807,72.86,73.29,72.5,73.1,2582
TECH,20190808,72.89,73.37,72.78,73.37,1171
TECH,20190809,74.03,74.13,73.51,73.58,1379
TECH,20190812,73.5,73.58,73.44,73.58,1352
TECH,20190813,73.18,73.35,72.99,73.01,994
TECH,20190814,73.69,74.18,73.69,74.08,1183
TECH,20190815,72.47,72.47,72,72.16,8492
TECH,20190816,71.85,71.89,71.74,71.75,4282
TECH,20190819,72.78,73.06,72.78,73,1636
TECH,20190820,73.45,73.49,73.25,73.43,1682
TECH,20190821,72.99,73.39,72.99,73.22,2430
TECH,20190822,73.99,74.12,73.95,73.95,1215
TECH,20190823,74.06,74.63,74.06,74.48,2258
TECH,20190826,72.1,72.1,71.79,71.83,3208
TECH,20190827,72.3,72.79,72.3,72.72,1210
TECH,20190828,72.8,72.8,72.6,72.79,5610
TECH,20190829,72.61,72.61,72.35,72.35,545
TECH,20190830,73.79,74.34,73.79,74.26,3715
TECH,20190902,73.79,73.86,73.59,73.73,1279
TECH,20190903,73.6,74.33,73.6,73.93,2758
TECH,20190904,73.2,73.63,73.18,73.63,3796
TECH,20190905,73.85,74.66,73.85,74.66,6857
TECH,20190906,75.08,75.3,75.08,75.12,1359
TECH,20190909,75.1,75.35,75.1,75.14,1309
TECH,20190910,75.07,75.07,74.3,74.3,1734
TECH,20190911,74.76,75.08,74.76,75.08,2265
TECH,20190912,76.47,76.51,76.1,76.1,2079
TECH,20190913,76.18,76.24,76.05,76.05,1970
TECH,20190916,75.03,75.07,74.93,75.07,3712
TECH,20190917,76.15,76.15,75.91,75.96,1113
TECH,20190918,76.01,76.25,76.01,76.05,11530
TECH,20190919,76.71,76.9,76.51,76.63,4024
TECH,20190920,77.02,77.18,76.83,76.83,6739
TECH,20190923,76.89,77.1,76.8,76.84,2094
TECH,20190924,77.04,77.2,76.84,76.87,1701
TECH,20190925,76.95,76.95,75.38,75.75,1783
TECH,20190926,76.58,76.58,76.15,76.42,2085
TECH,20190927,76.5,76.5,76.2,76.2,544
TECH,20190930,75.41,75.7,75.31,75.6,2573
TECH,20191001,76,76.8,76,76.8,377
TECH,20191002,75.91,75.91,75.68,75.68,890
TECH,20191003,74.46,74.56,74.31,74.39,3380
TECH,20191004,74.87,75.01,74.75,75.01,1903
TECH,20191007,75.81,75.81,75.2,75.35,801
TECH,20191008,75.98,75.98,75.68,75.97,1548
TECH,20191009,76,76,74.16,74.28,7072
TECH,20191010,74.38,74.91,74.38,74.91,441
TECH,20191011,75.5,75.5,75.13,75.31,1050
TECH,20191014,76.32,76.72,76.32,76.54,10367
TECH,20191015,76.61,76.69,76.46,76.59,1868
TECH,20191016,77.54,77.8,77.54,77.76,3355
TECH,20191017,76.48,76.54,76.32,76.44,1651
TECH,20191018,76.28,76.28,75.85,75.91,2247
TECH,20191021,75.31,75.39,74.95,75.12,4776
TECH,20191022,75.32,75.51,75.32,75.47,1205
TECH,20191023,74.55,74.65,74.1,74.65,7442
TECH,20191024,75.23,75.48,75.17,75.36,789
TECH,20191025,76.38,76.75,76.38,76.56,835
TECH,20191028,77.14,77.29,76.99,77.29,551
TECH,20191029,77.75,78.17,77.68,77.68,4099
TECH,20191030,77.38,77.38,76.95,77.11,1791
TECH,20191031,76.99,77.49,76.94,77.04,7251
TECH,20191101,77.01,77.02,76.81,76.92,3525
TECH,20191104,77.49,77.95,77.46,77.72,4245
TECH,20191105,78.4,78.9,78.4,78.65,5160
TECH,20191106,78.5,78.5,78.42,78.42,357
TECH,20191107,78.41,78.84,78.41,78.83,622
TECH,20191108,78.48,78.73,78.48,78.73,4196
TECH,20191111,79.56,79.7,79.51,79.68,3468
TECH,20191112,79.7,79.7,79.42,79.59,3730
TECH,20191113,79.76,80,79.65,79.77,2243
TECH,20191114,80.23,80.65,80.16,80.51,1516
TECH,20191115,80.61,80.85,80.6,80.83,3710
TECH,20191118,81.06,81.07,80.83,81,1414
TECH,20191119,81.01,81.46,81,81.46,4489
TECH,20191120,81.21,81.21,80.93,81.03,2313
TECH,20191121,80.59,80.82,80.5,80.69,2648
TECH,20191122,80.95,81.08,80.55,81.07,3180
TECH,20191125,81.2,81.38,81.17,81.23,1994
TECH,20191126,81.95,82.01,81.95,82,352
TECH,20191127,82,82.02,81.95,82.02,2253
TECH,20191128,82.4,82.4,81.98,82.03,1965
TECH,20191129,82.38,82.38,81.96,81.96,2184
TECH,20191202,82.25,82.49,82.1,82.3,6386
TECH,20191203,80.61,80.64,80.2,80.45,9929
TECH,20191204,79.9,80.03,79.29,80.03,2676
TECH,20191205,80.33,80.33,80.08,80.22,2315
TECH,20191206,80.5,80.6,80.49,80.52,5784
TECH,20191209,81.21,81.21,80.84,80.9,1114
TECH,20191210,80.92,81,80.63,80.67,1367
TECH,20191211,81,81,80.66,80.66,2487
TECH,20191212,80.8,80.83,80.45,80.45,1551
TECH,20191213,80.92,81.41,80.92,81.11,3874
TECH,20191216,81.67,81.79,81.59,81.7,7831
TECH,20191217,82.37,82.42,81.96,82.27,6938
TECH,20191218,82.52,82.53,82.15,82.21,7316
TECH,20191219,82.76,82.76,82.08,82.08,8895
TECH,20191220,82.71,82.71,82.18,82.29,10773
TECH,20191223,83.02,83.05,82.52,82.52,6052
TECH,20191224,82.6,82.6,82.4,82.4,338
TECH,20191227,82.55,82.99,82.55,82.6,754
TECH,20191230,82.31,82.4,82.13,82.13,1638
TECH,20191231,81.81,81.81,81.06,81.06,1284
TECH,20200102,81.6,81.8,81.28,81.8,845
TECH,20200103,83.29,83.29,82.35,82.65,3933
TECH,20200106,83,83,82.05,82.27,2506
TECH,20200107,83.22,83.51,82.89,83.21,857
TECH,20200108,83.54,84.2,82.5,83.58,9680
TECH,20200109,85.16,85.16,84.49,84.69,4821
TECH,20200113,85.24,85.31,84.41,84.41,4526
TECH,20200114,85.5,85.86,85.5,85.54,6575
TECH,20200115,85.6,85.6,85.3,85.38,2342
TECH,20200116,85.28,85.39,85.09,85.15,8224
TECH,20200117,86.38,86.4,86.02,86.07,6571
TECH,20200120,86.1,86.44,86.1,86.24,10885
TECH,20200121,86.1,86.42,85.82,85.95,4604
TECH,20200122,86.5,87.63,86.5,87.38,3402
TECH,20200123,87.35,87.35,86.42,86.76,4539
TECH,20200124,87.56,87.95,87.51,87.9,2173
TECH,20200128,87.13,87.13,85.95,86.29,5075
TECH,20200129,86.51,87.8,86.51,87.41,3308
TECH,20200130,87.45,87.69,86.95,87,10459
TECH,20200203,88.02,88.02,87,87.81,9548
TECH,20200204,88,88.43,87.34,88.31,2090
TECH,20200205,89.54,89.54,89.2,89.35,3769
TECH,20200210,90.69,90.69,89.5,89.87,9560
TECH,20200211,90.69,91.47,90.67,90.9,4389
TECH,20200212,91.13,91.61,91.02,91.42,3061
TECH,20200213,92,92.9,91.19,91.28,7487
TECH,20200214,91.96,91.96,91.5,91.8,1833
TECH,20200217,92,92.17,91.85,92.17,2756
TECH,20200218,92.35,92.35,91.5,91.79,9652
TECH,20200219,92.12,92.2,91.67,91.87,2467
TECH,20200220,92,93.03,92,92.45,880
TECH,20200221,92.7,92.7,91.6,92,7460
TECH,20200224,90.59,90.59,88,88.2,14603
TECH,20200225,85.45,87.46,85,87.15,14785
TECH,20200226,85.59,85.59,84,85.1,27863
TECH,20200227,84.73,84.73,82.55,82.85,15618
TECH,20200228,80.15,80.56,79,79.31,33551
TECH,20200302,79.24,81.67,79.24,81.18,28957
TECH,20200303,84.13,84.22,82.16,82.16,19107
TECH,20200304,80.83,80.93,79,80.87,12045
TECH,20200305,82.57,82.57,80.5,80.56,10809
TECH,20200306,80.11,80.11,77.7,77.7,12994
TECH,20200309,75.02,75.02,71.72,73.2,21487
TECH,20200310,71,73.87,71,73.83,24249
TECH,20200311,75.94,75.94,73.14,73.14,5935
TECH,20200312,73,73,67.69,68.4,20791
TECH,20200313,66.97,66.97,63.22,66.15,13929
TECH,20200316,67.67,69.03,64.01,66.8,9966
TECH,20200317,65.63,67.5,64.07,66.85,9076
TECH,20200318,70,70,66.49,66.6,5849
TECH,20200319,68.51,70.01,66.96,67.4,8059
TECH,20200320,69.3,70.6,69,70,3825
TECH,20200323,67.94,67.94,64.9,67.17,4815
TECH,20200324,67.18,71.78,67.18,71.2,5173
TECH,20200325,75,75,72.45,73.24,10810
TECH,20200326,75.21,76,74,74.5,7251
TECH,20200327,76.01,77.92,75.34,75.42,10868
TECH,20200330,74.01,74.06,71,73.44,2678
TECH,20200331,75.42,76.31,74.6,75.07,6815
TECH,20200401,75.07,75.07,73.05,73.05,8545
TECH,20200402,73.09,73.09,71.5,72.24,6379
TECH,20200403,73.76,73.76,70.9,70.9,2090
TECH,20200406,73.76,74.95,73,74.95,10671
TECH,20200407,77.92,77.96,74.93,75.75,8802
TECH,20200408,75.07,76.11,74.45,75.55,2587
TECH,20200409,78.8,78.8,76.54,77.2,4313
TECH,20200414,77.82,77.82,75.92,76.92,4457
TECH,20200415,79.18,79.18,77.6,78.03,7161
TECH,20200416,77.63,78,77.3,78,3889
TECH,20200417,79.2,80.3,79.2,80.19,15985
TECH,20200420,81.02,81.02,79.37,79.66,4399
TECH,20200421,79.7,80.29,78.5,79.09,7368
TECH,20200422,78.5,78.5,76.29,76.75,11773
TECH,20200423,79.5,79.5,78.3,78.31,2255
TECH,20200424,77.95,77.95,76.5,76.8,9300
TECH,20200427,79.35,79.35,78.1,78.79,13841
TECH,20200428,79,79.27,78.95,79.23,4575
TECH,20200429,78.62,79.16,78.23,78.93,9456
TECH,20200430,81,82.17,81,81.52,2708
TECH,20200501,82.18,82.18,79.3,79.3,5820
TECH,20200504,79.3,79.3,78.05,78.19,2063
TECH,20200505,81,81,79.12,79.66,2523
TECH,20200506,81,82,80.86,81.3,2674
TECH,20200507,83,83.13,82.7,82.7,1937
TECH,20200508,83.98,85.22,83.98,84.89,7495
TECH,20200511,85.14,85.37,84.92,84.92,7653
TECH,20200512,85.29,86.2,85.29,85.76,2970
TECH,20200513,85.2,85.2,83.46,84.22,5275
TECH,20200514,83.8,83.8,82.57,82.77,2864
TECH,20200515,83.25,83.4,82.81,83.36,1508
TECH,20200518,83.8,84.76,83.8,84.74,4288
TECH,20200519,84.76,84.77,84.24,84.6,6248
TECH,20200520,84.94,85.31,84.94,85.16,5650
TECH,20200521,86,86.02,85.76,85.8,2988
TECH,20200522,85.8,85.8,84.75,84.83,4567
TECH,20200525,86.9,87.08,86.68,87.06,2627
TECH,20200526,90.55,90.55,87.7,88.34,3660
TECH,20200527,88.34,88.34,85.5,86.44,34062
TECH,20200528,88.1,88.15,85.99,86.4,5542
TECH,20200529,86.99,87.17,86.51,86.87,3298
TECH,20200601,86.45,87.88,86.45,87.58,2281
TECH,20200602,87.58,87.93,87.58,87.75,4928
TECH,20200603,87.48,87.75,86.8,87.34,5041
TECH,20200604,88.33,88.48,88,88.23,4203
TECH,20200605,88.29,88.29,86.07,86.29,9224
TECH,20200609,87.5,87.51,86.87,87.41,5773
TECH,20200610,87.3,87.6,86.98,86.98,6445
TECH,20200611,87,87.64,87,87.3,6143
TECH,20200612,85.63,85.92,84.98,85.63,14363
TECH,20200615,85.99,85.99,83.69,83.8,9954
TECH,20200616,83.8,87.14,83.8,87.06,20130
TECH,20200617,87.97,88.36,87.93,88.12,4197
TECH,20200618,87.93,87.93,87.41,87.93,6288
TECH,20200619,88.88,89.45,88.88,89.45,7590
TECH,20200622,88.99,88.99,88.05,88.29,8047
TECH,20200623,89.01,89.46,88.9,89.33,7456
TECH,20200624,89.99,89.99,88.66,88.99,6552
TECH,20200625,88.85,89.39,87.36,87.79,6757
TECH,20200626,88.8,89.2,88.8,89.06,3416
TECH,20200629,89.05,89.05,88.15,88.18,9322
TECH,20200630,83.96,83.96,81.39,81.46,30469
TECH,20200701,82.65,82.65,82,82.23,6247
TECH,20200702,82.4,82.82,82.23,82.42,6975
TECH,20200703,83.5,83.5,82.21,82.43,4145
TECH,20200706,83,83.87,82.67,83.61,8555
TECH,20200707,84,84.01,83.05,83.08,9315
TECH,20200708,83.3,83.33,82.49,82.49,4298
TECH,20200709,84.99,84.99,83.38,83.58,10784
TECH,20200710,84.81,84.81,84.09,84.4,5977
TECH,20200713,85,85.5,84.76,84.98,26020
TECH,20200714,85.19,85.19,82,82.27,9394
TECH,20200715,82.5,83.01,82.26,82.55,7378
TECH,20200716,82.31,82.31,81.63,81.8,20190
TECH,20200717,81.81,82.49,81.72,81.9,21884
TECH,20200720,81.6,82.89,81.6,82.47,5829
TECH,20200721,84,85.86,84,85.65,10973
TECH,20200722,85.64,85.64,83.62,83.62,5035
TECH,20200723,84,84,83.45,83.66,3715
TECH,20200724,83.7,85.5,82.3,82.3,10213
TECH,20200727,81.5,81.82,81.4,81.48,11985
TECH,20200728,82.37,83.15,82.37,82.62,15910
TECH,20200729,81.51,81.51,80.95,80.95,6081
TECH,20200730,81.99,82.56,81.99,82.41,6542
TECH,20200731,82.27,82.77,82,82,19845
TECH,20200803,82.91,83.42,82.82,82.82,2948
TECH,20200804,84.16,84.57,84.16,84.55,4447
TECH,20200805,84.98,84.98,83.2,83.58,3894
TECH,20200806,83.53,83.8,83.38,83.45,5565
TECH,20200807,83.2,83.57,83.18,83.39,5197
TECH,20200810,83.5,83.5,82.63,82.91,7254
TECH,20200811,82.92,82.94,82.4,82.6,7185
TECH,20200812,83.2,83.2,82.2,82.55,13275
TECH,20200813,82.56,82.71,82.42,82.53,4064
TECH,20200814,84.32,84.65,84.32,84.5,14390
TECH,20200817,84.39,84.39,83.1,83.54,6419
TECH,20200818,83.86,84,83.73,83.73,4739
TECH,20200819,83.88,84.2,83.75,84,5110
TECH,20200820,84.22,84.22,83.56,83.85,4563
TECH,20200821,84.48,84.61,84.35,84.4,11119
TECH,20200824,84.64,84.87,84.64,84.8,15533
TECH,20200825,84.8,85.34,84.7,85.1,9567
TECH,20200826,85.7,85.96,85.6,85.9,23404
TECH,20200827,86.34,87.44,86.34,87.32,8280
TECH,20200828,87.5,87.5,86.58,86.71,7575
TECH,20200831,87,87.16,86.82,87,9329
TECH,20200901,87.1,87.1,85.67,85.71,13433
TECH,20200902,88,88.64,88,88.57,19265
TECH,20200903,89.57,89.95,89.37,89.49,3100
TECH,20200904,84.53,85.4,84.53,85.3,16391
TECH,20200907,85.35,85.35,82.98,83.22,21183
TECH,20200908,84,84.29,83.55,84.2,12223
TECH,20200909,83,83.02,82.45,83.02,9186
TECH,20200910,84.2,84.2,83.14,83.51,16785
TECH,20200911,83.2,83.53,83.2,83.53,10581
TECH,20200914,85.14,85.14,82.65,83.19,9688
TECH,20200915,83.5,83.5,82.77,82.93,5549
TECH,20200916,83.8,84.06,83.66,83.99,5392
TECH,20200917,84,84.5,82.43,82.43,14343
TECH,20200918,82.44,82.46,82.17,82.45,23577
TECH,20200921,82.46,82.46,81.35,81.62,4740
TECH,20200922,83.22,83.68,82.87,82.87,8889
TECH,20200923,84.6,85.49,84.6,85.47,17814
TECH,20200924,85.3,85.3,83.93,84.35,3467
TECH,20200925,84.36,85.18,84.36,84.83,9556
TECH,20200928,86.12,86.3,85.92,86.3,7571
TECH,20200929,87.18,88,87.18,87.62,8475
TECH,20200930,86.63,87.18,85.95,85.95,22582
TECH,20201001,86,86.7,86,86.51,8906
TECH,20201002,87.91,87.91,86.29,86.62,22133
TECH,20201005,86.7,87.6,86.7,87.3,2561
TECH,20201006,88,88.03,87.51,87.9,3465
TECH,20201007,88.99,88.99,88.5,88.87,4981
TECH,20201008,89.6,90.78,89.6,90.7,3373
TECH,20201009,90.72,91.35,90.72,91.15,4035
TECH,20201012,91.5,91.99,91.33,91.87,4375
TECH,20201013,92.63,93.08,92.63,92.96,5196
TECH,20201014,93.25,93.25,93.05,93.12,6647
TECH,20201015,93.2,93.2,91.99,92.07,11240
TECH,20201016,93.25,93.78,93,93.2,6061
TECH,20201019,93.7,93.71,93.34,93.63,5497
TECH,20201020,93.9,93.99,93.68,93.75,15975
TECH,20201021,93.5,93.73,93.4,93.5,5018
TECH,20201022,93.4,93.4,91.07,91.44,5865
TECH,20201023,92.54,92.54,90.9,91.54,2054
TECH,20201026,91.55,91.55,90.7,90.89,10181
TECH,20201027,90.75,90.75,88.96,89.2,7391
TECH,20201028,89,89,88.3,88.32,4980
TECH,20201029,87.59,87.8,87.11,87.76,4269
TECH,20201030,88.26,88.39,87.05,87.16,7838
TECH,20201102,87,87,86.51,86.96,5300
TECH,20201103,86.9,87.24,86.72,87.07,11719
TECH,20201104,87.59,91.17,87.3,89.97,14541
TECH,20201105,92.39,92.39,90.28,91.83,11390
TECH,20201106,91.83,92.24,91.17,91.26,14240
TECH,20201109,92.54,95.6,92.54,95.6,18135
TECH,20201110,96.51,96.6,91.9,92.08,21932
TECH,20201111,91.49,91.49,90.73,91.05,20643
TECH,20201112,92.8,93.5,92.33,92.62,4616
TECH,20201113,92.63,93.7,92.63,93.6,3920
TECH,20201116,93.66,93.85,93.66,93.85,358
TECH,20201117,94.85,94.99,94.12,94.16,10564
TECH,20201118,95,95.63,95,95.42,3590
TECH,20201120,95.99,96.38,95.86,96.38,4644
TECH,20201123,96.38,96.38,96,96.28,4243
TECH,20201124,96.4,97.57,96.4,97.39,8086
TECH,20201125,97.99,98.11,97.38,97.85,7296
TECH,20201126,98.49,98.49,97.42,97.67,11412
TECH,20201127,97.67,97.88,97.12,97.56,6129
TECH,20201130,98.4,98.95,97.59,98.26,7315
TECH,20201201,102,102,98.98,99.05,12583
TECH,20201202,99.95,100,98.71,99.04,8918
TECH,20201203,99.1,99.1,98.28,98.28,5492
TECH,20201204,100,100,98.41,98.65,4525
TECH,20201207,100.18,100.48,99.81,99.97,11961
TECH,20201208,100.5,100.62,100.31,100.34,4005
TECH,20201209,101,102,100.8,100.8,9009
TECH,20201210,99.9,99.9,97.63,97.79,22977
TECH,20201211,98.86,98.86,96.7,96.85,7325
TECH,20201214,97.7,98.62,97.7,97.9,12120
TECH,20201215,100.5,100.5,97.9,98.08,7965
TECH,20201216,99.19,99.19,98.37,98.47,7715
TECH,20201217,99.15,99.21,98.81,99.05,3793
TECH,20201218,99.47,99.78,99.36,99.68,4620
TECH,20201221,100.77,100.77,99.8,100.28,3019
TECH,20201222,100.79,100.79,100,100.24,6675
TECH,20201224,101.83,101.83,101.83,101.83,0
TECH,20201229,102.49,102.65,101.15,101.22,6146
TECH,20201230,101.3,101.3,99.98,100.01,6180
TECH,20201231,101.21,101.21,99.66,99.8,7101
TECH,20210104,100,101.19,99.21,99.5,7502
TECH,20210105,99.3,99.41,98.74,98.74,7084
TECH,20210106,99.49,99.5,97.8,97.89,5229
TECH,20210107,98,99.19,98,98.86,3942
TECH,20210108,99.97,101.6,99.97,101.38,2055
TECH,20210111,102,102.5,102,102.31,8710
TECH,20210112,102.68,104.41,102.68,102.86,3641
TECH,20210113,103.49,103.49,102.71,103.2,11376
TECH,20210114,103.49,103.49,103,103,6675
TECH,20210115,103.49,103.49,102.23,102.29,7043
TECH,20210118,103.24,103.24,101.86,102.44,3469
TECH,20210119,102.9,103.5,102.9,103.5,11074
TECH,20210120,104.08,105,103.75,103.81,7352
TECH,20210121,104.5,104.99,104.16,104.51,7119
TECH,20210122,105.2,105.5,103.85,104.04,5218
TECH,20210125,104.99,104.99,104.08,104.57,3576
TECH,20210127,104.54,104.54,102.59,102.74,19073
TECH,20210128,102.57,102.57,100,101.09,8089
TECH,20210129,102.5,102.5,101.19,101.19,10340
TECH,20210201,101.13,101.35,100,101.35,26006
TECH,20210203,105.56,106.45,105.56,106.16,3996
TECH,20210204,106.5,106.5,104.58,104.65,21950
TECH,20210205,106.27,107,106.27,106.92,1929
TECH,20210208,107.84,107.84,106.24,106.46,4725
TECH,20210209,107.25,107.37,106.8,106.8,6138
TECH,20210210,106.9,108.1,106.9,108.08,2213
TECH,20210211,109.83,109.83,107.3,107.38,9237
TECH,20210212,109.71,109.71,108.31,108.35,4450
TECH,20210215,108.53,109.97,108.53,109.7,11918
TECH,20210216,109.97,109.97,109.6,109.7,5820
TECH,20210217,109.69,109.69,108.79,109.15,3292
TECH,20210218,109.14,109.14,107.5,107.5,3842
TECH,20210219,107.49,107.49,106.8,107.17,3898
TECH,20210222,107.03,107.28,106.34,106.4,6392
TECH,20210223,105.79,105.79,103,104,6465
TECH,20210224,103.79,103.79,101.4,101.49,10029
TECH,20210225,102.04,102.74,102.02,102.53,12536
TECH,20210226,100.6,100.6,99.27,99.42,11700
TECH,20210301,100.32,103.7,100.32,102.88,6139
TECH,20210302,104.12,106.3,103.6,103.71,4744
TECH,20210303,103.59,103.59,101.58,102.13,2809
TECH,20210304,101.67,101.67,98.03,98.48,7045
TECH,20210305,97.08,97.14,96.09,96.96,12635
TECH,20210308,99.21,99.69,97.86,97.86,5927
TECH,20210309,97.35,98.2,97.35,98.04,6542
TECH,20210310,100.44,101.67,99.66,99.86,5582
TECH,20210311,100.44,101.67,99.66,99.86,5582
TECH,20210312,101,101.24,100.94,101.09,4673
TECH,20210315,101.03,101.03,100.45,100.76,7285
TECH,20210316,101.68,102.49,101.68,102.11,4059
TECH,20210317,102.45,102.45,101.81,102.06,5381
TECH,20210318,102.1,102.4,100.77,100.77,8940
TECH,20210319,100.76,101,99,99.28,2714
TECH,20210322,100.11,102.47,100.11,100.79,4825
TECH,20210323,102.47,102.47,101.39,101.65,3860
TECH,20210324,101.81,102.59,101.81,102.54,5915
TECH,20210325,102.54,102.54,100.72,100.76,10982
TECH,20210329,102.94,102.94,102.37,102.4,9183
TECH,20210330,102.55,102.55,101.68,101.72,3031
TECH,20210331,102.01,102.26,101.72,102.07,3272
TECH,20210401,103.9,104.55,103.81,104.55,4417
TECH,20210406,106.22,107.48,106.22,106.9,4183
TECH,20210407,107.5,107.5,106.6,106.82,4304
TECH,20210408,107.5,107.5,107.02,107.41,3623
TECH,20210409,108,108.29,107.98,108.17,3946
TECH,20210412,108.45,108.92,108.29,108.47,1597
TECH,20210413,109.5,109.5,108.37,108.55,2903
TECH,20210414,108.91,109.24,108.6,108.73,6018
TECH,20210415,108.6,108.6,107.35,107.65,4119
TECH,20210416,108.22,108.31,108.14,108.17,3378
TECH,20210419,108.21,108.68,108.21,108.43,3288
TECH,20210420,108.29,108.29,106.53,106.56,6470
TECH,20210421,106.5,106.51,106,106.15,1254
TECH,20210422,106.66,108.02,106.66,107.15,1729
TECH,20210423,107,107.28,106.88,106.97,9148
TECH,20210426,107.69,107.8,107.42,107.55,1706
TECH,20210427,108.02,108.79,108.01,108.18,8690
TECH,20210428,108.5,108.79,107.57,107.97,1475
TECH,20210429,107.43,107.43,106.1,106.77,10319
TECH,20210430,106.46,106.52,104.9,104.91,5570
TECH,20210503,105.43,105.43,104.62,104.63,4282
TECH,20210504,104.29,104.29,103.1,103.28,6424
TECH,20210505,101.95,102.17,101.88,101.95,11936
TECH,20210506,101.62,101.87,100.51,100.8,5455
TECH,20210507,100.86,101.44,100.24,100.6,7245
TECH,20210510,100.65,100.65,100.05,100.05,4093
TECH,20210511,99.01,99.55,97.07,97.61,10927
TECH,20210512,97.7,99.62,97.7,98.35,7430
TECH,20210513,98.07,98.07,96.95,96.95,5429
TECH,20210514,97.35,98.3,97.35,98.15,8519
TECH,20210517,100.29,100.29,99,99.18,6690
TECH,20210518,99.23,99.28,98.5,98.7,8841
TECH,20210519,98.37,98.37,97.5,97.64,5490
TECH,20210520,98.68,99.35,98.68,98.77,4876
TECH,20210521,100.86,101.24,100.86,100.99,3120
TECH,20210524,100.87,101.34,100.85,101.24,2945
TECH,20210525,101.51,102.4,101.51,102.4,1793
TECH,20210526,103,103,102.14,102.35,4036
TECH,20210527,103,103,102.4,102.4,2352
TECH,20210528,103.4,103.48,102.69,102.83,2280
TECH,20210531,102.83,103.35,102.55,102.69,5008
TECH,20210601,102.7,102.7,102.03,102.58,3251
TECH,20210602,102.29,102.29,101.47,101.76,4076
TECH,20210603,102,102.08,101.85,102,3059
TECH,20210604,102.88,102.88,101.4,101.85,6344
TECH,20210607,102.98,102.98,102,102.31,1297
TECH,20210609,103,103,102.5,102.69,4136
TECH,20210610,103,103,102.62,102.62,4259
TECH,20210611,104,104.65,104,104.17,2795
TECH,20210615,105.62,106.09,105.56,106.04,6084
TECH,20210616,105.68,105.68,104.79,104.87,7369
TECH,20210617,104.86,104.86,104.5,104.71,1935
TECH,20210618,106.87,107.52,106.87,107.47,3660
TECH,20210621,106.53,106.54,105.95,106.2,3861
TECH,20210622,106.22,107.25,106.22,107.08,5643
TECH,20210623,107.2,107.32,106.8,107.18,3285
TECH,20210625,107.48,107.6,107.3,107.48,16462
TECH,20210628,107.99,107.99,107.6,107.77,14067
TECH,20210629,108.04,108.52,108.04,108.35,7794
TECH,20210630,99.4,99.4,95.29,95.32,38341
TECH,20210701,96,96.45,94.82,95.14,14373
TECH,20210705,96.01,96.01,95.4,95.53,8405
TECH,20210706,95.79,95.79,94.74,94.74,13056
TECH,20210707,95.85,96.22,95.85,96.02,13559
TECH,20210708,96.4,96.4,95.85,96.11,7397
TECH,20210709,96.05,96.05,94.8,94.9,8753
TECH,20210712,95.61,95.88,95.53,95.65,9162
TECH,20210714,95,95.15,94.88,94.91,9330
TECH,20210715,94.99,94.99,94.53,94.7,7904
TECH,20210716,94.75,94.75,93.81,93.86,19592
TECH,20210719,93.85,93.85,93.5,93.65,6927
TECH,20210720,94.01,94.43,94.01,94.25,4444
TECH,20210723,97,97.99,96.6,96.89,9140
TECH,20210726,97.84,98.01,97.83,97.83,10432
TECH,20210727,97.73,97.9,97.58,97.77,19042
TECH,20210728,97.93,97.93,96.51,96.59,10734
TECH,20210729,97.78,97.78,97.43,97.5,16038
TECH,20210730,97.98,97.98,97.07,97.29,7060
TECH,20210802,97.8,98.83,97.8,98.29,4357
TECH,20210803,98.99,98.99,97.47,97.51,10002
TECH,20210804,98.99,98.99,97.52,97.84,8423
TECH,20210805,98.22,98.8,97.7,97.72,10938
TECH,20210806,98.11,98.96,98.01,98.12,7456
TECH,20210809,98.26,98.34,98.02,98.07,10768
TECH,20210810,98.07,98.99,98.07,98.55,10049
TECH,20210811,97.46,97.61,97.38,97.58,9399
TECH,20210812,97.69,97.69,96.82,96.86,12481
TECH,20210813,97,97.06,96.88,97.01,8521
TECH,20210819,97.63,97.63,96.92,96.98,5881
TECH,20210820,96.98,97.99,96.98,97.8,8801
TECH,20210823,98.69,98.84,98.58,98.69,7106
TECH,20210824,99.01,100.11,99.01,99.73,5038
TECH,20210825,99.79,100.36,99.79,100.33,7549
TECH,20210826,101,101,100.02,100.05,11692
TECH,20210827,100.18,100.56,100.18,100.44,5224
TECH,20210830,100.86,100.86,100.32,100.68,6923
TECH,20210831,101,101.19,100.66,100.75,5360
TECH,20210901,100.3,100.75,100.25,100.6,5970
TECH,20210902,100.26,100.26,99.85,99.85,4368
TECH,20210903,100.73,100.73,99.75,99.75,3830
TECH,20210906,99.46,99.95,99.39,99.95,6838
TECH,20210907,100,100.21,99.61,100.21,8250
TECH,20210908,99.56,99.75,99.53,99.55,6357
TECH,20210909,99.97,99.97,98.93,98.95,4572
TECH,20210910,99.89,99.89,99.12,99.27,4011
TECH,20210913,99.85,99.85,98.86,99.14,4625
TECH,20210914,99.09,99.47,98.92,99.47,5213
TECH,20210915,99.49,100.59,99.4,99.4,4998
TECH,20210916,99.51,100.3,99.51,100.04,3500
TECH,20210917,100.41,100.9,100.4,100.83,9670
TECH,20210920,100.76,100.76,99.74,99.96,5919
TECH,20210922,99.13,100.47,99.13,99.8,3252
TECH,20210923,100.8,101.35,100.8,101.29,4971
TECH,20210924,102,102,101.6,101.7,8006
TECH,20210927,102.5,102.71,102.4,102.66,3877
TECH,20210928,102.6,102.7,101.43,101.52,14596
TECH,20210929,101.29,101.29,99.61,99.65,14692
TECH,20210930,100.51,100.51,99.6,99.87,4992
TECH,20211001,99.06,99.06,98.02,98.29,7444
TECH,20211004,100.99,100.99,98.71,98.88,2742
TECH,20211005,97.94,97.94,96.58,97.18,7782
TECH,20211006,97.25,97.59,97,97.21,4760
TECH,20211007,97.73,98.99,97.73,98.19,7538
TECH,20211008,98.91,99.05,98.3,98.5,4390
TECH,20211011,98.49,98.49,97.11,97.35,23436
TECH,20211012,98.49,98.49,97.11,97.35,23436
TECH,20211013,96.2,96.97,96.2,96.97,2923
TECH,20211014,96.92,97.99,96.92,97.54,2539
TECH,20211019,99.79,99.79,99.08,99.21,3765
TECH,20211020,99.4,99.75,98.81,98.85,5264
TECH,20211021,98.92,99,98.06,98.32,4407
TECH,20211022,99.8,99.99,99.58,99.83,3511
TECH,20211025,99.78,99.78,99,99,4723
TECH,20211026,99,99.96,98.8,98.85,2610
TECH,20211028,98.66,98.66,97.34,97.4,3153
TECH,20211029,98.47,98.47,97.3,97.3,3561
TECH,20211101,98,98.98,97.96,98.15,3722
TECH,20211102,98.28,98.89,98.28,98.79,4915
TECH,20211103,100.01,100.71,100.01,100.51,3405
TECH,20211104,100.7,100.91,100.59,100.89,9080
TECH,20211105,102.52,103.29,102.52,103.08,9120
TECH,20211109,104.03,104.81,104.03,104.59,8061
TECH,20211110,104.5,104.87,104.5,104.72,3902
TECH,20211112,104.91,105.74,104.91,105.5,7133
TECH,20211115,105.51,106.33,105.51,105.88,7175
TECH,20211116,105.4,105.46,105.31,105.35,3607
TECH,20211117,106.35,107.13,106.35,107.1,12792
TECH,20211118,107.01,107.47,106.5,106.8,16783
TECH,20211119,106.83,107.4,106.8,107.39,4717
TECH,20211122,107.42,107.42,106.51,106.51,7718
TECH,20211123,106.26,106.49,105.3,105.45,9055
TECH,20211124,106.18,106.18,104.6,104.79,3630
TECH,20211125,105.03,105.7,105.03,105.53,7968
TECH,20211126,105.65,105.95,105.22,105.39,12763
TECH,20211129,103.79,104.4,103.47,104.05,26394
TECH,20211130,105.26,105.56,104.75,105.12,4123
TECH,20211201,105.25,105.25,103.75,104.31,9596
TECH,20211202,103.34,103.45,102,102.73,4345
TECH,20211203,103.58,105,103.58,104.13,11942
TECH,20211206,103.21,103.72,103.21,103.49,17989
TECH,20211207,103.53,104.02,103.51,103.65,12140
TECH,20211208,105.27,106.39,105.27,106.36,7778
TECH,20211209,106.4,106.4,105.6,105.72,7941
TECH,20211210,105.39,105.39,104.52,104.52,3237
TECH,20211213,104.82,105.21,104.82,105.05,5406
TECH,20211214,105,105.02,104.01,104.82,14219
TECH,20211216,104.8,105.49,104.57,104.85,18213
TECH,20211217,103.45,103.45,101.78,101.9,6061
TECH,20211220,103.02,103.02,101.85,102,7803
TECH,20211221,101.5,102.94,101.5,102.79,6028
TECH,20211222,103.98,104.79,103.98,104.69,3765
TECH,20211223,104.69,105.15,104.6,105.01,2734
TECH,20211224,105.13,105.92,105,105.4,2796
TECH,20211229,106.04,106.98,106.04,106.66,1835
TECH,20211230,106.9,106.9,106.02,106.38,5032
TECH,20211231,106.25,106.4,105.79,105.86,3445
TECH,20220104,106.4,106.98,106.25,106.7,2790
TECH,20220105,106.68,106.68,105.44,105.66,4393
TECH,20220106,104.72,104.72,102.8,102.9,8480
TECH,20220107,103.58,104.69,103.58,104.3,2652
TECH,20220110,104.4,104.4,102.16,102.42,4578
TECH,20220111,102.61,103.14,102.51,102.67,8936
TECH,20220112,103.1,103.99,103.1,103.7,3922
TECH,20220113,103.81,103.87,102.5,102.53,5258
TECH,20220114,102.49,102.49,100.78,100.87,5696
TECH,20220117,101.64,102.62,101.64,101.98,5522
TECH,20220118,102.08,102.49,101.75,101.77,5219
TECH,20220119,102,102,99.14,99.15,10294
TECH,20220120,98.5,98.69,97.92,98.69,4391
TECH,20220121,98.28,98.28,96.86,96.99,16033
TECH,20220124,95.5,96.56,95.02,96.5,12650
TECH,20220125,96.6,97.97,95.82,95.86,14265
TECH,20220127,95.4,95.4,92.2,92.68,9348
TECH,20220128,93.94,94.8,93.82,94,3797
TECH,20220131,95.81,96.57,95.81,96.56,7967
TECH,20220201,99.01,99.5,98.25,98.87,3641
TECH,20220202,99,99,98.19,98.5,3106
TECH,20220203,99.4,99.4,97.99,98.92,7385
TECH,20220204,97.86,97.86,95.08,95.39,8179
TECH,20220207,95.82,96.85,95.8,95.93,4461
TECH,20220208,96,96.31,95.67,95.96,2155
TECH,20220209,96.48,97.08,96.48,97.08,2468
TECH,20220210,99.61,99.9,99.28,99.34,4213
TECH,20220211,98.01,98.01,97.46,97.64,10041
TECH,20220214,96.67,96.67,94.65,95.44,5271
TECH,20220215,95.4,95.4,94.65,94.94,3478
TECH,20220216,96.44,97.55,96.44,97.25,4003
TECH,20220217,97.25,97.99,96.58,96.79,3679
TECH,20220218,95.43,95.43,93.67,94.22,6000
TECH,20220221,93.8,93.8,91.47,92.29,5450
TECH,20220222,91.7,91.7,90,90.63,16240
TECH,20220223,91.43,93.13,91.23,91.64,4145
TECH,20220224,90.73,90.73,87.5,87.76,7026
TECH,20220225,92.01,93,91.81,92.2,3591
TECH,20220228,93.93,93.93,91.7,91.88,8976
TECH,20220301,92.51,94.79,92.23,93.23,2536
TECH,20220302,92.97,92.97,90.6,91.39,4909
TECH,20220303,91.5,92.49,91.5,92.33,3052
TECH,20220304,92.13,92.13,89.27,89.36,12470
TECH,20220307,89.36,89.36,85.24,85.8,11207
TECH,20220308,84.99,85.21,83.98,85.13,17317
TECH,20220309,85,86.34,85,86.26,5686
TECH,20220310,87.52,88.7,87.52,88.2,3981
TECH,20220311,88.19,88.19,86,86.03,4894
TECH,20220314,86.01,87.74,86.01,86.78,2525
TECH,20220315,86.89,86.89,85.92,86.1,3064
TECH,20220316,0,0,0,0,0
TECH,20220317,91.25,91.25,89.2,89.34,5074
TECH,20220318,89.5,89.5,88.95,89.06,1617
TECH,20220321,90.14,91.31,90.14,90.35,2420
TECH,20220322,90.87,90.88,89.79,89.98,2624
TECH,20220323,92.31,92.31,90.55,91.16,4237
TECH,20220324,90.4,90.4,88.63,89.51,9065
TECH,20220325,90.4,90.4,90,90.26,4179
TECH,20220328,90,90,89.36,89.39,2434
TECH,20220329,89.39,91.11,89.39,90.86,4948
TECH,20220330,91.16,92.99,91.16,92.33,4145
TECH,20220331,92.59,92.59,91.15,91.5,2920
TECH,20220401,91.64,91.64,90.1,90.3,3042
TECH,20220404,90.83,90.83,89.17,89.59,4905
TECH,20220405,89.96,90.86,89.6,89.66,6505
TECH,20220406,89.3,89.3,87.35,87.45,4985
TECH,20220407,87.41,87.41,86.01,86.23,2340
TECH,20220408,86.26,87.6,86.26,86.4,2782
TECH,20220411,86.46,86.46,85.1,85.21,8422
TECH,20220412,85,85.16,84.5,84.62,5815
TECH,20220413,84.7,85,84.51,85,2967
TECH,20220414,85.1,86.23,85.1,86.22,2698
TECH,20220419,86.47,86.47,84.8,84.8,6759
TECH,20220420,84.81,85.96,84.81,85.69,2082
TECH,20220421,84.81,85.96,84.81,85.69,2082
TECH,20220422,85.5,85.5,83.95,84.98,7379
TECH,20220426,84.98,85.9,84.98,85.54,3098
TECH,20220427,84.44,84.44,82.9,83.57,5019
TECH,20220428,83.9,85.01,83.9,84.7,8652
TECH,20220429,85.2,86.83,85.2,86.71,5794
TECH,20220502,86.37,86.37,85,85.53,2486
TECH,20220503,85.4,86.25,85.4,85.9,3747
TECH,20220504,86.36,86.36,84.88,84.88,2566
TECH,20220505,85,85.54,85,85.2,4729
TECH,20220506,84.52,84.52,82.57,83.11,15839
TECH,20220509,82.85,82.85,81.45,81.9,5591
TECH,20220510,81.2,81.2,79.6,81.07,10672
TECH,20220511,82,82.02,80.11,80.83,5229
TECH,20220512,80.3,80.3,78.5,78.5,29117
TECH,20220513,79.58,81.5,79.58,81.25,10102
TECH,20220516,83.11,83.2,82.5,82.94,9977
TECH,20220517,82.57,82.57,80.98,81.2,4678
TECH,20220518,83,83,81.76,82.12,2828
TECH,20220519,80.12,80.12,78.75,79.18,11313
TECH,20220520,80,81.12,80,80.8,7133
TECH,20220523,80.8,82,80.8,81.23,5469
TECH,20220524,81.99,82,80.24,80.69,4147
TECH,20220525,80.69,80.69,79.05,79.38,3610
TECH,20220526,80.01,81,80.01,80.5,827
TECH,20220527,81.1,82.17,81.1,81.67,2719
TECH,20220530,83,84.58,83,84.46,4215
TECH,20220531,85,85.01,83.51,83.55,3700
TECH,20220601,83.35,83.52,82.73,82.75,4900
TECH,20220602,83.48,83.48,82.55,82.89,1411
TECH,20220603,84,84.73,84,84.44,3144
TECH,20220606,83.98,84.04,83.2,83.86,4146
TECH,20220607,83.6,83.6,82.13,82.5,2494
TECH,20220608,83.55,83.96,83.55,83.9,735
TECH,20220609,83.38,83.38,82.92,82.97,585
TECH,20220610,82.21,82.21,81.65,81.86,2616
TECH,20220614,77.1,77.54,76.5,77.54,9078
TECH,20220615,77.73,77.73,76.59,76.72,4844
TECH,20220616,77.62,77.62,76.29,76.29,2067
TECH,20220617,73.16,73.72,72.7,73.66,7252
TECH,20220620,75,75.95,74.5,75,2911
TECH,20220621,74.99,75.73,74.99,75.7,5988
TECH,20220622,76.09,76.09,75.25,75.6,11784
TECH,20220623,75.78,76.71,75.78,76.62,3982
TECH,20220624,77.95,79.52,77.95,79.22,2996
TECH,20220627,80.74,81.76,80.65,80.98,4811
TECH,20220628,80.01,80.58,79.9,80.25,9364
TECH,20220629,78.67,78.67,78.07,78.43,11057
TECH,20220630,77.46,77.46,72.49,73.79,12583
TECH,20220701,74,74,72.72,72.78,2087
TECH,20220704,73.63,73.9,73.3,73.36,1699
TECH,20220705,74,74,73.35,73.55,6110
TECH,20220706,74.01,75.67,74.01,74.92,3982
TECH,20220707,75,75.7,75,75.31,3600
TECH,20220708,76.15,76.56,75.98,76.44,3182
TECH,20220711,76.37,76.37,75.65,75.65,3558
TECH,20220712,76,76,75.32,75.32,1446
TECH,20220713,74.14,74.14,73.83,73.87,374
TECH,20220714,73.53,73.65,73.32,73.54,2516
TECH,20220715,73.81,74.07,73.6,73.88,1610
TECH,20220718,74.71,75.44,74.71,75.44,1182
TECH,20220719,74.89,74.89,73.93,73.93,1879
TECH,20220720,76,76.37,76,76.28,4851
TECH,20220721,77.98,78.24,77.98,78.1,3796
TECH,20220722,78.25,78.99,78.25,78.84,9790
TECH,20220725,77.84,77.91,77.4,77.4,2150
TECH,20220726,77.38,77.38,76,76.41,4075
TECH,20220727,75.53,75.85,75.11,75.58,5333
TECH,20220728,76.69,76.7,76.15,76.55,2518
TECH,20220729,77,77.91,77,77.85,2962
TECH,20220801,78.41,78.73,78.16,78.19,4296
TECH,20220802,78.21,79.09,78.1,79.03,5082
TECH,20220803,79.54,79.8,79.53,79.61,2855
TECH,20220805,82.38,82.38,81.58,81.98,5729
TECH,20220808,81.99,82.08,81.9,81.93,6100
TECH,20220809,82,82,81.48,81.7,4303
TECH,20220810,81.1,81.1,79.65,79.75,3691
TECH,20220811,82.05,82.05,81.66,81.75,2841
TECH,20220812,81.65,81.65,80.6,80.74,7453
TECH,20220815,81,82.21,81,82.16,6120
TECH,20220816,82.51,83.41,82.51,82.68,4591
TECH,20220817,82.6,82.74,82.31,82.55,3760
TECH,20220818,82.55,82.55,81.58,81.78,5636
TECH,20220819,82.07,82.68,82.07,82.14,3637
TECH,20220822,82.3,82.3,80.44,80.44,1093
TECH,20220823,79.5,79.5,78.53,78.65,3714
TECH,20220824,78.5,78.63,78.46,78.63,1292
TECH,20220825,78.69,79.06,78.46,78.46,4121
TECH,20220826,79,79.79,79,79.43,4812
TECH,20220829,77.5,77.5,76.12,76.51,3186
TECH,20220830,76.65,76.9,76.21,76.84,3853
TECH,20220831,77.02,77.02,76.51,76.67,1344
TECH,20220901,76.01,76.1,75.67,75.67,7593
TECH,20220902,76,76,75.135,75.135,2392
TECH,20220905,75.11,75.11,74.61,74.7,3566
TECH,20220906,74.71,75.37,74.71,74.99,1889
TECH,20220907,75.49,75.49,74.33,74.77,1192
TECH,20220909,77.01,77.2,76.68,76.71,2620
TECH,20220912,77,78.04,77,77.89,1715
TECH,20220913,78.03,78.87,78.02,78.6,2390
TECH,20220914,76.85,76.85,75.5,76.09,2330
TECH,20220915,75.91,76.52,75.86,76.05,3316
TECH,20220916,75.51,75.51,74.28,74.34,5037
