TLT,20161130,0,0,0,0,0
TLT,20161201,0,0,0,0,0
TLT,20161202,0,0,0,0,0
TLT,20161205,0,0,0,0,0
TLT,20161206,0,0,0,0,0
TLT,20161207,0,0,0,0,0
TLT,20161208,0,0,0,0,0
TLT,20161209,0,0,0,0,0
TLT,20161212,0,0,0,0,0
TLT,20161213,0,0,0,0,0
TLT,20161214,0,0,0,0,0
TLT,20161215,0,0,0,0,0
TLT,20161216,0,0,0,0,0
TLT,20161219,0,0,0,0,0
TLT,20161220,0,0,0,0,0
TLT,20161221,0,0,0,0,0
TLT,20161222,0,0,0,0,0
TLT,20161223,0,0,0,0,0
TLT,20161228,0,0,0,0,0
TLT,20161229,0,0,0,0,0
TLT,20161230,0,0,0,0,0
TLT,20170103,0,0,0,0,0
TLT,20170104,0,0,0,0,0
TLT,20170105,0,0,0,0,0
TLT,20170106,0,0,0,0,0
TLT,20170109,0,0,0,0,0
TLT,20170110,0,0,0,0,0
TLT,20170111,0,0,0,0,0
TLT,20170112,0,0,0,0,0
TLT,20170113,0,0,0,0,0
TLT,20170116,0,0,0,0,0
TLT,20170117,0,0,0,0,0
TLT,20170118,0,0,0,0,0
TLT,20170119,0,0,0,0,0
TLT,20170120,0,0,0,0,0
TLT,20170123,0,0,0,0,0
TLT,20170124,0,0,0,0,0
TLT,20170125,0,0,0,0,0
TLT,20170127,0,0,0,0,0
TLT,20170130,0,0,0,0,0
TLT,20170131,0,0,0,0,0
TLT,20170201,0,0,0,0,0
TLT,20170202,0,0,0,0,0
TLT,20170203,0,0,0,0,0
TLT,20170206,0,0,0,0,0
TLT,20170207,0,0,0,0,0
TLT,20170208,0,0,0,0,0
TLT,20170209,0,0,0,0,0
TLT,20170210,0,0,0,0,0
TLT,20170213,0,0,0,0,0
TLT,20170214,0,0,0,0,0
TLT,20170215,0,0,0,0,0
TLT,20170216,0,0,0,0,0
TLT,20170217,0,0,0,0,0
TLT,20170220,0,0,0,0,0
TLT,20170221,0,0,0,0,0
TLT,20170222,0,0,0,0,0
TLT,20170223,0,0,0,0,0
TLT,20170224,0,0,0,0,0
TLT,20170227,0,0,0,0,0
TLT,20170228,0,0,0,0,0
TLT,20170301,0,0,0,0,0
TLT,20170302,0,0,0,0,0
TLT,20170303,0,0,0,0,0
TLT,20170306,0,0,0,0,0
TLT,20170307,0,0,0,0,0
TLT,20170308,0,0,0,0,0
TLT,20170309,0,0,0,0,0
TLT,20170310,0,0,0,0,0
TLT,20170313,0,0,0,0,0
TLT,20170314,0,0,0,0,0
TLT,20170315,0,0,0,0,0
TLT,20170316,0,0,0,0,0
TLT,20170317,0,0,0,0,0
TLT,20170320,0,0,0,0,0
TLT,20170321,0,0,0,0,0
TLT,20170322,0,0,0,0,0
TLT,20170323,0,0,0,0,0
TLT,20170324,0,0,0,0,0
TLT,20170327,0,0,0,0,0
TLT,20170328,0,0,0,0,0
TLT,20170329,0,0,0,0,0
TLT,20170330,0,0,0,0,0
TLT,20170331,0,0,0,0,0
TLT,20170403,0,0,0,0,0
TLT,20170404,0,0,0,0,0
TLT,20170405,0,0,0,0,0
TLT,20170406,0,0,0,0,0
TLT,20170407,0,0,0,0,0
TLT,20170410,0,0,0,0,0
TLT,20170411,0,0,0,0,0
TLT,20170412,0,0,0,0,0
TLT,20170413,0,0,0,0,0
TLT,20170418,0,0,0,0,0
TLT,20170419,0,0,0,0,0
TLT,20170420,0,0,0,0,0
TLT,20170421,0,0,0,0,0
TLT,20170424,0,0,0,0,0
TLT,20170426,0,0,0,0,0
TLT,20170427,0,0,0,0,0
TLT,20170428,0,0,0,0,0
TLT,20170501,0,0,0,0,0
TLT,20170502,0,0,0,0,0
TLT,20170503,0,0,0,0,0
TLT,20170504,0,0,0,0,0
TLT,20170505,0,0,0,0,0
TLT,20170508,0,0,0,0,0
TLT,20170509,0,0,0,0,0
TLT,20170510,0,0,0,0,0
TLT,20170511,0,0,0,0,0
TLT,20170512,0,0,0,0,0
TLT,20170515,0,0,0,0,0
TLT,20170516,0,0,0,0,0
TLT,20170517,0,0,0,0,0
TLT,20170518,0,0,0,0,0
TLT,20170519,0,0,0,0,0
TLT,20170522,0,0,0,0,0
TLT,20170523,0,0,0,0,0
TLT,20170524,0,0,0,0,0
TLT,20170525,0,0,0,0,0
TLT,20170526,0,0,0,0,0
TLT,20170529,0,0,0,0,0
TLT,20170530,0,0,0,0,0
TLT,20170531,0,0,0,0,0
TLT,20170601,0,0,0,0,0
TLT,20170602,0,0,0,0,0
TLT,20170605,0,0,0,0,0
TLT,20170606,0,0,0,0,0
TLT,20170607,0,0,0,0,0
TLT,20170608,0,0,0,0,0
TLT,20170609,0,0,0,0,0
TLT,20170613,0,0,0,0,0
TLT,20170614,0,0,0,0,0
TLT,20170615,0,0,0,0,0
TLT,20170616,0,0,0,0,0
TLT,20170619,0,0,0,0,0
TLT,20170620,0,0,0,0,0
TLT,20170621,0,0,0,0,0
TLT,20170622,0,0,0,0,0
TLT,20170623,0,0,0,0,0
TLT,20170626,0,0,0,0,0
TLT,20170627,0,0,0,0,0
TLT,20170628,0,0,0,0,0
TLT,20170629,0,0,0,0,0
TLT,20170630,0,0,0,0,0
TLT,20170703,0,0,0,0,0
TLT,20170704,0,0,0,0,0
TLT,20170705,0,0,0,0,0
TLT,20170706,0,0,0,0,0
TLT,20170707,0,0,0,0,0
TLT,20170710,0,0,0,0,0
TLT,20170711,0,0,0,0,0
TLT,20170712,0,0,0,0,0
TLT,20170713,0,0,0,0,0
TLT,20170714,0,0,0,0,0
TLT,20170717,0,0,0,0,0
TLT,20170718,0,0,0,0,0
TLT,20170719,0,0,0,0,0
TLT,20170720,0,0,0,0,0
TLT,20170721,0,0,0,0,0
TLT,20170724,0,0,0,0,0
TLT,20170725,0,0,0,0,0
TLT,20170726,0,0,0,0,0
TLT,20170727,0,0,0,0,0
TLT,20170728,0,0,0,0,0
TLT,20170731,0,0,0,0,0
TLT,20170801,0,0,0,0,0
TLT,20170802,0,0,0,0,0
TLT,20170803,0,0,0,0,0
TLT,20170804,0,0,0,0,0
TLT,20170807,0,0,0,0,0
TLT,20170808,0,0,0,0,0
TLT,20170809,0,0,0,0,0
TLT,20170810,0,0,0,0,0
TLT,20170811,0,0,0,0,0
TLT,20170815,0,0,0,0,0
TLT,20170816,0,0,0,0,0
TLT,20170817,0,0,0,0,0
TLT,20170818,0,0,0,0,0
TLT,20170821,0,0,0,0,0
TLT,20170822,0,0,0,0,0
TLT,20170823,0,0,0,0,0
TLT,20170824,0,0,0,0,0
TLT,20170825,0,0,0,0,0
TLT,20170828,0,0,0,0,0
TLT,20170829,0,0,0,0,0
TLT,20170830,0,0,0,0,0
TLT,20170831,0,0,0,0,0
TLT,20170901,0,0,0,0,0
TLT,20170904,0,0,0,0,0
TLT,20170905,0,0,0,0,0
TLT,20170906,0,0,0,0,0
TLT,20170907,0,0,0,0,0
TLT,20170908,0,0,0,0,0
TLT,20170911,0,0,0,0,0
TLT,20170912,0,0,0,0,0
TLT,20170913,0,0,0,0,0
TLT,20170914,0,0,0,0,0
TLT,20170915,0,0,0,0,0
TLT,20170918,0,0,0,0,0
TLT,20170919,0,0,0,0,0
TLT,20170920,0,0,0,0,0
TLT,20170921,0,0,0,0,0
TLT,20170922,0,0,0,0,0
TLT,20170925,0,0,0,0,0
TLT,20170926,0,0,0,0,0
TLT,20170927,0,0,0,0,0
TLT,20170928,0,0,0,0,0
TLT,20170929,0,0,0,0,0
TLT,20171002,0,0,0,0,0
TLT,20171003,0,0,0,0,0
TLT,20171004,0,0,0,0,0
TLT,20171005,0,0,0,0,0
TLT,20171006,0,0,0,0,0
TLT,20171009,0,0,0,0,0
TLT,20171010,0,0,0,0,0
TLT,20171011,0,0,0,0,0
TLT,20171012,0,0,0,0,0
TLT,20171013,0,0,0,0,0
TLT,20171016,0,0,0,0,0
TLT,20171017,0,0,0,0,0
TLT,20171018,0,0,0,0,0
TLT,20171019,0,0,0,0,0
TLT,20171020,0,0,0,0,0
TLT,20171023,0,0,0,0,0
TLT,20171024,0,0,0,0,0
TLT,20171025,0,0,0,0,0
TLT,20171026,0,0,0,0,0
TLT,20171027,0,0,0,0,0
TLT,20171030,0,0,0,0,0
TLT,20171031,0,0,0,0,0
TLT,20171101,0,0,0,0,0
TLT,20171102,0,0,0,0,0
TLT,20171103,0,0,0,0,0
TLT,20171106,0,0,0,0,0
TLT,20171107,0,0,0,0,0
TLT,20171108,0,0,0,0,0
TLT,20171109,0,0,0,0,0
TLT,20171110,0,0,0,0,0
TLT,20171113,0,0,0,0,0
TLT,20171114,0,0,0,0,0
TLT,20171115,0,0,0,0,0
TLT,20171116,0,0,0,0,0
TLT,20171117,0,0,0,0,0
TLT,20171120,0,0,0,0,0
TLT,20171121,0,0,0,0,0
TLT,20171122,0,0,0,0,0
TLT,20171123,0,0,0,0,0
TLT,20171124,0,0,0,0,0
TLT,20171127,0,0,0,0,0
TLT,20171128,0,0,0,0,0
TLT,20171129,0,0,0,0,0
TLT,20171130,0,0,0,0,0
TLT,20171201,0,0,0,0,0
TLT,20171204,0,0,0,0,0
TLT,20171205,0,0,0,0,0
TLT,20171206,0,0,0,0,0
TLT,20171207,0,0,0,0,0
TLT,20171208,0,0,0,0,0
TLT,20171211,0,0,0,0,0
TLT,20171212,0,0,0,0,0
TLT,20171213,0,0,0,0,0
TLT,20171214,0,0,0,0,0
TLT,20171215,0,0,0,0,0
TLT,20171218,0,0,0,0,0
TLT,20171219,0,0,0,0,0
TLT,20171220,0,0,0,0,0
TLT,20171221,0,0,0,0,0
TLT,20171222,0,0,0,0,0
TLT,20171227,0,0,0,0,0
TLT,20171228,0,0,0,0,0
TLT,20171229,0,0,0,0,0
TLT,20180102,0,0,0,0,0
TLT,20180103,0,0,0,0,0
TLT,20180104,0,0,0,0,0
TLT,20180105,0,0,0,0,0
TLT,20180108,0,0,0,0,0
TLT,20180109,0,0,0,0,0
TLT,20180110,0,0,0,0,0
TLT,20180111,0,0,0,0,0
TLT,20180112,0,0,0,0,0
TLT,20180115,0,0,0,0,0
TLT,20180116,0,0,0,0,0
TLT,20180117,0,0,0,0,0
TLT,20180118,0,0,0,0,0
TLT,20180119,0,0,0,0,0
TLT,20180122,0,0,0,0,0
TLT,20180123,0,0,0,0,0
TLT,20180124,0,0,0,0,0
TLT,20180125,0,0,0,0,0
TLT,20180129,0,0,0,0,0
TLT,20180130,0,0,0,0,0
TLT,20180131,0,0,0,0,0
TLT,20180201,0,0,0,0,0
TLT,20180202,0,0,0,0,0
TLT,20180205,0,0,0,0,0
TLT,20180207,0,0,0,0,0
TLT,20180208,0,0,0,0,0
TLT,20180209,0,0,0,0,0
TLT,20180212,0,0,0,0,0
TLT,20180213,0,0,0,0,0
TLT,20180214,0,0,0,0,0
TLT,20180215,0,0,0,0,0
TLT,20180216,2,2,2,2,1000
TLT,20180219,2,2,2,2,0
TLT,20180220,2,2,2,2,0
TLT,20180221,2,2,2,2,0
TLT,20180222,2,2,2,2,0
TLT,20180223,2,2,2,2,0
TLT,20180226,2,2,2,2,0
TLT,20180227,2,2,2,2,0
TLT,20180228,2,2,2,2,0
TLT,20180301,1.79,1.79,1.75,1.75,6000
TLT,20180302,1.75,1.75,1.75,1.75,0
TLT,20180305,1.75,1.75,1.75,1.75,0
TLT,20180306,1.75,1.75,1.75,1.75,0
TLT,20180307,1.75,1.75,1.75,1.75,0
TLT,20180308,1.75,1.75,1.75,1.75,0
TLT,20180309,1.75,1.75,1.75,1.75,0
TLT,20180312,1.75,1.75,1.75,1.75,0
TLT,20180313,1.75,1.75,1.75,1.75,0
TLT,20180314,1.75,1.75,1.75,1.75,0
TLT,20180315,1.75,1.75,1.75,1.75,0
TLT,20180316,1.75,1.75,1.75,1.75,0
TLT,20180319,1.75,1.75,1.75,1.75,0
TLT,20180320,1.75,1.75,1.75,1.75,0
TLT,20180321,1.76,1.76,1.69,1.69,6693
TLT,20180322,1.69,1.69,1.69,1.69,0
TLT,20180323,1.69,1.69,1.69,1.69,0
TLT,20180326,1.69,1.69,1.69,1.69,0
TLT,20180327,1.69,1.69,1.69,1.69,0
TLT,20180328,1.69,1.69,1.69,1.69,0
TLT,20180329,1.69,1.69,1.69,1.69,0
TLT,20180403,1.69,1.69,1.69,1.69,0
TLT,20180404,1.69,1.69,1.69,1.69,0
TLT,20180405,1.69,1.69,1.69,1.69,0
TLT,20180406,1.69,1.69,1.69,1.69,0
TLT,20180409,1.69,1.69,1.69,1.69,0
TLT,20180410,1.69,1.69,1.69,1.69,0
TLT,20180411,1.69,1.69,1.69,1.69,0
TLT,20180412,1.69,1.69,1.69,1.69,0
TLT,20180413,1.69,1.69,1.69,1.69,0
TLT,20180416,1.69,1.69,1.69,1.69,0
TLT,20180417,1.69,1.69,1.69,1.69,0
TLT,20180418,1.69,1.69,1.69,1.69,0
TLT,20180419,1.69,1.69,1.69,1.69,0
TLT,20180420,1.69,1.69,1.69,1.69,0
TLT,20180423,1.69,1.69,1.69,1.69,0
TLT,20180424,1.69,1.69,1.69,1.69,0
TLT,20180426,1.69,1.69,1.69,1.69,0
TLT,20180427,1.69,1.69,1.69,1.69,0
TLT,20180430,1.69,1.69,1.69,1.69,0
TLT,20180501,1.69,1.69,1.69,1.69,0
TLT,20180502,1.69,1.69,1.69,1.69,0
TLT,20180503,1.69,1.69,1.69,1.69,0
TLT,20180504,1.69,1.69,1.69,1.69,0
TLT,20180507,1.69,1.69,1.69,1.69,0
TLT,20180508,1.69,1.69,1.69,1.69,0
TLT,20180509,1.69,1.69,1.69,1.69,0
TLT,20180510,1.69,1.69,1.69,1.69,0
TLT,20180511,1.75,1.75,1.75,1.75,3000
TLT,20180514,1.75,1.75,1.75,1.75,0
TLT,20180515,1.75,1.75,1.75,1.75,0
TLT,20180516,1.75,1.75,1.75,1.75,0
TLT,20180517,1.75,1.75,1.75,1.75,0
TLT,20180518,1.75,1.75,1.75,1.75,0
TLT,20180521,1.75,1.75,1.75,1.75,0
TLT,20180522,1.75,1.75,1.75,1.75,0
TLT,20180523,1.75,1.75,1.75,1.75,0
TLT,20180524,1.75,1.75,1.75,1.75,0
TLT,20180525,1.75,1.75,1.75,1.75,0
TLT,20180528,1.75,1.75,1.75,1.75,0
TLT,20180529,1.75,1.75,1.75,1.75,0
TLT,20180530,1.75,1.75,1.75,1.75,0
TLT,20180531,1.75,1.75,1.75,1.75,0
TLT,20180601,1.75,1.75,1.75,1.75,0
TLT,20180604,1.75,1.75,1.75,1.75,0
TLT,20180605,1.75,1.75,1.75,1.75,0
TLT,20180606,1.75,1.75,1.75,1.75,0
TLT,20180607,1.75,1.75,1.75,1.75,0
TLT,20180608,1.75,1.75,1.75,1.75,0
TLT,20180612,1.75,1.75,1.75,1.75,0
TLT,20180613,1.75,1.75,1.75,1.75,0
TLT,20180614,1.75,1.75,1.75,1.75,0
TLT,20180615,1.75,1.75,1.75,1.75,0
TLT,20180618,1.75,1.75,1.75,1.75,0
TLT,20180619,1.75,1.75,1.75,1.75,0
TLT,20180620,1.75,1.75,1.75,1.75,0
TLT,20180621,1.75,1.75,1.75,1.75,0
TLT,20180622,1.75,1.75,1.75,1.75,0
TLT,20180625,1.75,1.75,1.75,1.75,0
TLT,20180626,1.75,1.75,1.75,1.75,0
TLT,20180627,1.75,1.75,1.75,1.75,0
TLT,20180628,1.75,1.75,1.75,1.75,0
TLT,20180629,1.75,1.75,1.75,1.75,0
TLT,20180702,1.75,1.75,1.75,1.75,0
TLT,20180703,1.75,1.75,1.75,1.75,0
TLT,20180704,1.75,1.75,1.75,1.75,0
TLT,20180705,1.75,1.75,1.75,1.75,0
TLT,20180706,1.75,1.75,1.75,1.75,0
TLT,20180710,1.75,1.75,1.75,1.75,0
TLT,20180711,1.75,1.75,1.75,1.75,0
TLT,20180712,1.75,1.75,1.75,1.75,0
TLT,20180713,1.75,1.75,1.75,1.75,0
TLT,20180716,1.75,1.75,1.75,1.75,0
TLT,20180717,1.75,1.75,1.75,1.75,0
TLT,20180718,1.75,1.75,1.75,1.75,0
TLT,20180719,1.75,1.75,1.75,1.75,0
TLT,20180720,1.75,1.75,1.75,1.75,0
TLT,20180723,1.75,1.75,1.75,1.75,0
TLT,20180724,1.75,1.75,1.75,1.75,0
TLT,20180725,1.75,1.75,1.75,1.75,0
TLT,20180726,1.75,1.75,1.75,1.75,0
TLT,20180727,1.75,1.75,1.75,1.75,0
TLT,20180730,1.75,1.75,1.75,1.75,0
TLT,20180731,1.75,1.75,1.75,1.75,0
TLT,20180801,1.75,1.75,1.75,1.75,0
TLT,20180802,1.75,1.75,1.75,1.75,0
TLT,20180803,1.75,1.75,1.75,1.75,0
TLT,20180806,1.75,1.75,1.75,1.75,0
TLT,20180807,1.75,1.75,1.75,1.75,0
TLT,20180808,1.75,1.75,1.75,1.75,0
TLT,20180809,1.75,1.75,1.75,1.75,0
TLT,20180810,1.75,1.75,1.75,1.75,0
TLT,20180813,1.75,1.75,1.75,1.75,0
TLT,20180814,1.75,1.75,1.75,1.75,0
TLT,20180816,2.12,2.12,2.12,2.12,287
TLT,20180817,2.09,2.09,2.09,2.09,15
TLT,20180820,2.09,2.09,2.09,2.09,0
TLT,20180821,2.09,2.09,2.09,2.09,0
TLT,20180822,2.09,2.09,2.09,2.09,0
TLT,20180823,2.1,2.1,2.1,2.1,250
TLT,20180824,2.1,2.1,2.1,2.1,0
TLT,20180827,2.08,2.08,2.08,2.08,5000
TLT,20180828,2.08,2.08,2.08,2.08,0
TLT,20180829,2.08,2.08,2.08,2.08,0
TLT,20180830,2.08,2.08,2.08,2.08,0
TLT,20180831,2.08,2.08,2.08,2.08,0
TLT,20180903,2.08,2.08,2.08,2.08,0
TLT,20180904,2.08,2.08,2.08,2.08,0
TLT,20180905,2.08,2.08,2.08,2.08,0
TLT,20180906,2.08,2.08,2.08,2.08,0
TLT,20180907,2.08,2.08,2.08,2.08,0
TLT,20180910,2.08,2.08,2.08,2.08,0
TLT,20180913,2.13,2.13,2.13,2.13,467
TLT,20180914,2.13,2.13,2.13,2.13,1600
TLT,20180917,2.13,2.13,2.13,2.13,9333
TLT,20180918,2.21,2.21,2.21,2.21,5000
TLT,20180919,2.14,2.14,2.14,2.14,7764
TLT,20180920,2.14,2.14,2.14,2.14,0
TLT,20180921,2.11,2.11,2.11,2.11,4
TLT,20180924,2.1,2.12,2.1,2.12,9
TLT,20180925,2.13,2.13,2.13,2.13,2
TLT,20180926,2.13,2.13,2.13,2.13,0
TLT,20180927,2.13,2.13,2.13,2.13,0
TLT,20180928,2.21,2.21,2.21,2.21,378
TLT,20181001,2.2,2.2,2.18,2.18,574
TLT,20181002,2.18,2.18,2.18,2.18,0
TLT,20181003,2.18,2.18,2.18,2.18,0
TLT,20181004,2.18,2.18,2.18,2.18,0
TLT,20181005,2.18,2.18,2.18,2.18,450
TLT,20181008,2.01,2.01,2.01,2.01,1600
TLT,20181009,2.01,2.01,2.01,2.01,0
TLT,20181010,2.01,2.01,2.01,2.01,0
TLT,20181011,2.01,2.01,2.01,2.01,0
TLT,20181012,2.01,2.01,2.01,2.01,0
TLT,20181015,2.01,2.01,2.01,2.01,0
TLT,20181016,2.01,2.01,2.01,2.01,0
TLT,20181017,2.01,2.01,2.01,2.01,0
TLT,20181018,2.01,2.01,2.01,2.01,0
TLT,20181019,2.01,2.01,2.01,2.01,0
TLT,20181022,2.01,2.01,2.01,2.01,0
TLT,20181023,2.01,2.01,2.01,2.01,0
TLT,20181024,2.01,2.01,2.01,2.01,0
TLT,20181025,2.05,2.05,2,2,1514
TLT,20181026,2,2,2,2,0
TLT,20181030,2,2,2,2,0
TLT,20181031,2.15,2.15,2.09,2.09,757
TLT,20181101,2.09,2.09,2.09,2.09,0
TLT,20181102,2.09,2.09,2.09,2.09,0
TLT,20181105,2.09,2.09,2.09,2.09,0
TLT,20181106,2.2,2.2,2.2,2.2,400
TLT,20181107,2.2,2.2,2.2,2.2,0
TLT,20181108,2.2,2.2,2.2,2.2,0
TLT,20181109,2.2,2.2,2.2,2.2,0
TLT,20181112,2.2,2.2,2.2,2.2,2260
TLT,20181113,2.25,2.25,2.24,2.25,1170
TLT,20181114,2.25,2.25,2.25,2.25,0
TLT,20181115,2.24,2.25,2.24,2.25,1893
TLT,20181116,2.25,2.25,2.25,2.25,0
TLT,20181119,2.25,2.25,2.25,2.25,0
TLT,20181120,2.25,2.25,2.25,2.25,0
TLT,20181121,2.25,2.25,2.25,2.25,0
TLT,20181122,2.25,2.25,2.25,2.25,0
TLT,20181123,2.25,2.28,2.24,2.28,5478
TLT,20181126,2.28,2.28,2.28,2.28,0
TLT,20181127,2.28,2.28,2.28,2.28,0
TLT,20181128,2.28,2.28,2.28,2.28,0
TLT,20181129,2.28,2.28,2.28,2.28,0
TLT,20181130,2.28,2.28,2.28,2.28,0
TLT,20181203,2.28,2.28,2.28,2.28,0
TLT,20181204,2.28,2.28,2.28,2.28,0
TLT,20181205,2.28,2.28,2.28,2.28,0
TLT,20181206,2.28,2.28,2.28,2.28,0
TLT,20181207,2.28,2.28,2.28,2.28,0
TLT,20181210,2.28,2.28,2.28,2.28,0
TLT,20181211,2.28,2.28,2.28,2.28,0
TLT,20181212,2.3,2.3,2.3,2.3,250
TLT,20181213,2.3,2.3,2.3,2.3,0
TLT,20181214,2.3,2.3,2.3,2.3,0
TLT,20181217,2.3,2.3,2.3,2.3,0
TLT,20181218,2.3,2.3,2.3,2.3,0
TLT,20181219,2.3,2.3,2.3,2.3,0
TLT,20181220,2.3,2.3,2.3,2.3,0
TLT,20181221,2.3,2.3,2.3,2.3,0
TLT,20181224,2.3,2.3,2.3,2.3,500
TLT,20181227,2.3,2.3,2.3,2.3,426
TLT,20181228,2.3,2.3,2.3,2.3,0
TLT,20181231,2.3,2.3,2.3,2.3,0
TLT,20190102,2.3,2.3,2.3,2.3,0
TLT,20190103,2.3,2.3,2.3,2.3,0
TLT,20190104,2.3,2.3,2.3,2.3,0
TLT,20190107,2.3,2.3,2.3,2.3,0
TLT,20190108,2.3,2.3,2.3,2.3,0
TLT,20190109,2.3,2.3,2.3,2.3,0
TLT,20190110,2.3,2.3,2.3,2.3,0
TLT,20190111,2.3,2.3,2.3,2.3,0
TLT,20190114,2.3,2.3,2.3,2.3,0
TLT,20190115,2.3,2.3,2.3,2.3,0
TLT,20190116,2.3,2.3,2.3,2.3,0
TLT,20190117,2.3,2.3,2.3,2.3,0
TLT,20190118,2.15,2.15,2.15,2.15,2300
TLT,20190121,2.15,2.15,2.15,2.15,0
TLT,20190122,2.15,2.15,2.15,2.15,0
TLT,20190123,2.15,2.15,2.15,2.15,0
TLT,20190124,2.15,2.15,2.15,2.15,0
TLT,20190125,2.15,2.15,2.15,2.15,0
TLT,20190129,2.15,2.15,2.15,2.15,0
TLT,20190130,2.15,2.15,2.15,2.15,0
TLT,20190131,2.15,2.15,2.15,2.15,0
TLT,20190201,2.15,2.15,2.15,2.15,0
TLT,20190204,2.15,2.15,2.15,2.15,0
TLT,20190205,2.15,2.15,2.15,2.15,0
TLT,20190206,2.15,2.15,2.15,2.15,0
TLT,20190207,2.15,2.15,2.15,2.15,0
TLT,20190208,2.2,2.2,2.2,2.2,530
TLT,20190211,2.2,2.2,2.2,2.2,4470
TLT,20190212,2.2,2.2,2.2,2.2,0
TLT,20190213,2.2,2.2,2.2,2.2,0
TLT,20190214,2.2,2.2,2.2,2.2,0
TLT,20190215,2.2,2.2,2.2,2.2,0
TLT,20190218,2.2,2.2,2.2,2.2,0
TLT,20190219,2.2,2.2,2.2,2.2,0
TLT,20190220,2.2,2.2,2.2,2.2,0
TLT,20190221,2.2,2.2,2.2,2.2,0
TLT,20190222,2.2,2.2,2.2,2.2,0
TLT,20190225,2.2,2.2,2.2,2.2,0
TLT,20190226,2.15,2.15,2.15,2.15,6000
TLT,20190227,2.15,2.15,2.15,2.15,0
TLT,20190228,2.15,2.15,2.15,2.15,0
TLT,20190301,2.15,2.15,2.15,2.15,0
TLT,20190304,2.2,2.2,2.2,2.2,870
TLT,20190305,2.2,2.2,2.2,2.2,454
TLT,20190306,2.2,2.2,2.2,2.2,2000
TLT,20190307,2.2,2.2,2.2,2.2,5000
TLT,20190308,2.2,2.2,2.2,2.2,0
TLT,20190311,2.2,2.2,2.2,2.2,0
TLT,20190312,2.2,2.2,2.2,2.2,0
TLT,20190313,2.2,2.2,2.2,2.2,0
TLT,20190314,2.2,2.2,2.2,2.2,0
TLT,20190315,2.2,2.2,2.2,2.2,0
TLT,20190318,2.2,2.2,2.2,2.2,0
TLT,20190319,2.2,2.2,2.2,2.2,1000
TLT,20190320,2.2,2.2,2.2,2.2,0
TLT,20190321,2.2,2.2,2.2,2.2,0
TLT,20190322,2.2,2.2,2.2,2.2,0
TLT,20190325,2.2,2.2,2.2,2.2,0
TLT,20190326,2.25,2.25,2.25,2.25,4625
TLT,20190327,2.26,2.26,2.25,2.25,2435
TLT,20190328,2.25,2.25,2.25,2.25,0
TLT,20190329,2.3,2.3,2.3,2.3,400
TLT,20190401,2.32,2.32,2.3,2.3,45
TLT,20190402,2.3,2.3,2.3,2.3,0
TLT,20190403,2.34,2.34,2.34,2.34,8348
TLT,20190404,2.33,2.33,2.3,2.3,537
TLT,20190405,2.3,2.34,2.29,2.29,254
TLT,20190408,2.34,2.34,2.3,2.3,664
TLT,20190409,2.3,2.3,2.25,2.25,1127
TLT,20190410,2.27,2.27,2.2,2.2,3200
TLT,20190411,2.2,2.2,2.2,2.2,0
TLT,20190412,2.1,2.14,2.1,2.14,4673
TLT,20190415,2.14,2.14,2.14,2.14,2200
TLT,20190416,2.14,2.14,2.14,2.14,0
TLT,20190417,2.14,2.14,2.14,2.14,0
TLT,20190418,2.14,2.14,2.14,2.14,0
TLT,20190423,2.11,2.11,2.11,2.11,228
TLT,20190424,2.11,2.11,2.11,2.11,0
TLT,20190426,2.11,2.11,2.11,2.11,0
TLT,20190429,2.11,2.11,2.11,2.11,0
TLT,20190430,2.11,2.11,2.11,2.11,0
TLT,20190501,2.11,2.11,2.11,2.11,0
TLT,20190502,2.11,2.11,2.11,2.11,0
TLT,20190503,2.11,2.11,2.11,2.11,0
TLT,20190506,2.32,2.32,2.3,2.3,7650
TLT,20190507,2.3,2.3,2.3,2.3,4339
TLT,20190508,2.3,2.3,2.3,2.3,0
TLT,20190509,2.34,2.34,2.3,2.3,18611
TLT,20190510,2.3,2.3,2.3,2.3,0
TLT,20190513,2.25,2.25,2.2,2.2,17816
TLT,20190514,2.19,2.2,2.19,2.2,29
TLT,20190515,2.2,2.2,2.2,2.2,4
TLT,20190516,2.2,2.25,2.2,2.25,1834
TLT,20190517,2.25,2.25,2.25,2.25,0
TLT,20190520,2.25,2.25,2.25,2.25,0
TLT,20190521,2.21,2.21,2.2,2.2,4658
TLT,20190522,2.2,2.2,2.2,2.2,0
TLT,20190523,2.18,2.18,2.18,2.18,2500
TLT,20190524,2.2,2.2,2.15,2.15,564
TLT,20190527,2.19,2.19,2.19,2.19,220
TLT,20190528,2.19,2.19,2.19,2.19,0
TLT,20190529,2.25,2.25,2.25,2.25,1000
TLT,20190530,2.3,2.3,2.15,2.2,25906
TLT,20190531,2.2,2.2,2.2,2.2,0
TLT,20190603,2.2,2.2,2.2,2.2,0
TLT,20190604,2.2,2.2,2.2,2.2,0
TLT,20190605,2.2,2.2,2.2,2.2,0
TLT,20190606,2.2,2.2,2.2,2.2,0
TLT,20190607,2.2,2.2,2.2,2.2,0
TLT,20190611,2.2,2.2,2.2,2.2,0
TLT,20190612,2.2,2.2,2.2,2.2,0
TLT,20190613,2.2,2.2,2.2,2.2,0
TLT,20190614,2.2,2.2,2.2,2.2,0
TLT,20190617,2.2,2.2,2.2,2.2,0
TLT,20190618,2.2,2.2,2.2,2.2,0
TLT,20190619,2.2,2.2,2.2,2.2,0
TLT,20190620,2.2,2.2,2.2,2.2,0
TLT,20190621,2.2,2.2,2.2,2.2,0
TLT,20190624,2.26,2.26,2.26,2.26,1000
TLT,20190625,2.26,2.26,2.26,2.26,0
TLT,20190626,2.33,2.33,2.33,2.33,4579
TLT,20190627,2.33,2.33,2.33,2.33,0
TLT,20190628,2.33,2.33,2.33,2.33,0
TLT,20190701,2.33,2.33,2.33,2.33,0
TLT,20190702,2.33,2.33,2.33,2.33,0
TLT,20190703,2.33,2.33,2.33,2.33,0
TLT,20190704,2.33,2.33,2.33,2.33,0
TLT,20190705,2.33,2.33,2.33,2.33,0
TLT,20190708,2.35,2.35,2.35,2.35,6000
TLT,20190709,2.4,2.4,2.4,2.4,485
TLT,20190710,2.38,2.38,2.3,2.3,5015
TLT,20190711,2.31,2.31,2.31,2.31,319
TLT,20190712,2.31,2.31,2.31,2.31,0
TLT,20190715,2.31,2.31,2.31,2.31,0
TLT,20190716,2.31,2.31,2.31,2.31,0
TLT,20190717,2.39,2.4,2.39,2.4,1173
TLT,20190718,2.4,2.4,2.38,2.38,3229
TLT,20190719,2.39,2.39,2.39,2.39,2
TLT,20190722,2.39,2.39,2.39,2.39,0
TLT,20190723,2.39,2.39,2.39,2.39,0
TLT,20190724,2.39,2.39,2.39,2.39,0
TLT,20190725,2.39,2.39,2.39,2.39,0
TLT,20190726,2.5,2.5,2.31,2.45,5498
TLT,20190729,2.45,2.45,2.45,2.45,0
TLT,20190730,2.45,2.45,2.45,2.45,0
TLT,20190731,2.45,2.45,2.45,2.45,0
TLT,20190801,2.45,2.45,2.45,2.45,0
TLT,20190802,2.45,2.45,2.45,2.45,0
TLT,20190805,2.45,2.45,2.45,2.45,1000
TLT,20190806,2.45,2.45,2.45,2.45,0
TLT,20190807,2.45,2.45,2.45,2.45,0
TLT,20190808,2.45,2.45,2.45,2.45,0
TLT,20190809,2.45,2.45,2.45,2.45,0
TLT,20190812,2.45,2.45,2.45,2.45,0
TLT,20190813,2.45,2.45,2.45,2.45,0
TLT,20190814,2.45,2.45,2.45,2.45,0
TLT,20190815,2.42,2.42,2.42,2.42,150
TLT,20190816,2.42,2.42,2.42,2.42,0
TLT,20190819,2.42,2.42,2.42,2.42,0
TLT,20190820,2.42,2.42,2.42,2.42,0
TLT,20190821,2.42,2.42,2.42,2.42,0
TLT,20190822,2.42,2.42,2.42,2.42,0
TLT,20190823,2.42,2.42,2.42,2.42,0
TLT,20190826,2.42,2.42,2.42,2.42,0
TLT,20190827,2.42,2.42,2.42,2.42,0
TLT,20190828,2.42,2.42,2.42,2.42,0
TLT,20190829,2.42,2.42,2.42,2.42,0
TLT,20190830,2.42,2.42,2.42,2.42,0
TLT,20190902,2.42,2.42,2.42,2.42,0
TLT,20190903,2.45,2.47,2.45,2.47,472
TLT,20190904,2.47,2.47,2.47,2.47,0
TLT,20190905,2.47,2.47,2.47,2.47,0
TLT,20190906,2.47,2.47,2.47,2.47,0
TLT,20190909,2.6,2.6,2.58,2.58,2609
TLT,20190910,2.6,2.6,2.57,2.57,1205
TLT,20190911,2.58,2.58,2.57,2.57,70
TLT,20190912,2.57,2.57,2.57,2.57,0
TLT,20190913,2.56,2.56,2.55,2.55,338
TLT,20190916,2.55,2.55,2.55,2.55,0
TLT,20190917,2.55,2.55,2.55,2.55,0
TLT,20190918,2.55,2.55,2.55,2.55,0
TLT,20190919,2.55,2.55,2.55,2.55,0
TLT,20190920,2.55,2.55,2.55,2.55,0
TLT,20190923,2.56,2.56,2.54,2.54,2274
TLT,20190924,2.54,2.54,2.54,2.54,0
TLT,20190925,2.54,2.54,2.54,2.54,0
TLT,20190926,2.54,2.54,2.54,2.54,0
TLT,20190927,2.54,2.54,2.54,2.54,0
TLT,20190930,2.55,2.55,2.55,2.55,392
TLT,20191001,2.55,2.7,2.55,2.6,3259
TLT,20191002,2.6,2.6,2.6,2.6,0
TLT,20191003,2.6,2.6,2.6,2.6,0
TLT,20191004,2.6,2.6,2.6,2.6,0
TLT,20191007,2.59,2.59,2.59,2.59,500
TLT,20191008,2.59,2.59,2.59,2.59,0
TLT,20191009,2.59,2.59,2.59,2.59,0
TLT,20191010,2.59,2.59,2.59,2.59,0
TLT,20191011,2.59,2.59,2.59,2.59,0
TLT,20191014,2.59,2.59,2.59,2.59,0
TLT,20191015,2.59,2.59,2.59,2.59,0
TLT,20191016,2.63,2.63,2.62,2.62,250
TLT,20191017,2.62,2.62,2.62,2.62,0
TLT,20191018,2.62,2.62,2.62,2.62,0
TLT,20191021,2.62,2.62,2.62,2.62,0
TLT,20191022,2.62,2.62,2.62,2.62,0
TLT,20191023,2.62,2.62,2.62,2.62,0
TLT,20191024,2.62,2.62,2.62,2.62,0
TLT,20191025,2.62,2.62,2.62,2.62,0
TLT,20191028,2.62,2.62,2.62,2.62,0
TLT,20191029,2.62,2.62,2.62,2.62,0
TLT,20191030,2.66,2.66,2.62,2.62,309
TLT,20191031,2.62,2.62,2.62,2.62,0
TLT,20191101,2.67,2.67,2.67,2.67,229
TLT,20191104,2.75,2.75,2.75,2.75,182
TLT,20191105,2.77,2.77,2.77,2.77,1510
TLT,20191106,2.77,2.77,2.77,2.77,0
TLT,20191107,2.85,2.85,2.83,2.83,1933
TLT,20191108,2.9,2.9,2.84,2.87,1987
TLT,20191111,2.9,2.9,2.9,2.9,4000
TLT,20191112,2.96,2.96,2.91,2.91,7132
TLT,20191113,2.89,2.95,2.89,2.95,8998
TLT,20191114,2.95,2.95,2.93,2.94,769
TLT,20191115,2.94,2.94,2.94,2.94,0
TLT,20191118,2.94,2.94,2.94,2.94,0
TLT,20191119,2.94,2.94,2.94,2.94,0
TLT,20191120,2.96,2.96,2.94,2.94,4192
TLT,20191121,2.95,2.95,2.95,2.95,311
TLT,20191122,2.96,2.96,2.9,2.9,3060
TLT,20191125,2.9,2.9,2.89,2.89,1207
TLT,20191126,2.89,2.89,2.89,2.89,0
TLT,20191127,2.89,2.89,2.89,2.89,0
TLT,20191128,2.89,2.89,2.89,2.89,0
TLT,20191129,3,3.12,3,3.1,4084
TLT,20191202,3.1,3.1,3,3,9188
TLT,20191203,3,3,3,3,0
TLT,20191204,3,3,2.99,3,4197
TLT,20191205,3.21,3.22,3.21,3.22,2090
TLT,20191206,3.23,3.23,3.18,3.23,2969
TLT,20191209,3.24,3.25,3.23,3.23,51065
TLT,20191210,3.3,3.3,3.24,3.24,2965
TLT,20191211,3.24,3.24,3.2,3.2,2562
TLT,20191212,3.1,3.1,3.1,3.1,1419
TLT,20191213,3.1,3.1,3.1,3.1,0
TLT,20191216,3.1,3.1,3.1,3.1,322
TLT,20191217,3.06,3.06,2.99,3,12150
TLT,20191218,3.1,3.11,3.1,3.1,5564
TLT,20191219,3.1,3.1,3.1,3.1,0
TLT,20191220,3.09,3.1,3.09,3.09,995
TLT,20191223,3.09,3.09,3.09,3.09,0
TLT,20191224,3.09,3.09,3.09,3.09,0
TLT,20191227,3.09,3.09,3.09,3.09,1408
TLT,20191230,3.25,3.25,3.25,3.25,303
TLT,20191231,3.25,3.25,3.25,3.25,2697
TLT,20200102,3.25,3.25,3.25,3.25,0
TLT,20200103,3.25,3.26,3.25,3.26,13883
TLT,20200106,3.26,3.29,3.2,3.2,8087
TLT,20200107,3.2,3.2,3.2,3.2,1000
TLT,20200108,3.2,3.2,3.11,3.11,953
TLT,20200109,3.11,3.11,3.11,3.11,0
TLT,20200113,3.12,3.2,3.12,3.2,508
TLT,20200114,3.2,3.2,3.2,3.2,0
TLT,20200115,3.12,3.27,3.12,3.26,2447
TLT,20200116,3.3,3.3,3.3,3.3,850
TLT,20200117,3.3,3.3,3.3,3.3,1512
TLT,20200120,3.31,3.31,3.25,3.3,6910
TLT,20200121,3.26,3.26,3.25,3.26,1491
TLT,20200122,3.29,3.29,3.25,3.25,1206
TLT,20200123,3.25,3.25,3.25,3.25,0
TLT,20200124,3.25,3.25,3.25,3.25,160
TLT,20200128,3.25,3.25,3.25,3.25,0
TLT,20200129,3.25,3.25,3.25,3.25,3000
TLT,20200130,3.25,3.25,3.25,3.25,0
TLT,20200203,3.25,3.25,3.25,3.25,0
TLT,20200204,3.26,3.26,3.22,3.22,2113
TLT,20200205,3.23,3.3,3.23,3.3,1401
TLT,20200210,3.28,3.28,3.28,3.28,3424
TLT,20200211,3.5,3.52,3.27,3.34,29614
TLT,20200212,3.27,3.27,3.26,3.26,638
TLT,20200213,3.25,3.25,3.2,3.2,5759
TLT,20200214,3.2,3.2,3.2,3.2,0
TLT,20200217,3.29,3.3,3.29,3.3,8484
TLT,20200218,3.3,3.3,3.3,3.3,0
TLT,20200219,3.29,3.29,3.29,3.29,160
TLT,20200220,3.29,3.29,3.29,3.29,610
TLT,20200221,3.3,3.3,3.3,3.3,227
TLT,20200224,3.33,3.33,3.28,3.28,1550
TLT,20200225,3.22,3.22,3.2,3.2,12475
TLT,20200226,3.2,3.2,3.1,3.1,325
TLT,20200227,3.1,3.1,3.1,3.1,0
TLT,20200228,3.19,3.19,3.1,3.1,315
TLT,20200302,3,3,2.9,2.9,8041
TLT,20200303,2.9,2.9,2.9,2.9,0
TLT,20200304,2.95,2.95,2.9,2.9,1725
TLT,20200305,2.99,3,2.99,3,28613
TLT,20200306,3,3,3,3,449
TLT,20200309,2.9,2.9,2.9,2.9,323
TLT,20200310,2.9,2.9,2.9,2.9,0
TLT,20200311,2.97,3.05,2.97,2.97,4016
TLT,20200312,2.97,2.97,2.97,2.97,0
TLT,20200313,2.85,2.85,2.65,2.65,555
TLT,20200316,2.68,2.68,2.68,2.68,2065
TLT,20200317,2.75,2.75,2.75,2.75,500
TLT,20200318,2.76,2.8,2.76,2.8,510
TLT,20200319,2.76,2.76,2.76,2.76,14336
TLT,20200320,2.76,2.76,2.75,2.75,3142
TLT,20200323,2.81,2.81,2.8,2.8,3960
TLT,20200324,2.7,2.7,2.69,2.69,2495
TLT,20200325,2.69,2.69,2.69,2.69,180
TLT,20200326,2.69,2.69,2.69,2.69,0
TLT,20200327,2.8,2.9,2.8,2.8,4570
TLT,20200330,2.9,2.9,2.9,2.9,645
TLT,20200331,2.85,2.85,2.85,2.85,350
TLT,20200401,2.9,2.9,2.79,2.79,2511
TLT,20200402,2.79,2.79,2.79,2.79,3574
TLT,20200403,2.8,2.8,2.8,2.8,3000
TLT,20200406,2.8,2.8,2.8,2.8,4
TLT,20200407,2.8,2.8,2.8,2.8,0
TLT,20200408,2.93,2.98,2.93,2.93,5043
TLT,20200409,2.99,3.01,2.99,3,3376
TLT,20200414,3.16,3.16,3.15,3.15,1158
TLT,20200415,3.15,3.18,3,3.01,5900
TLT,20200416,3.01,3.17,3.01,3.17,806
TLT,20200417,3.15,3.15,2.99,2.99,10158
TLT,20200420,3.03,3.03,3.02,3.02,2948
TLT,20200421,3.03,3.03,3.02,3.02,1086
TLT,20200422,3.01,3.01,2.95,2.95,2151
TLT,20200423,2.95,2.95,2.95,2.95,0
TLT,20200424,2.95,2.96,2.95,2.96,7142
TLT,20200427,2.95,2.96,2.95,2.96,4549
TLT,20200428,2.95,2.96,2.9,2.96,3032
TLT,20200429,2.96,2.96,2.96,2.96,5841
TLT,20200430,2.96,2.96,2.96,2.96,0
TLT,20200501,2.99,2.99,2.97,2.97,2045
TLT,20200504,3.1,3.1,2.96,2.96,1533
TLT,20200505,2.97,3,2.96,2.99,16266
TLT,20200506,3,3,3,3,938
TLT,20200507,3,3,3,3,326
TLT,20200508,3.1,3.1,3.1,3.1,162
TLT,20200511,3,3,3,3,2013
TLT,20200512,3,3,3,3,1370
TLT,20200513,3.01,3.01,3.01,3.01,600
TLT,20200514,3,3,3,3,520
TLT,20200515,2.95,2.95,2.81,2.81,3771
TLT,20200518,2.99,3,2.98,3,3576
TLT,20200519,3.1,3.1,3,3,1684
TLT,20200520,2.97,2.97,2.9,2.9,4453
TLT,20200521,2.9,2.9,2.9,2.9,0
TLT,20200522,2.99,3,2.91,2.97,1298
TLT,20200525,3.1,3.1,2.9,2.99,9172
TLT,20200526,3,3,2.85,2.92,9029
TLT,20200527,2.95,2.95,2.9,2.95,697
TLT,20200528,2.94,3.07,2.94,3.07,6276
TLT,20200529,3.07,3.07,2.82,2.95,16199
TLT,20200601,3,3.03,2.98,2.98,7924
TLT,20200602,3,3,2.98,2.98,3707
TLT,20200603,3.09,3.25,3.09,3.25,6838
TLT,20200604,3.25,3.25,3.15,3.25,7590
TLT,20200605,3.25,3.25,3.21,3.21,4178
TLT,20200609,3.25,3.34,3.25,3.3,13963
TLT,20200610,3.31,3.31,3.2,3.2,11208
TLT,20200611,3.3,3.3,3.2,3.29,1914
TLT,20200612,3.2,3.25,3.15,3.15,2385
TLT,20200615,3.2,3.2,3.2,3.2,457
TLT,20200616,3.2,3.2,3.15,3.2,3723
TLT,20200617,3.2,3.29,3.2,3.28,3077
TLT,20200618,3.28,3.28,3.28,3.28,0
TLT,20200619,3.25,3.3,3.25,3.3,2992
TLT,20200622,3.33,3.33,3.32,3.32,2380
TLT,20200623,3.31,3.31,3.25,3.25,2283
TLT,20200624,3.25,3.25,3.2,3.2,265
TLT,20200625,3.25,3.25,3.15,3.15,3855
TLT,20200626,3.15,3.15,3.15,3.15,0
TLT,20200629,3.21,3.21,3.21,3.21,210
TLT,20200630,3.21,3.25,3.2,3.25,3502
TLT,20200701,3.3,3.3,3.3,3.3,7097
TLT,20200707,0,0,0,0,0
TLT,20200708,0,0,0,0,0
TLT,20200709,0,0,0,0,0
TLT,20200710,0,0,0,0,0
TLT,20200713,3.34,3.34,3.33,3.33,3124
TLT,20200714,3.35,3.35,3.35,3.35,271
TLT,20200715,3.55,3.55,3.4,3.42,17335
TLT,20200716,3.45,3.45,3.4,3.4,26876
TLT,20200717,3.38,3.38,3.38,3.38,1436
TLT,20200720,3.45,3.45,3.38,3.38,8408
TLT,20200721,3.42,3.42,3.42,3.42,8644
TLT,20200722,3.42,3.42,3.38,3.38,10504
TLT,20200723,3.43,3.43,3.43,3.43,5941
TLT,20200724,3.43,3.43,3.38,3.38,4146
TLT,20200727,3.5,3.5,3.43,3.43,1334
TLT,20200728,3.43,3.43,3.37,3.42,4211
TLT,20200729,3.4,3.4,3.37,3.37,6277
TLT,20200730,3.36,3.39,3.35,3.39,2119
TLT,20200731,3.4,3.4,3.4,3.4,3195
TLT,20200803,3.41,3.41,3.36,3.37,1716
TLT,20200804,3.39,3.4,3.39,3.4,12136
TLT,20200805,3.4,3.74,3.4,3.4,4786
TLT,20200806,3.5,3.5,3.33,3.37,15329
TLT,20200807,3.35,3.35,3.34,3.34,2737
TLT,20200810,3.4,3.41,3.39,3.39,11913
TLT,20200811,3.35,3.4,3.35,3.4,6587
TLT,20200812,3.4,3.4,3.34,3.34,17050
TLT,20200813,3.34,3.34,3.32,3.32,12605
TLT,20200814,3.3,3.3,3.3,3.3,461
TLT,20200817,3.21,3.3,3.2,3.2,6509
TLT,20200818,3.2,3.29,3.18,3.26,5491
TLT,20200819,3.26,3.26,3.25,3.26,6087
TLT,20200820,3.39,3.39,3.29,3.29,1329
TLT,20200821,3.29,3.29,3.27,3.29,1899
TLT,20200824,3.29,3.3,3.26,3.28,20343
TLT,20200825,3.31,3.31,3.26,3.28,13833
TLT,20200826,3.28,3.28,3.22,3.28,13369
TLT,20200827,3.23,3.32,3.23,3.32,3581
TLT,20200828,3.32,3.32,3.32,3.32,2106
TLT,20200831,3.33,3.33,3.29,3.33,3658
TLT,20200901,3.34,3.34,3.33,3.33,13185
TLT,20200902,3.4,3.4,3.34,3.34,5402
TLT,20200903,3.37,3.45,3.37,3.4,3445
TLT,20200904,3.4,3.4,3.33,3.37,11793
TLT,20200907,3.42,3.42,3.37,3.4,8697
TLT,20200908,3.4,3.4,3.29,3.29,4931
TLT,20200909,3.3,3.4,3.3,3.4,1702
TLT,20200910,3.38,3.38,3.38,3.38,7400
TLT,20200911,3.4,3.4,3.4,3.4,134
TLT,20200914,3.6,3.61,3.35,3.44,9735
TLT,20200915,3.44,3.44,3.3,3.3,24184
TLT,20200916,3.27,3.36,3.27,3.36,3138
TLT,20200917,3.41,3.41,3.35,3.35,2958
TLT,20200918,3.39,3.4,3.37,3.4,3560
TLT,20200921,3.4,3.4,3.3,3.3,3949
TLT,20200922,3.32,3.35,3.32,3.34,8876
TLT,20200923,3.4,3.4,3.31,3.35,16160
TLT,20200924,3.35,3.39,3.34,3.34,75808
TLT,20200925,3.34,3.35,3.34,3.35,5169
TLT,20200928,3.36,3.36,3.31,3.35,23983
TLT,20200929,3.36,3.43,3.34,3.37,3253
TLT,20200930,3.43,3.43,3.37,3.37,591
TLT,20201001,3.37,3.5,3.37,3.38,4293
TLT,20201002,3.46,3.5,3.43,3.46,21292
TLT,20201005,3.5,3.5,3.44,3.46,21732
TLT,20201006,3.49,3.51,3.49,3.5,29076
TLT,20201007,3.53,3.53,3.5,3.53,4531
TLT,20201008,3.53,3.55,3.525,3.53,19666
TLT,20201009,3.55,3.55,3.53,3.53,10838
TLT,20201012,3.6,3.65,3.59,3.65,24031
TLT,20201013,3.63,3.64,3.63,3.64,12358
TLT,20201014,3.64,3.69,3.63,3.65,13077
TLT,20201015,3.7,3.7,3.65,3.66,3336
TLT,20201016,3.69,3.75,3.68,3.68,18278
TLT,20201019,3.85,3.85,3.71,3.72,16358
TLT,20201020,3.79,3.8,3.72,3.72,13211
TLT,20201021,3.72,3.75,3.72,3.735,4471
TLT,20201022,3.8,3.8,3.7,3.72,9575
TLT,20201023,3.73,3.73,3.73,3.73,3609
TLT,20201026,3.75,3.785,3.73,3.73,9821
TLT,20201027,3.75,3.75,3.68,3.71,22961
TLT,20201028,3.69,3.71,3.64,3.64,51428
TLT,20201029,3.65,3.68,3.64,3.64,9854
TLT,20201030,3.65,3.72,3.62,3.62,18219
TLT,20201102,3.68,3.68,3.6,3.64,14254
TLT,20201103,3.68,3.69,3.66,3.66,15907
TLT,20201104,3.7,3.72,3.65,3.65,20926
TLT,20201105,3.7,3.7,3.64,3.64,9624
TLT,20201106,3.7,3.7,3.6,3.61,5239
TLT,20201109,3.73,3.73,3.61,3.64,89643
TLT,20201110,3.69,3.73,3.61,3.61,36016
TLT,20201111,3.7,3.72,3.7,3.71,32104
TLT,20201112,3.73,3.73,3.7,3.7,8036
TLT,20201113,3.73,3.73,3.7,3.7,14169
TLT,20201116,3.72,3.72,3.7,3.7,22415
TLT,20201117,3.82,3.82,3.7,3.7,55127
TLT,20201118,3.76,3.77,3.68,3.75,13266
TLT,20201120,3.8,3.8,3.7,3.73,24965
TLT,20201123,3.73,3.73,3.7,3.71,25954
TLT,20201124,3.73,3.79,3.72,3.72,35160
TLT,20201125,3.75,3.79,3.7,3.71,33811
TLT,20201126,3.74,3.75,3.73,3.735,8549
TLT,20201127,3.77,3.77,3.71,3.77,9671
TLT,20201130,3.77,3.85,3.71,3.75,73674
TLT,20201201,3.73,3.79,3.7,3.73,10193
TLT,20201202,3.8,3.82,3.69,3.72,25370
TLT,20201203,3.83,3.83,3.7,3.7,24533
TLT,20201204,3.75,3.75,3.7,3.7,9348
TLT,20201207,4.25,4.44,4.03,4.31,40386
TLT,20201208,4.35,5.51,4.35,4.9,60581
TLT,20201209,5,5.59,5,5.33,78237
TLT,20201210,5.29,5.29,4.51,4.86,55316
TLT,20201211,4.82,4.82,4.68,4.75,24340
TLT,20201214,4.815,4.84,4.75,4.8,15562
TLT,20201215,4.87,5,4.8,4.8,13072
TLT,20201216,4.9,5.05,4.9,5.05,33565
TLT,20201217,5.05,5.05,5,5.05,9680
TLT,20201218,5.15,5.45,5.15,5.25,26653
TLT,20201221,5.44,5.61,5.44,5.56,44844
TLT,20201222,5.6,5.7,5.6,5.66,33171
TLT,20201224,5.6,5.6,5.6,5.6,0
TLT,20201229,5.8,6.31,5.8,6.17,37416
TLT,20201230,6.3,6.3,6,6,57619
TLT,20201231,6.05,6.17,5.99,6,20329
TLT,20210104,6.01,6.07,5.71,5.71,35272
TLT,20210105,5.71,5.89,5.67,5.89,20818
TLT,20210106,5.99,6,5.8,5.9,14960
TLT,20210107,5.9,5.96,5.8,5.91,27807
TLT,20210108,5.95,5.95,5.78,5.81,9850
TLT,20210111,5.95,5.95,5.84,5.84,30558
TLT,20210112,5.95,5.95,5.66,5.82,29739
TLT,20210113,5.8,5.8,5.4,5.46,51813
TLT,20210114,5.5,5.65,5.47,5.6,6899
TLT,20210115,5.6,5.6,5.39,5.4,30114
TLT,20210118,5.45,5.6,5.45,5.51,19473
TLT,20210119,5.55,5.66,5.4,5.4,23876
TLT,20210120,5.4,5.4,5,5.2,43997
TLT,20210121,5.3,5.55,5.3,5.5,27069
TLT,20210122,5.6,5.69,5.55,5.56,14800
TLT,20210125,5.69,5.95,5.6,5.6,24166
TLT,20210127,5.95,5.99,5.8,5.9,18325
TLT,20210128,5.9,5.9,5.65,5.84,26608
TLT,20210129,5.85,5.97,5.82,5.97,15489
TLT,20210201,5.99,6.04,5.9,6.02,32477
TLT,20210203,6.05,6.05,5.95,6,15322
TLT,20210204,6.23,6.5,6.01,6.07,48965
TLT,20210205,6.3,6.31,6.1,6.25,32047
TLT,20210208,6.35,6.7,6.35,6.5,63578
TLT,20210209,6.6,6.64,6.48,6.49,18785
TLT,20210210,6.49,6.54,6.33,6.4,18930
TLT,20210211,6.43,6.44,6.12,6.35,14430
TLT,20210212,6.35,6.4,6.15,6.15,12575
TLT,20210215,6.15,6.15,5.93,6.02,47332
TLT,20210216,5.95,5.95,5.7,5.91,52003
TLT,20210217,6,6.08,5.91,6.08,21672
TLT,20210218,6.1,6.13,6.01,6.01,19034
TLT,20210219,5.88,5.99,5.88,5.98,5337
TLT,20210222,5.97,6.15,5.95,6,20444
TLT,20210223,6.07,6.07,6,6.01,5112
TLT,20210224,6.06,6.06,5.955,5.96,19562
TLT,20210225,6,6.06,5.9,5.9,10992
TLT,20210226,5.95,5.95,5.66,5.74,21990
TLT,20210301,5.81,5.94,5.59,5.9,18547
TLT,20210302,5.98,5.98,5.9,5.9,18168
TLT,20210303,5.9,6.29,5.9,6.09,12305
TLT,20210304,6.28,6.28,5.8,5.87,15064
TLT,20210305,6.01,6.26,5.7,5.77,22181
TLT,20210308,5.76,5.9,5.7,5.9,6777
TLT,20210309,5.9,5.9,5.72,5.75,16034
TLT,20210310,5.85,5.97,5.81,5.96,1064
TLT,20210311,5.85,5.97,5.81,5.96,1064
TLT,20210312,6.11,6.16,6.03,6.12,23738
TLT,20210315,7.01,7.11,7.01,7.04,120908
TLT,20210316,7.07,7.1,7.06,7.06,65100
TLT,20210317,7.05,7.09,7.05,7.09,15735
TLT,20210318,7.02,7.06,7.02,7.02,18359
TLT,20210319,7.02,7.05,7.02,7.04,8920
TLT,20210322,7.04,7.07,7.02,7.04,26158
TLT,20210323,7.07,7.07,7,7.05,24055
TLT,20210324,7,7,6.92,6.96,20999
TLT,20210325,6.98,7,6.97,6.97,4894
TLT,20210329,6.97,6.97,6.93,6.93,7029
TLT,20210330,6.95,6.96,6.89,6.93,15431
TLT,20210331,6.92,6.96,6.92,6.96,4113
TLT,20210401,6.95,6.99,6.95,6.99,7679
TLT,20210406,6.99,7.01,6.97,7.01,18687
TLT,20210407,7,7,6.97,7,6860
TLT,20210408,7.01,7.01,6.95,6.95,12582
TLT,20210409,7,7,6.95,6.95,8247
TLT,20210412,7,7.01,6.95,6.95,11155
TLT,20210413,6.95,7,6.95,6.96,3194
TLT,20210414,7,7.02,6.96,7,23863
TLT,20210415,7,7,7,7,0
TLT,20210416,7,7,7,7,0
TLT,20210419,7.21,7.76,7.2,7.36,53481
TLT,20210420,7.36,7.37,7.34,7.36,36004
TLT,20210421,7.37,7.44,7.33,7.4,40018
TLT,20210422,7.4,7.44,7.4,7.4,6821
TLT,20210423,7.46,7.48,7.4,7.45,2149
TLT,20210426,7.49,7.49,7.41,7.41,1719
TLT,20210427,7.45,7.48,7.39,7.435,18425
TLT,20210428,7.5,7.5,7.4,7.44,42638
TLT,20210429,7.55,7.55,7.45,7.55,10747
TLT,20210430,7.54,7.54,7.46,7.49,12704
TLT,20210503,7.5,7.55,7.41,7.52,16227
TLT,20210504,7.59,7.59,7.47,7.48,15847
TLT,20210505,7.54,7.54,7.45,7.5,3197
TLT,20210506,7.5,7.51,7.435,7.435,5876
TLT,20210507,7.46,7.46,7.43,7.43,1286
TLT,20210510,7.4,7.49,7.4,7.45,3522
TLT,20210511,7.44,7.44,7.4,7.41,9731
TLT,20210512,7.42,7.43,7.41,7.41,1131
TLT,20210513,7.44,7.46,7.4,7.46,6532
TLT,20210514,7.43,7.47,7.4,7.47,4266
TLT,20210517,7.47,7.47,7.43,7.43,2711
TLT,20210518,7.46,7.46,7.43,7.43,865
TLT,20210519,7.43,7.45,7.4,7.44,4013
TLT,20210520,7.44,7.44,7.35,7.35,6459
TLT,20210521,7.44,7.45,7.4,7.42,3848
TLT,20210524,7.42,7.45,7.4,7.42,3609
TLT,20210525,7.43,7.47,7.43,7.47,110516
TLT,20210526,7.44,7.54,7.44,7.54,15707
TLT,20210527,7.54,7.83,7.54,7.56,14597
TLT,20210528,7.61,7.61,7.52,7.54,4684
TLT,20210531,7.59,7.6,7.5,7.55,9924
TLT,20210601,7.56,7.6,7.54,7.6,5040
TLT,20210602,7.6,7.6,7.5,7.59,13647
TLT,20210603,7.6,7.6,7.49,7.49,7571
TLT,20210604,7.49,7.49,7.45,7.45,2742
TLT,20210607,7.5,7.55,7.49,7.49,3731
TLT,20210609,7.55,7.55,7.44,7.48,6864
TLT,20210610,7.55,7.57,7.44,7.57,3678
TLT,20210611,7.57,7.57,7.44,7.49,2249
TLT,20210615,7.49,7.49,7.41,7.47,20347
TLT,20210616,7.46,7.46,7.38,7.38,3857
TLT,20210617,7.42,7.46,7.42,7.43,1957
TLT,20210618,7.42,7.46,7.42,7.45,893
TLT,20210621,7.4,7.45,7.38,7.38,14369
TLT,20210622,7.38,7.45,7.38,7.4,1213
TLT,20210623,7.45,7.45,7.4,7.4,3284
TLT,20210625,7.45,7.48,7.45,7.47,20625
TLT,20210628,7.47,7.49,7.46,7.49,27220
TLT,20210629,7.5,7.5,7.46,7.5,4383
TLT,20210630,7.5,7.5,7.41,7.49,14070
TLT,20210701,7.49,7.53,7.47,7.49,17521
TLT,20210705,7.5,7.55,7.47,7.55,16089
TLT,20210706,7.55,7.55,7.52,7.55,1534
TLT,20210707,7.52,7.53,7.47,7.53,4063
TLT,20210708,7.53,7.54,7.45,7.46,17758
TLT,20210709,7.45,7.54,7.42,7.51,8126
TLT,20210712,7.51,7.58,7.51,7.51,39690
TLT,20210714,7.58,7.59,7.41,7.59,12451
TLT,20210715,7.59,7.59,7.56,7.59,3197
TLT,20210716,7.6,7.64,7.58,7.6,53520
TLT,20210719,7.63,7.66,7.6,7.66,13314
TLT,20210720,7.66,7.66,7.54,7.57,5425
TLT,20210723,7.6,7.6,7.59,7.59,3404
TLT,20210726,7.6,7.6,7.53,7.53,7243
TLT,20210727,7.6,7.6,7.53,7.53,13566
TLT,20210728,7.53,7.53,7.53,7.53,0
TLT,20210729,7.53,7.53,7.53,7.53,0
TLT,20210730,7.53,7.53,7.53,7.53,0
TLT,20210802,7.53,7.53,7.53,7.53,0
TLT,20210803,7.53,7.53,7.53,7.53,0
TLT,20210804,7.53,7.53,7.53,7.53,0
