WHC,20160212,0.375,0.385,0.365,0.375,3003353
WHC,20160215,0.385,0.395,0.365,0.375,2866826
WHC,20160216,0.385,0.425,0.37,0.42,9944686
WHC,20160217,0.43,0.445,0.41,0.435,8434971
WHC,20160218,0.455,0.505,0.435,0.495,10574767
WHC,20160219,0.5,0.505,0.437,0.465,7384362
WHC,20160222,0.46,0.482,0.445,0.475,5083646
WHC,20160223,0.49,0.525,0.49,0.505,9361846
WHC,20160224,0.5,0.525,0.49,0.515,4213469
WHC,20160225,0.535,0.57,0.525,0.55,12464710
WHC,20160226,0.57,0.575,0.54,0.55,5578619
WHC,20160229,0.555,0.57,0.53,0.55,4246567
WHC,20160301,0.56,0.605,0.55,0.605,4026311
WHC,20160302,0.615,0.645,0.61,0.63,6496863
WHC,20160303,0.63,0.67,0.615,0.67,6614185
WHC,20160304,0.665,0.715,0.665,0.7,7956478
WHC,20160307,0.735,0.79,0.72,0.755,8641179
WHC,20160308,0.78,0.79,0.75,0.75,16466350
WHC,20160309,0.73,0.775,0.71,0.77,9889151
WHC,20160310,0.75,0.76,0.73,0.74,7355845
WHC,20160311,0.74,0.76,0.74,0.74,4131032
WHC,20160314,0.745,0.77,0.74,0.745,2628012
WHC,20160315,0.74,0.74,0.68,0.685,3551307
WHC,20160316,0.7,0.755,0.69,0.755,5567126
WHC,20160317,0.765,0.79,0.75,0.77,5152560
WHC,20160318,0.78,0.78,0.75,0.77,4106935
WHC,20160321,0.76,0.77,0.705,0.725,2666158
WHC,20160322,0.735,0.737,0.707,0.715,2504235
WHC,20160323,0.71,0.715,0.66,0.67,4234720
WHC,20160324,0.64,0.69,0.64,0.665,4294853
WHC,20160329,0.675,0.685,0.642,0.66,2311764
WHC,20160330,0.665,0.682,0.64,0.645,2252432
WHC,20160331,0.65,0.665,0.645,0.655,2762509
WHC,20160401,0.65,0.695,0.637,0.65,2398831
WHC,20160404,0.65,0.66,0.595,0.595,2566243
WHC,20160405,0.595,0.63,0.57,0.58,2398230
WHC,20160406,0.59,0.635,0.59,0.605,3132950
WHC,20160407,0.615,0.635,0.615,0.625,1309301
WHC,20160408,0.61,0.62,0.58,0.595,3019912
WHC,20160411,0.6,0.615,0.58,0.6,2253266
WHC,20160412,0.605,0.637,0.59,0.625,2283096
WHC,20160413,0.64,0.69,0.64,0.67,4134234
WHC,20160414,0.68,0.76,0.68,0.735,6248619
WHC,20160415,0.75,0.785,0.72,0.75,6441808
WHC,20160418,0.735,0.74,0.71,0.72,2241743
WHC,20160419,0.74,0.77,0.73,0.74,3435608
WHC,20160420,0.755,0.78,0.755,0.77,2600164
WHC,20160421,0.785,0.815,0.755,0.76,5301562
WHC,20160422,0.755,0.815,0.755,0.8,2959482
WHC,20160426,0.79,0.795,0.755,0.765,2812085
WHC,20160427,0.765,0.795,0.76,0.765,2208066
WHC,20160428,0.78,0.805,0.775,0.795,2978955
WHC,20160429,0.785,0.8,0.77,0.77,1910616
WHC,20160502,0.79,0.79,0.765,0.77,1697916
WHC,20160503,0.77,0.77,0.745,0.77,2782298
WHC,20160504,0.76,0.76,0.695,0.7,3012448
WHC,20160505,0.7,0.715,0.655,0.675,3998905
WHC,20160506,0.68,0.68,0.64,0.66,2846782
WHC,20160509,0.67,0.715,0.67,0.705,3519214
WHC,20160510,0.69,0.69,0.665,0.665,3261934
WHC,20160511,0.685,0.715,0.68,0.7,2478840
WHC,20160512,0.715,0.735,0.702,0.735,2099991
WHC,20160513,0.735,0.735,0.7,0.73,2080159
WHC,20160516,0.725,0.74,0.705,0.73,1895192
WHC,20160517,0.74,0.745,0.702,0.715,2711651
WHC,20160518,0.71,0.725,0.685,0.71,2894443
WHC,20160519,0.7,0.72,0.68,0.72,4790704
WHC,20160520,0.72,0.755,0.71,0.75,2274436
WHC,20160523,0.75,0.755,0.72,0.745,1753414
WHC,20160524,0.74,0.745,0.715,0.725,2273016
WHC,20160525,0.745,0.772,0.725,0.75,3010839
WHC,20160526,0.75,0.835,0.75,0.82,5143316
WHC,20160527,0.835,0.877,0.825,0.84,5771631
WHC,20160530,0.845,0.865,0.805,0.85,3736543
WHC,20160531,0.85,0.86,0.835,0.845,4957771
WHC,20160601,0.84,0.87,0.835,0.855,2239171
WHC,20160602,0.855,0.935,0.85,0.935,4090765
WHC,20160603,0.935,0.955,0.925,0.94,2962326
WHC,20160606,0.95,0.982,0.94,0.95,2436922
WHC,20160607,0.95,0.975,0.935,0.94,2880335
WHC,20160608,0.935,1,0.92,0.99,3438204
WHC,20160609,1,1.045,0.995,1.02,4273159
WHC,20160610,1.015,1.055,1,1.05,3629773
WHC,20160614,1.01,1.03,0.98,1,6171944
WHC,20160615,0.985,1.027,0.977,1,4146000
WHC,20160616,1.03,1.06,1.002,1.02,4818485
WHC,20160617,1.02,1.04,0.99,1,8310608
WHC,20160620,1.02,1.03,1.015,1.03,6103284
WHC,20160621,1.02,1.045,1.005,1.035,9885029
WHC,20160622,1.04,1.045,1.01,1.015,1914350
WHC,20160623,1.02,1.155,1.015,1.12,9608878
WHC,20160624,1.16,1.185,1.04,1.07,7608996
WHC,20160627,1.07,1.11,1.04,1.04,2805389
WHC,20160628,1.015,1.09,0.985,1.07,3492164
WHC,20160629,1.1,1.14,1.09,1.095,2966710
WHC,20160630,1.12,1.145,1.07,1.075,3586251
WHC,20160701,1.11,1.16,1.105,1.14,1720897
WHC,20160704,1.14,1.175,1.125,1.17,1428462
WHC,20160705,1.175,1.245,1.167,1.205,5267057
WHC,20160706,1.195,1.195,1.137,1.18,5484083
WHC,20160707,1.2,1.23,1.2,1.23,10891124
WHC,20160708,1.24,1.365,1.235,1.355,13214438
WHC,20160711,1.385,1.555,1.385,1.46,9453434
WHC,20160712,1.465,1.55,1.41,1.5,10743981
WHC,20160713,1.535,1.607,1.51,1.52,7991346
WHC,20160714,1.51,1.532,1.455,1.475,6828611
WHC,20160715,1.48,1.71,1.48,1.66,9203889
WHC,20160718,1.71,1.77,1.655,1.69,8698897
WHC,20160719,1.7,1.71,1.635,1.67,4829797
WHC,20160720,1.65,1.672,1.615,1.625,7343323
WHC,20160721,1.635,1.7,1.635,1.68,3525751
WHC,20160722,1.675,1.745,1.665,1.74,3893477
WHC,20160725,1.74,1.845,1.735,1.77,5708444
WHC,20160726,1.78,1.795,1.685,1.725,5553676
WHC,20160727,1.74,1.755,1.71,1.72,2634868
WHC,20160728,1.715,1.73,1.7,1.72,2688083
WHC,20160729,1.72,1.75,1.68,1.685,3819102
WHC,20160801,1.67,1.84,1.63,1.825,5419423
WHC,20160802,1.79,1.815,1.73,1.755,3998970
WHC,20160803,1.75,1.81,1.73,1.745,4364514
WHC,20160804,1.77,1.835,1.77,1.8,3349410
WHC,20160805,1.805,1.872,1.805,1.855,8348329
WHC,20160808,1.86,1.957,1.86,1.935,2808604
WHC,20160809,1.91,1.935,1.86,1.875,3428099
WHC,20160810,1.875,1.91,1.745,1.77,5610272
WHC,20160811,1.78,1.847,1.775,1.835,2450544
WHC,20160812,1.87,1.93,1.84,1.925,5434386
WHC,20160815,1.95,1.95,1.855,1.88,2466239
WHC,20160816,1.895,1.977,1.895,1.96,5443501
WHC,20160817,1.94,2.09,1.935,2.04,8888795
WHC,20160818,2.09,2.18,2.04,2.12,12847354
WHC,20160822,1.945,2.005,1.855,1.87,8241759
WHC,20160823,1.875,1.95,1.875,1.95,5342526
WHC,20160824,1.95,2.015,1.917,1.985,4608434
WHC,20160825,1.935,1.95,1.84,1.84,4829871
WHC,20160826,1.8,1.88,1.78,1.84,3991146
WHC,20160829,1.805,1.862,1.79,1.845,3527175
WHC,20160830,1.845,1.955,1.83,1.945,7230918
WHC,20160831,1.96,1.99,1.92,1.95,6224655
WHC,20160901,1.93,1.955,1.852,1.86,3422580
WHC,20160902,1.84,1.955,1.83,1.95,6955126
WHC,20160905,1.98,2.015,1.955,2,3236349
WHC,20160906,2,2.22,1.985,2.17,11471678
WHC,20160907,2.17,2.215,2.09,2.11,8306762
WHC,20160908,2.04,2.09,1.97,2.08,15995041
WHC,20160909,2.07,2.27,2.07,2.26,9054849
WHC,20160912,2.16,2.2,2.09,2.15,9359277
WHC,20160913,2.2,2.325,2.2,2.26,8776269
WHC,20160914,2.29,2.41,2.26,2.36,12658814
WHC,20160915,2.31,2.35,2.255,2.3,7261034
WHC,20160916,2.35,2.5,2.34,2.48,10599031
WHC,20160919,2.5,2.57,2.48,2.49,3124531
WHC,20160920,2.51,2.64,2.51,2.61,6684161
WHC,20160921,2.69,2.745,2.56,2.57,8852863
WHC,20160922,2.6,2.65,2.595,2.64,5805447
WHC,20160923,2.6,2.605,2.36,2.4,11641809
WHC,20160926,2.4,2.6,2.38,2.58,7910763
WHC,20160927,2.57,2.6,2.44,2.5,5520717
WHC,20160928,2.54,2.57,2.42,2.45,7286867
WHC,20160929,2.58,2.6,2.485,2.57,9969526
WHC,20160930,2.51,2.65,2.45,2.45,8545067
WHC,20161003,2.51,2.58,2.41,2.41,6550226
WHC,20161004,2.47,2.55,2.42,2.53,7461047
WHC,20161005,2.54,2.71,2.5,2.55,14344435
WHC,20161006,2.61,2.71,2.53,2.56,9916474
WHC,20161007,2.58,2.8,2.58,2.74,11100410
WHC,20161010,2.78,2.79,2.66,2.72,4252400
WHC,20161011,2.69,2.87,2.69,2.86,6948691
WHC,20161012,2.8,2.93,2.745,2.8,14415530
WHC,20161013,2.81,2.89,2.76,2.76,7742673
WHC,20161014,2.81,2.88,2.8,2.87,4698320
WHC,20161017,2.94,3,2.8,2.97,10877921
WHC,20161018,3,3.02,2.85,2.97,8390631
WHC,20161019,3.03,3.24,3.03,3.17,11717406
WHC,20161020,3.2,3.25,3.125,3.16,7131011
WHC,20161021,3.16,3.18,3.04,3.05,6543292
WHC,20161024,3.03,3.08,2.92,2.99,8951604
WHC,20161025,3.01,3.14,2.97,3.14,6677593
WHC,20161026,3.14,3.21,3.01,3.09,8144314
WHC,20161027,3.1,3.16,2.89,2.9,11021293
WHC,20161028,2.98,3.1,2.94,3.07,6789764
WHC,20161031,3.08,3.105,3.01,3.03,4761197
WHC,20161101,2.98,3.045,2.92,3.02,8656192
WHC,20161102,2.98,3.095,2.945,3,9479817
WHC,20161103,3,3.06,2.95,3.04,10138202
WHC,20161104,3.04,3.08,2.9,3.04,9102967
WHC,20161107,3.06,3.14,2.98,3.13,10688313
WHC,20161108,3.21,3.35,3.13,3.17,15796246
WHC,20161109,3.26,3.3,2.87,3.05,16046698
WHC,20161110,3.23,3.3,3.085,3.14,15447179
WHC,20161111,3.16,3.2,3.05,3.16,11863939
WHC,20161114,3.15,3.22,3.07,3.08,13222259
WHC,20161115,3.02,3.04,2.76,2.77,19736203
WHC,20161116,2.72,2.81,2.53,2.77,20486076
WHC,20161117,2.72,2.915,2.72,2.8,10525428
WHC,20161118,2.66,2.74,2.505,2.55,20896574
WHC,20161121,2.48,2.7,2.43,2.68,14760007
WHC,20161122,2.71,2.84,2.67,2.82,9801157
WHC,20161123,2.86,2.96,2.8,2.91,10540767
WHC,20161124,2.94,2.98,2.76,2.78,8143412
WHC,20161125,2.81,2.865,2.76,2.84,5991099
WHC,20161128,2.84,2.88,2.8,2.84,3655504
WHC,20161129,2.83,2.91,2.74,2.76,9065851
WHC,20161130,2.68,2.77,2.6,2.75,12075328
WHC,20161201,2.83,2.9,2.77,2.89,7408528
WHC,20161202,2.94,2.96,2.82,2.84,9617453
WHC,20161205,2.83,2.98,2.79,2.9,9414744
WHC,20161206,2.98,3.18,2.82,2.88,20843894
WHC,20161207,2.93,3.01,2.89,2.96,10450648
WHC,20161208,3.02,3.02,2.95,2.97,4943178
WHC,20161209,2.96,2.97,2.89,2.96,4651528
WHC,20161212,2.99,3.14,2.95,2.96,11817912
WHC,20161213,2.96,3.02,2.9,2.92,6584811
WHC,20161214,2.92,2.95,2.78,2.79,10774911
WHC,20161215,2.83,2.84,2.69,2.75,10671246
WHC,20161216,2.8,2.8,2.7,2.75,9632509
WHC,20161219,2.72,2.73,2.64,2.66,5700316
WHC,20161220,2.7,2.74,2.63,2.65,6741186
WHC,20161221,2.69,2.75,2.66,2.73,5695862
WHC,20161222,2.73,2.74,2.65,2.66,3303805
WHC,20161223,2.66,2.68,2.62,2.62,2289423
WHC,20161228,2.62,2.71,2.62,2.67,4291034
WHC,20161229,2.69,2.69,2.63,2.64,1302665
WHC,20161230,2.64,2.65,2.56,2.61,3546739
WHC,20170103,2.64,2.78,2.62,2.77,4865117
WHC,20170104,2.77,2.81,2.68,2.74,7664738
WHC,20170105,2.76,2.81,2.76,2.79,3877270
WHC,20170106,2.8,2.83,2.755,2.77,3543271
WHC,20170109,2.75,2.75,2.64,2.72,6203701
WHC,20170110,2.72,2.86,2.71,2.75,5323384
WHC,20170111,2.81,2.85,2.77,2.82,6199635
WHC,20170112,2.84,2.92,2.8,2.87,13339826
WHC,20170113,2.9,3,2.89,3,9115735
WHC,20170116,3,3.04,2.91,2.93,6813465
WHC,20170117,2.93,2.96,2.85,2.87,4619588
WHC,20170118,2.88,2.9,2.83,2.87,4942085
WHC,20170119,2.9,2.96,2.88,2.92,3586099
WHC,20170120,2.92,2.95,2.8,2.85,5500770
WHC,20170123,2.88,2.89,2.775,2.79,3888599
WHC,20170124,2.82,2.94,2.8,2.93,4456063
WHC,20170125,2.96,2.98,2.875,2.95,4389677
WHC,20170127,2.93,2.94,2.8,2.89,2895887
WHC,20170130,2.83,2.86,2.8,2.85,3436552
WHC,20170131,2.83,2.86,2.76,2.84,4636964
WHC,20170201,2.89,2.93,2.86,2.91,5057972
WHC,20170202,2.95,2.95,2.8,2.82,4175361
WHC,20170203,2.82,2.85,2.72,2.76,6328279
WHC,20170206,2.81,2.84,2.7,2.71,5538376
WHC,20170207,2.7,2.725,2.6,2.65,7701999
WHC,20170208,2.67,2.75,2.66,2.73,4027962
WHC,20170209,2.72,2.745,2.675,2.71,3323508
WHC,20170210,2.73,2.79,2.72,2.77,2783388
WHC,20170213,2.81,2.875,2.79,2.82,4107799
WHC,20170214,2.83,2.86,2.795,2.81,3253362
WHC,20170215,2.81,2.82,2.74,2.78,6414579
WHC,20170216,2.85,2.985,2.84,2.94,8100481
WHC,20170217,2.93,2.94,2.85,2.87,9329400
WHC,20170220,2.9,2.9,2.82,2.87,2984651
WHC,20170221,2.88,2.995,2.85,2.95,10352568
WHC,20170222,2.95,2.99,2.885,2.98,6398886
WHC,20170223,2.97,3.01,2.94,2.97,5954619
WHC,20170224,2.99,3.01,2.83,2.83,5716201
WHC,20170227,2.84,2.92,2.74,2.86,4264965
WHC,20170228,2.88,2.9,2.86,2.89,2949016
WHC,20170301,2.87,2.9,2.85,2.88,5660780
WHC,20170302,2.92,3,2.9,2.96,7624197
WHC,20170303,2.9,2.92,2.79,2.86,8146366
WHC,20170306,2.85,2.93,2.83,2.89,2865739
WHC,20170307,2.87,2.9,2.81,2.82,4922797
WHC,20170308,2.81,2.82,2.68,2.76,11289243
WHC,20170309,2.62,2.7,2.62,2.65,8632163
WHC,20170310,2.68,2.69,2.64,2.65,5020955
WHC,20170313,2.67,2.73,2.65,2.71,5639300
WHC,20170314,2.73,2.85,2.73,2.84,9057939
WHC,20170315,2.8,2.84,2.76,2.83,6618690
WHC,20170316,2.83,2.835,2.79,2.82,4245394
WHC,20170317,2.8,2.81,2.75,2.76,3409212
WHC,20170320,2.75,2.81,2.74,2.8,4662016
WHC,20170321,2.8,2.85,2.78,2.84,5101955
WHC,20170322,2.75,2.77,2.7,2.72,7218641
WHC,20170323,2.72,2.83,2.72,2.79,3915005
WHC,20170324,2.82,2.82,2.755,2.77,3079078
WHC,20170327,2.75,2.77,2.7,2.73,4073487
WHC,20170328,2.77,2.89,2.77,2.85,7730553
WHC,20170329,2.9,2.95,2.89,2.92,7661104
WHC,20170330,2.95,3,2.92,2.96,7034787
WHC,20170331,2.97,3.05,2.96,2.99,7602624
WHC,20170403,2.97,3.14,2.93,3.1,10926603
WHC,20170404,3.27,3.44,3.23,3.27,17944696
WHC,20170405,3.25,3.37,3.215,3.25,12866966
WHC,20170406,3.3,3.33,3.22,3.32,7081803
WHC,20170407,3.32,3.335,3.24,3.29,5736559
WHC,20170410,3.3,3.41,3.27,3.3,9288280
WHC,20170411,3.3,3.3,3.16,3.19,7763288
WHC,20170412,3.23,3.27,3.18,3.2,5395847
WHC,20170413,3.05,3.09,2.94,2.98,9365001
WHC,20170418,2.93,2.97,2.89,2.91,8339465
WHC,20170419,2.9,2.93,2.83,2.86,5654386
WHC,20170420,2.83,2.85,2.74,2.82,7620451
WHC,20170421,2.82,2.86,2.81,2.85,6730284
WHC,20170424,2.84,2.84,2.78,2.8,4488147
WHC,20170426,2.84,2.85,2.68,2.72,11117720
WHC,20170427,2.73,2.795,2.72,2.79,3263166
WHC,20170428,2.74,2.77,2.72,2.74,3632304
WHC,20170501,2.75,2.75,2.7,2.73,3210204
WHC,20170502,2.75,2.8,2.72,2.8,4884236
WHC,20170503,2.8,2.8,2.75,2.78,3703849
WHC,20170504,2.75,2.77,2.7,2.77,5566817
WHC,20170505,2.71,2.71,2.56,2.6,9029709
WHC,20170508,2.65,2.73,2.64,2.69,6594866
WHC,20170509,2.68,2.7,2.62,2.64,7439128
WHC,20170510,2.63,2.64,2.53,2.59,8880753
WHC,20170511,2.57,2.67,2.48,2.49,13403588
WHC,20170512,2.44,2.57,2.425,2.52,10598082
WHC,20170515,2.5,2.535,2.485,2.5,3490348
WHC,20170516,2.54,2.58,2.49,2.5,6297636
WHC,20170517,2.46,2.68,2.45,2.64,11870027
WHC,20170518,2.53,2.625,2.53,2.61,10433352
WHC,20170519,2.57,2.62,2.56,2.59,5048661
WHC,20170522,2.58,2.67,2.56,2.64,12899322
WHC,20170523,2.65,2.66,2.59,2.61,4547197
WHC,20170524,2.61,2.62,2.54,2.57,4427169
WHC,20170525,2.56,2.64,2.56,2.6,4448362
WHC,20170526,2.58,2.59,2.51,2.55,3608159
WHC,20170529,2.52,2.565,2.52,2.55,2416573
WHC,20170530,2.55,2.61,2.54,2.58,2602770
WHC,20170531,2.56,2.58,2.51,2.53,4525659
WHC,20170601,2.5,2.53,2.44,2.46,6932034
WHC,20170602,2.48,2.545,2.47,2.51,5571084
WHC,20170605,2.5,2.51,2.45,2.5,3528950
WHC,20170606,2.51,2.61,2.51,2.58,6089620
WHC,20170607,2.6,2.74,2.6,2.7,11441658
WHC,20170608,2.67,2.715,2.65,2.7,6394963
WHC,20170609,2.68,2.85,2.67,2.79,5001337
WHC,20170613,2.79,2.86,2.76,2.85,4467311
WHC,20170614,2.86,2.94,2.81,2.9,7633575
WHC,20170615,2.91,2.925,2.78,2.8,9150956
WHC,20170616,2.79,2.85,2.77,2.81,3729647
WHC,20170619,2.8,2.83,2.77,2.82,2340893
WHC,20170620,2.82,2.95,2.79,2.92,9511454
WHC,20170621,2.91,2.91,2.74,2.78,7423879
WHC,20170622,2.8,2.8,2.685,2.72,7005908
WHC,20170623,2.69,2.72,2.665,2.7,6200560
WHC,20170626,2.72,2.75,2.715,2.73,4237266
WHC,20170627,2.78,2.95,2.775,2.88,7159239
WHC,20170628,2.89,2.98,2.87,2.89,5670634
WHC,20170629,2.92,3.02,2.92,2.93,6733165
WHC,20170630,2.86,2.9,2.75,2.87,7951813
WHC,20170703,2.89,2.98,2.87,2.89,5644863
WHC,20170704,2.95,2.98,2.93,2.95,6466832
WHC,20170705,2.92,2.97,2.85,2.88,5593714
WHC,20170706,2.91,2.95,2.895,2.91,5215498
WHC,20170707,2.9,2.92,2.815,2.83,6693704
WHC,20170710,2.86,2.89,2.83,2.85,3644781
WHC,20170711,2.85,2.92,2.845,2.9,2966385
WHC,20170712,2.88,2.905,2.85,2.87,3893392
WHC,20170713,2.83,2.94,2.775,2.92,10026313
WHC,20170714,2.91,2.91,2.83,2.85,7995406
WHC,20170717,2.84,2.9,2.83,2.88,4912037
WHC,20170718,2.9,2.9,2.825,2.87,4987625
WHC,20170719,2.87,2.89,2.785,2.88,6574538
WHC,20170720,2.9,3.06,2.87,2.96,8144753
WHC,20170721,2.9,2.91,2.82,2.84,6719596
WHC,20170724,2.83,2.915,2.825,2.89,4425550
WHC,20170725,2.89,3,2.89,2.9,3366448
WHC,20170726,2.96,3.01,2.94,2.99,8971351
WHC,20170727,3,3.04,2.96,2.99,3568230
WHC,20170728,2.94,2.96,2.88,2.95,4152851
WHC,20170731,2.95,3.02,2.915,2.97,9638010
WHC,20170801,3.03,3.19,3.02,3.17,9069659
WHC,20170802,3.2,3.24,3.11,3.21,9657956
WHC,20170803,3.14,3.175,3.13,3.15,4167584
WHC,20170804,3.14,3.23,3.13,3.15,4688077
WHC,20170807,3.16,3.21,3.16,3.19,5537546
WHC,20170808,3.21,3.22,3.16,3.21,3863706
WHC,20170809,3.16,3.2,3.14,3.16,6939033
WHC,20170810,3.18,3.245,3.16,3.21,5314259
WHC,20170811,3.16,3.2,3.16,3.19,6354348
WHC,20170815,3.27,3.28,3.19,3.24,4031656
WHC,20170816,3.25,3.365,3.21,3.36,5842926
WHC,20170817,3.46,3.62,3.18,3.29,20712713
WHC,20170818,3.16,3.24,3.055,3.21,9344412
WHC,20170821,3.2,3.32,3.2,3.31,5518421
WHC,20170822,3.3,3.355,3.27,3.28,9922252
WHC,20170823,3.32,3.37,3.3,3.34,6848769
WHC,20170824,3.32,3.42,3.315,3.41,5077030
WHC,20170825,3.42,3.53,3.41,3.45,5056845
WHC,20170828,3.44,3.51,3.4,3.5,3979308
WHC,20170829,3.49,3.51,3.455,3.5,7952173
WHC,20170830,3.46,3.62,3.46,3.61,5893933
WHC,20170831,3.6,3.6,3.48,3.5,7827709
WHC,20170901,3.54,3.55,3.5,3.54,7395163
WHC,20170904,3.54,3.815,3.54,3.69,10497988
WHC,20170905,3.72,3.72,3.62,3.63,6757543
WHC,20170906,3.6,3.71,3.6,3.69,6046302
WHC,20170907,3.71,3.78,3.7,3.75,9968977
WHC,20170908,3.76,3.79,3.73,3.78,3775391
WHC,20170911,3.74,3.77,3.69,3.71,5491005
WHC,20170912,3.72,3.85,3.72,3.84,4047282
WHC,20170913,3.85,3.86,3.81,3.82,2869127
WHC,20170914,3.82,3.89,3.82,3.86,2937492
WHC,20170915,3.86,3.865,3.66,3.67,5936932
WHC,20170918,3.7,3.72,3.64,3.66,2202112
WHC,20170919,3.68,3.75,3.66,3.67,4642458
WHC,20170920,3.67,3.72,3.57,3.61,3634339
WHC,20170921,3.62,3.68,3.6,3.64,6128021
WHC,20170922,3.67,3.67,3.52,3.55,5870705
WHC,20170925,3.56,3.59,3.46,3.47,4779517
WHC,20170926,3.42,3.59,3.39,3.5,8445424
WHC,20170927,3.54,3.68,3.5,3.65,4959618
WHC,20170928,3.6,3.66,3.52,3.57,4646446
WHC,20170929,3.56,3.69,3.56,3.68,6033815
WHC,20171002,3.68,3.74,3.625,3.71,4097529
WHC,20171003,3.68,3.68,3.52,3.59,6387010
WHC,20171004,3.58,3.66,3.56,3.65,3483262
WHC,20171005,3.63,3.71,3.63,3.67,2580543
WHC,20171006,3.71,3.88,3.7,3.85,5723628
WHC,20171009,3.88,3.9,3.76,3.78,3195138
WHC,20171010,3.76,3.85,3.73,3.78,5744751
WHC,20171011,3.79,3.9,3.78,3.88,6498731
WHC,20171012,3.85,3.89,3.745,3.77,4688889
WHC,20171013,3.72,3.75,3.66,3.7,4234946
WHC,20171016,3.74,3.76,3.68,3.75,4049421
WHC,20171017,3.76,3.8,3.75,3.77,3425681
WHC,20171018,3.77,3.795,3.74,3.75,3026285
WHC,20171019,3.79,3.87,3.75,3.76,5586480
WHC,20171020,3.74,3.75,3.67,3.67,4004859
WHC,20171023,3.7,3.7,3.59,3.64,4528358
WHC,20171024,3.64,3.665,3.56,3.64,3173505
WHC,20171025,3.64,3.66,3.605,3.65,4452956
WHC,20171026,3.67,3.68,3.58,3.6,3320982
WHC,20171027,3.6,3.7,3.6,3.65,3655806
WHC,20171030,3.67,3.72,3.66,3.69,2132427
WHC,20171031,3.68,3.76,3.68,3.73,3030854
WHC,20171101,3.75,3.9,3.75,3.84,6193482
WHC,20171102,3.95,4.03,3.94,3.98,5453851
WHC,20171103,4.01,4.15,4.01,4.14,7752034
WHC,20171106,4.2,4.22,4.075,4.09,7312464
WHC,20171107,4.11,4.135,4.07,4.08,4218149
WHC,20171108,4.07,4.11,4.06,4.08,6543324
WHC,20171109,4.1,4.12,3.98,4.02,4939737
WHC,20171110,4.1,4.12,3.98,4.02,4939737
WHC,20171113,3.83,3.83,3.725,3.8,4060050
WHC,20171114,3.72,3.79,3.72,3.77,2837400
WHC,20171115,3.7,3.75,3.55,3.73,4665972
WHC,20171116,3.71,3.75,3.66,3.74,3175700
WHC,20171117,3.75,3.87,3.72,3.84,4507232
WHC,20171120,3.81,3.87,3.75,3.77,2781900
WHC,20171121,3.8,3.84,3.67,3.67,7087119
WHC,20171122,3.71,3.74,3.695,3.7,7280367
WHC,20171123,3.73,3.75,3.645,3.69,7255393
WHC,20171124,3.67,3.79,3.65,3.71,4265563
WHC,20171127,3.74,3.81,3.74,3.77,5550723
WHC,20171128,3.8,3.91,3.78,3.81,4643707
WHC,20171129,3.83,3.89,3.82,3.85,2832120
WHC,20171130,3.89,3.89,3.82,3.85,2511689
WHC,20171201,3.88,3.92,3.87,3.89,2478978
WHC,20171204,3.94,4.03,3.91,3.92,3589620
WHC,20171205,3.92,3.94,3.86,3.91,4390549
WHC,20171206,3.91,3.95,3.78,3.81,4722188
WHC,20171207,3.8,3.81,3.73,3.78,2591224
WHC,20171208,3.76,3.93,3.75,3.91,3879294
WHC,20171211,3.91,4.07,3.89,4,4472446
WHC,20171212,4.04,4.07,3.99,4.06,5361249
WHC,20171213,4.08,4.235,4.045,4.11,7853636
WHC,20171214,4.19,4.4,4.19,4.31,10916610
WHC,20171215,4.34,4.37,4.21,4.21,7927356
WHC,20171218,4.26,4.4,4.25,4.36,4734350
WHC,20171219,4.32,4.54,4.32,4.46,8688058
WHC,20171220,4.4,4.44,4.37,4.42,6295891
WHC,20171221,4.39,4.43,4.355,4.41,6363841
WHC,20171222,4.41,4.45,4.36,4.36,3844817
WHC,20171227,4.38,4.46,4.38,4.43,3043566
WHC,20171228,4.42,4.5,4.42,4.49,2204868
WHC,20171229,4.43,4.52,4.43,4.46,2124273
WHC,20180102,4.44,4.51,4.44,4.47,1563198
WHC,20180103,4.5,4.555,4.48,4.55,6515256
WHC,20180104,4.57,4.57,4.47,4.5,3129888
WHC,20180105,4.49,4.55,4.43,4.52,2233981
WHC,20180108,4.56,4.645,4.515,4.63,4037503
WHC,20180109,4.63,4.675,4.595,4.6,5382592
WHC,20180110,4.59,4.71,4.52,4.67,5280442
WHC,20180111,4.65,4.75,4.65,4.72,3983219
WHC,20180112,4.73,4.755,4.67,4.72,10288659
WHC,20180115,4.75,4.77,4.685,4.7,7689647
WHC,20180116,4.75,4.81,4.69,4.8,3949715
WHC,20180117,4.7,4.79,4.67,4.69,6100027
WHC,20180118,4.46,4.53,4.34,4.4,14450744
WHC,20180119,4.4,4.4,4.23,4.33,8557877
WHC,20180122,4.33,4.48,4.275,4.39,6380091
WHC,20180123,4.45,4.635,4.43,4.6,5435245
WHC,20180124,4.61,4.63,4.5,4.56,3011750
WHC,20180125,4.63,4.75,4.62,4.71,5154432
WHC,20180129,4.79,4.865,4.77,4.84,7391419
WHC,20180130,4.87,4.96,4.82,4.93,6436606
WHC,20180131,4.92,4.95,4.83,4.94,6036081
WHC,20180201,4.9,4.98,4.9,4.94,4730318
WHC,20180202,4.9,4.93,4.885,4.91,4112767
WHC,20180205,4.9,4.91,4.67,4.72,5570814
WHC,20180207,4.69,4.84,4.68,4.73,8111855
WHC,20180208,4.6,4.63,4.51,4.6,5941036
WHC,20180209,4.41,4.54,4.4,4.46,6532902
WHC,20180212,4.41,4.465,4.33,4.42,5453214
WHC,20180213,4.53,4.57,4.49,4.5,6063326
WHC,20180214,4.35,4.46,4.285,4.4,7370386
WHC,20180215,4.53,4.745,4.53,4.66,7291194
WHC,20180216,4.69,4.69,4.37,4.45,9909661
WHC,20180219,4.53,4.53,4.33,4.37,5978177
WHC,20180220,4.34,4.43,4.32,4.43,10402295
WHC,20180221,4.42,4.505,4.37,4.4,3318967
WHC,20180222,4.45,4.62,4.38,4.44,4314483
WHC,20180223,4.46,4.46,4.27,4.3,4695285
WHC,20180226,4.36,4.41,4.25,4.26,3527797
WHC,20180227,4.31,4.34,4.19,4.31,3878106
WHC,20180228,4.29,4.39,4.25,4.37,3701675
WHC,20180301,4.39,4.41,4.22,4.26,3300917
WHC,20180302,4.22,4.22,4.07,4.13,4303635
WHC,20180305,4.16,4.39,4.16,4.29,4734743
WHC,20180306,4.37,4.49,4.345,4.46,7589362
WHC,20180307,4.42,4.46,4.34,4.41,4171285
WHC,20180308,4.39,4.42,4.31,4.35,4764724
WHC,20180309,4.34,4.36,4.19,4.21,5637470
WHC,20180312,4.3,4.35,4.28,4.32,5110910
WHC,20180313,4.3,4.335,4.16,4.19,4889124
WHC,20180314,4.17,4.29,4.155,4.28,5222831
WHC,20180315,4.28,4.28,4.13,4.16,5479477
WHC,20180316,4.17,4.24,4.075,4.18,4760497
WHC,20180319,4.26,4.32,4.22,4.29,3470268
WHC,20180320,4.28,4.28,4.14,4.21,3314059
WHC,20180321,4.28,4.595,4.26,4.58,8880844
WHC,20180322,4.59,4.59,4.47,4.51,3743350
WHC,20180323,4.41,4.42,4.245,4.29,5120876
WHC,20180326,4.29,4.34,4.185,4.26,4951768
WHC,20180327,4.48,4.56,4.44,4.46,5329681
WHC,20180328,4.4,4.52,4.39,4.51,3992123
WHC,20180329,4.51,4.57,4.4,4.45,3738202
WHC,20180403,4.34,4.49,4.31,4.42,2370659
WHC,20180404,4.43,4.475,4.31,4.35,4573312
WHC,20180405,4.33,4.41,4.23,4.25,4099505
WHC,20180406,4.27,4.33,4.22,4.28,4671907
WHC,20180409,4.28,4.3,4.185,4.27,4235420
WHC,20180410,4.28,4.41,4.26,4.35,4137140
WHC,20180411,4.33,4.41,4.26,4.36,5885747
WHC,20180412,4.3,4.37,4.24,4.26,3417469
WHC,20180413,4.26,4.345,4.26,4.31,3947459
WHC,20180416,4.32,4.38,4.25,4.28,3945451
WHC,20180417,4.36,4.49,4.34,4.41,14274767
WHC,20180418,4.48,4.6,4.465,4.57,18886243
WHC,20180419,4.6,4.68,4.49,4.52,4650087
WHC,20180420,4.56,4.66,4.47,4.52,5809470
WHC,20180423,4.56,4.62,4.53,4.54,2739010
WHC,20180424,4.57,4.63,4.54,4.56,4577118
WHC,20180426,4.6,4.69,4.58,4.65,4147591
WHC,20180427,4.67,4.7,4.56,4.59,2550182
WHC,20180430,4.63,4.65,4.53,4.62,2873075
WHC,20180501,4.66,4.73,4.63,4.67,2464856
WHC,20180502,4.64,4.735,4.635,4.71,3972383
WHC,20180503,4.75,4.78,4.72,4.74,4787951
WHC,20180504,4.64,4.74,4.63,4.72,2446130
WHC,20180507,4.75,4.75,4.65,4.7,2209531
WHC,20180508,4.71,4.75,4.61,4.64,3855450
WHC,20180509,4.71,4.75,4.68,4.73,4472124
WHC,20180510,4.75,4.75,4.72,4.73,1567772
WHC,20180511,4.73,4.8,4.705,4.78,5765524
WHC,20180514,4.85,4.96,4.83,4.88,5975830
WHC,20180515,4.96,5.04,4.925,4.99,5684268
WHC,20180516,5.13,5.36,5.1,5.33,13592255
WHC,20180517,5.3,5.45,5.24,5.43,9912548
WHC,20180518,5.42,5.43,5.3,5.32,5371958
WHC,20180521,5.29,5.33,5.24,5.29,4771756
WHC,20180522,5.27,5.29,5.19,5.24,3180904
WHC,20180523,5.25,5.3,5.08,5.11,5428541
WHC,20180524,5.05,5.12,5.02,5.1,2569381
WHC,20180525,5.08,5.21,5.06,5.1,3393123
WHC,20180528,5.05,5.07,4.93,4.98,2944920
WHC,20180529,4.95,5.03,4.95,5,3105950
WHC,20180530,4.96,5.125,4.95,5.09,5347489
WHC,20180531,5.14,5.35,5.12,5.26,9779920
WHC,20180601,5.3,5.3,5.195,5.24,2011676
WHC,20180604,5.24,5.38,5.145,5.37,3563324
WHC,20180605,5.3,5.4,5.3,5.38,4288917
WHC,20180606,5.5,5.51,5.42,5.45,6702276
WHC,20180607,5.45,5.635,5.41,5.58,6547989
WHC,20180608,5.75,5.79,5.55,5.65,8283582
WHC,20180612,5.59,5.655,5.4,5.63,7072516
WHC,20180613,5.58,5.705,5.56,5.63,5591028
WHC,20180614,5.7,5.795,5.63,5.71,5387666
WHC,20180615,5.75,5.9,5.67,5.67,16953658
WHC,20180618,5.73,5.77,5.55,5.59,6260166
WHC,20180619,5.65,5.74,5.58,5.6,5672670
WHC,20180620,5.65,5.67,5.51,5.64,7099684
WHC,20180621,5.71,5.75,5.65,5.72,5106376
WHC,20180622,5.7,5.7,5.57,5.65,17066532
WHC,20180625,5.7,5.75,5.65,5.66,1446188
WHC,20180626,5.63,5.65,5.53,5.58,5226761
WHC,20180627,5.62,5.66,5.57,5.57,2886213
WHC,20180628,5.59,5.71,5.59,5.64,3327125
WHC,20180629,5.74,5.8,5.74,5.78,4865038
WHC,20180702,5.8,5.94,5.79,5.87,4814879
WHC,20180703,5.9,5.95,5.73,5.75,6501291
WHC,20180704,5.8,5.82,5.7,5.75,3420414
WHC,20180705,5.78,5.855,5.77,5.81,3379284
WHC,20180706,5.89,5.915,5.81,5.89,5408272
WHC,20180710,5.85,5.88,5.68,5.72,5963361
WHC,20180711,5.82,5.82,5.65,5.69,4491603
WHC,20180712,5.68,5.71,5.56,5.7,2310969
WHC,20180713,5.72,5.72,5.58,5.6,4617697
WHC,20180716,5.7,5.82,5.43,5.48,7868058
WHC,20180717,5.41,5.43,5.235,5.4,14365008
WHC,20180718,5.48,5.52,5.4,5.43,3661741
WHC,20180719,5.45,5.51,5.42,5.48,4758687
WHC,20180720,5.47,5.48,5.36,5.37,4056486
WHC,20180723,5.3,5.36,5.27,5.32,3938401
WHC,20180724,5.35,5.405,5.29,5.32,4663756
WHC,20180725,5.42,5.53,5.39,5.43,4796571
WHC,20180726,5.55,5.58,5.47,5.53,7470087
WHC,20180727,5.62,5.66,5.58,5.59,2749999
WHC,20180730,5.58,5.59,5.47,5.51,3533009
WHC,20180731,5.48,5.48,5.4,5.43,4819029
WHC,20180801,5.42,5.45,5.365,5.39,3793133
WHC,20180802,5.39,5.41,5.32,5.37,4039383
WHC,20180803,5.43,5.43,5.25,5.3,3809882
WHC,20180806,5.34,5.34,5.26,5.3,3581170
WHC,20180807,5.31,5.365,5.295,5.31,3962786
WHC,20180808,5.29,5.37,5.28,5.31,3189415
WHC,20180809,5.38,5.435,5.29,5.39,3336663
WHC,20180810,5.4,5.44,5.33,5.38,2268277
WHC,20180813,5.33,5.37,5.24,5.26,3444447
WHC,20180814,5.37,5.66,5.31,5.33,11434649
WHC,20180816,5.03,5.195,4.915,5.14,8259615
WHC,20180817,5.15,5.195,5.09,5.17,7044660
WHC,20180820,5.15,5.21,5.11,5.14,5840797
WHC,20180821,5.13,5.14,5.03,5.07,3733695
WHC,20180822,5.03,5.06,4.96,4.97,4683794
WHC,20180823,4.96,5.04,4.88,4.91,6019630
WHC,20180824,4.95,4.99,4.9,4.91,4460932
WHC,20180827,4.85,5.08,4.82,5.05,6694578
WHC,20180828,5.06,5.13,5.045,5.09,3802104
WHC,20180829,5.04,5.15,4.995,5.05,3569364
WHC,20180830,5.06,5.18,5.03,5.13,4358235
WHC,20180831,5.12,5.125,4.97,5.03,5690719
WHC,20180903,5.11,5.17,5.075,5.12,4767376
WHC,20180904,4.79,4.82,4.64,4.73,7174567
WHC,20180905,4.56,4.71,4.53,4.65,7130814
WHC,20180906,4.64,4.745,4.63,4.73,5909824
WHC,20180907,4.67,4.755,4.64,4.75,5152097
WHC,20180910,4.67,4.895,4.67,4.82,7728771
WHC,20180913,5.15,5.2,5.04,5.08,6659871
WHC,20180914,5.07,5.29,5.07,5.17,15337859
WHC,20180917,5.17,5.28,5.16,5.23,4561074
WHC,20180918,5.21,5.36,5.2,5.31,7121282
WHC,20180919,5.4,5.475,5.23,5.34,18097517
WHC,20180920,5.4,5.46,5.31,5.36,7328920
WHC,20180921,5.3,5.395,5.23,5.36,9118497
WHC,20180924,5.37,5.38,5.23,5.3,4029707
WHC,20180925,5.29,5.375,5.24,5.36,4548866
WHC,20180926,5.45,5.55,5.415,5.45,6720100
WHC,20180927,5.44,5.48,5.36,5.38,6182777
WHC,20180928,5.44,5.515,5.4,5.44,4102342
WHC,20181001,5.38,5.5,5.38,5.46,1635167
WHC,20181002,5.53,5.53,5.42,5.46,5961917
WHC,20181003,5.53,5.59,5.5,5.54,4936480
WHC,20181004,5.61,5.75,5.6,5.69,9614323
WHC,20181005,5.75,5.75,5.62,5.66,4243384
WHC,20181008,5.58,5.64,5.49,5.56,6726508
WHC,20181009,5.53,5.625,5.52,5.6,5903319
WHC,20181010,5.58,5.71,5.58,5.6,5652537
WHC,20181011,5.45,5.49,5.38,5.44,11361437
WHC,20181012,5.36,5.51,5.36,5.41,7499920
WHC,20181015,5.3,5.45,5.285,5.4,5576071
WHC,20181016,5.33,5.53,5.215,5.48,8596503
WHC,20181017,5.56,5.65,5.38,5.4,6468774
WHC,20181018,5.35,5.59,5.34,5.56,7202060
WHC,20181019,5.47,5.5,5.405,5.45,4061891
WHC,20181022,5.42,5.48,5.35,5.42,4505056
WHC,20181023,5.4,5.4,5.18,5.22,7538639
WHC,20181024,5.2,5.24,5.14,5.22,6725105
WHC,20181025,5.12,5.125,4.84,4.86,13114590
WHC,20181026,5,5.07,4.74,4.81,9618737
WHC,20181030,4.8,4.91,4.77,4.87,4209510
WHC,20181031,4.85,4.925,4.8,4.85,4119898
WHC,20181101,5,5.01,4.855,4.88,3823643
WHC,20181102,4.79,4.88,4.77,4.86,5057639
WHC,20181105,4.8,4.89,4.78,4.86,5005189
WHC,20181106,4.9,5.02,4.84,4.99,4099668
WHC,20181107,4.95,4.975,4.86,4.92,4212844
WHC,20181108,4.97,4.99,4.95,4.96,3358348
WHC,20181109,5.03,5.05,4.89,4.93,3277294
WHC,20181112,4.88,5.07,4.88,5.02,7270804
WHC,20181113,4.92,4.94,4.83,4.86,4837870
WHC,20181114,4.83,4.87,4.66,4.71,4914947
WHC,20181115,4.67,4.74,4.63,4.65,7083353
WHC,20181116,4.6,4.63,4.53,4.56,9737495
WHC,20181119,4.43,4.45,4.36,4.41,9903024
WHC,20181120,4.43,4.53,4.425,4.44,6114672
WHC,20181121,4.35,4.35,4.155,4.33,10093795
WHC,20181122,4.3,4.405,4.28,4.38,6035328
WHC,20181123,4.4,4.41,4.275,4.33,1871295
WHC,20181126,4.2,4.21,4.09,4.12,5722021
WHC,20181127,4.1,4.225,4.04,4.17,6709969
WHC,20181128,4.22,4.24,4.14,4.19,6988683
WHC,20181129,4.3,4.525,4.3,4.36,8905269
WHC,20181130,4.34,4.34,4.24,4.26,5613412
WHC,20181203,4.32,4.48,4.295,4.45,5568606
WHC,20181204,4.4,4.46,4.32,4.4,5199846
WHC,20181205,4.26,4.38,4.23,4.35,3002500
WHC,20181206,4.28,4.38,4.24,4.36,4582814
WHC,20181207,4.32,4.42,4.315,4.34,3862257
WHC,20181210,4.29,4.295,4.18,4.21,3402720
WHC,20181211,4.22,4.38,4.21,4.36,5178367
WHC,20181212,4.39,4.515,4.33,4.45,5140252
WHC,20181213,4.47,4.64,4.47,4.63,8137675
WHC,20181214,4.63,4.73,4.58,4.64,6793106
WHC,20181217,4.61,4.63,4.445,4.59,5566772
WHC,20181218,4.5,4.51,4.4,4.43,4556921
WHC,20181219,4.32,4.39,4.28,4.31,7666615
WHC,20181220,4.21,4.3,4.17,4.19,7026249
WHC,20181221,4.11,4.29,4.11,4.25,7182686
WHC,20181224,4.17,4.375,4.12,4.34,1333859
WHC,20181227,4.5,4.53,4.31,4.33,3272701
WHC,20181228,4.36,4.41,4.3,4.4,2028263
WHC,20181231,4.44,4.44,4.31,4.32,1258788
WHC,20190102,4.4,4.4,4.23,4.25,2800969
WHC,20190103,4.33,4.425,4.31,4.33,5271741
WHC,20190104,4.24,4.4,4.21,4.35,4443579
WHC,20190107,4.44,4.5,4.38,4.46,5379604
WHC,20190108,4.49,4.585,4.48,4.51,5042003
WHC,20190109,4.49,4.64,4.49,4.57,7022917
WHC,20190110,4.58,4.66,4.51,4.59,4934042
WHC,20190111,4.61,4.61,4.43,4.46,4992391
WHC,20190114,4.41,4.47,4.24,4.3,8328786
WHC,20190115,4.3,4.48,4.29,4.46,7561057
WHC,20190116,4.51,4.64,4.5,4.54,7109291
WHC,20190117,4.64,4.83,4.47,4.71,11605718
WHC,20190118,4.79,4.865,4.68,4.83,7312647
WHC,20190121,4.8,4.84,4.74,4.75,4454025
WHC,20190122,4.75,4.795,4.67,4.69,3128391
WHC,20190123,4.65,4.695,4.56,4.6,5997672
WHC,20190124,4.63,4.82,4.56,4.8,5845057
WHC,20190125,4.81,4.885,4.8,4.86,3989495
WHC,20190129,4.83,4.92,4.815,4.84,4329549
WHC,20190130,4.85,4.96,4.825,4.88,3693783
WHC,20190131,4.95,4.99,4.89,4.95,10015614
WHC,20190201,4.96,4.985,4.83,4.87,5757838
WHC,20190204,4.9,4.92,4.82,4.87,5060741
WHC,20190205,4.87,4.92,4.83,4.88,3954695
WHC,20190206,4.9,4.92,4.865,4.91,5173909
WHC,20190207,4.91,4.965,4.9,4.92,3905518
WHC,20190208,4.88,4.9,4.72,4.77,4335035
WHC,20190211,4.75,4.78,4.62,4.72,5257801
WHC,20190212,4.77,4.77,4.69,4.72,3987310
WHC,20190213,4.79,4.815,4.68,4.69,4116065
WHC,20190214,4.68,4.82,4.68,4.79,5759635
WHC,20190215,4.55,4.58,4.26,4.47,27174727
WHC,20190218,4.6,4.695,4.54,4.55,9257864
WHC,20190219,4.52,4.52,4.44,4.49,5058528
WHC,20190220,4.52,4.58,4.445,4.48,6778839
WHC,20190221,4.6,4.67,4.53,4.58,8112847
WHC,20190222,4.37,4.62,4.35,4.61,6027009
WHC,20190225,4.49,4.52,4.4,4.41,3982553
WHC,20190226,4.44,4.485,4.39,4.46,4245094
WHC,20190227,4.46,4.535,4.42,4.43,3763560
WHC,20190228,4.46,4.48,4.375,4.4,4555872
WHC,20190301,4.42,4.42,4.22,4.27,14253392
WHC,20190304,4.3,4.36,4.25,4.34,7669229
WHC,20190305,4.3,4.38,4.26,4.36,6043581
WHC,20190306,4.41,4.52,4.37,4.48,7931778
WHC,20190307,4.57,4.7,4.55,4.61,10455388
WHC,20190308,4.55,4.58,4.44,4.45,4615982
WHC,20190311,4.36,4.41,4.3,4.37,6479105
WHC,20190312,4.45,4.505,4.42,4.42,9589235
WHC,20190313,4.38,4.41,4.325,4.38,3359046
WHC,20190314,4.35,4.46,4.33,4.39,5119376
WHC,20190315,4.42,4.425,4.36,4.36,2984341
WHC,20190318,4.33,4.345,4.22,4.3,10077839
WHC,20190319,4.22,4.29,4.12,4.14,8921966
WHC,20190320,4.08,4.16,4.055,4.09,6425381
WHC,20190321,4.12,4.22,4.07,4.19,6524516
WHC,20190322,4.17,4.21,4.125,4.19,4949597
WHC,20190325,4.08,4.1,4.03,4.07,4524333
WHC,20190326,4.05,4.07,3.875,3.95,8332740
WHC,20190327,3.88,3.92,3.82,3.92,6661607
WHC,20190328,3.89,4.02,3.835,4,9591883
WHC,20190329,4.02,4.105,3.99,4.05,5279522
WHC,20190401,4.05,4.12,4.025,4.1,6801121
WHC,20190402,4.09,4.21,4.09,4.14,9190775
WHC,20190403,4.12,4.17,4.07,4.12,5139935
WHC,20190404,4.06,4.11,3.96,3.96,12725850
WHC,20190405,3.91,3.93,3.81,3.84,14604562
WHC,20190408,3.8,3.87,3.72,3.84,6915528
WHC,20190409,3.89,3.9,3.835,3.87,6459789
WHC,20190410,3.9,4.02,3.87,3.98,12843978
WHC,20190411,3.88,4.14,3.8,3.99,28192248
WHC,20190412,4.07,4.12,4.02,4.04,8694659
WHC,20190415,4.1,4.22,4.065,4.21,11406882
WHC,20190416,4.18,4.23,4.155,4.21,5374296
WHC,20190417,4.18,4.205,4.15,4.19,8729758
WHC,20190418,4.25,4.52,4.21,4.46,15597625
WHC,20190423,4.51,4.51,4.32,4.41,16378833
WHC,20190424,4.44,4.44,4.31,4.38,6188675
WHC,20190426,4.27,4.315,4.17,4.24,10604598
WHC,20190429,4.27,4.315,4.24,4.29,3781493
WHC,20190430,4.31,4.33,4.155,4.2,6641486
WHC,20190501,4.19,4.265,4.175,4.22,3514841
WHC,20190502,4.21,4.27,4.14,4.24,3315485
WHC,20190503,4.22,4.27,4.2,4.23,4046644
WHC,20190506,4.27,4.27,4.16,4.18,4644783
WHC,20190507,4.24,4.295,4.2,4.23,5960766
WHC,20190508,4.21,4.225,4.13,4.15,4594871
WHC,20190509,4.13,4.235,4.13,4.2,3554110
WHC,20190510,4.22,4.26,4.16,4.2,4143587
WHC,20190513,4.13,4.25,4.13,4.23,2760274
WHC,20190514,4.13,4.155,4.04,4.11,7348975
WHC,20190515,4.07,4.21,4.05,4.17,5209306
WHC,20190516,4.16,4.22,4.16,4.22,3475444
WHC,20190517,4.21,4.27,4.205,4.24,5749262
WHC,20190520,4.34,4.355,4.25,4.3,5557323
WHC,20190521,4.25,4.28,4.14,4.19,6821558
WHC,20190522,4.2,4.34,4.2,4.3,7357306
WHC,20190523,4.3,4.3,4.16,4.17,6877301
WHC,20190524,4.11,4.12,4.07,4.12,4599061
WHC,20190527,4.15,4.21,4.1,4.11,2753460
WHC,20190528,4.12,4.23,4.12,4.2,3855429
WHC,20190529,4.16,4.17,4.06,4.09,4930528
WHC,20190530,4.04,4.07,3.99,4.01,5537466
WHC,20190531,3.98,3.98,3.89,3.93,6246482
WHC,20190603,3.96,3.98,3.88,3.9,4494090
WHC,20190604,3.96,3.97,3.81,3.82,6637346
WHC,20190605,3.85,3.9,3.84,3.84,7130417
WHC,20190606,3.86,3.935,3.81,3.84,5414584
WHC,20190607,3.85,3.88,3.81,3.83,3927835
WHC,20190611,3.83,3.895,3.8,3.83,5882706
WHC,20190612,3.83,3.89,3.82,3.87,5111030
WHC,20190613,3.81,3.82,3.62,3.65,11233638
WHC,20190614,3.73,3.79,3.695,3.75,8139004
WHC,20190617,3.72,3.74,3.64,3.72,5606454
WHC,20190618,3.76,3.8,3.62,3.65,8750429
WHC,20190619,3.7,3.71,3.64,3.67,10608766
WHC,20190620,3.72,3.76,3.66,3.71,6730244
WHC,20190621,3.77,3.86,3.75,3.81,9396802
WHC,20190624,3.85,3.86,3.705,3.73,5861851
WHC,20190625,3.71,3.72,3.65,3.68,5454419
WHC,20190626,3.66,3.73,3.625,3.68,3823002
WHC,20190627,3.64,3.67,3.565,3.6,8314169
WHC,20190628,3.57,3.69,3.53,3.66,9032763
WHC,20190701,3.71,3.73,3.59,3.65,5067269
WHC,20190702,3.69,3.69,3.595,3.65,5812245
WHC,20190703,3.65,3.66,3.61,3.63,6413173
WHC,20190704,3.66,3.77,3.62,3.71,7783855
WHC,20190705,3.65,3.71,3.6,3.7,12701390
WHC,20190708,3.7,3.8,3.69,3.74,4583963
WHC,20190709,3.73,3.77,3.67,3.69,6075244
WHC,20190710,3.69,3.69,3.63,3.65,6283539
WHC,20190711,3.71,3.91,3.69,3.83,12439301
WHC,20190712,3.85,3.9,3.75,3.79,8677377
WHC,20190715,3.81,3.885,3.79,3.81,4835572
WHC,20190716,3.8,3.815,3.655,3.66,7800068
WHC,20190717,3.66,3.77,3.66,3.73,6581969
WHC,20190718,3.7,3.71,3.595,3.63,5704370
WHC,20190719,3.64,3.69,3.59,3.65,3343930
WHC,20190722,3.65,3.77,3.61,3.75,3532960
WHC,20190723,3.71,3.84,3.71,3.81,8311324
WHC,20190724,3.84,3.85,3.78,3.82,5785173
WHC,20190725,3.83,3.84,3.76,3.79,3466441
WHC,20190726,3.8,3.82,3.75,3.8,4070870
WHC,20190729,3.8,3.8,3.75,3.8,3073135
WHC,20190730,3.78,3.785,3.76,3.77,3732933
WHC,20190731,3.75,3.755,3.67,3.7,8784213
WHC,20190801,3.7,3.73,3.68,3.69,3171883
WHC,20190802,3.66,3.675,3.52,3.55,6718819
WHC,20190805,3.58,3.6,3.53,3.55,4200378
WHC,20190806,3.46,3.46,3.36,3.42,7010082
WHC,20190807,3.38,3.395,3.31,3.35,5320385
WHC,20190808,3.37,3.485,3.35,3.44,4523250
WHC,20190809,3.49,3.49,3.395,3.41,4709002
WHC,20190812,3.43,3.47,3.385,3.46,4125576
WHC,20190813,3.41,3.5,3.39,3.46,4104582
WHC,20190814,3.46,3.49,3.41,3.49,6098690
WHC,20190815,3.41,3.49,3.32,3.38,10266416
WHC,20190816,3.35,3.35,3.145,3.2,11555079
WHC,20190819,3.21,3.23,3.15,3.17,9891979
WHC,20190820,3.2,3.31,3.17,3.3,4099324
WHC,20190821,3.33,3.33,3.245,3.3,3684259
WHC,20190822,3.35,3.41,3.34,3.39,4776022
WHC,20190823,3.34,3.365,3.29,3.34,5773075
WHC,20190826,3.25,3.31,3.23,3.28,6905999
WHC,20190827,3.32,3.37,3.3,3.33,4100851
WHC,20190828,3.3,3.39,3.3,3.33,5016046
WHC,20190829,3.3,3.38,3.29,3.32,5993637
WHC,20190830,3.37,3.45,3.365,3.43,7596331
WHC,20190902,3.46,3.5,3.39,3.4,4462798
WHC,20190903,3.42,3.475,3.41,3.44,2801843
WHC,20190904,3.44,3.54,3.41,3.53,7321662
WHC,20190905,3.33,3.33,3.18,3.2,5337869
WHC,20190906,3.2,3.315,3.18,3.28,6247412
WHC,20190909,3.28,3.28,3.18,3.2,5761665
WHC,20190910,3.23,3.39,3.23,3.36,8802082
WHC,20190911,3.44,3.55,3.44,3.5,8953806
WHC,20190912,3.5,3.52,3.35,3.38,6349614
WHC,20190913,3.35,3.43,3.31,3.33,6101380
WHC,20190916,3.34,3.42,3.34,3.37,3791103
WHC,20190917,3.43,3.43,3.36,3.37,3685148
WHC,20190918,3.31,3.38,3.23,3.33,10252344
WHC,20190919,3.29,3.36,3.29,3.32,7763374
WHC,20190920,3.28,3.34,3.26,3.26,5181653
WHC,20190923,3.25,3.29,3.22,3.24,3235967
WHC,20190924,3.11,3.15,3.04,3.11,7469568
WHC,20190925,3.08,3.16,3.06,3.11,5351220
WHC,20190926,3.08,3.09,2.99,3.01,6082743
WHC,20190927,3.01,3.08,2.99,3.07,4400041
WHC,20190930,3.07,3.175,3.05,3.11,8151041
WHC,20191001,3.15,3.2,3.13,3.15,7430567
WHC,20191002,3.11,3.2,3.1,3.19,4229523
WHC,20191003,3.1,3.1,3.03,3.07,6886170
WHC,20191004,3.09,3.125,3.06,3.11,3134258
WHC,20191007,3.14,3.15,3.06,3.15,2333576
WHC,20191008,3.19,3.2,3.15,3.18,3059530
WHC,20191009,3.16,3.17,3.07,3.09,3839009
WHC,20191010,3.1,3.12,3.07,3.1,2678217
WHC,20191011,3.17,3.22,3.13,3.13,3617151
WHC,20191014,3.16,3.245,3.145,3.22,5623511
WHC,20191015,3.2,3.24,3.18,3.18,2787260
WHC,20191016,3.24,3.24,3.15,3.18,4425907
WHC,20191017,3.19,3.215,3.14,3.17,3345314
WHC,20191018,3.15,3.23,3.14,3.17,3844528
WHC,20191021,3.2,3.22,3.15,3.16,3389844
WHC,20191022,3.2,3.38,3.19,3.28,10187667
WHC,20191023,3.29,3.46,3.29,3.35,6813904
WHC,20191024,3.41,3.45,3.36,3.37,3007736
WHC,20191025,3.41,3.43,3.37,3.39,2961231
WHC,20191028,3.4,3.475,3.4,3.45,3482393
WHC,20191029,3.46,3.46,3.38,3.44,3329681
WHC,20191030,3.42,3.45,3.34,3.36,3202557
WHC,20191031,3.31,3.33,3.27,3.31,4888429
WHC,20191101,3.26,3.27,3.195,3.26,3260105
WHC,20191104,3.3,3.34,3.29,3.32,2500152
WHC,20191105,3.34,3.44,3.34,3.4,3417453
WHC,20191106,3.37,3.435,3.37,3.39,2778473
WHC,20191107,3.37,3.37,3.3,3.32,2402316
WHC,20191108,3.36,3.47,3.355,3.42,6919611
WHC,20191111,3.41,3.42,3.35,3.37,4172560
WHC,20191112,3.22,3.25,3.155,3.2,105779729
WHC,20191113,3.21,3.21,3.14,3.18,6233473
WHC,20191114,3.18,3.21,3.13,3.15,5268836
WHC,20191115,3.16,3.21,3.14,3.15,5590250
WHC,20191118,3.17,3.18,3.12,3.15,5332601
WHC,20191119,3.15,3.185,3.09,3.11,8690208
WHC,20191120,3.08,3.1,2.98,3.02,19143780
WHC,20191121,3.03,3.085,3,3.06,8503525
WHC,20191122,3.09,3.14,3.05,3.06,5744817
WHC,20191125,3.1,3.105,3.04,3.1,7336260
WHC,20191126,3.12,3.2,3.1,3.16,7731797
WHC,20191127,3.14,3.2,3.14,3.19,4392553
WHC,20191128,3.19,3.21,3.13,3.16,5338898
WHC,20191129,3.2,3.21,3.15,3.15,3011875
WHC,20191202,3.15,3.17,3.13,3.15,2142048
WHC,20191203,3.12,3.13,3.05,3.06,3958568
WHC,20191204,3.03,3.03,2.98,3,6985065
WHC,20191205,2.85,2.89,2.65,2.69,18384205
WHC,20191206,2.7,2.71,2.585,2.63,11431650
WHC,20191209,2.65,2.67,2.6,2.64,7499869
WHC,20191210,2.61,2.67,2.59,2.65,6080164
WHC,20191211,2.66,2.71,2.64,2.71,5077118
WHC,20191212,2.71,2.755,2.655,2.72,6966148
WHC,20191213,2.7,2.79,2.68,2.75,8027159
WHC,20191216,2.79,2.8,2.71,2.74,7896062
WHC,20191217,2.72,2.73,2.63,2.65,7067273
WHC,20191218,2.63,2.68,2.63,2.67,12226717
WHC,20191219,2.61,2.64,2.56,2.6,9814541
WHC,20191220,2.61,2.65,2.58,2.59,10320408
WHC,20191223,2.57,2.57,2.49,2.53,8227192
WHC,20191224,2.53,2.59,2.52,2.56,3600460
WHC,20191227,2.55,2.6,2.54,2.6,3515163
WHC,20191230,2.61,2.66,2.6,2.61,3275162
WHC,20191231,2.6,2.67,2.6,2.64,4499718
WHC,20200102,2.62,2.63,2.57,2.57,3383349
WHC,20200103,2.64,2.69,2.615,2.65,5541336
WHC,20200106,2.63,2.64,2.59,2.61,3756625
WHC,20200107,2.65,2.66,2.57,2.59,4025378
WHC,20200108,2.6,2.61,2.5,2.52,7005162
WHC,20200109,2.56,2.62,2.55,2.57,5321722
WHC,20200113,2.55,2.57,2.53,2.55,3478319
WHC,20200114,2.57,2.67,2.57,2.64,6834217
WHC,20200115,2.61,2.66,2.57,2.59,9006614
WHC,20200116,2.6,2.61,2.54,2.59,6943525
WHC,20200117,2.61,2.68,2.6,2.61,9182677
WHC,20200120,2.62,2.635,2.56,2.58,5365786
WHC,20200121,2.58,2.58,2.52,2.53,8272255
WHC,20200122,2.52,2.535,2.47,2.52,5344809
WHC,20200123,2.51,2.52,2.44,2.46,6485364
WHC,20200124,2.46,2.46,2.42,2.42,3717654
WHC,20200128,2.37,2.41,2.31,2.41,7432357
WHC,20200129,2.42,2.46,2.39,2.45,6137139
WHC,20200130,2.45,2.46,2.39,2.43,6207640
WHC,20200203,2.49,2.49,2.39,2.46,9528188
WHC,20200204,2.45,2.54,2.425,2.52,5188899
WHC,20200205,2.57,2.67,2.55,2.67,12738174
WHC,20200210,2.59,2.6,2.5,2.57,6759017
WHC,20200211,2.54,2.56,2.47,2.52,7214525
WHC,20200212,2.53,2.56,2.49,2.52,4165824
WHC,20200213,2.52,2.59,2.515,2.53,4792226
WHC,20200214,2.54,2.55,2.49,2.5,5173849
WHC,20200217,2.48,2.49,2.44,2.46,3506139
WHC,20200218,2.45,2.46,2.33,2.35,6946581
WHC,20200219,2.35,2.41,2.35,2.36,5117575
WHC,20200220,2.28,2.29,2.14,2.23,15779297
WHC,20200221,2.22,2.27,2.21,2.24,10123994
WHC,20200224,2.21,2.21,2.1,2.11,13200385
WHC,20200225,2.03,2.14,2.03,2.09,16611438
WHC,20200226,2.05,2.06,2,2.03,9310887
WHC,20200227,2.02,2.06,1.98,2.02,7013798
WHC,20200228,1.98,2.05,1.93,2,11592839
WHC,20200302,1.95,2.04,1.922,2.02,8007779
WHC,20200303,2,2.07,1.975,1.99,9442881
WHC,20200304,1.95,1.99,1.915,1.955,9487167
WHC,20200305,1.96,2.01,1.925,1.93,6273010
WHC,20200306,1.895,1.92,1.85,1.855,7956955
WHC,20200309,1.81,1.81,1.665,1.665,7315536
WHC,20200310,1.6,1.835,1.53,1.83,22483624
WHC,20200311,1.815,1.815,1.647,1.65,13607608
WHC,20200312,1.63,1.64,1.51,1.57,10531610
WHC,20200313,1.5,1.655,1.405,1.655,11406383
WHC,20200316,1.585,1.585,1.42,1.42,17256540
WHC,20200317,1.42,1.595,1.375,1.58,9511144
WHC,20200318,1.535,1.535,1.445,1.45,6193227
WHC,20200319,1.485,1.585,1.45,1.585,9809906
WHC,20200320,1.7,1.8,1.605,1.8,18775544
WHC,20200323,1.59,1.765,1.565,1.665,11972170
WHC,20200324,1.68,1.81,1.61,1.765,14923742
WHC,20200325,1.92,1.95,1.725,1.82,11959537
WHC,20200326,1.86,1.89,1.795,1.825,4026396
WHC,20200327,1.89,1.94,1.68,1.745,12513145
WHC,20200330,1.795,1.99,1.75,1.965,10815476
WHC,20200331,2.03,2.19,1.885,1.925,10262596
WHC,20200401,2.11,2.18,2.02,2.05,7850686
WHC,20200402,2.03,2.06,1.925,2.01,4905180
WHC,20200403,2.04,2.1,1.97,2.01,4917042
WHC,20200406,2.02,2.16,1.98,2.12,7186367
WHC,20200407,2.2,2.24,2.07,2.13,6647111
WHC,20200408,2.12,2.15,2.06,2.06,7063493
WHC,20200409,2.09,2.12,1.955,2.01,7562736
WHC,20200414,2.02,2.05,1.995,2.03,4847796
WHC,20200415,2.04,2.08,1.96,2.06,5163399
WHC,20200416,2.02,2.05,1.835,1.855,11800206
WHC,20200417,1.825,1.83,1.72,1.795,10434375
WHC,20200420,1.775,1.84,1.75,1.79,6254951
WHC,20200421,1.75,1.752,1.705,1.735,7905342
WHC,20200422,1.705,1.77,1.685,1.74,9790369
WHC,20200423,1.775,1.81,1.735,1.75,4239498
WHC,20200424,1.77,1.815,1.74,1.79,5554440
WHC,20200427,1.8,1.805,1.74,1.75,5404271
WHC,20200428,1.745,1.75,1.68,1.7,6799935
WHC,20200429,1.69,1.755,1.69,1.735,8387084
WHC,20200430,1.75,1.82,1.72,1.82,11200080
WHC,20200501,1.745,1.77,1.685,1.705,6891695
WHC,20200504,1.68,1.72,1.66,1.715,5353777
WHC,20200505,1.76,1.792,1.72,1.775,4718313
WHC,20200506,1.795,1.82,1.765,1.78,7117751
WHC,20200507,1.77,1.805,1.755,1.765,4903760
WHC,20200508,1.75,1.81,1.735,1.745,3771646
WHC,20200511,1.785,1.81,1.725,1.795,4507177
WHC,20200512,1.78,1.79,1.735,1.765,4584402
WHC,20200513,1.74,1.75,1.67,1.73,5187487
WHC,20200514,1.72,1.755,1.697,1.74,6562891
WHC,20200515,1.75,1.775,1.725,1.745,4541159
WHC,20200518,1.76,1.785,1.702,1.72,4827581
WHC,20200519,1.775,1.8,1.737,1.755,3383921
WHC,20200520,1.72,1.775,1.715,1.765,4054350
WHC,20200521,1.79,1.802,1.715,1.745,5733670
WHC,20200522,1.72,1.735,1.675,1.7,8141067
WHC,20200525,1.74,1.765,1.712,1.745,5671535
WHC,20200526,1.76,1.85,1.75,1.84,8728042
WHC,20200527,1.815,1.835,1.76,1.825,9023313
WHC,20200528,1.825,1.89,1.805,1.865,12182458
WHC,20200529,1.845,1.86,1.78,1.81,9784890
WHC,20200601,1.78,1.82,1.74,1.77,11328576
WHC,20200602,1.76,1.845,1.74,1.82,14460835
WHC,20200603,1.855,1.935,1.825,1.84,9141453
WHC,20200604,1.85,1.88,1.792,1.835,8701533
WHC,20200605,1.83,1.9,1.825,1.88,8454951
WHC,20200609,1.93,1.99,1.89,1.92,12057925
WHC,20200610,1.89,1.935,1.855,1.875,8930504
WHC,20200611,1.87,1.89,1.725,1.725,11788685
WHC,20200612,1.65,1.68,1.625,1.65,25701405
WHC,20200615,1.65,1.66,1.575,1.575,12637821
WHC,20200616,1.65,1.667,1.605,1.65,9857017
WHC,20200617,1.66,1.675,1.6,1.635,8477468
WHC,20200618,1.605,1.62,1.58,1.62,10296795
WHC,20200619,1.65,1.66,1.577,1.6,26966061
WHC,20200622,1.585,1.62,1.58,1.595,6464762
WHC,20200623,1.61,1.61,1.53,1.54,11156405
WHC,20200624,1.55,1.56,1.5,1.53,8676269
WHC,20200625,1.485,1.485,1.41,1.41,9812478
WHC,20200626,1.445,1.465,1.425,1.45,6661077
WHC,20200629,1.42,1.42,1.375,1.4,6733495
WHC,20200630,1.42,1.445,1.377,1.43,9929653
WHC,20200701,1.45,1.45,1.4,1.435,5374592
WHC,20200702,1.45,1.525,1.44,1.5,6587689
WHC,20200703,1.535,1.545,1.485,1.51,5500184
WHC,20200706,1.51,1.58,1.505,1.58,5232814
WHC,20200707,1.575,1.58,1.495,1.505,8500138
WHC,20200708,1.495,1.547,1.485,1.53,5929925
WHC,20200709,1.545,1.555,1.515,1.53,3528030
WHC,20200710,1.5,1.515,1.45,1.46,6896624
WHC,20200713,1.5,1.51,1.45,1.46,7280914
WHC,20200714,1.51,1.665,1.5,1.52,18470549
WHC,20200715,1.56,1.575,1.485,1.495,8983920
WHC,20200716,1.53,1.62,1.49,1.59,14294157
WHC,20200717,1.6,1.61,1.55,1.55,5759464
WHC,20200720,1.56,1.565,1.525,1.54,2738544
WHC,20200721,1.54,1.565,1.495,1.555,6706575
WHC,20200722,1.555,1.57,1.52,1.525,2580022
WHC,20200723,1.52,1.565,1.51,1.55,5588697
WHC,20200724,1.55,1.55,1.495,1.505,5094074
WHC,20200727,1.48,1.495,1.45,1.48,6357734
WHC,20200728,1.485,1.487,1.452,1.465,5488661
WHC,20200729,1.475,1.475,1.42,1.42,6355965
WHC,20200730,1.43,1.465,1.415,1.44,8137934
WHC,20200731,1.41,1.42,1.37,1.385,15051834
WHC,20200803,1.37,1.39,1.315,1.325,8715602
WHC,20200804,1.345,1.355,1.322,1.335,9850728
WHC,20200805,1.335,1.355,1.32,1.33,6027645
WHC,20200806,1.35,1.35,1.315,1.345,7804278
WHC,20200807,1.35,1.39,1.34,1.37,9677338
WHC,20200810,1.37,1.41,1.34,1.4,8420623
WHC,20200811,1.41,1.425,1.35,1.37,13620974
WHC,20200812,1.365,1.415,1.35,1.405,13496544
WHC,20200813,1.415,1.44,1.36,1.37,11116187
WHC,20200814,1.36,1.37,1.305,1.32,13731318
WHC,20200817,1.31,1.315,1.27,1.3,13549943
WHC,20200818,1.3,1.3,1.26,1.275,20416741
WHC,20200819,1.275,1.325,1.27,1.32,13686215
WHC,20200820,1.295,1.295,1.24,1.25,13625426
WHC,20200821,1.25,1.29,1.25,1.28,8485130
WHC,20200824,1.275,1.285,1.235,1.245,9426020
WHC,20200825,1.25,1.265,1.235,1.245,10140157
WHC,20200826,1.21,1.21,1.02,1.02,36947844
WHC,20200827,1.04,1.04,0.93,0.93,29333392
WHC,20200828,0.92,0.925,0.865,0.9,22786982
WHC,20200831,0.915,0.95,0.91,0.93,16823594
WHC,20200901,0.925,0.925,0.88,0.89,18744227
WHC,20200902,0.89,0.9,0.855,0.86,14652326
WHC,20200903,0.87,0.89,0.86,0.865,14277701
WHC,20200904,0.855,0.86,0.83,0.85,12377171
WHC,20200907,0.84,0.905,0.84,0.855,10991628
WHC,20200908,0.865,0.9,0.865,0.89,11024049
WHC,20200909,0.88,0.887,0.855,0.855,11522905
WHC,20200910,0.87,0.88,0.84,0.845,9864785
WHC,20200911,0.84,0.91,0.84,0.895,14623669
WHC,20200914,0.915,0.975,0.915,0.96,29838638
WHC,20200915,0.995,1.005,0.96,0.965,20717402
WHC,20200916,0.975,0.977,0.91,0.915,23766040
WHC,20200917,0.9,0.925,0.86,0.865,29824786
WHC,20200918,0.89,0.915,0.88,0.885,19144761
WHC,20200921,0.885,0.985,0.885,0.975,16349962
WHC,20200922,0.945,0.985,0.93,0.94,12176722
WHC,20200923,0.95,0.96,0.912,0.95,10481820
WHC,20200924,0.93,0.95,0.91,0.935,9172401
WHC,20200925,0.95,1.02,0.945,1.01,14621058
WHC,20200928,1.02,1.065,0.99,1.055,17486523
WHC,20200929,1.085,1.115,1.075,1.095,21963040
WHC,20200930,1.08,1.08,1.025,1.045,18875470
WHC,20201001,1.075,1.11,1.065,1.09,23820770
WHC,20201002,1.095,1.095,1.045,1.045,9702364
WHC,20201005,1.08,1.105,1.07,1.08,7104762
WHC,20201006,1.1,1.1,1.075,1.08,7948296
WHC,20201007,1.08,1.09,1.05,1.075,8256098
WHC,20201008,1.08,1.09,1.035,1.035,11463516
WHC,20201009,1.04,1.07,1.035,1.045,11061282
WHC,20201012,1.05,1.05,0.97,0.985,18872293
WHC,20201013,0.95,1,0.925,0.99,20493420
WHC,20201014,0.985,0.985,0.95,0.95,11684442
WHC,20201015,0.96,1.09,0.96,1.06,23352026
WHC,20201016,1.06,1.07,1.01,1.02,10548871
WHC,20201019,1.035,1.045,1.005,1.025,7403379
WHC,20201020,1.02,1.03,1,1.03,6216547
WHC,20201021,1.035,1.09,1.025,1.085,9764739
WHC,20201022,1.07,1.077,1.045,1.055,9125475
WHC,20201023,1.065,1.08,1.02,1.04,10845785
WHC,20201026,1.02,1.032,1.01,1.01,5735479
WHC,20201027,1.005,1.01,0.98,0.985,6226362
WHC,20201028,0.985,0.99,0.957,0.975,11080696
WHC,20201029,0.965,1.04,0.945,1.02,15452975
WHC,20201030,1.04,1.08,1.01,1.065,20182004
WHC,20201102,1.06,1.06,1.015,1.02,4907752
WHC,20201103,1.04,1.085,1.035,1.07,7226219
WHC,20201104,1.065,1.08,1.02,1.03,7746245
WHC,20201105,1.04,1.06,1.025,1.05,6002537
WHC,20201106,1.06,1.105,1.045,1.09,11999381
WHC,20201109,1.1,1.1,1.055,1.08,11912710
WHC,20201110,1.125,1.155,1.1,1.125,15657102
WHC,20201111,1.135,1.225,1.135,1.225,14763295
WHC,20201112,1.235,1.245,1.152,1.17,28336053
WHC,20201113,1.175,1.18,1.142,1.15,5527102
WHC,20201116,1.18,1.195,1.165,1.18,456886
WHC,20201117,1.2,1.285,1.195,1.275,24752170
WHC,20201118,1.295,1.38,1.29,1.345,21769299
WHC,20201120,1.3,1.32,1.28,1.285,12720495
WHC,20201123,1.3,1.325,1.265,1.31,9867339
WHC,20201124,1.36,1.405,1.345,1.4,16877853
WHC,20201125,1.47,1.6,1.47,1.55,30490525
WHC,20201126,1.545,1.545,1.475,1.495,15498760
WHC,20201127,1.5,1.5,1.445,1.465,6778464
WHC,20201130,1.465,1.47,1.325,1.325,23874388
WHC,20201201,1.31,1.37,1.24,1.355,21372627
WHC,20201202,1.39,1.41,1.355,1.365,8604127
WHC,20201203,1.4,1.52,1.382,1.485,25061758
WHC,20201204,1.515,1.62,1.51,1.605,26386815
WHC,20201207,1.65,1.76,1.65,1.685,23634199
WHC,20201208,1.69,1.69,1.58,1.58,14002993
WHC,20201209,1.6,1.665,1.585,1.615,13320741
WHC,20201210,1.625,1.625,1.54,1.585,11147023
WHC,20201211,1.625,1.735,1.62,1.69,15643714
WHC,20201214,1.705,1.73,1.6,1.615,15390028
WHC,20201215,1.535,1.555,1.45,1.52,23416978
WHC,20201216,1.575,1.647,1.565,1.64,18021353
WHC,20201217,1.63,1.63,1.55,1.555,15568235
WHC,20201218,1.58,1.65,1.53,1.645,21694957
WHC,20201221,1.635,1.675,1.625,1.66,12922376
WHC,20201222,1.655,1.655,1.585,1.615,8273535
WHC,20201224,1.645,1.645,1.645,1.645,0
WHC,20201229,1.68,1.7,1.65,1.675,6015618
WHC,20201230,1.66,1.67,1.62,1.65,8164686
WHC,20201231,1.66,1.67,1.625,1.645,4629313
WHC,20210104,1.63,1.665,1.6,1.655,8891790
WHC,20210105,1.635,1.667,1.62,1.64,5672657
WHC,20210106,1.66,1.69,1.605,1.615,9816911
WHC,20210107,1.62,1.64,1.58,1.59,11264602
WHC,20210108,1.6,1.62,1.575,1.58,9600217
WHC,20210111,1.595,1.725,1.59,1.625,14230895
WHC,20210112,1.64,1.65,1.6,1.6,8028288
WHC,20210113,1.63,1.755,1.625,1.75,17290360
WHC,20210114,1.82,1.87,1.74,1.805,17756589
WHC,20210115,1.84,1.86,1.77,1.785,11976551
WHC,20210118,1.785,1.81,1.71,1.755,8430329
WHC,20210119,1.775,1.795,1.73,1.76,8284256
WHC,20210120,1.77,1.78,1.66,1.68,16512984
WHC,20210121,1.69,1.695,1.6,1.635,17182833
WHC,20210122,1.62,1.655,1.585,1.595,9940278
WHC,20210125,1.61,1.64,1.585,1.585,5729462
WHC,20210127,1.61,1.635,1.53,1.555,13072788
WHC,20210128,1.54,1.605,1.51,1.555,13269637
WHC,20210129,1.575,1.585,1.465,1.495,14703172
WHC,20210201,1.45,1.53,1.42,1.53,15118289
WHC,20210203,1.57,1.59,1.505,1.525,8688480
WHC,20210204,1.525,1.535,1.485,1.5,10564181
WHC,20210205,1.525,1.55,1.47,1.485,8723722
WHC,20210208,1.49,1.51,1.482,1.495,3894655
WHC,20210209,1.5,1.565,1.5,1.51,7307589
WHC,20210210,1.53,1.545,1.502,1.505,3243216
WHC,20210211,1.515,1.585,1.515,1.555,7860863
WHC,20210212,1.585,1.585,1.505,1.51,5154670
WHC,20210215,1.52,1.55,1.512,1.515,3545047
WHC,20210216,1.52,1.59,1.52,1.585,5045515
WHC,20210217,1.515,1.58,1.4,1.565,23705048
WHC,20210218,1.6,1.615,1.53,1.54,6738753
WHC,20210219,1.555,1.56,1.505,1.515,4228270
WHC,20210222,1.515,1.577,1.5,1.525,6663412
WHC,20210223,1.545,1.625,1.54,1.61,9022279
WHC,20210224,1.62,1.647,1.585,1.615,7344617
WHC,20210225,1.64,1.645,1.567,1.575,6481546
WHC,20210226,1.53,1.547,1.51,1.52,5976960
WHC,20210301,1.545,1.575,1.52,1.56,6963560
WHC,20210302,1.575,1.6,1.5,1.525,9157871
WHC,20210303,1.53,1.59,1.53,1.58,5537088
WHC,20210304,1.575,1.64,1.56,1.635,10161276
WHC,20210305,1.625,1.67,1.595,1.655,8918633
WHC,20210308,1.675,1.72,1.64,1.705,10036763
WHC,20210309,1.685,1.765,1.635,1.745,14732900
WHC,20210310,1.745,1.78,1.67,1.675,11202738
WHC,20210311,1.745,1.78,1.67,1.675,11202738
WHC,20210312,1.695,1.73,1.65,1.66,9165047
WHC,20210315,1.675,1.68,1.61,1.61,5378175
WHC,20210316,1.615,1.685,1.61,1.64,9242299
WHC,20210317,1.64,1.705,1.615,1.69,14715312
WHC,20210318,1.71,1.71,1.67,1.69,10158594
WHC,20210319,1.67,1.725,1.655,1.695,7224538
WHC,20210322,1.71,1.78,1.687,1.755,12151145
WHC,20210323,1.725,1.78,1.695,1.735,10528452
WHC,20210324,1.75,1.83,1.71,1.81,14997277
WHC,20210325,1.84,1.85,1.762,1.775,7378557
WHC,20210329,1.765,1.785,1.72,1.765,5048469
WHC,20210330,1.77,1.8,1.67,1.71,10409271
WHC,20210331,1.74,1.79,1.732,1.765,6566837
WHC,20210401,1.73,1.77,1.69,1.715,11325453
WHC,20210406,1.74,1.815,1.73,1.78,9383534
WHC,20210407,1.8,1.81,1.765,1.805,6850262
WHC,20210408,1.805,1.81,1.78,1.795,2924736
WHC,20210409,1.79,1.81,1.765,1.81,4480994
WHC,20210412,1.8,1.8,1.742,1.76,8270084
WHC,20210413,1.76,1.785,1.742,1.75,4396594
WHC,20210414,1.775,1.86,1.765,1.845,12776841
WHC,20210415,1.69,1.69,1.535,1.56,41470427
WHC,20210416,1.555,1.56,1.48,1.49,23040663
WHC,20210419,1.495,1.5,1.44,1.45,16931176
WHC,20210420,1.46,1.47,1.4,1.45,16504792
WHC,20210421,1.4,1.41,1.36,1.365,10514687
WHC,20210422,1.37,1.395,1.33,1.34,13564532
WHC,20210423,1.335,1.35,1.305,1.32,9714793
WHC,20210426,1.33,1.335,1.222,1.23,21363780
WHC,20210427,1.225,1.295,1.225,1.25,13681644
WHC,20210428,1.265,1.27,1.21,1.225,8450605
WHC,20210429,1.235,1.27,1.22,1.26,8197451
WHC,20210430,1.27,1.31,1.265,1.28,10463313
WHC,20210503,1.29,1.355,1.275,1.31,8880306
WHC,20210504,1.34,1.34,1.29,1.295,5901908
WHC,20210505,1.3,1.315,1.26,1.275,7468102
WHC,20210506,1.295,1.315,1.23,1.25,14364852
WHC,20210507,1.245,1.285,1.245,1.275,6079465
WHC,20210510,1.285,1.32,1.255,1.26,8225684
WHC,20210511,1.26,1.275,1.212,1.22,10053222
WHC,20210512,1.22,1.22,1.152,1.18,14449427
WHC,20210513,1.185,1.265,1.185,1.255,11922831
WHC,20210514,1.305,1.385,1.305,1.37,22546224
WHC,20210517,1.395,1.435,1.355,1.41,15260519
WHC,20210518,1.425,1.452,1.4,1.445,12131742
WHC,20210519,1.39,1.415,1.355,1.355,10513425
WHC,20210520,1.365,1.43,1.365,1.41,8407189
WHC,20210521,1.42,1.435,1.4,1.43,5139877
WHC,20210524,1.45,1.47,1.437,1.45,7175635
WHC,20210525,1.46,1.485,1.43,1.48,7998536
WHC,20210526,1.48,1.51,1.445,1.5,6839037
WHC,20210527,1.485,1.555,1.48,1.535,11934183
WHC,20210528,1.57,1.62,1.56,1.6,12130128
WHC,20210531,1.61,1.62,1.56,1.575,6569545
WHC,20210601,1.59,1.67,1.575,1.665,11844511
WHC,20210602,1.7,1.755,1.67,1.755,16083259
WHC,20210603,1.76,1.81,1.735,1.77,10690780
WHC,20210604,1.77,1.772,1.725,1.765,8592693
WHC,20210607,1.75,1.795,1.73,1.765,6798469
WHC,20210609,1.88,1.965,1.875,1.93,25493522
WHC,20210610,1.96,2.07,1.93,2.03,21177888
WHC,20210611,2.06,2.14,2.025,2.1,12276661
WHC,20210615,2.07,2.155,2.06,2.1,13005137
WHC,20210616,2.04,2.1,1.965,2.04,12672029
WHC,20210617,1.9,1.93,1.77,1.805,24119547
WHC,20210618,1.815,1.925,1.815,1.91,15237928
WHC,20210621,1.855,1.895,1.825,1.88,9899665
WHC,20210622,1.93,1.96,1.91,1.93,6611808
WHC,20210623,1.985,1.985,1.91,1.925,5585381
WHC,20210625,1.99,2.02,1.957,1.965,7989632
WHC,20210628,1.995,1.995,1.935,1.955,7089381
WHC,20210629,1.9,1.92,1.86,1.895,7695277
WHC,20210630,1.915,1.952,1.89,1.94,7064804
WHC,20210701,1.95,1.96,1.915,1.95,4875052
WHC,20210705,1.995,2.07,1.975,2.05,7404176
WHC,20210706,2.08,2.17,2.08,2.13,8480090
WHC,20210707,2.09,2.09,2,2.05,8377412
WHC,20210708,2.08,2.08,1.985,1.995,7955223
WHC,20210709,1.98,2.04,1.96,2.02,6852843
WHC,20210712,2.07,2.11,2.04,2.05,4436735
WHC,20210714,2,2.03,1.955,1.98,9172438
WHC,20210715,1.995,2.08,1.98,2.07,9394471
WHC,20210716,2.14,2.27,2.13,2.16,19654637
WHC,20210719,2.16,2.19,2.115,2.12,5820753
WHC,20210720,2.1,2.135,2.06,2.08,6240349
WHC,20210723,2.21,2.27,2.18,2.24,11181842
WHC,20210726,2.25,2.26,2.18,2.25,10708084
WHC,20210727,2.27,2.28,2.19,2.21,6172320
WHC,20210728,2.21,2.235,2.17,2.18,6764326
WHC,20210729,2.19,2.22,2.18,2.19,3311330
WHC,20210730,2.21,2.29,2.2,2.22,7594517
WHC,20210802,2.21,2.25,2.2,2.24,3997629
WHC,20210803,2.21,2.23,2.095,2.12,11241195
WHC,20210804,2.13,2.19,2.13,2.15,4555765
WHC,20210805,2.13,2.15,2.1,2.13,5707925
WHC,20210806,2.18,2.2,2.14,2.17,5887598
WHC,20210809,2.19,2.23,2.16,2.17,7651413
WHC,20210810,2.19,2.3,2.18,2.3,15368205
WHC,20210811,2.35,2.405,2.32,2.35,11841452
WHC,20210812,2.38,2.43,2.34,2.37,8802582
WHC,20210813,2.37,2.38,2.31,2.38,9327989
WHC,20210819,2.25,2.285,2.2,2.21,7498704
WHC,20210820,2.2,2.24,2.09,2.13,13324614
WHC,20210823,2.13,2.29,2.12,2.27,8168527
WHC,20210824,2.3,2.37,2.23,2.23,11326283
WHC,20210825,2.26,2.27,2.21,2.22,5442091
WHC,20210826,2.14,2.37,2.13,2.33,20716139
WHC,20210827,2.37,2.4,2.34,2.4,9986164
WHC,20210830,2.4,2.53,2.38,2.48,14606822
WHC,20210831,2.49,2.54,2.45,2.53,10441956
WHC,20210901,2.55,2.66,2.53,2.63,11484288
WHC,20210902,2.7,2.72,2.61,2.66,13516227
WHC,20210903,2.71,2.86,2.7,2.84,13739407
WHC,20210906,2.9,2.92,2.81,2.89,12342944
WHC,20210907,2.89,3.02,2.89,2.98,15514178
WHC,20210908,2.99,2.99,2.85,2.9,13913971
WHC,20210909,2.93,3.01,2.9,2.94,10075614
WHC,20210910,2.98,3.09,2.97,3.02,13466819
WHC,20210913,3.04,3.06,2.98,3,11527996
WHC,20210914,3,3.1,2.98,3.09,11652336
WHC,20210915,3.12,3.13,2.99,3.02,12369483
WHC,20210916,3.14,3.18,3.08,3.1,14445863
WHC,20210917,3,3,2.77,2.89,26724630
WHC,20210920,2.8,2.85,2.71,2.75,16700686
WHC,20210922,2.88,2.9,2.8,2.9,18910972
WHC,20210923,2.96,3.11,2.94,3.11,13859855
WHC,20210924,3.14,3.2,3.08,3.15,11757883
WHC,20210927,3.18,3.22,3.04,3.07,13939483
WHC,20210928,3.17,3.29,3.16,3.27,17746604
WHC,20210929,3.26,3.34,3.2,3.27,15832466
WHC,20210930,3.32,3.32,3.19,3.23,13271250
WHC,20211001,3.27,3.37,3.27,3.36,17349012
WHC,20211004,3.41,3.47,3.355,3.37,14297009
WHC,20211005,3.43,3.48,3.35,3.45,14942555
WHC,20211006,3.53,3.64,3.48,3.59,18064788
WHC,20211007,3.47,3.47,3.29,3.37,22729553
WHC,20211008,3.36,3.37,3.14,3.23,22939738
WHC,20211011,3.28,3.5,3.21,3.44,16557368
WHC,20211012,3.28,3.5,3.21,3.43,17628565
WHC,20211013,3.4,3.4,3.29,3.3,9642542
WHC,20211014,3.34,3.35,3.17,3.23,16155186
WHC,20211019,3.35,3.41,3.31,3.31,11076939
WHC,20211020,3.05,3.16,2.97,3.05,30708059
WHC,20211021,3.03,3.05,2.91,2.98,18509379
WHC,20211022,2.9,2.96,2.85,2.89,20143200
WHC,20211025,2.87,2.9,2.84,2.84,16602000
WHC,20211026,2.85,2.87,2.7,2.72,23750103
WHC,20211028,2.58,2.715,2.46,2.69,34351745
WHC,20211029,2.7,2.72,2.61,2.61,14693282
WHC,20211101,2.55,2.65,2.52,2.62,10896451
WHC,20211102,2.57,2.58,2.34,2.37,27947835
WHC,20211103,2.4,2.49,2.38,2.46,21553323
WHC,20211104,2.53,2.56,2.49,2.5,12183013
WHC,20211105,2.45,2.48,2.42,2.44,6942368
WHC,20211109,2.5,2.61,2.5,2.56,11991192
WHC,20211110,2.56,2.56,2.465,2.48,8672469
WHC,20211112,2.51,2.53,2.45,2.48,7073827
WHC,20211115,2.5,2.51,2.42,2.44,7362936
WHC,20211116,2.44,2.48,2.4,2.44,9048607
WHC,20211117,2.44,2.495,2.43,2.46,5517011
WHC,20211118,2.46,2.46,2.35,2.35,14021133
WHC,20211119,2.34,2.44,2.33,2.44,7164654
WHC,20211122,2.42,2.45,2.38,2.4,6289792
WHC,20211123,2.44,2.51,2.43,2.5,11647567
WHC,20211124,2.53,2.59,2.5,2.54,8955807
WHC,20211125,2.59,2.62,2.56,2.56,8636396
WHC,20211126,2.58,2.585,2.41,2.44,12172853
WHC,20211129,2.35,2.47,2.31,2.41,10736415
WHC,20211130,2.39,2.42,2.36,2.42,9426381
WHC,20211201,2.39,2.45,2.36,2.41,5422328
WHC,20211202,2.39,2.4,2.35,2.37,7780468
WHC,20211203,2.44,2.455,2.35,2.44,8881796
WHC,20211206,2.45,2.555,2.45,2.5,11381927
WHC,20211207,2.53,2.54,2.47,2.53,7499045
WHC,20211208,2.55,2.56,2.49,2.49,10173596
WHC,20211209,2.54,2.58,2.49,2.5,6676330
WHC,20211210,2.47,2.47,2.38,2.4,9027994
WHC,20211213,2.43,2.46,2.41,2.43,4151939
WHC,20211214,2.42,2.42,2.3,2.33,11645266
WHC,20211216,2.37,2.46,2.34,2.4,12955424
WHC,20211217,2.46,2.54,2.45,2.52,11801862
WHC,20211220,2.53,2.59,2.44,2.46,8708843
WHC,20211221,2.47,2.58,2.47,2.57,5439459
WHC,20211222,2.6,2.7,2.58,2.66,10272484
WHC,20211223,2.69,2.725,2.655,2.66,4999694
WHC,20211224,2.69,2.73,2.63,2.73,3903067
WHC,20211229,2.74,2.74,2.65,2.67,4204217
WHC,20211230,2.66,2.67,2.59,2.64,3754256
WHC,20211231,2.65,2.66,2.6,2.61,2986846
WHC,20220104,2.76,2.85,2.745,2.76,10708486
WHC,20220105,2.8,2.81,2.74,2.75,6677734
WHC,20220106,2.77,2.77,2.64,2.66,6778636
WHC,20220107,2.75,2.8,2.67,2.75,5788527
WHC,20220110,2.79,2.93,2.715,2.89,11141794
WHC,20220111,2.87,2.88,2.79,2.87,10240083
WHC,20220112,2.91,2.97,2.85,2.88,8336677
WHC,20220113,2.96,2.99,2.92,2.95,9414985
WHC,20220114,2.93,2.93,2.79,2.8,11979175
WHC,20220117,2.89,2.94,2.85,2.92,8686594
WHC,20220118,2.93,2.96,2.84,2.86,8930246
WHC,20220119,2.82,2.94,2.8,2.92,7643855
WHC,20220120,2.9,2.98,2.9,2.95,7644012
WHC,20220121,2.78,2.84,2.65,2.77,25525403
WHC,20220124,2.75,2.75,2.62,2.65,14384175
WHC,20220125,2.66,2.72,2.58,2.63,13765980
WHC,20220127,2.73,2.79,2.58,2.63,15478063
WHC,20220128,2.69,2.71,2.63,2.68,13014935
WHC,20220131,2.7,2.71,2.65,2.68,5725400
WHC,20220201,2.7,2.76,2.66,2.75,8594409
WHC,20220202,2.79,2.83,2.75,2.81,6496273
WHC,20220203,2.83,2.83,2.73,2.79,4676506
WHC,20220204,2.78,2.83,2.75,2.83,6780731
WHC,20220207,2.84,2.87,2.79,2.85,5202087
WHC,20220208,2.87,2.94,2.86,2.91,8316777
WHC,20220209,2.93,3.02,2.93,2.98,8499949
WHC,20220210,3.01,3.05,2.935,2.96,6400650
WHC,20220211,2.93,3,2.92,2.96,6832758
WHC,20220214,2.97,3.16,2.94,3.16,16447251
WHC,20220215,3.06,3.09,3.03,3.05,9240695
WHC,20220216,3.05,3.09,3.01,3.07,7648068
WHC,20220217,3.16,3.25,2.85,3.02,24867959
WHC,20220218,3.04,3.195,2.99,3.14,14373811
WHC,20220221,3.12,3.24,3.08,3.17,12661278
WHC,20220222,3.15,3.15,3.05,3.09,8505161
WHC,20220223,3.11,3.22,3.1,3.18,11346507
WHC,20220224,3.12,3.17,3.005,3.17,16007507
WHC,20220225,3.21,3.25,3.085,3.19,12424164
WHC,20220228,3.27,3.31,3.18,3.21,16888094
WHC,20220301,3.29,3.41,3.26,3.38,17365506
WHC,20220302,3.49,3.62,3.44,3.58,19840264
WHC,20220303,3.82,3.97,3.76,3.96,38298915
WHC,20220304,3.94,4.02,3.83,3.99,26429969
WHC,20220307,4.11,4.21,4.06,4.18,40579166
WHC,20220308,4.15,4.16,3.98,4.07,18957028
WHC,20220309,4.08,4.12,4.005,4.01,15055115
WHC,20220310,3.8,4,3.74,3.95,21047246
WHC,20220311,4,4.11,3.98,4.04,15213870
WHC,20220314,4.09,4.22,4.02,4.12,17104860
WHC,20220315,3.92,4.04,3.89,4.02,15942304
WHC,20220316,0,0,0,0,0
WHC,20220317,3.98,3.98,3.81,3.92,15745246
WHC,20220318,3.99,4.05,3.95,3.99,12374891
WHC,20220321,4,4.04,3.92,4.01,5114894
WHC,20220322,4.1,4.2,4.09,4.16,10537776
WHC,20220323,4.16,4.19,4.08,4.16,9501085
WHC,20220324,4.19,4.43,4.175,4.42,20679514
WHC,20220325,4.45,4.49,4.335,4.47,9554119
WHC,20220328,4.5,4.53,4.42,4.44,10349494
WHC,20220329,4.34,4.34,4.24,4.25,7489620
WHC,20220330,4.15,4.22,4.09,4.1,20828175
WHC,20220331,4.19,4.32,4.15,4.16,12511368
WHC,20220401,4.16,4.24,4.11,4.18,7085064
WHC,20220404,4.23,4.25,4.17,4.18,6815099
WHC,20220405,4.24,4.29,4.15,4.16,6740688
WHC,20220406,4.29,4.43,4.24,4.39,13009152
WHC,20220407,4.42,4.42,4.29,4.32,7870017
WHC,20220408,4.47,4.555,4.43,4.49,8768053
WHC,20220411,4.56,4.63,4.46,4.49,6966082
WHC,20220412,4.49,4.49,4.39,4.4,4756462
WHC,20220413,4.52,4.59,4.49,4.52,7288391
WHC,20220414,4.6,4.65,4.55,4.57,6534905
WHC,20220419,4.64,4.725,4.63,4.66,9171420
WHC,20220420,4.9,4.94,4.63,4.8,14282620
WHC,20220421,4.9,4.94,4.63,4.8,14282620
WHC,20220422,4.58,4.69,4.52,4.69,10445556
WHC,20220426,4.38,4.42,4.27,4.4,11372707
WHC,20220427,4.42,4.68,4.42,4.64,8737897
WHC,20220428,4.78,4.96,4.72,4.96,8997215
WHC,20220429,4.97,5.08,4.9,4.92,10560485
WHC,20220502,4.82,4.88,4.77,4.85,6033467
WHC,20220503,4.81,4.86,4.77,4.82,6387775
WHC,20220504,4.9,4.95,4.83,4.87,6027378
WHC,20220505,5,5.09,4.97,5.07,10326079
WHC,20220506,4.99,5.06,4.88,4.95,10175335
WHC,20220509,4.95,5.11,4.91,5.08,13345865
WHC,20220510,4.7,4.99,4.6,4.99,15534530
WHC,20220511,4.95,4.98,4.88,4.98,8852871
WHC,20220512,5.06,5.11,4.83,4.84,19192653
WHC,20220513,4.88,4.99,4.855,4.89,11094441
WHC,20220516,4.98,5,4.9,4.91,6795093
WHC,20220517,5.04,5.215,5.01,5.2,12195643
WHC,20220518,5.31,5.35,5.17,5.25,5886475
WHC,20220519,5.09,5.23,5.04,5.18,9040917
WHC,20220520,5.2,5.3,5.17,5.26,5748503
WHC,20220523,5.28,5.31,5.13,5.15,8988150
WHC,20220524,5.18,5.25,5.13,5.2,8681171
WHC,20220525,5.18,5.33,5.17,5.28,4533550
WHC,20220526,5.26,5.28,4.72,5.04,22461107
WHC,20220527,5.11,5.22,5.1,5.14,8509092
WHC,20220530,5.22,5.22,4.99,5.1,6553593
WHC,20220531,5.16,5.29,5.15,5.28,8052275
WHC,20220601,5.24,5.33,5.14,5.16,9598526
WHC,20220602,5.2,5.32,5.2,5.24,6401157
WHC,20220603,5.29,5.44,5.27,5.41,6965156
WHC,20220606,5.47,5.54,5.44,5.45,7739000
WHC,20220607,5.45,5.45,5.35,5.42,5363626
WHC,20220608,5.51,5.55,5.44,5.44,7477622
WHC,20220609,5.4,5.47,5.375,5.41,6181712
WHC,20220610,5.39,5.45,5.295,5.34,11203066
WHC,20220614,5.03,5.19,4.98,5.13,13465355
WHC,20220615,5.1,5.14,5.01,5.11,9647520
WHC,20220616,5.18,5.34,5.15,5.33,11344709
WHC,20220617,5.12,5.2,4.99,5,24445148
WHC,20220620,4.94,4.95,4.48,4.54,26408514
WHC,20220621,4.7,4.96,4.49,4.78,29751684
WHC,20220622,4.91,4.94,4.65,4.7,13986486
WHC,20220623,4.65,4.68,4.51,4.61,9571805
WHC,20220624,4.5,4.58,4.39,4.52,17759885
WHC,20220627,4.66,4.78,4.6,4.78,10604628
WHC,20220628,4.94,4.95,4.88,4.91,6588546
WHC,20220629,4.97,5.09,4.95,5,4742863
WHC,20220630,4.93,4.96,4.83,4.84,5634278
WHC,20220701,4.68,4.81,4.66,4.68,6088975
WHC,20220704,4.84,4.9,4.78,4.8,3772173
WHC,20220705,4.82,4.91,4.79,4.83,3225964
WHC,20220706,4.59,4.73,4.53,4.65,9455924
WHC,20220707,4.66,4.78,4.53,4.73,7032630
WHC,20220708,4.97,5.1,4.96,5.03,5778144
WHC,20220711,5.05,5.23,5.04,5.07,6480269
WHC,20220712,5.2,5.33,5.14,5.16,7924200
WHC,20220713,5.34,5.46,5.21,5.39,10159359
WHC,20220714,5.5,5.83,5.495,5.74,9577394
WHC,20220715,5.72,5.8,5.6,5.61,9342649
WHC,20220718,5.99,6.14,5.86,5.9,9847869
WHC,20220719,6.05,6.26,6.02,6.21,9585346
WHC,20220720,6.32,6.46,6.3,6.43,10264068
WHC,20220721,6.48,6.53,6.08,6.17,8770512
WHC,20220722,5.96,6.25,5.95,6.14,6270121
WHC,20220725,6.17,6.23,6.02,6.09,3349389
WHC,20220726,6.22,6.49,6.19,6.48,7409235
WHC,20220727,6.5,6.55,6.33,6.33,5648467
WHC,20220728,6.43,6.43,6.12,6.39,6371797
WHC,20220729,6.42,6.44,6.2,6.21,7242995
WHC,20220801,6.3,6.41,6.27,6.34,5284396
WHC,20220802,6.23,6.36,6.21,6.34,5167477
WHC,20220803,6.31,6.42,6.24,6.42,7146643
WHC,20220805,6.08,6.13,5.91,6,10254519
WHC,20220808,5.92,6.07,5.82,6.04,6534822
WHC,20220809,6.14,6.18,6.04,6.06,4974320
WHC,20220810,6.13,6.37,6.1,6.37,7354296
WHC,20220811,6.54,6.63,6.39,6.46,8274348
WHC,20220812,6.54,6.73,6.46,6.62,11191203
WHC,20220815,6.73,6.75,6.48,6.55,5599036
WHC,20220816,6.51,6.61,6.49,6.61,4076041
WHC,20220817,6.75,6.9,6.635,6.78,7892272
WHC,20220818,6.9,7.09,6.87,6.93,6759791
WHC,20220819,7.13,7.46,7.1,7.36,11641962
WHC,20220822,7.37,7.615,7.295,7.54,11195679
WHC,20220823,7.63,7.81,7.51,7.75,12282863
WHC,20220824,7.95,7.99,7.72,7.9,13063596
WHC,20220825,7.48,7.9,7.415,7.79,17847591
WHC,20220826,7.7,7.97,7.67,7.97,15595765
WHC,20220829,7.82,8.04,7.76,7.96,15862620
WHC,20220830,8.1,8.17,8.03,8.06,9259170
WHC,20220831,7.76,8.03,7.66,7.96,11843570
WHC,20220901,7.53,7.95,7.51,7.89,12620306
WHC,20220902,7.91,8.04,7.83,7.97,8809730
WHC,20220905,8.3,8.59,8.27,8.49,12698313
WHC,20220906,8.6,8.83,8.59,8.8,10426531
WHC,20220907,8.72,8.84,8.48,8.48,10131373
WHC,20220909,8.38,8.79,8.36,8.74,11507520
WHC,20220912,8.78,8.84,8.53,8.6,7516178
WHC,20220913,8.61,8.65,8.27,8.46,9945690
WHC,20220914,8.33,8.53,8.28,8.48,7657439
WHC,20220915,8.8,8.96,8.63,8.87,9394075
WHC,20220916,8.79,8.86,8.44,8.63,18304725
