WTL,20191115,0.05,0.05,0.05,0.05,0
WTL,20191118,0.05,0.05,0.05,0.05,0
WTL,20191119,0.05,0.05,0.05,0.05,0
WTL,20191120,0.05,0.05,0.05,0.05,0
WTL,20191121,0.05,0.05,0.05,0.05,0
WTL,20191122,0.05,0.05,0.05,0.05,0
WTL,20191125,0.05,0.05,0.05,0.05,0
WTL,20191126,0.05,0.05,0.05,0.05,2945
WTL,20191127,0.05,0.05,0.05,0.05,2945
WTL,20191128,0.05,0.05,0.05,0.05,2945
WTL,20191129,0.05,0.05,0.05,0.05,1165
WTL,20191202,0.05,0.05,0.05,0.05,0
WTL,20191203,0.05,0.05,0.05,0.05,0
WTL,20191204,0.05,0.05,0.05,0.05,0
WTL,20191205,0.05,0.05,0.05,0.05,0
WTL,20191206,0.05,0.05,0.05,0.05,0
WTL,20191209,0.05,0.05,0.05,0.05,0
WTL,20191210,0.05,0.05,0.05,0.05,0
WTL,20191211,0.05,0.05,0.05,0.05,0
WTL,20191212,0.05,0.05,0.05,0.05,0
WTL,20191213,0.05,0.05,0.05,0.05,0
WTL,20191216,0.05,0.05,0.05,0.05,0
WTL,20191217,0.05,0.05,0.05,0.05,0
WTL,20191218,0.05,0.05,0.05,0.05,0
WTL,20191219,0.05,0.05,0.05,0.05,0
WTL,20191220,0.05,0.05,0.05,0.05,0
WTL,20191223,0.05,0.05,0.05,0.05,0
WTL,20191224,0.05,0.05,0.05,0.05,0
WTL,20191227,0.05,0.05,0.05,0.05,0
WTL,20191230,0.05,0.05,0.05,0.05,0
WTL,20191231,0.05,0.05,0.05,0.05,0
WTL,20200102,0.05,0.05,0.05,0.05,0
WTL,20200103,0.05,0.05,0.05,0.05,0
WTL,20200106,0.05,0.05,0.05,0.05,0
WTL,20200107,0.05,0.05,0.05,0.05,0
WTL,20200108,0.05,0.05,0.05,0.05,16238
WTL,20200109,0.05,0.05,0.05,0.05,0
WTL,20200113,0.05,0.05,0.05,0.05,0
WTL,20200114,0.05,0.05,0.05,0.05,0
WTL,20200115,0.05,0.05,0.05,0.05,0
WTL,20200116,0.05,0.05,0.05,0.05,0
WTL,20200117,0.05,0.05,0.05,0.05,0
WTL,20200120,0.05,0.05,0.05,0.05,0
WTL,20200121,0.05,0.05,0.05,0.05,0
WTL,20200122,0.048,0.048,0.048,0.048,2927
WTL,20200123,0.048,0.048,0.048,0.048,3037
WTL,20200124,0.048,0.048,0.048,0.048,3056
WTL,20200128,0.048,0.048,0.048,0.048,3064
WTL,20200129,0.048,0.048,0.048,0.048,0
WTL,20200130,0.048,0.048,0.048,0.048,0
WTL,20200203,0.048,0.048,0.048,0.048,0
WTL,20200204,0.048,0.048,0.048,0.048,0
WTL,20200205,0.048,0.048,0.048,0.048,0
WTL,20200210,0.048,0.048,0.048,0.048,0
WTL,20200211,0.048,0.048,0.048,0.048,0
WTL,20200212,0.04,0.04,0.04,0.04,20000
WTL,20200213,0.036,0.036,0.036,0.036,72737
WTL,20200214,0.036,0.036,0.036,0.036,0
WTL,20200217,0.036,0.036,0.036,0.036,0
WTL,20200218,0.036,0.036,0.036,0.036,0
WTL,20200219,0.031,0.031,0.03,0.03,151370
WTL,20200220,0.03,0.03,0.03,0.03,0
WTL,20200221,0.03,0.03,0.03,0.03,0
WTL,20200224,0.03,0.03,0.03,0.03,0
WTL,20200225,0.031,0.031,0.031,0.031,57265
WTL,20200226,0.031,0.031,0.031,0.031,0
WTL,20200227,0.031,0.031,0.031,0.031,0
WTL,20200228,0.031,0.031,0.031,0.031,0
WTL,20200302,0.031,0.031,0.031,0.031,0
WTL,20200303,0.031,0.031,0.031,0.031,0
WTL,20200304,0.031,0.031,0.031,0.031,0
WTL,20200305,0.031,0.031,0.031,0.031,0
WTL,20200306,0.031,0.031,0.031,0.031,0
WTL,20200309,0.031,0.031,0.031,0.031,0
WTL,20200310,0.031,0.031,0.031,0.031,0
WTL,20200311,0.031,0.031,0.031,0.031,0
WTL,20200312,0.023,0.023,0.023,0.023,8333
WTL,20200313,0.023,0.023,0.023,0.023,0
WTL,20200316,0.023,0.023,0.023,0.023,0
WTL,20200317,0.023,0.023,0.023,0.023,0
WTL,20200318,0.023,0.024,0.023,0.024,138577
WTL,20200319,0.024,0.024,0.024,0.024,0
WTL,20200320,0.024,0.024,0.024,0.024,0
WTL,20200323,0.024,0.024,0.024,0.024,0
WTL,20200324,0.024,0.024,0.024,0.024,0
WTL,20200325,0.024,0.024,0.024,0.024,0
WTL,20200326,0.024,0.024,0.024,0.024,24950
WTL,20200327,0.024,0.024,0.024,0.024,0
WTL,20200330,0.024,0.024,0.024,0.024,0
WTL,20200331,0.024,0.024,0.024,0.024,0
WTL,20200401,0.024,0.024,0.024,0.024,0
WTL,20200402,0.024,0.024,0.024,0.024,0
WTL,20200403,0.024,0.024,0.024,0.024,0
WTL,20200406,0.038,0.038,0.038,0.038,22000
WTL,20200407,0.038,0.038,0.038,0.038,0
WTL,20200408,0.038,0.038,0.038,0.038,0
WTL,20200409,0.038,0.038,0.038,0.038,0
WTL,20200414,0.038,0.038,0.038,0.038,0
WTL,20200415,0.038,0.038,0.038,0.038,0
WTL,20200416,0.038,0.038,0.038,0.038,0
WTL,20200417,0.038,0.038,0.038,0.038,0
WTL,20200420,0.038,0.038,0.038,0.038,0
WTL,20200421,0.038,0.038,0.038,0.038,0
WTL,20200422,0.038,0.038,0.038,0.038,0
WTL,20200423,0.038,0.038,0.038,0.038,0
WTL,20200424,0.038,0.038,0.038,0.038,0
WTL,20200427,0.038,0.038,0.038,0.038,0
WTL,20200428,0.038,0.038,0.038,0.038,0
WTL,20200429,0.038,0.038,0.038,0.038,0
WTL,20200430,0.038,0.038,0.038,0.038,0
WTL,20200501,0.035,0.038,0.035,0.038,87942
WTL,20200504,0.038,0.038,0.038,0.038,0
WTL,20200505,0.038,0.038,0.038,0.038,0
WTL,20200506,0.038,0.038,0.038,0.038,0
WTL,20200507,0.038,0.038,0.038,0.038,0
WTL,20200508,0.038,0.038,0.038,0.038,0
WTL,20200511,0.038,0.038,0.038,0.038,0
WTL,20200512,0.028,0.028,0.028,0.028,10000
WTL,20200513,0.028,0.028,0.028,0.028,0
WTL,20200514,0.028,0.028,0.028,0.028,0
WTL,20200515,0.028,0.028,0.028,0.028,0
WTL,20200518,0.028,0.028,0.028,0.028,0
WTL,20200519,0.028,0.028,0.028,0.028,0
WTL,20200520,0.028,0.028,0.028,0.028,0
WTL,20200521,0.028,0.028,0.028,0.028,0
WTL,20200522,0.028,0.028,0.028,0.028,0
WTL,20200525,0.028,0.028,0.028,0.028,0
WTL,20200526,0.028,0.028,0.028,0.028,0
WTL,20200527,0.028,0.028,0.028,0.028,0
WTL,20200528,0.028,0.028,0.028,0.028,0
WTL,20200529,0.028,0.028,0.028,0.028,0
WTL,20200601,0.028,0.028,0.028,0.028,22178
WTL,20200602,0.028,0.028,0.028,0.028,0
WTL,20200603,0.03,0.03,0.028,0.028,66634
WTL,20200604,0.028,0.028,0.028,0.028,0
WTL,20200605,0.028,0.028,0.028,0.028,0
WTL,20200609,0.029,0.029,0.029,0.029,15000
WTL,20200610,0.029,0.029,0.029,0.029,9000
WTL,20200611,0.029,0.029,0.029,0.029,0
WTL,20200612,0.029,0.029,0.029,0.029,0
WTL,20200615,0.029,0.029,0.029,0.029,0
WTL,20200616,0.029,0.029,0.029,0.029,0
WTL,20200617,0.029,0.029,0.029,0.029,0
WTL,20200618,0.029,0.029,0.029,0.029,2381
WTL,20200619,0.029,0.029,0.029,0.029,0
WTL,20200622,0.029,0.029,0.029,0.029,0
WTL,20200623,0.029,0.029,0.029,0.029,0
WTL,20200624,0.029,0.029,0.029,0.029,0
WTL,20200625,0.029,0.029,0.029,0.029,0
WTL,20200626,0.029,0.029,0.029,0.029,0
WTL,20200629,0.029,0.029,0.029,0.029,0
WTL,20200630,0.029,0.029,0.029,0.029,0
WTL,20200701,0.029,0.029,0.029,0.029,0
WTL,20200702,0.029,0.029,0.029,0.029,0
WTL,20200703,0.029,0.029,0.029,0.029,0
WTL,20200706,0.029,0.029,0.029,0.029,0
WTL,20200707,0.029,0.029,0.029,0.029,0
WTL,20200708,0.029,0.029,0.029,0.029,0
WTL,20200709,0.029,0.029,0.029,0.029,0
WTL,20200710,0.035,0.035,0.035,0.035,47667
WTL,20200713,0.035,0.035,0.035,0.035,0
WTL,20200714,0.035,0.035,0.035,0.035,0
WTL,20200715,0.035,0.035,0.035,0.035,0
WTL,20200716,0.035,0.035,0.035,0.035,0
WTL,20200717,0.035,0.035,0.035,0.035,0
WTL,20200720,0.035,0.035,0.035,0.035,0
WTL,20200721,0.035,0.035,0.035,0.035,0
WTL,20200722,0.035,0.035,0.035,0.035,0
WTL,20200723,0.035,0.035,0.035,0.035,0
WTL,20200724,0.035,0.035,0.035,0.035,0
WTL,20200727,0.035,0.035,0.035,0.035,0
WTL,20200728,0.035,0.035,0.035,0.035,0
WTL,20200729,0.035,0.035,0.035,0.035,0
WTL,20200730,0.035,0.035,0.035,0.035,0
WTL,20200731,0.035,0.035,0.035,0.035,0
WTL,20200803,0.035,0.035,0.035,0.035,0
WTL,20200804,0.035,0.035,0.035,0.035,0
WTL,20200805,0.035,0.035,0.035,0.035,0
WTL,20200806,0.035,0.035,0.035,0.035,0
WTL,20200807,0.03,0.03,0.03,0.03,315189
WTL,20200810,0.03,0.03,0.03,0.03,0
WTL,20200811,0.03,0.03,0.03,0.03,0
WTL,20200812,0.03,0.03,0.03,0.03,0
WTL,20200813,0.03,0.03,0.03,0.03,0
WTL,20200814,0.03,0.03,0.03,0.03,0
WTL,20200817,0.03,0.03,0.03,0.03,0
WTL,20200818,0.03,0.03,0.03,0.03,0
WTL,20200819,0.03,0.03,0.03,0.03,0
WTL,20200820,0.03,0.03,0.03,0.03,0
WTL,20200821,0.03,0.03,0.03,0.03,0
WTL,20200824,0.03,0.03,0.03,0.03,0
WTL,20200825,0.03,0.03,0.03,0.03,0
WTL,20200826,0.03,0.03,0.03,0.03,0
WTL,20200827,0.03,0.03,0.03,0.03,0
WTL,20200828,0.053,0.065,0.053,0.065,80876
WTL,20200831,0.065,0.065,0.065,0.065,10000
WTL,20200901,0.065,0.07,0.065,0.066,190000
WTL,20200902,0.045,0.045,0.045,0.045,181788
WTL,20200903,0.045,0.045,0.045,0.045,0
WTL,20200904,0.045,0.045,0.045,0.045,0
WTL,20200907,0.045,0.045,0.045,0.045,0
WTL,20200908,0.045,0.045,0.045,0.045,0
WTL,20200909,0.045,0.045,0.045,0.045,0
WTL,20200910,0.045,0.045,0.045,0.045,10000
WTL,20200911,0.045,0.045,0.045,0.045,0
WTL,20200914,0.045,0.045,0.045,0.045,0
WTL,20200915,0.045,0.045,0.045,0.045,0
WTL,20200916,0.045,0.045,0.045,0.045,0
WTL,20200917,0.045,0.045,0.045,0.045,0
WTL,20200918,0.045,0.045,0.045,0.045,0
WTL,20200921,0.045,0.045,0.045,0.045,0
WTL,20200922,0.045,0.045,0.045,0.045,0
WTL,20200923,0.045,0.045,0.045,0.045,0
WTL,20200924,0.045,0.045,0.045,0.045,0
WTL,20200925,0.045,0.045,0.045,0.045,0
WTL,20200928,0.045,0.045,0.045,0.045,91634
WTL,20200929,0.045,0.045,0.045,0.045,33366
WTL,20200930,0.051,0.051,0.045,0.045,31081
WTL,20201001,0.045,0.045,0.045,0.045,0
WTL,20201002,0.045,0.045,0.045,0.045,0
WTL,20201005,0.045,0.045,0.045,0.045,20000
WTL,20201006,0.045,0.045,0.045,0.045,0
WTL,20201007,0.045,0.045,0.045,0.045,0
WTL,20201008,0.045,0.045,0.045,0.045,0
WTL,20201009,0.045,0.045,0.045,0.045,0
WTL,20201012,0.045,0.045,0.045,0.045,0
WTL,20201013,0.045,0.045,0.045,0.045,0
WTL,20201014,0.045,0.045,0.045,0.045,0
WTL,20201015,0.045,0.045,0.045,0.045,0
WTL,20201016,0.045,0.045,0.045,0.045,0
WTL,20201019,0.045,0.045,0.045,0.045,0
WTL,20201020,0.045,0.045,0.045,0.045,0
WTL,20201021,0.045,0.045,0.045,0.045,0
WTL,20201022,0.045,0.045,0.045,0.045,0
WTL,20201023,0.045,0.045,0.045,0.045,23111
WTL,20201026,0.045,0.045,0.045,0.045,26889
WTL,20201027,0.045,0.045,0.045,0.045,0
WTL,20201028,0.045,0.045,0.045,0.045,0
WTL,20201029,0.047,0.047,0.047,0.047,100000
WTL,20201030,0.047,0.047,0.047,0.047,0
WTL,20201102,0.047,0.047,0.047,0.047,25640
WTL,20201103,0.047,0.047,0.047,0.047,0
WTL,20201104,0.047,0.047,0.047,0.047,0
WTL,20201105,0.047,0.047,0.047,0.047,0
WTL,20201106,0.047,0.047,0.047,0.047,0
WTL,20201109,0.047,0.047,0.047,0.047,0
WTL,20201110,0.047,0.047,0.047,0.047,0
WTL,20201111,0.047,0.047,0.047,0.047,0
WTL,20201112,0.047,0.047,0.047,0.047,0
WTL,20201113,0.047,0.047,0.047,0.047,0
WTL,20201116,0.047,0.047,0.047,0.047,0
WTL,20201117,0.047,0.047,0.047,0.047,0
WTL,20201118,0.047,0.047,0.047,0.047,0
WTL,20201120,0.05,0.05,0.05,0.05,8000
WTL,20201123,0.055,0.055,0.054,0.054,131977
WTL,20201124,0.059,0.06,0.059,0.06,331372
WTL,20201125,0.06,0.06,0.06,0.06,0
WTL,20201126,0.06,0.06,0.06,0.06,1586
WTL,20201127,0.06,0.06,0.06,0.06,0
WTL,20201130,0.06,0.06,0.06,0.06,53892
WTL,20201201,0.06,0.06,0.06,0.06,1586
WTL,20201202,0.06,0.06,0.06,0.06,24318
WTL,20201203,0.06,0.06,0.06,0.06,0
WTL,20201204,0.06,0.06,0.06,0.06,0
WTL,20201207,0.06,0.06,0.06,0.06,0
WTL,20201208,0.06,0.06,0.06,0.06,0
WTL,20201209,0.06,0.06,0.06,0.06,0
WTL,20201210,0.06,0.06,0.06,0.06,0
WTL,20201211,0.06,0.06,0.06,0.06,0
WTL,20201214,0.06,0.06,0.06,0.06,0
WTL,20201215,0.06,0.06,0.06,0.06,0
WTL,20201216,0.065,0.066,0.065,0.066,46200
WTL,20201217,0.066,0.066,0.066,0.066,0
WTL,20201218,0.065,0.065,0.065,0.065,82116
WTL,20201221,0.065,0.065,0.065,0.065,0
WTL,20201222,0.065,0.065,0.065,0.065,0
WTL,20201224,0.065,0.065,0.065,0.065,0
WTL,20201229,0.07,0.07,0.07,0.07,10059
WTL,20201230,0.07,0.07,0.07,0.07,0
WTL,20201231,0.07,0.07,0.07,0.07,0
WTL,20210104,0.07,0.07,0.07,0.07,0
WTL,20210105,0.07,0.07,0.07,0.07,0
WTL,20210106,0.07,0.07,0.07,0.07,21500
WTL,20210107,0.075,0.075,0.075,0.075,1384
WTL,20210108,0.075,0.075,0.075,0.075,3266
WTL,20210111,0.075,0.075,0.075,0.075,0
WTL,20210112,0.075,0.075,0.075,0.075,0
WTL,20210113,0.075,0.075,0.075,0.075,0
WTL,20210114,0.075,0.075,0.075,0.075,0
WTL,20210115,0.075,0.075,0.075,0.075,0
WTL,20210118,0.065,0.065,0.065,0.065,80000
WTL,20210119,0.065,0.065,0.065,0.065,0
WTL,20210120,0.065,0.065,0.065,0.065,0
WTL,20210121,0.065,0.065,0.065,0.065,0
WTL,20210122,0.065,0.065,0.065,0.065,0
WTL,20210125,0.065,0.065,0.065,0.065,0
WTL,20210127,0.065,0.065,0.065,0.065,0
WTL,20210128,0.065,0.065,0.065,0.065,0
WTL,20210129,0.065,0.065,0.065,0.065,0
WTL,20210201,0.065,0.065,0.065,0.065,0
WTL,20210203,0.065,0.065,0.065,0.065,0
WTL,20210204,0.065,0.065,0.065,0.065,0
WTL,20210205,0.065,0.065,0.065,0.065,0
WTL,20210208,0.065,0.065,0.065,0.065,130000
WTL,20210209,0.065,0.065,0.065,0.065,0
WTL,20210210,0.065,0.065,0.065,0.065,8137
WTL,20210211,0.065,0.065,0.065,0.065,0
WTL,20210212,0.065,0.065,0.065,0.065,0
WTL,20210215,0.065,0.065,0.065,0.065,0
WTL,20210216,0.065,0.065,0.065,0.065,27000
WTL,20210217,0.065,0.065,0.065,0.065,30000
WTL,20210218,0.065,0.065,0.065,0.065,0
WTL,20210219,0.07,0.07,0.07,0.07,1428
WTL,20210222,0.07,0.07,0.07,0.07,0
WTL,20210223,0.07,0.07,0.07,0.07,7557
WTL,20210224,0.07,0.07,0.07,0.07,0
WTL,20210225,0.07,0.07,0.07,0.07,0
WTL,20210226,0.07,0.07,0.07,0.07,13515
WTL,20210301,0.058,0.058,0.045,0.045,44411
WTL,20210302,0.045,0.045,0.045,0.045,20000
WTL,20210303,0.045,0.115,0.045,0.115,796269
WTL,20210304,0.115,0.115,0.09,0.09,42508
WTL,20210305,0.09,0.09,0.09,0.09,0
WTL,20210308,0.09,0.09,0.09,0.09,0
WTL,20210309,0.09,0.09,0.09,0.09,0
WTL,20210310,0.09,0.09,0.09,0.09,0
WTL,20210311,0.09,0.09,0.09,0.09,0
WTL,20210312,0.09,0.09,0.09,0.09,0
WTL,20210315,0.09,0.09,0.09,0.09,0
WTL,20210316,0.09,0.09,0.09,0.09,0
WTL,20210317,0.09,0.09,0.09,0.09,0
WTL,20210318,0.07,0.08,0.06,0.07,179861
WTL,20210319,0.07,0.07,0.07,0.07,0
WTL,20210322,0.07,0.07,0.07,0.07,0
WTL,20210323,0.07,0.07,0.07,0.07,0
WTL,20210324,0.063,0.063,0.053,0.053,9300
WTL,20210325,0.056,0.056,0.056,0.056,17929
WTL,20210329,0.059,0.067,0.058,0.067,19851
WTL,20210330,0.058,0.058,0.05,0.055,45000
WTL,20210331,0.057,0.058,0.057,0.058,46936
WTL,20210401,0.058,0.062,0.058,0.06,93521
WTL,20210406,0.06,0.06,0.06,0.06,0
WTL,20210407,0.06,0.06,0.06,0.06,0
WTL,20210408,0.06,0.06,0.06,0.06,21667
WTL,20210409,0.061,0.061,0.061,0.061,10000
WTL,20210412,0.061,0.061,0.061,0.061,0
WTL,20210413,0.061,0.061,0.061,0.061,0
WTL,20210414,0.061,0.061,0.061,0.061,0
WTL,20210415,0.061,0.061,0.061,0.061,0
WTL,20210416,0.061,0.061,0.061,0.061,4075
WTL,20210419,0.061,0.061,0.061,0.061,0
WTL,20210420,0.06,0.06,0.06,0.06,63000
WTL,20210421,0.06,0.06,0.06,0.06,0
WTL,20210422,0.06,0.06,0.06,0.06,0
WTL,20210423,0.06,0.06,0.06,0.06,0
WTL,20210426,0.06,0.06,0.06,0.06,30000
WTL,20210427,0.06,0.06,0.06,0.06,8333
WTL,20210428,0.06,0.06,0.06,0.06,0
WTL,20210429,0.06,0.06,0.06,0.06,138143
WTL,20210430,0.06,0.06,0.06,0.06,0
WTL,20210503,0.06,0.06,0.06,0.06,12500
WTL,20210504,0.06,0.06,0.06,0.06,0
WTL,20210505,0.06,0.06,0.06,0.06,0
WTL,20210506,0.06,0.06,0.06,0.06,0
WTL,20210507,0.06,0.069,0.06,0.069,7100
WTL,20210510,0.069,0.069,0.069,0.069,0
WTL,20210511,0.074,0.074,0.07,0.07,9170
WTL,20210512,0.061,0.07,0.06,0.07,189461
WTL,20210513,0.07,0.07,0.07,0.07,0
WTL,20210514,0.07,0.07,0.07,0.07,0
WTL,20210517,0.07,0.07,0.07,0.07,0
WTL,20210518,0.07,0.07,0.07,0.07,0
WTL,20210519,0.07,0.07,0.07,0.07,0
WTL,20210520,0.07,0.07,0.07,0.07,143591
WTL,20210521,0.07,0.07,0.07,0.07,0
WTL,20210524,0.07,0.07,0.07,0.07,0
WTL,20210525,0.068,0.068,0.068,0.068,2
WTL,20210526,0.068,0.068,0.068,0.068,0
WTL,20210527,0.068,0.068,0.068,0.068,0
WTL,20210528,0.068,0.068,0.068,0.068,0
WTL,20210531,0.068,0.068,0.068,0.068,113122
WTL,20210601,0.068,0.068,0.068,0.068,0
WTL,20210602,0.068,0.068,0.068,0.068,0
WTL,20210603,0.068,0.068,0.068,0.068,0
WTL,20210604,0.06,0.06,0.06,0.06,169135
WTL,20210607,0.06,0.06,0.06,0.06,0
WTL,20210609,0.06,0.06,0.06,0.06,0
WTL,20210610,0.06,0.06,0.06,0.06,0
WTL,20210611,0.06,0.06,0.06,0.06,0
WTL,20210615,0.072,0.08,0.072,0.079,692255
WTL,20210616,0.079,0.079,0.079,0.079,0
WTL,20210617,0.075,0.075,0.074,0.074,140000
WTL,20210618,0.074,0.074,0.072,0.072,247271
WTL,20210621,0.073,0.073,0.062,0.062,72474
WTL,20210622,0.065,0.065,0.065,0.065,100000
WTL,20210623,0.065,0.065,0.065,0.065,21416
WTL,20210625,0.07,0.07,0.07,0.07,18584
WTL,20210628,0.07,0.07,0.07,0.07,0
WTL,20210629,0.064,0.07,0.064,0.07,26205
WTL,20210630,0.064,0.064,0.064,0.064,10000
WTL,20210701,0.068,0.068,0.068,0.068,25000
WTL,20210705,0.068,0.068,0.068,0.068,0
WTL,20210706,0.068,0.068,0.068,0.068,0
WTL,20210707,0.07,0.07,0.068,0.068,125000
WTL,20210708,0.07,0.07,0.069,0.07,787578
WTL,20210709,0.07,0.07,0.07,0.07,0
WTL,20210712,0.075,0.08,0.075,0.08,27557
WTL,20210714,0.085,0.086,0.085,0.085,51222
WTL,20210715,0.086,0.086,0.086,0.086,80000
WTL,20210716,0.09,0.09,0.09,0.09,70000
WTL,20210719,0.094,0.094,0.094,0.094,5000
WTL,20210720,0.095,0.095,0.092,0.092,39474
WTL,20210723,0.091,0.093,0.091,0.093,147000
WTL,20210726,0.095,0.1,0.095,0.1,160000
WTL,20210727,0.1,0.1,0.1,0.1,0
WTL,20210728,0.1,0.1,0.1,0.1,58034
WTL,20210729,0.1,0.1,0.1,0.1,25728
WTL,20210730,0.1,0.1,0.1,0.1,4272
WTL,20210802,0.1,0.1,0.095,0.096,96728
WTL,20210803,0.1,0.1,0.1,0.1,109500
WTL,20210804,0.1,0.105,0.1,0.105,51666
WTL,20210805,0.105,0.11,0.105,0.11,204153
WTL,20210806,0.115,0.115,0.115,0.115,83995
WTL,20210809,0.12,0.12,0.105,0.12,380221
WTL,20210810,0.11,0.11,0.11,0.11,2025
WTL,20210811,0.12,0.12,0.12,0.12,48872
WTL,20210812,0.12,0.12,0.12,0.12,101491
WTL,20210813,0.12,0.12,0.115,0.115,10619
WTL,20210819,0.13,0.13,0.13,0.13,3
WTL,20210820,0.13,0.13,0.13,0.13,383
WTL,20210823,0.13,0.13,0.13,0.13,83843
WTL,20210824,0.13,0.13,0.13,0.13,68961
WTL,20210825,0.13,0.13,0.13,0.13,0
WTL,20210826,0.13,0.13,0.13,0.13,0
WTL,20210827,0.135,0.135,0.135,0.135,125460
WTL,20210830,0.135,0.135,0.13,0.13,63801
WTL,20210831,0.13,0.13,0.13,0.13,60103
WTL,20210901,0.13,0.13,0.13,0.13,6800
WTL,20210902,0.13,0.13,0.13,0.13,0
WTL,20210903,0.13,0.14,0.13,0.14,37265
WTL,20210906,0.14,0.14,0.14,0.14,0
WTL,20210907,0.14,0.14,0.14,0.14,50000
WTL,20210908,0.13,0.13,0.13,0.13,2689
WTL,20210909,0.13,0.13,0.13,0.13,0
WTL,20210910,0.13,0.13,0.13,0.13,1157
WTL,20210913,0.13,0.14,0.13,0.14,38365
WTL,20210914,0.13,0.13,0.13,0.13,8571
WTL,20210915,0.13,0.13,0.13,0.13,85
WTL,20210916,0.125,0.125,0.12,0.12,68507
WTL,20210917,0.115,0.115,0.105,0.105,62500
WTL,20210920,0.105,0.105,0.1,0.1,282036
WTL,20210922,0.1,0.1,0.1,0.1,500000
WTL,20210923,0.1,0.1,0.1,0.1,123808
WTL,20210924,0.1,0.1,0.1,0.1,100000
WTL,20210927,0.1,0.1,0.1,0.1,0
WTL,20210928,0.1,0.1,0.1,0.1,0
WTL,20210929,0.115,0.115,0.1,0.1,1651
WTL,20210930,0.1,0.1,0.1,0.1,0
WTL,20211001,0.1,0.1,0.1,0.1,22941
WTL,20211004,0.105,0.105,0.105,0.105,923
WTL,20211005,0.105,0.105,0.105,0.105,0
WTL,20211006,0.1,0.1,0.1,0.1,9426
WTL,20211007,0.096,0.096,0.096,0.096,51000
WTL,20211008,0.096,0.096,0.096,0.096,32166
WTL,20211011,0.096,0.096,0.096,0.096,54077
WTL,20211012,0.096,0.096,0.096,0.096,54077
WTL,20211013,0.09,0.09,0.09,0.09,15613
WTL,20211014,0.09,0.09,0.09,0.09,0
WTL,20211019,0.088,0.088,0.088,0.088,0
WTL,20211020,0.088,0.088,0.088,0.088,0
WTL,20211021,0.089,0.089,0.089,0.089,100000
WTL,20211022,0.089,0.089,0.089,0.089,0
WTL,20211025,0.088,0.089,0.086,0.086,117190
WTL,20211026,0.087,0.087,0.087,0.087,40000
WTL,20211028,0.089,0.089,0.089,0.089,11000
WTL,20211029,0.089,0.089,0.089,0.089,0
WTL,20211101,0.089,0.089,0.089,0.089,112
WTL,20211102,0.089,0.089,0.089,0.089,0
WTL,20211103,0.089,0.089,0.089,0.089,0
WTL,20211104,0.089,0.089,0.089,0.089,0
WTL,20211105,0.089,0.089,0.089,0.089,0
WTL,20211109,0.089,0.089,0.089,0.089,0
WTL,20211110,0.089,0.089,0.089,0.089,0
WTL,20211112,0.087,0.087,0.087,0.087,22003
WTL,20211115,0.085,0.085,0.081,0.081,11814
WTL,20211116,0.081,0.081,0.08,0.08,102000
WTL,20211117,0.08,0.08,0.08,0.08,0
WTL,20211118,0.08,0.08,0.08,0.08,54055
WTL,20211119,0.078,0.08,0.078,0.08,2050
WTL,20211122,0.08,0.08,0.08,0.08,782
WTL,20211123,0.08,0.08,0.08,0.08,0
WTL,20211124,0.08,0.08,0.08,0.08,4039
WTL,20211125,0.08,0.08,0.08,0.08,0
WTL,20211126,0.08,0.08,0.08,0.08,0
WTL,20211129,0.08,0.08,0.08,0.08,0
WTL,20211130,0.08,0.08,0.08,0.08,0
WTL,20211201,0.08,0.08,0.08,0.08,0
WTL,20211202,0.08,0.08,0.08,0.08,0
WTL,20211203,0.08,0.08,0.08,0.08,37000
WTL,20211206,0.08,0.08,0.08,0.08,0
WTL,20211207,0.08,0.08,0.08,0.08,0
WTL,20211208,0.08,0.08,0.08,0.08,0
WTL,20211209,0.08,0.08,0.08,0.08,10000
WTL,20211210,0.08,0.08,0.079,0.079,40820
WTL,20211213,0.079,0.079,0.079,0.079,0
WTL,20211214,0.085,0.09,0.085,0.09,341093
WTL,20211216,0.09,0.09,0.09,0.09,11935
WTL,20211217,0.09,0.09,0.09,0.09,0
WTL,20211220,0.09,0.09,0.09,0.09,0
WTL,20211221,0.09,0.09,0.09,0.09,0
WTL,20211222,0.09,0.09,0.09,0.09,0
WTL,20211223,0.09,0.09,0.09,0.09,0
WTL,20211224,0.09,0.09,0.09,0.09,0
WTL,20211229,0.09,0.09,0.09,0.09,0
WTL,20211230,0.082,0.082,0.081,0.081,47000
WTL,20211231,0.081,0.081,0.081,0.081,0
WTL,20220104,0.081,0.081,0.081,0.081,0
WTL,20220105,0.081,0.081,0.081,0.081,0
WTL,20220106,0.086,0.086,0.086,0.086,1104
WTL,20220107,0.086,0.086,0.086,0.086,0
WTL,20220110,0.083,0.09,0.083,0.09,365507
WTL,20220111,0.09,0.09,0.09,0.09,0
WTL,20220112,0.09,0.09,0.09,0.09,0
WTL,20220113,0.09,0.09,0.09,0.09,0
WTL,20220114,0.09,0.09,0.09,0.09,0
WTL,20220117,0.089,0.09,0.089,0.09,245987
WTL,20220118,0.09,0.09,0.09,0.09,0
WTL,20220119,0.09,0.09,0.09,0.09,0
WTL,20220120,0.09,0.09,0.09,0.09,0
WTL,20220121,0.081,0.081,0.08,0.08,66000
WTL,20220124,0.08,0.08,0.08,0.08,0
WTL,20220125,0.08,0.08,0.08,0.08,4000
WTL,20220127,0.08,0.08,0.08,0.08,0
WTL,20220128,0.08,0.08,0.08,0.08,0
WTL,20220131,0.08,0.08,0.08,0.08,0
WTL,20220201,0.085,0.085,0.085,0.085,3000
WTL,20220202,0.082,0.085,0.082,0.085,65100
WTL,20220203,0.085,0.085,0.085,0.085,0
WTL,20220204,0.085,0.085,0.085,0.085,0
WTL,20220207,0.085,0.085,0.085,0.085,0
WTL,20220208,0.085,0.085,0.085,0.085,0
WTL,20220209,0.084,0.085,0.084,0.085,125000
WTL,20220210,0.085,0.085,0.085,0.085,0
WTL,20220211,0.085,0.085,0.085,0.085,100000
WTL,20220214,0.08,0.08,0.08,0.08,6500
WTL,20220215,0.08,0.08,0.08,0.08,0
WTL,20220216,0.08,0.08,0.08,0.08,0
WTL,20220217,0.08,0.08,0.08,0.08,0
WTL,20220218,0.08,0.08,0.08,0.08,0
WTL,20220221,0.079,0.079,0.079,0.079,15000
WTL,20220222,0.079,0.079,0.079,0.079,0
WTL,20220223,0.079,0.079,0.079,0.079,0
WTL,20220224,0.075,0.075,0.072,0.072,90053
WTL,20220225,0.079,0.079,0.079,0.079,89500
WTL,20220228,0.079,0.079,0.079,0.079,0
WTL,20220301,0.08,0.08,0.08,0.08,6012
WTL,20220302,0.082,0.082,0.082,0.082,783
WTL,20220303,0.082,0.082,0.082,0.082,0
WTL,20220304,0.082,0.082,0.082,0.082,0
WTL,20220307,0.085,0.085,0.085,0.085,5000
WTL,20220308,0.084,0.084,0.084,0.084,60000
WTL,20220309,0.082,0.083,0.082,0.083,70000
WTL,20220310,0.084,0.088,0.084,0.088,141499
WTL,20220311,0.088,0.088,0.088,0.088,0
WTL,20220314,0.088,0.088,0.088,0.088,0
WTL,20220315,0.089,0.105,0.088,0.1,366866
WTL,20220316,0,0,0,0,0
WTL,20220317,0.1,0.1,0.1,0.1,55714
WTL,20220318,0.1,0.1,0.1,0.1,400000
WTL,20220321,0.1,0.102,0.1,0.1,156698
WTL,20220322,0.095,0.096,0.094,0.094,191850
WTL,20220323,0.094,0.094,0.094,0.094,5000
WTL,20220324,0.092,0.092,0.075,0.085,226941
WTL,20220325,0.087,0.087,0.087,0.087,9000
WTL,20220328,0.087,0.087,0.087,0.087,20000
WTL,20220329,0.087,0.087,0.087,0.087,0
WTL,20220330,0.089,0.089,0.089,0.089,22348
WTL,20220331,0.089,0.089,0.089,0.089,0
WTL,20220401,0.089,0.092,0.089,0.092,35000
WTL,20220404,0.09,0.093,0.09,0.093,81069
WTL,20220405,0.093,0.093,0.093,0.093,0
WTL,20220406,0.09,0.09,0.09,0.09,9645
WTL,20220407,0.09,0.093,0.09,0.093,243289
WTL,20220408,0.093,0.093,0.093,0.093,16075
WTL,20220411,0.09,0.09,0.09,0.09,5188
WTL,20220412,0.087,0.087,0.087,0.087,2000
WTL,20220413,0.085,0.085,0.081,0.083,384317
WTL,20220414,0.083,0.083,0.083,0.083,60000
WTL,20220419,0.083,0.083,0.083,0.083,0
WTL,20220420,0.081,0.081,0.081,0.081,359348
WTL,20220421,0.081,0.081,0.081,0.081,359348
WTL,20220422,0.084,0.084,0.084,0.084,52754
WTL,20220426,0.09,0.09,0.09,0.09,3833
WTL,20220427,0.09,0.09,0.09,0.09,0
WTL,20220428,0.09,0.09,0.09,0.09,0
WTL,20220429,0.093,0.095,0.093,0.095,50000
WTL,20220502,0.09,0.09,0.09,0.09,60000
WTL,20220503,0.09,0.09,0.09,0.09,257000
WTL,20220504,0.09,0.09,0.09,0.09,150000
WTL,20220505,0.09,0.09,0.09,0.09,50500
WTL,20220506,0.09,0.09,0.09,0.09,88000
WTL,20220509,0.09,0.09,0.09,0.09,10101
WTL,20220510,0.09,0.09,0.09,0.09,0
WTL,20220511,0.09,0.09,0.09,0.09,0
WTL,20220512,0.09,0.09,0.09,0.09,9899
WTL,20220513,0.09,0.09,0.09,0.09,90101
WTL,20220516,0.09,0.09,0.09,0.09,0
WTL,20220517,0.09,0.09,0.09,0.09,0
WTL,20220518,0.092,0.092,0.092,0.092,115000
WTL,20220519,0.092,0.094,0.092,0.094,5000
WTL,20220520,0.091,0.091,0.09,0.09,2910
WTL,20220523,0.09,0.09,0.09,0.09,13945
WTL,20220524,0.09,0.09,0.09,0.09,0
WTL,20220525,0.09,0.09,0.09,0.09,0
WTL,20220526,0.09,0.09,0.09,0.09,0
WTL,20220527,0.09,0.09,0.09,0.09,0
WTL,20220530,0.09,0.09,0.09,0.09,98
WTL,20220531,0.088,0.088,0.088,0.088,5902
WTL,20220601,0.088,0.088,0.088,0.088,0
WTL,20220602,0.088,0.088,0.088,0.088,0
WTL,20220603,0.082,0.082,0.082,0.082,4098
WTL,20220606,0.082,0.082,0.082,0.082,0
WTL,20220607,0.082,0.082,0.082,0.082,0
WTL,20220608,0.082,0.082,0.082,0.082,0
WTL,20220609,0.082,0.082,0.082,0.082,8097
WTL,20220610,0.082,0.082,0.082,0.082,0
WTL,20220614,0.082,0.082,0.082,0.082,0
WTL,20220615,0.082,0.082,0.082,0.082,0
WTL,20220616,0.077,0.077,0.077,0.077,20000
WTL,20220617,0.077,0.077,0.077,0.077,0
WTL,20220620,0.071,0.071,0.071,0.071,45000
WTL,20220621,0.071,0.072,0.071,0.072,171000
WTL,20220622,0.072,0.072,0.072,0.072,0
WTL,20220623,0.072,0.072,0.072,0.072,0
WTL,20220624,0.072,0.072,0.072,0.072,85000
WTL,20220627,0.072,0.072,0.072,0.072,0
WTL,20220628,0.072,0.072,0.072,0.072,80000
WTL,20220629,0.072,0.072,0.072,0.072,0
WTL,20220630,0.075,0.076,0.075,0.076,116217
WTL,20220701,0.076,0.076,0.076,0.076,0
WTL,20220704,0.076,0.076,0.076,0.076,4680
WTL,20220705,0.076,0.076,0.076,0.076,0
WTL,20220706,0.076,0.076,0.076,0.076,0
WTL,20220707,0.076,0.076,0.076,0.076,0
WTL,20220708,0.076,0.076,0.076,0.076,0
WTL,20220711,0.076,0.076,0.076,0.076,0
WTL,20220712,0.076,0.076,0.076,0.076,0
WTL,20220713,0.076,0.076,0.076,0.076,0
WTL,20220714,0.076,0.076,0.076,0.076,0
WTL,20220715,0.076,0.076,0.075,0.075,155103
WTL,20220718,0.075,0.075,0.075,0.075,0
WTL,20220719,0.075,0.075,0.075,0.075,0
WTL,20220720,0.075,0.075,0.075,0.075,50000
WTL,20220721,0.079,0.079,0.079,0.079,99703
WTL,20220722,0.08,0.08,0.08,0.08,153960
WTL,20220725,0.08,0.08,0.08,0.08,0
WTL,20220726,0.081,0.081,0.081,0.081,1
WTL,20220727,0.08,0.08,0.079,0.079,271
WTL,20220728,0.08,0.08,0.08,0.08,5000
WTL,20220729,0.08,0.08,0.08,0.08,0
WTL,20220801,0.08,0.08,0.08,0.08,63
WTL,20220802,0.08,0.08,0.08,0.08,0
WTL,20220803,0.08,0.08,0.08,0.08,0
WTL,20220805,0.078,0.079,0.075,0.075,4576
WTL,20220808,0.075,0.079,0.075,0.075,0
WTL,20220809,0.075,0.075,0.075,0.075,0
WTL,20220810,0.075,0.079,0.075,0.079,46500
WTL,20220811,0.079,0.079,0.075,0.079,0
WTL,20220812,0.079,0.079,0.079,0.079,43467
WTL,20220815,0.079,0.079,0.079,0.079,22500
WTL,20220816,0.079,0.09,0.079,0.09,943997
WTL,20220817,0.092,0.092,0.092,0.092,55000
WTL,20220818,0.092,0.092,0.092,0.092,210000
WTL,20220819,0.092,0.092,0.092,0.092,300000
WTL,20220822,0.095,0.105,0.095,0.1,135231
WTL,20220823,0.099,0.099,0.099,0.099,20000
WTL,20220824,0.099,0.099,0.099,0.099,0
WTL,20220825,0.099,0.099,0.099,0.099,0
WTL,20220826,0.095,0.099,0.095,0.099,184042
WTL,20220829,0.099,0.099,0.095,0.099,0
WTL,20220830,0.099,0.099,0.097,0.098,153143
WTL,20220831,0.098,0.098,0.098,0.098,100000
WTL,20220901,0.095,0.095,0.095,0.095,2000
WTL,20220902,0.095,0.095,0.095,0.095,0
WTL,20220905,0.095,0.095,0.095,0.095,50000
WTL,20220906,0.092,0.092,0.092,0.092,80000
WTL,20220907,0.092,0.092,0.092,0.092,0
WTL,20220909,0.092,0.092,0.092,0.092,0
WTL,20220912,0.092,0.092,0.092,0.092,0
WTL,20220913,0.092,0.092,0.09,0.09,5221
WTL,20220914,0.081,0.081,0.081,0.081,36232
WTL,20220915,0.082,0.082,0.082,0.082,5000
WTL,20220916,0.082,0.082,0.082,0.082,100000
WTL,20220919,0.082,0.082,0.082,0.082,0
WTL,20220920,0.084,0.084,0.084,0.084,73250
WTL,20220921,0.084,0.084,0.084,0.084,0
