XRO,20160212,13.2,13.22,12.5,12.95,68044
XRO,20160215,13.54,13.93,12.53,12.83,111364
XRO,20160216,13.1,13.38,13.02,13.29,38550
XRO,20160217,13.5,13.99,13.5,13.57,55505
XRO,20160218,13.95,14.18,13.9,13.9,27287
XRO,20160219,14.02,14.1,13.51,13.65,49126
XRO,20160222,13.9,13.93,13.6,13.76,39648
XRO,20160223,13.97,14.34,13.96,14.3,31312
XRO,20160224,14.19,14.3,13.75,13.87,50662
XRO,20160225,14.14,14.14,13.71,13.8,26979
XRO,20160226,14,14,13.83,13.9,19998
XRO,20160229,13.9,13.92,13.8,13.8,21986
XRO,20160301,13.8,14.12,13.67,13.67,21171
XRO,20160302,13.95,14.2,13.68,13.75,41304
XRO,20160303,13.81,14.04,13.7,13.75,104067
XRO,20160304,13.84,13.96,13.71,13.78,91197
XRO,20160307,13.88,13.89,13.73,13.83,78914
XRO,20160308,13.92,14.28,13.92,14.1,63060
XRO,20160309,14,14.3,14,14.1,47858
XRO,20160310,14.02,14.29,14,14.17,31523
XRO,20160311,14.24,14.3,14.03,14.12,163250
XRO,20160314,14.3,14.36,14.15,14.24,37494
XRO,20160315,14.35,14.35,14.16,14.25,17856
XRO,20160316,14.18,14.18,13.55,13.69,100958
XRO,20160317,13.81,13.99,13.56,13.85,25350
XRO,20160318,13.91,14.08,13.91,14,25289
XRO,20160321,14.05,14.06,13.8,13.8,16690
XRO,20160322,13.81,13.81,13.58,13.6,144829
XRO,20160323,13.85,13.85,13.4,13.41,31761
XRO,20160324,13.42,13.8,13.42,13.6,44571
XRO,20160329,13.7,13.7,13.32,13.35,48569
XRO,20160330,13.5,13.61,13.37,13.61,20716
XRO,20160331,13.8,13.98,13.8,13.95,15108
XRO,20160401,13.96,14.15,13.9,14.15,20772
XRO,20160404,14.5,15.42,14.33,15.06,52501
XRO,20160405,15.06,15.1,14.85,14.97,78284
XRO,20160406,14.95,14.98,14.7,14.84,18321
XRO,20160407,14.85,15.03,14.81,14.93,27070
XRO,20160408,14.92,15.05,14.67,14.94,24446
XRO,20160411,14.85,14.9,14.65,14.9,21524
XRO,20160412,14.9,15.6,14.69,15.34,35146
XRO,20160413,15.4,15.8,15.29,15.5,31794
XRO,20160414,15.6,15.79,15.2,15.7,22756
XRO,20160415,15.7,15.81,15.52,15.62,31346
XRO,20160418,15.7,16,15.7,16,33929
XRO,20160419,16,16,15.52,15.6,28889
XRO,20160420,15.65,16,15.21,15.72,38973
XRO,20160421,15.8,16,15.72,15.86,25272
XRO,20160422,15.8,15.8,15.4,15.4,44475
XRO,20160426,15.3,15.58,15,15,19846
XRO,20160427,15.09,15.09,14.72,14.8,29953
XRO,20160428,14.8,14.99,14.7,14.98,17919
XRO,20160429,14.98,15,14.85,15,20141
XRO,20160502,15,15,14.75,14.75,18856
XRO,20160503,14.94,14.96,14.73,14.8,18673
XRO,20160504,14.71,14.71,14.19,14.2,40649
XRO,20160505,14.17,14.21,14,14.05,35437
XRO,20160506,14.05,14.65,14.05,14.64,54058
XRO,20160509,14.62,14.62,14.37,14.45,35154
XRO,20160510,14.45,14.49,14.37,14.45,45065
XRO,20160511,14.5,14.64,14.4,14.49,17010
XRO,20160512,14.31,14.67,14.3,14.49,97620
XRO,20160513,14.94,15.95,14.9,15.7,117669
XRO,20160516,15.79,16.36,15.7,16.25,98918
XRO,20160517,16.46,16.75,16.46,16.63,265813
XRO,20160518,16.49,16.49,16,16.23,165226
XRO,20160519,16.23,16.45,15.62,15.67,105185
XRO,20160520,15.52,16.01,15.2,15.89,133435
XRO,20160523,15.97,15.97,15.37,15.64,51196
XRO,20160524,15.8,15.8,15.24,15.71,42998
XRO,20160525,15.88,16.19,15.77,15.86,67612
XRO,20160526,15.95,16,15.73,15.83,630064
XRO,20160527,16,16.35,16,16.31,59754
XRO,20160530,16.32,16.52,16.22,16.49,44567
XRO,20160531,16.47,16.72,16.47,16.65,21857
XRO,20160601,16.7,17.17,16.7,16.94,171698
XRO,20160602,17.11,17.69,17.11,17.52,46882
XRO,20160603,17.95,18,17.5,17.78,106142
XRO,20160606,17.78,17.78,17.35,17.6,29886
XRO,20160607,17.6,17.8,17.6,17.74,58730
XRO,20160608,18,18.2,17.83,17.95,111868
XRO,20160609,18.05,18.65,18.05,18.59,50936
XRO,20160610,18.67,18.8,18.5,18.69,42482
XRO,20160614,18.35,18.35,17.575,17.63,352964
XRO,20160615,17.62,18.15,17.4,17.62,33971
XRO,20160616,17.87,18.5,17.87,18.28,102305
XRO,20160617,18.2,18.46,18.01,18.15,30676
XRO,20160620,18.37,18.37,18.01,18.02,17759
XRO,20160621,18.15,18.15,17.83,17.85,18782
XRO,20160622,17.76,17.84,17.35,17.44,51730
XRO,20160623,17.75,17.84,17.41,17.69,31138
XRO,20160624,17.98,17.98,16.5,16.74,110429
XRO,20160627,16.7,17,16.45,16.83,134937
XRO,20160628,16.92,16.92,16.27,16.36,46816
XRO,20160629,16.8,17.15,16.8,17,180917
XRO,20160630,17.2,17.51,17.2,17.4,52659
XRO,20160701,17.49,17.49,17.01,17.11,53012
XRO,20160704,17.2,17.4,17.12,17.25,16232
XRO,20160705,17.25,17.52,17.15,17.34,29059
XRO,20160706,17.52,17.52,17,17,31464
XRO,20160707,17.1,17.1,16.8,16.9,15039
XRO,20160708,16.9,17.15,16.9,17.1,31348
XRO,20160711,17.14,17.45,17.1,17.34,39101
XRO,20160712,17.35,17.36,17.1,17.2,36916
XRO,20160713,17.25,17.36,17.03,17.36,21432
XRO,20160714,17.3,17.33,16.9,17,40075
XRO,20160715,17.1,17.34,16.8,16.92,24928
XRO,20160718,17,17.11,16.9,16.9,19143
XRO,20160719,17,17.19,16.9,17,22767
XRO,20160720,17.05,18.5,17.05,18.11,73880
XRO,20160721,18.16,18.4,18.15,18.29,32659
XRO,20160722,18.29,18.29,17.91,18.02,23899
XRO,20160725,18.1,18.74,18.1,18.74,107348
XRO,20160726,18.7,18.84,18.5,18.84,77047
XRO,20160727,18.81,18.81,18.63,18.72,25098
XRO,20160728,18.72,18.8,18.36,18.62,51151
XRO,20160729,18.65,18.87,18.58,18.73,37667
XRO,20160801,18.74,18.99,18.7,18.95,66017
XRO,20160802,18.95,18.97,18.7,18.76,22998
XRO,20160803,18.55,18.89,18.45,18.62,32079
XRO,20160804,18.66,18.8,18.61,18.74,45732
XRO,20160805,18.75,18.98,18.71,18.87,71052
XRO,20160808,18.98,19.2,18.97,19.08,64183
XRO,20160809,19.01,19.05,18.95,19.04,22608
XRO,20160810,18.94,19.04,18.7,19.04,25706
XRO,20160811,19.01,19.04,18.91,18.95,20437
XRO,20160812,19,19.04,18.76,18.89,32668
XRO,20160815,18.95,19.1,18.93,18.93,21818
XRO,20160816,18.95,19.08,18.51,18.64,48319
XRO,20160817,18.84,19.04,18.72,19.04,30746
XRO,20160818,18.75,19,18.75,18.99,27580
XRO,20160822,18.99,18.99,18.6,18.6,42897
XRO,20160823,18.74,19.05,18.72,19.02,44823
XRO,20160824,19.02,19.2,19,19.18,68882
XRO,20160825,19.18,19.23,18.99,19.11,31387
XRO,20160826,18.95,18.95,18.65,18.74,30215
XRO,20160829,18.76,18.97,18.5,18.88,41475
XRO,20160830,18.9,18.95,18.61,18.89,11002
XRO,20160831,18.93,19.09,18.93,19.08,39123
XRO,20160901,19,19.05,18.92,19.03,15074
XRO,20160902,19.05,19.16,19,19.07,25689
XRO,20160905,19.07,19.15,19,19.08,26626
XRO,20160906,19.1,19.49,19.06,19.36,57364
XRO,20160907,19.45,19.74,19.36,19.6,65739
XRO,20160908,19.6,19.61,19.22,19.34,65454
XRO,20160909,19.34,19.49,19.26,19.3,24205
XRO,20160912,19.2,19.25,18.12,18.65,69910
XRO,20160913,18.75,19,18.74,18.74,136225
XRO,20160914,18.74,18.74,18.64,18.65,71962
XRO,20160915,18.65,18.86,18.64,18.77,29539
XRO,20160916,18.95,19.5,18.95,19.33,58558
XRO,20160919,19.4,19.4,19.25,19.32,10583
XRO,20160920,19.32,19.44,19.32,19.4,37656
XRO,20160921,19.4,19.47,19.27,19.3,30775
XRO,20160922,19.3,19.49,19.15,19.16,35006
XRO,20160923,19.16,19.19,18.9,19.1,58774
XRO,20160926,19.15,19.15,18.7,18.89,36500
XRO,20160927,18.9,18.9,18.24,18.57,33995
XRO,20160928,18.58,18.6,18.25,18.58,30415
XRO,20160929,18.62,18.72,18.57,18.65,16600
XRO,20160930,18.72,18.72,18.5,18.5,129052
XRO,20161003,18.5,18.54,18.38,18.5,22310
XRO,20161004,18.5,18.9,18.46,18.64,37978
XRO,20161005,18.5,18.7,18.44,18.5,27288
XRO,20161006,18.5,18.6,18,18,41913
XRO,20161007,18,18.1,17.64,17.88,132750
XRO,20161010,17.8,17.8,17.5,17.56,43279
XRO,20161011,17.75,17.8,17.51,17.65,26771
XRO,20161012,17.6,17.6,17.11,17.3,54319
XRO,20161013,17.11,17.24,16.4,16.7,85881
XRO,20161014,16.6,17,16.54,16.65,59873
XRO,20161017,16.6,17,16.25,16.31,68575
XRO,20161018,16.65,16.87,16.6,16.8,26190
XRO,20161019,17,17.16,16.92,17.07,28876
XRO,20161020,17.02,17.18,16.81,16.92,33569
XRO,20161021,17,17.17,16.95,17,35866
XRO,20161024,17,17,16.89,16.95,19959
XRO,20161025,16.92,17.07,16.9,16.95,18343
XRO,20161026,17.01,17.01,16.6,16.65,21927
XRO,20161027,16.86,16.91,16.59,16.6,19745
XRO,20161028,16.65,16.8,16.6,16.71,15274
XRO,20161031,16.75,16.8,16.6,16.61,30931
XRO,20161101,16.64,16.64,16,16.12,58547
XRO,20161102,16.12,16.12,15.79,16.08,53120
XRO,20161103,16,16.71,16,16.4,54730
XRO,20161104,16.7,16.9,16.41,16.6,65021
XRO,20161107,16.73,16.99,16.57,16.89,26263
XRO,20161108,17.15,17.33,16.95,17.08,29713
XRO,20161109,17.25,17.44,16,16.59,87119
XRO,20161110,16.92,17.3,16.65,16.89,55645
XRO,20161111,16.8,16.8,16.63,16.66,39530
XRO,20161114,16.63,16.65,16.52,16.58,13360
XRO,20161115,16.6,16.64,16.3,16.47,35519
XRO,20161116,16.68,16.9,16.68,16.84,31661
XRO,20161117,16.92,17.4,16.92,17.14,32646
XRO,20161118,17.14,17.38,17.03,17.37,17665
XRO,20161121,17.36,17.89,17.2,17.61,57137
XRO,20161122,17.63,18.14,17.46,18,33970
XRO,20161123,18,18,17.8,17.85,17230
XRO,20161124,17.74,17.82,17.5,17.52,12689
XRO,20161125,17.5,17.5,17.1,17.24,30587
XRO,20161128,17.15,17.3,17.07,17.07,27026
XRO,20161129,17.02,17.02,16.58,16.61,31487
XRO,20161130,16.68,16.9,16.68,16.75,14067
XRO,20161201,17,17.29,16.98,17,24966
XRO,20161202,17,17,16.65,16.8,27621
XRO,20161205,16.71,16.85,16.39,16.85,20367
XRO,20161206,16.75,16.75,16.41,16.61,5396
XRO,20161207,16.47,16.8,16.47,16.71,22289
XRO,20161208,16.83,17,16.67,17,37799
XRO,20161209,16.84,16.98,16.64,16.9,37252
XRO,20161212,16.91,16.99,16.74,16.8,13899
XRO,20161213,16.8,16.92,16.65,16.7,30390
XRO,20161214,16.8,16.81,16.6,16.67,9458
XRO,20161215,16.71,16.75,16.42,16.42,12855
XRO,20161216,16.42,16.89,16.42,16.51,16485
XRO,20161219,16.76,16.78,16.6,16.7,17498
XRO,20161220,16.8,16.89,16.71,16.72,11989
XRO,20161221,16.71,16.79,16.5,16.55,21450
XRO,20161222,16.5,16.83,16.5,16.59,12511
XRO,20161223,16.75,16.89,16.75,16.89,8042
XRO,20161228,16.9,16.99,16.85,16.89,7330
XRO,20161229,16.92,16.96,16.81,16.96,6596
XRO,20161230,16.95,16.99,16.81,16.98,9252
XRO,20170103,16.85,16.98,16.82,16.85,14908
XRO,20170104,16.88,16.99,16.65,16.99,23202
XRO,20170105,16.99,17.24,16.99,17.23,22672
XRO,20170106,17.25,17.72,17.25,17.41,21963
XRO,20170109,17.44,17.8,17.44,17.68,29957
XRO,20170110,17.45,17.72,17.45,17.64,7957
XRO,20170111,17.64,17.67,16.98,17.35,21628
XRO,20170112,17.15,17.45,17,17.27,15135
XRO,20170113,17.31,17.65,17.25,17.52,35837
XRO,20170116,17.54,17.7,17.42,17.53,23952
XRO,20170117,17.66,17.66,17.45,17.54,17068
XRO,20170118,17.68,17.68,17.31,17.68,15749
XRO,20170119,17.68,17.79,17.41,17.79,20853
XRO,20170120,17.79,17.86,17.6,17.84,18841
XRO,20170123,17.84,17.89,17.62,17.68,28217
XRO,20170124,17.65,18,17.65,17.97,35225
XRO,20170125,18,18.23,17.97,18.19,29638
XRO,20170127,18.11,18.43,18.11,18.33,27122
XRO,20170130,18.27,18.34,18.12,18.22,21084
XRO,20170131,18.22,18.22,18,18.03,26522
XRO,20170201,18.09,18.48,18.09,18.4,34923
XRO,20170202,18.45,18.45,18.3,18.34,8637
XRO,20170203,18.3,18.34,18.12,18.34,22718
XRO,20170206,18.25,18.34,17.88,18.06,26176
XRO,20170207,18.06,18.35,17.96,18.3,46294
XRO,20170208,18.22,18.3,17.95,17.97,11951
XRO,20170209,18.1,18.17,18,18.04,27064
XRO,20170210,18.03,18.17,17.85,17.9,18794
XRO,20170213,17.89,17.89,17.81,17.84,9336
XRO,20170214,17.86,17.9,17.72,17.82,19656
XRO,20170215,17.8,17.88,17.76,17.8,7121
XRO,20170216,17.8,17.88,17.72,17.88,13604
XRO,20170217,17.88,17.93,17.65,17.87,22022
XRO,20170220,17.85,17.85,17.65,17.68,6844
XRO,20170221,17.74,17.74,17.45,17.62,19398
XRO,20170222,17.62,17.62,17.3,17.3,26575
XRO,20170223,17.4,17.8,17.34,17.71,61525
XRO,20170224,17.75,17.8,17.35,17.42,18148
XRO,20170227,17.44,17.65,17.43,17.44,4296
XRO,20170228,17.44,17.54,17.25,17.54,34514
XRO,20170301,17.5,17.55,16.83,16.9,32288
XRO,20170302,17.01,17.49,17,17.2,29915
XRO,20170303,17.36,17.4,17.2,17.35,13306
XRO,20170306,17.35,17.35,17.15,17.3,7415
XRO,20170307,17.25,17.32,17.01,17.14,17878
XRO,20170308,17.07,17.1,16.95,17,13504
XRO,20170309,17.07,17.15,16.9,17.05,13101
XRO,20170310,17.1,17.18,16.95,17.18,14136
XRO,20170313,17.2,17.2,17,17,6547
XRO,20170314,17.14,17.34,17.1,17.22,10297
XRO,20170315,17.35,17.65,17.35,17.52,30871
XRO,20170316,17.53,17.87,17.53,17.74,19857
XRO,20170317,17.75,18,17.75,17.75,15538
XRO,20170320,17.88,17.88,17.63,17.75,10315
XRO,20170321,17.88,18.09,17.64,17.64,29754
XRO,20170322,17.85,17.98,17.6,17.7,51172
XRO,20170323,17.7,17.7,17.21,17.5,18443
XRO,20170324,17.49,17.49,17.23,17.31,16075
XRO,20170327,17.38,17.5,17.3,17.3,13805
XRO,20170328,17.31,17.4,17.15,17.33,19455
XRO,20170329,17.33,17.33,17.05,17.2,18477
XRO,20170330,17.42,17.8,17.37,17.77,43882
XRO,20170331,17.41,18.2,17.41,18.1,120215
XRO,20170403,18.1,18.17,18,18.11,19717
XRO,20170404,18.17,18.5,18.15,18.47,32669
XRO,20170405,18.45,18.45,18.28,18.42,43993
XRO,20170406,18.42,18.42,18.07,18.39,19220
XRO,20170407,18.25,18.38,18,18.29,50171
XRO,20170410,18.2,18.35,18.2,18.3,9482
XRO,20170411,18.3,18.33,18.06,18.33,25695
XRO,20170412,18.32,18.55,18.18,18.53,27166
XRO,20170413,18.57,19,18.41,18.66,80727
XRO,20170418,18.8,18.95,18.75,18.95,26557
XRO,20170419,19,19.32,18.95,19.23,62833
XRO,20170420,19.26,19.48,19.17,19.3,54609
XRO,20170421,19.29,19.31,19,19.15,26192
XRO,20170424,19.17,19.21,18.9,19.1,15848
XRO,20170426,19.1,19.28,18.99,19.22,49334
XRO,20170427,19.2,19.8,19.13,19.58,78220
XRO,20170428,19.62,20.08,19.59,20,47934
XRO,20170501,20,20.14,19.84,19.9,82603
XRO,20170502,19.99,20.01,19.55,19.76,59817
XRO,20170503,19.94,20.015,19.83,19.91,73170
XRO,20170504,19.94,20.04,19.38,19.49,35055
XRO,20170505,19.5,19.68,19.44,19.49,28161
XRO,20170508,19.57,20,19.57,20,32094
XRO,20170509,20.04,20.3,19.97,20.29,43217
XRO,20170510,20.32,20.69,20.32,20.57,29099
XRO,20170511,21.1,22,20.89,21.8,400546
XRO,20170512,21.59,21.7,21.405,21.62,155348
XRO,20170515,21.8,22.5,21.35,22.08,337225
XRO,20170516,22.15,22.85,22.15,22.35,172947
XRO,20170517,22.35,22.37,22.1,22.26,104819
XRO,20170518,21.8,21.9,21.5,21.55,85035
XRO,20170519,21.65,21.99,21.65,21.74,92773
XRO,20170522,21.93,22.15,21.93,22.12,34873
XRO,20170523,22.3,22.73,22.3,22.6,74741
XRO,20170524,22.76,22.93,22.71,22.76,38513
XRO,20170525,22.85,23,22.81,22.81,115110
XRO,20170526,22.9,23.12,22.89,23.03,95269
XRO,20170529,23.06,23.39,23,23.17,164694
XRO,20170530,23.19,23.21,22.91,22.99,119145
XRO,20170531,23.35,24.24,23.23,23.92,143648
XRO,20170601,23.86,24.11,23.78,24.09,49139
XRO,20170602,24.29,24.82,24.04,24.7,143466
XRO,20170605,24.95,25.62,24.85,25.19,145622
XRO,20170606,25.19,25.19,24.43,24.69,85290
XRO,20170607,25,25.15,24.75,25.06,119077
XRO,20170608,25.07,25.07,24.11,24.45,64429
XRO,20170609,24.05,24.05,23.7,23.85,85456
XRO,20170613,23.5,23.5,22.9,23,127187
XRO,20170614,23.23,23.85,23,23.63,73941
XRO,20170615,23.59,23.72,23.34,23.53,22846
XRO,20170616,23.5,23.78,23.32,23.7,22005
XRO,20170619,23.5,24.13,23.5,23.98,43263
XRO,20170620,24.1,24.89,24.1,24.86,113849
XRO,20170621,24.72,24.8,23.94,24.02,37597
XRO,20170622,24.5,25.14,24.15,24.95,43730
XRO,20170623,25.03,25.25,24.9,25,27543
XRO,20170626,25,25.1,24.86,24.89,16687
XRO,20170627,24.86,24.95,24.51,24.65,34486
XRO,20170628,24.5,24.81,24.5,24.64,14970
XRO,20170629,24.86,24.9,24.5,24.65,24934
XRO,20170630,24.45,24.45,23.76,24.19,44545
XRO,20170703,24.64,24.64,24,24,30008
XRO,20170704,23.97,24.28,23.75,24.2,25410
XRO,20170705,24.25,24.52,24.1,24.48,22882
XRO,20170706,24.89,24.98,24.31,24.57,26567
XRO,20170707,24.51,24.56,24.01,24.34,29582
XRO,20170710,24.4,24.86,24.35,24.61,18754
XRO,20170711,24.63,24.7,24.44,24.44,12432
XRO,20170712,24.48,24.61,24.25,24.46,27680
XRO,20170713,24.61,24.89,24.3,24.54,32603
XRO,20170714,24.53,24.53,24.2,24.3,41732
XRO,20170717,24.49,24.52,24.2,24.22,23891
XRO,20170718,24.2,24.26,24,24.03,163247
XRO,20170719,24,24.26,23.85,24.05,50788
XRO,20170720,24,24,23.76,23.96,32198
XRO,20170721,23.8,24.5,23.52,24.22,70776
XRO,20170724,24.52,24.52,23.56,23.8,24789
XRO,20170725,23.6,24.4,23.6,24.18,20760
XRO,20170726,24.25,24.41,24,24.25,27872
XRO,20170727,24.4,24.5,24.36,24.45,32782
XRO,20170728,24.5,24.56,24.4,24.54,21625
XRO,20170731,24.56,24.96,24.51,24.87,84827
XRO,20170801,24.81,25.49,24.81,25.15,100257
XRO,20170802,25.25,26.1,25.25,25.8,67288
XRO,20170803,25.97,26.4,25.85,26,51602
XRO,20170804,25.9,25.99,25.6,25.69,37691
XRO,20170807,25.69,25.69,25.09,25.21,28575
XRO,20170808,25.12,25.15,24.87,25.1,30368
XRO,20170809,24.86,24.98,24.82,24.89,34186
XRO,20170810,24.8,25,24.4,24.5,21976
XRO,20170811,24.38,24.45,24.2,24.29,47431
XRO,20170815,24.81,25.26,24.78,25.12,58840
XRO,20170816,25.06,25.44,24.86,25.2,27118
XRO,20170817,25,25.02,24.61,24.76,28801
XRO,20170818,24.8,24.8,24.6,24.74,10622
XRO,20170821,24.71,24.71,24.53,24.69,22704
XRO,20170822,24.65,24.85,24.6,24.8,60889
XRO,20170823,24.75,24.77,24.6,24.7,23953
XRO,20170824,24.6,24.74,24.43,24.65,33026
XRO,20170825,24.55,24.55,24.4,24.51,34231
XRO,20170828,24.4,24.4,24.1,24.35,28274
XRO,20170829,24.2,24.21,24.03,24.11,366524
XRO,20170830,24.11,24.13,23.73,23.79,71861
XRO,20170831,24.02,24.15,23.82,23.82,41467
XRO,20170901,23.92,23.96,23.25,23.6,91286
XRO,20170904,23.64,23.77,23.5,23.52,34230
XRO,20170905,23.46,23.71,23.46,23.65,44543
XRO,20170906,23.64,24,23.64,23.85,47127
XRO,20170907,23.85,23.96,23.75,23.81,97842
XRO,20170908,23.81,23.87,23.79,23.83,63574
XRO,20170911,23.92,24.42,23.73,24.3,62951
XRO,20170912,24.36,24.97,24.29,24.63,31025
XRO,20170913,24.61,24.92,24.54,24.79,40844
XRO,20170914,24.97,25.66,24.86,25.41,56635
XRO,20170915,25.51,25.57,25.41,25.54,364704
XRO,20170918,25.69,26.8,25.69,26.24,142368
XRO,20170919,26.29,26.43,26.17,26.4,88368
XRO,20170920,26.3,26.4,26.06,26.38,31449
XRO,20170921,26.37,26.44,26.01,26.01,73777
XRO,20170922,25.95,26.24,25.83,26.04,48784
XRO,20170925,26,26.02,25.72,25.96,30177
XRO,20170926,25.95,26.48,25.93,26.25,52670
XRO,20170927,26.07,26.69,26.07,26.69,60616
XRO,20170928,26.75,28.45,26.75,28.22,227752
XRO,20170929,28.4,28.89,28.37,28.39,53603
XRO,20171002,28.2,28.23,27.87,28.05,30416
XRO,20171003,28.12,28.47,28.12,28.36,56838
XRO,20171004,28.32,28.41,28.23,28.26,60305
XRO,20171005,28.52,29.8,28.52,29.41,55843
XRO,20171006,29.15,29.5,28.56,29.2,69530
XRO,20171009,29.19,29.365,29,29.26,69981
XRO,20171010,29.51,30,29.51,29.95,96684
XRO,20171011,30.11,30.97,30.01,30.27,89975
XRO,20171012,30.61,31.17,30.6,31,74931
XRO,20171013,31.49,31.98,31.49,31.82,96892
XRO,20171016,32.01,32.47,31.96,32.18,137636
XRO,20171017,32.13,32.14,30.61,30.84,182080
XRO,20171018,30.3,30.99,29.59,30.8,164239
XRO,20171019,30.5,31.145,30.25,30.46,63355
XRO,20171020,30.15,30.3,29.97,30.08,55788
XRO,20171023,30.07,30.365,29.8,29.93,52193
XRO,20171024,29.93,30.05,29.51,29.65,49370
XRO,20171025,29.8,30.2,29.8,29.85,69793
XRO,20171026,29.98,30.155,29.66,30.11,66945
XRO,20171027,30.13,30.44,30.015,30.23,75941
XRO,20171030,30.4,30.7,30.27,30.29,47782
XRO,20171031,30.5,31.07,30.4,30.9,66321
XRO,20171101,31.3,31.37,30.41,30.58,72497
XRO,20171102,30.96,30.96,30.39,30.61,50270
XRO,20171103,30.7,31.4,30.7,31.11,49359
XRO,20171106,31.3,31.72,30.51,30.95,71899
XRO,20171107,31.39,31.48,31.23,31.36,45922
XRO,20171108,31.47,31.66,30.61,30.96,68963
XRO,20171109,29.67,30.8,28.85,30.59,272860
XRO,20171110,29.67,30.8,28.85,30.59,272860
XRO,20171113,28.59,28.6,27.6,27.65,257477
XRO,20171114,27.01,28.53,27,28.53,165531
XRO,20171115,28.81,30,28.81,30,194489
XRO,20171116,30.02,30.3,29.49,29.88,105065
XRO,20171117,29,30.04,28.94,30,1811677
XRO,20171120,30,30.6,29.97,30.37,122676
XRO,20171121,30.51,30.51,30.08,30.24,75454
XRO,20171122,30.23,30.28,29.27,30.14,150181
XRO,20171123,30,30.27,29.64,29.93,80896
XRO,20171124,30,30.2,29.66,29.79,107574
XRO,20171127,29.82,29.93,29.59,29.76,58403
XRO,20171128,29.8,29.8,29.21,29.48,109316
XRO,20171129,29.35,29.35,28.5,28.53,76622
XRO,20171130,28.51,28.53,27.67,28.25,88336
XRO,20171201,28.5,28.93,28.5,28.8,63889
XRO,20171204,28.85,28.88,28.4,28.72,38535
XRO,20171205,28.7,28.7,27.58,27.7,121203
XRO,20171206,27.7,27.7,27.11,27.35,171386
XRO,20171207,27.3,27.64,27.25,27.27,156697
XRO,20171208,27.27,28.3,27.27,27.49,76126
XRO,20171211,27.55,28.29,27.55,28,83160
XRO,20171212,27.98,28.04,27.43,27.55,62467
XRO,20171213,27.45,27.45,26.84,27.04,185125
XRO,20171214,27.15,27.29,26.9,27.02,241041
XRO,20171215,26.98,27.08,25.825,26.07,188680
XRO,20171218,26.44,27.49,26.2,27.17,465471
XRO,20171219,27.35,28.3,27.2,28.12,345199
XRO,20171220,28.21,28.35,27.75,28.23,142285
XRO,20171221,28.49,29.24,28.46,29.12,179585
XRO,20171222,29.1,29.1,28.53,28.9,54975
XRO,20171227,28.92,28.92,28.25,28.5,76974
XRO,20171228,28.6,28.665,27.94,27.94,34361
XRO,20171229,28.19,28.83,28.01,28.66,68400
XRO,20180102,28.72,28.85,28.18,28.35,22728
XRO,20180103,28.85,28.85,28.25,28.7,133086
XRO,20180104,28.72,28.72,28.26,28.55,147271
XRO,20180105,28.65,29.05,28.53,28.9,145177
XRO,20180108,29.07,29.64,29.07,29.48,198755
XRO,20180109,29.5,29.63,29.35,29.5,115932
XRO,20180110,29.42,29.88,29.34,29.8,143977
XRO,20180111,29.6,29.96,29.4,29.76,172031
XRO,20180112,29.94,30.165,29.83,29.91,98503
XRO,20180115,30.1,30.14,29.81,29.96,143356
XRO,20180116,30.1,31.13,30.07,30.69,251084
XRO,20180117,30.7,30.7,30.3,30.53,183933
XRO,20180118,30.65,30.68,30.31,30.6,147001
XRO,20180119,30.45,30.45,29.81,29.95,166207
XRO,20180122,29.9,30.13,29.8,30.01,111203
XRO,20180123,30.1,30.59,29.95,30.1,166075
XRO,20180124,30.22,30.89,30.17,30.75,129351
XRO,20180125,30.75,31.8,30.75,31.7,233647
XRO,20180129,31.82,31.84,31.17,31.26,393369
XRO,20180130,31.2,31.2,30.33,30.33,111916
XRO,20180131,30.01,31.48,29.36,31.47,558203
XRO,20180201,31.84,35.35,31.82,34.79,515561
XRO,20180202,34.74,35.49,33.35,33.49,251835
XRO,20180205,32.55,32.86,31.26,31.55,254618
XRO,20180207,32.64,32.9,31.86,32.59,336751
XRO,20180208,32.7,32.7,31.65,32,236548
XRO,20180209,30.95,32.22,30.89,31.77,435283
XRO,20180212,31.76,31.99,31,31.08,536912
XRO,20180213,31.14,31.94,31,31.55,296980
XRO,20180214,31.4,31.4,30.6,30.92,717174
XRO,20180215,31.23,31.94,30.8,31.76,629842
XRO,20180216,32,32.95,31.85,32.1,370531
XRO,20180219,32.55,32.55,31.38,32,198235
XRO,20180220,32,32,31.45,31.45,111091
XRO,20180221,31.6,31.85,31.14,31.6,402844
XRO,20180222,31.48,31.99,31.29,31.6,391194
XRO,20180223,31.96,31.96,31.25,31.56,151130
XRO,20180226,32,32.09,31.48,31.66,144447
XRO,20180227,32.18,32.18,31.05,31.33,203252
XRO,20180228,31.24,31.98,30.6,31.76,191545
XRO,20180301,31.98,32.62,31.87,32.23,254162
XRO,20180302,32.24,33,32.15,32.88,308630
XRO,20180305,32.43,32.43,30.77,30.85,589179
XRO,20180306,31.4,32.08,31.16,31.77,413512
XRO,20180307,31.96,32.12,31.68,31.79,326699
XRO,20180308,31.65,32.67,31.65,32.23,333494
XRO,20180309,32.56,32.735,31.55,31.84,541936
XRO,20180312,32.42,33.48,31.83,32.97,1054928
XRO,20180313,33,34.66,32.99,34,1332400
XRO,20180314,33.7,35.4,33.64,34.87,989901
XRO,20180315,34,34.9,33.6,34.4,1163708
XRO,20180316,34.15,34.9,33.77,34.21,8302909
XRO,20180319,34.5,34.64,34.07,34.5,632706
XRO,20180320,34.38,35.5,33.83,35.25,1287871
XRO,20180321,35.25,35.34,34.63,34.84,355663
XRO,20180322,34.48,35.3,34.07,35,334224
XRO,20180323,34.42,35,34.07,34.83,382711
XRO,20180326,34.5,34.64,33.82,34.6,454717
XRO,20180327,34.83,36,34.8,35.1,486431
XRO,20180328,34.75,34.75,33.54,34.44,500602
XRO,20180329,34.44,34.8,33.01,33.44,692011
XRO,20180403,32.91,33.66,32.56,32.8,631474
XRO,20180404,33.3,34.34,32.82,33.68,525644
XRO,20180405,33.99,34.39,33.59,33.73,267262
XRO,20180406,33.8,34.48,33.27,34.08,163003
XRO,20180409,33.86,33.99,33.39,33.85,341905
XRO,20180410,34.15,35.95,34.15,35.01,693393
XRO,20180411,35.01,35.5,34.62,34.91,314240
XRO,20180412,34.8,35.69,34.2,34.93,710186
XRO,20180413,34.8,35.35,34.63,34.96,216926
XRO,20180416,35.85,35.88,35.13,35.5,257987
XRO,20180417,35.68,36.04,35.42,35.46,319692
XRO,20180418,35.49,37,35.46,36,568106
XRO,20180419,36.35,37.55,35.83,37.04,622533
XRO,20180420,37,37.5,36.68,37.31,461294
XRO,20180423,37.5,37.5,36.63,37.22,235468
XRO,20180424,37.39,37.92,37.2,37.47,345880
XRO,20180426,37.64,38,37.52,37.85,377008
XRO,20180427,37.85,38.49,37.85,38.1,439780
XRO,20180430,38.5,38.64,37.77,38.03,543852
XRO,20180501,37.9,38.35,37.68,38.21,293410
XRO,20180502,38.75,40.08,38.5,39.5,626024
XRO,20180503,39.86,40.5,38.87,39.02,1260457
XRO,20180504,39.6,40.6,39.6,40.05,414294
XRO,20180507,40.22,41.29,40.22,41.09,475899
XRO,20180508,41,41,39.36,39.91,488885
XRO,20180509,40.52,41.37,40.52,41.28,678543
XRO,20180510,41.49,42.2,39.89,39.89,1522800
XRO,20180511,39.7,40.69,39.7,40,627931
XRO,20180514,40,40.44,39.7,40.07,343848
XRO,20180515,38.54,40.21,37.75,39.99,750359
XRO,20180516,40.18,40.36,39.72,39.79,374446
XRO,20180517,40,40.17,39.28,39.49,291864
XRO,20180518,39.11,39.65,39.09,39.46,258995
XRO,20180521,39.29,40,38.81,39.86,189281
XRO,20180522,39.5,40.06,39.08,39.24,305191
XRO,20180523,39,39.11,38.07,38.37,258792
XRO,20180524,38.02,39.26,38,39.11,306712
XRO,20180525,38.94,39.605,38.74,39.5,273186
XRO,20180528,39.7,40.4,39.56,40.32,569093
XRO,20180529,40.1,40.22,38.92,39.31,415767
XRO,20180530,39,40.23,39,40.2,340738
XRO,20180531,40.45,40.98,40.17,40.97,476819
XRO,20180601,40.97,41.18,40.44,40.86,289405
XRO,20180604,41.1,41.45,40.98,41.12,161299
XRO,20180605,41.15,42.61,41.15,42.3,460693
XRO,20180606,42.71,44.2,42.71,43.61,650115
XRO,20180607,43.77,44.75,43.77,44.01,542506
XRO,20180608,44.05,44.13,43.52,43.95,237263
XRO,20180612,44.36,45.64,44.36,44.98,852780
XRO,20180613,44.9,45.32,44.52,44.77,273951
XRO,20180614,45,45.95,44.85,45,336864
XRO,20180615,45.68,46.005,45.39,45.78,417718
XRO,20180618,45.9,46.41,45.33,45.54,413772
XRO,20180619,46.05,46.5,45.24,45.36,2045962
XRO,20180620,45.92,46.25,45.39,45.72,378498
XRO,20180621,47.25,47.81,46.63,47.44,582025
XRO,20180622,46.86,47.09,45.65,46.17,408958
XRO,20180625,46.65,47.17,45.68,46.04,262091
XRO,20180626,45.01,45.79,44.89,45.1,339206
XRO,20180627,44.94,46.405,44.94,46.1,339179
XRO,20180628,46.57,46.6,45.21,45.29,263570
XRO,20180629,45.4,45.66,44.95,45.01,581816
XRO,20180702,45.81,46.35,45.63,45.86,306273
XRO,20180703,46.3,47.12,45.85,46,495551
XRO,20180704,45.67,46,44.87,45.35,279016
XRO,20180705,45.34,45.56,44.88,45,201991
XRO,20180706,45.01,45.21,44.38,45.01,250511
XRO,20180710,45.44,46.4,45.08,45.2,319632
XRO,20180711,45,45.33,44.36,44.42,307383
XRO,20180712,44.6,46.27,44.6,45.8,1797107
XRO,20180713,46,46.87,45.78,46.29,367086
XRO,20180716,46.48,46.86,46.03,46.09,318565
XRO,20180717,45.99,46.41,45.21,45.35,160521
XRO,20180718,46.29,46.62,45.12,45.45,565410
XRO,20180719,45.35,45.56,44.98,45.3,307757
XRO,20180720,45.62,46.19,45.28,45.99,463455
XRO,20180723,45.9,45.97,45.38,45.5,293191
XRO,20180724,45.4,45.6,44.76,44.98,277286
XRO,20180725,45.01,45.1,44.25,44.83,269619
XRO,20180726,44.79,44.79,44,44.02,242295
XRO,20180727,44.04,45.05,44.04,44.86,275756
XRO,20180730,44.88,45.1,43.72,43.93,1089907
XRO,20180731,43.33,43.33,42.58,42.8,510602
XRO,20180801,42.3,44.77,42.29,44.14,579453
XRO,20180802,44.1,44.1,43,43,598846
XRO,20180803,43.86,45.73,43.86,44.72,749899
XRO,20180806,44.8,45.21,42.74,43.59,560320
XRO,20180807,43.71,45.01,43.58,44.77,394470
XRO,20180808,44.46,44.94,44.3,44.4,360108
XRO,20180809,44.46,44.63,43.95,44.5,400516
XRO,20180810,44.5,45,44.5,44.73,721447
XRO,20180813,44.62,46.26,44.52,45.73,556154
XRO,20180814,45.75,46.98,45.73,46.25,505987
XRO,20180816,47.21,47.91,46.72,47.51,413688
XRO,20180817,47.5,47.72,46.92,47.35,369021
XRO,20180820,47.35,47.82,46.87,47.47,327744
XRO,20180821,47.87,49.73,47.7,49.01,532660
XRO,20180822,49.2,50,48.9,49.02,577414
XRO,20180823,49.5,50.25,49.26,49.99,3988400
XRO,20180824,50,50.35,49.37,49.79,377693
XRO,20180827,50,51.11,49.93,50.99,549460
XRO,20180828,51.04,51.1,50.31,50.83,337026
XRO,20180829,50.9,51.695,50.47,50.67,468472
XRO,20180830,50.67,52.57,50.59,52.34,928266
XRO,20180831,52.34,52.34,51.01,51.07,434529
XRO,20180903,51.5,52.1,50.81,51.1,333335
XRO,20180904,51.1,51.17,49.755,49.92,352438
XRO,20180905,49.2,49.9,48.58,48.75,382454
XRO,20180906,47.81,47.81,45.43,45.97,1070033
XRO,20180907,45.7,46.27,44.78,46.27,767770
XRO,20180910,47.3,48.63,47,47.76,481628
XRO,20180913,47.32,47.88,46.97,47.17,360695
XRO,20180914,48.16,48.41,47.77,48.21,642177
XRO,20180917,48.12,48.85,47.75,48.8,868088
XRO,20180918,48.21,48.5,47.46,47.86,275359
XRO,20180919,47.7,48.57,47.39,48.26,269055
XRO,20180920,47.46,48.19,46.9,47.61,330499
XRO,20180921,48.5,50.09,48.05,50,1207995
XRO,20180924,50.49,50.98,49.63,49.97,3932056
XRO,20180925,49.8,49.97,48.77,49.03,598245
XRO,20180926,49,50.67,48.24,49.69,475642
XRO,20180927,48.7,49.29,47.7,49.21,3187073
XRO,20180928,48.49,49.64,48.21,49,897475
XRO,20181001,49.22,50.765,49.11,50.61,466348
XRO,20181002,50.15,50.6,49.56,49.96,405714
XRO,20181003,50,50.28,49.28,49.55,845230
XRO,20181004,49.6,49.69,48.745,49,629146
XRO,20181005,48.46,48.71,47.88,48.49,335927
XRO,20181008,48,49.03,47.72,48.84,341088
XRO,20181009,48.39,48.39,45.89,46.43,701590
XRO,20181010,46.2,46.2,45.2,45.36,514090
XRO,20181011,43.89,43.89,42.18,42.52,1265758
XRO,20181012,42.04,44.16,41.83,43.29,725841
XRO,20181015,43,43,41.75,42.34,470505
XRO,20181016,41.54,42.19,41.49,41.82,500134
XRO,20181017,42.7,44.67,42.7,44.18,601834
XRO,20181018,44.45,44.49,43.63,43.83,381620
XRO,20181019,43.02,43.2,42.44,42.75,326848
XRO,20181022,42.2,42.45,41.67,42.05,421830
XRO,20181023,42.74,42.805,41.7,41.8,331232
XRO,20181024,41.99,42.03,40.79,40.81,382608
XRO,20181025,37.08,40.21,37.08,39.08,1060951
XRO,20181026,40.37,41.03,38.61,38.84,748063
XRO,20181030,38.18,40.35,38.18,40.23,600276
XRO,20181031,40.9,40.9,39.07,39.78,653849
XRO,20181101,40.18,41.34,40.08,41.3,661896
XRO,20181102,41.03,41.56,40.56,40.98,423394
XRO,20181105,41.43,42.32,40.85,41.11,626249
XRO,20181106,41.38,41.64,40.74,41.52,276615
XRO,20181107,42,43.28,41.26,42.97,424097
XRO,20181108,44.96,46,42.9,43.75,503523
XRO,20181109,44.36,44.36,41.79,42.1,720899
XRO,20181112,41.49,41.7,39.4,40.61,539270
XRO,20181113,39.5,40.53,38.5,40.05,682571
XRO,20181114,40.46,40.6,39.69,39.91,428749
XRO,20181115,40.06,40.94,40,40.65,544771
XRO,20181116,40.79,42.25,40.67,41.98,441959
XRO,20181119,41.01,41.09,39.48,39.77,510797
XRO,20181120,38.77,38.84,37.54,37.62,683221
XRO,20181121,38.5,38.53,36.48,36.67,713909
XRO,20181122,36.89,37.58,36.89,37.39,630996
XRO,20181123,37.5,37.7,36.88,37.29,228520
XRO,20181126,37,37.62,36.1,37.14,357629
XRO,20181127,37.99,38.12,37.23,37.5,468033
XRO,20181128,37.99,39.46,37.22,39.36,888302
XRO,20181129,39.82,40.86,39.63,40.56,532294
XRO,20181130,40.43,40.64,39.32,39.88,504530
XRO,20181203,40.41,41.6,40.35,40.92,570113
XRO,20181204,41.09,41.27,40.62,40.64,387331
XRO,20181205,39.14,39.66,38.81,39.43,379881
XRO,20181206,39.37,39.53,38.01,38.94,291284
XRO,20181207,39.21,39.46,38.67,38.76,293128
XRO,20181210,38.09,38.5,37.05,37.2,718820
XRO,20181211,37.97,38.42,37.515,37.55,409943
XRO,20181212,38.04,39.5,37.87,39.3,495427
XRO,20181213,39.4,40.49,39.33,39.95,271767
XRO,20181214,39.61,39.97,38.98,39.16,304102
XRO,20181217,37.26,40.06,37.26,39.96,322391
XRO,20181218,39.41,39.76,38.59,39.03,409568
XRO,20181219,38.7,39.37,38.55,39.1,383975
XRO,20181220,39.14,39.76,38.48,38.53,495160
XRO,20181221,38.38,39.53,38.08,39.42,768534
XRO,20181224,38.32,41,38.08,40.72,339728
XRO,20181227,41.31,41.8,40.62,41.75,494558
XRO,20181228,42.28,42.35,41.53,41.9,205238
XRO,20181231,41.21,42.3,41.21,42.02,188160
XRO,20190102,41.95,43.12,41.73,41.95,273508
XRO,20190103,41.79,42.985,41.79,42.09,517029
XRO,20190104,42,42,40.03,40.9,347655
XRO,20190107,41.47,42.24,41.29,41.91,284160
XRO,20190108,42.25,43.6,42.1,43.52,337228
XRO,20190109,44.05,44.66,43.43,43.5,410178
XRO,20190110,43.57,43.69,42.42,43,239805
XRO,20190111,42.96,43.38,42.37,42.66,445885
XRO,20190114,42.38,42.68,41.59,42,246517
XRO,20190115,41.57,42.48,41.55,42.35,223961
XRO,20190116,42.51,43.56,42.51,42.95,644910
XRO,20190117,43.46,43.65,42.32,42.45,264996
XRO,20190118,42.82,42.82,41.72,42.13,251445
XRO,20190121,42.35,42.81,42.14,42.24,168319
XRO,20190122,42.48,42.85,42.06,42.59,171796
XRO,20190123,42,43.42,41.72,42.2,242072
XRO,20190124,42.03,42.4,41.62,42.01,267369
XRO,20190125,42.01,42.51,41.98,42.3,288410
XRO,20190129,41.97,42.2,41.7,41.82,273672
XRO,20190130,41.67,41.79,39.86,40.02,323500
XRO,20190131,42.02,43.6,41.45,43.53,837115
XRO,20190201,43.49,43.85,42.85,43.3,391157
XRO,20190204,42.9,42.9,42.06,42.16,138975
XRO,20190205,42.21,44.1,42.21,43.79,387916
XRO,20190206,44.53,45.7,44.3,45,605306
XRO,20190207,46,47.24,45.12,46.22,640654
XRO,20190208,46.2,46.24,45.33,45.9,309028
XRO,20190211,46.2,46.5,45.42,45.98,359004
XRO,20190212,46,47.02,45.4,46.75,519041
XRO,20190213,47.3,47.86,47.02,47.73,447736
XRO,20190214,48.08,48.72,47.96,48.6,503941
XRO,20190215,48.5,48.99,48.09,48.31,346154
XRO,20190218,48.99,49,48.07,48.67,298546
XRO,20190219,48.8,49.38,48.05,48.33,251055
XRO,20190220,48.99,49.27,48.13,48.29,200791
XRO,20190221,48,48.2,47.44,47.82,594379
XRO,20190222,48.24,49,48,48.72,156633
XRO,20190225,49.29,49.4,48.75,49.05,204710
XRO,20190226,49.1,49.1,47.56,47.95,224522
XRO,20190227,47.95,48.04,47.07,47.33,290344
XRO,20190228,47.5,47.85,46.54,47.5,323142
XRO,20190301,48,48.99,47.865,48.13,276143
XRO,20190304,48.97,50.07,48.9,49.92,399602
XRO,20190305,49.68,49.88,48.66,48.76,319612
XRO,20190306,49,49.35,48.72,49.06,200619
XRO,20190307,49.5,49.56,48.81,49.01,265253
XRO,20190308,48.45,49.49,48.45,48.63,203370
XRO,20190311,48.6,48.9,48.25,48.72,124359
XRO,20190312,49,49.2,48.21,48.32,840164
XRO,20190313,47.99,48.16,47.35,47.53,233599
XRO,20190314,47.51,48.69,47.4,48.51,360274
XRO,20190315,49,49.95,48.9,49.58,434022
XRO,20190318,49.98,50,49.16,49.35,215469
XRO,20190319,49.5,49.5,48.04,48.5,213955
XRO,20190320,48.95,50,48.7,50,497950
XRO,20190321,49.5,49.65,48.8,49.35,1411442
XRO,20190322,49.52,49.98,49.45,49.75,331618
XRO,20190325,49,49.14,47.86,48.04,263961
XRO,20190326,48.09,48.17,47.57,47.84,131549
XRO,20190327,48.89,48.89,48.3,48.73,246088
XRO,20190328,48.4,48.66,47.47,48.22,204066
XRO,20190329,48.6,49.18,48.45,48.65,207983
XRO,20190401,48.77,49.48,48.4,48.99,391965
XRO,20190402,49.71,50.99,49.64,50.64,2841909
XRO,20190403,51.4,51.5,50.53,50.7,1189902
XRO,20190404,51.01,51.49,50.6,51.09,291554
XRO,20190405,50.7,50.8,49.47,49.66,325271
XRO,20190408,49.65,50.92,49.54,50.51,194492
XRO,20190409,50.51,51.27,50.25,50.97,403727
XRO,20190410,51.19,52.1,50.9,51.4,348491
XRO,20190411,51.45,51.97,50.805,51.26,276020
XRO,20190412,52,52.28,51.5,52.09,208315
XRO,20190415,52.15,52.23,51.64,51.87,190921
XRO,20190416,51.83,52.02,51.16,51.32,304649
XRO,20190417,52,52,51.09,51.57,303644
XRO,20190418,52.12,52.12,50.45,51.31,245956
XRO,20190423,52,53.31,51.61,53.29,448829
XRO,20190424,53.5,54.37,53.27,54.28,706399
XRO,20190426,55,55.06,53.65,53.95,483898
XRO,20190429,54.19,54.74,53.97,54.56,247961
XRO,20190430,54.99,55.98,54.065,54.45,443131
XRO,20190501,54.3,55.1,54.28,55.03,399819
XRO,20190502,54.99,55.73,54.69,55.03,399790
XRO,20190503,55.11,55.4,54.13,54.65,467450
XRO,20190506,54.36,54.36,53.03,53.52,418662
XRO,20190507,53.37,54.39,52.2,54.05,471148
XRO,20190508,53.25,54.02,53.13,53.47,472540
XRO,20190509,53.83,54.32,53.46,53.77,550627
XRO,20190510,54.01,55.67,53.7,55.14,330089
XRO,20190513,55.4,55.55,54.26,54.54,239250
XRO,20190514,53.38,53.86,52.97,53.75,326551
XRO,20190515,54.53,54.7,54.15,54.31,338779
XRO,20190516,58,60.93,57.58,60.15,1253836
XRO,20190517,59.76,62.11,59.6,61.3,955348
XRO,20190520,60.76,60.9,59.12,59.4,1032238
XRO,20190521,58,59.87,57.96,59.58,2569295
XRO,20190522,59.58,59.8,58.94,59.21,420310
XRO,20190523,59.5,60.49,59.21,60.14,1280543
XRO,20190524,59.4,60.19,59.31,59.69,467390
XRO,20190527,59.69,60.27,59.53,60.2,402699
XRO,20190528,60.25,61.82,60.2,61.07,492585
XRO,20190529,59.86,60.89,59.76,60.41,409818
XRO,20190530,60.91,61.4,59.44,59.89,383868
XRO,20190531,59.27,60.38,59.06,59.81,284069
XRO,20190603,59.7,60.39,59.19,59.45,519954
XRO,20190604,58.52,58.95,56.64,57.38,641311
XRO,20190605,59,59.45,57.96,58.3,537581
XRO,20190606,58.32,59.46,58.32,58.69,539163
XRO,20190607,59.19,59.48,58.01,59.29,491770
XRO,20190611,59.9,61.215,59.7,60.91,576957
XRO,20190612,61.23,61.74,60.01,60.45,343546
XRO,20190613,61.11,61.13,59.24,59.47,325244
XRO,20190614,59.45,59.52,58.7,59.24,296320
XRO,20190617,58.43,59.71,58.42,59.09,280230
XRO,20190618,59.3,60.92,59.06,60.34,574299
XRO,20190619,61,61.66,60.3,60.8,569270
XRO,20190620,60.5,62.77,60.5,62.6,752095
XRO,20190621,62.5,63.16,61.39,61.99,432829
XRO,20190624,61.72,62.2,61.155,61.31,166378
XRO,20190625,61.3,61.4,60.39,61.15,198816
XRO,20190626,60.58,61.1,60.43,61.02,433745
XRO,20190627,59.13,61.27,59,60.75,352863
XRO,20190628,60.61,60.97,59.8,59.94,279446
XRO,20190701,60.88,61.94,60.58,61.22,302511
XRO,20190702,61.65,62.2,61.29,61.8,416739
XRO,20190703,62.01,63.05,61.83,63,733256
XRO,20190704,63.97,64.49,62,62.6,378601
XRO,20190705,63.19,63.54,62.22,63.27,365937
XRO,20190708,63.27,64.17,62.49,62.59,303482
XRO,20190709,62.55,63.85,62.235,62.31,294748
XRO,20190710,63.03,64.04,62.8,63.47,215953
XRO,20190711,63.31,64.45,63.29,63.96,1098116
XRO,20190712,64.21,64.46,62.815,63.33,229176
XRO,20190715,62.31,62.38,60.75,61.03,455581
XRO,20190716,61.07,61.29,60,60.09,240719
XRO,20190717,59.7,60.23,59.345,60.02,369074
XRO,20190718,60.11,60.76,59.85,59.87,280481
XRO,20190719,60,61.37,59.54,61.07,283789
XRO,20190722,61.67,61.92,60.82,61.61,265536
XRO,20190723,61.67,62.73,61.67,62.55,267044
XRO,20190724,62.24,63.55,62.045,63.35,588557
XRO,20190725,63.85,65.74,63.57,65.25,702494
XRO,20190726,65.04,65.2,63.8,64.56,495497
XRO,20190729,64.67,65.87,64.67,65.27,442587
XRO,20190730,65.6,65.73,64.57,64.9,266843
XRO,20190731,64.97,65.63,64.86,64.92,561557
XRO,20190801,65.49,65.86,64.57,64.57,225896
XRO,20190802,65.57,66.75,64.45,65.68,375366
XRO,20190805,65.9,65.94,63.46,63.79,434032
XRO,20190806,59,61.98,57.54,59.97,976166
XRO,20190807,60.4,61.76,59.555,59.93,578704
XRO,20190808,59.95,61.02,59.1,61.01,380371
XRO,20190809,62.4,62.7,61.03,61.08,298060
XRO,20190812,61.15,61.77,60.76,61.7,136454
XRO,20190813,61.66,62.84,61.25,62.04,208653
XRO,20190814,62.9,63.67,62.395,62.59,292266
XRO,20190815,60.62,61.38,59.7,60.41,342906
XRO,20190816,59.5,60.56,59.21,60,273525
XRO,20190819,60.5,62,60.13,62,329939
XRO,20190820,61.74,62.63,60.57,62.51,324690
XRO,20190821,62.47,62.7,61.3,62.61,211963
XRO,20190822,63,63.51,62.21,62.43,226172
XRO,20190823,62.77,63.31,61.36,61.58,169671
XRO,20190826,60.01,60.74,59.01,60.51,293787
XRO,20190827,60.92,61.97,60.55,61.49,250418
XRO,20190828,61.27,63,61.16,62.81,275273
XRO,20190829,62.97,62.99,61.65,62.15,683753
XRO,20190830,62.55,63.56,62.43,63.47,367005
XRO,20190902,63.5,63.65,62.95,63.35,261267
XRO,20190903,62.64,63.35,62.53,62.79,155650
XRO,20190904,62.33,62.88,61.72,62.82,323636
XRO,20190905,63.3,65.45,62.68,65.01,445261
XRO,20190906,65.65,68.15,65.65,66.5,470706
XRO,20190909,66.73,68.88,66.43,67.01,308084
XRO,20190910,65.91,66.03,65.22,65.69,594868
XRO,20190911,64.75,64.8,62.8,63.55,613303
XRO,20190912,64.7,64.72,62.21,62.43,303397
XRO,20190913,63.88,64.06,61.84,62.15,675340
XRO,20190916,62.77,62.81,60.82,61.16,385345
XRO,20190917,61.78,62.8,61.15,62.65,277881
XRO,20190918,63.44,64.07,62.18,62.3,366268
XRO,20190919,62.93,63.95,62.6,63.06,480184
XRO,20190920,64.15,65.24,63.655,63.8,339205
XRO,20190923,64.77,65.92,64.61,65.6,369450
XRO,20190924,65.7,66.83,64.93,66.15,447678
XRO,20190925,65.4,66.2,64.51,64.74,894771
XRO,20190926,65.42,65.42,63.21,63.31,428529
XRO,20190927,63.94,64.25,63.1,63.35,246612
XRO,20190930,63,63.31,61.92,62.29,477991
XRO,20191001,62.3,63.82,61.96,63.82,337761
XRO,20191002,62.5,63.19,61.44,61.77,394059
XRO,20191003,60.38,61.22,60.05,60.39,662088
XRO,20191004,61.01,62.49,61.01,62.3,417264
XRO,20191007,62.66,63.39,62.5,63.08,194395
XRO,20191008,63.94,64.59,63.05,63.99,285089
XRO,20191009,62.45,65.13,62.42,64.78,470170
XRO,20191010,64.73,65.82,64.2,64.69,394051
XRO,20191011,65.82,66.91,65.63,66.91,660913
XRO,20191014,67.31,68.56,67.13,67.69,290277
XRO,20191015,67.82,68.83,67.37,68.53,357338
XRO,20191016,69,70.53,69,70.14,524000
XRO,20191017,70,70.8,69.27,69.38,426825
XRO,20191018,68.88,70.2,68.88,69.86,1000710
XRO,20191021,68.5,69.09,67.78,68.7,520896
XRO,20191022,68.83,69.68,68.25,68.25,373169
XRO,20191023,66.81,66.81,65,66.1,804054
XRO,20191024,66.95,67.18,65.3,65.66,482523
XRO,20191025,66.49,67.535,66.25,67,333788
XRO,20191028,67.22,67.68,66.81,66.93,332478
XRO,20191029,68,69.08,67.78,68.72,238316
XRO,20191030,68.5,69.45,68.01,68.9,370705
XRO,20191031,69.07,70,67.96,68.99,337135
XRO,20191101,68.72,70.04,67.95,69.91,507229
XRO,20191104,70,71.32,68.86,69.06,539644
XRO,20191105,69.12,69.175,67.24,68.43,469448
XRO,20191106,68.44,68.62,67.31,67.5,695669
XRO,20191107,69.99,74.54,69.75,73.95,1183146
XRO,20191108,74.03,75.97,73.94,75.71,2190808
XRO,20191111,75.55,77.75,75.48,75.71,3834717
XRO,20191112,75.4,77.69,74.84,76.64,627260
XRO,20191113,77,78.18,76.69,77.57,575344
XRO,20191114,77.89,79.15,77.3,77.65,746966
XRO,20191115,76.7,78.08,75.82,77.54,1026437
XRO,20191118,77.5,77.6,76.43,77.11,318336
XRO,20191119,77,77.83,76.64,77.83,361661
XRO,20191120,77.85,79,77.6,78.87,907863
XRO,20191121,77.85,78.24,77.4,77.91,788097
XRO,20191122,77.91,79.59,77.5,79.59,375876
XRO,20191125,79.6,79.99,78.95,79.08,363988
XRO,20191126,79.51,80.86,79.51,80.22,513874
XRO,20191127,80,81.18,79.85,81.12,965070
XRO,20191128,82.06,82.68,81.53,82.1,411069
XRO,20191129,82,82.98,81.24,81.28,607372
XRO,20191202,81.65,82.87,81.51,82.36,378936
XRO,20191203,80.99,81.185,79.65,79.8,594003
XRO,20191204,79.58,81.36,79,81,843245
XRO,20191205,81.58,82.79,81.11,81.5,404408
XRO,20191206,81.34,82.3,80.61,82.3,334372
XRO,20191209,82.57,82.79,81.37,81.8,590978
XRO,20191210,80.43,81.57,80.37,80.94,368485
XRO,20191211,80.92,81.05,79.91,80.11,609907
XRO,20191212,79.99,80.2,78.155,78.88,921721
XRO,20191213,78.58,79.49,78.27,79.34,451775
XRO,20191216,80,81.42,80,81.05,406305
XRO,20191217,81.5,82.81,80.39,81.1,492381
XRO,20191218,80.61,81.84,80.55,81.36,377606
XRO,20191219,81.17,82.37,80.7,81.23,327369
XRO,20191220,81,81.82,80.39,80.47,280231
XRO,20191223,81.88,84.45,81.28,83.23,310289
XRO,20191224,83.01,83.2,80.71,81.47,149531
XRO,20191227,81.25,81.99,81,81.61,94719
XRO,20191230,81.2,82.14,80.63,81.94,109093
XRO,20191231,80.72,81.27,79.95,80,194880
XRO,20200102,80.05,80.78,79.48,79.75,184388
XRO,20200103,80.97,81.41,79.4,79.72,285107
XRO,20200106,79.17,81.02,78.53,80.76,259383
XRO,20200107,81.6,82.44,81.45,82.04,250258
XRO,20200108,81.95,81.99,79.66,80.65,375126
XRO,20200109,80.65,82.23,80.65,82.16,549650
XRO,20200113,82.78,84.05,80.9,83.72,182022
XRO,20200114,83.72,84.7,83.67,83.98,222910
XRO,20200115,84,85.04,83.81,84.58,218589
XRO,20200116,85.44,86.48,85.34,86.21,459038
XRO,20200117,87.94,88,85.58,85.58,266260
XRO,20200120,86.11,86.79,84.7,85.19,276268
XRO,20200121,86,86.2,82.91,83.93,266570
XRO,20200122,83.18,85.71,83.18,85.45,325015
XRO,20200123,84.85,85.46,84,84.26,315859
XRO,20200124,84.75,84.86,83.92,84.58,201137
XRO,20200128,83.17,83.71,82.71,83.21,219738
XRO,20200129,84.5,85.81,84,85.36,241161
XRO,20200130,85.4,86.25,84.74,85.45,255971
XRO,20200203,84.66,86.14,84.45,85.8,327765
XRO,20200204,85.09,87.15,84.65,85.5,420225
XRO,20200205,85.5,86.99,84.24,86.67,400396
XRO,20200210,87,87.07,85.52,85.76,190996
XRO,20200211,86.98,87.8,86.47,87.5,323913
XRO,20200212,87.74,89.17,86.99,87.4,520809
XRO,20200213,88.67,88.88,87.16,87.47,334905
XRO,20200214,87,87.93,86.1,87.06,314103
XRO,20200217,87.1,88.6,86.9,88.5,207269
XRO,20200218,88.49,90.22,87.56,88.93,341110
XRO,20200219,89.26,89.99,87.83,89,294967
XRO,20200220,89.4,89.91,87.34,87.48,396558
XRO,20200221,87.6,88.49,86.8,87.3,329575
XRO,20200224,86.5,86.605,83.39,83.5,498111
XRO,20200225,80.8,83.55,79.5,82.66,1125052
XRO,20200226,81.28,81.46,79.22,79.95,722756
XRO,20200227,79.86,80.81,77.76,78,621541
XRO,20200228,74.6,76.2,73.37,73.65,1092676
XRO,20200302,74.75,77.76,72.48,74.59,1207545
XRO,20200303,79.1,80.38,78,79.94,1319830
XRO,20200304,77,78.57,73.5,77.14,1005955
XRO,20200305,79.55,80.1,78.66,79.54,642958
XRO,20200306,78,78.19,75.13,75.17,410013
XRO,20200309,74.05,74.36,70,71.4,967531
XRO,20200310,68.08,75.86,67.5,75.86,1275612
XRO,20200311,77,78.83,75.03,75.55,1340479
XRO,20200312,74,76.17,71.17,74.47,1995239
XRO,20200313,69.01,80.39,68.95,80.39,1883715
XRO,20200316,74.8,75.35,68.16,68.16,1158102
XRO,20200317,65,74.79,64.72,73.85,1870804
XRO,20200318,69.2,70.28,64.75,66.61,1472091
XRO,20200319,67.93,69.13,63.77,63.94,1482070
XRO,20200320,64.51,66.34,61.22,61.75,1064800
XRO,20200323,55.47,60.1,54.69,58.75,2030241
XRO,20200324,57.94,63.35,57.61,63.09,1021302
XRO,20200325,68,68.49,63.09,65.39,965729
XRO,20200326,66.38,69.19,64.5,67.82,1102363
XRO,20200327,69.19,70.49,65.04,65.2,1047758
XRO,20200330,65,68.1,65,68,742079
XRO,20200331,69.75,71.66,66.79,67.91,1255239
XRO,20200401,68.07,70.82,68.07,69.5,501778
XRO,20200402,66.39,67.98,65.16,65.78,1081296
XRO,20200403,66.99,67.305,65.24,65.66,1042191
XRO,20200406,66.21,69.87,66.21,69.39,710637
XRO,20200407,71.7,71.8,69.6,71.05,832887
XRO,20200408,70,75.36,69.69,73.08,1102076
XRO,20200409,75.69,78.97,75.13,78.1,1109826
XRO,20200414,78.14,79.6,77.2,79.05,850579
XRO,20200415,80.1,82.49,79.12,79.53,647732
XRO,20200416,78.2,79.18,77.73,79.18,630726
XRO,20200417,79.5,80.74,77.9,78.83,814730
XRO,20200420,78,80.13,78,78,421113
XRO,20200421,77.5,77.79,74.83,75.02,499183
XRO,20200422,74.7,76.44,74.21,75.4,409028
XRO,20200423,76,77.19,75,75.73,403724
XRO,20200424,76,76.96,75.7,76.13,352971
XRO,20200427,77.6,79.96,77.305,79.88,360339
XRO,20200428,79.88,80.72,78.78,80.23,384600
XRO,20200429,80.5,80.8,78.3,78.99,327861
XRO,20200430,80.22,81.07,78.98,79.53,457020
XRO,20200501,78.2,79.33,77.5,77.5,359530
XRO,20200504,77.14,79.34,77.08,79.04,496276
XRO,20200505,80.01,80.3,78.8,79.69,365734
XRO,20200506,79,79.64,77.53,79.19,403808
XRO,20200507,79.39,82.4,78.9,82.1,1262452
XRO,20200508,82,82.84,81.08,82.3,541994
XRO,20200511,82.58,83.45,82.17,82.94,585259
XRO,20200512,81.82,83.78,81.8,83.37,503491
XRO,20200513,82.31,84,82.3,83.77,382151
XRO,20200514,81.08,84.4,78.335,79.77,1586482
XRO,20200515,79.15,79.46,75,75.32,1327181
XRO,20200518,75.54,78.19,75.54,77.15,528976
XRO,20200519,79.06,79.58,78.29,79.4,536043
XRO,20200520,79.57,80.79,78.96,80.16,419819
XRO,20200521,79.31,80.55,78.87,79.94,326591
XRO,20200522,79.32,80.56,79.24,80.15,309017
XRO,20200525,80.5,82.5,80.5,82.5,352539
XRO,20200526,82.58,85.88,82.43,85.04,576734
XRO,20200527,83.27,85.66,82.42,84.7,695675
XRO,20200528,84.86,85.76,84.08,85,600974
XRO,20200529,85,86.25,84.51,85.27,471704
XRO,20200601,83.33,86.87,83.1,86.61,390027
XRO,20200602,86.6,87.47,86.02,86.74,524963
XRO,20200603,88,89.5,87.19,89.33,656635
XRO,20200604,89.21,91.49,88.73,89.38,887648
XRO,20200605,87.95,88.48,86.55,87.42,593012
XRO,20200609,87.42,87.42,81.81,81.81,919213
XRO,20200610,82.48,85.49,82.48,85,539833
XRO,20200611,85,85.82,83.83,84.77,662371
XRO,20200612,82,84.38,81.55,83.77,645954
XRO,20200615,83,85.34,82.85,83.11,516763
XRO,20200616,85.25,86.35,84.04,86.3,553133
XRO,20200617,87.61,89.12,87.4,88.45,612231
XRO,20200618,88.5,89.4,88.11,88.87,829263
XRO,20200619,90,91.8,89.16,89.29,896858
XRO,20200622,88.88,89.35,88.06,88.52,294455
XRO,20200623,90.14,91.77,87.93,88.77,617716
XRO,20200624,89.95,91.94,89.67,90.67,466064
XRO,20200625,90.49,91.42,88.9,88.9,422060
XRO,20200626,89.3,90.17,88.82,89.82,326495
XRO,20200629,88.7,90.29,88.43,89.9,559783
XRO,20200630,90.66,92,88.86,90.11,651836
XRO,20200701,91.5,92.28,90.5,90.8,340687
XRO,20200702,92.5,92.54,90.87,91.8,332002
XRO,20200703,92.5,93.26,90.18,91.17,458828
XRO,20200706,91.34,91.95,90.34,90.34,261645
XRO,20200707,92.13,94.19,91,92.17,526527
XRO,20200708,93.1,93.97,92.01,92.07,349500
XRO,20200709,92.51,93.63,91.58,91.96,423308
XRO,20200710,92.97,94.31,92.71,93.18,471412
XRO,20200713,95,95,91.53,92.85,420385
XRO,20200714,90.5,90.98,88.36,88.76,570126
XRO,20200715,91.26,91.92,89.68,91.71,376587
XRO,20200716,92,92.49,89.25,89.55,364158
XRO,20200717,89.51,90.86,88.46,89.77,340908
XRO,20200720,90.01,91.87,90.01,91.01,279499
XRO,20200721,93,96.56,92.95,96.08,586225
XRO,20200722,94.9,94.9,92.69,93.69,274966
XRO,20200723,93.82,94.37,92.84,93.32,326933
XRO,20200724,93,93.64,91.65,92.77,332823
XRO,20200727,91.71,94.04,91.71,93.69,215450
XRO,20200728,95.01,95.34,92.43,92.45,269590
XRO,20200729,92.1,92.1,90.24,90.65,408582
XRO,20200730,91,93.71,90.88,93.31,365322
XRO,20200731,93.4,93.77,89.63,89.94,689605
XRO,20200803,90.3,92.31,89.83,91.75,486534
XRO,20200804,94.97,95.45,92.14,92.38,425017
XRO,20200805,91.46,92.76,91.15,92.55,226361
XRO,20200806,92.39,92.92,91.15,91.53,229067
XRO,20200807,91.53,92.03,90.85,91.06,222894
XRO,20200810,91.52,92.15,90.86,91.45,203669
XRO,20200811,90.8,90.96,89.42,90.35,517737
XRO,20200812,89.41,89.49,87.65,88.87,378204
XRO,20200813,90.9,90.92,88.7,89.31,362808
XRO,20200814,90.95,94.13,90.63,94.13,559009
XRO,20200817,93,93.87,91.72,91.93,294382
XRO,20200818,92.73,94.42,92.73,93.72,341975
XRO,20200819,94,96.99,93.79,96.19,623378
XRO,20200820,95.93,96.2,94.4,94.79,320981
XRO,20200821,95.35,97.15,95.28,97,388349
XRO,20200824,97.1,98.49,96.7,98.49,230855
XRO,20200825,100.11,101.24,97.28,98.5,564817
XRO,20200826,98.3,101.13,98.245,100.02,518360
XRO,20200827,100.02,102.87,100.02,101.72,568745
XRO,20200828,101,101.71,99.09,99.95,512242
XRO,20200831,100,101.7,99.785,100.97,343932
XRO,20200901,97.94,100,97.52,99.73,544211
XRO,20200902,100,103.05,99.6,103,502748
XRO,20200903,103,103.48,98.8,100.46,3433746
XRO,20200904,93.5,97.12,93.4,94.78,760471
XRO,20200907,93.03,94.73,92.59,94.39,457456
XRO,20200908,96.33,96.49,94.46,95.45,357102
XRO,20200909,92.75,93.53,92.15,93.43,621943
XRO,20200910,94.99,96.5,93.15,93.61,371896
XRO,20200911,92.49,92.72,91.11,91.45,455585
XRO,20200914,91.43,91.63,89.49,90.81,330924
XRO,20200915,90.77,91.7,90.44,90.9,513947
XRO,20200916,92.33,92.95,91.08,92.65,465734
XRO,20200917,93.66,93.66,90.69,90.69,437343
XRO,20200918,92.14,92.99,91.59,92.12,844604
XRO,20200921,92.48,92.6,90.45,91.06,387188
XRO,20200922,91.38,95.63,91.33,95.06,597483
XRO,20200923,96.88,99.15,96.58,98.62,570546
XRO,20200924,95.19,97.98,95.08,97.27,287398
XRO,20200925,97.5,98.41,96.68,97.63,392939
XRO,20200928,98.15,99.8,98.1,98.44,309148
XRO,20200929,99,101.37,98.78,101.37,563025
XRO,20200930,100.46,101.44,99.37,100.75,719637
XRO,20201001,101.36,103.49,100.89,102.41,702638
XRO,20201002,103.29,104.94,102.57,103.2,457002
XRO,20201005,103.6,104.98,103.6,104.63,287989
XRO,20201006,104.99,106.68,104.27,106.16,390763
XRO,20201007,105.75,108.29,105.75,107.48,460909
XRO,20201008,111.46,113.45,110.11,112.95,792643
XRO,20201009,112.95,114.27,112.25,113.38,596233
XRO,20201012,114,115.08,113.42,114.87,358864
XRO,20201013,117,117.925,115.72,116.92,481623
XRO,20201014,117.48,119.88,117,117.86,487812
XRO,20201015,115.51,117.38,115.23,115.5,611665
XRO,20201016,114.5,115.21,113.32,114.55,417465
XRO,20201019,115.67,117.79,115.31,116.45,448241
XRO,20201020,116,117.4,115.82,117.05,345960
XRO,20201021,116.4,117.28,115.43,116.76,988762
XRO,20201022,113.6,116.05,113.56,115.34,376720
XRO,20201023,113.56,115.21,113.56,114.01,313547
XRO,20201026,114.9,117.62,114.03,114.09,268698
XRO,20201027,112.58,113.74,112.11,112.48,380291
XRO,20201028,112.4,114.47,111.81,113.79,356211
XRO,20201029,110.38,111.83,109.83,111.4,429021
XRO,20201030,110.41,111.5,110.02,110.15,516112
XRO,20201102,109.5,111.75,109.08,110.88,341396
XRO,20201103,110.47,113.54,110.22,112.55,316390
XRO,20201104,113.1,116.78,112.61,116.4,465300
XRO,20201105,118.81,120,118.35,118.7,699054
XRO,20201106,120,121.41,117.34,118.17,435494
XRO,20201109,119.09,119.61,118.45,119.18,427656
XRO,20201110,119.4,119.49,114.08,115.05,798213
XRO,20201111,126.55,130.5,121,122.71,2787977
XRO,20201112,128,130.95,120.41,123.5,1694321
XRO,20201113,120.11,122.44,118.97,122.14,1073285
XRO,20201116,122.01,122.13,120.06,120.52,51402
XRO,20201117,119.8,121.56,117.61,120.49,1293158
XRO,20201118,118.51,121.96,118.51,121.33,830368
XRO,20201120,125.02,129.04,123.68,127.39,687547
XRO,20201123,128.09,132.98,125.84,130.72,940023
XRO,20201124,133.33,136.94,131.78,135.86,1014881
XRO,20201125,130.43,134.83,126.64,129.94,2489404
XRO,20201126,128.03,134.83,126.5,133.52,1201356
XRO,20201127,134.9,136.99,130.3,133.76,1524790
XRO,20201130,136.43,138.19,132.44,132.5,13313607
XRO,20201201,133.82,134.48,130.63,132.2,942740
XRO,20201202,133.52,133.8,128.75,130.66,1570823
XRO,20201203,133.8,134.1,131.19,132,581918
XRO,20201204,133.5,135.39,131.14,132.9,588842
XRO,20201207,137.85,138.62,135.91,138.43,726194
XRO,20201208,139.6,141.51,139,140.24,804563
XRO,20201209,141.68,144.06,140.37,141,645827
XRO,20201210,139.58,141.6,138.69,139.51,792976
XRO,20201211,138.81,142.46,138.69,141.33,482974
XRO,20201214,142.4,145.58,141.33,143.94,524444
XRO,20201215,144.51,156.72,144.19,147.47,1362399
XRO,20201216,147,152.32,146.62,150.66,979799
XRO,20201217,153.99,154,150.03,154,1395424
XRO,20201218,155.09,157.99,150.59,150.59,3356637
XRO,20201221,148.5,152.44,146,146.86,874784
XRO,20201222,145.39,148.1,145.39,147.1,551585
XRO,20201224,147.01,147.01,147.01,147.01,0
XRO,20201229,146.62,147.29,145.06,145.63,365420
XRO,20201230,145,147.03,145,146.67,259990
XRO,20201231,149.48,149.5,146.82,146.82,177070
XRO,20210104,148.88,149.3,147.55,148.46,202834
XRO,20210105,148.84,153.1,148.75,152.71,449344
XRO,20210106,150.81,154.7,147.1,148,414703
XRO,20210107,145.85,145.94,140.08,140.53,615539
XRO,20210108,141.92,143.1,141,142.61,416318
XRO,20210111,141.53,142.3,135.1,135.93,805490
XRO,20210112,131.84,133.79,130.1,132.76,720006
XRO,20210113,132,132.75,128.7,130.96,663703
XRO,20210114,132.71,135.86,132.01,135.86,886421
XRO,20210115,134.95,135.56,133.03,133.78,457264
XRO,20210118,133.8,137.87,133.79,136.66,396027
XRO,20210119,140,140,137.2,137.66,388202
XRO,20210120,140,140.38,135.88,136.27,455249
XRO,20210121,135.55,137.62,135.31,136.08,571933
XRO,20210122,137.24,138.15,136.15,136.99,445368
XRO,20210125,135.64,137.43,134.65,137.43,356902
XRO,20210127,139.62,146.5,138.62,140.85,984366
XRO,20210128,137.69,139.18,131.1,132.01,617236
XRO,20210129,135.39,136.34,129.7,129.89,1000189
XRO,20210201,128.01,132.5,126.84,131.41,581546
XRO,20210203,131,132.26,128.5,130.31,618551
XRO,20210204,133.08,133.08,127.26,127.84,426368
XRO,20210205,129.48,129.75,126.9,129.38,456038
XRO,20210208,130,132.9,130,130.86,311650
XRO,20210209,131,132.9,130.1,130.1,318230
XRO,20210210,130.47,134.02,129.3,133.83,371471
XRO,20210211,133.47,133.53,129.06,130.9,528182
XRO,20210212,131,132.25,130.19,130.26,232354
XRO,20210215,130.53,132.3,130.1,130.71,317819
XRO,20210216,131.69,131.7,127.52,128.71,327660
XRO,20210217,130.15,130.15,126.39,127.86,431676
XRO,20210218,127.51,128.69,126.62,127.29,319500
XRO,20210219,126.57,127.33,123.88,124.7,413584
XRO,20210222,121.28,124.64,120.43,123.44,424510
XRO,20210223,119.1,120.45,115.28,120.17,706865
XRO,20210224,118,120,115.55,116.33,561732
XRO,20210225,116,120.79,115.71,119.75,621311
XRO,20210226,116.12,118.43,112.62,118.43,848516
XRO,20210301,120.75,123.64,119.42,122.53,670618
XRO,20210302,126.57,127.57,122.24,122.24,644971
XRO,20210303,119.76,121.71,118.1,119,489090
XRO,20210304,115.99,120,114.21,115.9,630225
XRO,20210305,113.61,114.62,111.62,113.17,711235
XRO,20210308,114.26,115.66,112.58,112.6,468669
XRO,20210309,109.99,109.99,104.44,108.32,879932
XRO,20210310,111.5,113,110.13,111.03,579965
XRO,20210311,111.5,113,110.13,111.03,579965
XRO,20210312,113.45,115.97,112.27,115.01,496378
XRO,20210315,114.52,114.52,111.58,113.1,344850
XRO,20210316,114,119.6,113.21,117.67,594134
XRO,20210317,117.67,119.91,116.19,119.63,571802
XRO,20210318,121.48,121.95,117.22,117.74,458491
XRO,20210319,115.2,120,114.2,119.94,776966
XRO,20210322,120,120.18,117.52,119.64,333495
XRO,20210323,121.5,123.07,120.62,121.11,404609
XRO,20210324,121.5,126.11,120.9,123.47,454669
XRO,20210325,125.7,125.83,121.34,122.17,550718
XRO,20210329,127.87,128,121.76,122.92,495037
XRO,20210330,123.41,128.36,123.28,125.62,345831
XRO,20210331,126.03,127.77,125.09,126.53,415564
XRO,20210401,128,132.27,127.63,130.87,518565
XRO,20210406,134.69,135.09,133,135,524617
XRO,20210407,136,136.7,134.73,135.77,507761
XRO,20210408,136.98,138.34,136.17,136.83,379696
XRO,20210409,140.18,140.7,138.35,138.9,396585
XRO,20210412,140.25,142.99,139.2,141.26,544065
XRO,20210413,144.33,145.13,142.6,143.22,524456
XRO,20210414,146.13,146.8,144.51,146.08,416451
XRO,20210415,141.97,145.98,141,145.64,278343
XRO,20210416,145,148,145,147.14,277728
XRO,20210419,147.14,147.99,145.28,145.78,233133
XRO,20210420,142.98,145.58,142.18,143.73,373782
XRO,20210421,140.56,142.99,140.12,141.68,614483
XRO,20210422,141.58,143.15,140.6,143.15,499741
XRO,20210423,143,143.49,142.37,143.49,421023
XRO,20210426,143.87,143.9,141.7,142.75,268307
XRO,20210427,142.56,143.46,138.08,139.55,407896
XRO,20210428,135.16,139.32,135,138.8,468269
XRO,20210429,139,142.4,139,141.81,302722
XRO,20210430,140,143.5,139.81,141.56,255181
XRO,20210503,141.64,142.37,139.55,139.95,177431
XRO,20210504,135.75,139.18,135.68,137.51,308716
XRO,20210505,135.7,138.05,135.68,137.24,186601
XRO,20210506,136.81,139.98,136.32,137.3,296175
XRO,20210507,135.54,136.99,132.94,133.75,324848
XRO,20210510,133.17,136.57,132.97,136,345565
XRO,20210511,133.13,134.34,130.35,131.91,548860
XRO,20210512,135.31,137.1,133.52,134.88,606733
XRO,20210513,120,129.32,115.25,117.39,1055310
XRO,20210514,117.9,119.39,111.22,112.5,1177266
XRO,20210517,119.8,119.8,115.8,118.75,759573
XRO,20210518,118.98,119.68,115.86,118.12,658282
XRO,20210519,118.01,119.29,116.05,117.32,747912
XRO,20210520,118.64,123.62,118.12,122.12,594249
XRO,20210521,127.35,129.12,125.48,127.2,609978
XRO,20210524,128.5,129.9,126.7,127.47,537868
XRO,20210525,129.01,129.2,126.2,126.53,430526
XRO,20210526,127.1,130.7,127.1,128.44,487751
XRO,20210527,128,131.94,125.77,131.94,2260422
XRO,20210528,133.8,133.8,129.72,130.44,388836
XRO,20210531,132.37,133.17,130.5,132.65,346800
XRO,20210601,132.47,132.5,130.41,131.62,220026
XRO,20210602,129.99,130.64,127.64,129,407722
XRO,20210603,129.51,132.6,128,131.9,403799
XRO,20210604,128.59,130.32,127.93,129.41,421854
XRO,20210607,129.79,130.45,129.01,130.15,328626
XRO,20210609,130.48,132.17,128.9,129.28,346768
XRO,20210610,130.66,133.79,129.82,133.11,455055
XRO,20210611,135.54,137.26,133.51,134.08,382600
XRO,20210615,136.13,138.33,135.15,137.91,346677
XRO,20210616,136.9,137.16,135.31,137.16,410686
XRO,20210617,139.99,139.99,135.225,138.04,434959
XRO,20210618,140.65,143.87,139.85,142.25,848424
XRO,20210621,140,143.47,139.12,140.96,389366
XRO,20210622,140.09,142.27,138.36,138.95,317059
XRO,20210623,138.94,140.24,137.58,137.89,281676
XRO,20210625,137.35,138.03,136.05,136.76,273496
XRO,20210628,135.2,137.37,134.51,136.97,229277
XRO,20210629,138.55,139.27,136.84,138.09,254703
XRO,20210630,139.86,140.86,136.71,137.1,410872
XRO,20210701,136.7,137.19,135.01,136.04,187347
XRO,20210705,140.23,140.23,135.99,136.58,202084
XRO,20210706,135.6,136.36,131.91,132.18,221172
XRO,20210707,135.18,137.88,133.595,137.3,208085
XRO,20210708,137.77,138.66,135.29,136.8,258506
XRO,20210709,134.19,134.66,132.15,134.28,416319
XRO,20210712,135.85,137.38,134.2,137.12,164545
XRO,20210714,137.3,140.39,136.61,137.65,342811
XRO,20210715,135.4,136.5,133.66,134.46,296555
XRO,20210716,135.5,137.69,135.3,137.2,207637
XRO,20210719,137.2,139.84,136.2,138.64,262654
XRO,20210720,139.34,141.73,138.85,141,299024
XRO,20210723,140.42,143.39,140.42,142.92,217679
XRO,20210726,143.5,145.22,143.13,143.73,280722
XRO,20210727,140.6,142.35,138.34,141.06,262241
XRO,20210728,141.01,144,138.03,139.13,403338
XRO,20210729,141.68,143.9,140.37,141.04,265354
XRO,20210730,140.1,141.48,139.49,140.28,261747
XRO,20210802,142.98,145.11,141.72,142.22,296432
XRO,20210803,142.2,145,141.64,143.28,314587
XRO,20210804,142.06,146,140.68,145.88,327107
XRO,20210805,146.73,149.46,146.21,149.1,313916
XRO,20210806,149.98,151.4,148.18,148.69,259278
XRO,20210809,148.6,149.1,146.19,147.42,231096
XRO,20210810,148.16,149.29,147.42,148.27,139465
XRO,20210811,145.5,146.98,143.54,145.54,236011
XRO,20210812,143.07,144.12,141.35,141.59,274245
XRO,20210813,145.37,145.37,142.45,142.85,403937
XRO,20210819,144.63,147.96,143.89,147.89,226366
XRO,20210820,148.35,149.87,148,148.23,215091
XRO,20210823,148.96,152.61,148.85,150,440515
XRO,20210824,150,152.48,149.96,150.43,251271
XRO,20210825,152,153.61,150.43,151.33,359632
XRO,20210826,150.01,153.14,149.61,150.9,359268
XRO,20210827,150.32,151.25,147.62,150.4,482936
XRO,20210830,150.83,150.9,148.89,150.04,224502
XRO,20210831,151,152.13,149.52,151.82,432572
XRO,20210901,150.95,151.94,150.61,151.5,195175
XRO,20210902,152,153,150.39,152.88,314082
XRO,20210903,152.5,152.73,150.55,151.01,157530
XRO,20210906,151.06,153.16,150.25,152.75,209418
XRO,20210907,153,153.89,151.17,153.76,194081
XRO,20210908,151.6,154,151.6,152.98,279400
XRO,20210909,152.6,153.26,145.75,146.42,460803
XRO,20210910,147.9,150.77,147.11,150.2,303622
XRO,20210913,147.86,150.73,147.81,150.2,243566
XRO,20210914,149.21,149.46,145.67,147.49,291948
XRO,20210915,147.44,150.44,147.06,148.73,270106
XRO,20210916,148,151.31,148,150.81,348605
XRO,20210917,151.85,153.89,150.77,153.34,1070747
XRO,20210920,150,150.55,144.72,146.4,376101
XRO,20210922,149.31,150.69,147.95,148.85,238272
XRO,20210923,150,153.57,149.855,153.07,236139
XRO,20210924,150.07,151.27,148.88,149.87,254397
XRO,20210927,149.83,150.27,148.38,149.95,161309
XRO,20210928,146.5,147.95,140.1,140.35,470097
XRO,20210929,138.02,138.58,134.2,137.85,698434
XRO,20210930,139.55,139.86,136.46,139,501711
XRO,20211001,139.55,141.86,137.1,140.39,525120
XRO,20211004,139.55,140.04,136.71,137.48,178906
XRO,20211005,134,135.81,133,134.59,377137
XRO,20211006,138.09,139.37,133.22,133.68,411641
XRO,20211007,135.7,138.39,135.09,137.9,256251
XRO,20211008,140.24,140.84,137.95,139.28,278435
XRO,20211011,133.83,136.31,133.3,133.5,277146
XRO,20211012,133.83,136.31,133.3,133.78,383409
XRO,20211013,135.68,136.81,135,135.87,173078
XRO,20211014,137.87,143.55,137.87,143.04,374308
XRO,20211019,143.04,146.54,143.04,144.14,224092
XRO,20211020,145.53,147.47,145,146.19,415603
XRO,20211021,145.87,150.05,145.82,150.05,417263
XRO,20211022,150.32,152.3,149.23,149.68,1196639
XRO,20211025,149.99,151.98,148.53,151.79,821003
XRO,20211026,151.78,152.55,150.43,151.3,231035
XRO,20211028,153.1,155,151.92,154.14,263260
XRO,20211029,153.83,154.32,149,149.51,276216
XRO,20211101,154.67,156.18,152.67,155.75,327770
XRO,20211102,155,156.65,151.74,153.59,196205
XRO,20211103,154.98,155.59,152.34,153.1,240269
XRO,20211104,153.95,154.49,151.84,153.69,229268
XRO,20211105,150,154.47,149.52,154.47,276582
XRO,20211109,146.78,149.84,145.5,148,204959
XRO,20211110,149.78,149.78,145.92,147.28,360364
XRO,20211112,144.21,144.94,139.28,142.26,1031733
XRO,20211115,142.48,146.35,142.2,146.15,199819
XRO,20211116,144.99,145.6,142.03,145.6,313416
XRO,20211117,146.18,148.94,146.18,147.63,238792
XRO,20211118,146.79,149.59,145.56,148.92,220676
XRO,20211119,148.51,151.59,148.01,151,348351
XRO,20211122,150.13,150.74,145.78,146.38,280983
XRO,20211123,144.99,145.24,140.27,141.32,378616
XRO,20211124,139.8,142.98,139.63,141.59,204939
XRO,20211125,141.91,142.76,140.85,141.85,199060
XRO,20211126,142.5,143.445,139.24,139.3,190064
XRO,20211129,140.71,142.91,139.4,141.21,318764
XRO,20211130,143.9,146.33,142.32,144.84,583837
XRO,20211201,144.23,149.5,142.5,148.74,399888
XRO,20211202,144.78,145.17,138.82,141.14,566461
XRO,20211203,143.46,144.5,140.31,142.59,396542
XRO,20211206,142.02,143.84,137.77,140.04,490326
XRO,20211207,141.36,143.87,141.07,143.43,268674
XRO,20211208,145.17,146.77,144.71,145.67,405677
XRO,20211209,141.5,143.35,139.26,140.99,407506
XRO,20211210,139.99,141.75,139.23,141.1,255563
XRO,20211213,139.71,141.8,139.17,141.67,283019
XRO,20211214,140.85,145.2,140.52,142.52,329612
XRO,20211216,144.95,145.5,138.58,140.88,458193
XRO,20211217,135.96,136.53,133.4,134.27,693748
XRO,20211220,134.27,137.94,134.05,136.94,328620
XRO,20211221,137,140.53,136,140.43,293843
XRO,20211222,141.98,143.6,140.63,143.19,263073
XRO,20211223,142.5,142.57,140.96,142.06,145199
XRO,20211224,142.51,142.98,141.29,142,91781
XRO,20211229,142.24,144.87,141.64,144.87,248220
XRO,20211230,144.9,146.2,143.77,144.1,212175
XRO,20211231,144.55,144.86,141.44,141.44,161670
XRO,20220104,140.8,146.37,139.83,146.22,258064
XRO,20220105,144.18,145.2,140.44,140.67,282588
XRO,20220106,136.02,138.6,131.5,131.5,453235
XRO,20220107,132.45,133.07,129.51,130.83,325691
XRO,20220110,128.88,128.88,125.35,127.23,551303
XRO,20220111,128.94,129.97,124.9,126,664180
XRO,20220112,129,129.8,126.97,127.57,396821
XRO,20220113,127,127.76,125.44,125.44,321248
XRO,20220114,122.11,122.72,118.69,119.11,1008654
XRO,20220117,118.5,120.38,117.4,119.62,409596
XRO,20220118,119.4,123.67,119.1,120.09,328061
XRO,20220119,120,120.365,116.24,117.72,464208
XRO,20220120,115.53,117.92,115.01,117.4,398883
XRO,20220121,116,119.2,115.42,117.67,474840
XRO,20220124,116.5,117.67,115.82,116.22,340883
XRO,20220125,115.1,115.83,110.94,112.19,609543
XRO,20220127,109.5,109.72,102.23,104.69,1038103
XRO,20220128,107.24,110.81,104.5,109.86,1459484
XRO,20220131,110.89,113.79,110.31,112.91,496723
XRO,20220201,117.9,117.9,113.74,113.98,434767
XRO,20220202,115,115.74,114.26,115.37,314519
XRO,20220203,111,111.28,107.61,109.56,328418
XRO,20220204,110.49,115,109.46,111.45,423229
XRO,20220207,113.49,114.075,110.32,111.95,340558
XRO,20220208,111.18,114.71,110.9,111.4,441255
XRO,20220209,112.32,115.42,111.12,115.27,388042
XRO,20220210,120,120,114.88,115.88,553163
XRO,20220211,113.02,113.26,110.1,110.65,406636
XRO,20220214,110.2,110.26,107.71,109,395163
XRO,20220215,108.81,110.32,107.8,109.32,555546
XRO,20220216,112.6,112.6,108.14,109.04,278332
XRO,20220217,108.54,108.67,105.52,105.82,759353
XRO,20220218,102.58,105.48,101.51,103,581769
XRO,20220221,100.02,102.02,98.32,101.67,602127
XRO,20220222,99.01,100.08,96.29,98.49,489086
XRO,20220223,100,100.99,97.81,98.6,1036839
XRO,20220224,94.66,95.68,91.81,93.21,614748
XRO,20220225,98.5,98.5,93.98,96.21,674366
XRO,20220228,94.98,94.98,92.7,93.73,772907
XRO,20220301,94.78,100.52,94.35,100.32,693018
XRO,20220302,99.81,101.11,98.3,101.05,629923
XRO,20220303,100.22,101.03,98.86,100.54,536207
XRO,20220304,97.63,99.135,96.73,98.05,518598
XRO,20220307,97,98.29,94.75,95.67,463694
XRO,20220308,92.5,96.89,92.5,95.28,514697
XRO,20220309,96.39,98.21,95.97,97.25,342193
XRO,20220310,100,101.49,98.41,98.56,520624
XRO,20220311,96.99,97.435,92.3,92.78,539242
XRO,20220314,92.61,93.93,90.15,93.6,451781
XRO,20220315,92.99,94.67,92.45,93.14,470230
XRO,20220316,0,0,0,0,0
XRO,20220317,103.65,103.86,99.23,99.82,1271499
XRO,20220318,99.99,100.29,98.22,99.09,523710
XRO,20220321,102.09,103.72,101.34,101.49,478524
XRO,20220322,102.29,102.65,98.32,98.82,296317
XRO,20220323,100.01,103.18,99.12,102.93,506938
XRO,20220324,101.49,102.97,99.67,102.76,413975
XRO,20220325,103.55,105,102.84,104.42,436746
XRO,20220328,104.47,104.53,99.03,99.03,375464
XRO,20220329,101.09,102.69,100.87,102.26,425373
XRO,20220330,105.62,108.66,104.1,107.73,545715
XRO,20220331,105.31,105.52,102.09,102.75,865643
XRO,20220401,102.29,102.99,100.1,100.65,339723
XRO,20220404,101.1,103.92,100.37,103.36,290631
XRO,20220405,107.79,108.4,106.1,108,519573
XRO,20220406,105.26,107.36,103.36,104.88,377481
XRO,20220407,101.16,102.99,100.61,101.81,407878
XRO,20220408,102.75,103.87,101.63,102.14,233746
XRO,20220411,101.1,102.58,100,101.51,193891
XRO,20220412,101.55,102.05,99.91,101.17,249855
XRO,20220413,100.72,102.07,100.16,100.72,143275
XRO,20220414,101.31,103,100.86,102.78,220786
XRO,20220419,101,102.41,99.14,100.95,356442
XRO,20220420,101.51,103.78,100.83,101.83,281999
XRO,20220421,101.51,103.78,100.83,101.83,281999
XRO,20220422,98.3,98.5,97.04,97.84,408871
XRO,20220426,97.64,98,95.85,96.29,440817
XRO,20220427,94.09,95.095,93.22,94.55,440328
XRO,20220428,95,96.2,93.5,93.9,325889
XRO,20220429,94.5,96.35,94,96.35,438009
XRO,20220502,93.99,93.99,88.14,90,704401
XRO,20220503,92.74,93.24,91.5,91.83,433202
XRO,20220504,91.9,92.71,91.56,92.09,285919
XRO,20220505,93.11,95.58,93.11,95.39,296846
XRO,20220506,89.69,90.75,86.57,86.57,688078
XRO,20220509,86.39,86.39,83.53,84.34,535466
XRO,20220510,82.5,87.86,81.27,87.85,804996
XRO,20220511,88,89.16,84.82,86.97,448535
XRO,20220512,81.52,82.04,75.8,76.9,1637803
XRO,20220513,80,84.24,79.35,84.16,997952
XRO,20220516,87.35,90.49,86.28,87.88,950473
XRO,20220517,87.18,87.7,83.75,86.45,390539
XRO,20220518,87.01,88.84,86.16,88.42,489949
XRO,20220519,85,86.27,84.24,85.64,366844
XRO,20220520,87.36,90.25,86.95,88.53,640736
XRO,20220523,88.7,91.23,88.61,90.48,367634
XRO,20220524,89.12,90.74,87.5,88.43,463452
XRO,20220525,87.01,88.32,86.33,87.74,244759
XRO,20220526,88.04,89.49,86.64,87.43,357102
XRO,20220527,89.57,89.8,86.55,87.47,1028168
XRO,20220530,88.7,92.59,88.38,92.02,627296
XRO,20220531,92.41,92.78,88.61,89.29,1462350
XRO,20220601,89.12,89.2,86.75,87.36,397661
XRO,20220602,85.6,86.83,84.47,84.78,773567
XRO,20220603,88.28,88.37,85.53,85.63,543160
XRO,20220606,83.5,84.78,83.33,84.38,322741
XRO,20220607,83.5,86.61,80.03,80.19,598570
XRO,20220608,80.9,82.97,80.88,81.85,367757
XRO,20220609,81,81.82,79.72,79.72,416014
XRO,20220610,78,82.98,77.55,82.93,797793
XRO,20220614,76.36,82.24,75.63,81.9,1001500
XRO,20220615,81.1,81.45,77.32,77.61,754083
XRO,20220616,80.83,81.74,77.65,77.85,764167
XRO,20220617,74.01,74.48,72.53,73.52,1330100
XRO,20220620,74.86,76.17,72.8,75.72,853812
XRO,20220621,76.55,77.12,74.66,75.51,446599
XRO,20220622,75.7,76.15,74.62,75,369298
XRO,20220623,75.3,77.09,74.8,76.42,574417
XRO,20220624,79.24,82.31,78.94,82.15,902708
XRO,20220627,83,84.1,82.17,83.13,538550
XRO,20220628,82.1,83.51,81.8,82.57,559000
XRO,20220629,80.01,81.5,77.33,78.52,476811
XRO,20220630,78.5,78.72,76.96,76.96,568591
XRO,20220701,77.2,79.05,76.56,77.01,426756
XRO,20220704,77.25,80.15,77.25,78.81,330651
XRO,20220705,79.5,80.905,79.11,80.64,343899
XRO,20220706,84.96,88.42,83.15,86,1065881
XRO,20220707,85.4,86,84.03,85.67,509922
XRO,20220708,87.45,88.19,86.3,87.04,370739
XRO,20220711,87.42,87.42,84.26,84.26,434989
XRO,20220712,83.5,84.83,83.05,84.28,570755
XRO,20220713,83.95,86.32,83.72,85.4,544172
XRO,20220714,85.23,87.49,84.25,87.11,301878
XRO,20220715,86.38,87.46,85.3,86.34,541425
XRO,20220718,86.6,88.17,85.46,88.03,270283
XRO,20220719,86.51,86.52,81.69,82.73,566982
XRO,20220720,86.54,89.28,86.01,87.64,551932
XRO,20220721,88,90.81,87.29,90.5,608568
XRO,20220722,90.75,93.12,89.36,91.22,683042
XRO,20220725,90.44,90.98,88.72,90.26,599859
XRO,20220726,89.12,89.55,87.7,89.13,320325
XRO,20220727,87.81,90,87.81,89.59,319873
XRO,20220728,92.6,94.43,90.09,90.94,437776
XRO,20220729,92.41,94.08,90.9,92.99,429134
XRO,20220801,93.17,94.63,92.1,92.6,337899
XRO,20220802,93.02,93.65,92.02,93.58,265350
XRO,20220803,93.7,97.33,93.24,96.9,541249
XRO,20220805,98.46,98.98,94.93,95.04,303306
XRO,20220808,94.98,95,93.37,94,310035
XRO,20220809,93.27,97.47,93,97.47,330715
XRO,20220810,94.64,94.92,92.7,93.81,339558
XRO,20220811,97,97.47,95.41,97.11,410416
XRO,20220812,94.31,95.69,93.53,94.75,319265
XRO,20220815,96.12,97.93,95.43,95.82,290394
XRO,20220816,96.88,97.57,95.51,96.76,309131
XRO,20220817,97,98.15,95.52,97.59,235460
XRO,20220818,94.57,94.88,90.11,90.65,933856
XRO,20220819,87.6,90.505,87.6,88.8,725472
XRO,20220822,86.54,88.33,86.11,87.66,679893
XRO,20220823,86.9,88,86.19,86.19,369500
XRO,20220824,86.25,87.45,86.12,87.14,239593
XRO,20220825,87.57,88.91,86.645,88.07,265686
XRO,20220826,88,88.69,87.29,88.02,291935
XRO,20220829,84.5,84.5,82.54,83.09,476924
XRO,20220830,83.25,85.4,82.74,84.6,485119
XRO,20220831,85,87.75,84.85,87.75,463034
XRO,20220901,85.59,87.09,85.06,85.32,399424
XRO,20220902,85.31,87.09,83.1,83.37,289429
XRO,20220905,83,84.24,81.58,83.77,372742
XRO,20220906,83.7,85.47,83.7,84.2,360531
XRO,20220907,82.51,84.28,82.45,84.14,519251
XRO,20220909,87.5,88.97,87.12,88.41,293700
XRO,20220912,90.72,90.8,88.5,89.24,262063
XRO,20220913,90.41,91.39,90.06,90.92,289699
XRO,20220914,86.01,86.99,84.9,86.48,517519
XRO,20220915,86.57,87.11,85.08,85.08,484282
XRO,20220916,84.52,84.675,82.85,83.59,1150180
XRO,20220919,82.92,84.87,82.85,84.44,292912
XRO,20220920,85.1,85.73,84.61,85.56,286234
XRO,20220921,84.2,84.325,82.89,83.04,418800
