XTC,20200203,0.002,0.002,0.002,0.002,3800000
XTC,20200204,0.002,0.002,0.002,0.002,3299000
XTC,20200205,0.002,0.002,0.002,0.002,6000000
XTC,20200210,0.002,0.002,0.002,0.002,7500000
XTC,20200211,0.002,0.002,0.002,0.002,29484000
XTC,20200212,0.002,0.002,0.002,0.002,40048933
XTC,20200213,0.002,0.002,0.002,0.002,5350000
XTC,20200214,0.002,0.002,0.002,0.002,22206439
XTC,20200217,0.002,0.002,0.002,0.002,9855000
XTC,20200218,0.002,0.002,0.002,0.002,7803640
XTC,20200219,0.002,0.002,0.002,0.002,2083029
XTC,20200220,0.002,0.002,0.002,0.002,14905970
XTC,20200221,0.002,0.003,0.002,0.002,3750000
XTC,20200224,0.002,0.002,0.002,0.002,0
XTC,20200225,0.002,0.002,0.002,0.002,0
XTC,20200226,0.002,0.002,0.002,0.002,41989512
XTC,20200227,0.002,0.002,0.002,0.002,5541257
XTC,20200228,0.002,0.002,0.002,0.002,48768
XTC,20200302,0.002,0.002,0.002,0.002,992525
XTC,20200303,0.002,0.002,0.002,0.002,7031021
XTC,20200304,0.002,0.002,0.002,0.002,0
XTC,20200305,0.002,0.003,0.002,0.003,2239370
XTC,20200306,0.002,0.003,0.002,0.002,84990527
XTC,20200309,0.003,0.003,0.002,0.002,33166666
XTC,20200310,0.002,0.002,0.001,0.002,10995523
XTC,20200311,0.002,0.002,0.002,0.002,2500000
XTC,20200312,0.002,0.002,0.002,0.002,28031413
XTC,20200313,0.002,0.002,0.002,0.002,2292525
XTC,20200316,0.002,0.002,0.001,0.002,3392525
XTC,20200317,0.002,0.002,0.002,0.002,0
XTC,20200318,0.002,0.002,0.002,0.002,0
XTC,20200319,0.002,0.002,0.002,0.002,0
XTC,20200320,0.002,0.002,0.002,0.002,0
XTC,20200323,0.002,0.002,0.002,0.002,0
XTC,20200324,0.002,0.002,0.002,0.002,0
XTC,20200325,0.002,0.002,0.002,0.002,8000000
XTC,20200326,0.002,0.002,0.002,0.002,0
XTC,20200327,0.002,0.002,0.002,0.002,0
XTC,20200330,0.002,0.002,0.002,0.002,0
XTC,20200331,0.002,0.002,0.002,0.002,5000000
XTC,20200401,0.002,0.002,0.002,0.002,12000000
XTC,20200402,0.002,0.002,0.002,0.002,0
XTC,20200403,0.002,0.002,0.002,0.002,1500000
XTC,20200406,0.001,0.002,0.001,0.002,310000
XTC,20200407,0.002,0.002,0.002,0.002,833334
XTC,20200408,0.002,0.002,0.002,0.002,0
XTC,20200409,0.002,0.003,0.002,0.002,55180182
XTC,20200414,0.002,0.002,0.002,0.002,83468
XTC,20200415,0.002,0.003,0.002,0.003,95644904
XTC,20200416,0.004,0.005,0.003,0.005,137997245
XTC,20200417,0.004,0.004,0.004,0.004,59432910
XTC,20200420,0.005,0.005,0.003,0.004,40963539
XTC,20200421,0.004,0.004,0.003,0.003,21568846
XTC,20200422,0.003,0.004,0.003,0.004,59803625
XTC,20200423,0.004,0.004,0.004,0.004,12703666
XTC,20200424,0.004,0.004,0.004,0.004,10690512
XTC,20200427,0.004,0.004,0.003,0.003,13331966
XTC,20200428,0.004,0.004,0.004,0.004,3960011
XTC,20200429,0.004,0.005,0.002,0.002,99911654
XTC,20200430,0.003,0.003,0.002,0.002,17409214
XTC,20200501,0.003,0.003,0.002,0.002,2067633
XTC,20200504,0.003,0.003,0.002,0.003,2778999
XTC,20200505,0.002,0.002,0.002,0.002,3445000
XTC,20200506,0.003,0.003,0.002,0.002,569999
XTC,20200507,0.002,0.002,0.002,0.002,1000000
XTC,20200508,0.002,0.002,0.002,0.002,1870699
XTC,20200511,0.003,0.003,0.002,0.002,6557116
XTC,20200512,0.002,0.002,0.002,0.002,708354
XTC,20200513,0.002,0.002,0.002,0.002,2666666
XTC,20200514,0.002,0.002,0.002,0.002,5000000
XTC,20200515,0.002,0.002,0.002,0.002,0
XTC,20200518,0.002,0.002,0.002,0.002,1086950
XTC,20200519,0.002,0.002,0.002,0.002,6211682
XTC,20200520,0.002,0.002,0.002,0.002,20000000
XTC,20200521,0.002,0.002,0.002,0.002,610000
XTC,20200522,0.002,0.002,0.002,0.002,24016666
XTC,20200525,0.003,0.003,0.002,0.003,10761683
XTC,20200526,0.003,0.003,0.002,0.002,2400000
XTC,20200527,0.002,0.002,0.002,0.002,4060000
XTC,20200528,0.002,0.002,0.002,0.002,8831234
XTC,20200529,0.002,0.002,0.002,0.002,0
XTC,20200601,0.002,0.002,0.002,0.002,7600000
XTC,20200602,0.002,0.002,0.002,0.002,0
XTC,20200603,0.002,0.002,0.002,0.002,0
XTC,20200604,0.002,0.002,0.002,0.002,11611683
XTC,20200605,0.002,0.002,0.002,0.002,3512000
XTC,20200609,0.003,0.003,0.002,0.002,4215523
XTC,20200610,0.003,0.003,0.002,0.002,3061220
XTC,20200611,0.002,0.002,0.002,0.002,30550001
XTC,20200612,0.002,0.002,0.002,0.002,110580619
XTC,20200615,0.002,0.002,0.002,0.002,10002497
XTC,20200616,0.002,0.002,0.002,0.002,14377731
XTC,20200617,0.002,0.002,0.002,0.002,300000
XTC,20200618,0.002,0.002,0.002,0.002,502828
XTC,20200619,0.002,0.002,0.002,0.002,1056552
XTC,20200622,0.002,0.002,0.002,0.002,2590000
XTC,20200623,0.002,0.002,0.002,0.002,0
XTC,20200624,0.002,0.002,0.002,0.002,0
XTC,20200625,0.002,0.002,0.002,0.002,4545016
XTC,20200626,0.002,0.002,0.002,0.002,15000864
XTC,20200629,0.002,0.003,0.002,0.003,830000
XTC,20200630,0.002,0.002,0.002,0.002,3506666
XTC,20200701,0.002,0.002,0.002,0.002,3750000
XTC,20200702,0.002,0.002,0.002,0.002,0
XTC,20200703,0.002,0.002,0.002,0.002,0
XTC,20200706,0.002,0.002,0.002,0.002,57552449
XTC,20200707,0.002,0.002,0.002,0.002,17672746
XTC,20200708,0.002,0.002,0.002,0.002,161683
XTC,20200709,0.002,0.002,0.002,0.002,0
XTC,20200710,0.002,0.002,0.002,0.002,539791
XTC,20200713,0.002,0.002,0.002,0.002,12700000
XTC,20200714,0.002,0.002,0.002,0.002,7750000
XTC,20200715,0.002,0.002,0.002,0.002,1000000
XTC,20200716,0.002,0.002,0.002,0.002,15000000
XTC,20200717,0.002,0.002,0.002,0.002,5769472
XTC,20200720,0.003,0.003,0.002,0.002,3302000
XTC,20200721,0.002,0.002,0.002,0.002,0
XTC,20200722,0.002,0.002,0.002,0.002,0
XTC,20200723,0.002,0.002,0.002,0.002,3355000
XTC,20200724,0.002,0.002,0.002,0.002,0
XTC,20200727,0.002,0.002,0.002,0.002,374190
XTC,20200728,0.003,0.003,0.002,0.002,2311682
XTC,20200729,0.003,0.003,0.002,0.002,2585016
XTC,20200730,0.002,0.002,0.002,0.002,2001242
XTC,20200731,0.003,0.003,0.002,0.002,5425000
XTC,20200803,0.002,0.002,0.002,0.002,0
XTC,20200804,0.002,0.002,0.002,0.002,533366
XTC,20200805,0.002,0.002,0.002,0.002,183333
XTC,20200806,0.003,0.003,0.002,0.002,3575405
XTC,20200807,0.003,0.003,0.002,0.002,3475000
XTC,20200810,0.002,0.002,0.002,0.002,4777200
XTC,20200811,0.002,0.002,0.002,0.002,24971691
XTC,20200812,0.003,0.003,0.002,0.003,9087291
XTC,20200813,0.002,0.003,0.002,0.003,7742294
XTC,20200814,0.002,0.003,0.002,0.002,2032000
XTC,20200817,0.002,0.003,0.002,0.002,748350
XTC,20200818,0.003,0.003,0.002,0.003,3250000
XTC,20200819,0.003,0.003,0.003,0.003,5310014
XTC,20200820,0.003,0.003,0.003,0.003,167000
XTC,20200821,0.002,0.003,0.002,0.003,1842399
XTC,20200824,0.003,0.003,0.002,0.002,1013333
XTC,20200825,0.003,0.004,0.003,0.004,117956080
XTC,20200826,0.004,0.004,0.003,0.003,31036284
XTC,20200827,0.003,0.004,0.003,0.003,15790137
XTC,20200828,0.004,0.004,0.003,0.003,9523355
XTC,20200831,0.004,0.004,0.003,0.003,2825945
XTC,20200901,0.004,0.004,0.004,0.004,3775000
XTC,20200902,0.003,0.003,0.003,0.003,1620000
XTC,20200903,0.003,0.003,0.003,0.003,87481536
XTC,20200904,0.003,0.003,0.003,0.003,24533333
XTC,20200907,0.003,0.003,0.003,0.003,4308889
XTC,20200908,0.003,0.003,0.003,0.003,12200000
XTC,20200909,0.004,0.004,0.003,0.004,13974000
XTC,20200910,0.004,0.004,0.003,0.003,5515000
XTC,20200911,0.004,0.004,0.003,0.003,5338755
XTC,20200914,0.003,0.003,0.003,0.003,696262
XTC,20200915,0.004,0.004,0.003,0.003,3815500
XTC,20200916,0.004,0.004,0.003,0.003,6011666
XTC,20200917,0.003,0.003,0.003,0.003,5226825
XTC,20200918,0.003,0.003,0.003,0.003,8132484
XTC,20200921,0.004,0.005,0.004,0.004,195365299
XTC,20200922,0.004,0.004,0.004,0.004,0
XTC,20200923,0.003,0.003,0.002,0.002,318981348
XTC,20200924,0.003,0.003,0.002,0.003,104899499
XTC,20200925,0.003,0.003,0.002,0.003,24220009
XTC,20200928,0.003,0.003,0.002,0.003,13525000
XTC,20200929,0.003,0.003,0.002,0.003,35284101
XTC,20200930,0.003,0.003,0.003,0.003,18354011
XTC,20201001,0.003,0.003,0.003,0.003,11419794
XTC,20201002,0.003,0.003,0.003,0.003,8360015
XTC,20201005,0.003,0.003,0.003,0.003,16233917
XTC,20201006,0.003,0.003,0.002,0.002,9263365
XTC,20201007,0.003,0.003,0.002,0.002,6800000
XTC,20201008,0.002,0.002,0.002,0.002,0
XTC,20201009,0.002,0.003,0.002,0.002,16059262
XTC,20201012,0.003,0.003,0.002,0.002,6044888
XTC,20201013,0.003,0.003,0.002,0.003,12122697
XTC,20201014,0.003,0.003,0.002,0.003,33248554
XTC,20201015,0.003,0.003,0.003,0.003,15503259
XTC,20201016,0.003,0.004,0.003,0.003,1575000
XTC,20201019,0.003,0.003,0.002,0.003,11931572
XTC,20201020,0.002,0.003,0.002,0.003,2390000
XTC,20201021,0.003,0.003,0.003,0.003,1830000
XTC,20201022,0.003,0.003,0.003,0.003,2545015
XTC,20201023,0.002,0.002,0.002,0.002,200000
XTC,20201026,0.003,0.003,0.002,0.002,7578350
XTC,20201027,0.003,0.003,0.002,0.002,848333
XTC,20201028,0.003,0.003,0.002,0.003,19869228
XTC,20201029,0.003,0.003,0.002,0.003,9899349
XTC,20201030,0.002,0.003,0.002,0.002,3750000
XTC,20201102,0.003,0.003,0.003,0.003,500018
XTC,20201103,0.002,0.002,0.002,0.002,599999
XTC,20201104,0.002,0.003,0.002,0.002,1370000
XTC,20201105,0.003,0.003,0.002,0.003,1668101
XTC,20201106,0.002,0.002,0.002,0.002,270000
XTC,20201109,0.002,0.002,0.002,0.002,0
XTC,20201110,0.002,0.003,0.002,0.003,2181666
XTC,20201111,0.003,0.003,0.003,0.003,910015
XTC,20201112,0.002,0.003,0.002,0.002,839332
XTC,20201113,0.002,0.003,0.002,0.003,613210
XTC,20201116,0.002,0.002,0.002,0.002,5270000
XTC,20201117,0.003,0.003,0.002,0.002,1940000
XTC,20201118,0.002,0.002,0.002,0.002,1505622
XTC,20201120,0.003,0.003,0.003,0.003,641780
XTC,20201123,0.003,0.003,0.003,0.003,0
XTC,20201124,0.003,0.003,0.003,0.003,0
XTC,20201125,0.002,0.002,0.002,0.002,4529666
XTC,20201126,0.002,0.002,0.002,0.002,28650000
XTC,20201127,0.002,0.002,0.002,0.002,2991917
XTC,20201130,0.002,0.002,0.002,0.002,2485000
XTC,20201201,0.002,0.002,0.002,0.002,170000
XTC,20201202,0.002,0.002,0.002,0.002,200000
XTC,20201203,0.002,0.002,0.002,0.002,666666
XTC,20201204,0.002,0.002,0.002,0.002,245010
XTC,20201207,0.002,0.002,0.002,0.002,10587297
XTC,20201208,0.002,0.002,0.002,0.002,10866665
XTC,20201209,0.003,0.003,0.002,0.002,11660000
XTC,20201210,0.002,0.002,0.002,0.002,567333
XTC,20201211,0.002,0.002,0.002,0.002,3770367
XTC,20201214,0.003,0.003,0.002,0.002,2012500
XTC,20201215,0.002,0.002,0.002,0.002,0
XTC,20201216,0.003,0.003,0.002,0.002,4370000
XTC,20201217,0.003,0.003,0.002,0.002,6821698
XTC,20201218,0.002,0.002,0.002,0.002,178350
XTC,20201221,0.002,0.003,0.002,0.002,14784931
XTC,20201222,0.002,0.002,0.002,0.002,2000000
XTC,20201224,0.002,0.002,0.002,0.002,0
XTC,20201229,0.002,0.002,0.002,0.002,300000
XTC,20201230,0.002,0.002,0.002,0.002,53000000
XTC,20201231,0.002,0.002,0.002,0.002,0
XTC,20210104,0.002,0.002,0.002,0.002,2230066
XTC,20210105,0.002,0.002,0.002,0.002,740625
XTC,20210106,0.002,0.003,0.002,0.003,736430
XTC,20210107,0.003,0.003,0.002,0.002,4049683
XTC,20210108,0.002,0.002,0.002,0.002,59712
XTC,20210111,0.003,0.003,0.002,0.002,2089999
XTC,20210112,0.002,0.002,0.002,0.002,1323333
XTC,20210113,0.002,0.002,0.002,0.002,0
XTC,20210114,0.003,0.003,0.002,0.002,2756263
XTC,20210115,0.002,0.002,0.002,0.002,3324613
XTC,20210118,0.002,0.002,0.002,0.002,3078350
XTC,20210119,0.002,0.002,0.002,0.002,600333
XTC,20210120,0.002,0.002,0.002,0.002,306263
XTC,20210121,0.002,0.002,0.002,0.002,10250000
XTC,20210122,0.002,0.002,0.002,0.002,0
XTC,20210125,0.002,0.003,0.002,0.002,1010000
XTC,20210127,0.003,0.003,0.002,0.002,761683
XTC,20210128,0.003,0.003,0.002,0.002,849747
XTC,20210129,0.002,0.002,0.002,0.002,3203772
XTC,20210201,0.002,0.002,0.002,0.002,1526218
XTC,20210203,0.002,0.002,0.001,0.002,15072150
XTC,20210204,0.002,0.002,0.001,0.002,10742525
XTC,20210205,0.002,0.002,0.002,0.002,250000
XTC,20210208,0.002,0.002,0.002,0.002,27487064
XTC,20210209,0.002,0.002,0.002,0.002,8498992
XTC,20210210,0.002,0.002,0.002,0.002,29039579
XTC,20210211,0.002,0.002,0.002,0.002,2882087
XTC,20210212,0.002,0.002,0.002,0.002,110500
XTC,20210215,0.002,0.002,0.002,0.002,8352000
XTC,20210216,0.002,0.002,0.002,0.002,8118333
XTC,20210217,0.002,0.002,0.002,0.002,2453332
XTC,20210218,0.002,0.002,0.002,0.002,2157943
XTC,20210219,0.002,0.002,0.002,0.002,790010
XTC,20210222,0.002,0.002,0.002,0.002,24171915
XTC,20210223,0.002,0.002,0.002,0.002,3000000
XTC,20210224,0.002,0.002,0.002,0.002,5291667
XTC,20210225,0.002,0.002,0.002,0.002,2481841
XTC,20210226,0.002,0.002,0.002,0.002,15600000
XTC,20210301,0.001,0.002,0.001,0.002,726224
XTC,20210302,0.002,0.002,0.002,0.002,250000
XTC,20210303,0.001,0.002,0.001,0.002,1152525
XTC,20210304,0.002,0.002,0.002,0.002,0
XTC,20210305,0.001,0.002,0.001,0.001,52181761
XTC,20210308,0.002,0.002,0.002,0.002,22878891
XTC,20210309,0.002,0.002,0.002,0.002,14256358
XTC,20210310,0.002,0.002,0.002,0.002,5350000
XTC,20210311,0.002,0.002,0.002,0.002,5350000
XTC,20210312,0.002,0.002,0.002,0.002,12474082
XTC,20210315,0.002,0.002,0.002,0.002,3205000
XTC,20210316,0.002,0.002,0.002,0.002,14576666
XTC,20210317,0.002,0.002,0.002,0.002,5668333
XTC,20210318,0.002,0.002,0.002,0.002,12267000
XTC,20210319,0.002,0.002,0.002,0.002,5108003
XTC,20210322,0.002,0.002,0.002,0.002,16480944
XTC,20210323,0.001,0.002,0.001,0.002,1250000
XTC,20210324,0.002,0.002,0.002,0.002,10365737
XTC,20210325,0.003,0.003,0.002,0.003,8394830
XTC,20210329,0.002,0.002,0.002,0.002,7000000
XTC,20210330,0.002,0.002,0.002,0.002,2485553
XTC,20210331,0.002,0.002,0.002,0.002,5642926
XTC,20210401,0.002,0.002,0.002,0.002,701617
XTC,20210406,0.002,0.002,0.002,0.002,11340976
XTC,20210407,0.002,0.003,0.002,0.002,18855546
XTC,20210408,0.002,0.002,0.002,0.002,0
XTC,20210409,0.002,0.002,0.002,0.002,2250000
XTC,20210412,0.002,0.002,0.002,0.002,250000
XTC,20210413,0.002,0.002,0.002,0.002,750000
XTC,20210414,0.003,0.003,0.002,0.002,3491166
XTC,20210415,0.003,0.003,0.002,0.002,4733341
XTC,20210416,0.002,0.002,0.002,0.002,716623
XTC,20210419,0.002,0.002,0.002,0.002,4666665
XTC,20210420,0.002,0.003,0.002,0.003,11168682
XTC,20210421,0.003,0.003,0.002,0.002,3170000
XTC,20210422,0.002,0.003,0.002,0.003,204984
XTC,20210423,0.003,0.003,0.002,0.002,858667
XTC,20210426,0.002,0.002,0.002,0.002,441000
XTC,20210427,0.002,0.002,0.002,0.002,2400000
XTC,20210428,0.002,0.002,0.002,0.002,232127
XTC,20210429,0.003,0.003,0.002,0.002,6930232
XTC,20210430,0.002,0.002,0.002,0.002,1050000
XTC,20210503,0.002,0.002,0.002,0.002,250000
XTC,20210504,0.002,0.003,0.002,0.002,1926668
XTC,20210505,0.002,0.002,0.002,0.002,5498335
XTC,20210506,0.002,0.002,0.002,0.002,0
XTC,20210507,0.002,0.002,0.002,0.002,900332
XTC,20210510,0.002,0.002,0.002,0.002,2500334
XTC,20210511,0.002,0.002,0.002,0.002,0
XTC,20210512,0.002,0.002,0.002,0.002,17377148
XTC,20210513,0.002,0.002,0.002,0.002,295000
XTC,20210514,0.002,0.002,0.002,0.002,4000000
XTC,20210517,0.002,0.002,0.002,0.002,2764839
XTC,20210518,0.002,0.002,0.002,0.002,500000
XTC,20210519,0.002,0.002,0.002,0.002,1300000
XTC,20210520,0.002,0.002,0.002,0.002,4100000
XTC,20210521,0.002,0.002,0.002,0.002,25000
XTC,20210524,0.002,0.002,0.002,0.002,0
XTC,20210525,0.002,0.002,0.002,0.002,2729607
XTC,20210526,0.002,0.002,0.002,0.002,8029501
XTC,20210527,0.002,0.002,0.002,0.002,18252285
XTC,20210528,0.002,0.002,0.002,0.002,0
XTC,20210531,0.002,0.002,0.002,0.002,1500000
XTC,20210601,0.002,0.002,0.002,0.002,0
XTC,20210602,0.002,0.002,0.002,0.002,0
XTC,20210603,0.002,0.002,0.002,0.002,495000
XTC,20210604,0.002,0.002,0.002,0.002,430000
XTC,20210607,0.002,0.002,0.002,0.002,50000
XTC,20210609,0.002,0.002,0.002,0.002,0
XTC,20210610,0.002,0.002,0.002,0.002,5572
XTC,20210611,0.002,0.002,0.002,0.002,0
XTC,20210615,0.002,0.002,0.002,0.002,19909798
XTC,20210616,0.002,0.002,0.001,0.002,11811002
XTC,20210617,0.002,0.002,0.002,0.002,0
XTC,20210618,0.002,0.002,0.002,0.002,8750000
XTC,20210621,0.002,0.002,0.001,0.001,2607800
XTC,20210622,0.002,0.002,0.002,0.002,9520000
XTC,20210623,0.002,0.002,0.002,0.002,10500000
XTC,20210625,0.002,0.002,0.002,0.002,0
XTC,20210628,0.002,0.002,0.002,0.002,652222
XTC,20210629,0.002,0.002,0.001,0.001,1702675
XTC,20210630,0.002,0.002,0.001,0.002,6741223
XTC,20210701,0.002,0.002,0.002,0.002,3650000
XTC,20210705,0.002,0.002,0.002,0.002,1470000
XTC,20210706,0.002,0.002,0.002,0.002,716000
XTC,20210707,0.002,0.002,0.002,0.002,0
XTC,20210708,0.002,0.002,0.002,0.002,2000000
XTC,20210709,0.002,0.002,0.002,0.002,0
XTC,20210712,0.002,0.002,0.002,0.002,0
XTC,20210714,0.001,0.002,0.001,0.002,2995250
XTC,20210715,0.002,0.002,0.002,0.002,2460000
XTC,20210716,0.002,0.002,0.002,0.002,3443932
XTC,20210719,0.002,0.002,0.002,0.002,940000
XTC,20210720,0.002,0.002,0.002,0.002,12030250
XTC,20210723,0.002,0.002,0.002,0.002,0
XTC,20210726,0.002,0.002,0.002,0.002,0
XTC,20210727,0.002,0.002,0.002,0.002,9951
XTC,20210728,0.002,0.002,0.002,0.002,498
XTC,20210729,0.002,0.002,0.002,0.002,1000000
XTC,20210730,0.001,0.001,0.001,0.001,486672
XTC,20210802,0.002,0.002,0.002,0.002,750000
XTC,20210803,0.002,0.002,0.002,0.002,250249
XTC,20210804,0.002,0.002,0.002,0.002,400000
XTC,20210805,0.002,0.002,0.002,0.002,0
XTC,20210806,0.002,0.002,0.002,0.002,0
XTC,20210809,0.002,0.002,0.002,0.002,0
XTC,20210810,0.002,0.002,0.002,0.002,0
XTC,20210811,0.002,0.002,0.002,0.002,250000
XTC,20210812,0.001,0.002,0.001,0.001,850000
XTC,20210813,0.001,0.001,0.001,0.001,0
XTC,20210819,0.001,0.001,0.001,0.001,0
XTC,20210820,0.001,0.001,0.001,0.001,333333
XTC,20210823,0.002,0.002,0.001,0.001,4336666
XTC,20210824,0.001,0.001,0.001,0.001,0
XTC,20210825,0.001,0.001,0.001,0.001,0
XTC,20210826,0.002,0.002,0.002,0.002,101850
XTC,20210827,0.002,0.002,0.002,0.002,500000
XTC,20210830,0.002,0.002,0.002,0.002,0
XTC,20210831,0.002,0.002,0.002,0.002,19031662
XTC,20210901,0.002,0.002,0.002,0.002,5146424
XTC,20210902,0.002,0.002,0.002,0.002,14118164
XTC,20210903,0.001,0.002,0.001,0.002,1600000
XTC,20210906,0.002,0.002,0.002,0.002,2286700
XTC,20210907,0.002,0.002,0.002,0.002,1063378
XTC,20210908,0.002,0.002,0.001,0.002,10511207
XTC,20210909,0.002,0.002,0.001,0.001,2815000
XTC,20210910,0.002,0.002,0.001,0.001,1767527
XTC,20210913,0.002,0.002,0.002,0.002,4055091
XTC,20210914,0.002,0.002,0.002,0.002,6172519
XTC,20210915,0.002,0.002,0.002,0.002,10500000
XTC,20210916,0.002,0.002,0.002,0.002,1900000
XTC,20210917,0.002,0.002,0.002,0.002,0
XTC,20210920,0.002,0.002,0.002,0.002,16852519
XTC,20210922,0.002,0.002,0.002,0.002,2119201
XTC,20210923,0.002,0.002,0.002,0.002,0
XTC,20210924,0.002,0.002,0.002,0.002,2383333
XTC,20210927,0.002,0.002,0.002,0.002,11867000
XTC,20210928,0.002,0.002,0.002,0.002,31545148
XTC,20210929,0.002,0.002,0.002,0.002,6121824
XTC,20210930,0.002,0.002,0.002,0.002,28324483
XTC,20211001,0.002,0.002,0.001,0.002,6124780
XTC,20211004,0.002,0.002,0.002,0.002,12784069
XTC,20211005,0.003,0.003,0.002,0.002,1645833
XTC,20211006,0.002,0.002,0.002,0.002,7992577
XTC,20211007,0.002,0.002,0.002,0.002,0
XTC,20211008,0.002,0.002,0.002,0.002,40001000
XTC,20211011,0.002,0.002,0.002,0.002,31263736
XTC,20211012,0.002,0.002,0.002,0.002,31263736
XTC,20211013,0.003,0.003,0.002,0.002,7188554
XTC,20211014,0.003,0.003,0.002,0.003,5330000
XTC,20211019,0.003,0.003,0.003,0.003,59712062
XTC,20211020,0.003,0.004,0.003,0.004,26423416
XTC,20211021,0.004,0.005,0.003,0.003,162348180
XTC,20211022,0.004,0.004,0.003,0.004,61548841
XTC,20211025,0.004,0.004,0.003,0.004,7898846
XTC,20211026,0.004,0.004,0.003,0.004,15136450
XTC,20211028,0.004,0.005,0.004,0.004,22964916
XTC,20211029,0.005,0.006,0.004,0.005,59312894
XTC,20211101,0.005,0.005,0.005,0.005,27045427
XTC,20211102,0.005,0.005,0.004,0.004,1990671
XTC,20211103,0.004,0.005,0.004,0.004,55433980
XTC,20211104,0.004,0.005,0.004,0.005,12121261
XTC,20211105,0.005,0.005,0.005,0.005,1101952
XTC,20211109,0.005,0.005,0.005,0.005,29222788
XTC,20211110,0.005,0.005,0.005,0.005,834263
XTC,20211112,0.005,0.005,0.005,0.005,17141389
XTC,20211115,0.005,0.005,0.005,0.005,10882819
XTC,20211116,0.005,0.005,0.004,0.004,1839305
XTC,20211117,0.004,0.005,0.004,0.005,14177333
XTC,20211118,0.005,0.005,0.004,0.004,7931954
XTC,20211119,0.005,0.005,0.004,0.005,6179691
XTC,20211122,0.005,0.005,0.004,0.005,27500230
XTC,20211123,0.005,0.005,0.004,0.004,10066111
XTC,20211124,0.004,0.005,0.004,0.005,2323043
XTC,20211125,0.005,0.005,0.004,0.005,1764138
XTC,20211126,0.005,0.005,0.004,0.004,30684046
XTC,20211129,0.005,0.005,0.004,0.004,111230196
XTC,20211130,0.003,0.004,0.003,0.004,14557892
XTC,20211201,0.003,0.004,0.003,0.004,22338125
XTC,20211202,0.004,0.004,0.004,0.004,42250451
XTC,20211203,0.005,0.005,0.004,0.004,16712459
XTC,20211206,0.005,0.005,0.004,0.004,6771723
XTC,20211207,0.004,0.004,0.004,0.004,225000
XTC,20211208,0.004,0.005,0.004,0.005,36451189
XTC,20211209,0.005,0.005,0.004,0.005,27314632
XTC,20211210,0.004,0.004,0.004,0.004,12100000
XTC,20211213,0.005,0.005,0.004,0.004,3359943
XTC,20211214,0.005,0.005,0.005,0.005,899978
XTC,20211216,0.005,0.005,0.005,0.005,645955
XTC,20211217,0.005,0.005,0.004,0.005,1949986
XTC,20211220,0.004,0.005,0.004,0.005,2450958
XTC,20211221,0.005,0.006,0.005,0.005,48708038
XTC,20211222,0.005,0.005,0.004,0.005,4067511
XTC,20211223,0.005,0.005,0.004,0.004,8320937
XTC,20211224,0.005,0.005,0.004,0.005,14677400
XTC,20211229,0.005,0.006,0.005,0.006,13509472
XTC,20211230,0.006,0.006,0.005,0.006,2549812
XTC,20211231,0.005,0.005,0.004,0.005,22389141
XTC,20220104,0.005,0.005,0.005,0.005,6123203
XTC,20220105,0.005,0.007,0.005,0.007,85825200
XTC,20220106,0.007,0.007,0.006,0.007,26556142
XTC,20220107,0.007,0.011,0.007,0.011,105654844
XTC,20220110,0.011,0.011,0.011,0.011,0
XTC,20220111,0.011,0.011,0.011,0.011,0
XTC,20220112,0.015,0.016,0.01,0.011,277693300
XTC,20220113,0.011,0.012,0.009,0.01,101779042
XTC,20220114,0.01,0.011,0.009,0.01,30073841
XTC,20220117,0.011,0.012,0.01,0.011,55259971
XTC,20220118,0.011,0.014,0.011,0.012,131529263
XTC,20220119,0.014,0.015,0.013,0.014,87066011
XTC,20220120,0.014,0.014,0.012,0.013,67535240
XTC,20220121,0.013,0.013,0.011,0.012,43621452
XTC,20220124,0.011,0.012,0.01,0.012,79251121
XTC,20220125,0.011,0.011,0.009,0.01,55467964
XTC,20220127,0.01,0.01,0.008,0.008,73254876
XTC,20220128,0.008,0.01,0.008,0.009,34865487
XTC,20220131,0.01,0.011,0.009,0.01,20466370
XTC,20220201,0.01,0.011,0.01,0.011,8633462
XTC,20220202,0.011,0.012,0.011,0.011,40844058
XTC,20220203,0.012,0.012,0.011,0.011,23463212
XTC,20220204,0.011,0.011,0.01,0.01,10086596
XTC,20220207,0.011,0.011,0.01,0.011,26688845
XTC,20220208,0.012,0.012,0.01,0.011,25659321
XTC,20220209,0.011,0.011,0.01,0.011,9655922
XTC,20220210,0.011,0.011,0.01,0.011,23102667
XTC,20220211,0.011,0.012,0.011,0.011,31753587
XTC,20220214,0.011,0.011,0.01,0.011,28891449
XTC,20220215,0.011,0.011,0.01,0.01,8592064
XTC,20220216,0.011,0.011,0.01,0.01,15454922
XTC,20220217,0.01,0.011,0.01,0.01,16635063
XTC,20220218,0.01,0.011,0.01,0.011,16605225
XTC,20220221,0.01,0.01,0.01,0.01,37889090
XTC,20220222,0.01,0.01,0.01,0.01,0
XTC,20220223,0.01,0.01,0.01,0.01,0
XTC,20220224,0.01,0.01,0.01,0.01,0
XTC,20220225,0.01,0.011,0.008,0.008,37062446
XTC,20220228,0.008,0.009,0.008,0.008,6850370
XTC,20220301,0.009,0.009,0.008,0.008,35033436
XTC,20220302,0.008,0.009,0.007,0.007,53566969
XTC,20220303,0.008,0.008,0.007,0.007,20544893
XTC,20220304,0.008,0.008,0.007,0.007,27554203
XTC,20220307,0.007,0.007,0.006,0.006,8255248
XTC,20220308,0.007,0.007,0.005,0.006,51859916
XTC,20220309,0.006,0.006,0.006,0.006,13589433
XTC,20220310,0.007,0.007,0.006,0.006,24105243
XTC,20220311,0.006,0.007,0.006,0.006,18839300
XTC,20220314,0.006,0.006,0.006,0.006,3730358
XTC,20220315,0.006,0.006,0.006,0.006,16000461
XTC,20220316,0,0,0,0,0
XTC,20220317,0.006,0.006,0.006,0.006,12068563
XTC,20220318,0.006,0.006,0.006,0.006,5214286
XTC,20220321,0.006,0.006,0.006,0.006,9150003
XTC,20220322,0.006,0.007,0.006,0.007,8357338
XTC,20220323,0.007,0.008,0.006,0.007,252203252
XTC,20220324,0.007,0.007,0.007,0.007,116075073
XTC,20220325,0.008,0.009,0.007,0.008,388874562
XTC,20220328,0.008,0.008,0.007,0.007,103907201
XTC,20220329,0.007,0.008,0.007,0.008,24129023
XTC,20220330,0.008,0.008,0.007,0.008,16739903
XTC,20220331,0.008,0.009,0.008,0.009,98372226
XTC,20220401,0.01,0.011,0.009,0.011,311534751
XTC,20220404,0.013,0.013,0.012,0.013,279596181
XTC,20220405,0.015,0.015,0.012,0.013,261145577
XTC,20220406,0.013,0.016,0.012,0.015,228597610
XTC,20220407,0.015,0.016,0.014,0.015,168681344
XTC,20220408,0.015,0.016,0.014,0.014,85778735
XTC,20220411,0.014,0.015,0.013,0.013,96162918
XTC,20220412,0.012,0.014,0.011,0.013,146021017
XTC,20220413,0.013,0.014,0.013,0.014,60332132
XTC,20220414,0.015,0.015,0.013,0.014,46403338
XTC,20220419,0.014,0.015,0.014,0.015,66403839
XTC,20220420,0.015,0.015,0.013,0.014,61094039
XTC,20220421,0.015,0.015,0.013,0.014,61094039
XTC,20220422,0.014,0.014,0.013,0.014,110271839
XTC,20220426,0.014,0.014,0.013,0.014,65301895
XTC,20220427,0.014,0.015,0.013,0.014,50022453
XTC,20220428,0.014,0.015,0.013,0.014,50463800
XTC,20220429,0.014,0.014,0.013,0.014,44274717
XTC,20220502,0.014,0.014,0.013,0.013,20233042
XTC,20220503,0.014,0.014,0.013,0.013,43855787
XTC,20220504,0.013,0.013,0.012,0.012,76440463
XTC,20220505,0.013,0.014,0.012,0.012,49037865
XTC,20220506,0.012,0.013,0.011,0.012,105214551
XTC,20220509,0.011,0.012,0.01,0.01,70476599
XTC,20220510,0.009,0.011,0.008,0.011,154515067
XTC,20220511,0.011,0.011,0.01,0.01,45717767
XTC,20220512,0.01,0.01,0.009,0.01,73740011
XTC,20220513,0.01,0.01,0.01,0.01,25624447
XTC,20220516,0.011,0.011,0.01,0.01,49260648
XTC,20220517,0.01,0.01,0.01,0.01,26904553
XTC,20220518,0.011,0.011,0.01,0.011,26825399
XTC,20220519,0.01,0.011,0.01,0.01,30452854
XTC,20220520,0.01,0.011,0.01,0.011,6523920
XTC,20220523,0.011,0.011,0.01,0.011,15377960
XTC,20220524,0.011,0.012,0.011,0.011,26638932
XTC,20220525,0.011,0.011,0.011,0.011,26525787
XTC,20220526,0.012,0.012,0.011,0.012,11527384
XTC,20220527,0.011,0.011,0.011,0.011,14253538
XTC,20220530,0.011,0.011,0.01,0.01,12847786
XTC,20220531,0.011,0.011,0.01,0.011,16635072
XTC,20220601,0.011,0.011,0.01,0.01,52994912
XTC,20220602,0.009,0.01,0.009,0.009,8670871
XTC,20220603,0.009,0.01,0.009,0.01,38563159
XTC,20220606,0.01,0.01,0.01,0.01,26459437
XTC,20220607,0.01,0.01,0.009,0.01,9474767
XTC,20220608,0.009,0.01,0.009,0.01,2634961
XTC,20220609,0.009,0.01,0.008,0.009,40580430
XTC,20220610,0.009,0.01,0.008,0.009,24141385
XTC,20220614,0.008,0.009,0.007,0.008,61593113
XTC,20220615,0.008,0.009,0.008,0.009,19029034
XTC,20220616,0.008,0.01,0.008,0.009,46486804
XTC,20220617,0.009,0.009,0.008,0.009,36639686
XTC,20220620,0.009,0.009,0.008,0.008,15561987
XTC,20220621,0.008,0.008,0.007,0.007,56115911
XTC,20220622,0.008,0.008,0.007,0.007,30402818
XTC,20220623,0.007,0.007,0.006,0.006,73665653
XTC,20220624,0.006,0.008,0.006,0.007,49357494
XTC,20220627,0.008,0.008,0.007,0.008,36586000
XTC,20220628,0.008,0.008,0.008,0.008,22964699
XTC,20220629,0.008,0.008,0.007,0.007,3518363
XTC,20220630,0.008,0.008,0.007,0.007,23258788
XTC,20220701,0.007,0.008,0.007,0.008,13055403
XTC,20220704,0.008,0.008,0.007,0.007,19883092
XTC,20220705,0.008,0.008,0.007,0.008,4593097
XTC,20220706,0.008,0.008,0.008,0.008,13189651
XTC,20220707,0.008,0.008,0.007,0.007,12751106
XTC,20220708,0.008,0.009,0.008,0.009,17935751
XTC,20220711,0.008,0.009,0.008,0.008,18201889
XTC,20220712,0.008,0.008,0.007,0.007,31670795
XTC,20220713,0.007,0.008,0.007,0.008,10596223
XTC,20220714,0.008,0.008,0.007,0.007,9480002
XTC,20220715,0.007,0.008,0.007,0.008,18344388
XTC,20220718,0.008,0.008,0.008,0.008,6418201
XTC,20220719,0.008,0.008,0.007,0.008,11157780
XTC,20220720,0.008,0.009,0.008,0.008,22328235
XTC,20220721,0.008,0.009,0.008,0.008,9240042
XTC,20220722,0.008,0.009,0.008,0.008,7435709
XTC,20220725,0.008,0.008,0.008,0.008,10554501
XTC,20220726,0.008,0.008,0.008,0.008,6038890
XTC,20220727,0.008,0.009,0.008,0.008,11672617
XTC,20220728,0.008,0.009,0.008,0.009,12841473
XTC,20220729,0.009,0.009,0.007,0.008,23028316
XTC,20220801,0.008,0.008,0.007,0.007,23719350
XTC,20220802,0.008,0.009,0.008,0.008,15914414
XTC,20220803,0.008,0.008,0.008,0.008,9568130
XTC,20220805,0.008,0.009,0.008,0.008,26726515
XTC,20220808,0.008,0.009,0.008,0.008,11688554
XTC,20220809,0.008,0.01,0.008,0.01,59763669
XTC,20220810,0.01,0.011,0.01,0.011,42995967
XTC,20220811,0.011,0.012,0.011,0.011,83911578
XTC,20220812,0.011,0.011,0.01,0.01,39553569
XTC,20220815,0.01,0.012,0.01,0.011,44593447
XTC,20220816,0.011,0.012,0.011,0.011,42786234
XTC,20220817,0.01,0.011,0.01,0.01,15260496
XTC,20220818,0.011,0.011,0.01,0.01,19211868
XTC,20220819,0.01,0.011,0.01,0.01,22374363
XTC,20220822,0.01,0.01,0.009,0.009,34889935
XTC,20220823,0.009,0.01,0.008,0.009,61865339
XTC,20220824,0.009,0.009,0.009,0.009,11619958
XTC,20220825,0.009,0.01,0.009,0.009,26096608
XTC,20220826,0.009,0.01,0.009,0.01,12027973
XTC,20220829,0.009,0.01,0.009,0.009,30740517
XTC,20220830,0.01,0.01,0.009,0.009,11431919
XTC,20220831,0.009,0.01,0.009,0.01,9741661
XTC,20220901,0.009,0.01,0.009,0.009,8240492
XTC,20220902,0.009,0.01,0.009,0.009,13334451
XTC,20220905,0.009,0.01,0.009,0.009,37449596
XTC,20220906,0.009,0.009,0.009,0.009,7955059
XTC,20220907,0.009,0.009,0.009,0.009,9355888
XTC,20220909,0.009,0.01,0.009,0.009,18945364
XTC,20220912,0.008,0.009,0.008,0.008,8580043
XTC,20220913,0.009,0.009,0.008,0.008,10751115
XTC,20220914,0.008,0.009,0.008,0.009,4951124
XTC,20220915,0.009,0.009,0.009,0.009,35439323
XTC,20220916,0.009,0.009,0.009,0.009,12369273
