ZEL,20160330,6.07,6.07,6.05,6.05,103
ZEL,20160331,6.08,6.14,6.08,6.14,3149
ZEL,20160401,6.13,6.16,6.09,6.16,28262
ZEL,20160404,6.16,6.16,6.16,6.16,0
ZEL,20160405,6.18,6.18,6.18,6.18,1526
ZEL,20160406,6.15,6.17,6.15,6.17,534
ZEL,20160407,6.2,6.2,6.12,6.2,362
ZEL,20160408,6.11,6.14,6.11,6.14,1272
ZEL,20160411,6.14,6.14,6.14,6.14,0
ZEL,20160412,6.14,6.14,6.14,6.14,0
ZEL,20160413,6.3,6.36,6.3,6.36,284
ZEL,20160414,6.35,6.36,6.18,6.18,2827
ZEL,20160415,6.18,6.18,6.18,6.18,0
ZEL,20160418,6.18,6.18,6.18,6.18,0
ZEL,20160419,6.2,6.22,6.2,6.22,2393
ZEL,20160420,6.21,6.25,6.21,6.25,23
ZEL,20160421,6.44,6.44,6.44,6.44,14
ZEL,20160422,6.42,6.45,6.41,6.43,1607
ZEL,20160426,6.42,6.42,6.37,6.42,548
ZEL,20160427,6.44,6.44,6.41,6.44,1336
ZEL,20160428,6.5,6.5,6.5,6.5,295
ZEL,20160429,7.21,7.26,7.1,7.11,1130347
ZEL,20160502,7.15,7.62,7.15,7.62,193488
ZEL,20160503,7.5,7.5,7.22,7.3,30112
ZEL,20160504,7.3,7.31,7.29,7.3,3029
ZEL,20160505,7.3,7.3,7.3,7.3,21
ZEL,20160506,7.37,7.6,7.3,7.3,1243
ZEL,20160509,7.4,7.56,7.4,7.56,658
ZEL,20160510,7.31,7.82,7.22,7.82,19550
ZEL,20160511,7.82,7.82,7.82,7.82,0
ZEL,20160512,7.82,7.82,7.82,7.82,0
ZEL,20160513,7.59,7.76,7.59,7.76,1323
ZEL,20160516,7.7,7.7,7.69,7.69,1709
ZEL,20160517,7.69,7.69,7.69,7.69,0
ZEL,20160518,7.59,7.59,7.59,7.59,3365989
ZEL,20160519,7.64,7.79,7.64,7.78,765
ZEL,20160520,7.7,7.7,7.7,7.7,207
ZEL,20160523,7.7,7.89,7.7,7.7,458
ZEL,20160524,7.72,7.74,7.22,7.22,164042
ZEL,20160525,7.2,7.66,7.2,7.66,103
ZEL,20160526,7.53,7.68,7.5,7.52,3263
ZEL,20160527,7.53,7.58,7.53,7.53,1003
ZEL,20160530,7.51,7.66,7.51,7.65,17056
ZEL,20160531,7.62,7.78,7.62,7.78,4573
ZEL,20160601,7.7,7.7,7.58,7.58,1714
ZEL,20160602,7.86,7.89,7.86,7.89,434
ZEL,20160603,7.88,7.91,7.86,7.91,703
ZEL,20160606,8.3,8.3,7.87,7.87,10575
ZEL,20160607,7.95,7.95,7.78,7.79,232528
ZEL,20160608,7.81,7.84,7.7,7.77,6308
ZEL,20160609,7.86,7.87,7.86,7.86,333
ZEL,20160610,7.86,7.86,7.86,7.86,0
ZEL,20160614,7.74,7.74,7.67,7.67,559
ZEL,20160615,7.62,7.65,7.62,7.65,235
ZEL,20160616,7.76,7.8,7.76,7.78,666
ZEL,20160617,7.82,7.82,7.82,7.82,18
ZEL,20160620,7.84,7.87,7.84,7.85,308961
ZEL,20160621,7.66,7.81,7.66,7.8,179
ZEL,20160622,7.87,8.02,7.63,8.02,4774
ZEL,20160623,7.77,7.8,7.74,7.79,26634
ZEL,20160624,7.73,7.73,7.6,7.63,3952
ZEL,20160627,7.68,7.74,7.62,7.72,1774
ZEL,20160628,7.76,7.76,7.6,7.65,2605
ZEL,20160629,7.71,7.71,7.6,7.6,2805
ZEL,20160630,7.74,7.74,7.6,7.72,205685
ZEL,20160701,7.8,7.8,7.8,7.8,6789
ZEL,20160704,7.8,7.8,7.69,7.69,185
ZEL,20160705,7.73,7.73,7.73,7.73,240
ZEL,20160706,7.7,7.72,7.61,7.72,683737
ZEL,20160707,7.68,7.685,7.655,7.68,408333
ZEL,20160708,7.73,7.75,7.73,7.74,25
ZEL,20160711,7.8,7.8,7.68,7.74,205722
ZEL,20160712,7.73,7.82,7.73,7.82,513326
ZEL,20160713,7.87,7.87,7.79,7.86,1660
ZEL,20160714,7.9,7.9,7.84,7.85,7290
ZEL,20160715,7.6,7.66,7.6,7.66,126
ZEL,20160718,7.7,7.7,7.69,7.69,151000
ZEL,20160719,7.9,7.9,7.9,7.9,24505
ZEL,20160720,7.89,7.9,7.84,7.9,12296
ZEL,20160721,7.88,7.9,7.88,7.9,12194
ZEL,20160722,7.9,7.9,7.9,7.9,954
ZEL,20160725,7.9,7.95,7.89,7.95,27245
ZEL,20160726,7.89,8.21,7.89,8.21,1752
ZEL,20160727,8.13,8.2,8.08,8.11,5807
ZEL,20160728,8.11,8.34,8.05,8.06,93534
ZEL,20160729,8.06,8.15,8.06,8.1,120865
ZEL,20160801,8.01,8.33,8.01,8.18,71876
ZEL,20160802,8.17,8.23,8.17,8.21,24042
ZEL,20160803,8.12,8.16,8.1,8.1,2762
ZEL,20160804,8.1,8.1,8,8.04,2791
ZEL,20160805,8.03,8.08,7.64,8.04,7005
ZEL,20160808,8.02,8.02,7.79,7.85,7420
ZEL,20160809,7.95,7.95,7.92,7.93,6045
ZEL,20160810,7.9,8.06,7.9,7.97,1947
ZEL,20160811,7.98,8.11,7.97,8.1,25423
ZEL,20160812,8.06,8.06,8.06,8.06,2698
ZEL,20160815,8.05,8.05,7.65,7.65,9000
ZEL,20160816,8.02,8.07,7.99,7.99,4348
ZEL,20160817,8.05,8.05,8.05,8.05,88772
ZEL,20160818,0,0,0,8.05,170000
ZEL,20160822,8.28,8.31,8.28,8.31,357
ZEL,20160823,8.25,8.28,8.25,8.28,144
ZEL,20160824,8.58,8.58,8.2,8.2,39421
ZEL,20160825,8.4,8.44,8.4,8.41,32914
ZEL,20160826,8.38,8.38,8,8.32,3501
ZEL,20160829,8.32,8.32,8.32,8.32,0
ZEL,20160830,8.32,8.32,8.32,8.32,0
ZEL,20160831,8.19,8.19,8.19,8.19,706
ZEL,20160901,8.15,8.15,8.15,8.15,1232
ZEL,20160902,8.07,8.07,8.07,8.07,562255
ZEL,20160905,8.02,8.02,8.02,8.02,397
ZEL,20160906,8,8,8,8,1306
ZEL,20160907,8.03,8.05,8.03,8.05,3864
ZEL,20160908,8.11,8.11,8.11,8.11,1
ZEL,20160909,8.3,8.31,8.3,8.31,7735
ZEL,20160912,8.31,8.31,8.09,8.2,717
ZEL,20160913,8.25,8.25,8.14,8.2,847
ZEL,20160914,7.96,8.24,7.94,8.24,17396
ZEL,20160915,8.08,8.08,8.03,8.08,2516
ZEL,20160916,8.1,8.1,7.98,7.98,2904
ZEL,20160919,7.98,7.98,7.98,7.98,0
ZEL,20160920,8.05,8.05,8.02,8.02,4095
ZEL,20160921,8.06,8.06,8.03,8.03,15
ZEL,20160922,7.85,7.85,7.85,7.85,313065
ZEL,20160923,7.89,7.89,7.81,7.85,14429
ZEL,20160926,7.85,7.85,7.85,7.85,0
ZEL,20160927,7.92,7.92,7.87,7.87,172250
ZEL,20160928,7.91,7.91,7.83,7.83,4134
ZEL,20160929,7.88,7.88,7.87,7.87,52738
ZEL,20160930,7.9,7.95,7.87,7.88,7245
ZEL,20161003,8,8.01,7.91,7.91,3358
ZEL,20161004,7.95,7.95,7.84,7.84,12350
ZEL,20161005,7.82,7.82,7.73,7.73,6059
ZEL,20161006,7.62,7.63,7.52,7.52,3000
ZEL,20161007,7.52,7.52,7.52,7.52,0
ZEL,20161010,7.55,7.55,7.55,7.55,710
ZEL,20161011,7.55,7.55,7.55,7.55,0
ZEL,20161012,7.39,7.42,7.39,7.42,3930
ZEL,20161013,7.42,7.42,7.42,7.42,85
ZEL,20161014,7.34,7.35,7.28,7.28,20804
ZEL,20161017,7.09,7.2,7.08,7.2,5114
ZEL,20161018,7.2,7.29,7.2,7.26,9409
ZEL,20161019,7.4,7.53,7.4,7.53,6599
ZEL,20161020,7.53,7.58,7.53,7.58,1499
ZEL,20161021,0,0,0,7.58,200000
ZEL,20161024,7.55,7.55,7.55,7.55,500
ZEL,20161025,7.52,7.52,7.42,7.43,1797
ZEL,20161026,7.25,7.25,7.01,7.23,8765
ZEL,20161027,7.6,7.6,7.6,7.6,100
ZEL,20161028,7.6,7.6,7.6,7.6,0
ZEL,20161031,7.6,7.6,7.6,7.6,0
ZEL,20161101,7.6,7.6,7.6,7.6,0
ZEL,20161102,7.28,7.28,7.28,7.28,1305
ZEL,20161103,7.26,7.29,7.19,7.19,60634
ZEL,20161104,7.2,7.21,7.13,7.13,18060
ZEL,20161107,7.1,7.27,7.1,7.25,2152
ZEL,20161108,7.44,7.45,7.44,7.45,5600
ZEL,20161109,7.45,7.45,7.45,7.45,16
ZEL,20161110,7.3,7.3,7.3,7.3,112438
ZEL,20161111,7.27,7.27,7.26,7.26,133610
ZEL,20161114,6.9,6.9,6.85,6.9,5220
ZEL,20161115,6.9,6.9,6.9,6.9,0
ZEL,20161116,6.95,6.95,6.95,6.95,56
ZEL,20161117,6.99,6.99,6.72,6.73,7707
ZEL,20161118,6.73,6.73,6.73,6.73,0
ZEL,20161121,6.73,6.73,6.73,6.73,0
ZEL,20161122,7.01,7.03,6.74,6.96,256485
ZEL,20161123,6.87,6.87,6.81,6.81,6152
ZEL,20161124,6.71,6.71,6.64,6.64,30820
ZEL,20161125,6.7,6.7,6.67,6.67,2655
ZEL,20161128,6.67,6.7,6.66,6.67,269381
ZEL,20161129,6.66,6.66,6.63,6.63,27282
ZEL,20161130,6.63,6.63,6.63,6.63,0
ZEL,20161201,6.79,6.79,6.79,6.79,100
ZEL,20161202,6.79,6.79,6.79,6.79,0
ZEL,20161205,6.79,6.79,6.79,6.79,0
ZEL,20161206,6.8,6.85,6.8,6.85,472
ZEL,20161207,6.85,6.9,6.82,6.82,8571
ZEL,20161208,6.89,7.41,6.89,7.41,22779
ZEL,20161209,7.41,7.41,7.41,7.41,0
ZEL,20161212,7.41,7.41,7.41,7.41,0
ZEL,20161213,7.03,7.03,7,7,1550
ZEL,20161214,7.01,7.01,6.97,6.97,372445
ZEL,20161215,7,7,6.63,6.63,2937
ZEL,20161216,6.8,6.8,6.65,6.7,140021
ZEL,20161219,7,7,6.68,6.7,38863
ZEL,20161220,6.72,6.75,6.7,6.73,7553
ZEL,20161221,6.73,6.73,6.7,6.73,101822
ZEL,20161222,6.8,6.8,6.68,6.72,5801805
ZEL,20161223,6.72,6.72,6.72,6.72,0
ZEL,20161228,6.72,6.72,6.72,6.72,0
ZEL,20161229,0,0,0,6.72,12764
ZEL,20161230,7.26,7.26,6.9,7.15,1235
ZEL,20170103,7,7,7,7,246
ZEL,20170104,6.91,7.05,6.86,6.96,3117746
ZEL,20170105,6.96,6.96,6.96,6.96,0
ZEL,20170106,7.16,7.16,6.88,7.04,51376
ZEL,20170109,6.92,7.04,6.92,7.03,1482774
ZEL,20170110,7.29,7.29,7.29,7.29,127
ZEL,20170111,7.15,7.19,7.05,7.08,9037
ZEL,20170112,7.05,7.52,7.05,7.52,19271
ZEL,20170113,7.16,7.32,7.16,7.3,197785
ZEL,20170116,7.34,7.34,7.34,7.34,1
ZEL,20170117,0,0,0,7.34,82544
ZEL,20170118,0,0,0,7.34,89355
ZEL,20170119,7.34,7.34,7.34,7.34,0
ZEL,20170120,7,7,6.91,6.92,16829
ZEL,20170123,7,7.1,7,7.1,5428
ZEL,20170124,7.11,7.11,7.11,7.11,200322
ZEL,20170125,7.25,7.25,7.18,7.18,3300363
ZEL,20170127,7.04,7.04,7.04,7.04,700
ZEL,20170130,7,7.17,7,7.17,1022
ZEL,20170131,7.14,7.14,7,7,6397
ZEL,20170201,7,7,7,7,0
ZEL,20170202,7,7,7,7,0
ZEL,20170203,6.85,6.85,6.58,6.65,505334
ZEL,20170206,0,0,0,6.65,2880
ZEL,20170207,0,0,0,6.65,210000
ZEL,20170208,6.51,6.51,6.51,6.51,500008
ZEL,20170209,6.51,6.51,6.51,6.51,0
ZEL,20170210,6.6,6.6,6.6,6.6,8
ZEL,20170213,6.72,6.72,6.72,6.72,2890
ZEL,20170214,6.51,6.51,6.51,6.51,155
ZEL,20170215,6.5,6.64,6.5,6.64,5155
ZEL,20170216,6.55,6.84,6.55,6.75,230
ZEL,20170217,6.69,6.99,6.67,6.67,12570
ZEL,20170220,6.54,6.54,6.54,6.54,18
ZEL,20170221,6.6,6.65,6.6,6.64,2185
ZEL,20170222,6.51,6.59,6.51,6.59,2249
ZEL,20170223,6.8,6.8,6.53,6.7,290623
ZEL,20170224,7,7,6.84,6.84,1374
ZEL,20170227,6.65,6.91,6.65,6.91,6
ZEL,20170228,7.19,7.19,6.68,6.68,32
ZEL,20170301,6.55,6.55,6.55,6.55,13
ZEL,20170302,6.5,6.79,6.5,6.79,6192
ZEL,20170303,6.74,6.74,6.7,6.74,6398
ZEL,20170306,6.65,6.91,6.5,6.65,5847
ZEL,20170307,6.62,6.62,6.5,6.62,34484
ZEL,20170308,6.58,6.62,6.51,6.62,1361
ZEL,20170309,7,7,6.54,6.54,1812
ZEL,20170310,6.5,6.51,6.5,6.505,12237
ZEL,20170313,6.7,6.7,6.62,6.62,1829
ZEL,20170314,6.62,6.82,6.5,6.5,708
ZEL,20170315,6.5,6.76,6.5,6.76,7
ZEL,20170316,6.6,6.6,6.5,6.5,7430
ZEL,20170317,6.5,6.5,6.47,6.5,8082
ZEL,20170320,6.5,6.5,6.01,6.01,88127
ZEL,20170321,6.35,6.35,6.03,6.05,1540
ZEL,20170322,6.25,6.5,6.16,6.4,3963
ZEL,20170323,6.35,6.5,6.26,6.49,1602869
ZEL,20170324,6.44,6.57,6.44,6.5,428
ZEL,20170327,6.5,7.02,6.49,7.02,1851507
ZEL,20170328,7.02,7.02,7.02,7.02,0
ZEL,20170329,6.5,6.5,6.42,6.44,452037
ZEL,20170330,6.5,6.5,6.43,6.46,1100739
ZEL,20170331,6.53,6.53,6.1,6.5,41910
ZEL,20170403,6.75,6.75,6.39,6.5,710
ZEL,20170404,6.5,6.5,6.5,6.5,0
ZEL,20170405,6.56,6.66,6.56,6.56,7074
ZEL,20170406,6.69,6.69,6.69,6.69,1600
ZEL,20170407,6.73,6.78,6.7,6.78,1287722
ZEL,20170410,7,7,6.7,6.7,2202
ZEL,20170411,6.63,6.75,6.5,6.71,4521
ZEL,20170412,6.74,6.76,6.7,6.7,49
ZEL,20170413,6.78,6.85,6.6,6.6,2322
ZEL,20170418,6.6,6.6,6.6,6.6,0
ZEL,20170419,7,7,6.84,6.9,522
ZEL,20170420,6.9,6.91,6.61,6.61,6558
ZEL,20170421,6.87,6.87,6.82,6.82,1093
ZEL,20170424,6.85,6.85,6.85,6.85,1440
ZEL,20170426,6.83,6.85,6.64,6.64,16326
ZEL,20170427,6.87,6.87,6.87,6.87,2399
ZEL,20170428,6.9,6.9,6.87,6.88,14863
ZEL,20170501,6.8,6.8,6.8,6.8,451
ZEL,20170502,6.74,6.82,6.74,6.82,211
ZEL,20170503,6.8,7.17,6.8,7.17,106924
ZEL,20170504,7.1,7.1,7,7,10311
ZEL,20170505,7,7,7,7,0
ZEL,20170508,7.14,7.2,7.14,7.2,12774
ZEL,20170509,7.2,7.2,7.2,7.2,0
ZEL,20170510,7.3,7.3,7.3,7.3,2023
ZEL,20170511,7.4,7.4,7.36,7.36,2534
ZEL,20170512,7.29,7.35,7.29,7.35,561
ZEL,20170515,7.37,7.55,7.29,7.29,4301
ZEL,20170516,7.25,7.3,7.25,7.3,2125
ZEL,20170517,7.25,7.25,7.25,7.25,462
ZEL,20170518,7.24,7.24,7.24,7.24,53
ZEL,20170519,7.3,7.45,7.3,7.45,376
ZEL,20170522,7.46,7.46,7.45,7.45,3863
ZEL,20170523,7.45,7.45,7.2,7.35,3543
ZEL,20170524,7.39,7.45,7.35,7.45,8200
ZEL,20170525,7.33,7.33,7.29,7.29,17675
ZEL,20170526,7.2,7.2,7.2,7.2,984
ZEL,20170529,7.22,7.22,7.22,7.22,6655
ZEL,20170530,7.23,7.23,7.23,7.23,200
ZEL,20170531,7.1,7.13,7.1,7.13,6853
ZEL,20170601,7.13,7.13,7.13,7.13,0
ZEL,20170602,7.29,7.29,7.29,7.29,235
ZEL,20170605,7.43,7.43,7.38,7.38,2080
ZEL,20170606,7.4,7.4,7.3,7.3,2361
ZEL,20170607,7.33,7.33,7.33,7.33,2884
ZEL,20170608,7.25,7.26,7.25,7.26,538
ZEL,20170609,7.26,7.26,7.23,7.23,5512
ZEL,20170613,7.37,7.4,7.37,7.4,5614
ZEL,20170614,7.32,7.32,7.29,7.3,2219
ZEL,20170615,7.31,7.35,7.31,7.35,22680
ZEL,20170616,7.35,7.35,7.33,7.33,14188
ZEL,20170619,7.29,7.36,7.29,7.36,151317
ZEL,20170620,7.32,7.35,7.32,7.32,38462
ZEL,20170621,7.32,7.32,7.26,7.26,2029
ZEL,20170622,7.25,7.26,7.24,7.24,3561
ZEL,20170623,7.22,7.22,7.22,7.22,12413
ZEL,20170626,7.24,7.3,7.22,7.3,26111
ZEL,20170627,7.42,7.42,7.39,7.42,4518
ZEL,20170628,7.5,7.53,7.5,7.53,5486
ZEL,20170629,7.53,7.53,7.53,7.53,0
ZEL,20170630,7.53,7.55,7.53,7.55,7725
ZEL,20170703,7.5,7.5,7.5,7.5,500
ZEL,20170704,7.5,7.5,7.5,7.5,1664
ZEL,20170705,7.51,7.51,7.36,7.39,12705
ZEL,20170706,7.39,7.39,7.39,7.39,0
ZEL,20170707,7.45,7.45,7.45,7.45,3375
ZEL,20170710,7.4,7.4,7.36,7.38,52300
ZEL,20170711,7.4,7.4,7.32,7.32,738
ZEL,20170712,7.39,7.39,7.33,7.33,101361
ZEL,20170713,7.4,7.6,7.4,7.43,65182
ZEL,20170714,7.44,7.44,7.44,7.44,2843
ZEL,20170717,7.36,7.41,7.36,7.41,661
ZEL,20170718,7.43,7.45,7.38,7.38,14108
ZEL,20170719,7.4,7.43,7.4,7.42,103610
ZEL,20170720,7.4,7.4,7.36,7.36,1203
ZEL,20170721,7.36,7.36,7.36,7.36,2149
ZEL,20170724,7.3,7.3,7.3,7.3,1402
ZEL,20170725,7.3,7.31,7.3,7.31,166
ZEL,20170726,7.35,7.39,7.35,7.39,1908
ZEL,20170727,7.38,7.38,7.34,7.34,1544
ZEL,20170728,7.3,7.3,7.21,7.21,3718
ZEL,20170731,7.32,7.32,7.29,7.3,154876
ZEL,20170801,7.25,7.3,7.25,7.25,39855
ZEL,20170802,7.22,7.22,7.22,7.22,8974
ZEL,20170803,7.28,7.28,7.28,7.28,41
ZEL,20170804,7.33,7.4,7.32,7.4,4155
ZEL,20170807,7.33,7.33,7.33,7.33,29
ZEL,20170808,7.24,7.33,7.24,7.33,209
ZEL,20170809,7.25,7.28,7.23,7.28,7287
ZEL,20170810,7.29,7.29,7.2,7.2,1753
ZEL,20170811,7.21,7.21,7.14,7.17,1665
ZEL,20170815,7.17,7.17,7.14,7.16,4555
ZEL,20170816,7.1,7.15,7.1,7.15,1887
ZEL,20170817,7.13,7.45,7.13,7.39,2491
ZEL,20170818,7.13,7.16,7.13,7.16,5944
ZEL,20170821,7.16,7.16,7.16,7.16,103
ZEL,20170822,7.15,7.15,7.12,7.12,553
ZEL,20170823,7.1,7.1,7.1,7.1,179
ZEL,20170824,7.05,7.08,7.03,7.07,6911
ZEL,20170825,7.03,7.06,7.03,7.04,10993
ZEL,20170828,7,7.01,7,7,2034
ZEL,20170829,6.98,7.05,6.97,7.01,241927
ZEL,20170830,6.99,7.1,6.98,7.06,1455
ZEL,20170831,7.05,7.05,7.01,7.02,4976
ZEL,20170901,7.02,7.02,6.96,6.96,3053
ZEL,20170904,6.98,6.98,6.95,6.95,129070
ZEL,20170905,6.97,6.99,6.97,6.98,1302
ZEL,20170906,0,0,0,6.98,900000
ZEL,20170907,7,7.03,6.99,7,12506
ZEL,20170908,6.95,7,6.95,6.97,13524
ZEL,20170911,6.87,6.93,6.86,6.86,1035
ZEL,20170912,6.88,6.89,6.71,6.76,30189
ZEL,20170913,6.78,6.78,6.69,6.78,2686
ZEL,20170914,6.8,6.8,6.8,6.8,100429
ZEL,20170915,6.65,6.66,6.63,6.65,8582
ZEL,20170918,6.65,6.86,6.63,6.71,5961
ZEL,20170919,6.79,6.82,6.79,6.82,2673
ZEL,20170920,6.93,6.99,6.82,6.82,1120
ZEL,20170921,6.92,6.92,6.79,6.79,8888
ZEL,20170922,6.81,6.84,6.75,6.75,181959
ZEL,20170925,6.91,6.91,6.91,6.91,1562
ZEL,20170926,6.99,6.99,6.8,6.92,4796
ZEL,20170927,6.91,6.99,6.91,6.99,3360
ZEL,20170928,6.9,6.9,6.83,6.88,16841
ZEL,20170929,6.85,6.85,6.73,6.85,1646
ZEL,20171002,6.76,6.8,6.76,6.8,25246
ZEL,20171003,6.75,6.83,6.75,6.81,1821
ZEL,20171004,6.81,6.81,6.67,6.72,4644
ZEL,20171005,6.63,6.63,6.63,6.63,305
ZEL,20171006,6.63,6.67,6.63,6.63,896
ZEL,20171009,6.59,6.59,6.5,6.5,4612
ZEL,20171010,6.48,6.5,6.47,6.5,5250
ZEL,20171011,6.48,6.48,6.48,6.48,1155
ZEL,20171012,6.5,6.6,6.5,6.57,7632
ZEL,20171013,6.58,6.86,6.58,6.86,973
ZEL,20171016,6.66,6.71,6.66,6.71,395
ZEL,20171017,6.52,6.62,6.52,6.59,1671
ZEL,20171018,6.52,6.53,6.47,6.47,11279
ZEL,20171019,6.47,6.5,6.37,6.38,1992
ZEL,20171020,6.4,6.4,6.21,6.25,61640
ZEL,20171023,6.31,6.31,6.28,6.3,1517
ZEL,20171024,6.33,6.36,6.28,6.34,28020
ZEL,20171025,6.35,6.35,6.34,6.35,5371
ZEL,20171026,6.34,6.39,6.34,6.39,1290633
ZEL,20171027,6.39,6.69,6.38,6.68,14732
ZEL,20171030,6.5,6.88,6.5,6.88,2817
ZEL,20171031,6.75,6.75,6.72,6.72,538
ZEL,20171101,6.62,6.62,6.41,6.57,52334
ZEL,20171102,6.48,6.48,6.47,6.48,101299
ZEL,20171103,6.43,6.45,6.43,6.45,1495
ZEL,20171106,6.45,6.88,6.45,6.88,1622
ZEL,20171107,6.6,6.6,6.52,6.52,2866
ZEL,20171108,6.53,6.53,6.52,6.53,12067
ZEL,20171109,6.54,6.55,6.52,6.53,260021
ZEL,20171110,6.54,6.55,6.52,6.53,260021
ZEL,20171113,6.49,6.49,6.46,6.49,5658
ZEL,20171114,6.7,6.88,6.69,6.78,69564
ZEL,20171115,6.68,6.88,6.52,6.86,6502
ZEL,20171116,6.8,7.23,6.8,6.97,4124
ZEL,20171117,6.94,7,6.8,7,9413
ZEL,20171120,6.92,7.1,6.91,7.1,31157
ZEL,20171121,7.03,7.05,7.02,7.05,152561
ZEL,20171122,7.07,7.38,7.05,7.21,9086
ZEL,20171123,7.25,7.25,6.96,7,138627
ZEL,20171124,6.98,7.6,6.98,7.6,5343
ZEL,20171127,7.25,7.25,6.86,6.95,5860
ZEL,20171128,7.27,7.27,6.92,7.07,4740
ZEL,20171129,7,7,7,7,131
ZEL,20171130,7.28,7.46,6.95,7.17,6154
ZEL,20171201,7.08,7.22,6.7,6.92,9687
ZEL,20171204,7,7.23,6.95,6.95,5288
ZEL,20171205,6.93,7.27,6.67,6.68,4134
ZEL,20171206,6.78,6.91,6.51,6.9,69615
ZEL,20171207,6.83,7.17,6.62,7.05,148761
ZEL,20171208,7,7.21,6.81,6.85,20323
ZEL,20171211,7.21,7.57,7.08,7.5,4346015
ZEL,20171212,7.3,7.5,7.26,7.5,33053
ZEL,20171213,7.16,7.5,7.15,7.15,34169
ZEL,20171214,7.32,7.32,7.11,7.3,3045
ZEL,20171215,7.28,7.41,6.95,7.41,8909
ZEL,20171218,7.3,7.41,7.3,7.32,11899
ZEL,20171219,7.41,7.48,6.87,7.24,143315
ZEL,20171220,7.16,7.48,6.99,6.99,30923
ZEL,20171221,7.11,7.11,6.99,6.99,6273
ZEL,20171222,7.06,7.06,6.99,7.01,4175
ZEL,20171227,6.96,7.1,6.96,7,2816
ZEL,20171228,6.92,6.92,6.72,6.72,4098
ZEL,20171229,7.1,7.11,6.92,6.95,5951
ZEL,20180102,7,7.1,7,7.01,46337
ZEL,20180103,7,7.04,6.96,7.04,3636
ZEL,20180104,7.09,7.14,7,7.14,2382
ZEL,20180105,7.05,7.08,6.85,6.855,1994
ZEL,20180108,6.9,7.02,6.79,7,958
ZEL,20180109,7.18,7.19,7.02,7.11,5490
ZEL,20180110,7.1,7.11,7.09,7.11,172
ZEL,20180111,7.04,7.1,6.99,7.04,182353
ZEL,20180112,7.05,7.15,7.05,7.15,1464
ZEL,20180115,7.09,7.12,7.06,7.1,3180
ZEL,20180116,7.08,7.11,6.9,7.08,12178
ZEL,20180117,7.04,7.15,7.01,7.15,139571
ZEL,20180118,7.02,7.08,7,7,4023
ZEL,20180119,7,7.15,6.98,7.15,247
ZEL,20180122,7.15,7.15,7.02,7.1,4772
ZEL,20180123,6.9,6.96,6.78,6.78,39814
ZEL,20180124,6.78,7.07,6.78,6.94,5817
ZEL,20180125,6.92,7.07,6.92,7.07,6084
ZEL,20180129,7.09,7.2,6.9,6.9,41511
ZEL,20180130,7.17,7.17,7.15,7.16,276
ZEL,20180131,7,7,6.99,7,1076
ZEL,20180201,7.12,7.12,6.92,6.93,1377154
ZEL,20180202,6.8,6.85,6.71,6.82,90735
ZEL,20180205,6.64,6.79,6.5,6.65,9295
ZEL,20180207,6.99,6.99,6.67,6.7,2504
ZEL,20180208,6.7,6.79,6.5,6.67,2794
ZEL,20180209,6.66,7,6.5,6.5,5708
ZEL,20180212,6.5,6.5,6.5,6.5,0
ZEL,20180213,6.79,6.79,6.51,6.6,21449
ZEL,20180214,6.57,6.715,6.57,6.57,9265787
ZEL,20180215,6.5,6.59,6.5,6.5,6357
ZEL,20180216,6.53,6.56,6.5,6.54,78673
ZEL,20180219,6.58,6.6,6.45,6.58,13883
ZEL,20180220,6.53,6.54,6.53,6.54,704
ZEL,20180221,6.5,7.16,6.5,6.72,4036
ZEL,20180222,6.59,7.15,6.47,6.6,152181
ZEL,20180223,6.5,6.63,6.49,6.55,426091
ZEL,20180226,6.51,6.73,6.49,6.66,180007
ZEL,20180227,6.6,6.67,6.5,6.52,8836
ZEL,20180228,6.69,6.69,6.58,6.59,3444
ZEL,20180301,6.51,6.55,6.49,6.5,94492
ZEL,20180302,6.51,6.55,6.46,6.48,26023
ZEL,20180305,6.12,6.16,6.11,6.16,723
ZEL,20180306,6.48,6.49,6.48,6.49,50916
ZEL,20180307,6.45,6.48,6.42,6.48,14096
ZEL,20180308,6.48,6.6,6.13,6.41,6880
ZEL,20180309,6.46,6.57,6.31,6.41,3899
ZEL,20180312,6.46,6.5,6.31,6.5,3604
ZEL,20180313,6.34,6.45,6.31,6.45,325042
ZEL,20180314,6.43,6.52,6.43,6.52,7607806
ZEL,20180315,6.45,6.51,6.4,6.4,25384
ZEL,20180316,6.44,6.45,6.32,6.4,10597
ZEL,20180319,6.31,6.72,6.31,6.72,12142
ZEL,20180320,6.48,6.5,6.32,6.5,26970
ZEL,20180321,6.5,6.54,6.45,6.45,71723
ZEL,20180322,6.51,6.72,6.34,6.72,1222
ZEL,20180323,6.47,6.65,6.47,6.65,5475
ZEL,20180326,6.48,6.48,6.4,6.47,3378
ZEL,20180327,6.54,6.59,6.48,6.48,1449
ZEL,20180328,6.7,6.71,6.55,6.55,8128
ZEL,20180329,6.58,6.7,6.47,6.61,96929
ZEL,20180403,6.57,6.7,6.57,6.6,4953
ZEL,20180404,6.62,6.65,6.58,6.58,38824
ZEL,20180405,6.65,6.7,6.65,6.7,1974
ZEL,20180406,6.71,6.71,6.7,6.7,9766
ZEL,20180409,6.7,6.7,6.7,6.7,0
ZEL,20180410,6.71,6.95,6.65,6.95,4239
ZEL,20180411,6.76,6.95,6.73,6.75,15419
ZEL,20180412,6.75,6.75,6.75,6.75,0
ZEL,20180413,6.83,6.95,6.8,6.875,2148
ZEL,20180416,6.89,6.95,6.85,6.94,358
ZEL,20180417,6.87,6.87,6.7,6.86,8158
ZEL,20180418,6.8,6.87,6.8,6.8,1627
ZEL,20180419,6.84,6.95,6.75,6.95,848
ZEL,20180420,6.92,6.92,6.7,6.8,5049
ZEL,20180423,6.81,6.95,6.78,6.78,11700
ZEL,20180424,6.36,6.77,6.35,6.6,788
ZEL,20180426,6.64,6.78,6.6,6.78,142066
ZEL,20180427,6.77,6.77,6.54,6.63,7779
ZEL,20180430,6.77,6.95,6.77,6.77,271
ZEL,20180501,6.8,6.81,6.78,6.81,192092
ZEL,20180502,6.84,6.94,6.5,6.82,19341
ZEL,20180503,6.93,7.03,6.87,7.03,21631
ZEL,20180504,7,7.05,6.71,6.9,12046
ZEL,20180507,6.87,6.95,6.7,6.95,15174
ZEL,20180508,6.97,6.97,6.91,6.97,1436
ZEL,20180509,6.96,7.05,6.96,7.05,7994
ZEL,20180510,6.98,6.98,6.95,6.95,635
ZEL,20180511,6.97,6.97,6.95,6.95,1828
ZEL,20180514,6.9,6.99,6.88,6.88,3803
ZEL,20180515,6.85,6.88,6.85,6.85,1389
ZEL,20180516,6.88,7.11,6.88,7.11,5418
ZEL,20180517,6.79,6.99,6.66,6.92,10894
ZEL,20180518,6.95,6.95,6.85,6.89,11332
ZEL,20180521,6.9,6.9,6.86,6.87,1528
ZEL,20180522,6.86,6.86,6.83,6.83,1738
ZEL,20180523,6.83,6.84,6.8,6.83,23996
ZEL,20180524,6.87,6.87,6.85,6.87,1701
ZEL,20180525,6.87,6.88,6.83,6.88,6776
ZEL,20180528,6.84,6.99,6.83,6.99,474
ZEL,20180529,6.8,6.82,6.8,6.8,305829
ZEL,20180530,6.78,6.99,6.75,6.75,8317
ZEL,20180531,6.73,6.99,6.73,6.99,1126
ZEL,20180601,6.8,6.8,6.78,6.78,22764
ZEL,20180604,6.7,6.7,6.7,6.7,200
ZEL,20180605,6.76,6.76,6.76,6.76,335
ZEL,20180606,6.75,6.76,6.74,6.76,2017
ZEL,20180607,6.73,6.79,6.73,6.79,3297
ZEL,20180608,6.81,6.86,6.49,6.8,27137
ZEL,20180612,6.92,6.96,6.9,6.9,6854
ZEL,20180613,6.94,6.99,6.74,6.9,61786
ZEL,20180614,6.87,6.96,6.75,6.96,28964
ZEL,20180615,6.98,7.04,6.95,7,11768
ZEL,20180618,7,7,6.95,6.98,5770
ZEL,20180619,6.99,6.99,6.99,6.99,131
ZEL,20180620,6.63,7.06,6.63,6.73,2132
ZEL,20180621,6.93,6.93,6.88,6.92,1837
ZEL,20180622,6.91,6.98,6.91,6.98,226
ZEL,20180625,6.99,7.09,6.98,6.99,53352
ZEL,20180626,6.95,6.96,6.88,6.88,4203
ZEL,20180627,6.95,6.95,6.9,6.9,1549
ZEL,20180628,6.9,6.93,6.89,6.93,194
ZEL,20180629,6.99,7.02,6.97,7,23291
ZEL,20180702,7,7,7,7,1926
ZEL,20180703,6.89,6.95,6.65,6.74,5602
ZEL,20180704,6.88,6.9,6.65,6.7,10551
ZEL,20180705,6.85,6.87,6.85,6.87,2420
ZEL,20180706,6.85,6.85,6.76,6.76,6717
ZEL,20180710,6.76,6.77,6.75,6.77,1558
ZEL,20180711,6.67,7.02,6.67,7,3518
ZEL,20180712,7.01,7.02,6.98,7.02,337
ZEL,20180713,6.78,6.87,6.78,6.87,928
ZEL,20180716,6.8,6.8,6.8,6.8,148
ZEL,20180717,6.88,7.02,6.88,6.9,7356
ZEL,20180718,6.69,6.72,6.65,6.7,11716
ZEL,20180719,6.69,7,6.53,6.68,41709
ZEL,20180720,6.58,6.61,6.54,6.54,2169
ZEL,20180723,6.53,6.53,6.39,6.47,2615
ZEL,20180724,6.44,6.47,6.44,6.47,3193
ZEL,20180725,6.5,6.5,6.48,6.49,1886
ZEL,20180726,6.55,6.55,6.54,6.55,292
ZEL,20180727,6.55,6.6,6.55,6.6,7823
ZEL,20180730,6.66,6.67,6.6,6.6,7174
ZEL,20180731,6.57,6.61,6.56,6.6,11049
ZEL,20180801,6.6,6.62,6.55,6.55,12804
ZEL,20180802,6.57,6.6,6.36,6.54,15437
ZEL,20180803,6.59,6.79,6.57,6.6,4809
ZEL,20180806,6.54,6.6,6.54,6.6,1626
ZEL,20180807,6.4,6.58,6.4,6.52,289818
ZEL,20180808,6.51,6.6,6.35,6.35,3155
ZEL,20180809,6.48,6.5,6.35,6.37,1957
ZEL,20180810,6.45,6.45,6.45,6.45,306
ZEL,20180813,6.45,6.45,6.45,6.45,0
ZEL,20180814,6.58,6.79,6.58,6.79,3622
ZEL,20180816,6.69,6.69,6.65,6.65,7774
ZEL,20180817,6.67,6.79,6.65,6.79,289
ZEL,20180820,6.66,6.66,6.65,6.65,2320
ZEL,20180821,6.62,6.65,6.61,6.65,30723
ZEL,20180822,6.69,6.8,6.69,6.8,4875
ZEL,20180823,6.75,6.81,6.75,6.79,7462
ZEL,20180824,6.81,6.81,6.6,6.74,60711
ZEL,20180827,6.65,6.7,6.65,6.7,249750
ZEL,20180828,6.6,6.64,6.6,6.61,487
ZEL,20180829,6.64,6.64,6.55,6.55,11584
ZEL,20180830,6.64,6.64,6.5,6.57,15812
ZEL,20180831,6.58,6.64,6.58,6.64,16043
ZEL,20180903,6.535,6.58,6.535,6.58,306
ZEL,20180904,6.47,6.49,6.45,6.45,2140
ZEL,20180905,6.47,6.48,6.4,6.45,13744
ZEL,20180906,6.57,6.57,6.56,6.56,22182
ZEL,20180907,6.49,6.57,6.48,6.57,3996
ZEL,20180910,6.48,6.6,6.46,6.56,5630
ZEL,20180913,6.54,6.58,6.54,6.58,527
ZEL,20180914,6.58,6.65,6.5,6.65,2295
ZEL,20180917,6.57,6.62,6.57,6.59,3791
ZEL,20180918,6.69,6.69,6.69,6.69,5350
ZEL,20180919,6.71,6.71,6.65,6.68,14373
ZEL,20180920,6.68,6.76,6.68,6.76,5572
ZEL,20180921,6.72,6.79,6.71,6.79,494
ZEL,20180924,6.72,6.83,6.5,6.5,159357
ZEL,20180925,6.73,6.78,6.63,6.64,24267
ZEL,20180926,6.72,6.72,6.72,6.72,1991
ZEL,20180927,6.67,6.67,6.65,6.65,1188
ZEL,20180928,6.65,6.65,6.55,6.6,7819
ZEL,20181001,6.62,6.65,6.62,6.65,6081
ZEL,20181002,6.63,6.63,6.53,6.53,3461
ZEL,20181003,6.6,6.65,6.6,6.65,30174
ZEL,20181004,6.61,6.61,6.59,6.59,1267
ZEL,20181005,6.58,6.58,6.57,6.58,5729
ZEL,20181008,6.55,6.55,6.4,6.55,3291
ZEL,20181009,6.33,6.36,6.33,6.34,2409
ZEL,20181010,6.36,6.36,6.35,6.35,651
ZEL,20181011,6.25,6.25,6.21,6.24,10539
ZEL,20181012,6.24,6.24,6.24,6.24,0
ZEL,20181015,6.25,6.28,6.23,6.24,12795
ZEL,20181016,6.22,6.27,6.2,6.27,5517
ZEL,20181017,6.2,6.2,6.11,6.11,2737
ZEL,20181018,5.94,5.94,5.83,5.83,2411
ZEL,20181019,5.79,5.8,5.6,5.6,5771
ZEL,20181022,5.1,5.51,5.1,5.51,5623
ZEL,20181023,5.57,5.57,5.39,5.43,6042
ZEL,20181024,5.42,5.48,5.42,5.42,4944
ZEL,20181025,5.41,5.41,5.41,5.41,21
ZEL,20181026,5.49,5.49,5.48,5.49,8164
ZEL,20181030,5.49,5.56,5.49,5.55,248266
ZEL,20181031,5.63,5.65,5.61,5.61,60019
ZEL,20181101,5.38,5.38,5.12,5.12,5479
ZEL,20181102,5.26,5.26,5.1,5.15,25933
ZEL,20181105,5.25,5.25,4.79,4.79,25209
ZEL,20181106,4.79,4.79,4.79,4.79,0
ZEL,20181107,4.96,5.17,4.91,5.1,145636
ZEL,20181108,5.28,5.28,5.18,5.18,1052
ZEL,20181109,5.24,5.38,5.24,5.38,26965
ZEL,20181112,5.44,5.54,5.44,5.48,8915
ZEL,20181113,5.48,5.48,5.46,5.46,1046
ZEL,20181114,5.46,5.46,5.45,5.45,974
ZEL,20181115,5.46,5.47,5.45,5.45,108222
ZEL,20181116,5.44,5.44,5.44,5.44,4154
ZEL,20181119,5.43,5.59,5.42,5.59,236264
ZEL,20181120,5.57,5.57,5.53,5.57,4620
ZEL,20181121,5.59,5.65,5,5.51,30258
ZEL,20181122,5.54,5.54,5.5,5.5,8741
ZEL,20181123,5.51,5.54,5.48,5.48,243558
ZEL,20181126,5.5,5.5,5.5,5.5,388
ZEL,20181127,5.5,5.5,5.5,5.5,0
ZEL,20181128,5.54,5.55,5.35,5.35,35297
ZEL,20181129,5.38,5.39,5.24,5.32,17926
ZEL,20181130,5.32,5.32,5.32,5.32,0
ZEL,20181203,5.45,5.45,5.32,5.4,4784
ZEL,20181204,5.32,5.32,5.31,5.31,2204
ZEL,20181205,5.3,5.3,5.21,5.23,32180
ZEL,20181206,5.29,5.29,5.26,5.29,4935
ZEL,20181207,5.29,5.29,5.29,5.29,0
ZEL,20181210,5.29,5.29,5.29,5.29,0
ZEL,20181211,5.435,5.435,5.4,5.42,267639
ZEL,20181212,5.4,5.65,5.4,5.55,9179
ZEL,20181213,5.44,5.44,5.43,5.44,17608
ZEL,20181214,5.51,5.51,5.47,5.51,4796
ZEL,20181217,5.41,5.45,5.24,5.24,1707
ZEL,20181218,5.43,5.43,5.38,5.41,11794
ZEL,20181219,5.43,5.45,5.43,5.45,438
ZEL,20181220,5.39,5.4,5.39,5.4,12133
ZEL,20181221,5.38,5.39,5.38,5.39,77816
ZEL,20181224,5.39,5.39,5.39,5.39,0
ZEL,20181227,5.28,5.32,5.28,5.31,5447
ZEL,20181228,5.28,5.28,5.27,5.27,2526
ZEL,20181231,5.27,5.27,5.27,5.27,0
ZEL,20190102,5.27,5.27,5.27,5.27,0
ZEL,20190103,5.2,5.22,5.2,5.22,1789
ZEL,20190104,5.18,5.21,5.18,5.21,5057
ZEL,20190107,5.12,5.16,5.12,5.15,2474
ZEL,20190108,5.18,5.18,5.18,5.18,7292
ZEL,20190109,5.13,5.13,5.13,5.13,101600
ZEL,20190110,5.13,5.13,5.13,5.13,0
ZEL,20190111,5.23,5.24,5.23,5.24,3715
ZEL,20190114,5.27,5.35,5.27,5.32,17834
ZEL,20190115,5.33,5.33,5.31,5.31,1877
ZEL,20190116,5.42,5.45,5.42,5.42,6872
ZEL,20190117,5.43,5.51,5.43,5.45,38590
ZEL,20190118,5.44,5.44,5.4,5.4,3787
ZEL,20190121,5.52,5.52,5.48,5.49,10803
ZEL,20190122,5.49,5.49,5.47,5.48,3930
ZEL,20190123,5.66,5.68,5.65,5.65,11759
ZEL,20190124,5.67,5.79,5.67,5.79,6768
ZEL,20190125,5.85,5.85,5.82,5.82,5300
ZEL,20190129,5.76,5.81,5.76,5.78,1488
ZEL,20190130,5.79,5.79,5.67,5.67,15318
ZEL,20190131,5.7,5.73,5.67,5.7,7183
ZEL,20190201,5.7,5.7,5.7,5.7,6250
ZEL,20190204,5.71,5.73,5.7,5.71,2487
ZEL,20190205,5.73,5.73,5.7,5.72,3124
ZEL,20190206,5.72,5.72,5.72,5.72,0
ZEL,20190207,5.72,5.72,5.69,5.7,9214
ZEL,20190208,5.69,5.69,5.65,5.68,9734
ZEL,20190211,0,0,0,5.68,63000
ZEL,20190212,5.67,5.79,5.67,5.72,2054
ZEL,20190213,5.79,5.94,5.77,5.94,6294
ZEL,20190214,5.88,5.88,5.85,5.88,6664
ZEL,20190215,5.88,5.88,5.85,5.85,1240
ZEL,20190218,5.83,5.84,5.81,5.83,2536
ZEL,20190219,5.8,5.81,5.76,5.79,12164
ZEL,20190220,5.78,5.78,5.73,5.74,24717
ZEL,20190221,5.75,5.85,5.73,5.85,11221
ZEL,20190222,5.83,5.83,5.78,5.81,6897
ZEL,20190225,5.89,5.9,5.87,5.9,4225
ZEL,20190226,5.91,5.97,5.89,5.97,2151
ZEL,20190227,5.86,5.87,5.84,5.85,10216
ZEL,20190228,5.83,5.84,5.8,5.82,9420
ZEL,20190301,5.83,5.86,5.8,5.84,13835
ZEL,20190304,5.93,5.97,5.93,5.96,10088
ZEL,20190305,5.96,5.98,5.92,5.93,34855
ZEL,20190306,5.94,6.12,5.94,6.05,18038
ZEL,20190307,5.99,6.15,5.99,6.15,19800
ZEL,20190308,6.07,6.15,6.06,6.14,19519
ZEL,20190311,6.06,6.07,6,6.02,13103
ZEL,20190312,6.05,6.08,6.03,6.08,964
ZEL,20190313,6.07,6.32,6.03,6.25,35432
ZEL,20190314,6.07,6.13,6.01,6.04,38245
ZEL,20190315,6.08,6.08,6.03,6.05,23983
ZEL,20190318,6.09,6.12,6.04,6.04,1674
ZEL,20190319,6.06,6.06,6.04,6.06,8355
ZEL,20190320,6.05,6.08,5.75,6.04,4748
ZEL,20190321,6.08,6.08,6.06,6.07,10258
ZEL,20190322,6.09,6.09,6.05,6.06,8012
ZEL,20190325,6.05,6.08,6.05,6.05,1443
ZEL,20190326,6.04,6.04,5.96,6.03,24017
ZEL,20190327,5.98,6.03,5.9,5.96,11831
ZEL,20190328,5.97,6.03,5.97,6.03,2075
ZEL,20190329,6.02,6.04,6.02,6.02,3355
ZEL,20190401,6.03,6.03,6.01,6.03,1399
ZEL,20190402,6.09,6.11,6.08,6.08,2565786
ZEL,20190403,6.09,6.2,5.95,5.95,19685
ZEL,20190404,6.06,6.11,6.06,6.11,4353
ZEL,20190405,6.05,6.07,6.03,6.03,48107
ZEL,20190408,6.03,6.06,6.02,6.06,22555
ZEL,20190409,6.04,6.07,5.64,6.03,16195
ZEL,20190410,6.01,6.03,5.48,5.48,18014
ZEL,20190411,5.94,6.25,5.94,6.05,15774
ZEL,20190412,6.04,6.26,5.91,5.95,4181
ZEL,20190415,5.95,5.95,5.91,5.92,5690
ZEL,20190416,5.89,5.89,5.79,5.87,3028
ZEL,20190417,5.85,5.88,5.85,5.88,4734
ZEL,20190418,5.88,5.99,5.86,5.99,2346
ZEL,20190423,5.97,5.97,5.92,5.94,13048
ZEL,20190424,5.94,6,5.94,6,11527
ZEL,20190426,6,6.05,5.99,6,20475
ZEL,20190429,5.99,5.99,5.95,5.97,2190
ZEL,20190430,5.97,6.04,5.97,6.04,61987
ZEL,20190501,5.97,5.97,5.85,5.9,17354
ZEL,20190502,6.06,6.07,5.95,5.95,6776
ZEL,20190503,5.88,5.98,5.85,5.94,41425
ZEL,20190506,5.95,5.95,5.87,5.9,18963
ZEL,20190507,5.87,5.9,5.85,5.85,21322
ZEL,20190508,5.87,6.14,5.77,5.87,43631
ZEL,20190509,5.87,5.9,5.85,5.85,23284
ZEL,20190510,5.93,5.93,5.81,5.9,23617
ZEL,20190513,5.91,6,5.88,5.89,40033
ZEL,20190514,5.89,5.94,5.89,5.9,37432
ZEL,20190515,5.92,5.94,5.9,5.94,20717
ZEL,20190516,5.71,5.75,5.69,5.735,18214
ZEL,20190517,5.73,5.78,5.72,5.77,6234
ZEL,20190520,5.76,5.89,5.74,5.78,31281
ZEL,20190521,5.78,5.8,5.75,5.8,18348
ZEL,20190522,5.73,5.79,5.73,5.79,12509
ZEL,20190523,5.72,5.77,5.71,5.75,5878
ZEL,20190524,5.75,5.78,5.72,5.72,14504
ZEL,20190527,5.75,5.78,5.72,5.78,12789
ZEL,20190528,5.72,5.78,5.6,5.78,14564
ZEL,20190529,5.7,5.75,5.66,5.69,14925
ZEL,20190530,5.69,5.78,5.68,5.74,36491
ZEL,20190531,5.73,5.74,5.63,5.63,4403
ZEL,20190603,5.7,5.73,5.69,5.69,6814
ZEL,20190604,5.73,5.73,5.64,5.64,6065
ZEL,20190605,5.7,5.71,5.7,5.7,6283
ZEL,20190606,5.71,5.75,5.64,5.75,4437
ZEL,20190607,5.78,5.78,5.59,5.69,10562
ZEL,20190611,5.63,5.69,5.59,5.69,3369
ZEL,20190612,5.77,5.77,5.65,5.66,2147
ZEL,20190613,5.69,5.75,5.69,5.75,3394
ZEL,20190614,5.71,5.75,5.71,5.75,4837
ZEL,20190617,5.75,5.84,5.75,5.84,6904
ZEL,20190618,5.78,5.84,5.76,5.8,13445
ZEL,20190619,5.84,5.85,5.76,5.83,16238
ZEL,20190620,5.86,5.86,5.81,5.85,14559
ZEL,20190621,5.8,5.91,5.75,5.76,34934
ZEL,20190624,5.84,5.87,5.8,5.8,8775
ZEL,20190625,5.87,6,5.87,5.9,261917
ZEL,20190626,5.94,6.03,5.91,6.01,12704
ZEL,20190627,6.04,6.25,5.99,6.05,34067
ZEL,20190628,6.09,6.11,6.01,6.01,14447
ZEL,20190701,6.07,6.11,6.02,6.1,26228
ZEL,20190702,6.06,6.09,6.06,6.06,6781
ZEL,20190703,6.09,6.09,6,6.07,32148
ZEL,20190704,6.06,6.09,6,6.06,53298
ZEL,20190705,6.03,6.05,6.02,6.05,3511
ZEL,20190708,6,6.04,5.95,6.04,5889
ZEL,20190709,5.9,5.91,5.77,5.91,47261
ZEL,20190710,5.91,5.98,5.8,5.98,19118
ZEL,20190711,5.97,6.1,5.86,6.1,42377
ZEL,20190712,5.91,6,5.89,5.93,47626
ZEL,20190715,6.01,6.02,5.99,6,132617
ZEL,20190716,6.01,6.03,6.01,6.03,178966
ZEL,20190717,6.05,6.06,5.91,5.94,8579
ZEL,20190718,6.05,6.1,6.01,6.08,8603
ZEL,20190719,6.07,6.2,6.07,6.2,19831
ZEL,20190722,6.13,6.2,6.13,6.2,4456
ZEL,20190723,6.15,6.27,6.15,6.22,7064
ZEL,20190724,6.27,6.35,6.25,6.35,14504
ZEL,20190725,6.35,6.35,6.24,6.35,9794
ZEL,20190726,6.23,6.24,6.16,6.16,5658
ZEL,20190729,6.26,6.3,6.17,6.22,13180
ZEL,20190730,6.22,6.35,6.21,6.35,7012
ZEL,20190731,6.29,6.3,6.16,6.19,34669
ZEL,20190801,6.25,6.27,6.24,6.24,4249
ZEL,20190802,6.27,6.27,6.16,6.16,2219
ZEL,20190805,6.26,6.26,6.16,6.16,4253
ZEL,20190806,6.15,6.235,6.07,6.08,37126
ZEL,20190807,6.14,6.29,6.07,6.29,11206
ZEL,20190808,6.3,6.35,6.1,6.25,14210
ZEL,20190809,6.32,6.35,6.29,6.32,24537
ZEL,20190812,6.36,6.4,6.25,6.4,98883
ZEL,20190813,6.39,6.4,6.35,6.4,12402
ZEL,20190814,6.42,6.58,6.42,6.49,544
ZEL,20190815,6.4,6.45,6.38,6.38,10410
ZEL,20190816,6.34,6.34,6.29,6.32,8615
ZEL,20190819,6.32,6.32,6.26,6.31,5906
ZEL,20190820,6.09,6.09,6.04,6.08,34987
ZEL,20190821,5.95,6,5.89,5.9,46157
ZEL,20190822,5.87,6,5.83,5.88,10038
ZEL,20190823,5.86,5.87,5.81,5.81,24635
ZEL,20190826,5.8,5.97,5.75,5.95,31073
ZEL,20190827,5.87,5.91,5.71,5.71,80561
ZEL,20190828,5.85,5.95,5.85,5.94,6209
ZEL,20190829,5.95,6,5.93,6,5336
ZEL,20190830,5.97,6.02,5.91,5.94,17255
ZEL,20190902,5.95,5.99,5.94,5.99,13655
ZEL,20190903,6.03,6.11,6.03,6.1,3050
ZEL,20190904,6.16,6.21,6.03,6.21,12992
ZEL,20190905,6.13,6.17,6.03,6.03,6293
ZEL,20190906,6.11,6.22,6.11,6.12,5413
ZEL,20190909,6.18,6.21,6.18,6.18,11633
ZEL,20190910,6.19,6.25,6.03,6.07,7489
ZEL,20190911,6.15,6.15,5.9,5.9,7133
ZEL,20190912,5.36,5.375,5.31,5.31,334467
ZEL,20190913,5.28,5.28,5.15,5.22,94439
ZEL,20190916,5.22,5.22,5.06,5.06,59134
ZEL,20190917,5.01,5.05,4.96,4.96,57287
ZEL,20190918,5.05,5.12,4.95,5.01,53318
ZEL,20190919,5.09,5.26,5.08,5.26,38386
ZEL,20190920,5.29,5.34,5.16,5.16,92756
ZEL,20190923,5.26,5.26,5.15,5.22,134886
ZEL,20190924,5.23,5.33,5.22,5.22,68844
ZEL,20190925,5.23,5.26,5.15,5.19,86774
ZEL,20190926,5.23,5.23,5.16,5.19,25031
ZEL,20190927,5.2,5.22,5.18,5.19,49967
ZEL,20190930,5.18,5.2,5.18,5.18,24055
ZEL,20191001,5.2,5.23,5.15,5.23,42213
ZEL,20191002,5.21,5.22,5.17,5.19,47311
ZEL,20191003,5.16,5.22,5.11,5.11,35680
ZEL,20191004,5.2,5.28,5.12,5.19,53182
ZEL,20191007,5.19,5.25,5.17,5.24,8406
ZEL,20191008,5.23,5.3,5.22,5.3,25067
ZEL,20191009,5.27,5.28,5.2,5.28,18701
ZEL,20191010,5.27,5.31,5.23,5.26,21408
ZEL,20191011,5.34,5.36,5.25,5.32,40236
ZEL,20191014,5.35,5.35,5.29,5.33,50541
ZEL,20191015,5.3,5.35,5.26,5.29,18860
ZEL,20191016,5.3,5.32,5.22,5.23,29440
ZEL,20191017,5.23,5.24,5.14,5.18,41769
ZEL,20191018,5.15,5.2,5.15,5.15,19554
ZEL,20191021,5.16,5.16,5.1,5.11,80219
ZEL,20191022,5.11,5.15,5.07,5.07,63758
ZEL,20191023,5.07,5.09,5.03,5.04,61547
ZEL,20191024,5.06,5.06,5.01,5.02,40045
ZEL,20191025,5.04,5.06,5.03,5.04,30798
ZEL,20191028,5.06,5.09,5.04,5.04,17432
ZEL,20191029,5.11,5.11,4.95,5,65915
ZEL,20191030,4.95,4.98,4.88,4.98,359254
ZEL,20191031,5.04,5.07,4.98,4.98,64427
ZEL,20191101,5,5.01,4.98,5.01,27800
ZEL,20191104,5.05,5.09,4.99,4.99,47389
ZEL,20191105,5,5.01,4.895,4.94,314022
ZEL,20191106,4.97,5,4.9,4.93,121088
ZEL,20191107,4.95,4.97,4.91,4.96,47329
ZEL,20191108,4.92,5.02,4.88,4.88,105828
ZEL,20191111,4.9,5.02,4.9,4.99,65522
ZEL,20191112,5,5,4.96,5,35610
ZEL,20191113,4.98,4.99,4.9,4.93,79199
ZEL,20191114,4.98,5.02,4.94,5.02,50961
ZEL,20191115,4.99,5.01,4.93,4.97,63453
ZEL,20191118,4.98,5.01,4.96,4.98,78042
ZEL,20191119,5,5.05,4.98,5.03,38246
ZEL,20191120,5.03,5.03,4.92,4.94,108197
ZEL,20191121,5,5,4.75,4.77,68915
ZEL,20191122,4.77,4.77,4.57,4.67,105280
ZEL,20191125,4.67,4.71,4.54,4.62,94062
ZEL,20191126,4.7,4.78,4.57,4.61,52038
ZEL,20191127,4.74,4.92,4.72,4.89,43329
ZEL,20191128,4.9,4.97,4.88,4.91,26982
ZEL,20191129,4.93,4.93,4.86,4.86,53046
ZEL,20191202,4.91,4.91,4.87,4.88,10764
ZEL,20191203,4.86,4.87,4.78,4.86,59262
ZEL,20191204,4.78,4.84,4.72,4.79,112426
ZEL,20191205,4.73,4.8,4.7,4.7,52786
ZEL,20191206,4.7,4.76,4.65,4.65,53911
ZEL,20191209,4.68,4.79,4.62,4.63,16581
ZEL,20191210,4.63,4.7,4.62,4.66,14775
ZEL,20191211,4.65,4.66,4.6,4.61,48357
ZEL,20191212,4.65,4.69,4.62,4.64,26314
ZEL,20191213,4.25,4.25,4.01,4.1,443400
ZEL,20191216,4.16,4.22,4.13,4.16,201017
ZEL,20191217,4.25,4.29,4.19,4.24,102045
ZEL,20191218,4.26,4.44,4.19,4.2,128124
ZEL,20191219,4.24,4.34,4.2,4.24,393797
ZEL,20191220,4.3,4.31,4.13,4.13,121375
ZEL,20191223,4.22,4.35,4.2,4.23,72742
ZEL,20191224,4.27,4.27,4.22,4.24,8593
ZEL,20191227,4.27,4.3,4.23,4.24,19256
ZEL,20191230,4.3,4.32,4.235,4.24,59500
ZEL,20191231,4.26,4.26,4.2,4.26,52811
ZEL,20200102,4.3,4.39,4.3,4.39,22271
ZEL,20200103,4.38,4.38,4.25,4.29,182787
ZEL,20200106,4.31,4.37,4.22,4.22,110139
ZEL,20200107,4.29,4.39,4.24,4.35,133776
ZEL,20200108,4.35,4.55,4.3,4.45,111002
ZEL,20200109,4.45,4.55,4.4,4.53,57377
ZEL,20200113,4.52,4.52,4.4,4.4,90114
ZEL,20200114,4.45,4.45,4.35,4.36,126144
ZEL,20200115,4.4,4.42,4.37,4.41,82758
ZEL,20200116,4.44,4.48,4.4,4.48,44474
ZEL,20200117,4.5,4.57,4.5,4.52,77846
ZEL,20200120,4.57,4.68,4.57,4.64,121816
ZEL,20200121,4.62,4.64,4.57,4.59,48414
ZEL,20200122,4.6,4.6,4.48,4.56,53773
ZEL,20200123,4.54,4.54,4.46,4.48,61551
ZEL,20200124,4.52,4.53,4.445,4.5,59657
ZEL,20200128,4.39,4.39,4.32,4.32,155804
ZEL,20200129,4.35,4.38,4.31,4.36,87333
ZEL,20200130,4.34,4.34,4.25,4.26,94255
ZEL,20200203,4.28,4.34,4.25,4.32,67421
ZEL,20200204,4.32,4.38,4.31,4.32,34044
ZEL,20200205,4.39,4.39,4.2,4.2,92394
ZEL,20200210,4.21,4.29,4.18,4.19,126512
ZEL,20200211,4.22,4.22,4.15,4.19,59542
ZEL,20200212,4.22,4.28,4.21,4.26,42220
ZEL,20200213,4.24,4.34,4.23,4.34,30998
ZEL,20200214,4.3,4.44,4.29,4.3,76974
ZEL,20200217,4.32,4.41,4.32,4.33,24993
ZEL,20200218,4.43,4.49,4.38,4.38,98025
ZEL,20200219,4.41,4.47,4.34,4.35,47295
ZEL,20200220,4.33,4.4,4.3,4.31,61818
ZEL,20200221,4.35,4.4,4.3,4.31,32661
ZEL,20200224,4.35,4.43,4.33,4.43,208179
ZEL,20200225,4.33,4.39,4.3,4.3,66252
ZEL,20200226,4.29,4.3,4.23,4.24,88822
ZEL,20200227,4.23,4.34,4.07,4.34,154526
ZEL,20200228,4,4.03,3.87,3.91,276913
ZEL,20200302,3.88,3.93,3.71,3.84,110559
ZEL,20200303,4,4.1,3.97,4,105845
ZEL,20200304,4,4.06,3.91,3.99,87087
ZEL,20200305,4.12,4.12,4.01,4.07,72857
ZEL,20200306,4,4.01,3.9,3.965,39571
ZEL,20200309,3.88,3.96,3.8,3.81,127871
ZEL,20200310,3.8,3.92,3.74,3.82,126108
ZEL,20200311,3.83,3.85,3.67,3.8,94587
ZEL,20200312,3.67,3.68,3.51,3.61,97616
ZEL,20200313,3.5,3.62,3.38,3.62,115156
ZEL,20200316,3.35,3.38,3.2,3.23,85372
ZEL,20200317,3.05,3.6,3,3.53,94850
ZEL,20200318,3.53,3.62,3.25,3.41,164511
ZEL,20200319,3.22,3.22,3,3.08,75410
ZEL,20200320,3.09,3.38,3.01,3.38,89159
ZEL,20200323,3.06,3.06,2.44,2.82,121479
ZEL,20200324,2.65,2.8,2.56,2.76,52793
ZEL,20200325,2.95,2.99,2.78,2.78,41272
ZEL,20200326,3,3.05,2.85,2.89,69776
ZEL,20200327,2.89,2.98,2.6,2.81,178269
ZEL,20200330,2.78,2.9,2.68,2.72,141717
ZEL,20200331,2.8,2.9,2.76,2.87,131850
ZEL,20200401,2.81,2.95,2.81,2.905,81435
ZEL,20200402,2.89,2.93,2.8,2.93,105519
ZEL,20200403,2.86,2.93,2.85,2.93,89970
ZEL,20200406,2.87,3,2.82,2.85,171873
ZEL,20200407,2.85,3.01,2.85,2.9,113040
ZEL,20200408,2.92,2.99,2.81,2.89,166640
ZEL,20200409,2.85,2.9,2.82,2.89,96418
ZEL,20200414,2.9,2.99,2.85,2.96,131162
ZEL,20200415,2.96,2.99,2.88,2.93,125280
ZEL,20200416,3,3.04,2.91,2.94,146157
ZEL,20200417,2.99,3.1,2.99,3.09,136251
ZEL,20200420,3.22,3.28,3.1,3.13,109954
ZEL,20200421,3.11,3.12,3.02,3.02,46635
ZEL,20200422,3,3,2.9,2.93,119715
ZEL,20200423,2.98,3.05,2.95,2.98,87915
ZEL,20200424,2.96,3.08,2.92,3.04,16536
ZEL,20200427,3.09,3.09,3,3,31038
ZEL,20200428,3,3.05,2.9,2.91,100409
ZEL,20200429,2.96,3.06,2.96,3,127759
ZEL,20200430,3.04,3.05,2.94,2.95,269077
ZEL,20200501,3.05,3.06,2.85,2.85,381179
ZEL,20200504,2.88,2.92,2.83,2.9,159270
ZEL,20200505,2.92,3,2.9,2.96,155843
ZEL,20200506,3,3.06,2.94,2.94,134248
ZEL,20200507,2.97,3.01,2.93,2.94,158902
ZEL,20200508,2.96,2.98,2.93,2.97,253811
ZEL,20200511,2.97,2.97,2.97,2.97,0
ZEL,20200512,2.94,3,2.9,2.98,4188603
ZEL,20200513,2.92,2.92,2.82,2.85,341286
ZEL,20200514,2.8,2.81,2.76,2.78,290243
ZEL,20200515,2.8,2.84,2.76,2.77,148320
ZEL,20200518,2.76,2.76,2.67,2.7,568227
ZEL,20200519,2.72,2.75,2.68,2.7,267903
ZEL,20200520,2.72,2.72,2.66,2.7,257903
ZEL,20200521,2.71,2.72,2.63,2.64,754718
ZEL,20200522,2.65,2.65,2.58,2.6,556697
ZEL,20200525,2.63,2.75,2.63,2.73,334220
ZEL,20200526,2.74,2.77,2.7,2.77,348154
ZEL,20200527,2.76,2.78,2.71,2.77,429515
ZEL,20200528,2.78,2.82,2.735,2.79,560453
ZEL,20200529,2.76,2.77,2.66,2.7,508963
ZEL,20200601,2.75,2.82,2.67,2.8,391195
ZEL,20200602,2.78,2.78,2.7,2.71,413344
ZEL,20200603,2.75,2.79,2.75,2.77,247788
ZEL,20200604,2.83,2.9,2.8,2.88,520576
ZEL,20200605,2.87,2.88,2.84,2.85,324081
ZEL,20200609,2.92,3,2.92,2.96,695745
ZEL,20200610,2.94,2.95,2.9,2.92,578779
ZEL,20200611,2.88,2.88,2.8,2.8,829698
ZEL,20200612,2.77,2.82,2.75,2.82,590087
ZEL,20200615,2.8,2.8,2.63,2.63,391741
ZEL,20200616,2.75,2.79,2.72,2.77,155341
ZEL,20200617,2.78,2.81,2.73,2.75,167273
ZEL,20200618,2.75,2.76,2.7,2.7,184605
ZEL,20200619,2.72,2.78,2.69,2.71,247644
ZEL,20200622,2.71,2.72,2.7,2.71,176608
ZEL,20200623,2.7,2.75,2.6,2.63,590492
ZEL,20200624,2.65,2.65,2.6,2.6,187455
ZEL,20200625,2.59,2.61,2.55,2.58,317076
ZEL,20200626,2.56,2.58,2.53,2.54,394462
ZEL,20200629,2.53,2.53,2.47,2.5,382254
ZEL,20200630,2.53,2.54,2.47,2.53,310663
ZEL,20200701,2.53,2.56,2.49,2.53,306933
ZEL,20200702,2.52,2.59,2.51,2.56,108099
ZEL,20200703,2.63,2.66,2.6,2.62,253157
ZEL,20200706,2.63,2.64,2.55,2.57,291480
ZEL,20200707,2.63,2.64,2.58,2.58,157894
ZEL,20200708,2.64,2.64,2.58,2.58,125466
ZEL,20200709,2.59,2.59,2.55,2.55,91974
ZEL,20200710,2.58,2.6,2.54,2.56,114532
ZEL,20200713,2.58,2.59,2.52,2.55,113639
ZEL,20200714,2.51,2.56,2.49,2.54,131082
ZEL,20200715,2.52,2.58,2.5,2.55,129285
ZEL,20200716,2.59,2.63,2.55,2.55,173784
ZEL,20200717,2.56,2.57,2.53,2.55,88057
ZEL,20200720,2.55,2.57,2.52,2.57,1364420
ZEL,20200721,2.57,2.58,2.55,2.58,63705
ZEL,20200722,2.6,2.72,2.6,2.7,443715
ZEL,20200723,2.73,2.76,2.73,2.75,164900
ZEL,20200724,2.75,2.76,2.73,2.76,167187
ZEL,20200727,2.75,2.77,2.74,2.75,214326
ZEL,20200728,2.75,2.77,2.745,2.77,283190
ZEL,20200729,2.74,2.74,2.62,2.64,227269
ZEL,20200730,2.66,2.68,2.6,2.68,168788
ZEL,20200731,2.61,2.61,2.58,2.6,116086
ZEL,20200803,2.6,2.6,2.55,2.59,100466
ZEL,20200804,2.6,2.63,2.59,2.63,81414
ZEL,20200805,2.59,2.61,2.56,2.61,102387
ZEL,20200806,2.61,2.63,2.585,2.61,155399
ZEL,20200807,2.61,2.62,2.58,2.62,49976
ZEL,20200810,2.64,2.65,2.58,2.59,151738
ZEL,20200811,2.6,2.66,2.59,2.65,199329
ZEL,20200812,2.54,2.57,2.51,2.55,187463
ZEL,20200813,2.52,2.53,2.47,2.47,482840
ZEL,20200814,2.48,2.5,2.46,2.48,180737
ZEL,20200817,2.49,2.5,2.44,2.45,281730
ZEL,20200818,2.48,2.5,2.46,2.47,109842
ZEL,20200819,2.49,2.49,2.46,2.47,156595
ZEL,20200820,2.49,2.5,2.46,2.46,100961
ZEL,20200821,2.46,2.47,2.44,2.45,227502
ZEL,20200824,2.48,2.5,2.46,2.48,92280
ZEL,20200825,2.47,2.48,2.44,2.44,185426
ZEL,20200826,2.45,2.48,2.41,2.47,213414
ZEL,20200827,2.47,2.47,2.42,2.44,114559
ZEL,20200828,2.47,2.49,2.42,2.45,206475
ZEL,20200831,2.47,2.49,2.45,2.45,45657
ZEL,20200901,2.47,2.47,2.44,2.44,104222
ZEL,20200902,2.45,2.49,2.45,2.49,1455596
ZEL,20200903,2.5,2.5,2.48,2.5,153948
ZEL,20200904,2.48,2.49,2.47,2.49,71760
ZEL,20200907,2.48,2.48,2.46,2.46,39088
ZEL,20200908,2.48,2.5,2.46,2.5,85590
ZEL,20200909,2.48,2.48,2.44,2.45,110709
ZEL,20200910,2.46,2.5,2.46,2.5,197122
ZEL,20200911,2.48,2.48,2.44,2.44,211041
ZEL,20200914,2.45,2.48,2.44,2.46,79148
ZEL,20200915,2.46,2.47,2.43,2.43,104900
ZEL,20200916,2.44,2.48,2.44,2.45,129082
ZEL,20200917,2.48,2.53,2.47,2.53,246476
ZEL,20200918,2.53,2.59,2.52,2.52,388965
ZEL,20200921,2.51,2.54,2.5,2.53,88269
ZEL,20200922,2.49,2.55,2.49,2.55,115012
ZEL,20200923,2.55,2.59,2.53,2.58,254064
ZEL,20200924,2.55,2.56,2.54,2.55,113351
ZEL,20200925,2.55,2.6,2.55,2.59,137109
ZEL,20200928,2.57,2.57,2.54,2.56,157304
ZEL,20200929,2.55,2.55,2.51,2.51,84940
ZEL,20200930,2.54,2.56,2.51,2.51,124797
ZEL,20201001,2.53,2.55,2.52,2.54,204908
ZEL,20201002,2.53,2.55,2.47,2.47,243409
ZEL,20201005,2.53,2.56,2.53,2.56,122305
ZEL,20201006,2.58,2.58,2.54,2.55,85343
ZEL,20201007,2.54,2.55,2.52,2.55,39012
ZEL,20201008,2.53,2.56,2.51,2.51,100045
ZEL,20201009,2.53,2.54,2.51,2.51,115105
ZEL,20201012,2.53,2.54,2.51,2.52,109544
ZEL,20201013,2.52,2.56,2.52,2.55,152263
ZEL,20201014,2.56,2.61,2.56,2.59,185386
ZEL,20201015,2.61,2.7,2.61,2.7,254628
ZEL,20201016,2.7,2.73,2.57,2.65,215364
ZEL,20201019,2.65,2.72,2.65,2.72,145664
ZEL,20201020,2.72,2.73,2.67,2.7,116655
ZEL,20201021,2.71,2.75,2.71,2.74,278988
ZEL,20201022,2.76,2.84,2.76,2.83,389783
ZEL,20201023,2.83,2.84,2.8,2.84,388046
ZEL,20201026,2.84,2.84,2.75,2.81,84220
ZEL,20201027,2.79,2.81,2.76,2.79,160597
ZEL,20201028,2.79,2.79,2.69,2.69,98962
ZEL,20201029,2.7,2.73,2.66,2.73,150626
ZEL,20201030,2.71,2.71,2.63,2.68,120324
ZEL,20201102,2.66,2.73,2.65,2.67,171989
ZEL,20201103,2.72,2.75,2.7,2.75,69796
ZEL,20201104,2.77,2.78,2.7,2.73,107322
ZEL,20201105,2.73,2.76,2.72,2.75,111350
ZEL,20201106,2.74,2.74,2.71,2.73,70637
ZEL,20201109,2.73,2.74,2.72,2.72,192389
ZEL,20201110,2.85,2.94,2.85,2.9,856919
ZEL,20201111,2.93,3.05,2.93,3.03,344663
ZEL,20201112,3.04,3.04,2.96,2.99,174124
ZEL,20201113,2.96,3.02,2.92,3.01,103110
ZEL,20201116,3.04,3.06,3.04,3.06,6273
ZEL,20201117,3.07,3.1,3.06,3.07,234392
ZEL,20201118,3.08,3.09,3.05,3.05,76566
ZEL,20201120,3.1,3.17,3.1,3.17,110857
ZEL,20201123,3.19,3.23,3.16,3.23,209692
ZEL,20201124,3.21,3.21,3.04,3.12,350004
ZEL,20201125,3.16,3.19,3.16,3.18,246362
ZEL,20201126,3.18,3.19,3.1,3.11,153170
ZEL,20201127,3.08,3.09,3.05,3.06,89118
ZEL,20201130,3.08,3.09,3,3.03,360736
ZEL,20201201,3.07,3.07,3,3.01,202281
ZEL,20201202,3.05,3.05,3.02,3.04,109738
ZEL,20201203,3.03,3.04,2.96,2.97,242896
ZEL,20201204,2.98,3.07,2.98,3.05,177683
ZEL,20201207,3.09,3.15,3.09,3.15,132877
ZEL,20201208,3.17,3.18,3.14,3.18,151056
ZEL,20201209,3.18,3.22,3.16,3.2,131391
ZEL,20201210,3.2,3.21,3.17,3.17,156372
ZEL,20201211,3.21,3.22,3.16,3.2,365420
ZEL,20201214,3.19,3.2,3.17,3.18,100212
ZEL,20201215,3.18,3.2,3.14,3.2,152822
ZEL,20201216,3.19,3.19,3.15,3.16,29701
ZEL,20201217,3.14,3.14,3.02,3.03,185901
ZEL,20201218,3.04,3.05,2.92,2.94,464816
ZEL,20201221,2.95,2.99,2.94,2.96,128389
ZEL,20201222,2.92,2.96,2.91,2.93,106252
ZEL,20201224,3,3,3,3,0
ZEL,20201229,3.04,3.07,3.02,3.02,89956
ZEL,20201230,3.07,3.085,3.045,3.05,59453
ZEL,20201231,3.04,3.06,2.98,2.98,52109
ZEL,20210104,2.96,2.97,2.92,2.95,73260
ZEL,20210105,2.99,2.99,2.94,2.96,75441
ZEL,20210106,2.98,2.99,2.95,2.96,39760
ZEL,20210107,3,3,2.95,2.95,44374
ZEL,20210108,2.95,2.96,2.93,2.96,35980
ZEL,20210111,2.94,2.95,2.88,2.92,120425
ZEL,20210112,2.91,2.94,2.9,2.92,34893
ZEL,20210113,2.94,2.96,2.94,2.95,25249
ZEL,20210114,2.94,2.95,2.92,2.94,65115
ZEL,20210115,2.92,2.93,2.9,2.92,40678
ZEL,20210118,2.89,2.89,2.83,2.85,68065
ZEL,20210119,2.83,2.84,2.78,2.83,232552
ZEL,20210120,2.85,2.9,2.84,2.88,125426
ZEL,20210121,2.88,2.9,2.87,2.88,40884
ZEL,20210122,2.9,2.92,2.88,2.9,76012
ZEL,20210125,2.91,2.91,2.82,2.9,65820
ZEL,20210127,2.88,2.88,2.81,2.85,93028
ZEL,20210128,2.86,2.86,2.78,2.86,74809
ZEL,20210129,2.87,2.88,2.75,2.75,165584
ZEL,20210201,2.74,2.8,2.73,2.75,246845
ZEL,20210203,2.75,2.76,2.7,2.75,91900
ZEL,20210204,2.72,2.72,2.64,2.68,161859
ZEL,20210205,2.64,2.67,2.62,2.64,202697
ZEL,20210208,2.66,2.67,2.65,2.65,105956
ZEL,20210209,2.67,2.7,2.665,2.67,348131
ZEL,20210210,2.68,2.68,2.63,2.63,107324
ZEL,20210211,2.64,2.65,2.6,2.63,131740
ZEL,20210212,2.62,2.62,2.58,2.58,52754
ZEL,20210215,2.58,2.58,2.525,2.55,139649
ZEL,20210216,2.55,2.6,2.55,2.6,69458
ZEL,20210217,2.58,2.65,2.56,2.63,96880
ZEL,20210218,2.65,2.66,2.58,2.61,67131
ZEL,20210219,2.62,2.65,2.55,2.63,113406
ZEL,20210222,2.59,2.59,2.52,2.58,118473
ZEL,20210223,2.52,2.58,2.5,2.58,234188
ZEL,20210224,2.53,2.55,2.5,2.55,78377
ZEL,20210225,2.55,2.6,2.51,2.57,130554
ZEL,20210226,2.54,2.6,2.52,2.58,182939
ZEL,20210301,2.53,2.56,2.52,2.53,87827
ZEL,20210302,2.57,2.6,2.51,2.52,158658
ZEL,20210303,2.51,2.57,2.51,2.54,109472
ZEL,20210304,2.54,2.56,2.51,2.52,87131
ZEL,20210305,2.53,2.54,2.48,2.5,179235
ZEL,20210308,2.54,2.63,2.54,2.61,114759
ZEL,20210309,2.61,2.65,2.55,2.6,112052
ZEL,20210310,2.61,2.63,2.56,2.61,108089
ZEL,20210311,2.61,2.63,2.56,2.61,108089
ZEL,20210312,2.5,2.53,2.49,2.5,49327
ZEL,20210315,2.54,2.57,2.5,2.57,82717
ZEL,20210316,2.58,2.61,2.57,2.61,92678
ZEL,20210317,2.73,2.74,2.68,2.69,226266
ZEL,20210318,2.72,2.74,2.66,2.73,125410
ZEL,20210319,2.69,2.69,2.62,2.62,262421
ZEL,20210322,2.68,2.71,2.65,2.67,269798
ZEL,20210323,2.64,2.68,2.63,2.68,211630
ZEL,20210324,2.66,2.68,2.63,2.66,156784
ZEL,20210325,2.65,2.67,2.64,2.67,143680
ZEL,20210329,2.65,2.65,2.62,2.64,99757
ZEL,20210330,2.62,2.66,2.58,2.63,152056
ZEL,20210331,2.6,2.6,2.58,2.59,119940
ZEL,20210401,2.61,2.61,2.57,2.58,50468
ZEL,20210406,2.59,2.6,2.57,2.59,90317
ZEL,20210407,2.59,2.595,2.535,2.55,163432
ZEL,20210408,2.54,2.58,2.54,2.55,40366
ZEL,20210409,2.56,2.57,2.52,2.54,68238
ZEL,20210412,2.55,2.55,2.5,2.54,164750
ZEL,20210413,2.51,2.51,2.48,2.49,216592
ZEL,20210414,2.48,2.49,2.46,2.49,141027
ZEL,20210415,2.46,2.47,2.4,2.43,611340
ZEL,20210416,2.44,2.46,2.42,2.46,334588
ZEL,20210419,2.45,2.46,2.43,2.44,103233
ZEL,20210420,2.44,2.47,2.43,2.46,53331
ZEL,20210421,2.44,2.46,2.41,2.42,165504
ZEL,20210422,2.44,2.44,2.42,2.43,79462
ZEL,20210423,2.43,2.43,2.4,2.4,198267
ZEL,20210426,2.45,2.45,2.41,2.41,21282
ZEL,20210427,2.41,2.41,2.37,2.4,110463
ZEL,20210428,2.37,2.4,2.35,2.35,150926
ZEL,20210429,2.39,2.47,2.39,2.47,157885
ZEL,20210430,2.5,2.54,2.495,2.51,282995
ZEL,20210503,2.5,2.52,2.47,2.5,66317
ZEL,20210504,2.5,2.51,2.48,2.5,61360
ZEL,20210505,2.5,2.505,2.45,2.47,63138
ZEL,20210506,2.55,2.59,2.53,2.57,443943
ZEL,20210507,2.58,2.63,2.58,2.6,256813
ZEL,20210510,2.63,2.68,2.63,2.66,299129
ZEL,20210511,2.66,2.7,2.62,2.64,221930
ZEL,20210512,2.64,2.64,2.52,2.59,264221
ZEL,20210513,2.53,2.59,2.53,2.56,146153
ZEL,20210514,2.58,2.62,2.58,2.58,148311
ZEL,20210517,2.61,2.62,2.59,2.61,269782
ZEL,20210518,2.62,2.625,2.6,2.6,243413
ZEL,20210519,2.61,2.63,2.6,2.62,173716
ZEL,20210520,2.54,2.54,2.47,2.51,81910
ZEL,20210521,2.51,2.51,2.43,2.46,87242
ZEL,20210524,2.45,2.47,2.42,2.42,91123
ZEL,20210525,2.45,2.47,2.43,2.44,164202
ZEL,20210526,2.47,2.47,2.44,2.44,129051
ZEL,20210527,2.44,2.44,2.4,2.4,129042
ZEL,20210528,2.42,2.425,2.4,2.4,71535
ZEL,20210531,2.41,2.46,2.39,2.46,178341
ZEL,20210601,2.44,2.44,2.41,2.42,109649
ZEL,20210602,2.43,2.44,2.4,2.4,164181
ZEL,20210603,2.4,2.43,2.4,2.41,338308
ZEL,20210604,2.42,2.48,2.42,2.43,157562
ZEL,20210607,2.47,2.48,2.45,2.47,88269
ZEL,20210609,2.44,2.47,2.43,2.47,60931
ZEL,20210610,2.45,2.45,2.41,2.41,202188
ZEL,20210611,2.43,2.46,2.4,2.45,136564
ZEL,20210615,2.4,2.4,2.34,2.36,625316
ZEL,20210616,2.36,2.4,2.35,2.39,360548
ZEL,20210617,2.36,2.4,2.36,2.36,311799
ZEL,20210618,2.38,2.45,2.38,2.43,282195
ZEL,20210621,2.41,2.45,2.38,2.41,168286
ZEL,20210622,2.44,2.44,2.4,2.41,142333
ZEL,20210623,2.41,2.46,2.39,2.44,238984
ZEL,20210625,2.48,2.52,2.47,2.51,358303
ZEL,20210628,2.52,2.52,2.48,2.51,269123
ZEL,20210629,2.5,2.51,2.48,2.5,170853
ZEL,20210630,2.5,2.55,2.5,2.53,185782
ZEL,20210701,2.53,2.56,2.51,2.53,176026
ZEL,20210705,2.57,2.6,2.56,2.58,99343
ZEL,20210706,2.61,2.63,2.58,2.58,191172
ZEL,20210707,2.63,2.63,2.61,2.63,179576
ZEL,20210708,2.64,2.64,2.6,2.63,77667
ZEL,20210709,2.6,2.62,2.58,2.6,125368
ZEL,20210712,2.62,2.67,2.62,2.62,291570
ZEL,20210714,2.67,2.67,2.63,2.65,138928
ZEL,20210715,2.63,2.63,2.59,2.6,273151
ZEL,20210716,2.65,2.68,2.63,2.68,228592
ZEL,20210719,2.68,2.71,2.68,2.68,187941
ZEL,20210720,2.66,2.67,2.63,2.64,111013
ZEL,20210723,2.63,2.65,2.61,2.65,193878
ZEL,20210726,2.66,2.66,2.62,2.66,75877
ZEL,20210727,2.68,2.71,2.67,2.71,1175621
ZEL,20210728,2.72,2.78,2.72,2.76,409602
ZEL,20210729,2.78,2.83,2.78,2.83,357669
ZEL,20210730,2.84,2.84,2.76,2.81,306600
ZEL,20210802,2.81,2.81,2.76,2.78,163124
ZEL,20210803,2.79,2.8,2.75,2.75,187661
ZEL,20210804,2.77,2.8,2.76,2.77,182284
ZEL,20210805,2.77,2.79,2.75,2.75,236597
ZEL,20210806,2.88,2.92,2.88,2.92,478426
ZEL,20210809,2.96,3.01,2.94,2.98,896527
ZEL,20210810,2.99,3,2.92,2.96,294131
ZEL,20210811,2.95,2.99,2.93,2.97,156505
ZEL,20210812,2.97,2.97,2.92,2.94,346519
ZEL,20210813,2.96,2.96,2.87,2.89,535262
ZEL,20210819,2.81,2.86,2.79,2.86,307881
ZEL,20210820,2.87,2.92,2.82,2.89,355820
ZEL,20210823,3.35,3.4,3.3,3.31,1251991
ZEL,20210824,3.32,3.33,3.23,3.3,511227
ZEL,20210825,3.29,3.35,3.28,3.32,578503
ZEL,20210826,3.33,3.39,3.33,3.35,365626
ZEL,20210827,3.37,3.37,3.35,3.35,161391
ZEL,20210830,3.37,3.37,3.35,3.36,96326
ZEL,20210831,3.36,3.4,3.36,3.39,220641
ZEL,20210901,3.39,3.4,3.37,3.39,257505
ZEL,20210902,3.38,3.4,3.37,3.4,281768
ZEL,20210903,3.4,3.41,3.39,3.39,189660
ZEL,20210906,3.4,3.41,3.39,3.4,435692
ZEL,20210907,3.41,3.41,3.375,3.4,163174
ZEL,20210908,3.39,3.4,3.38,3.39,443955
ZEL,20210909,3.39,3.41,3.37,3.38,1398477
ZEL,20210910,3.38,3.395,3.355,3.37,320936
ZEL,20210913,3.36,3.39,3.35,3.36,255327
ZEL,20210914,3.37,3.37,3.35,3.37,101540
ZEL,20210915,3.37,3.37,3.32,3.32,222327
ZEL,20210916,3.36,3.37,3.35,3.37,121103
ZEL,20210917,3.37,3.37,3.32,3.32,206832
ZEL,20210920,3.32,3.34,3.25,3.26,198652
ZEL,20210922,3.3,3.315,3.27,3.27,142957
ZEL,20210923,3.29,3.37,3.29,3.36,137747
ZEL,20210924,3.33,3.34,3.3,3.34,87873
ZEL,20210927,3.31,3.31,3.26,3.27,260690
ZEL,20210928,3.27,3.29,3.27,3.27,154887
ZEL,20210929,3.28,3.28,3.24,3.27,611199
ZEL,20210930,3.26,3.27,3.245,3.27,399676
ZEL,20211001,3.27,3.28,3.22,3.25,124534
ZEL,20211004,3.28,3.28,3.24,3.26,375635
ZEL,20211005,3.26,3.26,3.24,3.24,138821
ZEL,20211006,3.24,3.275,3.235,3.25,737688
ZEL,20211007,3.23,3.25,3.22,3.23,575110
ZEL,20211008,3.23,3.24,3.2,3.22,261277
ZEL,20211011,3.42,3.43,3.39,3.41,1935381
ZEL,20211012,3.42,3.43,3.39,3.41,1945532
ZEL,20211013,3.41,3.43,3.41,3.43,9243100
ZEL,20211014,3.43,3.44,3.42,3.43,4189938
ZEL,20211019,3.49,3.49,3.47,3.47,249021
ZEL,20211020,3.47,3.48,3.46,3.46,176025
ZEL,20211021,3.47,3.48,3.46,3.46,37353
ZEL,20211022,3.48,3.48,3.46,3.48,89019
ZEL,20211025,3.48,3.48,3.45,3.45,97303
ZEL,20211026,3.46,3.47,3.46,3.46,146536
ZEL,20211028,3.43,3.45,3.41,3.41,152107
ZEL,20211029,3.43,3.44,3.41,3.41,537789
ZEL,20211101,3.44,3.45,3.44,3.44,167373
ZEL,20211102,3.44,3.45,3.44,3.45,71760
ZEL,20211103,3.46,3.47,3.45,3.45,223781
ZEL,20211104,3.46,3.48,3.46,3.46,162091
ZEL,20211105,3.46,3.47,3.44,3.44,93512
ZEL,20211109,3.47,3.49,3.47,3.47,83036
ZEL,20211110,3.48,3.48,3.47,3.47,26632
ZEL,20211112,3.46,3.47,3.445,3.45,34215
ZEL,20211115,3.45,3.46,3.44,3.45,40646
ZEL,20211116,3.45,3.45,3.43,3.43,337755
ZEL,20211117,3.43,3.45,3.43,3.45,120638
ZEL,20211118,3.4,3.41,3.38,3.39,67194
ZEL,20211119,3.4,3.4,3.39,3.39,30109
ZEL,20211122,3.4,3.4,3.38,3.38,176025
ZEL,20211123,3.37,3.38,3.36,3.36,45423
ZEL,20211124,3.36,3.38,3.35,3.35,281564
ZEL,20211125,3.35,3.355,3.34,3.34,229640
ZEL,20211126,3.33,3.36,3.33,3.36,624037
ZEL,20211129,3.35,3.355,3.315,3.32,537891
ZEL,20211130,3.34,3.35,3.33,3.34,286640
ZEL,20211201,3.35,3.35,3.33,3.33,159829
ZEL,20211202,3.32,3.35,3.32,3.34,113328
ZEL,20211203,3.34,3.36,3.33,3.36,85900
ZEL,20211206,3.36,3.36,3.34,3.36,108082
ZEL,20211207,3.35,3.36,3.33,3.33,950410
ZEL,20211208,3.33,3.34,3.3,3.3,346161
ZEL,20211209,3.31,3.32,3.31,3.32,98441
ZEL,20211210,3.31,3.32,3.3,3.31,384156
ZEL,20211213,3.32,3.32,3.29,3.3,400810
ZEL,20211214,3.3,3.31,3.26,3.31,256271
ZEL,20211216,3.3,3.31,3.28,3.28,192847
ZEL,20211217,3.29,3.31,3.29,3.3,150381
ZEL,20211220,3.3,3.31,3.29,3.29,226972
ZEL,20211221,3.295,3.31,3.29,3.3,505723
ZEL,20211222,3.31,3.31,3.3,3.3,150295
ZEL,20211223,3.3,3.31,3.29,3.31,393515
ZEL,20211224,3.28,3.3,3.24,3.29,741832
ZEL,20211229,3.29,3.31,3.27,3.31,201808
ZEL,20211230,3.32,3.32,3.29,3.29,67117
ZEL,20211231,3.3,3.35,3.3,3.35,70808
ZEL,20220104,3.35,3.38,3.35,3.37,26934
ZEL,20220105,3.36,3.37,3.35,3.37,96134
ZEL,20220106,3.35,3.37,3.34,3.35,17813
ZEL,20220107,3.36,3.38,3.36,3.38,38297
ZEL,20220110,3.38,3.38,3.36,3.38,53827
ZEL,20220111,3.37,3.39,3.37,3.38,44156
ZEL,20220112,3.38,3.38,3.36,3.38,48753
ZEL,20220113,3.37,3.38,3.37,3.38,14180
ZEL,20220114,3.38,3.4,3.38,3.38,48341
ZEL,20220117,3.39,3.4,3.36,3.36,121832
ZEL,20220118,3.37,3.4,3.37,3.4,38059
ZEL,20220119,3.38,3.4,3.37,3.37,19758
ZEL,20220120,3.39,3.39,3.35,3.37,72748
ZEL,20220121,3.35,3.37,3.34,3.36,136056
ZEL,20220124,3.34,3.34,3.28,3.28,320656
ZEL,20220125,3.3,3.31,3.27,3.28,341766
ZEL,20220127,3.29,3.31,3.26,3.27,250953
ZEL,20220128,3.28,3.305,3.26,3.28,125489
ZEL,20220131,3.29,3.33,3.29,3.32,233446
ZEL,20220201,3.32,3.37,3.31,3.37,44661
ZEL,20220202,3.35,3.37,3.34,3.37,24807
ZEL,20220203,3.34,3.37,3.32,3.34,101647
ZEL,20220204,3.34,3.39,3.34,3.38,69450
ZEL,20220207,3.39,3.4,3.35,3.35,24219
ZEL,20220208,3.36,3.38,3.35,3.38,29311
ZEL,20220209,3.37,3.37,3.36,3.36,68275
ZEL,20220210,3.36,3.4,3.36,3.39,75344
ZEL,20220211,3.38,3.38,3.36,3.36,33826
ZEL,20220214,3.36,3.37,3.31,3.32,198543
ZEL,20220215,3.32,3.35,3.32,3.32,41429
ZEL,20220216,3.33,3.36,3.33,3.35,44528
ZEL,20220217,3.36,3.385,3.34,3.34,38287
ZEL,20220218,3.36,3.4,3.36,3.4,20234
ZEL,20220221,3.37,3.4,3.37,3.37,122026
ZEL,20220222,3.38,3.4,3.38,3.38,228192
ZEL,20220223,3.39,3.42,3.39,3.415,151423
ZEL,20220224,3.4,3.43,3.38,3.39,408661
ZEL,20220225,3.38,3.41,3.38,3.41,86523
ZEL,20220228,3.4,3.4,3.36,3.4,29312
ZEL,20220301,3.4,3.41,3.39,3.41,54367
ZEL,20220302,3.4,3.41,3.39,3.41,154024
ZEL,20220303,3.39,3.4,3.38,3.4,115462
ZEL,20220304,3.4,3.42,3.4,3.41,196627
ZEL,20220307,3.41,3.43,3.4,3.42,145035
ZEL,20220308,3.42,3.42,3.41,3.41,55839
ZEL,20220309,3.42,3.44,3.4,3.44,171706
ZEL,20220310,3.43,3.43,3.41,3.41,86663
ZEL,20220311,3.4,3.42,3.38,3.41,20105
ZEL,20220314,3.42,3.45,3.42,3.45,129855
ZEL,20220315,3.45,3.46,3.44,3.45,56040
ZEL,20220316,0,0,0,0,0
ZEL,20220317,3.49,3.5,3.48,3.5,134879
ZEL,20220318,3.49,3.5,3.47,3.48,535221
ZEL,20220321,3.49,3.49,3.48,3.48,73829
ZEL,20220322,3.47,3.485,3.47,3.48,298420
ZEL,20220323,3.48,3.49,3.48,3.48,87176
ZEL,20220324,3.48,3.48,3.47,3.48,52754
ZEL,20220325,3.47,3.48,3.46,3.48,181425
ZEL,20220328,3.47,3.47,3.45,3.47,346680
ZEL,20220329,3.46,3.46,3.44,3.46,269484
ZEL,20220330,3.45,3.47,3.45,3.47,114824
ZEL,20220331,3.47,3.49,3.47,3.49,135657
ZEL,20220401,3.48,3.48,3.47,3.47,69061
ZEL,20220404,3.48,3.48,3.45,3.45,47664
ZEL,20220405,3.46,3.46,3.43,3.43,269642
ZEL,20220406,3.42,3.44,3.42,3.43,36219
ZEL,20220407,3.45,3.46,3.445,3.45,82548
ZEL,20220408,3.45,3.47,3.44,3.44,169301
ZEL,20220411,3.43,3.45,3.42,3.42,275384
ZEL,20220412,3.43,3.46,3.43,3.45,97117
ZEL,20220413,3.46,3.47,3.44,3.45,413255
ZEL,20220414,3.43,3.45,3.43,3.43,90442
ZEL,20220419,3.45,3.45,3.43,3.43,409293
ZEL,20220420,3.44,3.44,3.42,3.42,135250
ZEL,20220421,3.44,3.44,3.42,3.42,135250
ZEL,20220422,3.44,3.44,3.42,3.42,156769
ZEL,20220426,3.46,3.47,3.46,3.46,238882
ZEL,20220427,3.48,3.48,3.45,3.45,893012
ZEL,20220428,3.45,3.47,3.44,3.45,899939
ZEL,20220429,3.45,3.45,3.45,3.45,0
ZEL,20220502,3.45,3.45,3.45,3.45,0
ZEL,20220503,3.45,3.45,3.45,3.45,0
ZEL,20220504,3.45,3.45,3.45,3.45,0
ZEL,20220505,3.45,3.45,3.45,3.45,0
ZEL,20220506,3.45,3.45,3.45,3.45,0
ZEL,20220509,3.45,3.45,3.45,3.45,0
ZEL,20220510,3.45,3.45,3.45,3.45,0
ZEL,20220511,3.45,3.45,3.45,3.45,0
