ZLD,20161011,0.005,0.005,0.005,0.005,0
ZLD,20161012,0.005,0.005,0.005,0.005,0
ZLD,20161013,0.005,0.005,0.005,0.005,0
ZLD,20161014,0.005,0.005,0.005,0.005,0
ZLD,20161026,0,0,0,0,0
ZLD,20161027,0,0,0,0,0
ZLD,20161028,0,0,0,0,0
ZLD,20161031,0,0,0,0,0
ZLD,20161101,0,0,0,0,0
ZLD,20161102,0,0,0,0,0
ZLD,20161103,0,0,0,0,0
ZLD,20161104,0,0,0,0,0
ZLD,20161107,0,0,0,0,0
ZLD,20161108,0,0,0,0,0
ZLD,20161109,0,0,0,0,0
ZLD,20161110,0,0,0,0,0
ZLD,20161111,0,0,0,0,0
ZLD,20161114,0,0,0,0,0
ZLD,20161115,0,0,0,0,0
ZLD,20161116,0,0,0,0,0
ZLD,20161117,0,0,0,0,0
ZLD,20161118,0,0,0,0,0
ZLD,20161121,0,0,0,0,0
ZLD,20161122,0.028,0.028,0.023,0.023,6015392
ZLD,20161123,0.023,0.024,0.022,0.022,3869078
ZLD,20161124,0.023,0.025,0.023,0.025,1599029
ZLD,20161125,0.025,0.026,0.022,0.024,2326819
ZLD,20161128,0.025,0.025,0.023,0.024,340000
ZLD,20161129,0.024,0.024,0.023,0.023,1104950
ZLD,20161130,0.03,0.036,0.027,0.031,38918191
ZLD,20161201,0.032,0.033,0.03,0.03,6258243
ZLD,20161202,0.032,0.032,0.03,0.031,2806670
ZLD,20161205,0.033,0.034,0.032,0.032,3949883
ZLD,20161206,0.034,0.043,0.034,0.039,8458638
ZLD,20161207,0.041,0.05,0.041,0.044,24591978
ZLD,20161208,0.044,0.045,0.039,0.039,10312249
ZLD,20161209,0.039,0.041,0.038,0.038,2423792
ZLD,20161212,0.041,0.042,0.039,0.039,6085093
ZLD,20161213,0.04,0.04,0.038,0.038,1703908
ZLD,20161214,0.038,0.04,0.038,0.038,730880
ZLD,20161215,0.038,0.039,0.035,0.035,700770
ZLD,20161216,0.036,0.037,0.036,0.036,97463
ZLD,20161219,0.036,0.037,0.034,0.037,1668973
ZLD,20161220,0.037,0.039,0.037,0.038,457625
ZLD,20161221,0.038,0.039,0.038,0.038,657477
ZLD,20161222,0.037,0.04,0.037,0.038,1570045
ZLD,20161223,0.039,0.04,0.038,0.039,437365
ZLD,20161228,0.039,0.039,0.038,0.039,1348937
ZLD,20161229,0.039,0.041,0.037,0.039,1231500
ZLD,20161230,0.039,0.039,0.037,0.039,825641
ZLD,20170103,0.039,0.039,0.038,0.038,58136
ZLD,20170104,0.038,0.039,0.037,0.039,499419
ZLD,20170105,0.039,0.04,0.038,0.04,413671
ZLD,20170106,0.04,0.042,0.04,0.041,2432237
ZLD,20170109,0.041,0.041,0.038,0.04,1285497
ZLD,20170110,0.039,0.039,0.038,0.039,199273
ZLD,20170111,0.038,0.038,0.035,0.037,2762191
ZLD,20170112,0.036,0.036,0.034,0.034,1782195
ZLD,20170113,0.034,0.035,0.034,0.035,611283
ZLD,20170116,0.036,0.036,0.033,0.033,1231379
ZLD,20170117,0.034,0.035,0.034,0.034,603235
ZLD,20170118,0.035,0.035,0.033,0.033,673120
ZLD,20170119,0.034,0.034,0.031,0.033,1335262
ZLD,20170120,0.035,0.035,0.027,0.027,5755038
ZLD,20170123,0.029,0.03,0.029,0.029,808713
ZLD,20170124,0.029,0.03,0.027,0.027,831223
ZLD,20170125,0.027,0.028,0.026,0.026,1023430
ZLD,20170127,0.027,0.029,0.027,0.029,321300
ZLD,20170130,0.029,0.031,0.029,0.031,1547991
ZLD,20170131,0.031,0.032,0.031,0.031,1059751
ZLD,20170201,0.031,0.031,0.031,0.031,382000
ZLD,20170202,0.031,0.032,0.029,0.03,348411
ZLD,20170203,0.03,0.032,0.029,0.03,189833
ZLD,20170206,0.032,0.032,0.028,0.032,525000
ZLD,20170207,0.032,0.032,0.03,0.03,101127
ZLD,20170208,0.03,0.031,0.028,0.028,943515
ZLD,20170209,0.027,0.028,0.027,0.028,225000
ZLD,20170210,0.03,0.03,0.03,0.03,174667
ZLD,20170213,0.03,0.032,0.03,0.03,1131281
ZLD,20170214,0.03,0.031,0.03,0.031,435119
ZLD,20170215,0.031,0.031,0.03,0.03,98571
ZLD,20170216,0.029,0.029,0.029,0.029,748184
ZLD,20170217,0.029,0.031,0.028,0.031,945170
ZLD,20170220,0.031,0.031,0.029,0.03,652200
ZLD,20170221,0.03,0.031,0.03,0.03,601602
ZLD,20170222,0.032,0.037,0.031,0.036,10998028
ZLD,20170223,0.038,0.038,0.034,0.034,9893009
ZLD,20170224,0.036,0.036,0.034,0.034,2283133
ZLD,20170227,0.035,0.035,0.033,0.034,977017
ZLD,20170228,0.034,0.034,0.032,0.032,734010
ZLD,20170301,0.033,0.033,0.031,0.031,1196201
ZLD,20170302,0.034,0.034,0.031,0.031,691743
ZLD,20170303,0.033,0.033,0.031,0.032,736115
ZLD,20170306,0.033,0.038,0.032,0.038,5463734
ZLD,20170307,0.038,0.041,0.038,0.039,6612672
ZLD,20170308,0.04,0.055,0.04,0.051,50101753
ZLD,20170309,0.054,0.075,0.053,0.062,80924064
ZLD,20170310,0.07,0.072,0.056,0.06,40061574
ZLD,20170313,0.062,0.08,0.062,0.08,57145902
ZLD,20170314,0.088,0.099,0.08,0.08,56127451
ZLD,20170315,0.08,0.08,0.068,0.068,21403719
ZLD,20170316,0.073,0.082,0.073,0.079,16421519
ZLD,20170317,0.08,0.081,0.071,0.072,8971732
ZLD,20170320,0.073,0.08,0.073,0.078,9481576
ZLD,20170321,0.078,0.091,0.075,0.083,25389429
ZLD,20170322,0.084,0.089,0.081,0.082,9296301
ZLD,20170323,0.087,0.089,0.082,0.082,12842516
ZLD,20170324,0.085,0.086,0.082,0.083,7556244
ZLD,20170327,0.087,0.105,0.087,0.098,76119461
ZLD,20170328,0.098,0.098,0.098,0.098,0
ZLD,20170329,0.098,0.098,0.098,0.098,0
ZLD,20170330,0.095,0.1,0.087,0.093,36499118
ZLD,20170331,0.093,0.095,0.088,0.088,7719225
ZLD,20170403,0.091,0.105,0.091,0.105,17560318
ZLD,20170404,0.099,0.105,0.091,0.091,25426938
ZLD,20170405,0.11,0.12,0.1,0.11,86542824
ZLD,20170406,0.11,0.115,0.1,0.1,16723358
ZLD,20170407,0.105,0.11,0.1,0.105,9636816
ZLD,20170410,0.11,0.12,0.105,0.12,15991174
ZLD,20170411,0.125,0.137,0.125,0.135,24066336
ZLD,20170412,0.135,0.14,0.125,0.13,8027659
ZLD,20170413,0.13,0.135,0.12,0.12,5091516
ZLD,20170418,0.125,0.125,0.12,0.12,4650452
ZLD,20170419,0.13,0.132,0.12,0.125,6102359
ZLD,20170420,0.13,0.14,0.125,0.14,11613293
ZLD,20170421,0.14,0.142,0.127,0.13,16629476
ZLD,20170424,0.13,0.135,0.13,0.13,1497749
ZLD,20170426,0.135,0.137,0.13,0.13,3732776
ZLD,20170427,0.135,0.135,0.11,0.11,13390748
ZLD,20170428,0.115,0.12,0.1,0.105,13395067
ZLD,20170501,0.105,0.11,0.1,0.1,3935768
ZLD,20170502,0.1,0.105,0.083,0.085,22194726
ZLD,20170503,0.083,0.094,0.083,0.088,11891005
ZLD,20170504,0.089,0.094,0.088,0.089,6050675
ZLD,20170505,0.092,0.098,0.092,0.095,5474594
ZLD,20170508,0.098,0.105,0.098,0.1,5435177
ZLD,20170509,0.105,0.105,0.099,0.1,2352677
ZLD,20170510,0.1,0.1,0.089,0.089,8084637
ZLD,20170511,0.09,0.091,0.088,0.088,1630707
ZLD,20170512,0.095,0.095,0.089,0.093,1948739
ZLD,20170515,0.094,0.094,0.089,0.091,2296631
ZLD,20170516,0.092,0.092,0.087,0.087,1800320
ZLD,20170517,0.087,0.089,0.085,0.088,2749334
ZLD,20170518,0.087,0.087,0.08,0.081,3332427
ZLD,20170519,0.082,0.083,0.081,0.081,822785
ZLD,20170522,0.081,0.084,0.081,0.082,796925
ZLD,20170523,0.081,0.081,0.069,0.07,11156759
ZLD,20170524,0.071,0.075,0.071,0.075,5120419
ZLD,20170525,0.075,0.079,0.075,0.076,4054891
ZLD,20170526,0.077,0.077,0.071,0.074,2039444
ZLD,20170529,0.071,0.071,0.063,0.064,7506009
ZLD,20170530,0.062,0.066,0.057,0.059,8785146
ZLD,20170531,0.056,0.058,0.053,0.054,8602900
ZLD,20170601,0.054,0.058,0.054,0.056,2577336
ZLD,20170602,0.064,0.102,0.064,0.083,54694342
ZLD,20170605,0.085,0.096,0.084,0.085,18789120
ZLD,20170606,0.085,0.089,0.072,0.072,12508254
ZLD,20170607,0.073,0.08,0.069,0.069,13763634
ZLD,20170608,0.071,0.074,0.065,0.067,4870145
ZLD,20170609,0.068,0.068,0.063,0.065,4325609
ZLD,20170613,0.067,0.07,0.065,0.068,2900945
ZLD,20170614,0.07,0.078,0.068,0.074,5438075
ZLD,20170615,0.085,0.092,0.077,0.077,18992824
ZLD,20170616,0.078,0.082,0.076,0.076,4455725
ZLD,20170619,0.077,0.082,0.077,0.079,4358231
ZLD,20170620,0.08,0.082,0.076,0.076,4902375
ZLD,20170621,0.077,0.078,0.073,0.074,1513108
ZLD,20170622,0.076,0.076,0.07,0.071,2095223
ZLD,20170623,0.074,0.074,0.068,0.069,2624965
ZLD,20170626,0.069,0.069,0.066,0.066,2502336
ZLD,20170627,0.067,0.069,0.067,0.069,1596259
ZLD,20170628,0.069,0.075,0.069,0.073,2994808
ZLD,20170629,0.074,0.075,0.073,0.074,1334187
ZLD,20170630,0.074,0.074,0.072,0.074,2449394
ZLD,20170703,0.075,0.075,0.073,0.074,777890
ZLD,20170704,0.075,0.078,0.074,0.075,2408869
ZLD,20170705,0.077,0.077,0.074,0.075,1055939
ZLD,20170706,0.077,0.078,0.069,0.071,3379303
ZLD,20170707,0.073,0.073,0.07,0.071,1066334
ZLD,20170710,0.071,0.072,0.07,0.07,577375
ZLD,20170711,0.072,0.072,0.07,0.07,463086
ZLD,20170712,0.072,0.073,0.07,0.07,1105213
ZLD,20170713,0.071,0.071,0.07,0.07,335349
ZLD,20170714,0.07,0.073,0.069,0.069,1036866
ZLD,20170717,0.071,0.071,0.07,0.07,950996
ZLD,20170718,0.07,0.07,0.068,0.068,589507
ZLD,20170719,0.068,0.069,0.067,0.067,1114171
ZLD,20170720,0.069,0.069,0.067,0.067,472946
ZLD,20170721,0.069,0.069,0.067,0.067,603963
ZLD,20170724,0.068,0.07,0.068,0.068,419633
ZLD,20170725,0.069,0.069,0.067,0.068,222984
ZLD,20170726,0.068,0.071,0.068,0.068,897368
ZLD,20170727,0.071,0.072,0.068,0.07,568884
ZLD,20170728,0.074,0.074,0.068,0.068,1191474
ZLD,20170731,0.073,0.074,0.07,0.07,741030
ZLD,20170801,0.07,0.071,0.068,0.068,689569
ZLD,20170802,0.068,0.07,0.068,0.068,700136
ZLD,20170803,0.068,0.071,0.068,0.071,866911
ZLD,20170804,0.071,0.071,0.068,0.068,458122
ZLD,20170807,0.069,0.072,0.068,0.072,1470057
ZLD,20170808,0.074,0.08,0.073,0.08,5367111
ZLD,20170809,0.082,0.087,0.08,0.083,8159194
ZLD,20170810,0.084,0.088,0.083,0.083,4786983
ZLD,20170811,0.082,0.082,0.077,0.078,3998257
ZLD,20170815,0.094,0.096,0.09,0.09,8855723
ZLD,20170816,0.091,0.095,0.091,0.092,4040958
ZLD,20170817,0.093,0.095,0.091,0.092,2865100
ZLD,20170818,0.092,0.092,0.088,0.089,3223961
ZLD,20170821,0.09,0.093,0.088,0.089,1242689
ZLD,20170822,0.088,0.089,0.083,0.083,2445030
ZLD,20170823,0.084,0.084,0.082,0.084,1160007
ZLD,20170824,0.084,0.084,0.08,0.08,1135917
ZLD,20170825,0.082,0.086,0.081,0.085,2301006
ZLD,20170828,0.086,0.086,0.083,0.083,1482173
ZLD,20170829,0.085,0.085,0.081,0.081,1458194
ZLD,20170830,0.082,0.088,0.08,0.08,1916085
ZLD,20170831,0.08,0.082,0.08,0.08,809804
ZLD,20170901,0.079,0.079,0.076,0.076,1479393
ZLD,20170904,0.075,0.079,0.075,0.079,1909593
ZLD,20170905,0.078,0.079,0.077,0.079,518145
ZLD,20170906,0.078,0.078,0.074,0.076,1490902
ZLD,20170907,0.076,0.077,0.074,0.074,717625
ZLD,20170908,0.075,0.078,0.074,0.076,848216
ZLD,20170911,0.076,0.079,0.076,0.077,1203495
ZLD,20170912,0.077,0.082,0.077,0.08,1641637
ZLD,20170913,0.08,0.08,0.074,0.079,3025408
ZLD,20170914,0.079,0.079,0.075,0.078,1163617
ZLD,20170915,0.078,0.078,0.075,0.077,665602
ZLD,20170918,0.08,0.084,0.077,0.079,6276812
ZLD,20170919,0.082,0.082,0.078,0.078,568676
ZLD,20170920,0.079,0.079,0.074,0.074,2060662
ZLD,20170921,0.077,0.078,0.074,0.074,1701959
ZLD,20170922,0.075,0.075,0.073,0.073,472791
ZLD,20170925,0.074,0.076,0.074,0.074,437287
ZLD,20170926,0.074,0.074,0.072,0.072,1050655
ZLD,20170927,0.072,0.072,0.07,0.07,2651398
ZLD,20170928,0.07,0.071,0.069,0.069,1222367
ZLD,20170929,0.07,0.071,0.068,0.069,1001860
ZLD,20171002,0.072,0.076,0.069,0.075,2185686
ZLD,20171003,0.076,0.078,0.075,0.077,1566281
ZLD,20171004,0.078,0.08,0.078,0.078,2148597
ZLD,20171005,0.079,0.079,0.078,0.078,862722
ZLD,20171006,0.079,0.081,0.079,0.081,2074036
ZLD,20171009,0.081,0.084,0.081,0.081,1111197
ZLD,20171010,0.081,0.081,0.078,0.079,856761
ZLD,20171011,0.079,0.079,0.078,0.078,550774
ZLD,20171012,0.079,0.079,0.075,0.075,710889
ZLD,20171013,0.075,0.077,0.075,0.077,460503
ZLD,20171016,0.077,0.081,0.077,0.081,1390496
ZLD,20171017,0.08,0.08,0.076,0.076,1222189
ZLD,20171018,0.077,0.078,0.075,0.075,731310
ZLD,20171019,0.075,0.077,0.075,0.077,337118
ZLD,20171020,0.077,0.086,0.076,0.085,6159235
ZLD,20171023,0.084,0.084,0.077,0.077,4401663
ZLD,20171024,0.078,0.078,0.076,0.078,588705
ZLD,20171025,0.078,0.078,0.075,0.075,748953
ZLD,20171026,0.076,0.076,0.075,0.075,787004
ZLD,20171027,0.076,0.076,0.073,0.073,1681096
ZLD,20171030,0.075,0.075,0.073,0.073,605629
ZLD,20171031,0.074,0.077,0.074,0.074,1885958
ZLD,20171101,0.077,0.077,0.074,0.074,1740142
ZLD,20171102,0.075,0.076,0.073,0.073,834035
ZLD,20171103,0.074,0.074,0.073,0.073,1317814
ZLD,20171106,0.073,0.074,0.072,0.073,1515256
ZLD,20171107,0.073,0.077,0.073,0.077,1656407
ZLD,20171108,0.078,0.078,0.076,0.076,1767951
ZLD,20171109,0.075,0.081,0.075,0.081,3438318
ZLD,20171110,0.075,0.081,0.075,0.081,3438318
ZLD,20171113,0.08,0.085,0.079,0.085,4491115
ZLD,20171114,0.086,0.087,0.079,0.083,5042365
ZLD,20171115,0.084,0.084,0.079,0.083,2326104
ZLD,20171116,0.084,0.084,0.08,0.081,1954032
ZLD,20171117,0.081,0.082,0.08,0.082,1401703
ZLD,20171120,0.082,0.089,0.081,0.089,4702903
ZLD,20171121,0.091,0.117,0.091,0.11,22286548
ZLD,20171122,0.11,0.11,0.096,0.105,16357228
ZLD,20171123,0.11,0.115,0.105,0.115,7800892
ZLD,20171124,0.11,0.115,0.105,0.105,2567434
ZLD,20171127,0.11,0.125,0.11,0.115,8386036
ZLD,20171128,0.115,0.115,0.11,0.115,1524397
ZLD,20171129,0.125,0.155,0.12,0.135,40735334
ZLD,20171130,0.13,0.135,0.12,0.12,8517321
ZLD,20171201,0.125,0.145,0.12,0.12,12508436
ZLD,20171204,0.12,0.12,0.096,0.097,17466522
ZLD,20171205,0.097,0.097,0.089,0.092,9746082
ZLD,20171206,0.093,0.105,0.093,0.1,12526838
ZLD,20171207,0.1,0.102,0.091,0.091,8959102
ZLD,20171208,0.091,0.091,0.091,0.091,0
ZLD,20171211,0.1,0.1,0.092,0.092,7867644
ZLD,20171212,0.094,0.094,0.083,0.086,6657929
ZLD,20171213,0.088,0.092,0.087,0.092,2460255
ZLD,20171214,0.092,0.093,0.089,0.091,1277701
ZLD,20171215,0.092,0.095,0.092,0.094,942268
ZLD,20171218,0.095,0.095,0.091,0.092,876406
ZLD,20171219,0.092,0.092,0.089,0.091,2493352
ZLD,20171220,0.091,0.092,0.09,0.091,2694555
ZLD,20171221,0.092,0.092,0.091,0.091,761353
ZLD,20171222,0.091,0.093,0.091,0.091,1208340
ZLD,20171227,0.093,0.093,0.09,0.09,554903
ZLD,20171228,0.091,0.094,0.091,0.091,2165067
ZLD,20171229,0.093,0.096,0.091,0.093,1820533
ZLD,20180102,0.093,0.102,0.092,0.1,3015440
ZLD,20180103,0.105,0.105,0.099,0.1,2963389
ZLD,20180104,0.11,0.12,0.105,0.11,9434584
ZLD,20180105,0.13,0.135,0.115,0.125,12430532
ZLD,20180108,0.13,0.135,0.125,0.125,6944009
ZLD,20180109,0.125,0.13,0.115,0.115,3649900
ZLD,20180110,0.12,0.125,0.11,0.11,2594069
ZLD,20180111,0.115,0.115,0.11,0.11,3494704
ZLD,20180112,0.115,0.12,0.11,0.115,907101
ZLD,20180115,0.115,0.12,0.11,0.12,1860255
ZLD,20180116,0.12,0.125,0.115,0.12,2904543
ZLD,20180117,0.12,0.125,0.115,0.12,2135275
ZLD,20180118,0.12,0.12,0.115,0.12,1628125
ZLD,20180119,0.125,0.125,0.115,0.115,2152832
ZLD,20180122,0.12,0.12,0.115,0.115,1229781
ZLD,20180123,0.125,0.145,0.12,0.14,21262413
ZLD,20180124,0.14,0.14,0.127,0.13,7446371
ZLD,20180125,0.13,0.13,0.125,0.13,3583806
ZLD,20180129,0.13,0.13,0.125,0.125,1104822
ZLD,20180130,0.125,0.125,0.12,0.12,824234
ZLD,20180131,0.125,0.125,0.12,0.125,1036302
ZLD,20180201,0.125,0.13,0.12,0.12,1272470
ZLD,20180202,0.12,0.125,0.12,0.125,1305126
ZLD,20180205,0.12,0.122,0.11,0.11,3013107
ZLD,20180207,0.125,0.13,0.117,0.125,5150393
ZLD,20180208,0.125,0.13,0.122,0.125,2175028
ZLD,20180209,0.125,0.135,0.12,0.13,3502070
ZLD,20180212,0.135,0.155,0.135,0.14,11253219
ZLD,20180213,0.145,0.155,0.145,0.15,9854176
ZLD,20180214,0.15,0.155,0.135,0.14,8558667
ZLD,20180215,0.14,0.15,0.14,0.15,3144339
ZLD,20180216,0.15,0.16,0.135,0.135,11832995
ZLD,20180219,0.14,0.145,0.137,0.14,2969531
ZLD,20180220,0.145,0.145,0.14,0.145,891427
ZLD,20180221,0.14,0.145,0.14,0.14,1969281
ZLD,20180222,0.14,0.145,0.13,0.135,3995053
ZLD,20180223,0.135,0.14,0.135,0.135,754768
ZLD,20180226,0.135,0.14,0.135,0.135,1208268
ZLD,20180227,0.14,0.14,0.135,0.135,1117100
ZLD,20180228,0.14,0.145,0.13,0.13,3236196
ZLD,20180301,0.135,0.135,0.13,0.135,208569
ZLD,20180302,0.13,0.135,0.125,0.13,2684438
ZLD,20180305,0.135,0.135,0.13,0.13,597190
ZLD,20180306,0.135,0.14,0.13,0.135,986690
ZLD,20180307,0.14,0.14,0.13,0.13,527276
ZLD,20180308,0.135,0.135,0.135,0.135,529782
ZLD,20180309,0.135,0.14,0.135,0.135,475777
ZLD,20180312,0.14,0.145,0.135,0.135,2898505
ZLD,20180313,0.14,0.14,0.13,0.13,1415130
ZLD,20180314,0.13,0.135,0.125,0.125,1787657
ZLD,20180315,0.125,0.13,0.125,0.125,400310
ZLD,20180316,0.125,0.13,0.115,0.115,4253357
ZLD,20180319,0.12,0.12,0.11,0.115,1413242
ZLD,20180320,0.115,0.115,0.11,0.11,549947
ZLD,20180321,0.115,0.12,0.115,0.12,384793
ZLD,20180322,0.12,0.12,0.115,0.115,526139
ZLD,20180323,0.115,0.115,0.105,0.105,3196589
ZLD,20180326,0.11,0.11,0.1,0.1,988097
ZLD,20180327,0.105,0.11,0.105,0.11,876225
ZLD,20180328,0.11,0.115,0.105,0.105,817083
ZLD,20180329,0.11,0.115,0.105,0.105,937225
ZLD,20180403,0.105,0.11,0.102,0.105,846232
ZLD,20180404,0.105,0.11,0.105,0.105,538080
ZLD,20180405,0.105,0.11,0.1,0.105,729017
ZLD,20180406,0.105,0.11,0.105,0.105,177416
ZLD,20180409,0.105,0.107,0.1,0.1,983834
ZLD,20180410,0.1,0.1,0.1,0.1,669610
ZLD,20180411,0.105,0.105,0.1,0.1,527425
ZLD,20180412,0.105,0.11,0.1,0.105,1445830
ZLD,20180413,0.11,0.11,0.1,0.1,450042
ZLD,20180416,0.11,0.11,0.105,0.105,395312
ZLD,20180417,0.11,0.115,0.11,0.11,1338203
ZLD,20180418,0.115,0.115,0.105,0.105,561926
ZLD,20180419,0.11,0.11,0.105,0.11,627547
ZLD,20180420,0.105,0.11,0.105,0.11,107388
ZLD,20180423,0.11,0.12,0.11,0.115,645639
ZLD,20180424,0.12,0.13,0.12,0.125,3760553
ZLD,20180426,0.125,0.13,0.12,0.12,1386269
ZLD,20180427,0.12,0.125,0.115,0.115,984894
ZLD,20180430,0.12,0.122,0.115,0.115,1674438
ZLD,20180501,0.12,0.125,0.115,0.12,1160478
ZLD,20180502,0.12,0.13,0.12,0.125,1835441
ZLD,20180503,0.13,0.13,0.12,0.12,2616756
ZLD,20180504,0.125,0.125,0.12,0.12,1147446
ZLD,20180507,0.125,0.125,0.12,0.125,420381
ZLD,20180508,0.125,0.125,0.12,0.125,585262
ZLD,20180509,0.12,0.125,0.115,0.115,2398988
ZLD,20180510,0.115,0.12,0.115,0.115,475547
ZLD,20180511,0.115,0.12,0.115,0.115,365924
ZLD,20180514,0.115,0.12,0.115,0.12,737721
ZLD,20180515,0.115,0.115,0.11,0.11,624992
ZLD,20180516,0.115,0.115,0.115,0.115,1059536
ZLD,20180517,0.115,0.12,0.11,0.115,361579
ZLD,20180518,0.115,0.12,0.11,0.11,437669
ZLD,20180521,0.115,0.115,0.11,0.115,331239
ZLD,20180522,0.115,0.12,0.115,0.115,564302
ZLD,20180523,0.115,0.12,0.112,0.12,753315
ZLD,20180524,0.115,0.115,0.11,0.112,581709
ZLD,20180525,0.11,0.115,0.11,0.11,222319
ZLD,20180528,0.11,0.115,0.11,0.115,189825
ZLD,20180529,0.115,0.115,0.11,0.115,278004
ZLD,20180530,0.115,0.115,0.11,0.11,70044
ZLD,20180531,0.11,0.115,0.11,0.11,643686
ZLD,20180601,0.11,0.112,0.11,0.11,360286
ZLD,20180604,0.11,0.115,0.11,0.115,1010072
ZLD,20180605,0.115,0.115,0.11,0.11,533253
ZLD,20180606,0.115,0.115,0.11,0.11,567015
ZLD,20180607,0.115,0.115,0.11,0.115,422637
ZLD,20180608,0.11,0.115,0.11,0.11,327522
ZLD,20180612,0.115,0.115,0.11,0.11,473162
ZLD,20180613,0.11,0.11,0.11,0.11,1571540
ZLD,20180614,0.11,0.11,0.105,0.105,954107
ZLD,20180615,0.105,0.105,0.1,0.1,1437909
ZLD,20180618,0.105,0.105,0.1,0.105,532988
ZLD,20180619,0.105,0.105,0.1,0.1,554230
ZLD,20180620,0.105,0.105,0.092,0.092,2700239
ZLD,20180621,0.093,0.099,0.093,0.096,1203517
ZLD,20180622,0.097,0.098,0.096,0.096,572519
ZLD,20180625,0.097,0.1,0.097,0.099,1583282
ZLD,20180626,0.099,0.099,0.091,0.091,1352778
ZLD,20180627,0.093,0.093,0.085,0.085,2536853
ZLD,20180628,0.085,0.089,0.085,0.085,1331387
ZLD,20180629,0.088,0.09,0.086,0.09,1257927
ZLD,20180702,0.091,0.091,0.088,0.09,746557
ZLD,20180703,0.091,0.095,0.09,0.095,1299292
ZLD,20180704,0.094,0.094,0.091,0.091,631886
ZLD,20180705,0.093,0.093,0.088,0.088,715012
ZLD,20180706,0.088,0.095,0.088,0.089,976057
ZLD,20180710,0.092,0.092,0.088,0.088,330060
ZLD,20180711,0.089,0.092,0.089,0.092,265964
ZLD,20180712,0.092,0.093,0.088,0.088,1199228
ZLD,20180713,0.09,0.09,0.086,0.086,1201118
ZLD,20180716,0.089,0.089,0.086,0.086,139920
ZLD,20180717,0.086,0.087,0.085,0.085,705326
ZLD,20180718,0.086,0.088,0.085,0.085,258005
ZLD,20180719,0.086,0.089,0.085,0.086,1231764
ZLD,20180720,0.088,0.088,0.087,0.087,459260
ZLD,20180723,0.088,0.088,0.086,0.086,251769
ZLD,20180724,0.086,0.088,0.085,0.085,617892
ZLD,20180725,0.085,0.086,0.082,0.083,893111
ZLD,20180726,0.085,0.085,0.082,0.082,466567
ZLD,20180727,0.082,0.083,0.082,0.082,395893
ZLD,20180730,0.083,0.083,0.078,0.08,1215801
ZLD,20180731,0.08,0.08,0.076,0.077,788051
ZLD,20180801,0.078,0.078,0.076,0.077,351784
ZLD,20180802,0.078,0.078,0.074,0.075,1046790
ZLD,20180803,0.075,0.075,0.074,0.074,567108
ZLD,20180806,0.075,0.077,0.074,0.076,833325
ZLD,20180807,0.075,0.077,0.075,0.076,272040
ZLD,20180808,0.076,0.076,0.075,0.075,356590
ZLD,20180809,0.075,0.076,0.071,0.071,731525
ZLD,20180810,0.072,0.073,0.071,0.072,389361
ZLD,20180813,0.072,0.074,0.072,0.072,264272
ZLD,20180814,0.072,0.072,0.07,0.071,522499
ZLD,20180816,0.068,0.068,0.067,0.068,267270
ZLD,20180817,0.07,0.073,0.07,0.071,2331463
ZLD,20180820,0.071,0.071,0.07,0.071,967155
ZLD,20180821,0.071,0.073,0.07,0.072,712719
ZLD,20180822,0.072,0.072,0.068,0.07,1219575
ZLD,20180823,0.07,0.071,0.069,0.069,982096
ZLD,20180824,0.07,0.07,0.069,0.07,476377
ZLD,20180827,0.07,0.07,0.069,0.069,879251
ZLD,20180828,0.07,0.071,0.068,0.07,659998
ZLD,20180829,0.07,0.072,0.069,0.07,1692213
ZLD,20180830,0.07,0.073,0.07,0.072,725823
ZLD,20180831,0.072,0.078,0.072,0.078,1252374
ZLD,20180903,0.078,0.087,0.074,0.077,2872744
ZLD,20180904,0.083,0.083,0.078,0.08,1524803
ZLD,20180905,0.08,0.082,0.079,0.081,1009199
ZLD,20180906,0.081,0.082,0.079,0.079,1012203
ZLD,20180907,0.08,0.08,0.076,0.078,1239144
ZLD,20180910,0.078,0.078,0.077,0.078,265814
ZLD,20180913,0.08,0.081,0.079,0.08,852979
ZLD,20180914,0.079,0.08,0.076,0.076,619382
ZLD,20180917,0.077,0.08,0.073,0.074,654985
ZLD,20180918,0.075,0.075,0.072,0.072,453179
ZLD,20180919,0.072,0.075,0.071,0.074,415747
ZLD,20180920,0.073,0.073,0.07,0.07,992669
ZLD,20180921,0.07,0.076,0.069,0.076,1458586
ZLD,20180924,0.073,0.074,0.071,0.074,527934
ZLD,20180925,0.073,0.075,0.072,0.075,749334
ZLD,20180926,0.075,0.076,0.072,0.074,652054
ZLD,20180927,0.073,0.074,0.071,0.071,655457
ZLD,20180928,0.073,0.073,0.07,0.071,545869
ZLD,20181001,0.071,0.072,0.07,0.07,321544
ZLD,20181002,0.072,0.072,0.069,0.07,485945
ZLD,20181003,0.07,0.072,0.069,0.069,1013607
ZLD,20181004,0.07,0.07,0.068,0.068,910216
ZLD,20181005,0.068,0.07,0.068,0.07,269702
ZLD,20181008,0.07,0.07,0.068,0.068,169268
ZLD,20181009,0.069,0.069,0.068,0.068,547567
ZLD,20181010,0.07,0.07,0.067,0.068,621291
ZLD,20181011,0.068,0.068,0.065,0.065,1878742
ZLD,20181012,0.065,0.069,0.065,0.066,494047
ZLD,20181015,0.068,0.068,0.066,0.066,288501
ZLD,20181016,0.066,0.071,0.066,0.071,1102097
ZLD,20181017,0.071,0.072,0.069,0.069,459925
ZLD,20181018,0.07,0.071,0.068,0.07,670864
ZLD,20181019,0.069,0.07,0.068,0.07,241812
ZLD,20181022,0.07,0.07,0.069,0.069,270857
ZLD,20181023,0.069,0.07,0.068,0.07,527254
ZLD,20181024,0.07,0.07,0.067,0.067,294696
ZLD,20181025,0.066,0.069,0.063,0.064,1090122
ZLD,20181026,0.065,0.067,0.063,0.063,372912
ZLD,20181030,0.06,0.06,0.055,0.059,823561
ZLD,20181031,0.063,0.066,0.062,0.062,311155
ZLD,20181101,0.064,0.067,0.064,0.067,330693
ZLD,20181102,0.066,0.066,0.063,0.063,271144
ZLD,20181105,0.064,0.066,0.063,0.063,206965
ZLD,20181106,0.063,0.064,0.063,0.064,286171
ZLD,20181107,0.064,0.064,0.062,0.063,184030
ZLD,20181108,0.064,0.064,0.062,0.062,167897
ZLD,20181109,0.063,0.064,0.061,0.061,315372
ZLD,20181112,0.063,0.063,0.059,0.059,905527
ZLD,20181113,0.059,0.059,0.057,0.057,551032
ZLD,20181114,0.057,0.059,0.055,0.055,1440781
ZLD,20181115,0.056,0.056,0.052,0.052,822366
ZLD,20181116,0.052,0.055,0.051,0.052,1714652
ZLD,20181119,0.052,0.054,0.052,0.053,428529
ZLD,20181120,0.054,0.054,0.052,0.052,324813
ZLD,20181121,0.051,0.051,0.046,0.049,2150090
ZLD,20181122,0.049,0.049,0.046,0.046,1208339
ZLD,20181123,0.046,0.047,0.045,0.046,888614
ZLD,20181126,0.049,0.049,0.046,0.047,613985
ZLD,20181127,0.048,0.05,0.046,0.047,923806
ZLD,20181128,0.047,0.051,0.046,0.05,1319026
ZLD,20181129,0.05,0.054,0.05,0.052,465726
ZLD,20181130,0.052,0.053,0.05,0.05,631815
ZLD,20181203,0.052,0.053,0.05,0.051,183171
ZLD,20181204,0.05,0.05,0.049,0.049,763380
ZLD,20181205,0.046,0.047,0.046,0.046,594282
ZLD,20181206,0.05,0.05,0.048,0.048,475927
ZLD,20181207,0.047,0.05,0.047,0.05,404776
ZLD,20181210,0.05,0.05,0.046,0.046,863371
ZLD,20181211,0.05,0.05,0.046,0.046,407704
ZLD,20181212,0.046,0.046,0.044,0.044,1640580
ZLD,20181213,0.044,0.044,0.04,0.041,2096460
ZLD,20181214,0.041,0.041,0.039,0.04,1041813
ZLD,20181217,0.04,0.04,0.038,0.038,1186869
ZLD,20181218,0.037,0.037,0.036,0.036,335717
ZLD,20181219,0.036,0.037,0.035,0.035,963650
ZLD,20181220,0.036,0.037,0.035,0.036,803111
ZLD,20181221,0.036,0.036,0.033,0.036,2333859
ZLD,20181224,0.033,0.035,0.033,0.035,1224242
ZLD,20181227,0.036,0.042,0.036,0.041,925633
ZLD,20181228,0.042,0.046,0.042,0.046,2339879
ZLD,20181231,0.049,0.052,0.049,0.052,1537999
ZLD,20190102,0.054,0.067,0.054,0.058,6280903
ZLD,20190103,0.06,0.06,0.05,0.052,1882268
ZLD,20190104,0.052,0.054,0.051,0.051,291045
ZLD,20190107,0.052,0.055,0.052,0.055,524501
ZLD,20190108,0.06,0.066,0.06,0.066,3352077
ZLD,20190109,0.069,0.07,0.062,0.062,4200103
ZLD,20190110,0.062,0.062,0.056,0.058,1924530
ZLD,20190111,0.06,0.061,0.058,0.061,977946
ZLD,20190114,0.061,0.062,0.06,0.061,539864
ZLD,20190115,0.061,0.061,0.059,0.061,1073182
ZLD,20190116,0.06,0.06,0.058,0.059,206154
ZLD,20190117,0.059,0.059,0.057,0.057,493326
ZLD,20190118,0.057,0.058,0.055,0.057,1237592
ZLD,20190121,0.057,0.059,0.057,0.057,264936
ZLD,20190122,0.059,0.06,0.058,0.059,517961
ZLD,20190123,0.058,0.058,0.056,0.056,718393
ZLD,20190124,0.056,0.057,0.055,0.055,969184
ZLD,20190125,0.055,0.055,0.054,0.055,335288
ZLD,20190129,0.055,0.055,0.054,0.054,242058
ZLD,20190130,0.053,0.053,0.052,0.052,793288
ZLD,20190131,0.054,0.057,0.053,0.057,488362
ZLD,20190201,0.057,0.058,0.055,0.058,517877
ZLD,20190204,0.058,0.058,0.054,0.054,757246
ZLD,20190205,0.056,0.056,0.055,0.055,320897
ZLD,20190206,0.056,0.058,0.055,0.057,781314
ZLD,20190207,0.056,0.056,0.054,0.056,627764
ZLD,20190208,0.054,0.057,0.054,0.056,445884
ZLD,20190211,0.056,0.058,0.054,0.058,724302
ZLD,20190212,0.059,0.061,0.059,0.06,1683104
ZLD,20190213,0.06,0.061,0.058,0.06,755697
ZLD,20190214,0.058,0.06,0.058,0.06,160597
ZLD,20190215,0.06,0.06,0.058,0.058,227564
ZLD,20190218,0.059,0.06,0.057,0.059,500129
ZLD,20190219,0.059,0.059,0.055,0.055,363364
ZLD,20190220,0.055,0.057,0.055,0.056,136186
ZLD,20190221,0.056,0.057,0.054,0.054,281371
ZLD,20190222,0.055,0.057,0.054,0.054,219315
ZLD,20190225,0.055,0.055,0.054,0.054,471650
ZLD,20190226,0.054,0.054,0.053,0.053,660477
ZLD,20190227,0.053,0.054,0.053,0.053,63510
ZLD,20190228,0.054,0.057,0.054,0.057,1123330
ZLD,20190301,0.059,0.059,0.057,0.058,393339
ZLD,20190304,0.059,0.059,0.058,0.058,142911
ZLD,20190305,0.058,0.059,0.055,0.056,448710
ZLD,20190306,0.057,0.058,0.056,0.056,1101004
ZLD,20190307,0.057,0.059,0.057,0.058,1162045
ZLD,20190308,0.058,0.058,0.057,0.057,542904
ZLD,20190311,0.057,0.058,0.056,0.057,689854
ZLD,20190312,0.059,0.059,0.056,0.056,1034942
ZLD,20190313,0.056,0.056,0.055,0.055,442216
ZLD,20190314,0.055,0.057,0.055,0.055,151673
ZLD,20190315,0.055,0.055,0.054,0.055,313970
ZLD,20190318,0.054,0.055,0.054,0.054,269426
ZLD,20190319,0.055,0.055,0.054,0.054,414472
ZLD,20190320,0.055,0.055,0.054,0.054,375203
ZLD,20190321,0.055,0.055,0.053,0.053,816755
ZLD,20190322,0.054,0.054,0.053,0.054,163089
ZLD,20190325,0.054,0.054,0.053,0.054,519449
ZLD,20190326,0.053,0.053,0.053,0.053,204621
ZLD,20190327,0.054,0.054,0.052,0.053,587616
ZLD,20190328,0.052,0.053,0.052,0.053,439057
ZLD,20190329,0.052,0.053,0.052,0.053,92600
ZLD,20190401,0.052,0.052,0.05,0.05,1234156
ZLD,20190402,0.05,0.05,0.049,0.049,526268
ZLD,20190403,0.05,0.051,0.049,0.05,898350
ZLD,20190404,0.051,0.051,0.049,0.049,394953
ZLD,20190405,0.048,0.049,0.048,0.048,700666
ZLD,20190408,0.049,0.049,0.048,0.049,419847
ZLD,20190409,0.049,0.051,0.049,0.05,645643
ZLD,20190410,0.051,0.051,0.049,0.05,530652
ZLD,20190411,0.05,0.05,0.048,0.048,394537
ZLD,20190412,0.049,0.051,0.047,0.048,1044090
ZLD,20190415,0.049,0.05,0.048,0.048,317607
ZLD,20190416,0.05,0.05,0.048,0.048,361433
ZLD,20190417,0.05,0.05,0.048,0.049,183419
ZLD,20190418,0.049,0.05,0.048,0.049,516436
ZLD,20190423,0.049,0.05,0.048,0.048,347224
ZLD,20190424,0.048,0.049,0.048,0.048,304196
ZLD,20190426,0.048,0.048,0.045,0.045,1063299
ZLD,20190429,0.045,0.046,0.043,0.043,1258996
ZLD,20190430,0.043,0.043,0.04,0.041,555719
ZLD,20190501,0.041,0.043,0.041,0.042,596436
ZLD,20190502,0.042,0.044,0.042,0.042,546419
ZLD,20190503,0.043,0.046,0.042,0.046,1202171
ZLD,20190506,0.048,0.048,0.046,0.046,514923
ZLD,20190507,0.046,0.047,0.043,0.043,810786
ZLD,20190508,0.044,0.044,0.043,0.044,111046
ZLD,20190509,0.044,0.047,0.044,0.044,827570
ZLD,20190510,0.045,0.046,0.043,0.046,514018
ZLD,20190513,0.044,0.044,0.044,0.044,47450
ZLD,20190514,0.045,0.047,0.045,0.046,1552743
ZLD,20190515,0.047,0.048,0.046,0.048,448701
ZLD,20190516,0.048,0.052,0.048,0.049,2834089
ZLD,20190517,0.049,0.05,0.046,0.046,2350450
ZLD,20190520,0.047,0.047,0.044,0.044,1045986
ZLD,20190521,0.044,0.044,0.043,0.043,321352
ZLD,20190522,0.043,0.044,0.043,0.043,422482
ZLD,20190523,0.045,0.046,0.043,0.045,408298
ZLD,20190524,0.047,0.047,0.045,0.045,123193
ZLD,20190527,0.045,0.046,0.045,0.045,88889
ZLD,20190528,0.044,0.044,0.043,0.043,212351
ZLD,20190529,0.043,0.044,0.043,0.044,93249
ZLD,20190530,0.044,0.044,0.043,0.044,500919
ZLD,20190531,0.043,0.044,0.042,0.043,877905
ZLD,20190603,0.044,0.044,0.042,0.042,175833
ZLD,20190604,0.042,0.042,0.042,0.042,529354
ZLD,20190605,0.042,0.043,0.042,0.042,425305
ZLD,20190606,0.044,0.044,0.041,0.041,233324
ZLD,20190607,0.043,0.043,0.041,0.041,834904
ZLD,20190611,0.041,0.043,0.041,0.042,494584
ZLD,20190612,0.042,0.042,0.042,0.042,415723
ZLD,20190613,0.043,0.047,0.043,0.046,1388358
ZLD,20190614,0.046,0.047,0.046,0.046,172369
ZLD,20190617,0.047,0.047,0.045,0.045,469604
ZLD,20190618,0.046,0.047,0.045,0.046,61732
ZLD,20190619,0.046,0.046,0.043,0.044,555752
ZLD,20190620,0.044,0.045,0.043,0.043,330888
ZLD,20190621,0.042,0.044,0.042,0.042,732719
ZLD,20190624,0.042,0.042,0.04,0.04,1212225
ZLD,20190625,0.041,0.041,0.04,0.041,797958
ZLD,20190626,0.042,0.042,0.04,0.041,747851
ZLD,20190627,0.04,0.042,0.04,0.04,593306
ZLD,20190628,0.041,0.041,0.04,0.04,1563479
ZLD,20190701,0.042,0.044,0.041,0.042,321679
ZLD,20190702,0.046,0.046,0.044,0.046,2654292
ZLD,20190703,0.046,0.047,0.045,0.047,765054
ZLD,20190704,0.046,0.049,0.046,0.049,654355
ZLD,20190705,0.049,0.049,0.046,0.047,1643242
ZLD,20190708,0.047,0.048,0.046,0.046,353677
ZLD,20190709,0.047,0.053,0.047,0.053,2054481
ZLD,20190710,0.054,0.068,0.054,0.066,9512896
ZLD,20190711,0.068,0.068,0.062,0.063,2853213
ZLD,20190712,0.065,0.074,0.065,0.074,5085676
ZLD,20190715,0.074,0.083,0.074,0.081,6826793
ZLD,20190716,0.082,0.085,0.072,0.072,4740688
ZLD,20190717,0.073,0.074,0.064,0.066,4452559
ZLD,20190718,0.066,0.072,0.066,0.067,2023806
ZLD,20190719,0.074,0.077,0.072,0.072,2641411
ZLD,20190722,0.073,0.081,0.073,0.081,2615501
ZLD,20190723,0.083,0.086,0.078,0.083,5659093
ZLD,20190724,0.08,0.083,0.079,0.079,2452887
ZLD,20190725,0.079,0.079,0.075,0.077,2326997
ZLD,20190726,0.078,0.085,0.078,0.082,1988282
ZLD,20190729,0.083,0.09,0.082,0.09,5709593
ZLD,20190730,0.091,0.091,0.082,0.085,5259725
ZLD,20190731,0.084,0.089,0.078,0.081,3628296
ZLD,20190801,0.084,0.085,0.081,0.081,544352
ZLD,20190802,0.081,0.083,0.081,0.081,911078
ZLD,20190805,0.081,0.085,0.08,0.08,1616436
ZLD,20190806,0.079,0.079,0.074,0.077,2592802
ZLD,20190807,0.077,0.077,0.075,0.077,671116
ZLD,20190808,0.076,0.076,0.075,0.076,534279
ZLD,20190809,0.077,0.081,0.075,0.078,1505383
ZLD,20190812,0.078,0.078,0.074,0.075,1026450
ZLD,20190813,0.075,0.075,0.072,0.072,871913
ZLD,20190814,0.072,0.073,0.069,0.069,1198704
ZLD,20190815,0.067,0.067,0.061,0.064,3976833
ZLD,20190816,0.064,0.069,0.062,0.068,2142418
ZLD,20190819,0.068,0.071,0.066,0.066,888949
ZLD,20190820,0.066,0.068,0.066,0.067,562294
ZLD,20190821,0.069,0.071,0.068,0.069,985585
ZLD,20190822,0.071,0.079,0.07,0.07,2111419
ZLD,20190823,0.072,0.072,0.067,0.071,742171
ZLD,20190826,0.073,0.074,0.069,0.07,1058672
ZLD,20190827,0.07,0.071,0.067,0.067,807018
ZLD,20190828,0.067,0.07,0.067,0.068,211122
ZLD,20190829,0.068,0.07,0.068,0.068,256693
ZLD,20190830,0.068,0.068,0.067,0.067,138523
ZLD,20190902,0.068,0.068,0.067,0.067,263281
ZLD,20190903,0.067,0.067,0.066,0.066,410456
ZLD,20190904,0.069,0.069,0.066,0.068,340661
ZLD,20190905,0.068,0.068,0.064,0.065,1114839
ZLD,20190906,0.066,0.066,0.063,0.066,702884
ZLD,20190909,0.066,0.073,0.065,0.073,1211689
ZLD,20190910,0.07,0.073,0.067,0.071,1179250
ZLD,20190911,0.07,0.07,0.068,0.068,306984
ZLD,20190912,0.071,0.072,0.07,0.07,1036397
ZLD,20190913,0.07,0.072,0.068,0.071,1132889
ZLD,20190916,0.07,0.07,0.067,0.067,671876
ZLD,20190917,0.068,0.069,0.067,0.069,443127
ZLD,20190918,0.069,0.072,0.069,0.071,2064811
ZLD,20190919,0.071,0.073,0.07,0.071,619373
ZLD,20190920,0.07,0.071,0.069,0.07,2096388
ZLD,20190923,0.07,0.072,0.069,0.069,326006
ZLD,20190924,0.07,0.076,0.07,0.074,2255364
ZLD,20190925,0.076,0.083,0.075,0.076,3882296
ZLD,20190926,0.077,0.08,0.075,0.078,1455712
ZLD,20190927,0.078,0.078,0.075,0.075,735254
ZLD,20190930,0.076,0.084,0.076,0.084,3005411
ZLD,20191001,0.084,0.087,0.079,0.083,3479403
ZLD,20191002,0.085,0.085,0.08,0.081,854209
ZLD,20191003,0.081,0.081,0.075,0.076,1735800
ZLD,20191004,0.076,0.078,0.075,0.075,320816
ZLD,20191007,0.077,0.079,0.077,0.078,1178626
ZLD,20191008,0.078,0.078,0.078,0.078,0
ZLD,20191009,0.083,0.084,0.079,0.081,3902134
ZLD,20191010,0.081,0.081,0.075,0.076,1760168
ZLD,20191011,0.076,0.076,0.065,0.07,5542604
ZLD,20191014,0.071,0.071,0.066,0.067,2204900
ZLD,20191015,0.067,0.067,0.066,0.066,988105
ZLD,20191016,0.067,0.079,0.067,0.074,2145495
ZLD,20191017,0.075,0.077,0.072,0.072,1622522
ZLD,20191018,0.074,0.074,0.072,0.074,244466
ZLD,20191021,0.076,0.076,0.072,0.072,834811
ZLD,20191022,0.074,0.074,0.071,0.072,577068
ZLD,20191023,0.072,0.072,0.071,0.071,228125
ZLD,20191024,0.071,0.071,0.07,0.07,43441
ZLD,20191025,0.07,0.07,0.068,0.07,519631
ZLD,20191028,0.071,0.071,0.068,0.068,272457
ZLD,20191029,0.068,0.068,0.067,0.068,559421
ZLD,20191030,0.069,0.069,0.066,0.067,289362
ZLD,20191031,0.066,0.069,0.066,0.066,562315
ZLD,20191101,0.067,0.067,0.067,0.067,88383
ZLD,20191104,0.068,0.071,0.068,0.071,459343
ZLD,20191105,0.071,0.071,0.068,0.068,201246
ZLD,20191106,0.069,0.069,0.068,0.068,327081
ZLD,20191107,0.067,0.068,0.067,0.067,189405
ZLD,20191108,0.068,0.068,0.067,0.067,37148
ZLD,20191111,0.068,0.069,0.068,0.068,282021
ZLD,20191112,0.069,0.07,0.067,0.067,930111
ZLD,20191113,0.068,0.069,0.067,0.067,403909
ZLD,20191114,0.069,0.07,0.069,0.069,187240
ZLD,20191115,0.07,0.07,0.069,0.07,315232
ZLD,20191118,0.07,0.07,0.069,0.07,109119
ZLD,20191119,0.07,0.071,0.067,0.067,1484272
ZLD,20191120,0.068,0.068,0.066,0.066,1187676
ZLD,20191121,0.068,0.069,0.067,0.067,515125
ZLD,20191122,0.067,0.069,0.067,0.069,249994
ZLD,20191125,0.068,0.069,0.067,0.067,479763
ZLD,20191126,0.068,0.068,0.066,0.066,891945
ZLD,20191127,0.067,0.068,0.066,0.067,672641
ZLD,20191128,0.068,0.068,0.067,0.067,186301
ZLD,20191129,0.066,0.067,0.065,0.067,665587
ZLD,20191202,0.068,0.068,0.066,0.067,338745
ZLD,20191203,0.066,0.066,0.063,0.065,1263344
ZLD,20191204,0.064,0.065,0.064,0.065,202948
ZLD,20191205,0.066,0.067,0.066,0.066,629562
ZLD,20191206,0.066,0.066,0.063,0.063,1147868
ZLD,20191209,0.062,0.062,0.056,0.056,2161933
ZLD,20191210,0.056,0.057,0.056,0.057,384911
ZLD,20191211,0.056,0.057,0.052,0.052,1168795
ZLD,20191212,0.055,0.056,0.052,0.052,388454
ZLD,20191213,0.055,0.057,0.052,0.056,340812
ZLD,20191216,0.056,0.057,0.055,0.055,387625
ZLD,20191217,0.057,0.058,0.056,0.057,209570
ZLD,20191218,0.056,0.057,0.056,0.056,160841
ZLD,20191219,0.056,0.056,0.056,0.056,126965
ZLD,20191220,0.056,0.056,0.055,0.055,337230
ZLD,20191223,0.057,0.057,0.054,0.055,509669
ZLD,20191224,0.055,0.056,0.053,0.053,246030
ZLD,20191227,0.055,0.055,0.053,0.053,186856
ZLD,20191230,0.053,0.055,0.053,0.055,301217
ZLD,20191231,0.053,0.055,0.053,0.055,191420
ZLD,20200102,0.055,0.057,0.055,0.056,246708
ZLD,20200103,0.057,0.057,0.055,0.057,218134
ZLD,20200106,0.057,0.057,0.054,0.056,566950
ZLD,20200107,0.055,0.057,0.054,0.055,238482
ZLD,20200108,0.055,0.057,0.055,0.057,106012
ZLD,20200109,0.057,0.058,0.055,0.058,491982
ZLD,20200113,0.06,0.06,0.054,0.058,886242
ZLD,20200114,0.058,0.058,0.054,0.057,1170228
ZLD,20200115,0.057,0.057,0.056,0.057,176779
ZLD,20200116,0.057,0.058,0.055,0.055,425674
ZLD,20200117,0.055,0.057,0.055,0.057,51946
ZLD,20200120,0.057,0.06,0.056,0.058,1510658
ZLD,20200121,0.058,0.061,0.058,0.061,855328
ZLD,20200122,0.061,0.065,0.06,0.063,1683091
ZLD,20200123,0.066,0.072,0.064,0.064,2498717
ZLD,20200124,0.066,0.068,0.065,0.067,815751
ZLD,20200128,0.068,0.068,0.061,0.061,1817970
ZLD,20200129,0.063,0.066,0.061,0.061,312623
ZLD,20200130,0.065,0.065,0.062,0.063,148269
ZLD,20200203,0.065,0.065,0.065,0.065,0
ZLD,20200204,0.065,0.065,0.065,0.065,0
ZLD,20200205,0.059,0.059,0.054,0.054,5840107
ZLD,20200210,0.056,0.056,0.055,0.055,485317
ZLD,20200211,0.058,0.058,0.055,0.058,818624
ZLD,20200212,0.057,0.058,0.057,0.057,561185
ZLD,20200213,0.057,0.058,0.056,0.057,1171900
ZLD,20200214,0.057,0.059,0.057,0.058,569805
ZLD,20200217,0.058,0.058,0.058,0.058,0
ZLD,20200218,0.058,0.058,0.058,0.058,0
ZLD,20200219,0.061,0.063,0.051,0.055,6799957
ZLD,20200220,0.054,0.055,0.052,0.053,2216138
ZLD,20200221,0.054,0.055,0.052,0.053,950997
ZLD,20200224,0.053,0.054,0.05,0.05,2558679
ZLD,20200225,0.051,0.051,0.046,0.051,2376836
ZLD,20200226,0.051,0.051,0.048,0.048,788581
ZLD,20200227,0.048,0.05,0.047,0.047,828270
ZLD,20200228,0.047,0.047,0.043,0.045,1476759
ZLD,20200302,0.045,0.045,0.04,0.041,1974781
ZLD,20200303,0.045,0.05,0.043,0.044,1566009
ZLD,20200304,0.046,0.048,0.044,0.045,670289
ZLD,20200305,0.048,0.048,0.045,0.045,105880
ZLD,20200306,0.046,0.046,0.041,0.042,1060391
ZLD,20200309,0.043,0.043,0.038,0.038,1505487
ZLD,20200310,0.036,0.039,0.036,0.038,1082258
ZLD,20200311,0.039,0.042,0.039,0.04,1355858
ZLD,20200312,0.039,0.04,0.036,0.036,1287751
ZLD,20200313,0.035,0.036,0.031,0.034,1879418
ZLD,20200316,0.034,0.034,0.029,0.032,2069140
ZLD,20200317,0.03,0.032,0.026,0.031,942755
ZLD,20200318,0.032,0.032,0.031,0.031,999689
ZLD,20200319,0.031,0.031,0.028,0.029,1302100
ZLD,20200320,0.032,0.032,0.029,0.029,336627
ZLD,20200323,0.028,0.028,0.022,0.022,1531783
ZLD,20200324,0.023,0.027,0.023,0.025,1388864
ZLD,20200325,0.028,0.029,0.026,0.026,644656
ZLD,20200326,0.028,0.032,0.028,0.03,817653
ZLD,20200327,0.032,0.033,0.031,0.032,544416
ZLD,20200330,0.033,0.033,0.03,0.032,605608
ZLD,20200331,0.033,0.036,0.033,0.034,600674
ZLD,20200401,0.036,0.037,0.035,0.035,697831
ZLD,20200402,0.036,0.038,0.036,0.038,401520
ZLD,20200403,0.04,0.041,0.038,0.039,525541
ZLD,20200406,0.039,0.04,0.036,0.036,522350
ZLD,20200407,0.042,0.046,0.04,0.044,4125096
ZLD,20200408,0.048,0.05,0.047,0.047,4296826
ZLD,20200409,0.048,0.049,0.047,0.047,2182142
ZLD,20200414,0.05,0.051,0.048,0.049,2690168
ZLD,20200415,0.05,0.05,0.045,0.045,2043743
ZLD,20200416,0.045,0.047,0.043,0.043,751125
ZLD,20200417,0.045,0.046,0.041,0.043,1289079
ZLD,20200420,0.043,0.045,0.041,0.042,278098
ZLD,20200421,0.044,0.045,0.041,0.042,421555
ZLD,20200422,0.042,0.042,0.042,0.042,160119
ZLD,20200423,0.047,0.048,0.042,0.046,787908
ZLD,20200424,0.047,0.047,0.045,0.046,252523
ZLD,20200427,0.046,0.047,0.045,0.045,192653
ZLD,20200428,0.046,0.046,0.044,0.046,146872
ZLD,20200429,0.046,0.046,0.044,0.046,247235
ZLD,20200430,0.046,0.047,0.045,0.046,491531
ZLD,20200501,0.046,0.046,0.044,0.044,620120
ZLD,20200504,0.045,0.045,0.044,0.044,337439
ZLD,20200505,0.044,0.046,0.044,0.044,378481
ZLD,20200506,0.045,0.046,0.044,0.044,451126
ZLD,20200507,0.046,0.048,0.046,0.046,2246104
ZLD,20200508,0.046,0.047,0.046,0.047,765174
ZLD,20200511,0.047,0.047,0.045,0.046,646156
ZLD,20200512,0.046,0.046,0.045,0.045,452563
ZLD,20200513,0.047,0.047,0.045,0.046,301821
ZLD,20200514,0.046,0.046,0.045,0.046,212030
ZLD,20200515,0.048,0.048,0.046,0.046,825310
ZLD,20200518,0.047,0.047,0.043,0.045,1584161
ZLD,20200519,0.045,0.047,0.045,0.045,384427
ZLD,20200520,0.047,0.047,0.046,0.047,904171
ZLD,20200521,0.048,0.048,0.047,0.048,806514
ZLD,20200522,0.047,0.048,0.046,0.046,208994
ZLD,20200525,0.049,0.05,0.045,0.045,1903328
ZLD,20200526,0.05,0.051,0.047,0.048,3614442
ZLD,20200527,0.048,0.05,0.046,0.046,1824636
ZLD,20200528,0.049,0.051,0.047,0.049,457317
ZLD,20200529,0.049,0.05,0.048,0.05,455004
ZLD,20200601,0.05,0.054,0.05,0.051,3653505
ZLD,20200602,0.054,0.055,0.053,0.054,2271357
ZLD,20200603,0.056,0.062,0.056,0.062,4806990
ZLD,20200604,0.062,0.068,0.062,0.067,3488229
ZLD,20200605,0.067,0.067,0.059,0.062,3209151
ZLD,20200609,0.064,0.064,0.061,0.063,2499328
ZLD,20200610,0.062,0.063,0.06,0.06,1290602
ZLD,20200611,0.06,0.06,0.058,0.058,1451852
ZLD,20200612,0.056,0.057,0.051,0.056,3342659
ZLD,20200615,0.058,0.059,0.056,0.056,895254
ZLD,20200616,0.058,0.06,0.057,0.058,992504
ZLD,20200617,0.06,0.06,0.057,0.057,661711
ZLD,20200618,0.059,0.059,0.058,0.059,473831
ZLD,20200619,0.06,0.06,0.056,0.056,793961
ZLD,20200622,0.056,0.058,0.054,0.054,1225053
ZLD,20200623,0.055,0.057,0.053,0.054,1494601
ZLD,20200624,0.054,0.056,0.054,0.056,812355
ZLD,20200625,0.055,0.055,0.053,0.053,898681
ZLD,20200626,0.054,0.055,0.052,0.053,567320
ZLD,20200629,0.053,0.056,0.052,0.056,667849
ZLD,20200630,0.056,0.056,0.053,0.054,886667
ZLD,20200701,0.054,0.057,0.053,0.057,820829
ZLD,20200702,0.055,0.056,0.052,0.053,1755711
ZLD,20200703,0.053,0.058,0.053,0.058,700799
ZLD,20200706,0.058,0.058,0.055,0.056,991910
ZLD,20200707,0.057,0.059,0.057,0.058,358534
ZLD,20200708,0.058,0.058,0.057,0.058,383371
ZLD,20200709,0.058,0.058,0.056,0.058,576373
ZLD,20200710,0.058,0.058,0.056,0.058,345631
ZLD,20200713,0.058,0.058,0.053,0.055,1388478
ZLD,20200714,0.055,0.057,0.053,0.054,1033521
ZLD,20200715,0.055,0.056,0.052,0.053,898549
ZLD,20200716,0.054,0.054,0.052,0.054,694580
ZLD,20200717,0.054,0.054,0.052,0.053,667078
ZLD,20200720,0.053,0.053,0.053,0.053,0
ZLD,20200721,0.053,0.053,0.053,0.053,0
ZLD,20200722,0.059,0.06,0.056,0.057,3828821
ZLD,20200723,0.058,0.059,0.056,0.056,1217473
ZLD,20200724,0.055,0.058,0.055,0.058,425811
ZLD,20200727,0.058,0.058,0.056,0.058,1178112
ZLD,20200728,0.058,0.06,0.057,0.057,1441964
ZLD,20200729,0.057,0.059,0.057,0.059,842622
ZLD,20200730,0.059,0.059,0.059,0.059,0
ZLD,20200731,0.059,0.059,0.059,0.059,0
ZLD,20200803,0.057,0.058,0.056,0.057,2174077
ZLD,20200804,0.058,0.06,0.057,0.059,1733515
ZLD,20200805,0.059,0.06,0.057,0.06,1841894
ZLD,20200806,0.06,0.06,0.058,0.059,557845
ZLD,20200807,0.06,0.06,0.059,0.06,2039752
ZLD,20200810,0.057,0.057,0.054,0.055,5678530
ZLD,20200811,0.054,0.054,0.052,0.052,5497939
ZLD,20200812,0.051,0.052,0.05,0.052,3781755
ZLD,20200813,0.052,0.052,0.05,0.05,2307108
ZLD,20200814,0.052,0.053,0.051,0.053,3400624
ZLD,20200817,0.053,0.055,0.053,0.054,3234107
ZLD,20200818,0.055,0.055,0.052,0.054,2840592
ZLD,20200819,0.054,0.055,0.052,0.052,3601488
ZLD,20200820,0.053,0.058,0.053,0.058,8051357
ZLD,20200821,0.058,0.061,0.057,0.058,8010202
ZLD,20200824,0.06,0.061,0.058,0.058,7344686
ZLD,20200825,0.059,0.06,0.058,0.06,4514532
ZLD,20200826,0.06,0.061,0.058,0.06,5775810
ZLD,20200827,0.06,0.061,0.058,0.058,4811990
ZLD,20200828,0.059,0.061,0.058,0.059,2262721
ZLD,20200831,0.059,0.063,0.058,0.061,4372556
ZLD,20200901,0.061,0.061,0.059,0.059,1823802
ZLD,20200902,0.06,0.06,0.055,0.055,3808957
ZLD,20200903,0.057,0.06,0.057,0.06,2534899
ZLD,20200904,0.056,0.058,0.055,0.055,2627286
ZLD,20200907,0.057,0.059,0.056,0.058,643856
ZLD,20200908,0.06,0.061,0.057,0.057,3984910
ZLD,20200909,0.058,0.061,0.058,0.059,2127743
ZLD,20200910,0.061,0.063,0.058,0.06,5155241
ZLD,20200911,0.06,0.061,0.057,0.057,3010225
ZLD,20200914,0.059,0.061,0.059,0.061,2011076
ZLD,20200915,0.063,0.063,0.059,0.06,2994587
ZLD,20200916,0.063,0.07,0.063,0.065,15443584
ZLD,20200917,0.066,0.066,0.063,0.064,2826355
ZLD,20200918,0.064,0.068,0.063,0.066,3547897
ZLD,20200921,0.066,0.067,0.065,0.065,1239674
ZLD,20200922,0.064,0.065,0.062,0.063,1762826
ZLD,20200923,0.064,0.065,0.056,0.057,8564102
ZLD,20200924,0.058,0.06,0.056,0.056,4364472
ZLD,20200925,0.056,0.058,0.055,0.056,3780917
ZLD,20200928,0.058,0.064,0.057,0.061,9780602
ZLD,20200929,0.064,0.067,0.063,0.065,13204036
ZLD,20200930,0.065,0.068,0.065,0.067,3998722
ZLD,20201001,0.068,0.075,0.068,0.074,10551265
ZLD,20201002,0.075,0.076,0.069,0.069,7592533
ZLD,20201005,0.071,0.074,0.07,0.074,2150899
ZLD,20201006,0.074,0.074,0.07,0.072,2275650
ZLD,20201007,0.072,0.073,0.07,0.07,1696962
ZLD,20201008,0.073,0.073,0.071,0.071,1371374
ZLD,20201009,0.072,0.073,0.071,0.072,2084249
ZLD,20201012,0.072,0.076,0.072,0.075,3280918
ZLD,20201013,0.076,0.089,0.076,0.087,13229541
ZLD,20201014,0.087,0.087,0.083,0.085,4007752
ZLD,20201015,0.085,0.088,0.084,0.088,3393365
ZLD,20201016,0.089,0.1,0.089,0.094,13526913
ZLD,20201019,0.096,0.096,0.085,0.089,8128900
ZLD,20201020,0.087,0.087,0.083,0.083,4899402
ZLD,20201021,0.083,0.085,0.08,0.08,3658001
ZLD,20201022,0.082,0.082,0.076,0.079,7369853
ZLD,20201023,0.082,0.082,0.08,0.08,2779331
ZLD,20201026,0.08,0.08,0.079,0.079,1732684
ZLD,20201027,0.085,0.088,0.078,0.078,10784917
ZLD,20201028,0.079,0.079,0.073,0.075,4546054
ZLD,20201029,0.072,0.076,0.071,0.076,3516834
ZLD,20201030,0.079,0.079,0.074,0.075,3171347
ZLD,20201102,0.074,0.075,0.073,0.073,1474372
ZLD,20201103,0.074,0.075,0.073,0.075,1092106
ZLD,20201104,0.076,0.076,0.073,0.074,866524
ZLD,20201105,0.074,0.075,0.072,0.073,1272760
ZLD,20201106,0.074,0.074,0.072,0.072,1088282
ZLD,20201109,0.074,0.077,0.072,0.072,3178206
ZLD,20201110,0.073,0.075,0.071,0.071,2391635
ZLD,20201111,0.071,0.073,0.07,0.07,3419540
ZLD,20201112,0.07,0.07,0.067,0.069,3063596
ZLD,20201113,0.069,0.073,0.068,0.073,1761319
ZLD,20201116,0.073,0.073,0.073,0.073,321899
ZLD,20201117,0.072,0.072,0.07,0.072,3203831
ZLD,20201118,0.071,0.072,0.069,0.069,1161818
ZLD,20201120,0.067,0.069,0.067,0.068,1451771
ZLD,20201123,0.069,0.078,0.068,0.077,5118523
ZLD,20201124,0.081,0.083,0.079,0.079,4877474
ZLD,20201125,0.08,0.083,0.077,0.077,3653567
ZLD,20201126,0.078,0.078,0.076,0.076,1410466
ZLD,20201127,0.077,0.078,0.077,0.077,918932
ZLD,20201130,0.079,0.085,0.079,0.083,5882591
ZLD,20201201,0.085,0.086,0.081,0.081,2323500
ZLD,20201202,0.086,0.09,0.085,0.09,8548912
ZLD,20201203,0.092,0.093,0.087,0.087,7217011
ZLD,20201204,0.091,0.093,0.089,0.089,5608330
ZLD,20201207,0.09,0.093,0.09,0.092,2990636
ZLD,20201208,0.094,0.096,0.092,0.095,7560781
ZLD,20201209,0.097,0.12,0.095,0.1,23669579
ZLD,20201210,0.098,0.1,0.095,0.1,5650610
ZLD,20201211,0.1,0.105,0.099,0.099,3060429
ZLD,20201214,0.115,0.14,0.1,0.105,30531855
ZLD,20201215,0.105,0.105,0.1,0.1,4160578
ZLD,20201216,0.105,0.11,0.102,0.105,2905168
ZLD,20201217,0.11,0.11,0.1,0.1,5283807
ZLD,20201218,0.1,0.1,0.096,0.096,4997555
ZLD,20201221,0.096,0.096,0.09,0.09,4276951
ZLD,20201222,0.091,0.096,0.091,0.095,2556905
ZLD,20201224,0.093,0.093,0.093,0.093,0
ZLD,20201229,0.093,0.094,0.091,0.092,487515
ZLD,20201230,0.093,0.093,0.089,0.09,2097842
ZLD,20201231,0.09,0.092,0.088,0.092,1580519
ZLD,20210104,0.092,0.092,0.089,0.09,1495859
ZLD,20210105,0.09,0.091,0.089,0.089,1327720
ZLD,20210106,0.09,0.09,0.087,0.087,2418837
ZLD,20210107,0.09,0.096,0.089,0.096,5023775
ZLD,20210108,0.098,0.105,0.094,0.094,5577442
ZLD,20210111,0.098,0.1,0.095,0.096,1908424
ZLD,20210112,0.1,0.1,0.095,0.095,3260271
ZLD,20210113,0.096,0.098,0.094,0.097,1989514
ZLD,20210114,0.1,0.105,0.098,0.099,6770476
ZLD,20210115,0.1,0.105,0.098,0.099,2904537
ZLD,20210118,0.1,0.105,0.099,0.1,2524556
ZLD,20210119,0.105,0.105,0.097,0.097,3806415
ZLD,20210120,0.098,0.1,0.097,0.097,1443464
ZLD,20210121,0.1,0.1,0.098,0.098,3551986
ZLD,20210122,0.099,0.1,0.097,0.097,3499497
ZLD,20210125,0.097,0.099,0.096,0.096,1771476
ZLD,20210127,0.1,0.1,0.096,0.1,3201262
ZLD,20210128,0.098,0.098,0.095,0.095,2570833
ZLD,20210129,0.095,0.095,0.071,0.077,28251589
ZLD,20210201,0.078,0.082,0.077,0.079,7178087
ZLD,20210203,0.08,0.08,0.077,0.078,2118167
ZLD,20210204,0.079,0.08,0.077,0.078,4106052
ZLD,20210205,0.078,0.078,0.075,0.076,3824259
ZLD,20210208,0.077,0.078,0.076,0.076,2608718
ZLD,20210209,0.078,0.079,0.077,0.079,2561369
ZLD,20210210,0.08,0.086,0.079,0.085,7963412
ZLD,20210211,0.089,0.09,0.081,0.081,5765895
ZLD,20210212,0.081,0.086,0.081,0.084,3218516
ZLD,20210215,0.084,0.087,0.082,0.082,3875362
ZLD,20210216,0.084,0.084,0.08,0.08,3620877
ZLD,20210217,0.081,0.084,0.08,0.08,2380842
ZLD,20210218,0.08,0.083,0.078,0.078,3421676
ZLD,20210219,0.078,0.078,0.072,0.073,8049006
ZLD,20210222,0.073,0.078,0.073,0.076,4745084
ZLD,20210223,0.077,0.078,0.075,0.078,2037787
ZLD,20210224,0.078,0.078,0.074,0.074,2128676
ZLD,20210225,0.076,0.077,0.075,0.077,2049897
ZLD,20210226,0.078,0.078,0.073,0.073,2155241
ZLD,20210301,0.074,0.074,0.071,0.071,1909352
ZLD,20210302,0.071,0.072,0.068,0.068,3441246
ZLD,20210303,0.069,0.07,0.067,0.067,1591923
ZLD,20210304,0.067,0.067,0.062,0.062,5293947
ZLD,20210305,0.061,0.064,0.057,0.064,5489701
ZLD,20210308,0.065,0.067,0.064,0.066,2327499
ZLD,20210309,0.068,0.068,0.063,0.063,1206535
ZLD,20210310,0.063,0.066,0.063,0.065,1447813
ZLD,20210311,0.063,0.066,0.063,0.065,1447813
ZLD,20210312,0.063,0.065,0.062,0.064,2040748
ZLD,20210315,0.064,0.064,0.062,0.062,1307402
ZLD,20210316,0.064,0.068,0.064,0.066,3654678
ZLD,20210317,0.068,0.069,0.068,0.068,904031
ZLD,20210318,0.07,0.071,0.07,0.07,1627215
ZLD,20210319,0.072,0.072,0.07,0.07,1527421
ZLD,20210322,0.07,0.07,0.068,0.068,1030171
ZLD,20210323,0.069,0.069,0.066,0.066,1069966
ZLD,20210324,0.066,0.067,0.064,0.064,821137
ZLD,20210325,0.064,0.066,0.063,0.063,942823
ZLD,20210329,0.062,0.062,0.06,0.061,5628144
ZLD,20210330,0.062,0.064,0.061,0.061,1932044
ZLD,20210331,0.061,0.064,0.06,0.06,984106
ZLD,20210401,0.062,0.062,0.059,0.061,1155916
ZLD,20210406,0.062,0.064,0.061,0.063,756108
ZLD,20210407,0.064,0.064,0.06,0.061,653685
ZLD,20210408,0.061,0.062,0.06,0.061,1038573
ZLD,20210409,0.061,0.063,0.061,0.063,771625
ZLD,20210412,0.063,0.063,0.061,0.061,868774
ZLD,20210413,0.061,0.062,0.059,0.059,1786632
ZLD,20210414,0.059,0.062,0.059,0.062,897047
ZLD,20210415,0.065,0.066,0.062,0.064,4781080
ZLD,20210416,0.064,0.064,0.061,0.063,884660
ZLD,20210419,0.063,0.063,0.061,0.061,1979906
ZLD,20210420,0.061,0.061,0.06,0.06,756442
ZLD,20210421,0.06,0.061,0.059,0.06,3290059
ZLD,20210422,0.06,0.06,0.058,0.058,1727199
ZLD,20210423,0.058,0.06,0.058,0.058,1223530
ZLD,20210426,0.058,0.06,0.058,0.059,852491
ZLD,20210427,0.061,0.061,0.058,0.058,1308408
ZLD,20210428,0.058,0.058,0.057,0.057,2617345
ZLD,20210429,0.057,0.058,0.055,0.056,1244018
ZLD,20210430,0.056,0.057,0.052,0.054,2088401
ZLD,20210503,0.054,0.056,0.053,0.054,596297
ZLD,20210504,0.055,0.056,0.052,0.052,1023728
ZLD,20210505,0.052,0.053,0.052,0.053,488053
ZLD,20210506,0.055,0.061,0.055,0.056,3566514
ZLD,20210507,0.057,0.057,0.054,0.054,653194
ZLD,20210510,0.054,0.056,0.053,0.055,849070
ZLD,20210511,0.055,0.055,0.052,0.052,1781047
ZLD,20210512,0.053,0.053,0.051,0.051,2246384
ZLD,20210513,0.051,0.052,0.047,0.048,3369240
ZLD,20210514,0.048,0.05,0.047,0.047,1979271
ZLD,20210517,0.048,0.048,0.047,0.047,502502
ZLD,20210518,0.047,0.048,0.047,0.048,788801
ZLD,20210519,0.048,0.049,0.046,0.046,796843
ZLD,20210520,0.046,0.047,0.046,0.047,542052
ZLD,20210521,0.047,0.047,0.046,0.046,673725
ZLD,20210524,0.046,0.046,0.045,0.045,1143116
ZLD,20210525,0.046,0.047,0.046,0.047,449604
ZLD,20210526,0.047,0.047,0.045,0.045,948096
ZLD,20210527,0.046,0.046,0.044,0.044,2198403
ZLD,20210528,0.044,0.046,0.044,0.046,811334
ZLD,20210531,0.046,0.046,0.044,0.045,890279
ZLD,20210601,0.046,0.046,0.044,0.044,1346846
ZLD,20210602,0.044,0.045,0.044,0.045,772753
ZLD,20210603,0.046,0.05,0.046,0.049,3032812
ZLD,20210604,0.05,0.054,0.05,0.05,4506808
ZLD,20210607,0.05,0.051,0.049,0.049,1323093
ZLD,20210609,0.05,0.05,0.048,0.048,1411421
ZLD,20210610,0.05,0.05,0.048,0.049,732185
ZLD,20210611,0.048,0.048,0.047,0.047,647841
ZLD,20210615,0.048,0.049,0.046,0.048,2297051
ZLD,20210616,0.048,0.048,0.046,0.047,913477
ZLD,20210617,0.047,0.047,0.046,0.047,1191468
ZLD,20210618,0.048,0.049,0.046,0.046,3658101
ZLD,20210621,0.045,0.047,0.045,0.045,563200
ZLD,20210622,0.047,0.047,0.045,0.045,1026434
ZLD,20210623,0.045,0.046,0.045,0.045,810177
ZLD,20210625,0.045,0.046,0.044,0.044,1120492
ZLD,20210628,0.044,0.046,0.044,0.045,1199149
ZLD,20210629,0.045,0.046,0.044,0.044,1542548
ZLD,20210630,0.045,0.045,0.043,0.043,4164940
ZLD,20210701,0.045,0.047,0.044,0.046,1440547
ZLD,20210705,0.049,0.049,0.046,0.046,917681
ZLD,20210706,0.049,0.049,0.047,0.048,1435668
ZLD,20210707,0.049,0.049,0.048,0.048,670420
ZLD,20210708,0.049,0.049,0.048,0.048,237539
ZLD,20210709,0.049,0.049,0.047,0.048,594123
ZLD,20210712,0.049,0.051,0.049,0.05,3347658
ZLD,20210714,0.05,0.05,0.048,0.048,1012013
ZLD,20210715,0.048,0.048,0.046,0.046,842162
ZLD,20210716,0.048,0.05,0.046,0.048,2922048
ZLD,20210719,0.05,0.05,0.048,0.048,204975
ZLD,20210720,0.048,0.049,0.047,0.048,508517
ZLD,20210723,0.048,0.049,0.047,0.047,472688
ZLD,20210726,0.048,0.049,0.046,0.046,1037577
ZLD,20210727,0.047,0.048,0.046,0.047,397583
ZLD,20210728,0.048,0.048,0.045,0.045,674049
ZLD,20210729,0.046,0.046,0.045,0.045,1066760
ZLD,20210730,0.046,0.046,0.044,0.044,929934
ZLD,20210802,0.045,0.045,0.044,0.044,356915
ZLD,20210803,0.045,0.045,0.044,0.044,462264
ZLD,20210804,0.045,0.046,0.044,0.046,551410
ZLD,20210805,0.046,0.046,0.044,0.044,298793
ZLD,20210806,0.045,0.045,0.044,0.044,1689731
ZLD,20210809,0.045,0.045,0.043,0.043,1024484
ZLD,20210810,0.043,0.044,0.043,0.043,550820
ZLD,20210811,0.044,0.045,0.043,0.043,878700
ZLD,20210812,0.043,0.043,0.043,0.043,1843150
ZLD,20210813,0.043,0.044,0.042,0.042,751368
ZLD,20210819,0.042,0.042,0.04,0.041,2245767
ZLD,20210820,0.039,0.04,0.038,0.039,4648440
ZLD,20210823,0.038,0.04,0.038,0.04,1964164
ZLD,20210824,0.04,0.04,0.038,0.038,539137
ZLD,20210825,0.038,0.04,0.038,0.038,898969
ZLD,20210826,0.038,0.039,0.037,0.037,1567378
ZLD,20210827,0.037,0.038,0.036,0.038,806461
ZLD,20210830,0.038,0.039,0.037,0.037,1714691
ZLD,20210831,0.037,0.038,0.037,0.037,504733
ZLD,20210901,0.038,0.038,0.036,0.036,739291
ZLD,20210902,0.035,0.036,0.035,0.035,888337
ZLD,20210903,0.035,0.037,0.035,0.037,1651921
ZLD,20210906,0.038,0.038,0.036,0.037,1162237
ZLD,20210907,0.036,0.037,0.036,0.036,442379
ZLD,20210908,0.038,0.039,0.036,0.037,1001840
ZLD,20210909,0.037,0.037,0.036,0.037,411108
ZLD,20210910,0.037,0.04,0.036,0.036,1541155
ZLD,20210913,0.037,0.037,0.036,0.037,1644266
ZLD,20210914,0.037,0.038,0.037,0.038,630796
ZLD,20210915,0.038,0.038,0.037,0.037,349021
ZLD,20210916,0.039,0.039,0.037,0.037,252848
ZLD,20210917,0.037,0.038,0.037,0.037,1004943
ZLD,20210920,0.039,0.041,0.039,0.04,5642145
ZLD,20210922,0.04,0.04,0.038,0.038,597355
ZLD,20210923,0.042,0.043,0.04,0.04,3901655
ZLD,20210924,0.044,0.045,0.041,0.043,2211786
ZLD,20210927,0.041,0.042,0.04,0.04,1811948
ZLD,20210928,0.041,0.041,0.038,0.038,1694306
ZLD,20210929,0.038,0.04,0.038,0.039,1054103
ZLD,20210930,0.039,0.039,0.038,0.039,1018150
ZLD,20211001,0.039,0.04,0.038,0.04,705549
ZLD,20211004,0.04,0.041,0.038,0.038,1520775
ZLD,20211005,0.038,0.039,0.037,0.037,853579
ZLD,20211006,0.037,0.039,0.037,0.037,828348
ZLD,20211007,0.039,0.039,0.038,0.039,233787
ZLD,20211008,0.039,0.039,0.038,0.039,1080965
ZLD,20211011,0.039,0.04,0.039,0.039,118842
ZLD,20211012,0.039,0.04,0.039,0.039,118842
ZLD,20211013,0.04,0.04,0.038,0.038,345593
ZLD,20211014,0.038,0.038,0.037,0.037,407493
ZLD,20211019,0.039,0.039,0.039,0.039,0
ZLD,20211020,0.04,0.05,0.04,0.045,16440314
ZLD,20211021,0.044,0.046,0.042,0.042,7142713
ZLD,20211022,0.041,0.042,0.041,0.042,2549836
ZLD,20211025,0.041,0.041,0.039,0.04,2117784
ZLD,20211026,0.04,0.04,0.039,0.04,1058323
ZLD,20211028,0.039,0.039,0.037,0.037,1622718
ZLD,20211029,0.038,0.038,0.037,0.037,1153876
ZLD,20211101,0.037,0.04,0.037,0.038,2598184
ZLD,20211102,0.038,0.04,0.038,0.038,798835
ZLD,20211103,0.043,0.043,0.04,0.042,4178207
ZLD,20211104,0.042,0.042,0.04,0.04,1215737
ZLD,20211105,0.04,0.042,0.04,0.04,992062
ZLD,20211109,0.042,0.042,0.041,0.041,1776368
ZLD,20211110,0.041,0.041,0.04,0.04,1022234
ZLD,20211112,0.041,0.042,0.04,0.042,703977
ZLD,20211115,0.042,0.042,0.04,0.04,893069
ZLD,20211116,0.04,0.041,0.039,0.04,603992
ZLD,20211117,0.039,0.04,0.038,0.038,1431371
ZLD,20211118,0.038,0.039,0.038,0.038,1987212
ZLD,20211119,0.038,0.038,0.038,0.038,355798
ZLD,20211122,0.039,0.039,0.037,0.037,243958
ZLD,20211123,0.038,0.038,0.037,0.037,1189849
ZLD,20211124,0.037,0.038,0.037,0.038,869987
ZLD,20211125,0.038,0.038,0.036,0.036,769038
ZLD,20211126,0.036,0.037,0.036,0.036,565055
ZLD,20211129,0.036,0.036,0.035,0.035,2646699
ZLD,20211130,0.034,0.038,0.034,0.037,552510
ZLD,20211201,0.037,0.037,0.034,0.034,654404
ZLD,20211202,0.037,0.038,0.036,0.036,323832
ZLD,20211203,0.037,0.038,0.036,0.036,299397
ZLD,20211206,0.038,0.038,0.036,0.036,207478
ZLD,20211207,0.036,0.036,0.035,0.036,356624
ZLD,20211208,0.035,0.035,0.034,0.034,511624
ZLD,20211209,0.034,0.034,0.034,0.034,585655
ZLD,20211210,0.035,0.035,0.034,0.035,528005
ZLD,20211213,0.035,0.035,0.033,0.033,453694
ZLD,20211214,0.033,0.034,0.033,0.033,745038
ZLD,20211216,0.034,0.035,0.033,0.034,226639
ZLD,20211217,0.034,0.034,0.033,0.033,197088
ZLD,20211220,0.033,0.034,0.03,0.03,2136335
ZLD,20211221,0.031,0.031,0.03,0.03,1289889
ZLD,20211222,0.031,0.033,0.031,0.032,471344
ZLD,20211223,0.032,0.032,0.031,0.032,267174
ZLD,20211224,0.031,0.032,0.031,0.031,192483
ZLD,20211229,0.031,0.032,0.031,0.032,579359
ZLD,20211230,0.031,0.032,0.031,0.032,199584
ZLD,20211231,0.032,0.033,0.032,0.033,430657
ZLD,20220104,0.033,0.033,0.032,0.032,1051263
ZLD,20220105,0.033,0.033,0.032,0.032,873976
ZLD,20220106,0.033,0.033,0.031,0.031,294588
ZLD,20220107,0.032,0.032,0.031,0.031,342793
ZLD,20220110,0.032,0.034,0.032,0.032,793667
ZLD,20220111,0.032,0.033,0.032,0.032,475362
ZLD,20220112,0.033,0.034,0.033,0.034,1306478
ZLD,20220113,0.033,0.034,0.033,0.034,2120804
ZLD,20220114,0.034,0.034,0.032,0.032,781434
ZLD,20220117,0.033,0.033,0.031,0.031,2222719
ZLD,20220118,0.032,0.032,0.03,0.031,1066043
ZLD,20220119,0.031,0.032,0.03,0.03,495000
ZLD,20220120,0.031,0.032,0.031,0.032,769368
ZLD,20220121,0.031,0.032,0.03,0.03,3041859
ZLD,20220124,0.03,0.032,0.03,0.03,709095
ZLD,20220125,0.03,0.03,0.028,0.028,1684170
ZLD,20220127,0.029,0.031,0.028,0.028,1122466
ZLD,20220128,0.029,0.03,0.028,0.029,778295
ZLD,20220131,0.029,0.029,0.028,0.028,663993
ZLD,20220201,0.028,0.029,0.028,0.029,348534
ZLD,20220202,0.029,0.029,0.028,0.028,369812
ZLD,20220203,0.029,0.029,0.028,0.028,471108
ZLD,20220204,0.029,0.03,0.028,0.028,178761
ZLD,20220207,0.029,0.03,0.028,0.03,855703
ZLD,20220208,0.03,0.03,0.029,0.029,138354
ZLD,20220209,0.029,0.03,0.028,0.03,1144855
ZLD,20220210,0.029,0.029,0.028,0.028,1096643
ZLD,20220211,0.028,0.028,0.028,0.028,178467
ZLD,20220214,0.029,0.029,0.027,0.027,569573
ZLD,20220215,0.028,0.028,0.027,0.027,897974
ZLD,20220216,0.028,0.028,0.028,0.028,307661
ZLD,20220217,0.028,0.028,0.027,0.027,130747
ZLD,20220218,0.028,0.028,0.027,0.028,226872
ZLD,20220221,0.028,0.029,0.027,0.027,1024557
ZLD,20220222,0.027,0.027,0.026,0.026,1731042
ZLD,20220223,0.026,0.027,0.025,0.025,769335
ZLD,20220224,0.026,0.027,0.024,0.024,3286566
ZLD,20220225,0.023,0.023,0.02,0.022,4772358
ZLD,20220228,0.022,0.023,0.021,0.022,1327928
ZLD,20220301,0.023,0.023,0.022,0.022,102944
ZLD,20220302,0.022,0.024,0.02,0.021,4809594
ZLD,20220303,0.021,0.023,0.021,0.022,392625
ZLD,20220304,0.023,0.023,0.021,0.021,1276658
ZLD,20220307,0.021,0.021,0.019,0.02,2135526
ZLD,20220308,0.02,0.02,0.018,0.018,1291659
ZLD,20220309,0.018,0.019,0.018,0.018,196926
ZLD,20220310,0.019,0.019,0.018,0.018,828574
ZLD,20220311,0.019,0.019,0.018,0.018,256073
ZLD,20220314,0.018,0.019,0.018,0.019,1291542
ZLD,20220315,0.019,0.019,0.018,0.018,238579
ZLD,20220316,0,0,0,0,0
ZLD,20220317,0.018,0.018,0.018,0.018,204680
ZLD,20220318,0.018,0.019,0.018,0.018,737283
ZLD,20220321,0.018,0.019,0.018,0.018,354556
ZLD,20220322,0.019,0.019,0.018,0.019,679197
ZLD,20220323,0.018,0.019,0.018,0.018,254800
ZLD,20220324,0.019,0.019,0.018,0.018,627023
ZLD,20220325,0.019,0.02,0.019,0.02,1586824
ZLD,20220328,0.019,0.022,0.019,0.022,1413487
ZLD,20220329,0.023,0.024,0.02,0.02,3184258
ZLD,20220330,0.022,0.022,0.021,0.021,720231
ZLD,20220331,0.02,0.021,0.02,0.02,371111
ZLD,20220401,0.02,0.021,0.02,0.021,173561
ZLD,20220404,0.021,0.022,0.02,0.02,468037
ZLD,20220405,0.02,0.021,0.019,0.019,1222395
ZLD,20220406,0.02,0.02,0.019,0.019,760685
ZLD,20220407,0.02,0.021,0.019,0.019,1603048
ZLD,20220408,0.02,0.02,0.019,0.019,537907
ZLD,20220411,0.019,0.019,0.018,0.019,1989697
ZLD,20220412,0.019,0.019,0.018,0.018,231022
ZLD,20220413,0.018,0.018,0.018,0.018,27500
ZLD,20220428,2.05,2.11,2.05,2.11,1459
ZLD,20220429,2.1,2.1,1.96,2,14026
ZLD,20220502,1.97,1.97,1.7,1.72,7965
ZLD,20220503,1.72,1.72,1.5,1.52,28909
ZLD,20220504,1.5,1.5,1.45,1.45,17947
ZLD,20220505,1.35,1.4,1.25,1.4,14787
ZLD,20220506,1.36,1.4,1.25,1.28,10782
ZLD,20220509,1.28,1.3,1.28,1.3,6268
ZLD,20220510,1.3,1.35,1.28,1.29,7409
ZLD,20220511,1.29,1.29,1.25,1.28,15063
ZLD,20220512,1.29,1.29,1.27,1.28,7674
ZLD,20220513,1.28,1.29,1.26,1.26,9589
ZLD,20220516,1.26,1.3,1.175,1.175,10800
ZLD,20220517,1.18,1.4,1.175,1.38,21309
ZLD,20220518,1.38,1.4,1.255,1.275,12618
ZLD,20220519,1.28,1.39,1.28,1.38,4993
ZLD,20220520,1.38,1.63,1.38,1.63,25315
ZLD,20220523,1.63,1.63,1.35,1.35,16440
ZLD,20220524,1.39,1.4,1.355,1.36,8726
ZLD,20220525,1.35,1.35,1.26,1.28,10344
ZLD,20220526,1.26,1.27,1.22,1.22,8862
ZLD,20220527,1.21,1.23,1.21,1.21,9717
ZLD,20220530,1.22,1.3,1.21,1.3,8941
ZLD,20220531,1.26,1.26,1.21,1.25,5473
ZLD,20220601,1.25,1.25,1.2,1.2,6092
ZLD,20220602,1.2,1.21,1.175,1.18,9505
ZLD,20220603,1.18,1.18,1.16,1.16,6018
ZLD,20220606,1.18,1.18,1.16,1.16,9768
ZLD,20220607,1.16,1.16,1.1,1.1,1621
ZLD,20220608,1.12,1.15,1.12,1.15,26508
ZLD,20220609,1.15,1.2,1.14,1.14,6384
ZLD,20220610,1.14,1.15,1.14,1.15,5853
ZLD,20220614,1.15,1.15,0.97,1,32366
ZLD,20220615,1,1,0.95,0.97,3284
ZLD,20220616,0.95,0.985,0.9,0.985,13480
ZLD,20220617,0.985,1.015,0.985,1,6038
ZLD,20220620,1,1,1,1,0
ZLD,20220621,1,1,1,1,0
ZLD,20220622,1,1.05,0.98,1,40904
ZLD,20220623,1,1.03,1,1,63496
ZLD,20220624,1,1,0.97,0.97,15864
ZLD,20220627,0.97,0.99,0.95,0.97,31654
ZLD,20220628,1,1.01,0.99,1,44361
ZLD,20220629,1,1,0.97,0.97,18933
ZLD,20220630,0.97,0.975,0.95,0.97,22398
ZLD,20220701,0.97,1,0.97,1,16045
ZLD,20220704,0.97,1,0.97,1,17355
ZLD,20220705,1,1.01,1,1,10500
ZLD,20220706,1,1.02,0.98,1.02,16905
ZLD,20220707,1.03,1.4,1.03,1.4,14600
ZLD,20220708,1.51,1.555,1.45,1.45,4851
ZLD,20220711,1.51,1.55,1.51,1.54,17916
ZLD,20220712,1.59,2,1.59,1.98,47735
ZLD,20220713,2.05,2.4,2.05,2.24,131171
ZLD,20220714,2.43,3.23,2.43,3.23,95644
ZLD,20220715,3.35,5,3.35,3.52,210560
ZLD,20220718,3.8,3.85,3.29,3.29,42127
ZLD,20220719,3.18,3.18,2.21,2.7,131953
ZLD,20220720,2.69,2.69,2.01,2.2,59744
ZLD,20220721,2.25,2.3,2.2,2.3,78501
ZLD,20220722,2.3,2.3,2.2,2.21,6843
ZLD,20220725,2.29,2.3,2.01,2.05,19511
ZLD,20220726,2.01,2.16,2.01,2.15,14353
ZLD,20220727,2.15,2.23,2.15,2.22,8269
ZLD,20220728,2.24,2.24,2.01,2.01,24052
ZLD,20220729,2,2.15,1.845,2.15,26570
ZLD,20220801,2.15,2.15,1.92,1.92,3782
ZLD,20220802,1.9,1.9,1.76,1.78,14503
ZLD,20220803,1.8,1.95,1.78,1.95,9243
ZLD,20220805,1.88,1.88,1.8,1.88,5465
ZLD,20220808,1.9,1.915,1.78,1.78,5311
ZLD,20220809,1.78,1.78,1.65,1.7,10132
ZLD,20220810,1.72,1.8,1.72,1.8,32693
ZLD,20220811,1.8,1.8,1.78,1.8,8167
ZLD,20220812,1.82,1.82,1.805,1.805,4644
ZLD,20220815,1.805,1.805,1.8,1.8,789
ZLD,20220816,1.8,1.81,1.8,1.81,2060
ZLD,20220817,1.845,1.85,1.75,1.75,4846
ZLD,20220818,1.8,1.8,1.75,1.75,343
ZLD,20220819,1.75,1.75,1.585,1.6,5318
ZLD,20220822,1.6,1.6,1.6,1.6,117
ZLD,20220823,1.6,1.64,1.6,1.64,2616
ZLD,20220824,1.61,1.61,1.61,1.61,3232
ZLD,20220825,1.64,1.7,1.64,1.7,5292
ZLD,20220826,1.7,1.7,1.7,1.7,12
ZLD,20220829,1.65,1.65,1.54,1.54,9592
ZLD,20220830,1.54,1.56,1.54,1.56,6669
ZLD,20220831,1.6,1.6,1.54,1.54,17503
ZLD,20220901,1.55,1.56,1.54,1.55,7185
ZLD,20220902,1.54,1.54,1.5,1.51,9284
ZLD,20220905,1.54,1.54,1.5,1.5,5814
ZLD,20220906,1.5,1.5,1.5,1.5,2727
ZLD,20220907,1.45,1.46,1.45,1.46,1766
ZLD,20220909,1.5,1.5,1.5,1.5,650
ZLD,20220912,1.5,1.5,1.44,1.44,2379
ZLD,20220913,1.44,1.46,1.43,1.43,4613
ZLD,20220914,1.46,1.5,1.46,1.47,1843
ZLD,20220915,1.45,1.47,1.45,1.47,229
ZLD,20220916,1.47,1.47,1.45,1.45,6705
